2s2h 0.999658 1069824 0 1070190
4d4c 0.984962 1054092 5 1070190
4s4d 0.984951 1054080 5 1070190
4s4c 0.984951 1054080 5 1070190
4c2h 0.980147 1044994 3950 1070190
4d2h 0.980147 1044994 3950 1070190
4s2h 0.980136 1044982 3950 1070190
4c2s 0.980136 1044982 3950 1070190
4d2s 0.980136 1044982 3950 1070190
4s2s 0.980125 1044970 3950 1070190
Ah2h 0.944847 1004182 6983.5 1070190
Ad2h 0.942601 1001654 7108.5 1070190
Ac2h 0.942601 1001654 7108.5 1070190
Ad2s 0.942239 1001289 7086 1070190
Ac2s 0.942239 1001289 7086 1070190
As2h 0.942238 1001269 7104.5 1070190
Ah2s 0.942219 1001245 7108 1070190
As2s 0.941876 1000904 7082 1070190
5h2h 0.936505 990808 11430.5 1070190
Kh2h 0.935289 994800 6136.5 1070190
3h2h 0.935114 989148 11601.5 1070190
5c2h 0.934852 988616 11853 1070190
5d2h 0.934852 988616 11853 1070190
5c2s 0.93475 988590 11770.5 1070190
5d2s 0.93475 988590 11770.5 1070190
5h2s 0.934736 988553 11792 1070190
5s2h 0.934503 988251 11845 1070190
5s2s 0.934402 988225 11762.5 1070190
3d2h 0.933414 986906 12024 1070190
3c2h 0.933414 986906 12024 1070190
3d2s 0.933312 986880 11941.5 1070190
3c2s 0.933312 986880 11941.5 1070190
3h2s 0.933295 986840 11963 1070190
3s2h 0.933062 986538 12016 1070190
3s2s 0.932961 986512 11933.5 1070190
Qh2h 0.932803 991900 6376.5 1070190
Kc2h 0.932704 991966 6204 1070190
Kd2h 0.932704 991966 6204 1070190
Kc2s 0.932379 991641 6181.5 1070190
Kd2s 0.932379 991641 6181.5 1070190
Kh2s 0.932358 991596 6204 1070190
Ks2h 0.932331 991567 6204 1070190
Ks2s 0.932006 991242 6181.5 1070190
6h2h 0.930801 985790 10343.5 1070190
Qd2h 0.930278 989114 6460 1070190
Qc2h 0.930278 989114 6460 1070190
Jh2h 0.930232 988728 6796.5 1070190
Qc2s 0.92999 988833 6433.5 1070190
Qd2s 0.92999 988833 6433.5 1070190
Qh2s 0.929969 988788 6456 1070190
Qs2h 0.929905 988715 6460 1070190
Qs2s 0.929618 988434 6433.5 1070190
6c2h 0.928808 983309 10692.5 1070190
6d2h 0.928808 983309 10692.5 1070190
6c2s 0.928707 983279 10614 1070190
6d2s 0.928707 983279 10614 1070190
6h2s 0.928692 983241 10636 1070190
6s2h 0.928448 982927 10688.5 1070190
6s2s 0.928346 982897 10610 1070190
Jd2h 0.927732 985942 6908 1070190
Jc2h 0.927732 985942 6908 1070190
Th2h 0.927686 985464 7336.5 1070190
Jd2s 0.927484 985710 6874.5 1070190
Jc2s 0.927484 985710 6874.5 1070190
Jh2s 0.927463 985665 6897 1070190
Js2h 0.92736 985543 6908 1070190
Js2s 0.927112 985311 6874.5 1070190
9h2h 0.925279 982288 7936.5 1070190
Td2h 0.925187 982642 7484 1070190
Tc2h 0.925187 982642 7484 1070190
Td2s 0.924978 982461 7441.5 1070190
Tc2s 0.924978 982461 7441.5 1070190
Th2s 0.924957 982416 7464 1070190
Ts2h 0.924814 982243 7484 1070190
Ts2s 0.924605 982062 7441.5 1070190
8h2h 0.923964 980280 8536.5 1070190
9c2h 0.922761 979406 8124 1070190
9d2h 0.922761 979406 8124 1070190
9d2s 0.92259 979275 8071.5 1070190
9c2s 0.92259 979275 8071.5 1070190
9h2s 0.922569 979230 8094 1070190
9s2h 0.922389 979007 8124 1070190
9s2s 0.922217 978876 8071.5 1070190
7h2h 0.922175 977826 9076.5 1070190
8c2h 0.921458 977371 8764 1070190
8d2h 0.921458 977371 8764 1070190
8c2s 0.92132 977286 8701.5 1070190
8d2s 0.92132 977286 8701.5 1070190
8h2s 0.921302 977244 8724 1070190
8s2h 0.921088 976975 8764 1070190
8s2s 0.92095 976890 8701.5 1070190
7d2h 0.919627 974836 9340 1070190
7c2h 0.919627 974836 9340 1070190
7d2s 0.919518 974790 9268.5 1070190
7c2s 0.919518 974790 9268.5 1070190
7h2s 0.919502 974751 9291 1070190
7s2h 0.919257 974440 9340 1070190
7s2s 0.919148 974394 9268.5 1070190
AdAc 0.87975 940342 1158 1070190
AhAc 0.879629 940212 1158 1070190
AhAd 0.879629 940212 1158 1070190
AsAd 0.879306 939871 1154 1070190
AsAc 0.879306 939871 1154 1070190
AsAh 0.879185 939741 1154 1070190
KdKc 0.847161 906089 534 1070190
KhKd 0.847035 905954 534 1070190
KhKc 0.847035 905954 534 1070190
KsKc 0.846704 905600 534 1070190
KsKd 0.846704 905600 534 1070190
KsKh 0.846578 905465 534 1070190
QdQc 0.824197 881517 530 1070190
QhQd 0.82407 881382 530 1070190
QhQc 0.82407 881382 530 1070190
QsQd 0.82374 881028 530 1070190
QsQc 0.82374 881028 530 1070190
QsQh 0.823614 880893 530 1070190
JdJc 0.801382 857105 526 1070190
JhJc 0.801256 856970 526 1070190
JhJd 0.801256 856970 526 1070190
JsJc 0.800925 856616 526 1070190
JsJd 0.800925 856616 526 1070190
JsJh 0.800799 856481 526 1070190
TdTc 0.778717 832853 522 1070190
ThTd 0.778591 832718 522 1070190
ThTc 0.778591 832718 522 1070190
TsTd 0.77826 832364 522 1070190
TsTc 0.77826 832364 522 1070190
TsTh 0.778134 832229 522 1070190
9d9c 0.756201 808761 518 1070190
9h9d 0.756075 808626 518 1070190
9h9c 0.756075 808626 518 1070190
9s9d 0.755744 808272 518 1070190
9s9c 0.755744 808272 518 1070190
9s9h 0.755618 808137 518 1070190
8d8c 0.734895 785963 514 1070190
8h8c 0.734771 785831 514 1070190
8h8d 0.734771 785831 514 1070190
8s8c 0.734441 785477 514 1070190
8s8d 0.734441 785477 514 1070190
8s8h 0.734317 785345 514 1070190
7d7c 0.712675 762188 510 1070190
7h7d 0.712555 762059 510 1070190
7h7c 0.712555 762059 510 1070190
7s7d 0.712221 761702 510 1070190
7s7c 0.712221 761702 510 1070190
7s7h 0.712101 761573 510 1070190
Ac4c 0.709418 750769 8443 1070190
Ad4d 0.709418 750769 8443 1070190
6d6c 0.70356 751817 1126 1070190
6h6c 0.703444 751693 1126 1070190
6h6d 0.703444 751693 1126 1070190
6s6d 0.703119 751349 1122 1070190
6s6c 0.703119 751349 1122 1070190
6s6h 0.703003 751225 1122 1070190
5d5c 0.694414 741413 1742 1070190
5h5c 0.694303 741294 1742 1070190
5h5d 0.694303 741294 1742 1070190
5s5c 0.693989 740966 1734 1070190
5s5d 0.693989 740966 1734 1070190
5s5h 0.693878 740847 1734 1070190
Ad4c 0.693723 733759 8656 1070190
Ac4d 0.693723 733759 8656 1070190
Ah4d 0.69362 733671 8634 1070190
Ah4c 0.69362 733671 8634 1070190
Kd4d 0.693474 730372 11777 1070190
Kc4c 0.693474 730372 11777 1070190
Ad4s 0.69328 733308 8633.5 1070190
Ac4s 0.69328 733308 8633.5 1070190
Ah4s 0.693177 733220 8611.5 1070190
As4c 0.692985 732996 8630 1070190
As4d 0.692985 732996 8630 1070190
As4s 0.692543 732545 8607.5 1070190
Qc4c 0.684578 717526 15103 1070190
Qd4d 0.684578 717526 15103 1070190
Jc4c 0.677281 707223 17596 1070190
Jd4d 0.677281 707223 17596 1070190
Kd4c 0.676926 712225 12214.5 1070190
Kc4d 0.676926 712225 12214.5 1070190
Kh4d 0.676821 712135 12192 1070190
Kh4c 0.676821 712135 12192 1070190
Kd4s 0.67655 711880 12157 1070190
Kc4s 0.67655 711880 12157 1070190
Kh4s 0.676445 711790 12134.5 1070190
Ks4d 0.676159 711427 12192 1070190
Ks4c 0.676159 711427 12192 1070190
Ks4s 0.675783 711082 12134.5 1070190
Tc4c 0.671358 699106 19375 1070190
Td4d 0.671358 699106 19375 1070190
5c4c 0.668396 692293 23018 1070190
5d4d 0.668396 692293 23018 1070190
Qd4c 0.667821 698931 15764.5 1070190
Qc4d 0.667821 698931 15764.5 1070190
Qh4c 0.667716 698841 15742 1070190
Qh4d 0.667716 698841 15742 1070190
Qc4s 0.667497 698670 15679 1070190
Qd4s 0.667497 698670 15679 1070190
Qh4s 0.667392 698580 15656.5 1070190
Qs4c 0.667054 698133 15742 1070190
Qs4d 0.667054 698133 15742 1070190
Qs4s 0.666731 697872 15656.5 1070190
9c4c 0.666589 692818 20559 1070190
9d4d 0.666589 692818 20559 1070190
6d4d 0.665733 689905 22556 1070190
6c4c 0.665733 689905 22556 1070190
8c4c 0.663053 688326 21267 1070190
8d4d 0.663053 688326 21267 1070190
Jd4c 0.660393 688320 18425.5 1070190
Jc4d 0.660393 688320 18425.5 1070190
Jh4c 0.660287 688230 18403 1070190
Jh4d 0.660287 688230 18403 1070190
Jd4s 0.660108 688122 18319 1070190
Jc4s 0.660108 688122 18319 1070190
Jh4s 0.660003 688032 18296.5 1070190
7c4c 0.659923 684625 21618 1070190
7d4d 0.659923 684625 21618 1070190
Js4d 0.659626 687522 18403 1070190
Js4c 0.659626 687522 18403 1070190
Js4s 0.659341 687324 18296.5 1070190
Td4c 0.654403 680011 20324.5 1070190
Tc4d 0.654403 680011 20324.5 1070190
Th4d 0.654298 679921 20302 1070190
Th4c 0.654298 679921 20302 1070190
Tc4s 0.654146 679858 20203 1070190
Td4s 0.654146 679858 20203 1070190
Th4s 0.654041 679768 20180.5 1070190
Ts4c 0.653636 679213 20302 1070190
Ts4d 0.653636 679213 20302 1070190
Ts4s 0.65338 679060 20180.5 1070190
4d3d 0.653338 676207 22988.5 1070190
4c3c 0.653338 676207 22988.5 1070190
5c4d 0.652836 674444 24214.5 1070190
5d4c 0.652836 674444 24214.5 1070190
5h4d 0.652735 674358 24193 1070190
5h4c 0.652735 674358 24193 1070190
5c4s 0.652606 674336 24076 1070190
5d4s 0.652606 674336 24076 1070190
5h4s 0.652505 674250 24054.5 1070190
5s4d 0.652139 673728 24185 1070190
5s4c 0.652139 673728 24185 1070190
5s4s 0.651909 673620 24046.5 1070190
6c4d 0.649628 671504 23721 1070190
6d4c 0.649628 671504 23721 1070190
9d4c 0.649615 673623 21588.5 1070190
9c4d 0.649615 673623 21588.5 1070190
6h4d 0.649525 671416 23699 1070190
6h4c 0.649525 671416 23699 1070190
9h4d 0.64951 673533 21566 1070190
9h4c 0.64951 673533 21566 1070190
6c4s 0.6494 671402 23579.5 1070190
6d4s 0.6494 671402 23579.5 1070190
9d4s 0.649377 673500 21457 1070190
9c4s 0.649377 673500 21457 1070190
6h4s 0.649297 671314 23557.5 1070190
9h4s 0.649272 673410 21434.5 1070190
6s4d 0.648896 670747 23695 1070190
6s4c 0.648896 670747 23695 1070190
9s4d 0.648848 672825 21566 1070190
9s4c 0.648848 672825 21566 1070190
6s4s 0.648668 670645 23553.5 1070190
9s4s 0.648611 672702 21434.5 1070190
8c4d 0.646145 669153 22344.5 1070190
8d4c 0.646145 669153 22344.5 1070190
8h4d 0.646039 669063 22322 1070190
8h4c 0.646039 669063 22322 1070190
8d4s 0.645918 669048 22207 1070190
8c4s 0.645918 669048 22207 1070190
8h4s 0.645813 668958 22184.5 1070190
8s4d 0.645384 668361 22322 1070190
8s4c 0.645384 668361 22322 1070190
8s4s 0.645157 668256 22184.5 1070190
7c4d 0.643048 665464 22719.5 1070190
7d4c 0.643048 665464 22719.5 1070190
7h4d 0.642943 665374 22697 1070190
7h4c 0.642943 665374 22697 1070190
7c4s 0.642827 665368 22579 1070190
7d4s 0.642827 665368 22579 1070190
7h4s 0.642722 665278 22556.5 1070190
7s4c 0.642287 664672 22697 1070190
7s4d 0.642287 664672 22697 1070190
7s4s 0.642066 664576 22556.5 1070190
4c3d 0.636959 657482 24185 1070190
4d3c 0.636959 657482 24185 1070190
4c3h 0.636858 657396 24163.5 1070190
4d3h 0.636858 657396 24163.5 1070190
4s3d 0.636729 657374 24046.5 1070190
4s3c 0.636729 657374 24046.5 1070190
4s3h 0.636628 657288 24025 1070190
4c3s 0.636257 656760 24155.5 1070190
4d3s 0.636257 656760 24155.5 1070190
4s3s 0.636026 656652 24017 1070190
Ad5d 0.630389 646549 28086.5 1070190
Ac5c 0.630389 646549 28086.5 1070190
Ah5h 0.629214 645138 28240.5 1070190
AcKc 0.623523 650823 16465.5 1070190
AdKd 0.623523 650823 16465.5 1070190
AhKh 0.621499 648272 16850.5 1070190
Ac3c 0.619505 634929 28059.5 1070190
Ad3d 0.619505 634929 28059.5 1070190
Ah3h 0.618392 633583 28213.5 1070190
AdQd 0.614923 640855 17229.5 1070190
AcQc 0.614923 640855 17229.5 1070190
Ac5d 0.613877 627703 29261.5 1070190
Ad5c 0.613877 627703 29261.5 1070190
Ad5h 0.61375 627568 29261.5 1070190
Ac5h 0.61375 627568 29261.5 1070190
Ah5d 0.613734 627565 29247.5 1070190
Ah5c 0.613734 627565 29247.5 1070190
As5d 0.613207 627091 29157 1070190
As5c 0.613207 627091 29157 1070190
As5h 0.613081 626956 29157 1070190
Ac5s 0.61308 626885 29227.5 1070190
Ad5s 0.61308 626885 29227.5 1070190
AhQh 0.613022 638480 17570.5 1070190
Ah5s 0.612938 626747 29213.5 1070190
As5s 0.612411 626273 29123 1070190
AcJc 0.606008 630023 18521 1070190
AdJd 0.606008 630023 18521 1070190
AdKc 0.605177 630490 17164.5 1070190
AcKd 0.605177 630490 17164.5 1070190
AhKc 0.605071 630411 17129.5 1070190
AhKd 0.605071 630411 17129.5 1070190
AcKh 0.605034 630337 17164.5 1070190
AdKh 0.605034 630337 17164.5 1070190
AsKd 0.604385 629703 17103.5 1070190
AsKc 0.604385 629703 17103.5 1070190
AcKs 0.604316 629591 17142 1070190
AdKs 0.604316 629591 17142 1070190
AsKh 0.604242 629550 17103.5 1070190
AhJh 0.604216 627802 18823.5 1070190
AhKs 0.60421 629512 17107 1070190
AsKs 0.603524 628804 17081 1070190
Ad3c 0.602935 616021 29234.5 1070190
Ac3d 0.602935 616021 29234.5 1070190
Ad3h 0.602876 615957 29234.5 1070190
Ac3h 0.602876 615957 29234.5 1070190
Ah3c 0.602801 615891 29220.5 1070190
Ah3d 0.602801 615891 29220.5 1070190
As3d 0.602273 615417 29130 1070190
As3c 0.602273 615417 29130 1070190
As3h 0.602214 615353 29130 1070190
Ac3s 0.6022 615268 29200.5 1070190
Ad3s 0.6022 615268 29200.5 1070190
Ah3s 0.602066 615138 29186.5 1070190
As3s 0.601538 614664 29096 1070190
AcTc 0.597112 618861 20162 1070190
AdTd 0.597112 618861 20162 1070190
AcQd 0.596274 620198 17928.5 1070190
AdQc 0.596274 620198 17928.5 1070190
AhQc 0.596156 620103 17897.5 1070190
AhQd 0.596156 620103 17897.5 1070190
AcQh 0.596131 620045 17928.5 1070190
AdQh 0.596131 620045 17928.5 1070190
AsQd 0.595507 619438 17867.5 1070190
AsQc 0.595507 619438 17867.5 1070190
AdQs 0.595413 619299 17906 1070190
AcQs 0.595413 619299 17906 1070190
AhTh 0.595412 616772 20431.5 1070190
AsQh 0.595364 619285 17867.5 1070190
AhQs 0.595295 619204 17875 1070190
AsQs 0.594646 618539 17845 1070190
3d3c 0.5921 629520 4139.5 1070190
3h3c 0.592026 629441 4139.5 1070190
3h3d 0.592026 629441 4139.5 1070190
3s3c 0.591712 629113 4131.5 1070190
3s3d 0.591712 629113 4131.5 1070190
3s3h 0.591638 629034 4131.5 1070190
Ac9c 0.588566 607903 21974.5 1070190
Ad9d 0.588566 607903 21974.5 1070190
AdJc 0.587017 608958 19262 1070190
AcJd 0.587017 608958 19262 1070190
Ah9h 0.586943 605924 22216.5 1070190
AhJc 0.58689 608849 19234.5 1070190
AhJd 0.58689 608849 19234.5 1070190
AcJh 0.586874 608805 19262 1070190
AdJh 0.586874 608805 19262 1070190
AsJd 0.586279 608232 19197.5 1070190
AsJc 0.586279 608232 19197.5 1070190
AcJs 0.586156 608059 19239.5 1070190
AdJs 0.586156 608059 19239.5 1070190
AsJh 0.586136 608079 19197.5 1070190
AhJs 0.586029 607950 19212 1070190
AsJs 0.585418 607333 19175 1070190
Ad8d 0.581007 598007 23780.5 1070190
Ac8c 0.581007 598007 23780.5 1070190
Ah8h 0.579451 596122 24000.5 1070190
AcTd 0.577762 597340 20975 1070190
AdTc 0.577762 597340 20975 1070190
AhTd 0.577626 597219 20950.5 1070190
AhTc 0.577626 597219 20950.5 1070190
AdTh 0.577619 597187 20975 1070190
AcTh 0.577619 597187 20975 1070190
AsTd 0.577053 596652 20904.5 1070190
AsTc 0.577053 596652 20904.5 1070190
AsTh 0.57691 596499 20904.5 1070190
AdTs 0.576901 596441 20952.5 1070190
AcTs 0.576901 596441 20952.5 1070190
AhTs 0.576765 596320 20928 1070190
AsTs 0.576192 595753 20882 1070190
Ad7d 0.574161 589059 25402 1070190
Ac7c 0.574161 589059 25402 1070190
Ah7h 0.572657 587246 25605.5 1070190
Ac6c 0.571923 585405 26661 1070190
Ad6d 0.571923 585405 26661 1070190
Ah6h 0.570453 583640 26853.5 1070190
Ac9d 0.568863 585914 22877.5 1070190
Ad9c 0.568863 585914 22877.5 1070190
Ad9h 0.56872 585761 22877.5 1070190
Ah9d 0.56872 585783 22855.5 1070190
Ah9c 0.56872 585783 22855.5 1070190
Ac9h 0.56872 585761 22877.5 1070190
As9d 0.568184 585265 22799.5 1070190
As9c 0.568184 585265 22799.5 1070190
As9h 0.568041 585112 22799.5 1070190
Ac9s 0.568002 585015 22855 1070190
Ad9s 0.568002 585015 22855 1070190
Ah9s 0.567859 584884 22833 1070190
As9s 0.567323 584366 22777 1070190
Ad8c 0.561029 575628 24779.5 1070190
Ac8d 0.561029 575628 24779.5 1070190
Ac8h 0.560886 575475 24779.5 1070190
Ad8h 0.560886 575475 24779.5 1070190
Ah8d 0.56088 575489 24759.5 1070190
Ah8c 0.56088 575489 24759.5 1070190
As8d 0.560377 575016 24693.5 1070190
As8c 0.560377 575016 24693.5 1070190
As8h 0.560234 574863 24693.5 1070190
Ad8s 0.560173 574735 24757 1070190
Ac8s 0.560173 574735 24757 1070190
Ah8s 0.560025 574596 24737 1070190
As8s 0.559521 574123 24671 1070190
Ad7c 0.553908 566296 26491 1070190
Ac7d 0.553908 566296 26491 1070190
Ac7h 0.553765 566143 26491 1070190
Ad7h 0.553765 566143 26491 1070190
Ah7c 0.553755 566151 26472.5 1070190
Ah7d 0.553755 566151 26472.5 1070190
As7d 0.553279 565716 26397.5 1070190
As7c 0.553279 565716 26397.5 1070190
As7h 0.553136 565563 26397.5 1070190
Ad7s 0.553053 565403 26468.5 1070190
Ac7s 0.553053 565403 26468.5 1070190
Ah7s 0.5529 565258 26450 1070190
As7s 0.552423 564823 26375 1070190
Ac6d 0.551909 562826 27822 1070190
Ad6c 0.551909 562826 27822 1070190
Ad6h 0.55177 562677 27822 1070190
Ac6h 0.55177 562677 27822 1070190
Ah6d 0.551754 562677 27804.5 1070190
Ah6c 0.551754 562677 27804.5 1070190
As6d 0.551293 562262 27726 1070190
As6c 0.551293 562262 27726 1070190
As6h 0.551154 562113 27726 1070190
Ad6s 0.55109 561975 27796 1070190
Ac6s 0.55109 561975 27796 1070190
Ah6s 0.550934 561826 27778.5 1070190
As6s 0.550473 561411 27700 1070190
KdQd 0.540351 559196 19082 1070190
KcQc 0.540351 559196 19082 1070190
KhQh 0.538165 556302 19636.5 1070190
KcJc 0.53127 548186 20373.5 1070190
KdJd 0.53127 548186 20373.5 1070190
KhJh 0.529192 545446 20889.5 1070190
KdTd 0.522207 536846 22014.5 1070190
KcTc 0.522207 536846 22014.5 1070190
KhTh 0.520221 534238 22497.5 1070190
KcQd 0.517713 534110 19941.5 1070190
KdQc 0.517713 534110 19941.5 1070190
KhQc 0.517596 534013 19913.5 1070190
KhQd 0.517596 534013 19913.5 1070190
KdQh 0.517574 533965 19937.5 1070190
KcQh 0.517574 533965 19937.5 1070190
KsQd 0.516917 533312 19887 1070190
KsQc 0.516917 533312 19887 1070190
KdQs 0.51689 533256 19915 1070190
KcQs 0.51689 533256 19915 1070190
KsQh 0.516777 533167 19883 1070190
KhQs 0.516774 533159 19887 1070190
KsQs 0.516094 532458 19860.5 1070190
Kc9c 0.513495 525710 23827 1070190
Kd9d 0.513495 525710 23827 1070190
Kh9h 0.511586 523212 24282.5 1070190
KdJc 0.508279 522680 21275 1070190
KcJd 0.508279 522680 21275 1070190
KhJc 0.508152 522569 21250.5 1070190
KhJd 0.508152 522569 21250.5 1070190
KcJh 0.50814 522535 21271 1070190
KdJh 0.50814 522535 21271 1070190
KsJc 0.507512 521917 21217 1070190
KsJd 0.507512 521917 21217 1070190
KcJs 0.507456 521826 21248.5 1070190
KdJs 0.507456 521826 21248.5 1070190
KsJh 0.507373 521772 21213 1070190
KhJs 0.50733 521715 21224 1070190
KsJs 0.506689 521063 21190.5 1070190
Kc5c 0.505926 510625 30812 1070190
Kd5d 0.505926 510625 30812 1070190
Kc8c 0.505769 515636 25633 1070190
Kd8d 0.505769 515636 25633 1070190
Kh5h 0.504189 508363 31214.5 1070190
Kh8h 0.503928 513232 26066.5 1070190
Kd6d 0.503577 509607 29316.5 1070190
Kc6c 0.503577 509607 29316.5 1070190
Kh6h 0.501823 507323 29722.5 1070190
KcTd 0.498846 510872 22988 1070190
KdTc 0.498846 510872 22988 1070190
Kd7d 0.498757 506510 27254.5 1070190
Kc7c 0.498757 506510 27254.5 1070190
KhTc 0.498711 510749 22966.5 1070190
KhTd 0.498711 510749 22966.5 1070190
KdTh 0.498707 510727 22984 1070190
KcTh 0.498707 510727 22984 1070190
KsTc 0.49811 510148 22924 1070190
KsTd 0.49811 510148 22924 1070190
KdTs 0.498023 510018 22961.5 1070190
KcTs 0.498023 510018 22961.5 1070190
KsTh 0.49797 510003 22920 1070190
KhTs 0.497888 509895 22940 1070190
KsTs 0.497287 509294 22897.5 1070190
Kh7h 0.496967 504178 27671.5 1070190
Kc3c 0.493333 497175 30785 1070190
Kd3d 0.493333 497175 30785 1070190
Kh3h 0.491662 494984 31187.5 1070190
Kc9d 0.48977 499256 24890.5 1070190
Kd9c 0.48977 499256 24890.5 1070190
Kd9h 0.48963 499111 24886.5 1070190
Kc9h 0.48963 499111 24886.5 1070190
Kh9d 0.489628 499123 24871.5 1070190
Kh9c 0.489628 499123 24871.5 1070190
Ks9d 0.489064 498572 24819 1070190
Ks9c 0.489064 498572 24819 1070190
Kc9s 0.488947 498402 24864 1070190
Kd9s 0.488947 498402 24864 1070190
Ks9h 0.488924 498427 24815 1070190
Kh9s 0.488805 498269 24845 1070190
Ks9s 0.488241 497718 24792.5 1070190
Kd5c 0.482828 484433 32285 1070190
Kc5d 0.482828 484433 32285 1070190
Kc5h 0.482696 484295 32281.5 1070190
Kd5h 0.482696 484295 32281.5 1070190
Kh5c 0.482672 484280 32271 1070190
Kh5d 0.482672 484280 32271 1070190
Ks5c 0.482186 483842 32188.5 1070190
Ks5d 0.482186 483842 32188.5 1070190
Kc5s 0.482078 483663 32252 1070190
Kd5s 0.482078 483663 32252 1070190
Ks5h 0.482054 483704 32185 1070190
Kh5s 0.481922 483510 32238 1070190
Kc8d 0.481758 488780 26792.5 1070190
Kd8c 0.481758 488780 26792.5 1070190
Kd8h 0.481619 488635 26788.5 1070190
Kc8h 0.481619 488635 26788.5 1070190
Kh8c 0.48161 488639 26775.5 1070190
Kh8d 0.48161 488639 26775.5 1070190
Ks5s 0.481436 483072 32155.5 1070190
Ks8c 0.48108 488134 26713 1070190
Ks8d 0.48108 488134 26713 1070190
Kc8s 0.480941 487932 26766 1070190
Ks8h 0.480941 487989 26709 1070190
Kd8s 0.480941 487932 26766 1070190
Kh8s 0.480793 487791 26749 1070190
Ks8s 0.480263 487286 26686.5 1070190
Kd6c 0.479955 482951 30692 1070190
Kc6d 0.479955 482951 30692 1070190
Kd6h 0.479819 482810 30688 1070190
Kc6h 0.479819 482810 30688 1070190
Kh6d 0.4798 482800 30677.5 1070190
Kh6c 0.4798 482800 30677.5 1070190
Ks6d 0.47931 482354 30599 1070190
Ks6c 0.47931 482354 30599 1070190
Ks6h 0.479175 482213 30595 1070190
Kc6s 0.479172 482143 30662 1070190
Kd6s 0.479172 482143 30662 1070190
Kh6s 0.479017 481992 30647.5 1070190
Ks6s 0.478527 481546 30569 1070190
Kd7c 0.47446 479258 28504 1070190
Kc7d 0.47446 479258 28504 1070190
Kd7h 0.47432 479113 28500 1070190
Kc7h 0.47432 479113 28500 1070190
Kh7c 0.474308 479111 28488.5 1070190
Kh7d 0.474308 479111 28488.5 1070190
Ks7c 0.473806 478645 28417 1070190
Ks7d 0.473806 478645 28417 1070190
Ks7h 0.473666 478500 28413 1070190
Kc7s 0.473643 478410 28477.5 1070190
Kd7s 0.473643 478410 28477.5 1070190
Kh7s 0.473491 478263 28462 1070190
Ks7s 0.472988 477797 28390.5 1070190
Kc3d 0.470176 470920 32258 1070190
Kd3c 0.470176 470920 32258 1070190
Kc3h 0.470116 470859 32254.5 1070190
Kd3h 0.470116 470859 32254.5 1070190
Kh3c 0.470029 470776 32244 1070190
Kh3d 0.470029 470776 32244 1070190
QdJd 0.469654 480414 22205.5 1070190
QcJc 0.469654 480414 22205.5 1070190
Ks3c 0.469542 470338 32161.5 1070190
Ks3d 0.469542 470338 32161.5 1070190
Kd3s 0.469492 470221 32225 1070190
Kc3s 0.469492 470221 32225 1070190
Ks3h 0.469482 470277 32158 1070190
Kh3s 0.469345 470077 32211 1070190
Ks3s 0.468858 469639 32128.5 1070190
QhJh 0.467471 477398 22884.5 1070190
QdTd 0.460592 469074 23846.5 1070190
QcTc 0.460592 469074 23846.5 1070190
QhTh 0.4585 466190 24492.5 1070190
Qc9c 0.45188 457938 25659 1070190
Qd9d 0.45188 457938 25659 1070190
Qh9h 0.449865 455164 26277.5 1070190
5d3d 0.448262 457361 22364.5 1070190
5c3c 0.448262 457361 22364.5 1070190
5h3h 0.448068 456425 23092.5 1070190
Qc5c 0.445978 444637 32644 1070190
Qd5d 0.445978 444637 32644 1070190
Qc8c 0.444154 447864 27465 1070190
Qd8d 0.444154 447864 27465 1070190
Qh5h 0.444135 442099 33209.5 1070190
QcJd 0.443676 451553 23264.5 1070190
QdJc 0.443676 451553 23264.5 1070190
QhJc 0.443552 451442 23243 1070190
QhJd 0.443552 451442 23243 1070190
QdJh 0.443539 451414 23257 1070190
QcJh 0.443539 451414 23257 1070190
QsJd 0.442912 450790 23210 1070190
QsJc 0.442912 450790 23210 1070190
QdJs 0.442889 450741 23234.5 1070190
QcJs 0.442889 450741 23234.5 1070190
QsJh 0.442775 450651 23202.5 1070190
QhJs 0.442765 450630 23213 1070190
Qd6d 0.442573 442489 31148.5 1070190
Qc6c 0.442573 442489 31148.5 1070190
Qh8h 0.442207 445184 28061.5 1070190
QsJs 0.442125 449978 23180 1070190
Qh6h 0.440713 439929 31717.5 1070190
Qd7d 0.437142 438738 29086.5 1070190
Qc7c 0.437142 438738 29086.5 1070190
Qh7h 0.435247 436130 29666.5 1070190
QdTc 0.434243 439745 24977.5 1070190
QcTd 0.434243 439745 24977.5 1070190
QhTc 0.434111 439622 24959 1070190
QhTd 0.434111 439622 24959 1070190
QdTh 0.434106 439606 24970 1070190
QcTh 0.434106 439606 24970 1070190
QsTc 0.43351 439021 24917 1070190
QsTd 0.43351 439021 24917 1070190
QcTs 0.433456 438933 24947.5 1070190
QdTs 0.433456 438933 24947.5 1070190
Qc3c 0.433385 431187 32617 1070190
Qd3d 0.433385 431187 32617 1070190
QsTh 0.433373 438882 24909.5 1070190
QhTs 0.433324 438810 24929 1070190
QsTs 0.432723 438209 24887 1070190
Qh3h 0.431608 428720 33182.5 1070190
5c3d 0.425289 431778 23361.5 1070190
5d3c 0.425289 431778 23361.5 1070190
5d3h 0.425219 431718 23347.5 1070190
5c3h 0.425219 431718 23347.5 1070190
5h3c 0.425167 431662 23347.5 1070190
5h3d 0.425167 431662 23347.5 1070190
Qc9d 0.425167 428129 26880 1070190
Qd9c 0.425167 428129 26880 1070190
Qd9h 0.42503 427990 26872.5 1070190
Qc9h 0.42503 427990 26872.5 1070190
Qh9d 0.425027 427996 26864 1070190
Qh9c 0.425027 427996 26864 1070190
5c3s 0.424704 431205 23309 1070190
5d3s 0.424704 431205 23309 1070190
5s3c 0.424656 431154 23309 1070190
5s3d 0.424656 431154 23309 1070190
5s3h 0.424587 431094 23295 1070190
5h3s 0.424583 431089 23295 1070190
Qs9d 0.424464 427445 26812 1070190
Qs9c 0.424464 427445 26812 1070190
Qd9s 0.42438 427317 26850 1070190
Qc9s 0.42438 427317 26850 1070190
Qs9h 0.424327 427306 26804.5 1070190
Qh9s 0.424241 427184 26834 1070190
5s3s 0.424072 430581 23256.5 1070190
Qs9s 0.423677 426633 26782 1070190
Qc5d 0.419999 415204 34274.5 1070190
Qd5c 0.419999 415204 34274.5 1070190
Qc5h 0.419869 415072 34267.5 1070190
Qd5h 0.419869 415072 34267.5 1070190
Qh5c 0.419846 415051 34263.5 1070190
Qh5d 0.419846 415051 34263.5 1070190
Qs5c 0.41936 414613 34181.5 1070190
Qs5d 0.41936 414613 34181.5 1070190
Qd5s 0.419283 414474 34238 1070190
Qc5s 0.419283 414474 34238 1070190
Qs5h 0.41923 414481 34174.5 1070190
Qh5s 0.419129 414321 34227 1070190
Qs5s 0.418643 413883 34145 1070190
Qc8d 0.417155 417653 28782 1070190
Qd8c 0.417155 417653 28782 1070190
Qc8h 0.417018 417514 28774.5 1070190
Qd8h 0.417018 417514 28774.5 1070190
Qh8c 0.41701 417512 28768 1070190
Qh8d 0.41701 417512 28768 1070190
Qs8d 0.41648 417007 28706 1070190
Qs8c 0.41648 417007 28706 1070190
Qc8s 0.416374 416847 28752 1070190
Qd8s 0.416374 416847 28752 1070190
Qs8h 0.416343 416868 28698.5 1070190
Qh8s 0.416229 416706 28738 1070190
Qc6d 0.416002 412520 32681.5 1070190
Qd6c 0.416002 412520 32681.5 1070190
Qc6h 0.415869 412385 32674 1070190
Qd6h 0.415869 412385 32674 1070190
Qh6d 0.41585 412369 32670 1070190
Qh6c 0.41585 412369 32670 1070190
Qs8s 0.415699 416201 28676 1070190
Qs6c 0.415361 411923 32592 1070190
Qs6d 0.415361 411923 32592 1070190
Qc6s 0.415254 411753 32648 1070190
Qd6s 0.415254 411753 32648 1070190
Qs6h 0.415228 411788 32584.5 1070190
Qh6s 0.415102 411602 32636.5 1070190
Qs6s 0.414613 411156 32558.5 1070190
Qc7d 0.409857 408131 30493.5 1070190
Qd7c 0.409857 408131 30493.5 1070190
Qc7h 0.40972 407992 30486 1070190
Qd7h 0.40972 407992 30486 1070190
Qh7c 0.409708 407984 30481 1070190
Qh7d 0.409708 407984 30481 1070190
Qs7c 0.409206 407518 30410 1070190
Qs7d 0.409206 407518 30410 1070190
Qc7s 0.409075 407325 30463.5 1070190
Qd7s 0.409075 407325 30463.5 1070190
Qs7h 0.409069 407379 30402.5 1070190
Qh7s 0.408926 407178 30451 1070190
Qs7s 0.408425 406712 30380 1070190
JcTc 0.407851 411509 24969 1070190
JdTd 0.407851 411509 24969 1070190
Qc3d 0.407347 401691 34247.5 1070190
Qd3c 0.407347 401691 34247.5 1070190
Qd3h 0.407289 401636 34240.5 1070190
Qc3h 0.407289 401636 34240.5 1070190
Qh3c 0.407202 401547 34236.5 1070190
Qh3d 0.407202 401547 34236.5 1070190
Qs3c 0.406716 401109 34154.5 1070190
Qs3d 0.406716 401109 34154.5 1070190
Qc3s 0.406697 401032 34211 1070190
Qd3s 0.406697 401032 34211 1070190
Qs3h 0.406658 401054 34147.5 1070190
Qh3s 0.406552 400888 34200 1070190
Qs3s 0.406066 400450 34118 1070190
JhTh 0.405792 408536 25738.5 1070190
Jd9d 0.399139 400373 26781.5 1070190
Jc9c 0.399139 400373 26781.5 1070190
Jh9h 0.397157 397510 27523.5 1070190
Jd5d 0.394459 388380 33766.5 1070190
Jc5c 0.394459 388380 33766.5 1070190
Jh5h 0.392649 385753 34455.5 1070190
Jc8c 0.391413 390299 28587.5 1070190
Jd8d 0.391413 390299 28587.5 1070190
Jd6d 0.390221 385340 32271 1070190
Jc6c 0.390221 385340 32271 1070190
Jh8h 0.389499 387530 29307.5 1070190
Jh6h 0.388393 382691 32963.5 1070190
Jd7d 0.384401 381173 30209 1070190
Jc7c 0.384401 381173 30209 1070190
Jh7h 0.382538 378476 30912.5 1070190
Jc3c 0.381866 374930 33739.5 1070190
Jd3d 0.381866 374930 33739.5 1070190
Jh3h 0.380122 372374 34428.5 1070190
JcTd 0.37901 379406 26206.5 1070190
JdTc 0.37901 379406 26206.5 1070190
JhTd 0.378879 379283 26190 1070190
JhTc 0.378879 379283 26190 1070190
JcTh 0.378874 379271 26196 1070190
JdTh 0.378874 379271 26196 1070190
JsTd 0.37828 378682 26149.5 1070190
JsTc 0.37828 378682 26149.5 1070190
JcTs 0.378258 378634 26173.5 1070190
JdTs 0.378258 378634 26173.5 1070190
JsTh 0.378144 378547 26139 1070190
JhTs 0.378127 378511 26157 1070190
JsTs 0.377528 377910 26116.5 1070190
Jd9c 0.369933 367790 28109 1070190
Jc9d 0.369933 367790 28109 1070190
Jd9h 0.369797 367655 28098.5 1070190
Jc9h 0.369797 367655 28098.5 1070190
Jh9d 0.369796 367657 28095 1070190
Jh9c 0.369796 367657 28095 1070190
Js9c 0.369234 367106 28044.5 1070190
Js9d 0.369234 367106 28044.5 1070190
Jc9s 0.369181 367018 28076 1070190
Jd9s 0.369181 367018 28076 1070190
Js9h 0.369098 366971 28034 1070190
Jh9s 0.369044 366885 28062 1070190
Js9s 0.368482 366334 28011.5 1070190
6c5c 0.367325 364803 28305 1070190
6d5d 0.367325 364803 28305 1070190
6h5h 0.366951 363426 29281.5 1070190
Jd5c 0.366066 356257 35503.5 1070190
Jc5d 0.366066 356257 35503.5 1070190
Jc5h 0.365937 356129 35493.5 1070190
Jd5h 0.365937 356129 35493.5 1070190
Jh5d 0.365915 356104 35494.5 1070190
Jh5c 0.365915 356104 35494.5 1070190
Js5d 0.36543 355666 35414 1070190
Js5c 0.36543 355666 35414 1070190
Jd5s 0.365383 355565 35464 1070190
Jc5s 0.365383 355565 35464 1070190
Js5h 0.365301 355538 35404 1070190
Jh5s 0.365231 355412 35455 1070190
Js5s 0.364747 354974 35374.5 1070190
Jc8d 0.361922 357314 30011 1070190
Jd8c 0.361922 357314 30011 1070190
Jc8h 0.361786 357179 30000.5 1070190
Jd8h 0.361786 357179 30000.5 1070190
Jh8d 0.361779 357173 29999 1070190
Jh8c 0.361779 357173 29999 1070190
Js8d 0.36125 356668 29938.5 1070190
Js8c 0.36125 356668 29938.5 1070190
Jc6d 0.361183 352624 33910.5 1070190
Jd6c 0.361183 352624 33910.5 1070190
Jd8s 0.361175 356548 29978 1070190
Jc8s 0.361175 356548 29978 1070190
Js8h 0.361114 356533 29928 1070190
Jd6h 0.361051 352493 33900 1070190
Jc6h 0.361051 352493 33900 1070190
Jh6d 0.361033 352473 33901 1070190
Jh6c 0.361033 352473 33901 1070190
Jh8s 0.361032 356407 29966 1070190
Js6c 0.360545 352027 33824.5 1070190
Js6d 0.360545 352027 33824.5 1070190
Js8s 0.360504 355902 29905.5 1070190
Jd6s 0.360469 351896 33874 1070190
Jc6s 0.360469 351896 33874 1070190
Js6h 0.360413 351896 33814 1070190
Jh6s 0.360319 351745 33864.5 1070190
Js6s 0.35983 351299 33788 1070190
Td9d 0.354781 352490 27193 1070190
Tc9c 0.354781 352490 27193 1070190
Jc7d 0.354623 347792 31722.5 1070190
Jd7c 0.354623 347792 31722.5 1070190
Jc7h 0.354488 347657 31712 1070190
Jd7h 0.354488 347657 31712 1070190
Jh7d 0.354476 347645 31712 1070190
Jh7c 0.354476 347645 31712 1070190
Js7c 0.353976 347179 31642.5 1070190
Js7d 0.353976 347179 31642.5 1070190
Jd7s 0.353877 347026 31689.5 1070190
Jc7s 0.353877 347026 31689.5 1070190
Js7h 0.35384 347044 31632 1070190
Jh7s 0.35373 346879 31679 1070190
Jc3d 0.353414 342744 35476.5 1070190
Jd3c 0.353414 342744 35476.5 1070190
Jd3h 0.353357 342693 35466.5 1070190
Jc3h 0.353357 342693 35466.5 1070190
Jh3d 0.353271 342600 35467.5 1070190
Jh3c 0.353271 342600 35467.5 1070190
Js7s 0.353229 346413 31609.5 1070190
Th9h 0.352934 349680 28026.5 1070190
Jc3s 0.352797 342123 35437 1070190
Jd3s 0.352797 342123 35437 1070190
Js3c 0.352787 342162 35387 1070190
Js3d 0.352787 342162 35387 1070190
Js3h 0.35273 342111 35377 1070190
Jh3s 0.352654 341979 35428 1070190
Js3s 0.35217 341541 35347.5 1070190
Td5d 0.350879 341329 34178 1070190
Tc5c 0.350879 341329 34178 1070190
Th5h 0.349203 338755 34958.5 1070190
Td8d 0.347055 342416 28999 1070190
Tc8c 0.347055 342416 28999 1070190
Td6d 0.34603 337635 32682.5 1070190
Tc6c 0.34603 337635 32682.5 1070190
Th8h 0.345276 339700 29810.5 1070190
Th6h 0.344337 335039 33466.5 1070190
6c3c 0.343434 339262 28278 1070190
6d3d 0.343434 339262 28278 1070190
6h3h 0.343075 337901 29254.5 1070190
Td7d 0.340043 333290 30620.5 1070190
Tc7c 0.340043 333290 30620.5 1070190
6c5d 0.339309 333369 29756 1070190
6d5c 0.339309 333369 29756 1070190
6c5h 0.339173 333241 29738.5 1070190
6d5h 0.339173 333241 29738.5 1070190
6h5d 0.339167 333231 29742 1070190
6h5c 0.339167 333231 29742 1070190
6c5s 0.338686 332750 29708 1070190
6d5s 0.338686 332750 29708 1070190
6s5c 0.338676 332754 29694 1070190
6s5d 0.338676 332754 29694 1070190
6h5s 0.338544 332612 29694 1070190
6s5h 0.33854 332626 29676.5 1070190
Th7h 0.338315 330646 31415.5 1070190
Tc3c 0.338286 327879 34151 1070190
Td3d 0.338286 327879 34151 1070190
6s5s 0.338053 332135 29646 1070190
Th3h 0.336676 325376 34931.5 1070190
Tc9d 0.323537 317669 28577.5 1070190
Td9c 0.323537 317669 28577.5 1070190
Th9c 0.323401 317536 28564.5 1070190
Th9d 0.323401 317536 28564.5 1070190
Tc9h 0.323401 317536 28564.5 1070190
Td9h 0.323401 317536 28564.5 1070190
Ts9d 0.322842 316985 28517 1070190
Ts9c 0.322842 316985 28517 1070190
Td9s 0.322818 316935 28542 1070190
Tc9s 0.322818 316935 28542 1070190
Ts9h 0.322705 316852 28504 1070190
Th9s 0.322682 316802 28529 1070190
Ts9s 0.322123 316251 28481.5 1070190
Td5c 0.320498 307022 35972 1070190
Tc5d 0.320498 307022 35972 1070190
Td5h 0.320369 306896 35959.5 1070190
Tc5h 0.320369 306896 35959.5 1070190
Th5c 0.320348 306869 35964 1070190
Th5d 0.320348 306869 35964 1070190
Ts5c 0.319866 306431 35886.5 1070190
Ts5d 0.319866 306431 35886.5 1070190
Td5s 0.319846 306366 35930 1070190
Tc5s 0.319846 306366 35930 1070190
Ts5h 0.319737 306305 35874 1070190
Th5s 0.319696 306213 35922 1070190
Ts5s 0.319214 305775 35844.5 1070190
Td8c 0.315526 307193 30479.5 1070190
Tc8d 0.315526 307193 30479.5 1070190
Td8h 0.315389 307060 30466.5 1070190
Tc8h 0.315389 307060 30466.5 1070190
Th8d 0.315384 307052 30468.5 1070190
Th8c 0.315384 307052 30468.5 1070190
Tc6d 0.314965 302693 34379 1070190
Td6c 0.314965 302693 34379 1070190
Ts8c 0.314858 306547 30411 1070190
Ts8d 0.314858 306547 30411 1070190
Tc6h 0.314832 302564 34366 1070190
Td6h 0.314832 302564 34366 1070190
Th6c 0.314816 302542 34370.5 1070190
Th6d 0.314816 302542 34370.5 1070190
Td8s 0.314812 306465 30444 1070190
Tc8s 0.314812 306465 30444 1070190
9c5c 0.314744 302959 33877 1070190
9d5d 0.314744 302959 33877 1070190
Ts8h 0.314722 306414 30398 1070190
Th8s 0.31467 306324 30433 1070190
6c3d 0.314539 306888 29729 1070190
6d3c 0.314539 306888 29729 1070190
6d3h 0.31447 306831 29711.5 1070190
6c3h 0.31447 306831 29711.5 1070190
6h3d 0.314405 306758 29715 1070190
6h3c 0.314405 306758 29715 1070190
Ts6d 0.31433 302096 34297 1070190
Ts6c 0.31433 302096 34297 1070190
Tc6s 0.314283 302002 34340 1070190
Td6s 0.314283 302002 34340 1070190
Ts6h 0.314197 301967 34284 1070190
Ts8s 0.314145 305819 30375.5 1070190
Th6s 0.314133 301851 34331.5 1070190
6c3s 0.313984 306342 29681 1070190
6d3s 0.313984 306342 29681 1070190
6s3c 0.313922 306289 29667 1070190
6s3d 0.313922 306289 29667 1070190
6s3h 0.313852 306232 29649.5 1070190
6h3s 0.31385 306212 29667 1070190
Ts6s 0.313648 301405 34258 1070190
6s3s 0.313367 305743 29619 1070190
9h5h 0.313271 300535 34724.5 1070190
9c8c 0.310588 303690 28698 1070190
9d8d 0.310588 303690 28698 1070190
9c6c 0.309506 298849 32381.5 1070190
9d6d 0.309506 298849 32381.5 1070190
9h8h 0.309011 301124 29576.5 1070190
Tc7d 0.308228 297671 32191 1070190
Td7c 0.308228 297671 32191 1070190
Td7h 0.308091 297538 32178 1070190
Tc7h 0.308091 297538 32178 1070190
Th7c 0.308081 297524 32181.5 1070190
Th7d 0.308081 297524 32181.5 1070190
9h6h 0.308016 296403 33232.5 1070190
Td3c 0.307846 293509 35945 1070190
Tc3d 0.307846 293509 35945 1070190
Td3h 0.307789 293460 35932.5 1070190
Tc3h 0.307789 293460 35932.5 1070190
Th3c 0.307704 293365 35937 1070190
Th3d 0.307704 293365 35937 1070190
Ts7c 0.307584 297058 32115 1070190
Ts7d 0.307584 297058 32115 1070190
Td7s 0.307514 296943 32155.5 1070190
Tc7s 0.307514 296943 32155.5 1070190
Ts7h 0.307447 296925 32102 1070190
Th7s 0.307368 296796 32146 1070190
Td3s 0.30726 292924 35903 1070190
Tc3s 0.30726 292924 35903 1070190
Ts3c 0.307223 292927 35859.5 1070190
Ts3d 0.307223 292927 35859.5 1070190
Ts3h 0.307165 292878 35847 1070190
Th3s 0.307118 292780 35895 1070190
Ts7s 0.30687 296330 32079.5 1070190
Ts3s 0.306637 292342 35817.5 1070190
9d7d 0.303576 294564 30319.5 1070190
9c7c 0.303576 294564 30319.5 1070190
9d3d 0.302151 289509 33850 1070190
9c3c 0.302151 289509 33850 1070190
9h7h 0.302051 292070 31181.5 1070190
9h3h 0.300744 287156 34697.5 1070190
8c5c 0.299124 287346 32773 1070190
8d5d 0.299124 287346 32773 1070190
8h5h 0.297937 285179 33670.5 1070190
8c6c 0.293636 282880 31366.5 1070190
8d6d 0.293636 282880 31366.5 1070190
8h6h 0.292433 280691 32267.5 1070190
8d7d 0.28815 279071 29304.5 1070190
8c7c 0.28815 279071 29304.5 1070190
8h7h 0.286913 276835 30216.5 1070190
9c5d 0.282762 266929 35680 1070190
9d5c 0.282762 266929 35680 1070190
9c5h 0.282631 266803 35665.5 1070190
9d5h 0.282631 266803 35665.5 1070190
9h5c 0.282611 266776 35672 1070190
9h5d 0.282611 266776 35672 1070190
9c5s 0.28214 266307 35636 1070190
9d5s 0.28214 266307 35636 1070190
9s5c 0.282134 266338 35599.5 1070190
9s5d 0.282134 266338 35599.5 1070190
9s5h 0.282003 266212 35585 1070190
9h5s 0.281989 266154 35628 1070190
9s5s 0.281512 265716 35555.5 1070190
9d8c 0.277434 266720 30187.5 1070190
9c8d 0.277434 266720 30187.5 1070190
7c5c 0.277321 266547 30239.5 1070190
7d5d 0.277321 266547 30239.5 1070190
9d8h 0.277296 266587 30172.5 1070190
9c8h 0.277296 266587 30172.5 1070190
9h8c 0.277292 266579 30176.5 1070190
9h8d 0.277292 266579 30176.5 1070190
9d6c 0.276814 262157 34087 1070190
9c6d 0.276814 262157 34087 1070190
9s8d 0.276771 266074 30124 1070190
9s8c 0.276771 266074 30124 1070190
9c8s 0.276753 266028 30150 1070190
9d8s 0.276753 266028 30150 1070190
9c6h 0.27668 262028 34072 1070190
9d6h 0.27668 262028 34072 1070190
9h6c 0.276665 262006 34078.5 1070190
9h6d 0.276665 262006 34078.5 1070190
9s8h 0.276633 265941 30109 1070190
9h8s 0.276611 265887 30139 1070190
7h5h 0.276421 264645 31177.5 1070190
9s6c 0.276185 261560 34010 1070190
9s6d 0.276185 261560 34010 1070190
9c6s 0.276163 261501 34046 1070190
9d6s 0.276163 261501 34046 1070190
9s8s 0.27609 265382 30086.5 1070190
9s6h 0.27605 261431 33995 1070190
9h6s 0.276014 261350 34037.5 1070190
9s6s 0.275533 260904 33969 1070190
8d3d 0.273522 259975 32746 1070190
8c3c 0.273522 259975 32746 1070190
8h3h 0.272357 257830 33643.5 1070190
7c6c 0.27189 262141 28833 1070190
7d6d 0.27189 262141 28833 1070190
7h6h 0.270972 260217 29774.5 1070190
9d7c 0.270136 257198 31899 1070190
9c7d 0.270136 257198 31899 1070190
9d3c 0.27011 253416 35653 1070190
9c3d 0.27011 253416 35653 1070190
9c3h 0.270051 253367 35638.5 1070190
9d3h 0.270051 253367 35638.5 1070190
9d7h 0.269998 257065 31884 1070190
9c7h 0.269998 257065 31884 1070190
9h7c 0.26999 257051 31889.5 1070190
9h7d 0.26999 257051 31889.5 1070190
9h3c 0.269968 253272 35645 1070190
9h3d 0.269968 253272 35645 1070190
9c3s 0.269554 252865 35609 1070190
9d3s 0.269554 252865 35609 1070190
9s7c 0.269497 256585 31828 1070190
9s7d 0.269497 256585 31828 1070190
9s3d 0.269491 252834 35572.5 1070190
9s3c 0.269491 252834 35572.5 1070190
9c7s 0.269454 256506 31861.5 1070190
9d7s 0.269454 256506 31861.5 1070190
9s3h 0.269432 252785 35558 1070190
9h3s 0.269412 252721 35601 1070190
9s7h 0.269359 256452 31813 1070190
9h7s 0.269308 256359 31852 1070190
9s3s 0.268935 252283 35528.5 1070190
9s7s 0.268815 255893 31790.5 1070190
8d5c 0.266773 250965 34532.5 1070190
8c5d 0.266773 250965 34532.5 1070190
8c5h 0.266638 250837 34516.5 1070190
8d5h 0.266638 250837 34516.5 1070190
8h5c 0.266621 250812 34523.5 1070190
8h5d 0.266621 250812 34523.5 1070190
8c5s 0.26617 250366 34487 1070190
8d5s 0.26617 250366 34487 1070190
8s5d 0.266149 250371 34459 1070190
8s5c 0.266149 250371 34459 1070190
8h5s 0.266019 250213 34478 1070190
8s5h 0.266014 250243 34443 1070190
8s5s 0.265547 249772 34413.5 1070190
8d6c 0.260559 245813 33034.5 1070190
8c6d 0.260559 245813 33034.5 1070190
8d6h 0.260421 245682 33018 1070190
8c6h 0.260421 245682 33018 1070190
8h6c 0.260409 245662 33025 1070190
8h6d 0.260409 245662 33025 1070190
8s6d 0.259933 245214 32964 1070190
8s6c 0.259933 245214 32964 1070190
8d6s 0.259929 245181 32992 1070190
8c6s 0.259929 245181 32992 1070190
8s6h 0.259795 245083 32947.5 1070190
8h6s 0.259779 245030 32982.5 1070190
8s6s 0.259303 244582 32921.5 1070190
8d7c 0.254353 241360 30846.5 1070190
8c7d 0.254353 241360 30846.5 1070190
8d7h 0.254212 241225 30830 1070190
8c7h 0.254212 241225 30830 1070190
8h7c 0.254206 241213 30836 1070190
8h7d 0.254206 241213 30836 1070190
8s7d 0.253718 240744 30782 1070190
8s7c 0.253718 240744 30782 1070190
8c7s 0.253694 240693 30807.5 1070190
8d7s 0.253694 240693 30807.5 1070190
8s7h 0.253576 240609 30765.5 1070190
8h7s 0.253547 240546 30797 1070190
8s7s 0.253058 240077 30743 1070190
7d3d 0.25172 239176 30212.5 1070190
7c3c 0.25172 239176 30212.5 1070190
7h3h 0.25084 237296 31150.5 1070190
7d5c 0.24408 229350 31862.5 1070190
7c5d 0.24408 229350 31862.5 1070190
7c5h 0.243941 229218 31845.5 1070190
7d5h 0.243941 229218 31845.5 1070190
7h5d 0.243927 229197 31851.5 1070190
7h5c 0.243927 229197 31851.5 1070190
7d5s 0.243501 228773 31819.5 1070190
7c5s 0.243501 228773 31819.5 1070190
7s5c 0.243465 228756 31797.5 1070190
7s5d 0.243465 228756 31797.5 1070190
7h5s 0.243348 228620 31808.5 1070190
7s5h 0.243325 228624 31780.5 1070190
7s5s 0.242885 228179 31754.5 1070190
8d3c 0.240292 222653 34505.5 1070190
8c3d 0.240292 222653 34505.5 1070190
8d3h 0.24023 222602 34489.5 1070190
8c3h 0.24023 222602 34489.5 1070190
8h3c 0.240149 222509 34496.5 1070190
8h3d 0.240149 222509 34496.5 1070190
8d3s 0.239765 222134 34460 1070190
8c3s 0.239765 222134 34460 1070190
8s3c 0.239684 222075 34432 1070190
8s3d 0.239684 222075 34432 1070190
8h3s 0.239622 221990 34451 1070190
8s3h 0.239621 222024 34416 1070190
8s3s 0.239156 221556 34386.5 1070190
7c6d 0.237926 224261 30364.5 1070190
7d6c 0.237926 224261 30364.5 1070190
7c6h 0.237783 224126 30347 1070190
7d6h 0.237783 224126 30347 1070190
7h6d 0.237774 224110 30353 1070190
7h6c 0.237774 224110 30353 1070190
7d6s 0.237319 223652 30324.5 1070190
7c6s 0.237319 223652 30324.5 1070190
7s6d 0.237308 223662 30302.5 1070190
7s6c 0.237308 223662 30302.5 1070190
7h6s 0.237167 223501 30313 1070190
7s6h 0.237165 223527 30285 1070190
7s6s 0.236701 223053 30262.5 1070190
7d3c 0.2176 201038 31835.5 1070190
7c3d 0.2176 201038 31835.5 1070190
7d3h 0.217533 200983 31818.5 1070190
7c3h 0.217533 200983 31818.5 1070190
7h3d 0.217455 200894 31824.5 1070190
7h3c 0.217455 200894 31824.5 1070190
7d3s 0.217096 200541 31792.5 1070190
7c3s 0.217096 200541 31792.5 1070190
7s3c 0.216999 200460 31770.5 1070190
7s3d 0.216999 200460 31770.5 1070190
7h3s 0.216951 200397 31781.5 1070190
7s3h 0.216932 200405 31753.5 1070190
7s3s 0.216495 199963 31727.5 1070190
