KhKc 0.961768 1029274 0 1070190
KsKc 0.961768 1029274 0 1070190
KsKh 0.945099 1011435 0 1070190
3h3d 0.935555 1001157 64.5 1070190
3s3d 0.935555 1001157 64.5 1070190
3s3h 0.935182 1000758 64.5 1070190
2h2d 0.929852 994998 120 1070190
2s2d 0.929852 994998 120 1070190
2s2h 0.929479 994599 120 1070190
AcKc 0.925775 987899 2856.5 1070190
Kc3d 0.91655 978607 2276 1070190
Kc3s 0.916093 978118 2276 1070190
Kc3h 0.916093 978118 2276 1070190
KcQc 0.907151 967860 2964 1070190
Kc2d 0.90566 964672 4556 1070190
Kc2h 0.905203 964183 4556 1070190
Kc2s 0.905203 964183 4556 1070190
KcJc 0.903353 963264 3495 1070190
KcTc 0.899756 958956 3954 1070190
Kh3d 0.89899 959769 2321 1070190
Ks3d 0.89899 959769 2321 1070190
Kh3s 0.898533 959280 2321 1070190
Kh3h 0.898533 959280 2321 1070190
Ks3s 0.898533 959280 2321 1070190
Ks3h 0.898533 959280 2321 1070190
Kc9c 0.89626 954828 4341 1070190
Kc8c 0.892967 950988 4656 1070190
Kc6c 0.891523 948533 5565.5 1070190
Kc5c 0.891218 947613 6160 1070190
Kc7c 0.889976 947544 4899 1070190
Kc4c 0.888833 945033 6187 1070190
Kh2d 0.888162 945969 4533.5 1070190
Ks2d 0.888162 945969 4533.5 1070190
Kh2h 0.887705 945480 4533.5 1070190
Kh2s 0.887705 945480 4533.5 1070190
Ks2s 0.887705 945480 4533.5 1070190
Ks2h 0.887705 945480 4533.5 1070190
AcKh 0.880339 937982 4148 1070190
AcKs 0.880339 937982 4148 1070190
AdKc 0.879916 937551 4126.5 1070190
AsKc 0.879043 936621 4122.5 1070190
AhKc 0.879043 936621 4122.5 1070190
AdAc 0.875453 935844 1057.5 1070190
AhAc 0.874663 935002 1053.5 1070190
AsAc 0.874663 935002 1053.5 1070190
AdKh 0.856456 912535 4035.5 1070190
AdKs 0.856456 912535 4035.5 1070190
AsKh 0.855583 911605 4031.5 1070190
AhKs 0.855583 911605 4031.5 1070190
AhKh 0.855583 911605 4031.5 1070190
AsKs 0.855583 911605 4031.5 1070190
KcQd 0.854907 910794 4119 1070190
KcQs 0.854004 909828 4119 1070190
KcQh 0.854004 909828 4119 1070190
KsQc 0.852956 908725 4099.5 1070190
KhQc 0.852956 908725 4099.5 1070190
AsAd 0.85003 908644 1049.5 1070190
AhAd 0.85003 908644 1049.5 1070190
AsAh 0.849239 907802 1045.5 1070190
KcJd 0.849123 903896 4827 1070190
KcJh 0.84822 902930 4827 1070190
KcJs 0.84822 902930 4827 1070190
KhJc 0.846018 900614 4786.5 1070190
KsJc 0.846018 900614 4786.5 1070190
KcTd 0.843608 897382 5439 1070190
KcTh 0.842706 896416 5439 1070190
KcTs 0.842706 896416 5439 1070190
KsTc 0.839368 892903 5380.5 1070190
KhTc 0.839368 892903 5380.5 1070190
Kc9d 0.838023 890889 5955 1070190
3d2d 0.837455 889845 6390.5 1070190
Kc9h 0.837115 889917 5955 1070190
Kc9s 0.837115 889917 5955 1070190
Ks9c 0.832727 885295 5881.5 1070190
Kh9c 0.832727 885295 5881.5 1070190
Kc8d 0.832707 884780 6375 1070190
Kc5d 0.832456 882204 8682 1070190
3d2h 0.832341 884283 6480.5 1070190
3d2s 0.832341 884283 6480.5 1070190
3h2d 0.832341 884283 6480.5 1070190
3s2d 0.832341 884283 6480.5 1070190
3h2s 0.83199 883929 6458 1070190
3h2h 0.83199 883929 6458 1070190
3s2s 0.83199 883929 6458 1070190
3s2h 0.83199 883929 6458 1070190
Kc8h 0.831793 883802 6375 1070190
Kc8s 0.831793 883802 6375 1070190
Kc5s 0.831619 881316 8674 1070190
Kc5h 0.831619 881316 8674 1070190
Kc6d 0.83156 882189 7738.5 1070190
KhQd 0.83093 885279 3973.5 1070190
KsQd 0.83093 885279 3973.5 1070190
Kc6h 0.830682 881253 7734.5 1070190
Kc6s 0.830682 881253 7734.5 1070190
KsQh 0.830027 884313 3973.5 1070190
KhQs 0.830027 884313 3973.5 1070190
KhQh 0.830027 884313 3973.5 1070190
KsQs 0.830027 884313 3973.5 1070190
Kc4d 0.828556 877994 8718 1070190
Kc7d 0.828 879418 6699 1070190
Kc4s 0.827718 877106 8710 1070190
Kc4h 0.827718 877106 8710 1070190
Kc7h 0.827086 878440 6699 1070190
Kc7s 0.827086 878440 6699 1070190
Kh8c 0.826373 878087 6289.5 1070190
Ks8c 0.826373 878087 6289.5 1070190
KsJd 0.82532 878589 4660.5 1070190
KhJd 0.82532 878589 4660.5 1070190
KhJh 0.824418 877623 4660.5 1070190
KsJs 0.824418 877623 4660.5 1070190
KsJh 0.824418 877623 4660.5 1070190
KhJs 0.824418 877623 4660.5 1070190
Ks6c 0.822989 873100 7655 1070190
Kh6c 0.822989 873100 7655 1070190
Ks5c 0.822648 871777 8612.5 1070190
Kh5c 0.822648 871777 8612.5 1070190
Ks7c 0.820584 871576 6604.5 1070190
Kh7c 0.820584 871576 6604.5 1070190
KhTd 0.819972 872271 5254.5 1070190
KsTd 0.819972 872271 5254.5 1070190
KsTs 0.819069 871305 5254.5 1070190
KhTs 0.819069 871305 5254.5 1070190
KhTh 0.819069 871305 5254.5 1070190
KsTh 0.819069 871305 5254.5 1070190
Ks4c 0.817714 866461 8648.5 1070190
Kh4c 0.817714 866461 8648.5 1070190
Ks9d 0.814536 865953 5755.5 1070190
Kh9d 0.814536 865953 5755.5 1070190
Kh9h 0.813628 864981 5755.5 1070190
Kh9s 0.813628 864981 5755.5 1070190
Ks9h 0.813628 864981 5755.5 1070190
Ks9s 0.813628 864981 5755.5 1070190
Ks5d 0.809811 858138 8513.5 1070190
Kh5d 0.809811 858138 8513.5 1070190
Ks8d 0.809361 860007 6163.5 1070190
Kh8d 0.809361 860007 6163.5 1070190
Ks5s 0.808974 857250 8505.5 1070190
Ks5h 0.808974 857250 8505.5 1070190
Kh5s 0.808974 857250 8505.5 1070190
Kh5h 0.808974 857250 8505.5 1070190
Ks6d 0.808697 857917 7542.5 1070190
Kh6d 0.808697 857917 7542.5 1070190
Ks8s 0.808448 859029 6163.5 1070190
Ks8h 0.808448 859029 6163.5 1070190
Kh8h 0.808448 859029 6163.5 1070190
Kh8s 0.808448 859029 6163.5 1070190
Kh6h 0.807819 856981 7538.5 1070190
Ks6s 0.807819 856981 7538.5 1070190
Ks6h 0.807819 856981 7538.5 1070190
Kh6s 0.807819 856981 7538.5 1070190
Ks4d 0.806026 854052 8549.5 1070190
Kh4d 0.806026 854052 8549.5 1070190
Ks4h 0.805189 853164 8541.5 1070190
Kh4s 0.805189 853164 8541.5 1070190
Kh4h 0.805189 853164 8541.5 1070190
Ks4s 0.805189 853164 8541.5 1070190
Kh7d 0.804795 854805 6478.5 1070190
Ks7d 0.804795 854805 6478.5 1070190
Kh7s 0.803881 853827 6478.5 1070190
Kh7h 0.803881 853827 6478.5 1070190
Ks7h 0.803881 853827 6478.5 1070190
Ks7s 0.803881 853827 6478.5 1070190
QdQc 0.773035 826822 472.5 1070190
QhQc 0.772217 825946 472.5 1070190
QsQc 0.772217 825946 472.5 1070190
JdJc 0.753559 805979 472.5 1070190
JhJc 0.752741 805103 472.5 1070190
JsJc 0.752741 805103 472.5 1070190
QsQd 0.748214 800259 472.5 1070190
QhQd 0.748214 800259 472.5 1070190
QsQh 0.747396 799383 472.5 1070190
TdTc 0.734109 785164 472.5 1070190
ThTc 0.733291 784288 472.5 1070190
TsTc 0.733291 784288 472.5 1070190
JhJd 0.729506 780237 472.5 1070190
JsJd 0.729506 780237 472.5 1070190
JsJh 0.728687 779361 472.5 1070190
Ac5c 0.721607 763053 9204 1070190
Ac4c 0.717826 759006 9204 1070190
9d9c 0.714069 763717 472.5 1070190
AcQc 0.713357 758211 5217 1070190
9s9c 0.713245 762835 472.5 1070190
9h9c 0.713245 762835 472.5 1070190
ThTd 0.710797 760215 472.5 1070190
TsTd 0.710797 760215 472.5 1070190
TsTh 0.709978 759339 472.5 1070190
AcJc 0.706744 750384 5966 1070190
AcTc 0.70043 742985 6608 1070190
8d8c 0.694055 742298 472.5 1070190
8h8c 0.693225 741410 472.5 1070190
8s8c 0.693225 741410 472.5 1070190
9h9d 0.691387 739443 472.5 1070190
9s9d 0.691387 739443 472.5 1070190
9s9h 0.690563 738561 472.5 1070190
Ac9c 0.689444 730693 7143 1070190
Ac8c 0.683629 724042 7571 1070190
Ac7c 0.678215 717927 7892 1070190
Ac3d 0.674958 718185 4148.5 1070190
7d7c 0.674683 721567 472.5 1070190
Ac6c 0.67437 713598 8106 1070190
Ac3h 0.67418 717375 4126 1070190
Ac3s 0.67418 717375 4126 1070190
7s7c 0.673854 720679 472.5 1070190
7h7c 0.673854 720679 472.5 1070190
8s8d 0.671977 718671 472.5 1070190
8h8d 0.671977 718671 472.5 1070190
8s8h 0.671148 717783 472.5 1070190
6d6c 0.666782 712526 1057.5 1070190
6s6c 0.665986 711678 1053.5 1070190
6h6c 0.665986 711678 1053.5 1070190
Ad3d 0.661672 704058 4057 1070190
5d5c 0.657602 702117 1642.5 1070190
5h5c 0.656846 701315 1634.5 1070190
5s5c 0.656846 701315 1634.5 1070190
QcJc 0.654176 692436 7657 1070190
7s7d 0.653269 698649 472.5 1070190
7h7d 0.653269 698649 472.5 1070190
7s7h 0.652439 697761 472.5 1070190
Qc3d 0.6517 688840 8602.5 1070190
Qc3h 0.650987 688132 8548 1070190
Qc3s 0.650987 688132 8548 1070190
QcTc 0.647763 684930 8299 1070190
6h6d 0.646411 690733 1049.5 1070190
6s6d 0.646411 690733 1049.5 1070190
6s6h 0.645615 689885 1045.5 1070190
Jc3d 0.6452 681011 9475.5 1070190
Jc3h 0.644517 680338 9417.5 1070190
Jc3s 0.644517 680338 9417.5 1070190
Ad3h 0.642242 683073 4247.5 1070190
Ad3s 0.642242 683073 4247.5 1070190
As3d 0.642217 683050 4244 1070190
Ah3d 0.642217 683050 4244 1070190
Qd3d 0.641598 678303 8328.5 1070190
As3s 0.641439 682240 4221.5 1070190
Ah3h 0.641439 682240 4221.5 1070190
As3h 0.641439 682240 4221.5 1070190
Ah3s 0.641439 682240 4221.5 1070190
4d4c 0.640789 684123 1642.5 1070190
4s4c 0.640032 683321 1634.5 1070190
4h4c 0.640032 683321 1634.5 1070190
Tc3d 0.638726 672970 10588.5 1070190
5s5d 0.63831 681486 1626.5 1070190
5h5d 0.63831 681486 1626.5 1070190
Tc3h 0.638074 672336 10524.5 1070190
Tc3s 0.638074 672336 10524.5 1070190
5s5h 0.637553 680684 1618.5 1070190
Qc9c 0.636543 672388 8834 1070190
Jd3d 0.636312 671756 9218.5 1070190
9c3d 0.632226 664780 11821.5 1070190
9c3h 0.631604 664186 11750 1070190
9c3s 0.631604 664186 11750 1070190
5c3d 0.631416 658524 17211.5 1070190
Td3d 0.631063 665017 10340.5 1070190
5c3h 0.630856 658021 17115 1070190
5c3s 0.630856 658021 17115 1070190
4c3d 0.629805 656766 17244.5 1070190
4c3h 0.629244 656263 17148 1070190
4c3s 0.629244 656263 17148 1070190
5d3d 0.629086 656376 16865.5 1070190
4d3d 0.628693 655919 16901.5 1070190
6c3d 0.627124 655272 15869.5 1070190
6c3s 0.626562 654764 15776.5 1070190
6c3h 0.626562 654764 15776.5 1070190
8c3d 0.6262 657098 13054.5 1070190
9d3d 0.625775 658122 11576.5 1070190
8c3h 0.625606 656542 12975 1070190
8c3s 0.625606 656542 12975 1070190
Qc8c 0.625089 659702 9262 1070190
6d3d 0.623894 652114 15571 1070190
4s4d 0.622202 664248 1626.5 1070190
4h4d 0.622202 664248 1626.5 1070190
5c4c 0.621628 657126 8134 1070190
4s4h 0.621445 663446 1618.5 1070190
Qd3h 0.621327 656250 8687.5 1070190
Qd3s 0.621327 656250 8687.5 1070190
Qh3d 0.621208 656091 8719.5 1070190
Qs3d 0.621208 656091 8719.5 1070190
7c3d 0.62115 650581 14167.5 1070190
8d3d 0.620966 651743 12808.5 1070190
Qc6c 0.620938 654242 10279.5 1070190
7c3s 0.62058 650058 14080.5 1070190
7c3h 0.62058 650058 14080.5 1070190
Qs3s 0.620495 655383 8665 1070190
Qs3h 0.620495 655383 8665 1070190
Qh3h 0.620495 655383 8665 1070190
Qh3s 0.620495 655383 8665 1070190
Qc5c 0.620139 652798 10869 1070190
Qc7c 0.619575 653480 9583 1070190
7d3d 0.617153 646552 13918.5 1070190
Jd3s 0.616044 649682 9602 1070190
Jd3h 0.616044 649682 9602 1070190
Js3d 0.615896 649488 9637.5 1070190
Jh3d 0.615896 649488 9637.5 1070190
Qc4c 0.615828 648184 10869 1070190
Js3h 0.615213 648815 9579.5 1070190
Js3s 0.615213 648815 9579.5 1070190
Jh3s 0.615213 648815 9579.5 1070190
Jh3h 0.615213 648815 9579.5 1070190
Ac2d 0.611838 649838 4945 1070190
JcTc 0.611153 645966 8084 1070190
Ac2h 0.61106 649028 4922.5 1070190
Ac2s 0.61106 649028 4922.5 1070190
Td3h 0.610763 642866 10766 1070190
Td3s 0.610763 642866 10766 1070190
Ts3d 0.610584 642633 10807.5 1070190
Th3d 0.610584 642633 10807.5 1070190
5d3s 0.610018 635206 17629.5 1070190
5d3h 0.610018 635206 17629.5 1070190
Th3h 0.609931 641999 10743.5 1070190
Th3s 0.609931 641999 10743.5 1070190
Ts3h 0.609931 641999 10743.5 1070190
Ts3s 0.609931 641999 10743.5 1070190
5s3d 0.60981 634916 17696.5 1070190
5h3d 0.60981 634916 17696.5 1070190
4d3h 0.609651 634777 17665.5 1070190
4d3s 0.609651 634777 17665.5 1070190
4h3d 0.609443 634487 17732.5 1070190
4s3d 0.609443 634487 17732.5 1070190
5s3s 0.60925 634413 17600 1070190
5s3h 0.60925 634413 17600 1070190
5h3s 0.60925 634413 17600 1070190
5h3h 0.60925 634413 17600 1070190
4s3h 0.608883 633984 17636 1070190
4s3s 0.608883 633984 17636 1070190
4h3s 0.608883 633984 17636 1070190
4h3h 0.608883 633984 17636 1070190
9d3h 0.605369 635805 12054.5 1070190
9d3s 0.605369 635805 12054.5 1070190
9s3d 0.605154 635526 12103.5 1070190
9h3d 0.605154 635526 12103.5 1070190
9s3h 0.604532 634932 12032 1070190
9h3s 0.604532 634932 12032 1070190
9h3h 0.604532 634932 12032 1070190
9s3s 0.604532 634932 12032 1070190
6d3h 0.604125 630274 16255 1070190
6d3s 0.604125 630274 16255 1070190
6h3d 0.603879 629943 16322 1070190
6s3d 0.603879 629943 16322 1070190
6h3s 0.603317 629435 16229 1070190
6h3h 0.603317 629435 16229 1070190
6s3s 0.603317 629435 16229 1070190
6s3h 0.603317 629435 16229 1070190
8d3s 0.600443 629246 13342.5 1070190
8d3h 0.600443 629246 13342.5 1070190
8s3d 0.600195 628923 13399.5 1070190
8h3d 0.600195 628923 13399.5 1070190
Jc9c 0.599934 633424 8619 1070190
8s3h 0.599601 628367 13320 1070190
8h3h 0.599601 628367 13320 1070190
8h3s 0.599601 628367 13320 1070190
8s3s 0.599601 628367 13320 1070190
Ad2d 0.598378 635538 4840 1070190
7d3h 0.596568 623936 14505 1070190
7d3s 0.596568 623936 14505 1070190
7h3d 0.596296 623580 14569.5 1070190
7s3d 0.596296 623580 14569.5 1070190
7s3h 0.595726 623057 14482.5 1070190
7s3s 0.595726 623057 14482.5 1070190
7h3s 0.595726 623057 14482.5 1070190
7h3h 0.595726 623057 14482.5 1070190
Jc8c 0.58848 620738 9047 1070190
Qc2d 0.586997 619084 9114 1070190
Qc2h 0.586284 618376 9059.5 1070190
Qc2s 0.586284 618376 9059.5 1070190
Jc6c 0.584599 615567 10064.5 1070190
Jc5c 0.584339 614700 10654 1070190
Jc7c 0.582966 614516 9368 1070190
Jc4c 0.580028 610086 10654 1070190
Jc2d 0.579555 610334 9900 1070190
Jc2h 0.578872 609661 9842 1070190
Jc2s 0.578872 609661 9842 1070190
Qd2d 0.576732 608388 8825 1070190
Ah2d 0.576163 611577 5027 1070190
As2d 0.576163 611577 5027 1070190
Ad2s 0.576155 611565 5030.5 1070190
Ad2h 0.576155 611565 5030.5 1070190
As2s 0.575385 610767 5004.5 1070190
As2h 0.575385 610767 5004.5 1070190
Ah2s 0.575385 610767 5004.5 1070190
Ah2h 0.575385 610767 5004.5 1070190
Ac5d 0.574654 602440 12548.5 1070190
Ac5s 0.573885 601651 12514.5 1070190
Ac5h 0.573885 601651 12514.5 1070190
Tc2d 0.572271 601513 10926 1070190
Tc2s 0.571619 600879 10862 1070190
Tc2h 0.571619 600879 10862 1070190
Jd2d 0.570509 600926 9626.5 1070190
Ac4d 0.568551 595909 12548.5 1070190
Tc9c 0.568192 599776 8297 1070190
Ac4h 0.567782 595120 12514.5 1070190
Ac4s 0.567782 595120 12514.5 1070190
9c2d 0.565092 592684 12072 1070190
5c2d 0.564475 586982 17114 1070190
9c2s 0.56447 592090 12000.5 1070190
9c2h 0.56447 592090 12000.5 1070190
Td2d 0.564454 593413 10660 1070190
5c2h 0.563915 586479 17017.5 1070190
5c2s 0.563915 586479 17017.5 1070190
4c2d 0.562844 585290 17060 1070190
Ad5d 0.562744 590486 11756.5 1070190
4c2h 0.562284 584787 16963.5 1070190
4c2s 0.562284 584787 16963.5 1070190
Ad5c 0.562223 589195 12490 1070190
5d2d 0.561993 584697 16742.5 1070190
4d2d 0.561584 584312 16690 1070190
Ah5c 0.561582 588572 12427.5 1070190
As5c 0.561582 588572 12427.5 1070190
6c2d 0.559373 582776 15859 1070190
6c2s 0.558811 582268 15766 1070190
6c2h 0.558811 582268 15766 1070190
8c2d 0.55852 584504 13218 1070190
9d2d 0.558492 585885 11807.5 1070190
8c2h 0.557926 583948 13138.5 1070190
8c2s 0.557926 583948 13138.5 1070190
AcQd 0.557017 588818 7296 1070190
Ad4d 0.556882 584213 11756.5 1070190
Tc8c 0.556738 587090 8725 1070190
AcQh 0.556204 587970 7273.5 1070190
AcQs 0.556204 587970 7273.5 1070190
6d2d 0.555998 579487 15536.5 1070190
Ad4c 0.555063 581533 12490 1070190
Ah4c 0.554442 580931 12427.5 1070190
As4c 0.554442 580931 12427.5 1070190
Qd2s 0.55363 583305 9184 1070190
Qd2h 0.55363 583305 9184 1070190
AdQc 0.553589 585187 7258.5 1070190
Qh2d 0.553545 583182 9216 1070190
Qs2d 0.553545 583182 9216 1070190
8d2d 0.55314 579014 12951 1070190
Tc5c 0.553137 581630 10332 1070190
7c2d 0.553055 577630 14244 1070190
Tc6c 0.552992 582064 9742.5 1070190
Qh2s 0.552832 582474 9161.5 1070190
Qh2h 0.552832 582474 9161.5 1070190
Qs2h 0.552832 582474 9161.5 1070190
Qs2s 0.552832 582474 9161.5 1070190
AhQc 0.552811 584384 7228.5 1070190
AsQc 0.552811 584384 7228.5 1070190
7c2h 0.552485 577107 14157 1070190
7c2s 0.552485 577107 14157 1070190
Tc7c 0.551224 580868 9046 1070190
6c5c 0.551218 581908 8000 1070190
7d2d 0.548916 573472 13972.5 1070190
Tc4c 0.548826 577016 10332 1070190
6c4c 0.547436 577861 8000 1070190
Jd2s 0.547409 575822 10010 1070190
Jd2h 0.547409 575822 10010 1070190
Jh2d 0.547295 575664 10045.5 1070190
Js2d 0.547295 575664 10045.5 1070190
AcJd 0.547278 577394 8297 1070190
Jh2s 0.546612 574991 9987.5 1070190
Jh2h 0.546612 574991 9987.5 1070190
Js2h 0.546612 574991 9987.5 1070190
Js2s 0.546612 574991 9987.5 1070190
AcJs 0.546464 576546 8274.5 1070190
AcJh 0.546464 576546 8274.5 1070190
AdQd 0.545223 576590 6902.5 1070190
AdJc 0.542537 572372 8245.5 1070190
AhJc 0.541797 571617 8208.5 1070190
AsJc 0.541797 571617 8208.5 1070190
Td2h 0.541322 568232 11085.5 1070190
Td2s 0.541322 568232 11085.5 1070190
Ah5d 0.541208 566830 12365 1070190
As5d 0.541208 566830 12365 1070190
Th2d 0.541177 568035 11127 1070190
Ts2d 0.541177 568035 11127 1070190
Ad5h 0.541079 566664 12393.5 1070190
Ad5s 0.541079 566664 12393.5 1070190
Ts2h 0.540525 567401 11063 1070190
Ts2s 0.540525 567401 11063 1070190
Th2h 0.540525 567401 11063 1070190
Th2s 0.540525 567401 11063 1070190
As5s 0.540439 566041 12331 1070190
As5h 0.540439 566041 12331 1070190
Ah5h 0.540439 566041 12331 1070190
Ah5s 0.540439 566041 12331 1070190
5d2s 0.540193 560603 17506.5 1070190
5d2h 0.540193 560603 17506.5 1070190
5h2d 0.540017 560347 17573.5 1070190
5s2d 0.540017 560347 17573.5 1070190
4d2s 0.539811 560246 17454 1070190
4d2h 0.539811 560246 17454 1070190
4h2d 0.539634 559990 17521 1070190
4s2d 0.539634 559990 17521 1070190
5h2h 0.539457 559844 17477 1070190
5h2s 0.539457 559844 17477 1070190
5s2h 0.539457 559844 17477 1070190
5s2s 0.539457 559844 17477 1070190
4h2h 0.539074 559487 17424.5 1070190
4s2s 0.539074 559487 17424.5 1070190
4h2s 0.539074 559487 17424.5 1070190
4s2h 0.539074 559487 17424.5 1070190
AcTd 0.537939 566542 9155 1070190
AcTh 0.537126 565694 9132.5 1070190
AcTs 0.537126 565694 9132.5 1070190
AdJd 0.535925 565736 7805.5 1070190
9d2s 0.535254 560538 12285.5 1070190
9d2h 0.535254 560538 12285.5 1070190
Ah4d 0.53513 560326 12365 1070190
As4d 0.53513 560326 12365 1070190
9h2d 0.535073 560295 12334.5 1070190
9s2d 0.535073 560295 12334.5 1070190
Ad4s 0.534982 560139 12393.5 1070190
Ad4h 0.534982 560139 12393.5 1070190
9h2s 0.534451 559701 12263 1070190
9s2s 0.534451 559701 12263 1070190
9s2h 0.534451 559701 12263 1070190
9h2h 0.534451 559701 12263 1070190
Ah4s 0.534361 559537 12331 1070190
Ah4h 0.534361 559537 12331 1070190
As4h 0.534361 559537 12331 1070190
As4s 0.534361 559537 12331 1070190
6d2h 0.533438 554659 16220.5 1070190
6d2s 0.533438 554659 16220.5 1070190
6h2d 0.533224 554363 16287.5 1070190
6s2d 0.533224 554363 16287.5 1070190
6s2h 0.532662 553855 16194.5 1070190
6h2h 0.532662 553855 16194.5 1070190
6s2s 0.532662 553855 16194.5 1070190
6h2s 0.532662 553855 16194.5 1070190
AdTc 0.531906 560149 9091.5 1070190
AsTc 0.531201 559438 9048.5 1070190
AhTc 0.531201 559438 9048.5 1070190
9c8c 0.530264 559187 8296 1070190
8d2s 0.529786 553487 13485 1070190
8d2h 0.529786 553487 13485 1070190
8s2d 0.529571 553200 13542 1070190
8h2d 0.529571 553200 13542 1070190
8s2s 0.528978 552644 13462.5 1070190
8s2h 0.528978 552644 13462.5 1070190
8h2h 0.528978 552644 13462.5 1070190
8h2s 0.528978 552644 13462.5 1070190
AdTd 0.526988 555398 8579.5 1070190
9c5c 0.526934 554017 9903 1070190
9c6c 0.526519 554162 9313.5 1070190
7d2s 0.5255 547826 14559 1070190
7d2h 0.5255 547826 14559 1070190
7h2d 0.525261 547506 14623.5 1070190
7s2d 0.525261 547506 14623.5 1070190
9c7c 0.52475 552965 8617 1070190
7h2h 0.524691 546983 14536.5 1070190
7h2s 0.524691 546983 14536.5 1070190
7s2s 0.524691 546983 14536.5 1070190
7s2h 0.524691 546983 14536.5 1070190
9c4c 0.522623 549403 9903 1070190
AsQd 0.521441 550841 7199.5 1070190
AhQd 0.521441 550841 7199.5 1070190
AdQs 0.521406 550796 7207 1070190
AdQh 0.521406 550796 7207 1070190
Ac9d 0.520684 547361 9870 1070190
AhQh 0.520627 549993 7177 1070190
AhQs 0.520627 549993 7177 1070190
AsQs 0.520627 549993 7177 1070190
AsQh 0.520627 549993 7177 1070190
Ac9s 0.519869 546511 9847.5 1070190
Ac9h 0.519869 546511 9847.5 1070190
Ad9c 0.513422 539663 9796.5 1070190
Ah9c 0.512751 538992 9748.5 1070190
As9c 0.512751 538992 9748.5 1070190
Ac8d 0.511808 537290 10442 1070190
AhJd 0.511721 539459 8179.5 1070190
AsJd 0.511721 539459 8179.5 1070190
AdJs 0.511647 539366 8194 1070190
AdJh 0.511647 539366 8194 1070190
Ac8h 0.510987 536434 10419.5 1070190
Ac8s 0.510987 536434 10419.5 1070190
AhJs 0.510907 538611 8157 1070190
AsJs 0.510907 538611 8157 1070190
AhJh 0.510907 538611 8157 1070190
AsJh 0.510907 538611 8157 1070190
Ad9d 0.510267 536858 9224.5 1070190
8c5c 0.50533 531432 9367 1070190
8c6c 0.504779 531432 8777.5 1070190
Ac7d 0.503672 528154 10871 1070190
Ad8c 0.503357 528327 10360.5 1070190
8c7c 0.503143 530378 8081 1070190
Ac7s 0.502851 527298 10848.5 1070190
Ac7h 0.502851 527298 10848.5 1070190
Ah8c 0.502715 527692 10308.5 1070190
As8c 0.502715 527692 10308.5 1070190
AhTd 0.502394 528637 9019.5 1070190
AsTd 0.502394 528637 9019.5 1070190
AdTh 0.502285 528500 9040 1070190
AdTs 0.502285 528500 9040 1070190
Ad8d 0.501751 527228 9740.5 1070190
AhTs 0.50158 527789 8997 1070190
AhTh 0.50158 527789 8997 1070190
AsTs 0.50158 527789 8997 1070190
AsTh 0.50158 527789 8997 1070190
8c4c 0.501019 526818 9367 1070190
Ac6d 0.499002 522887 11139.5 1070190
Ac6s 0.498217 522073 11113.5 1070190
Ac6h 0.498217 522073 11113.5 1070190
Ad7c 0.49399 517880 10783.5 1070190
Ad7d 0.493899 518438 10127.5 1070190
Ah7c 0.493375 517277 10728.5 1070190
As7c 0.493375 517277 10728.5 1070190
Ad6d 0.489089 513033 10385.5 1070190
7c5c 0.488474 514518 8241.5 1070190
Ad6c 0.488065 511239 11083 1070190
7c6c 0.487922 514517 7652 1070190
As6c 0.48747 510656 11029.5 1070190
Ah6c 0.48747 510656 11029.5 1070190
Ah9d 0.48476 509066 9719.5 1070190
As9d 0.48476 509066 9719.5 1070190
Ad9s 0.484617 508887 9745 1070190
Ad9h 0.484617 508887 9745 1070190
7c4c 0.484162 509904 8241.5 1070190
Ah9h 0.483945 508216 9697 1070190
Ah9s 0.483945 508216 9697 1070190
As9s 0.483945 508216 9697 1070190
As9h 0.483945 508216 9697 1070190
QcJd 0.477087 500942 9631.5 1070190
QcJs 0.476309 500136 9605.5 1070190
QcJh 0.476309 500136 9605.5 1070190
As8d 0.47587 498992 10279.5 1070190
Ah8d 0.47587 498992 10279.5 1070190
Ad8h 0.475691 498771 10309 1070190
Ad8s 0.475691 498771 10309 1070190
QdJc 0.475671 499462 9596.5 1070190
As8h 0.475049 498136 10257 1070190
Ah8h 0.475049 498136 10257 1070190
Ah8s 0.475049 498136 10257 1070190
As8s 0.475049 498136 10257 1070190
QsJc 0.4749 498670 9563.5 1070190
QhJc 0.4749 498670 9563.5 1070190
QdJd 0.470709 494757 8991 1070190
As7d 0.46772 489850 10699.5 1070190
Ah7d 0.46772 489850 10699.5 1070190
QcTd 0.467581 489911 10489.5 1070190
Ad7h 0.467514 489597 10732 1070190
Ad7s 0.467514 489597 10732 1070190
Ah7h 0.466899 488994 10677 1070190
Ah7s 0.466899 488994 10677 1070190
As7s 0.466899 488994 10677 1070190
As7h 0.466899 488994 10677 1070190
QcTs 0.466804 489105 10463.5 1070190
QcTh 0.466804 489105 10463.5 1070190
QdTc 0.464878 487065 10442.5 1070190
QsTc 0.464143 486318 10403.5 1070190
QhTc 0.464143 486318 10403.5 1070190
As6d 0.463058 484577 10983 1070190
Ah6d 0.463058 484577 10983 1070190
Ad6s 0.462868 484346 11010.5 1070190
Ad6h 0.462868 484346 11010.5 1070190
Ah6s 0.462273 483763 10957 1070190
As6h 0.462273 483763 10957 1070190
As6s 0.462273 483763 10957 1070190
Ah6h 0.462273 483763 10957 1070190
QdTd 0.461615 484251 9765 1070190
Qc9d 0.449936 470313 11204.5 1070190
Qc9s 0.449156 469504 11178.5 1070190
Qc9h 0.449156 469504 11178.5 1070190
Qd9c 0.446018 466177 11147.5 1070190
Qh9c 0.445319 465472 11103.5 1070190
Qs9c 0.445319 465472 11103.5 1070190
Qd9d 0.444525 465316 10410 1070190
QhJd 0.443546 465170 9508.5 1070190
QsJd 0.443546 465170 9508.5 1070190
QdJh 0.443539 465156 9515.5 1070190
QdJs 0.443539 465156 9515.5 1070190
QhJs 0.442769 464364 9482.5 1070190
QhJh 0.442769 464364 9482.5 1070190
QsJs 0.442769 464364 9482.5 1070190
QsJh 0.442769 464364 9482.5 1070190
5d4d 0.442726 464216 9585 1070190
5c4d 0.439462 460153 10154.5 1070190
5c4s 0.438834 459523 10112.5 1070190
5c4h 0.438834 459523 10112.5 1070190
5d4c 0.438197 458800 10154.5 1070190
5s4c 0.437569 458170 10112.5 1070190
5h4c 0.437569 458170 10112.5 1070190
QhTd 0.434051 454169 10348.5 1070190
QsTd 0.434051 454169 10348.5 1070190
QdTh 0.434008 454110 10361.5 1070190
QdTs 0.434008 454110 10361.5 1070190
QsTh 0.433274 453363 10322.5 1070190
QsTs 0.433274 453363 10322.5 1070190
QhTs 0.433274 453363 10322.5 1070190
QhTh 0.433274 453363 10322.5 1070190
Qc8d 0.431827 450360 11776.5 1070190
Qc8s 0.431044 449549 11750.5 1070190
Qc8h 0.431044 449549 11750.5 1070190
Qc5d 0.427727 443537 14212.5 1070190
Qc6d 0.427262 443971 13280.5 1070190
Qc5s 0.427011 442803 14179.5 1070190
Qc5h 0.427011 442803 14179.5 1070190
Qd8d 0.426941 445982 10926 1070190
Qd8c 0.426705 444944 11711.5 1070190
Qc6s 0.426513 443199 13251 1070190
Qc6h 0.426513 443199 13251 1070190
Qh8c 0.426036 444276 11663.5 1070190
Qs8c 0.426036 444276 11663.5 1070190
Qc7d 0.423523 441045 12205.5 1070190
Qc7h 0.422741 440234 12179.5 1070190
Qc7s 0.422741 440234 12179.5 1070190
Qd5d 0.422589 439022 13229 1070190
Qd6d 0.422366 439676 12335.5 1070190
Qc4d 0.420991 436328 14212.5 1070190
Qc4s 0.420274 435594 14179.5 1070190
Qc4h 0.420274 435594 14179.5 1070190
Qd6c 0.419657 435890 13223 1070190
Qs6c 0.419033 435275 13170 1070190
Qh6c 0.419033 435275 13170 1070190
Qd7d 0.418932 437024 11313 1070190
Qd5c 0.418865 434095 14170.5 1070190
Qs5c 0.418256 433497 14116.5 1070190
Qh5c 0.418256 433497 14116.5 1070190
5h4d 0.417775 437073 10025.5 1070190
5d4s 0.417775 437073 10025.5 1070190
5d4h 0.417775 437073 10025.5 1070190
5s4d 0.417775 437073 10025.5 1070190
Qd7c 0.417176 434323 12134.5 1070190
5h4h 0.417147 436443 9983.5 1070190
5h4s 0.417147 436443 9983.5 1070190
5s4h 0.417147 436443 9983.5 1070190
5s4s 0.417147 436443 9983.5 1070190
Qh7c 0.416535 433688 12083.5 1070190
Qs7c 0.416535 433688 12083.5 1070190
Qd4d 0.416052 432026 13229 1070190
Qh9d 0.416026 434178 11048.5 1070190
Qs9d 0.416026 434178 11048.5 1070190
Qd9h 0.415945 434074 11066.5 1070190
Qd9s 0.415945 434074 11066.5 1070190
Qs9h 0.415245 433369 11022.5 1070190
Qs9s 0.415245 433369 11022.5 1070190
Qh9h 0.415245 433369 11022.5 1070190
Qh9s 0.415245 433369 11022.5 1070190
JcTd 0.414244 433117 10202.5 1070190
JcTs 0.413499 432346 10176.5 1070190
JcTh 0.413499 432346 10176.5 1070190
JdTc 0.412861 431679 10160.5 1070190
JsTc 0.412127 430932 10122.5 1070190
JhTc 0.412127 430932 10122.5 1070190
Qd4c 0.410999 425677 14170.5 1070190
JdTd 0.410949 430298 9495 1070190
Qh4c 0.41041 425100 14116.5 1070190
Qs4c 0.41041 425100 14116.5 1070190
Qh8d 0.397487 413778 11608.5 1070190
Qs8d 0.397487 413778 11608.5 1070190
Qd8h 0.397374 413635 11630.5 1070190
Qd8s 0.397374 413635 11630.5 1070190
Qh8h 0.396705 412967 11582.5 1070190
Qh8s 0.396705 412967 11582.5 1070190
Qs8h 0.396705 412967 11582.5 1070190
Qs8s 0.396705 412967 11582.5 1070190
Jc9d 0.396599 413519 10917.5 1070190
Jc9h 0.395852 412745 10891.5 1070190
Jc9s 0.395852 412745 10891.5 1070190
Jd9c 0.394002 410791 10865.5 1070190
Qh5d 0.393986 407554 14085.5 1070190
Qs5d 0.393986 407554 14085.5 1070190
Qd5s 0.393878 407418 14106.5 1070190
Qd5h 0.393878 407418 14106.5 1070190
Jd9d 0.393858 411363 10140 1070190
Js9c 0.393303 410086 10822.5 1070190
Jh9c 0.393303 410086 10822.5 1070190
Qh6d 0.393276 407753 13127 1070190
Qs6d 0.393276 407753 13127 1070190
Qh5h 0.393269 406820 14052.5 1070190
Qs5h 0.393269 406820 14052.5 1070190
Qs5s 0.393269 406820 14052.5 1070190
Qh5s 0.393269 406820 14052.5 1070190
Qd6s 0.393151 407596 13150.5 1070190
Qd6h 0.393151 407596 13150.5 1070190
Qh6s 0.392527 406981 13097.5 1070190
Qs6s 0.392527 406981 13097.5 1070190
Qs6h 0.392527 406981 13097.5 1070190
Qh6h 0.392527 406981 13097.5 1070190
Qs7d 0.38917 404457 12028.5 1070190
Qh7d 0.38917 404457 12028.5 1070190
Qd7s 0.389029 404281 12053.5 1070190
Qd7h 0.389029 404281 12053.5 1070190
Qh7h 0.388388 403646 12002.5 1070190
Qh7s 0.388388 403646 12002.5 1070190
Qs7h 0.388388 403646 12002.5 1070190
Qs7s 0.388388 403646 12002.5 1070190
Qh4d 0.387233 400327 14085.5 1070190
Qs4d 0.387233 400327 14085.5 1070190
Qd4s 0.387106 400170 14106.5 1070190
Qd4h 0.387106 400170 14106.5 1070190
Qs4s 0.386516 399593 14052.5 1070190
Qs4h 0.386516 399593 14052.5 1070190
Qh4s 0.386516 399593 14052.5 1070190
Qh4h 0.386516 399593 14052.5 1070190
JhTd 0.380991 397665 10067.5 1070190
JsTd 0.380991 397665 10067.5 1070190
JdTs 0.38098 397641 10079.5 1070190
JdTh 0.38098 397641 10079.5 1070190
JsTh 0.380246 396894 10041.5 1070190
JhTs 0.380246 396894 10041.5 1070190
JhTh 0.380246 396894 10041.5 1070190
JsTs 0.380246 396894 10041.5 1070190
Jc8d 0.378489 393566 11489.5 1070190
Jc8h 0.37774 392790 11463.5 1070190
Jc8s 0.37774 392790 11463.5 1070190
Jd8d 0.376274 392029 10656 1070190
Jc5d 0.375586 388023 13925.5 1070190
Jc5h 0.3749 387322 13892.5 1070190
Jc5s 0.3749 387322 13892.5 1070190
Jd8c 0.374688 389558 11429.5 1070190
Jc6d 0.374305 387584 12993.5 1070190
Js8c 0.37402 388890 11382.5 1070190
Jh8c 0.37402 388890 11382.5 1070190
Jc6s 0.373588 386846 12964 1070190
Jc6h 0.373588 386846 12964 1070190
Jd5d 0.373085 386313 12959 1070190
Jd6d 0.372068 386118 12065.5 1070190
Jc7d 0.370186 384251 11918.5 1070190
Jc7h 0.369437 383475 11892.5 1070190
Jc7s 0.369437 383475 11892.5 1070190
Jc4d 0.36885 380814 13925.5 1070190
Jd7d 0.368265 383071 11043 1070190
Jc4s 0.368164 380113 13892.5 1070190
Jc4h 0.368164 380113 13892.5 1070190
Jd5c 0.368054 379999 13888.5 1070190
Jd6c 0.368025 380916 12941 1070190
Js5c 0.367446 379401 13835.5 1070190
Jh5c 0.367446 379401 13835.5 1070190
Jh6c 0.367402 380301 12889 1070190
Js6c 0.367402 380301 12889 1070190
Jd4d 0.366548 379317 12959 1070190
Jd7c 0.365159 378937 11852.5 1070190
Js7c 0.364519 378302 11802.5 1070190
Jh7c 0.364519 378302 11802.5 1070190
Jh9d 0.362965 377674 10767.5 1070190
Js9d 0.362965 377674 10767.5 1070190
Jd9s 0.362916 377605 10784.5 1070190
Jd9h 0.362916 377605 10784.5 1070190
Js9h 0.362217 376900 10741.5 1070190
Js9s 0.362217 376900 10741.5 1070190
Jh9s 0.362217 376900 10741.5 1070190
Jh9h 0.362217 376900 10741.5 1070190
Jd4c 0.360188 371581 13888.5 1070190
Jh4c 0.359599 371004 13835.5 1070190
Js4c 0.359599 371004 13835.5 1070190
Tc9d 0.350405 364512 10487.5 1070190
Td9d 0.350145 364981 9741 1070190
Tc9s 0.34969 363773 10461.5 1070190
Tc9h 0.34969 363773 10461.5 1070190
Td9c 0.349103 363164 10442.5 1070190
Th9c 0.348406 362459 10401.5 1070190
Ts9c 0.348406 362459 10401.5 1070190
Jh8d 0.344426 357274 11327.5 1070190
Js8d 0.344426 357274 11327.5 1070190
Jd8h 0.344345 357166 11348.5 1070190
Jd8s 0.344345 357166 11348.5 1070190
Jh8s 0.343677 356498 11301.5 1070190
Js8s 0.343677 356498 11301.5 1070190
Jh8h 0.343677 356498 11301.5 1070190
Js8h 0.343677 356498 11301.5 1070190
Js5d 0.342166 352378 13804.5 1070190
Jh5d 0.342166 352378 13804.5 1070190
Jd5h 0.342088 352275 13824.5 1070190
Jd5s 0.342088 352275 13824.5 1070190
Jh5h 0.34148 351677 13771.5 1070190
Jh5s 0.34148 351677 13771.5 1070190
Js5s 0.34148 351677 13771.5 1070190
Js5h 0.34148 351677 13771.5 1070190
Jh6d 0.34061 351671 12846 1070190
Js6d 0.34061 351671 12846 1070190
Jd6s 0.340516 351548 12868.5 1070190
Jd6h 0.340516 351548 12868.5 1070190
Jh6s 0.339892 350933 12816.5 1070190
Js6h 0.339892 350933 12816.5 1070190
Js6s 0.339892 350933 12816.5 1070190
Jh6h 0.339892 350933 12816.5 1070190
6d5d 0.336753 351003 9387 1070190
Jh7d 0.336109 347953 11747.5 1070190
Js7d 0.336109 347953 11747.5 1070190
Jd7s 0.336 347812 11771.5 1070190
Jd7h 0.336 347812 11771.5 1070190
Jh4d 0.335413 345151 13804.5 1070190
Js4d 0.335413 345151 13804.5 1070190
Js7s 0.33536 347177 11721.5 1070190
Js7h 0.33536 347177 11721.5 1070190
Jh7h 0.33536 347177 11721.5 1070190
Jh7s 0.33536 347177 11721.5 1070190
Jd4h 0.335316 345027 13824.5 1070190
Jd4s 0.335316 345027 13824.5 1070190
Jh4s 0.334727 344450 13771.5 1070190
Jh4h 0.334727 344450 13771.5 1070190
Js4s 0.334727 344450 13771.5 1070190
Js4h 0.334727 344450 13771.5 1070190
Td8d 0.332562 345647 10257 1070190
Tc8d 0.332295 344559 11059.5 1070190
6c5d 0.331874 345135 10033.5 1070190
Tc8h 0.331578 343818 11033.5 1070190
Tc8s 0.331578 343818 11033.5 1070190
6c5h 0.331267 344519 9999.5 1070190
6c5s 0.331267 344519 9999.5 1070190
6d4d 0.330892 344730 9387 1070190
6d5c 0.330688 343883 10016.5 1070190
Tc5d 0.330152 339830 13495.5 1070190
Td5d 0.330111 340721 12560 1070190
6h5c 0.330065 343257 9975.5 1070190
6s5c 0.330065 343257 9975.5 1070190
Td8c 0.32979 341931 11006.5 1070190
Tc5h 0.329497 339162 13462.5 1070190
Tc5s 0.329497 339162 13462.5 1070190
Ts8c 0.329123 341263 10961.5 1070190
Th8c 0.329123 341263 10961.5 1070190
Td6d 0.328512 339904 11666.5 1070190
Tc6d 0.328273 338751 12563.5 1070190
Tc6h 0.327588 338047 12534 1070190
Tc6s 0.327588 338047 12534 1070190
6c4d 0.325772 338604 10033.5 1070190
6c4h 0.325164 337988 9999.5 1070190
6c4s 0.325164 337988 9999.5 1070190
Td7d 0.324553 336689 10644 1070190
Tc7d 0.323992 335244 11488.5 1070190
Td5c 0.323925 333196 13465.5 1070190
Td4d 0.323573 333725 12560 1070190
6d4c 0.323529 336221 10016.5 1070190
Tc4d 0.323416 332621 13495.5 1070190
Th5c 0.323319 332598 13414.5 1070190
Ts5c 0.323319 332598 13414.5 1070190
Td6c 0.323294 333468 12518 1070190
Tc7s 0.323275 334503 11462.5 1070190
Tc7h 0.323275 334503 11462.5 1070190
6h4c 0.322925 335616 9975.5 1070190
6s4c 0.322925 335616 9975.5 1070190
Tc4h 0.322761 331953 13462.5 1070190
Tc4s 0.322761 331953 13462.5 1070190
Th6c 0.322673 332853 12468 1070190
Ts6c 0.322673 332853 12468 1070190
Td7c 0.32026 331310 11429.5 1070190
Ts7c 0.319622 330675 11381.5 1070190
Th7c 0.319622 330675 11381.5 1070190
Th9d 0.3172 329118 10346.5 1070190
Ts9d 0.3172 329118 10346.5 1070190
Td9h 0.317182 329084 10361.5 1070190
Td9s 0.317182 329084 10361.5 1070190
Th9s 0.316485 328379 10320.5 1070190
Th9h 0.316485 328379 10320.5 1070190
Ts9s 0.316485 328379 10320.5 1070190
Ts9h 0.316485 328379 10320.5 1070190
Td4c 0.316059 324778 13465.5 1070190
Th4c 0.315472 324201 13414.5 1070190
Ts4c 0.315472 324201 13414.5 1070190
6d5h 0.305387 316911 9911.5 1070190
6d5s 0.305387 316911 9911.5 1070190
6h5d 0.305371 316901 9904.5 1070190
6s5d 0.305371 316901 9904.5 1070190
6h5h 0.304764 316285 9870.5 1070190
6h5s 0.304764 316285 9870.5 1070190
6s5h 0.304764 316285 9870.5 1070190
6s5s 0.304764 316285 9870.5 1070190
6h4d 0.299294 310397 9904.5 1070190
6s4d 0.299294 310397 9904.5 1070190
6d4s 0.29929 310386 9911.5 1070190
6d4h 0.29929 310386 9911.5 1070190
6s4s 0.298687 309781 9870.5 1070190
6s4h 0.298687 309781 9870.5 1070190
6h4h 0.298687 309781 9870.5 1070190
6h4s 0.298687 309781 9870.5 1070190
Ts8d 0.298661 308718 10906.5 1070190
Th8d 0.298661 308718 10906.5 1070190
Td8s 0.298611 308645 10925.5 1070190
Td8h 0.298611 308645 10925.5 1070190
Ts8h 0.297945 307977 10880.5 1070190
Th8s 0.297945 307977 10880.5 1070190
Th8h 0.297945 307977 10880.5 1070190
Ts8s 0.297945 307977 10880.5 1070190
Th5d 0.29719 304666 13383.5 1070190
Ts5d 0.29719 304666 13383.5 1070190
Td5h 0.297141 304596 13401.5 1070190
Td5s 0.297141 304596 13401.5 1070190
Th5s 0.296535 303998 13350.5 1070190
Th5h 0.296535 303998 13350.5 1070190
Ts5h 0.296535 303998 13350.5 1070190
Ts5s 0.296535 303998 13350.5 1070190
9d8d 0.296307 307376 9729 1070190
Th6d 0.295013 303295 12425 1070190
Ts6d 0.295013 303295 12425 1070190
Td6h 0.294949 303206 12445.5 1070190
Td6s 0.294949 303206 12445.5 1070190
Ts6h 0.294328 302591 12395.5 1070190
Th6h 0.294328 302591 12395.5 1070190
Th6s 0.294328 302591 12395.5 1070190
Ts6s 0.294328 302591 12395.5 1070190
9d5d 0.29417 302786 12032 1070190
9c8d 0.29377 303903 10486.5 1070190
9c8h 0.293086 303197 10460.5 1070190
9c8s 0.293086 303197 10460.5 1070190
9d8c 0.292489 302576 10442.5 1070190
9d6d 0.292203 301574 11138.5 1070190
9c5d 0.291952 299522 12922.5 1070190
9h8c 0.291822 301905 10400.5 1070190
9s8c 0.291822 301905 10400.5 1070190
9c5h 0.291328 298887 12889.5 1070190
9c5s 0.291328 298887 12889.5 1070190
Ts4d 0.290437 297439 13383.5 1070190
Th4d 0.290437 297439 13383.5 1070190
Td4h 0.290369 297348 13401.5 1070190
Td4s 0.290369 297348 13401.5 1070190
Ts7d 0.290344 299397 11326.5 1070190
Th7d 0.290344 299397 11326.5 1070190
Td7h 0.290266 299291 11348.5 1070190
Td7s 0.290266 299291 11348.5 1070190
Ts4s 0.289782 296771 13350.5 1070190
Th4h 0.289782 296771 13350.5 1070190
Ts4h 0.289782 296771 13350.5 1070190
Th4s 0.289782 296771 13350.5 1070190
9c6d 0.289693 298036 11990.5 1070190
Th7s 0.289628 298656 11300.5 1070190
Ts7h 0.289628 298656 11300.5 1070190
Th7h 0.289628 298656 11300.5 1070190
Ts7s 0.289628 298656 11300.5 1070190
9c6h 0.289039 297366 11961 1070190
9c6s 0.289039 297366 11961 1070190
9d7d 0.288298 298418 10116 1070190
9d4d 0.287633 295790 12032 1070190
9d5c 0.286959 294199 12901.5 1070190
9h5c 0.286352 293598 12853.5 1070190
9s5c 0.286352 293598 12853.5 1070190
9d6c 0.285943 294059 11954 1070190
9c7d 0.285467 294588 10915.5 1070190
9s6c 0.285321 293441 11907 1070190
9h6c 0.285321 293441 11907 1070190
9c4d 0.285216 292313 12922.5 1070190
9c7h 0.284783 293882 10889.5 1070190
9c7s 0.284783 293882 10889.5 1070190
9c4s 0.284592 291678 12889.5 1070190
9c4h 0.284592 291678 12889.5 1070190
9d7c 0.28296 291955 10865.5 1070190
9s7c 0.282321 291317 10820.5 1070190
9h7c 0.282321 291317 10820.5 1070190
9d4c 0.279093 285781 12901.5 1070190
9s4c 0.278506 285201 12853.5 1070190
9h4c 0.278506 285201 12853.5 1070190
8d5d 0.26476 271968 11375 1070190
8d6d 0.262635 270588 10481.5 1070190
9s8d 0.260694 268647 10345.5 1070190
9h8d 0.260694 268647 10345.5 1070190
9d8h 0.260677 268612 10361.5 1070190
9d8s 0.260677 268612 10361.5 1070190
8c5d 0.26046 266535 12206.5 1070190
9h8h 0.26001 267941 10319.5 1070190
9h8s 0.26001 267941 10319.5 1070190
9s8s 0.26001 267941 10319.5 1070190
9s8h 0.26001 267941 10319.5 1070190
8c5h 0.259866 265933 12173.5 1070190
8c5s 0.259866 265933 12173.5 1070190
9s5d 0.259559 264955 12822.5 1070190
9h5d 0.259559 264955 12822.5 1070190
9d5h 0.259541 264921 12837.5 1070190
9d5s 0.259541 264921 12837.5 1070190
8d7d 0.258998 267718 9459 1070190
9s5h 0.258935 264320 12789.5 1070190
9s5s 0.258935 264320 12789.5 1070190
9h5s 0.258935 264320 12789.5 1070190
9h5h 0.258935 264320 12789.5 1070190
8d4d 0.258222 264972 11375 1070190
8c6d 0.258038 264875 11274.5 1070190
8c6s 0.257416 264239 11245 1070190
8c6h 0.257416 264239 11245 1070190
9s6d 0.256988 263162 11864 1070190
9h6d 0.256988 263162 11864 1070190
9d6s 0.256956 263110 11881.5 1070190
9d6h 0.256956 263110 11881.5 1070190
8d5c 0.256675 262495 12196.5 1070190
9s6s 0.256334 262492 11834.5 1070190
9s6h 0.256334 262492 11834.5 1070190
9h6s 0.256334 262492 11834.5 1070190
9h6h 0.256334 262492 11834.5 1070190
8h5c 0.25607 261891 12152.5 1070190
8s5c 0.25607 261891 12152.5 1070190
8d6c 0.255492 262176 11249 1070190
8s6c 0.254872 261555 11206 1070190
8h6c 0.254872 261555 11206 1070190
8c7d 0.254084 261719 10199.5 1070190
8c4d 0.253724 259326 12206.5 1070190
8c7h 0.253433 261048 10173.5 1070190
8c7s 0.253433 261048 10173.5 1070190
8c4s 0.25313 258724 12173.5 1070190
8c4h 0.25313 258724 12173.5 1070190
9h4d 0.252806 257728 12822.5 1070190
9s4d 0.252806 257728 12822.5 1070190
8d7c 0.252777 260359 10160.5 1070190
9d4s 0.252769 257673 12837.5 1070190
9d4h 0.252769 257673 12837.5 1070190
9h7d 0.252377 259326 10765.5 1070190
9s7d 0.252377 259326 10765.5 1070190
9d7h 0.252331 259258 10784.5 1070190
9d7s 0.252331 259258 10784.5 1070190
9s4h 0.252182 257093 12789.5 1070190
9s4s 0.252182 257093 12789.5 1070190
9h4s 0.252182 257093 12789.5 1070190
9h4h 0.252182 257093 12789.5 1070190
8h7c 0.25214 259718 10119.5 1070190
8s7c 0.25214 259718 10119.5 1070190
9h7s 0.251693 258620 10739.5 1070190
9h7h 0.251693 258620 10739.5 1070190
9s7s 0.251693 258620 10739.5 1070190
9s7h 0.251693 258620 10739.5 1070190
8d4c 0.24881 254077 12196.5 1070190
8s4c 0.248224 253494 12152.5 1070190
8h4c 0.248224 253494 12152.5 1070190
7d5d 0.242245 249424 9824.5 1070190
7d6d 0.240176 248103 8931 1070190
7c5d 0.236047 242057 10558.5 1070190
7d4d 0.235708 242428 9824.5 1070190
7c5s 0.235481 241480 10529 1070190
7c5h 0.235481 241480 10529 1070190
7c6d 0.23368 240456 9626.5 1070190
7d5c 0.233516 239363 10544 1070190
7c6h 0.233086 239846 9600.5 1070190
7c6s 0.233086 239846 9600.5 1070190
7s5c 0.232916 238759 10505 1070190
7h5c 0.232916 238759 10505 1070190
7d6c 0.232384 239098 9596.5 1070190
7s6c 0.231768 238477 9558.5 1070190
7h6c 0.231768 238477 9558.5 1070190
7c4d 0.229311 234848 10558.5 1070190
8d5s 0.228784 232710 12132.5 1070190
8d5h 0.228784 232710 12132.5 1070190
8s5d 0.228772 232708 12121.5 1070190
8h5d 0.228772 232708 12121.5 1070190
7c4h 0.228744 234271 10529 1070190
7c4s 0.228744 234271 10529 1070190
8h5s 0.228179 232106 12088.5 1070190
8h5h 0.228179 232106 12088.5 1070190
8s5h 0.228179 232106 12088.5 1070190
8s5s 0.228179 232106 12088.5 1070190
8s6d 0.226033 230735 11163 1070190
8h6d 0.226033 230735 11163 1070190
8d6h 0.226031 230720 11176.5 1070190
8d6s 0.226031 230720 11176.5 1070190
7d4c 0.225651 230945 10544 1070190
8h6s 0.225411 230099 11133.5 1070190
8s6s 0.225411 230099 11133.5 1070190
8s6h 0.225411 230099 11133.5 1070190
8h6h 0.225411 230099 11133.5 1070190
7h4c 0.225069 230362 10505 1070190
7s4c 0.225069 230362 10505 1070190
8h4d 0.222019 225481 12121.5 1070190
8s4d 0.222019 225481 12121.5 1070190
8d4s 0.222012 225462 12132.5 1070190
8d4h 0.222012 225462 12132.5 1070190
8s7d 0.221706 227203 10064.5 1070190
8h7d 0.221706 227203 10064.5 1070190
8d7h 0.221692 227173 10079.5 1070190
8d7s 0.221692 227173 10079.5 1070190
8h4s 0.221426 224879 12088.5 1070190
8s4h 0.221426 224879 12088.5 1070190
8s4s 0.221426 224879 12088.5 1070190
8h4h 0.221426 224879 12088.5 1070190
8h7s 0.221055 226532 10038.5 1070190
8h7h 0.221055 226532 10038.5 1070190
8s7h 0.221055 226532 10038.5 1070190
8s7s 0.221055 226532 10038.5 1070190
7d5h 0.205294 209232 10471.5 1070190
7d5s 0.205294 209232 10471.5 1070190
7s5d 0.20526 209205 10462 1070190
7h5d 0.20526 209205 10462 1070190
7h5h 0.204693 208628 10432.5 1070190
7s5h 0.204693 208628 10432.5 1070190
7h5s 0.204693 208628 10432.5 1070190
7s5s 0.204693 208628 10432.5 1070190
7d6s 0.2026 207305 9515.5 1070190
7d6h 0.2026 207305 9515.5 1070190
7h6d 0.202579 207294 9503.5 1070190
7s6d 0.202579 207294 9503.5 1070190
7h6h 0.201984 206684 9477.5 1070190
7h6s 0.201984 206684 9477.5 1070190
7s6s 0.201984 206684 9477.5 1070190
7s6h 0.201984 206684 9477.5 1070190
7d4s 0.198521 201984 10471.5 1070190
7d4h 0.198521 201984 10471.5 1070190
7s4d 0.198507 201978 10462 1070190
7h4d 0.198507 201978 10462 1070190
7s4s 0.19794 201401 10432.5 1070190
7s4h 0.19794 201401 10432.5 1070190
7h4s 0.19794 201401 10432.5 1070190
7h4h 0.19794 201401 10432.5 1070190
