8h8c 0.940598 1006619 0 1070190
8s8c 0.940598 1006619 0 1070190
8s8h 0.930339 995640 0 1070190
4h4d 0.924109 988908 64.5 1070190
4s4d 0.924109 988908 64.5 1070190
4s4h 0.923736 988509 64.5 1070190
2s2d 0.917837 982140 120 1070190
2h2d 0.917837 982140 120 1070190
2s2h 0.917467 981744 120 1070190
8c4d 0.87422 933107 2474 1070190
8c4h 0.873763 932618 2474 1070190
8c4s 0.873763 932618 2474 1070190
Ac8c 0.864368 922181 2856.5 1070190
8s4d 0.862274 920292 2505.5 1070190
8h4d 0.862274 920292 2505.5 1070190
8c2d 0.862056 917774 4790 1070190
8h4h 0.861818 919803 2505.5 1070190
8s4s 0.861818 919803 2505.5 1070190
8s4h 0.861818 919803 2505.5 1070190
8h4s 0.861818 919803 2505.5 1070190
AdAc 0.861774 921204 1057.5 1070190
8c2s 0.861602 917288 4790 1070190
8c2h 0.861602 917288 4790 1070190
AsAc 0.860983 920362 1053.5 1070190
AhAc 0.860983 920362 1053.5 1070190
Kc8c 0.854571 911589 2964 1070190
8s2d 0.850199 905121 4754 1070190
8h2d 0.850199 905121 4754 1070190
8s2h 0.849745 904635 4754 1070190
8s2s 0.849745 904635 4754 1070190
8h2s 0.849745 904635 4754 1070190
8h2h 0.849745 904635 4754 1070190
Qc8c 0.847754 903763 3495 1070190
Jc8c 0.841408 896512 3954 1070190
AhAd 0.835851 893470 1049.5 1070190
AsAd 0.835851 893470 1049.5 1070190
Tc8c 0.835531 889836 4341 1070190
AsAh 0.835061 892628 1045.5 1070190
KdKc 0.834642 892753 472.5 1070190
KhKc 0.833818 891871 472.5 1070190
KsKc 0.833818 891871 472.5 1070190
9c8c 0.830024 883627 4656 1070190
4d2d 0.827383 880110 5346.5 1070190
4d2h 0.821571 873801 5436.5 1070190
4d2s 0.821571 873801 5436.5 1070190
4h2d 0.821569 873798 5436.5 1070190
4s2d 0.821569 873798 5436.5 1070190
4h2h 0.82122 873447 5414 1070190
4h2s 0.82122 873447 5414 1070190
4s2h 0.82122 873447 5414 1070190
4s2s 0.82122 873447 5414 1070190
8c6c 0.820982 872546 6061 1070190
8c5c 0.820883 871845 6655.5 1070190
8c7c 0.82033 872514 5394.5 1070190
QdQc 0.815555 872326 472.5 1070190
QsQc 0.814736 871450 472.5 1070190
QhQc 0.814736 871450 472.5 1070190
8c3c 0.813917 864670 6376 1070190
KsKd 0.808941 865248 472.5 1070190
KhKd 0.808941 865248 472.5 1070190
KsKh 0.808117 864366 472.5 1070190
JdJc 0.796494 851927 472.5 1070190
JhJc 0.795681 851057 472.5 1070190
JsJc 0.795681 851057 472.5 1070190
QsQd 0.790731 845760 472.5 1070190
QhQd 0.790731 845760 472.5 1070190
QsQh 0.789913 844884 472.5 1070190
Ac8h 0.784062 834947 4148 1070190
Ac8s 0.784062 834947 4148 1070190
TdTc 0.777459 831556 472.5 1070190
Ad8c 0.776733 827125 4126.5 1070190
ThTc 0.776651 830692 472.5 1070190
TsTc 0.776651 830692 472.5 1070190
Ah8c 0.77586 826195 4122.5 1070190
As8c 0.77586 826195 4122.5 1070190
JsJd 0.772521 826272 472.5 1070190
JhJd 0.772521 826272 472.5 1070190
Kc8s 0.771793 821866 4099.5 1070190
Kc8h 0.771793 821866 4099.5 1070190
JsJh 0.771708 825402 472.5 1070190
Kd8c 0.7653 814897 4119 1070190
Qc8h 0.764805 813700 4786.5 1070190
Qc8s 0.764805 813700 4786.5 1070190
Ks8c 0.764391 813925 4119 1070190
Kh8c 0.764391 813925 4119 1070190
Qd8c 0.759569 808056 4827 1070190
Qs8c 0.758666 807090 4827 1070190
Qh8c 0.758666 807090 4827 1070190
Jc8s 0.758103 805934 5380.5 1070190
Jc8h 0.758103 805934 5380.5 1070190
9d9c 0.757833 810553 472.5 1070190
9s9c 0.757026 809689 472.5 1070190
9h9c 0.757026 809689 472.5 1070190
Ad8h 0.756843 805930 4035.5 1070190
Ad8s 0.756843 805930 4035.5 1070190
Ah8s 0.75597 805000 4031.5 1070190
Ah8h 0.75597 805000 4031.5 1070190
As8s 0.75597 805000 4031.5 1070190
As8h 0.75597 805000 4031.5 1070190
ThTd 0.754311 806784 472.5 1070190
TsTd 0.754311 806784 472.5 1070190
Jd8c 0.754107 801599 5439 1070190
TsTh 0.753504 805920 472.5 1070190
Js8c 0.75321 800639 5439 1070190
Jh8c 0.75321 800639 5439 1070190
Tc8h 0.751688 798568 5881.5 1070190
Tc8s 0.751688 798568 5881.5 1070190
Td8c 0.748915 795526 5955 1070190
Ts8c 0.748023 794572 5955 1070190
Th8c 0.748023 794572 5955 1070190
Kd8h 0.745436 793785 3973.5 1070190
Kd8s 0.745436 793785 3973.5 1070190
9c8s 0.745283 791305 6289.5 1070190
9c8h 0.745283 791305 6289.5 1070190
Ks8h 0.744528 792813 3973.5 1070190
Ks8s 0.744528 792813 3973.5 1070190
Kh8s 0.744528 792813 3973.5 1070190
Kh8h 0.744528 792813 3973.5 1070190
9d8c 0.743652 789474 6375 1070190
9s8c 0.742761 788520 6375 1070190
9h8c 0.742761 788520 6375 1070190
Qd8s 0.739872 787143 4660.5 1070190
Qd8h 0.739872 787143 4660.5 1070190
Qh8h 0.738969 786177 4660.5 1070190
Qh8s 0.738969 786177 4660.5 1070190
Qs8h 0.738969 786177 4660.5 1070190
Qs8s 0.738969 786177 4660.5 1070190
9s9d 0.735401 786546 472.5 1070190
9h9d 0.735401 786546 472.5 1070190
8c5d 0.734942 777034 9493.5 1070190
9s9h 0.734593 785682 472.5 1070190
Jd8h 0.734568 780873 5254.5 1070190
Jd8s 0.734568 780873 5254.5 1070190
8c6d 0.734183 777165 8550 1070190
8c5s 0.734146 776194 9481.5 1070190
8c5h 0.734146 776194 9481.5 1070190
Jh8s 0.733671 779913 5254.5 1070190
Js8h 0.733671 779913 5254.5 1070190
Js8s 0.733671 779913 5254.5 1070190
Jh8h 0.733671 779913 5254.5 1070190
8c6s 0.733351 776283 8542 1070190
8c6h 0.733351 776283 8542 1070190
8c7d 0.732491 776394 7510.5 1070190
8s6c 0.731807 774689 8483.5 1070190
8h6c 0.731807 774689 8483.5 1070190
8c7h 0.731629 775476 7506.5 1070190
8c7s 0.731629 775476 7506.5 1070190
8s5c 0.731391 773286 9441 1070190
8h5c 0.731391 773286 9441 1070190
8s7c 0.731203 775093 7433 1070190
8h7c 0.731203 775093 7433 1070190
Td8s 0.729525 774975 5755.5 1070190
Td8h 0.729525 774975 5755.5 1070190
Ts8h 0.728634 774021 5755.5 1070190
Ts8s 0.728634 774021 5755.5 1070190
Th8s 0.728634 774021 5755.5 1070190
Th8h 0.728634 774021 5755.5 1070190
9d8h 0.724395 769077 6163.5 1070190
9d8s 0.724395 769077 6163.5 1070190
9h8h 0.723504 768123 6163.5 1070190
9h8s 0.723504 768123 6163.5 1070190
9s8s 0.723504 768123 6163.5 1070190
9s8h 0.723504 768123 6163.5 1070190
8c3d 0.722989 764667 9069 1070190
8c3s 0.722152 763779 9061 1070190
8c3h 0.722152 763779 9061 1070190
8h3c 0.718913 760374 8999.5 1070190
8s3c 0.718913 760374 8999.5 1070190
Ac5c 0.718912 761296 8076.5 1070190
8s5d 0.715946 756843 9355.5 1070190
8h5d 0.715946 756843 9355.5 1070190
8s5h 0.71515 756003 9343.5 1070190
8s5s 0.71515 756003 9343.5 1070190
8h5s 0.71515 756003 9343.5 1070190
8h5h 0.71515 756003 9343.5 1070190
8h6d 0.714972 756771 8384.5 1070190
8s6d 0.714972 756771 8384.5 1070190
8h6h 0.71414 755889 8376.5 1070190
8h6s 0.71414 755889 8376.5 1070190
8s6h 0.71414 755889 8376.5 1070190
8s6s 0.71414 755889 8376.5 1070190
8h7d 0.713008 755734 7320.5 1070190
8s7d 0.713008 755734 7320.5 1070190
8h7h 0.712147 754816 7316.5 1070190
8s7s 0.712147 754816 7316.5 1070190
8s7h 0.712147 754816 7316.5 1070190
8h7s 0.712147 754816 7316.5 1070190
AcKc 0.710353 755887 4326 1070190
AcQc 0.704338 749450 4326 1070190
8h3d 0.703955 744465 8900.5 1070190
8s3d 0.703955 744465 8900.5 1070190
8h3h 0.703118 743577 8892.5 1070190
8h3s 0.703118 743577 8892.5 1070190
8s3h 0.703118 743577 8892.5 1070190
8s3s 0.703118 743577 8892.5 1070190
Ac3c 0.701255 742846 7630 1070190
AcJc 0.698324 743013 4326 1070190
AcTc 0.692309 736576 4326 1070190
Ac9c 0.686193 730031 4326 1070190
Ac4d 0.678316 721743 4184.5 1070190
Ac4s 0.677544 720939 4162 1070190
Ac4h 0.677544 720939 4162 1070190
Ac7c 0.676187 716884 6764.5 1070190
7d7c 0.67437 720647 1057.5 1070190
7h7c 0.67359 719816 1053.5 1070190
7s7c 0.67359 719816 1053.5 1070190
Ac6c 0.671724 711894 6978.5 1070190
6d6c 0.665256 710308 1642.5 1070190
Ad4d 0.664995 707580 4091 1070190
6h6c 0.664504 709511 1634.5 1070190
6s6c 0.664504 709511 1634.5 1070190
Kc4d 0.664456 706970 4124.5 1070190
Kc4h 0.663723 706212 4098 1070190
Kc4s 0.663723 706212 4098 1070190
KcQc 0.659691 702277 3718 1070190
Qc4d 0.657273 698606 4801.5 1070190
Qc4h 0.656576 697890 4771.5 1070190
Qc4s 0.656576 697890 4771.5 1070190
5d5c 0.656484 700335 2227.5 1070190
5h5c 0.655765 699578 2215.5 1070190
5s5c 0.655765 699578 2215.5 1070190
KcJc 0.653576 695733 3718 1070190
7h7d 0.653556 698380 1049.5 1070190
7s7d 0.653556 698380 1049.5 1070190
7s7h 0.652776 697549 1045.5 1070190
Kd4d 0.652509 694236 4072.5 1070190
Jc4d 0.650375 690638 5386.5 1070190
Jc4h 0.649712 689962 5353.5 1070190
Jc4s 0.649712 689962 5353.5 1070190
KcTc 0.647462 689189 3718 1070190
Qd4d 0.646669 687313 4745.5 1070190
Ad4h 0.645794 686841 4281.5 1070190
Ad4s 0.645794 686841 4281.5 1070190
Ah4d 0.645764 686812 4278 1070190
As4d 0.645764 686812 4278 1070190
6h6d 0.645382 689055 1626.5 1070190
6s6d 0.645382 689055 1626.5 1070190
Ah4s 0.644992 686008 4255.5 1070190
As4s 0.644992 686008 4255.5 1070190
Ah4h 0.644992 686008 4255.5 1070190
As4h 0.644992 686008 4255.5 1070190
6s6h 0.64463 688258 1618.5 1070190
Tc4d 0.64376 683066 5879.5 1070190
Tc4h 0.643131 682428 5844 1070190
Tc4s 0.643131 682428 5844 1070190
Kc9c 0.641246 682537 3718 1070190
Jd4d 0.64111 680782 5327.5 1070190
5c4d 0.638725 669141 14416.5 1070190
5c4s 0.638182 668633 14343 1070190
5c4h 0.638182 668633 14343 1070190
5s5d 0.637655 680208 2203.5 1070190
5h5d 0.637655 680208 2203.5 1070190
9c4d 0.637152 675593 6280.5 1070190
5s5h 0.636936 679451 2191.5 1070190
9c4h 0.636554 674991 6243 1070190
9c4s 0.636554 674991 6243 1070190
5d4d 0.636545 667081 14143 1070190
6c4d 0.635906 667406 13134.5 1070190
Td4d 0.635832 674643 5818.5 1070190
6c4h 0.635362 666894 13064 1070190
6c4s 0.635362 666894 13064 1070190
6d4d 0.632823 664333 12907.5 1070190
Kd4s 0.632654 672824 4235.5 1070190
Kd4h 0.632654 672824 4235.5 1070190
Kh4d 0.63255 672709 4239.5 1070190
Ks4d 0.63255 672709 4239.5 1070190
7c4d 0.632366 665319 11432.5 1070190
Kc6c 0.632115 669630 6853 1070190
Kh4s 0.631817 671951 4213 1070190
Ks4s 0.631817 671951 4213 1070190
Ks4h 0.631817 671951 4213 1070190
Kh4h 0.631817 671951 4213 1070190
7c4s 0.631812 664791 11368 1070190
7c4h 0.631812 664791 11368 1070190
Kc7c 0.631373 669533 6156.5 1070190
Kc5c 0.631328 668198 7442.5 1070190
9d4d 0.630539 668578 6218.5 1070190
7d4d 0.628486 661344 11255 1070190
Qd4h 0.626816 665879 4933 1070190
Qd4s 0.626816 665879 4933 1070190
Qs4d 0.626682 665728 4940.5 1070190
Qh4d 0.626682 665728 4940.5 1070190
Qs4h 0.625985 665012 4910.5 1070190
Qh4s 0.625985 665012 4910.5 1070190
Qh4h 0.625985 665012 4910.5 1070190
Qs4s 0.625985 665012 4910.5 1070190
QcJc 0.623155 663302 3592.5 1070190
6c5c 0.621826 659273 6199 1070190
Jd4s 0.621243 659312 5536 1070190
Jd4h 0.621243 659312 5536 1070190
Jh4d 0.62108 659127 5546.5 1070190
Js4d 0.62108 659127 5546.5 1070190
Jh4h 0.620417 658451 5513.5 1070190
Jh4s 0.620417 658451 5513.5 1070190
Js4h 0.620417 658451 5513.5 1070190
Js4s 0.620417 658451 5513.5 1070190
5d4h 0.618258 646852 14801.5 1070190
5d4s 0.618258 646852 14801.5 1070190
5h4d 0.618072 646612 14842 1070190
5s4d 0.618072 646612 14842 1070190
5h4h 0.617528 646104 14768.5 1070190
5h4s 0.617528 646104 14768.5 1070190
5s4h 0.617528 646104 14768.5 1070190
5s4s 0.617528 646104 14768.5 1070190
QcTc 0.616907 656615 3592.5 1070190
4d3c 0.616634 646331 13584.5 1070190
4h3c 0.616099 645832 13511 1070190
4s3c 0.616099 645832 13511 1070190
Td4h 0.615935 653123 6044.5 1070190
Td4s 0.615935 653123 6044.5 1070190
4d3d 0.615813 645674 13362.5 1070190
Th4d 0.615744 652906 6057.5 1070190
Ts4d 0.615744 652906 6057.5 1070190
Th4h 0.615115 652268 6022 1070190
Th4s 0.615115 652268 6022 1070190
Ts4h 0.615115 652268 6022 1070190
Ts4s 0.615115 652268 6022 1070190
6d4s 0.613965 643570 13489.5 1070190
6d4h 0.613965 643570 13489.5 1070190
6h4d 0.613746 643294 13530.5 1070190
6s4d 0.613746 643294 13530.5 1070190
6s4h 0.613201 642782 13460 1070190
6s4s 0.613201 642782 13460 1070190
6h4s 0.613201 642782 13460 1070190
6h4h 0.613201 642782 13460 1070190
Kc3c 0.612818 648836 6996 1070190
Qc9c 0.610691 649963 3592.5 1070190
9d4h 0.610544 646940 6458.5 1070190
9d4s 0.610544 646940 6458.5 1070190
9h4d 0.610322 646687 6473.5 1070190
9s4d 0.610322 646687 6473.5 1070190
9h4h 0.609724 646085 6436 1070190
9s4h 0.609724 646085 6436 1070190
9s4s 0.609724 646085 6436 1070190
9h4s 0.609724 646085 6436 1070190
7d4s 0.609003 640009 11739.5 1070190
7d4h 0.609003 640009 11739.5 1070190
7h4d 0.608764 639715 11778 1070190
7s4d 0.608764 639715 11778 1070190
7s4s 0.60821 639187 11713.5 1070190
7h4h 0.60821 639187 11713.5 1070190
7h4s 0.60821 639187 11713.5 1070190
7s4h 0.60821 639187 11713.5 1070190
5c3c 0.607779 644471 5967.5 1070190
Ac2d 0.600648 638006 4801 1070190
Ac2h 0.599875 637202 4778.5 1070190
Ac2s 0.599875 637202 4778.5 1070190
4h3d 0.596037 623907 13965.5 1070190
4s3d 0.596037 623907 13965.5 1070190
4d3s 0.595803 623613 14009.5 1070190
4d3h 0.595803 623613 14009.5 1070190
Qc6c 0.595591 630668 6727.5 1070190
Qc5c 0.595344 629814 7317 1070190
4h3h 0.595268 623114 13936 1070190
4s3s 0.595268 623114 13936 1070190
4s3h 0.595268 623114 13936 1070190
4h3s 0.595268 623114 13936 1070190
Qc7c 0.594445 630138 6031 1070190
JcTc 0.592087 630179 3467 1070190
Ad2d 0.587427 623964 4694 1070190
Jc9c 0.585872 623527 3467 1070190
Kc2d 0.584383 620747 4654 1070190
Kc2h 0.58365 619989 4627.5 1070190
Kc2s 0.58365 619989 4627.5 1070190
Qc3c 0.576467 610059 6870.5 1070190
Qc2d 0.576258 611462 5244 1070190
Qc2s 0.575561 610746 5214 1070190
Qc2h 0.575561 610746 5214 1070190
Kd2d 0.572562 608163 4587 1070190
Ac5d 0.572506 601323 11367.5 1070190
Ac5s 0.571776 600579 11330 1070190
Ac5h 0.571776 600579 11330 1070190
Jc7c 0.569458 603523 5905.5 1070190
Jc2d 0.56855 602714 5742 1070190
Jc2s 0.567887 602038 5709 1070190
Jc2h 0.567887 602038 5709 1070190
Tc9c 0.56672 603157 3341.5 1070190
7c6c 0.566496 600300 5958 1070190
Qd2d 0.565784 600325 5171.5 1070190
Ah2d 0.564581 599328 4881 1070190
As2d 0.564581 599328 4881 1070190
Ad2s 0.564579 599322 4884.5 1070190
Ad2h 0.564579 599322 4884.5 1070190
Jc5c 0.564058 596458 7191.5 1070190
Jc6c 0.5639 596878 6602 1070190
Ah2s 0.563809 598524 4858.5 1070190
Ah2h 0.563809 598524 4858.5 1070190
As2h 0.563809 598524 4858.5 1070190
As2s 0.563809 598524 4858.5 1070190
Tc2d 0.561256 594503 6148 1070190
Tc2h 0.560627 593865 6112.5 1070190
Tc2s 0.560627 593865 6112.5 1070190
Ad5d 0.560505 589156 10691 1070190
7c5c 0.560086 592958 6440.5 1070190
Ad5c 0.559624 587557 11346.5 1070190
Jd2d 0.559419 593020 5665 1070190
5c2d 0.559148 584256 14139 1070190
Ah5c 0.558988 586929 11294 1070190
As5c 0.558988 586929 11294 1070190
5c2s 0.558606 583749 14065.5 1070190
5c2h 0.558606 583749 14065.5 1070190
5d2d 0.55704 582299 13840 1070190
6c2d 0.554485 580460 12944 1070190
9c2d 0.554102 586532 6462 1070190
6c2h 0.553941 579949 12873.5 1070190
6c2s 0.553941 579949 12873.5 1070190
9c2s 0.553504 585930 6424.5 1070190
9c2h 0.553504 585930 6424.5 1070190
Td2d 0.553468 586248 6067.5 1070190
3d3c 0.551613 588661 1669.5 1070190
6d2d 0.551499 577516 12693 1070190
3h3c 0.550896 587902 1661.5 1070190
3s3c 0.550896 587902 1661.5 1070190
Tc7c 0.55004 582867 5780 1070190
7c2d 0.549645 576896 11329 1070190
7c2h 0.549093 576369 11264.5 1070190
7c2s 0.549093 576369 11264.5 1070190
Kd2s 0.548973 582755 4750 1070190
Kd2h 0.548973 582755 4750 1070190
Kh2d 0.548903 582676 4754 1070190
Ks2d 0.548903 582676 4754 1070190
Ks2h 0.548169 581918 4727.5 1070190
Kh2s 0.548169 581918 4727.5 1070190
Ks2s 0.548169 581918 4727.5 1070190
Kh2h 0.548169 581918 4727.5 1070190
9d2d 0.547632 579691 6379 1070190
AcKd 0.547446 579466 6405 1070190
AcKs 0.546631 578616 6382.5 1070190
AcKh 0.546631 578616 6382.5 1070190
AdKc 0.546346 578327 6367.5 1070190
3c2d 0.546032 571151 13206.5 1070190
7d2d 0.545885 573072 11129 1070190
AsKc 0.545571 577527 6337.5 1070190
AhKc 0.545571 577527 6337.5 1070190
3c2s 0.545505 570661 13133 1070190
3c2h 0.545505 570661 13133 1070190
Ac3d 0.545184 572818 10632.5 1070190
3d2d 0.545181 570490 12957.5 1070190
Jc3c 0.544948 576453 6745 1070190
Tc6c 0.544483 576224 6476.5 1070190
Ac3s 0.544475 572093 10598.5 1070190
Ac3h 0.544475 572093 10598.5 1070190
Qd2h 0.542197 574895 5359 1070190
Qd2s 0.542197 574895 5359 1070190
Qh2d 0.542097 574780 5366.5 1070190
Qs2d 0.542097 574780 5366.5 1070190
Qs2h 0.5414 574064 5336.5 1070190
Qs2s 0.5414 574064 5336.5 1070190
Qh2h 0.5414 574064 5336.5 1070190
Qh2s 0.5414 574064 5336.5 1070190
As5d 0.539094 565690 11243.5 1070190
Ah5d 0.539094 565690 11243.5 1070190
Ad5h 0.539 565574 11258.5 1070190
Ad5s 0.539 565574 11258.5 1070190
AcQd 0.538779 570191 6405 1070190
Ah5s 0.538364 564946 11206 1070190
Ah5h 0.538364 564946 11206 1070190
As5s 0.538364 564946 11206 1070190
As5h 0.538364 564946 11206 1070190
AcQh 0.537969 569347 6382.5 1070190
AcQs 0.537969 569347 6382.5 1070190
Tc5c 0.537371 568023 7066 1070190
AdKd 0.536423 568063 6011.5 1070190
AdQc 0.536266 567539 6367.5 1070190
Jd2s 0.535818 567554 5873.5 1070190
Jd2h 0.535818 567554 5873.5 1070190
Jh2d 0.535689 567405 5884 1070190
Js2d 0.535689 567405 5884 1070190
AsQc 0.535522 566773 6337.5 1070190
AhQc 0.535522 566773 6337.5 1070190
5d2s 0.53531 558385 14498.5 1070190
5d2h 0.53531 558385 14498.5 1070190
5s2d 0.535155 558178 14539 1070190
5h2d 0.535155 558178 14539 1070190
Js2s 0.535026 566729 5851 1070190
Js2h 0.535026 566729 5851 1070190
Jh2h 0.535026 566729 5851 1070190
Jh2s 0.535026 566729 5851 1070190
5s2h 0.534612 557671 14465.5 1070190
5h2s 0.534612 557671 14465.5 1070190
5h2h 0.534612 557671 14465.5 1070190
5s2s 0.534612 557671 14465.5 1070190
Ad3d 0.53345 560912 9980.5 1070190
6c3c 0.532461 564108 5726.5 1070190
Ad3c 0.531078 557766 10588 1070190
Ah3c 0.530475 557174 10535.5 1070190
As3c 0.530475 557174 10535.5 1070190
AcJd 0.530112 560916 6405 1070190
Td2h 0.529836 560732 6293.5 1070190
Td2s 0.529836 560732 6293.5 1070190
3s3d 0.529812 565346 1653.5 1070190
3h3d 0.529812 565346 1653.5 1070190
Th2d 0.529679 560551 6306.5 1070190
Ts2d 0.529679 560551 6306.5 1070190
AcJh 0.529308 560078 6382.5 1070190
AcJs 0.529308 560078 6382.5 1070190
3s3h 0.529095 564587 1645.5 1070190
6d2s 0.52907 552930 13275 1070190
6d2h 0.52907 552930 13275 1070190
Th2h 0.52905 559913 6271 1070190
Th2s 0.52905 559913 6271 1070190
Ts2h 0.52905 559913 6271 1070190
Ts2s 0.52905 559913 6271 1070190
6h2d 0.528882 552688 13316 1070190
6s2d 0.528882 552688 13316 1070190
6h2h 0.528338 552177 13245.5 1070190
6h2s 0.528338 552177 13245.5 1070190
6s2h 0.528338 552177 13245.5 1070190
6s2s 0.528338 552177 13245.5 1070190
9c7c 0.528163 560063 5172 1070190
AdQd 0.528069 559123 6011.5 1070190
AdJc 0.526212 556779 6367.5 1070190
AsJc 0.5255 556047 6337.5 1070190
AhJc 0.5255 556047 6337.5 1070190
9d2h 0.523903 554057 6619 1070190
9d2s 0.523903 554057 6619 1070190
9h2d 0.523714 553840 6634 1070190
9s2d 0.523714 553840 6634 1070190
9h2h 0.523117 553238 6596.5 1070190
9h2s 0.523117 553238 6596.5 1070190
9s2h 0.523117 553238 6596.5 1070190
9s2s 0.523117 553238 6596.5 1070190
7d2s 0.522727 547804 11613.5 1070190
7d2h 0.522727 547804 11613.5 1070190
9c6c 0.522608 553421 5868.5 1070190
3d2h 0.522573 545692 13560.5 1070190
3d2s 0.522573 545692 13560.5 1070190
7s2d 0.522521 547545 11652 1070190
7h2d 0.522521 547545 11652 1070190
3h2d 0.522371 545432 13604.5 1070190
3s2d 0.522371 545432 13604.5 1070190
7s2s 0.521969 547018 11587.5 1070190
7h2h 0.521969 547018 11587.5 1070190
7h2s 0.521969 547018 11587.5 1070190
7s2h 0.521969 547018 11587.5 1070190
3s2h 0.521845 544942 13531 1070190
3s2s 0.521845 544942 13531 1070190
3h2h 0.521845 544942 13531 1070190
3h2s 0.521845 544942 13531 1070190
AcTd 0.521446 551641 6405 1070190
AcTs 0.520647 550809 6382.5 1070190
AcTh 0.520647 550809 6382.5 1070190
AdJd 0.519716 550183 6011.5 1070190
Tc3c 0.518261 548018 6619.5 1070190
AdTc 0.516184 546047 6367.5 1070190
9c5c 0.515632 545366 6458 1070190
AsTc 0.515503 545349 6337.5 1070190
AhTc 0.515503 545349 6337.5 1070190
Ac9d 0.51244 542003 6405 1070190
Ac9s 0.511641 541171 6382.5 1070190
Ac9h 0.511641 541171 6382.5 1070190
AhKd 0.511412 541000 6308.5 1070190
AsKd 0.511412 541000 6308.5 1070190
AdKh 0.511373 540950 6316 1070190
AdKs 0.511373 540950 6316 1070190
AdTd 0.511362 541243 6011.5 1070190
As3d 0.510805 536179 10479 1070190
Ah3d 0.510805 536179 10479 1070190
Ad3s 0.510698 536046 10497.5 1070190
Ad3h 0.510698 536046 10497.5 1070190
AhKh 0.510597 540150 6286 1070190
AhKs 0.510597 540150 6286 1070190
AsKs 0.510597 540150 6286 1070190
AsKh 0.510597 540150 6286 1070190
Ah3s 0.510095 535454 10445 1070190
As3h 0.510095 535454 10445 1070190
Ah3h 0.510095 535454 10445 1070190
As3s 0.510095 535454 10445 1070190
Ad9c 0.505904 535046 6367.5 1070190
Ah9c 0.505256 534382 6337.5 1070190
As9c 0.505256 534382 6337.5 1070190
Ac7d 0.503095 528717 9690 1070190
AsQd 0.502754 531734 6308.5 1070190
AhQd 0.502754 531734 6308.5 1070190
Ad9d 0.502711 531985 6011.5 1070190
AdQs 0.502688 531656 6316 1070190
AdQh 0.502688 531656 6316 1070190
Ac7h 0.502324 527918 9664 1070190
Ac7s 0.502324 527918 9664 1070190
AsQh 0.501945 530890 6286 1070190
AsQs 0.501945 530890 6286 1070190
AhQs 0.501945 530890 6286 1070190
AhQh 0.501945 530890 6286 1070190
Ac6d 0.497179 522117 9958.5 1070190
Ac6h 0.496438 521354 9929 1070190
Ac6s 0.496438 521354 9929 1070190
9c3c 0.496004 524325 6494 1070190
AsJd 0.494096 522468 6308.5 1070190
AhJd 0.494096 522468 6308.5 1070190
AdJh 0.494004 522362 6316 1070190
AdJs 0.494004 522362 6316 1070190
AhJs 0.493292 521630 6286 1070190
AhJh 0.493292 521630 6286 1070190
AsJs 0.493292 521630 6286 1070190
AsJh 0.493292 521630 6286 1070190
Ad7d 0.493097 518645 9062 1070190
Ad7c 0.492794 517743 9640 1070190
Ah7c 0.492183 517134 9595 1070190
As7c 0.492183 517134 9595 1070190
Ad6d 0.487117 511988 9320 1070190
Ad6c 0.485704 509856 9939.5 1070190
AsTd 0.485438 513202 6308.5 1070190
AhTd 0.485438 513202 6308.5 1070190
AdTh 0.485319 513068 6316 1070190
AdTs 0.485319 513068 6316 1070190
Ah6c 0.485113 509267 9896 1070190
As6c 0.485113 509267 9896 1070190
AsTs 0.484639 512370 6286 1070190
AsTh 0.484639 512370 6286 1070190
AhTs 0.484639 512370 6286 1070190
AhTh 0.484639 512370 6286 1070190
Ah9d 0.476432 503564 6308.5 1070190
As9d 0.476432 503564 6308.5 1070190
Ad9h 0.476282 503396 6316 1070190
Ad9s 0.476282 503396 6316 1070190
Ah9h 0.475633 502732 6286 1070190
As9s 0.475633 502732 6286 1070190
As9h 0.475633 502732 6286 1070190
Ah9s 0.475633 502732 6286 1070190
KcQd 0.473258 501039 5437 1070190
KcQh 0.472484 500233 5414.5 1070190
KcQs 0.472484 500233 5414.5 1070190
KdQc 0.471738 499430 5419.5 1070190
KhQc 0.470962 498625 5393.5 1070190
KsQc 0.470962 498625 5393.5 1070190
7c3c 0.469179 496143 5968 1070190
Ah7d 0.467213 490429 9578 1070190
As7d 0.467213 490429 9578 1070190
Ad7s 0.467054 490239 9597 1070190
Ad7h 0.467054 490239 9597 1070190
Ah7h 0.466442 489630 9552 1070190
As7s 0.466442 489630 9552 1070190
Ah7s 0.466442 489630 9552 1070190
As7h 0.466442 489630 9552 1070190
KdQd 0.465512 493092 5094 1070190
KcJd 0.464424 491585 5437 1070190
KcJh 0.463656 490785 5414.5 1070190
KcJs 0.463656 490785 5414.5 1070190
KdJc 0.461521 488496 5419.5 1070190
As6d 0.461266 483781 9861.5 1070190
Ah6d 0.461266 483781 9861.5 1070190
Ad6h 0.461117 483607 9875.5 1070190
Ad6s 0.461117 483607 9875.5 1070190
KhJc 0.460778 487726 5393.5 1070190
KsJc 0.460778 487726 5393.5 1070190
As6s 0.460526 483018 9832 1070190
As6h 0.460526 483018 9832 1070190
Ah6s 0.460526 483018 9832 1070190
Ah6h 0.460526 483018 9832 1070190
KdJd 0.457001 483984 5094 1070190
KcTd 0.45559 482131 5437 1070190
KcTs 0.454827 481337 5414.5 1070190
KcTh 0.454827 481337 5414.5 1070190
KdTc 0.451331 477590 5419.5 1070190
KhTc 0.45062 476855 5393.5 1070190
KsTc 0.45062 476855 5393.5 1070190
KdTd 0.44849 474876 5094 1070190
6d5d 0.447813 471225 8020 1070190
Kc9d 0.446417 472314 5437 1070190
Kc9s 0.445654 471520 5414.5 1070190
Kc9h 0.445654 471520 5414.5 1070190
6c5d 0.44558 468386 8469 1070190
6c5h 0.444949 467751 8429.5 1070190
6c5s 0.444949 467751 8429.5 1070190
6d5c 0.444472 467216 8454 1070190
6s5c 0.443832 466576 8408.5 1070190
6h5c 0.443832 466576 8408.5 1070190
Kd9c 0.440889 466415 5419.5 1070190
Ks9c 0.44021 465715 5393.5 1070190
Kh9c 0.44021 465715 5393.5 1070190
Kc5d 0.440137 460301 10729 1070190
Kc6d 0.439828 460903 9797 1070190
Kd9d 0.439683 465450 5094 1070190
Kc5h 0.439455 459604 10696 1070190
Kc5s 0.439455 459604 10696 1070190
Kc6s 0.43912 460174 9767.5 1070190
Kc6h 0.43912 460174 9767.5 1070190
Kc7d 0.437285 459256 8722 1070190
KdQs 0.436803 462124 5338.5 1070190
KdQh 0.436803 462124 5338.5 1070190
KhQd 0.436801 462125 5335 1070190
KsQd 0.436801 462125 5335 1070190
Kc7h 0.436549 458494 8696 1070190
Kc7s 0.436549 458494 8696 1070190
KsQs 0.436027 461319 5312.5 1070190
KhQs 0.436027 461319 5312.5 1070190
KhQh 0.436027 461319 5312.5 1070190
KsQh 0.436027 461319 5312.5 1070190
Kd5d 0.432713 453025 10060.5 1070190
Kd6d 0.432599 453796 9167 1070190
Kd7d 0.43028 452337 8144.5 1070190
Kd6c 0.429373 449730 9780.5 1070190
Kh6c 0.428751 449107 9737.5 1070190
Ks6c 0.428751 449107 9737.5 1070190
Kd5c 0.428505 447854 10728 1070190
Kd7c 0.428001 449350 8692 1070190
KhJd 0.427975 452680 5335 1070190
KsJd 0.427975 452680 5335 1070190
KdJh 0.427951 452650 5338.5 1070190
KdJs 0.427951 452650 5338.5 1070190
Ks5c 0.427898 447248 10684 1070190
Kh5c 0.427898 447248 10684 1070190
Kh7c 0.427361 448706 8651 1070190
Ks7c 0.427361 448706 8651 1070190
KhJs 0.427207 451880 5312.5 1070190
KsJh 0.427207 451880 5312.5 1070190
KhJh 0.427207 451880 5312.5 1070190
KsJs 0.427207 451880 5312.5 1070190
5d3d 0.425555 447501 7923.5 1070190
6d5h 0.422974 444338 8325 1070190
6d5s 0.422974 444338 8325 1070190
6h5d 0.422964 444333 8319 1070190
6s5d 0.422964 444333 8319 1070190
QcJd 0.422388 446760 5275.5 1070190
6h5s 0.422334 443698 8279.5 1070190
6s5s 0.422334 443698 8279.5 1070190
6s5h 0.422334 443698 8279.5 1070190
6h5h 0.422334 443698 8279.5 1070190
5c3d 0.422246 443556 8327.5 1070190
5c3h 0.421674 442983 8288 1070190
5c3s 0.421674 442983 8288 1070190
QcJh 0.421648 445990 5253 1070190
QcJs 0.421648 445990 5253 1070190
QdJc 0.420897 445179 5260.5 1070190
5d3c 0.420855 442091 8304 1070190
5h3c 0.420271 441509 8261 1070190
5s3c 0.420271 441509 8261 1070190
QhJc 0.420154 444410 5235 1070190
QsJc 0.420154 444410 5235 1070190
KhTd 0.41915 443235 5335 1070190
KsTd 0.41915 443235 5335 1070190
KdTh 0.419098 443176 5338.5 1070190
KdTs 0.419098 443176 5338.5 1070190
KhTs 0.418387 442441 5312.5 1070190
KhTh 0.418387 442441 5312.5 1070190
KsTh 0.418387 442441 5312.5 1070190
KsTs 0.418387 442441 5312.5 1070190
QdJd 0.417517 441882 4941 1070190
QcTd 0.413336 437073 5275.5 1070190
QcTs 0.412602 436309 5253 1070190
QcTh 0.412602 436309 5253 1070190
Kc3d 0.411859 430773 9994 1070190
Kc3h 0.411203 430101 9964.5 1070190
Kc3s 0.411203 430101 9964.5 1070190
QdTc 0.410488 434040 5260.5 1070190
Kh9d 0.409977 433418 5335 1070190
Ks9d 0.409977 433418 5335 1070190
Kd9h 0.409892 433324 5338.5 1070190
Kd9s 0.409892 433324 5338.5 1070190
QhTc 0.409779 433306 5235 1070190
QsTc 0.409779 433306 5235 1070190
Kh9s 0.409214 432624 5312.5 1070190
Ks9h 0.409214 432624 5312.5 1070190
Kh9h 0.409214 432624 5312.5 1070190
Ks9s 0.409214 432624 5312.5 1070190
QdTd 0.408794 432546 4941 1070190
Kd3d 0.404615 423665 9350 1070190
Ks5d 0.404421 422146 10661.5 1070190
Kh5d 0.404421 422146 10661.5 1070190
Kd5s 0.404346 422055 10672.5 1070190
Kd5h 0.404346 422055 10672.5 1070190
Qc9d 0.404163 427256 5275.5 1070190
Kh6d 0.403866 422510 9703 1070190
Ks6d 0.403866 422510 9703 1070190
Kd6h 0.403779 422404 9716.5 1070190
Kd6s 0.403779 422404 9716.5 1070190
Ks5h 0.403739 421449 10628.5 1070190
Kh5h 0.403739 421449 10628.5 1070190
Kh5s 0.403739 421449 10628.5 1070190
Ks5s 0.403739 421449 10628.5 1070190
Qc9h 0.403428 426492 5253 1070190
Qc9s 0.403428 426492 5253 1070190
Kh6s 0.403157 421781 9673.5 1070190
Ks6s 0.403157 421781 9673.5 1070190
Kh6h 0.403157 421781 9673.5 1070190
Ks6h 0.403157 421781 9673.5 1070190
Kh7d 0.400985 420526 8604.5 1070190
Ks7d 0.400985 420526 8604.5 1070190
Kd7s 0.400889 420408 8619.5 1070190
Kd7h 0.400889 420408 8619.5 1070190
5d3s 0.400294 420180 8210.5 1070190
5d3h 0.400294 420180 8210.5 1070190
5s3d 0.400282 420171 8207 1070190
5h3d 0.400282 420171 8207 1070190
Kh7s 0.400249 419764 8578.5 1070190
Ks7h 0.400249 419764 8578.5 1070190
Kh7h 0.400249 419764 8578.5 1070190
Ks7s 0.400249 419764 8578.5 1070190
Qd9c 0.400046 422865 5260.5 1070190
Qd9d 0.399986 423120 4941 1070190
5h3s 0.39971 419598 8167.5 1070190
5h3h 0.39971 419598 8167.5 1070190
5s3h 0.39971 419598 8167.5 1070190
5s3s 0.39971 419598 8167.5 1070190
Qh9c 0.399369 422166 5235 1070190
Qs9c 0.399369 422166 5235 1070190
Kd3c 0.398872 416899 9969.5 1070190
Ks3c 0.398298 416329 9925.5 1070190
Kh3c 0.398298 416329 9925.5 1070190
Qc5d 0.388862 405589 10567.5 1070190
Qc5s 0.388211 404925 10534.5 1070190
Qc5h 0.388211 404925 10534.5 1070190
Qc6d 0.387738 405318 9635.5 1070190
Qc6h 0.387061 404623 9606 1070190
Qc6s 0.387061 404623 9606 1070190
QdJs 0.38681 408781 5179.5 1070190
QdJh 0.38681 408781 5179.5 1070190
QhJd 0.386808 408782 5176.5 1070190
QsJd 0.386808 408782 5176.5 1070190
QsJs 0.386068 408012 5154 1070190
QsJh 0.386068 408012 5154 1070190
QhJs 0.386068 408012 5154 1070190
QhJh 0.386068 408012 5154 1070190
Qc7d 0.384597 403031 8560.5 1070190
Qd5d 0.384156 401212 9907.5 1070190
Qc7h 0.383893 402304 8534.5 1070190
Qc7s 0.383893 402304 8534.5 1070190
Qd6d 0.383248 401134 9014 1070190
Qd7d 0.380348 399053 7991.5 1070190
JcTd 0.379531 401056 5114 1070190
JcTs 0.378824 400322 5091.5 1070190
JcTh 0.378824 400322 5091.5 1070190
Qd6c 0.378685 395643 9621.5 1070190
Qd5c 0.378637 394645 10569 1070190
Qh6c 0.378066 395023 9579 1070190
Qs6c 0.378066 395023 9579 1070190
JdTc 0.378063 399498 5101.5 1070190
Qh5c 0.378033 394042 10525.5 1070190
Qs5c 0.378033 394042 10525.5 1070190
QhTd 0.377757 399095 5176.5 1070190
QsTd 0.377757 399095 5176.5 1070190
QdTs 0.377732 399065 5179.5 1070190
QdTh 0.377732 399065 5179.5 1070190
JhTc 0.377354 398764 5076.5 1070190
JsTc 0.377354 398764 5076.5 1070190
JdTd 0.377302 398997 4788 1070190
QsTs 0.377022 398331 5154 1070190
QhTs 0.377022 398331 5154 1070190
QsTh 0.377022 398331 5154 1070190
QhTh 0.377022 398331 5154 1070190
Qd7c 0.37671 394618 8533 1070190
Qh7c 0.376073 393977 8492.5 1070190
Qs7c 0.376073 393977 8492.5 1070190
Kh3d 0.375105 391537 9897 1070190
Ks3d 0.375105 391537 9897 1070190
Kd3s 0.375024 391435 9911.5 1070190
Kd3h 0.375024 391435 9911.5 1070190
Kh3h 0.37445 390865 9867.5 1070190
Kh3s 0.37445 390865 9867.5 1070190
Ks3h 0.37445 390865 9867.5 1070190
Ks3s 0.37445 390865 9867.5 1070190
Jc9d 0.370358 391239 5114 1070190
Jc9h 0.369651 390505 5091.5 1070190
Jc9s 0.369651 390505 5091.5 1070190
Qh9d 0.368584 389278 5176.5 1070190
Qs9d 0.368584 389278 5176.5 1070190
Qd9s 0.368526 389213 5179.5 1070190
Qd9h 0.368526 389213 5179.5 1070190
Jd9d 0.368493 389570 4788 1070190
Qh9s 0.367849 388514 5154 1070190
Qs9h 0.367849 388514 5154 1070190
Qs9s 0.367849 388514 5154 1070190
Qh9h 0.367849 388514 5154 1070190
Jd9c 0.367621 388323 5101.5 1070190
Jh9c 0.366945 387624 5076.5 1070190
Js9c 0.366945 387624 5076.5 1070190
7d6d 0.364355 382236 7693 1070190
7c6d 0.360782 377900 8205 1070190
7c6s 0.360151 377256 8173.5 1070190
7c6h 0.360151 377256 8173.5 1070190
Qc3d 0.359986 375421 9832.5 1070190
7d6c 0.359703 376776 8175 1070190
Qc3s 0.359362 374783 9803 1070190
Qc3h 0.359362 374783 9803 1070190
7s6c 0.359068 376139 8131.5 1070190
7h6c 0.359068 376139 8131.5 1070190
Qd3d 0.355476 371230 9197 1070190
7d5d 0.354909 371363 8457.5 1070190
Qh5d 0.353606 367923 10503 1070190
Qs5d 0.353606 367923 10503 1070190
Qd5s 0.353559 367862 10513.5 1070190
Qd5h 0.353559 367862 10513.5 1070190
Qh5h 0.352955 367259 10470 1070190
Qh5s 0.352955 367259 10470 1070190
Qs5h 0.352955 367259 10470 1070190
Qs5s 0.352955 367259 10470 1070190
Qh6d 0.352204 367381 9544.5 1070190
Qs6d 0.352204 367381 9544.5 1070190
Qd6s 0.352146 367306 9557.5 1070190
Qd6h 0.352146 367306 9557.5 1070190
Qs6s 0.351527 366686 9515 1070190
Qh6s 0.351527 366686 9515 1070190
Qh6h 0.351527 366686 9515 1070190
Qs6h 0.351527 366686 9515 1070190
7c5d 0.351283 366946 8994 1070190
7c5h 0.350681 366336 8959 1070190
7c5s 0.350681 366336 8959 1070190
Jc7d 0.350513 366717 8399 1070190
Jc7s 0.349836 366018 8373 1070190
Jc7h 0.349836 366018 8373 1070190
7d5c 0.349135 364659 8981.5 1070190
Qh7d 0.348704 364733 8446 1070190
Qs7d 0.348704 364733 8446 1070190
Qd7h 0.348637 364647 8460.5 1070190
Qd7s 0.348637 364647 8460.5 1070190
Jd7d 0.348588 365217 7838.5 1070190
7s5c 0.348519 364044 8938 1070190
7h5c 0.348519 364044 8938 1070190
Qd3c 0.348401 363045 9810.5 1070190
Qs7s 0.348 364006 8420 1070190
Qs7h 0.348 364006 8420 1070190
Qh7s 0.348 364006 8420 1070190
Qh7h 0.348 364006 8420 1070190
Qh3c 0.347831 362478 9767 1070190
Qs3c 0.347831 362478 9767 1070190
Td9d 0.345095 364682 4635 1070190
JdTh 0.344998 364193 5020.5 1070190
JdTs 0.344998 364193 5020.5 1070190
JhTd 0.344996 364193 5018 1070190
JsTd 0.344996 364193 5018 1070190
Tc9d 0.344894 364150 4952.5 1070190
Jc5d 0.344344 358108 10406 1070190
JsTh 0.344289 363459 4995.5 1070190
JsTs 0.344289 363459 4995.5 1070190
JhTh 0.344289 363459 4995.5 1070190
JhTs 0.344289 363459 4995.5 1070190
Tc9h 0.344215 363445 4930 1070190
Tc9s 0.344215 363445 4930 1070190
Jd7c 0.344021 359794 8374 1070190
Jc5s 0.343724 357477 10373 1070190
Jc5h 0.343724 357477 10373 1070190
Td9c 0.343508 362676 4942.5 1070190
Jh7c 0.343386 359154 8334 1070190
Js7c 0.343386 359154 8334 1070190
Th9c 0.34283 361975 4918 1070190
Ts9c 0.34283 361975 4918 1070190
Jc6d 0.342622 357197 9474 1070190
Jd5d 0.342156 356417 9754.5 1070190
Jc6h 0.341977 356536 9444.5 1070190
Jc6s 0.341977 356536 9444.5 1070190
Jd6d 0.340667 355717 8861 1070190
Js9d 0.335823 354376 5018 1070190
Jh9d 0.335823 354376 5018 1070190
Jd9h 0.335792 354341 5020.5 1070190
Jd9s 0.335792 354341 5020.5 1070190
Jd5c 0.3355 348639 10410 1070190
Js9s 0.335116 353642 4995.5 1070190
Jh9h 0.335116 353642 4995.5 1070190
Jh9s 0.335116 353642 4995.5 1070190
Js9h 0.335116 353642 4995.5 1070190
Jd6c 0.334945 348992 9462.5 1070190
Jh5c 0.334899 348039 10367 1070190
Js5c 0.334899 348039 10367 1070190
Jh6c 0.334329 348375 9420.5 1070190
Js6c 0.334329 348375 9420.5 1070190
7d6h 0.334216 349605 8070 1070190
7d6s 0.334216 349605 8070 1070190
7h6d 0.334212 349612 8058 1070190
7s6d 0.334212 349612 8058 1070190
7h6h 0.33358 348968 8026.5 1070190
7h6s 0.33358 348968 8026.5 1070190
7s6h 0.33358 348968 8026.5 1070190
7s6s 0.33358 348968 8026.5 1070190
Td7d 0.324764 339874 7685.5 1070190
Tc7d 0.32461 339157 8237.5 1070190
7d5s 0.324592 338490 8885 1070190
7d5h 0.324592 338490 8885 1070190
7s5d 0.324579 338485 8876.5 1070190
7h5d 0.324579 338485 8876.5 1070190
7s5h 0.323977 337875 8841.5 1070190
7s5s 0.323977 337875 8841.5 1070190
7h5s 0.323977 337875 8841.5 1070190
7h5h 0.323977 337875 8841.5 1070190
Tc7s 0.323959 338486 8211.5 1070190
Tc7h 0.323959 338486 8211.5 1070190
Qs3d 0.32367 336650 9738.5 1070190
Qh3d 0.32367 336650 9738.5 1070190
Qd3h 0.323617 336579 9752.5 1070190
Qd3s 0.323617 336579 9752.5 1070190
Qh3h 0.323046 336012 9709 1070190
Qh3s 0.323046 336012 9709 1070190
Qs3h 0.323046 336012 9709 1070190
Qs3s 0.323046 336012 9709 1070190
Td7c 0.319477 333686 8215 1070190
Th7c 0.318841 333045 8175.5 1070190
Ts7c 0.318841 333045 8175.5 1070190
Td6d 0.316788 330315 8708 1070190
Tc6d 0.316659 329573 9312.5 1070190
Tc6s 0.316038 328938 9283 1070190
Tc6h 0.316038 328938 9283 1070190
Js7d 0.315659 329528 8287.5 1070190
Jh7d 0.315659 329528 8287.5 1070190
Jd7s 0.315617 329469 8301.5 1070190
Jd7h 0.315617 329469 8301.5 1070190
Jc3d 0.315088 327533 9671 1070190
Jh7h 0.314982 328829 8261.5 1070190
Jh7s 0.314982 328829 8261.5 1070190
Js7h 0.314982 328829 8261.5 1070190
Js7s 0.314982 328829 8261.5 1070190
Jc3h 0.314496 326929 9641.5 1070190
Jc3s 0.314496 326929 9641.5 1070190
Jd3d 0.313107 326040 9044 1070190
6d3d 0.312299 326623 7596.5 1070190
Ts9d 0.311577 328587 4859.5 1070190
Th9d 0.311577 328587 4859.5 1070190
Td9s 0.311575 328583 4861.5 1070190
Td9h 0.311575 328583 4861.5 1070190
Th9h 0.310897 327882 4837 1070190
Ts9h 0.310897 327882 4837 1070190
Ts9s 0.310897 327882 4837 1070190
Th9s 0.310897 327882 4837 1070190
Td6c 0.310355 322835 9303.5 1070190
Th6c 0.309739 322218 9262 1070190
Ts6c 0.309739 322218 9262 1070190
Jh5d 0.309674 321065 10344.5 1070190
Js5d 0.309674 321065 10344.5 1070190
Jd5s 0.309654 321034 10354.5 1070190
Jd5h 0.309654 321034 10354.5 1070190
Jh5h 0.309053 320434 10311.5 1070190
Jh5s 0.309053 320434 10311.5 1070190
Js5h 0.309053 320434 10311.5 1070190
Js5s 0.309053 320434 10311.5 1070190
Jh6d 0.307651 319859 9386 1070190
Js6d 0.307651 319859 9386 1070190
Jd6h 0.307622 319815 9398.5 1070190
Jd6s 0.307622 319815 9398.5 1070190
6c3d 0.307163 320659 8063.5 1070190
Js6s 0.307006 319198 9356.5 1070190
Js6h 0.307006 319198 9356.5 1070190
Jh6s 0.307006 319198 9356.5 1070190
Jh6h 0.307006 319198 9356.5 1070190
6c3h 0.306618 320107 8032 1070190
6c3s 0.306618 320107 8032 1070190
Td5d 0.306556 318472 9601.5 1070190
Tc5d 0.306416 317679 10244.5 1070190
Tc5s 0.305827 317081 10211.5 1070190
Tc5h 0.305827 317081 10211.5 1070190
Jd3c 0.304879 316627 9651.5 1070190
6d3c 0.304774 318141 8025 1070190
Js3c 0.304312 316063 9608.5 1070190
Jh3c 0.304312 316063 9608.5 1070190
6s3c 0.304218 317587 7984 1070190
6h3c 0.304218 317587 7984 1070190
Td5c 0.298931 309662 10251 1070190
Ts5c 0.298334 309066 10208.5 1070190
Th5c 0.298334 309066 10208.5 1070190
9d7d 0.295899 309900 6768 1070190
9c7d 0.293619 306941 7287 1070190
9c7s 0.292996 306297 7264.5 1070190
9c7h 0.292996 306297 7264.5 1070190
Ts7d 0.290962 303256 8129 1070190
Th7d 0.290962 303256 8129 1070190
Td7h 0.290947 303226 8142.5 1070190
Td7s 0.290947 303226 8142.5 1070190
Ts7s 0.290311 302585 8103 1070190
Th7h 0.290311 302585 8103 1070190
Th7s 0.290311 302585 8103 1070190
Ts7h 0.290311 302585 8103 1070190
9d7c 0.289778 302868 7249.5 1070190
9h7c 0.289143 302227 7210.5 1070190
9s7c 0.289143 302227 7210.5 1070190
9d6d 0.287867 300282 7790.5 1070190
9c6d 0.285613 297298 8362 1070190
9c6s 0.285019 296689 8336 1070190
9c6h 0.285019 296689 8336 1070190
Th6d 0.282897 293526 9227.5 1070190
Ts6d 0.282897 293526 9227.5 1070190
Td6s 0.282891 293508 9239.5 1070190
Td6h 0.282891 293508 9239.5 1070190
Th6s 0.282276 292891 9198 1070190
Th6h 0.282276 292891 9198 1070190
Ts6h 0.282276 292891 9198 1070190
Ts6s 0.282276 292891 9198 1070190
9d6c 0.280605 291963 8338 1070190
6d3s 0.280394 292119 7955.5 1070190
6d3h 0.280394 292119 7955.5 1070190
6s3d 0.280383 292117 7946 1070190
6h3d 0.280383 292117 7946 1070190
9s6c 0.27999 291346 8297 1070190
9h6c 0.27999 291346 8297 1070190
6h3h 0.279838 291565 7914.5 1070190
6s3h 0.279838 291565 7914.5 1070190
6s3s 0.279838 291565 7914.5 1070190
6h3s 0.279838 291565 7914.5 1070190
Jh3d 0.279343 289370 9580 1070190
Js3d 0.279343 289370 9580 1070190
Jd3h 0.279318 289330 9593.5 1070190
Jd3s 0.279318 289330 9593.5 1070190
Js3h 0.278751 288766 9550.5 1070190
Js3s 0.278751 288766 9550.5 1070190
Jh3s 0.278751 288766 9550.5 1070190
Jh3h 0.278751 288766 9550.5 1070190
9d5d 0.277793 288607 8684 1070190
Td3d 0.277508 288095 8891 1070190
Tc3d 0.277164 287109 9509.5 1070190
Tc3s 0.276604 286539 9480 1070190
Tc3h 0.276604 286539 9480 1070190
9c5d 0.275532 285578 9294 1070190
9c5s 0.274969 285005 9264.5 1070190
9c5h 0.274969 285005 9264.5 1070190
Td5h 0.272462 281391 10195.5 1070190
Td5s 0.272462 281391 10195.5 1070190
Th5d 0.272455 281393 10186 1070190
Ts5d 0.272455 281393 10186 1070190
Ts5h 0.271866 280795 10153 1070190
Th5h 0.271866 280795 10153 1070190
Ts5s 0.271866 280795 10153 1070190
Th5s 0.271866 280795 10153 1070190
9d5c 0.269349 278969 9285.5 1070190
9s5c 0.268753 278373 9243.5 1070190
9h5c 0.268753 278373 9243.5 1070190
Td3c 0.268305 277645 9492.5 1070190
Ts3c 0.267741 277084 9450 1070190
Th3c 0.267741 277084 9450 1070190
9d7s 0.260774 271909 7168.5 1070190
9d7h 0.260774 271909 7168.5 1070190
9h7d 0.260761 271912 7152 1070190
9s7d 0.260761 271912 7152 1070190
9h7h 0.260138 271268 7129.5 1070190
9h7s 0.260138 271268 7129.5 1070190
9s7s 0.260138 271268 7129.5 1070190
9s7h 0.260138 271268 7129.5 1070190
9d6s 0.252659 262128 8265.5 1070190
9d6h 0.252659 262128 8265.5 1070190
9h6d 0.252638 262120 8250.5 1070190
9s6d 0.252638 262120 8250.5 1070190
9s6s 0.252044 261511 8224.5 1070190
9s6h 0.252044 261511 8224.5 1070190
9h6s 0.252044 261511 8224.5 1070190
9h6h 0.252044 261511 8224.5 1070190
9d3d 0.24791 256573 8738 1070190
9c3d 0.245436 253315 9348 1070190
9c3s 0.244907 252779 9318.5 1070190
9c3h 0.244907 252779 9318.5 1070190
9d5s 0.242398 250190 9221.5 1070190
9d5h 0.242398 250190 9221.5 1070190
9s5d 0.242364 250167 9209 1070190
9h5d 0.242364 250167 9209 1070190
Td3h 0.242128 249688 9434.5 1070190
Td3s 0.242128 249688 9434.5 1070190
Ts3d 0.242124 249697 9421.5 1070190
Th3d 0.242124 249697 9421.5 1070190
9s5h 0.241801 249594 9179.5 1070190
9s5s 0.241801 249594 9179.5 1070190
9h5s 0.241801 249594 9179.5 1070190
9h5h 0.241801 249594 9179.5 1070190
Ts3s 0.241564 249127 9392 1070190
Ts3h 0.241564 249127 9392 1070190
Th3s 0.241564 249127 9392 1070190
Th3h 0.241564 249127 9392 1070190
9d3c 0.237853 245214 9333.5 1070190
9h3c 0.237289 244653 9291.5 1070190
9s3c 0.237289 244653 9291.5 1070190
7d3d 0.217282 224499 8034 1070190
9d3h 0.211193 216741 9275.5 1070190
9d3s 0.211193 216741 9275.5 1070190
9h3d 0.211158 216716 9263 1070190
9s3d 0.211158 216716 9263 1070190
7c3d 0.21097 217190 8588.5 1070190
9h3h 0.210629 216180 9233.5 1070190
9s3s 0.210629 216180 9233.5 1070190
9h3s 0.210629 216180 9233.5 1070190
9s3h 0.210629 216180 9233.5 1070190
7c3h 0.210471 216682 8561.5 1070190
7c3s 0.210471 216682 8561.5 1070190
7d3c 0.207119 213104 8552.5 1070190
7h3c 0.206582 212569 8513.5 1070190
7s3c 0.206582 212569 8513.5 1070190
7d3s 0.179873 183983 8515.5 1070190
7d3h 0.179873 183983 8515.5 1070190
7h3d 0.179837 183956 8503.5 1070190
7s3d 0.179837 183956 8503.5 1070190
7s3s 0.179337 183448 8476.5 1070190
7s3h 0.179337 183448 8476.5 1070190
7h3s 0.179337 183448 8476.5 1070190
7h3h 0.179337 183448 8476.5 1070190
