5d3d 0.944041 992436 17867 1070190
5d3c 0.923941 966689 22103.5 1070190
5d3s 0.923156 965969 21983 1070190
5d3h 0.923156 965969 21983 1070190
5c3d 0.922929 965623 22086 1070190
5h3d 0.922185 964951 21962 1070190
5s3d 0.922185 964951 21962 1070190
5c3c 0.913718 956522 21330 1070190
5s3c 0.912332 954786 21583 1070190
5h3c 0.912332 954786 21583 1070190
5c3s 0.912291 954738 21586.5 1070190
5c3h 0.912291 954738 21586.5 1070190
5s3h 0.911547 954066 21462.5 1070190
5s3s 0.911547 954066 21462.5 1070190
5h3h 0.911547 954066 21462.5 1070190
5h3s 0.911547 954066 21462.5 1070190
6h6c 0.901498 958482 6292 1070190
6s6c 0.901498 958482 6292 1070190
6s6h 0.901137 958100 6288 1070190
2h2d 0.896566 953328 6168 1070190
2s2d 0.896566 953328 6168 1070190
4s4c 0.896002 952536 6356.5 1070190
4h4c 0.896002 952536 6356.5 1070190
4s4h 0.895639 952151 6352.5 1070190
2s2h 0.889459 945482 6408 1070190
6c4c 0.82339 872868 8316 1070190
AdAc 0.81738 868235 6517 1070190
AsAd 0.816589 867392 6513 1070190
AhAd 0.816589 867392 6513 1070190
6s4c 0.816555 865069 8800 1070190
6h4c 0.816555 865069 8800 1070190
6c4h 0.816552 865066 8800 1070190
6c4s 0.816552 865066 8800 1070190
6c2d 0.816305 862861 10740 1070190
6s4h 0.816212 864728 8774 1070190
6s4s 0.816212 864728 8774 1070190
6h4s 0.816212 864728 8774 1070190
6h4h 0.816212 864728 8774 1070190
6s2d 0.815966 862525 10714 1070190
6h2d 0.815966 862525 10714 1070190
6c2h 0.807041 852663 11024 1070190
6c2s 0.807041 852663 11024 1070190
6h2s 0.806703 852327 10998 1070190
6h2h 0.806703 852327 10998 1070190
6s2h 0.806703 852327 10998 1070190
6s2s 0.806703 852327 10998 1070190
4c2d 0.800625 845935 10885.5 1070190
4h2d 0.800284 845596 10859.5 1070190
4s2d 0.800284 845596 10859.5 1070190
KdKc 0.798069 847568 6517 1070190
KsKd 0.797278 846726 6513 1070190
KhKd 0.797278 846726 6513 1070190
4c2h 0.791103 835461 11169.5 1070190
4c2s 0.791103 835461 11169.5 1070190
4s2h 0.790762 835122 11143.5 1070190
4h2h 0.790762 835122 11143.5 1070190
4s2s 0.790762 835122 11143.5 1070190
4h2s 0.790762 835122 11143.5 1070190
AhAc 0.790268 838980 6757 1070190
AsAc 0.790268 838980 6757 1070190
AsAh 0.789477 838137 6753 1070190
QdQc 0.778783 826929 6517 1070190
QhQd 0.777993 826087 6513 1070190
QsQd 0.777993 826087 6513 1070190
KhKc 0.771792 819207 6757 1070190
KsKc 0.771792 819207 6757 1070190
KsKh 0.771001 818365 6753 1070190
JdJc 0.759524 806318 6517 1070190
JhJd 0.758733 805476 6513 1070190
JsJd 0.758733 805476 6513 1070190
QhQc 0.753316 799434 6757 1070190
QsQc 0.753316 799434 6757 1070190
QsQh 0.752525 798592 6753 1070190
TdTc 0.740913 786401 6517 1070190
TsTd 0.740128 785565 6513 1070190
ThTd 0.740128 785565 6513 1070190
JsJc 0.73484 779661 6757 1070190
JhJc 0.73484 779661 6757 1070190
JsJh 0.734049 778819 6753 1070190
5d2d 0.726591 761860 15730 1070190
Ad2d 0.724537 768797 6595.5 1070190
9d9c 0.721706 765846 6517 1070190
9h9d 0.720922 765010 6513 1070190
9s9d 0.720922 765010 6513 1070190
3d2d 0.717958 753131 15221 1070190
ThTc 0.717064 760638 6757 1070190
TsTc 0.717064 760638 6757 1070190
TsTh 0.716279 759802 6753 1070190
Kd2d 0.716164 759314 7118 1070190
Ad6c 0.715077 755955 9313 1070190
Ad6s 0.714339 755191 9287 1070190
Ad6h 0.714339 755191 9287 1070190
8d8c 0.713366 756335 7102 1070190
8h8d 0.712615 755539 7094 1070190
8s8d 0.712615 755539 7094 1070190
6c5d 0.711639 740320 21269 1070190
6h5d 0.711066 739755 21220.5 1070190
6s5d 0.711066 739755 21220.5 1070190
Qd2d 0.708394 750548 7568.5 1070190
Kd6c 0.707445 747016 10085 1070190
Kd6s 0.706744 746295 10055 1070190
Kd6h 0.706744 746295 10055 1070190
6c5c 0.705654 734693 20491 1070190
7d7c 0.702991 750691 1642.5 1070190
7s7d 0.702239 749895 1634.5 1070190
7h7d 0.702239 749895 1634.5 1070190
Jd2d 0.701227 742499 7947 1070190
Qd6c 0.700098 738473 10765 1070190
Ad5d 0.700061 735152 14046 1070190
Ac6c 0.699695 739694 9113 1070190
Qd6s 0.699431 737793 10731.5 1070190
Qd6h 0.699431 737793 10731.5 1070190
9h9c 0.698588 740865 6757 1070190
9s9c 0.698588 740865 6757 1070190
9s9h 0.697803 740029 6753 1070190
6c3d 0.696573 724710 20755 1070190
6h3d 0.696048 724197 20706.5 1070190
6s3d 0.696048 724197 20706.5 1070190
Td2d 0.694769 735281 8253.5 1070190
Kc6c 0.693382 732176 9874 1070190
Jd6c 0.693035 730326 11353 1070190
6s5c 0.692561 719841 21331 1070190
6h5c 0.692561 719841 21331 1070190
6c5h 0.692503 719810 21300 1070190
6c5s 0.692503 719810 21300 1070190
Jd6h 0.692402 729685 11316.5 1070190
Jd6s 0.692402 729685 11316.5 1070190
6c3c 0.692152 720711 20023.5 1070190
6h5s 0.69193 719245 21251.5 1070190
6h5h 0.69193 719245 21251.5 1070190
6s5h 0.69193 719245 21251.5 1070190
6s5s 0.69193 719245 21251.5 1070190
8s8c 0.691378 732572 7334 1070190
8h8c 0.691378 732572 7334 1070190
AdKd 0.69075 731745 7489 1070190
8s8h 0.690627 731776 7326 1070190
8d2d 0.689677 728939 9146 1070190
7d2d 0.689379 731680 6087 1070190
9d2d 0.688807 728666 8488 1070190
Qc6c 0.687352 725053 10544 1070190
Td6c 0.686539 722878 11849 1070190
Td6h 0.685938 722274 11810 1070190
Td6s 0.685938 722274 11810 1070190
AdQd 0.684635 725200 7489 1070190
7d6c 0.684041 723618 8436 1070190
7d6h 0.683515 723095 8396 1070190
7d6s 0.683515 723095 8396 1070190
Ac6s 0.683237 721552 9641 1070190
Ac6h 0.683237 721552 9641 1070190
Ah6c 0.683172 721483 9641 1070190
As6c 0.683172 721483 9641 1070190
Ad3d 0.683028 717352 13617.5 1070190
8d6c 0.682583 717100 13394 1070190
Ah6s 0.682434 720719 9615 1070190
As6s 0.682434 720719 9615 1070190
As6h 0.682434 720719 9615 1070190
Ah6h 0.682434 720719 9615 1070190
8d6s 0.682034 716554 13351.5 1070190
8d6h 0.682034 716554 13351.5 1070190
7s7c 0.681664 727884 1626.5 1070190
7h7c 0.681664 727884 1626.5 1070190
Jc6c 0.681603 718322 11123 1070190
7s7h 0.680913 727088 1618.5 1070190
9d6c 0.680044 715523 12253 1070190
9d6s 0.679474 714954 12212 1070190
9d6h 0.679474 714954 12212 1070190
5d5c 0.679374 716471 10588.5 1070190
5s5d 0.678784 715901 10526.5 1070190
5h5d 0.678784 715901 10526.5 1070190
AdJd 0.678519 718655 7489 1070190
6s3c 0.678071 704857 20808 1070190
6h3c 0.678071 704857 20808 1070190
6c3h 0.67794 704744 20780.5 1070190
6c3s 0.67794 704744 20780.5 1070190
6s3h 0.677415 704231 20732 1070190
6h3h 0.677415 704231 20732 1070190
6h3s 0.677415 704231 20732 1070190
6s3s 0.677415 704231 20732 1070190
7c6c 0.676923 716194 8242 1070190
Kc6s 0.676903 713982 10433 1070190
Kc6h 0.676903 713982 10433 1070190
Kh6c 0.676802 713870 10437 1070190
Ks6c 0.676802 713870 10437 1070190
Tc6c 0.676433 712301 11611 1070190
Ks6s 0.676101 713149 10407 1070190
Kh6h 0.676101 713149 10407 1070190
Kh6s 0.676101 713149 10407 1070190
Ks6h 0.676101 713149 10407 1070190
8c6c 0.674701 708962 13096.5 1070190
AdTd 0.67251 712224 7489 1070190
9c6c 0.671247 706354 12008 1070190
Qc6s 0.670835 706790 11130.5 1070190
Qc6h 0.670835 706790 11130.5 1070190
Qs6c 0.670699 706637 11138 1070190
Qh6c 0.670699 706637 11138 1070190
Qs6s 0.670032 705957 11104.5 1070190
Qh6h 0.670032 705957 11104.5 1070190
Qh6s 0.670032 705957 11104.5 1070190
Qs6h 0.670032 705957 11104.5 1070190
Ad8d 0.666616 705434 7971.5 1070190
Ad9d 0.666394 705679 7489 1070190
Ad7d 0.665158 707023 4822 1070190
Jc6s 0.665031 699976 11733.5 1070190
Jc6h 0.665031 699976 11733.5 1070190
Js6c 0.664861 699784 11744 1070190
Jh6c 0.664861 699784 11744 1070190
Kd5d 0.664753 697491 13920.5 1070190
Js6h 0.664228 699143 11707.5 1070190
Jh6s 0.664228 699143 11707.5 1070190
Jh6h 0.664228 699143 11707.5 1070190
Js6s 0.664228 699143 11707.5 1070190
7c6h 0.661245 699026 8631.5 1070190
7c6s 0.661245 699026 8631.5 1070190
7s6c 0.661008 698762 8642 1070190
7h6c 0.661008 698762 8642 1070190
7h6h 0.660482 698239 8602 1070190
7s6s 0.660482 698239 8602 1070190
7s6h 0.660482 698239 8602 1070190
7h6s 0.660482 698239 8602 1070190
Tc6h 0.65984 693912 12242 1070190
Tc6s 0.65984 693912 12242 1070190
Th6c 0.659644 693689 12255 1070190
Ts6c 0.659644 693689 12255 1070190
5h5c 0.659596 695607 10286.5 1070190
5s5c 0.659596 695607 10286.5 1070190
Ts6h 0.659043 693085 12216 1070190
Ts6s 0.659043 693085 12216 1070190
Th6h 0.659043 693085 12216 1070190
Th6s 0.659043 693085 12216 1070190
5s5h 0.659006 695037 10224.5 1070190
8c6s 0.658688 691108 13813.5 1070190
8c6h 0.658688 691108 13813.5 1070190
8s6c 0.658475 690867 13826.5 1070190
8h6c 0.658475 690867 13826.5 1070190
8h6s 0.657925 690321 13784 1070190
8s6h 0.657925 690321 13784 1070190
8s6s 0.657925 690321 13784 1070190
8h6h 0.657925 690321 13784 1070190
5d4c 0.654618 677199 23366.5 1070190
9c6h 0.654566 687854 12656 1070190
9c6s 0.654566 687854 12656 1070190
9h6c 0.654339 687596 12671 1070190
9s6c 0.654339 687596 12671 1070190
5d4s 0.654064 676668 23304.5 1070190
5d4h 0.654064 676668 23304.5 1070190
9s6s 0.653769 687027 12630 1070190
9h6h 0.653769 687027 12630 1070190
9h6s 0.653769 687027 12630 1070190
9s6h 0.653769 687027 12630 1070190
5c4c 0.648589 671552 22561.5 1070190
Kd3d 0.647046 678970 13492 1070190
KdQd 0.644314 682175 7363.5 1070190
Ad4c 0.642364 678089 9362.5 1070190
4c3d 0.64167 664171 22537.5 1070190
Ad4s 0.641625 677324 9336.5 1070190
Ad4h 0.641625 677324 9336.5 1070190
4s3d 0.641131 663657 22475.5 1070190
4h3d 0.641131 663657 22475.5 1070190
KdJd 0.638198 675630 7363.5 1070190
4c3c 0.637201 660147 21779 1070190
Kd4c 0.634733 669150 10134.5 1070190
Kd4s 0.634031 668429 10104.5 1070190
Kd4h 0.634031 668429 10104.5 1070190
Qd5d 0.633339 663998 13795 1070190
5c4s 0.63314 654084 23496 1070190
5c4h 0.63314 654084 23496 1070190
5h4c 0.633095 654053 23478.5 1070190
5s4c 0.633095 654053 23478.5 1070190
5h4h 0.63254 653522 23416.5 1070190
5h4s 0.63254 653522 23416.5 1070190
5s4s 0.63254 653522 23416.5 1070190
5s4h 0.63254 653522 23416.5 1070190
KdTd 0.632189 669199 7363.5 1070190
Qd4c 0.627385 660607 10814.5 1070190
Ac4c 0.627079 661931 9162.5 1070190
Qd4h 0.626719 659927 10781 1070190
Qd4s 0.626719 659927 10781 1070190
Kd8d 0.626566 662699 7846 1070190
Kd9d 0.626073 662654 7363.5 1070190
Kd7d 0.625146 664329 4696.5 1070190
7d5d 0.621992 660041 5608.5 1070190
8d5d 0.621284 651662 13229.5 1070190
4s3c 0.620772 641686 22658 1070190
4h3c 0.620772 641686 22658 1070190
Kc4c 0.620768 654416 9923.5 1070190
4c3s 0.62068 641601 22644 1070190
4c3h 0.62068 641601 22644 1070190
Jd4c 0.620322 652460 11402.5 1070190
4s3h 0.620141 641087 22582 1070190
4h3h 0.620141 641087 22582 1070190
4s3s 0.620141 641087 22582 1070190
4h3s 0.620141 641087 22582 1070190
Jd4h 0.619689 651819 11366 1070190
Jd4s 0.619689 651819 11366 1070190
Qd3d 0.615093 644900 13366.5 1070190
Qc4c 0.614738 647293 10593.5 1070190
Td4c 0.613826 645012 11898.5 1070190
Td4h 0.613225 644408 11859.5 1070190
Td4s 0.613225 644408 11859.5 1070190
7d4c 0.612659 647176 8485.5 1070190
7d4s 0.612133 646653 8445.5 1070190
7d4h 0.612133 646653 8445.5 1070190
8d4c 0.611201 640658 13443.5 1070190
8d4s 0.610651 640112 13401 1070190
8d4h 0.610651 640112 13401 1070190
Jc4c 0.60899 640562 11172.5 1070190
9d4c 0.607331 637657 12302.5 1070190
Ac4s 0.607228 640159 9690.5 1070190
Ac4h 0.607228 640159 9690.5 1070190
As4c 0.607196 640125 9690.5 1070190
Ah4c 0.607196 640125 9690.5 1070190
9d4s 0.606761 637088 12261.5 1070190
9d4h 0.606761 637088 12261.5 1070190
As4h 0.606457 639360 9664.5 1070190
As4s 0.606457 639360 9664.5 1070190
Ah4s 0.606457 639360 9664.5 1070190
Ah4h 0.606457 639360 9664.5 1070190
Jd5d 0.60582 634673 13669.5 1070190
7c4c 0.605618 639835 8291.5 1070190
Tc4c 0.603819 634541 11660.5 1070190
8c4c 0.603397 632603 13146 1070190
QdJd 0.602845 637921 7238 1070190
Kc4h 0.600895 632589 10482.5 1070190
Kc4s 0.600895 632589 10482.5 1070190
Ks4c 0.600826 632512 10486.5 1070190
Kh4c 0.600826 632512 10486.5 1070190
Ks4h 0.600125 631791 10456.5 1070190
Kh4h 0.600125 631791 10456.5 1070190
Kh4s 0.600125 631791 10456.5 1070190
Ks4s 0.600125 631791 10456.5 1070190
9c4c 0.598633 628594 12057.5 1070190
QdTd 0.596836 631490 7238 1070190
3d3c 0.594989 626721 10030.5 1070190
Qc4h 0.594826 625397 11180 1070190
Qc4s 0.594826 625397 11180 1070190
Qh4c 0.594723 625279 11187.5 1070190
Qs4c 0.594723 625279 11187.5 1070190
3s3d 0.594401 626150 9972.5 1070190
3h3d 0.594401 626150 9972.5 1070190
Qs4s 0.594056 624599 11154 1070190
Qs4h 0.594056 624599 11154 1070190
Qh4s 0.594056 624599 11154 1070190
Qh4h 0.594056 624599 11154 1070190
5d2h 0.591809 610505 22843 1070190
5d2s 0.591809 610505 22843 1070190
Qd8d 0.59135 625136 7720.5 1070190
5c2d 0.590802 609755 22515 1070190
Qd9d 0.59072 624945 7238 1070190
5s2d 0.590204 609177 22453 1070190
5h2d 0.590204 609177 22453 1070190
Qd7d 0.589967 626806 4571 1070190
Jc4h 0.589023 618583 11783 1070190
Jc4s 0.589023 618583 11783 1070190
Jh4c 0.588886 618426 11793.5 1070190
Js4c 0.588886 618426 11793.5 1070190
Jh4h 0.588253 617785 11757 1070190
Jh4s 0.588253 617785 11757 1070190
Js4h 0.588253 617785 11757 1070190
Js4s 0.588253 617785 11757 1070190
Jd3d 0.58717 615142 13241 1070190
7c4s 0.586632 619127 8681 1070190
7c4h 0.586632 619127 8681 1070190
7s4c 0.586427 618897 8691.5 1070190
7h4c 0.586427 618897 8691.5 1070190
7h4h 0.585901 618374 8651.5 1070190
7h4s 0.585901 618374 8651.5 1070190
7s4s 0.585901 618374 8651.5 1070190
7s4h 0.585901 618374 8651.5 1070190
8c4s 0.584076 611209 13863 1070190
8c4h 0.584076 611209 13863 1070190
8s4c 0.583894 611002 13876 1070190
8h4c 0.583894 611002 13876 1070190
Tc4s 0.583831 612519 12291.5 1070190
Tc4h 0.583831 612519 12291.5 1070190
Th4c 0.583668 612331 12304.5 1070190
Ts4c 0.583668 612331 12304.5 1070190
8s4s 0.583345 610456 13833.5 1070190
8s4h 0.583345 610456 13833.5 1070190
8h4s 0.583345 610456 13833.5 1070190
8h4h 0.583345 610456 13833.5 1070190
Ts4h 0.583067 611727 12265.5 1070190
Th4s 0.583067 611727 12265.5 1070190
Ts4s 0.583067 611727 12265.5 1070190
Th4h 0.583067 611727 12265.5 1070190
Td5d 0.582502 609844 13544 1070190
8d7d 0.581393 618106 4095 1070190
9c4s 0.578558 606461 12705.5 1070190
9c4h 0.578558 606461 12705.5 1070190
9s4c 0.578363 606238 12720.5 1070190
9h4c 0.578363 606238 12720.5 1070190
3c2d 0.578087 596973 21690 1070190
3d2s 0.578076 596650 22001 1070190
3d2h 0.578076 596650 22001 1070190
9h4h 0.577793 605669 12679.5 1070190
9h4s 0.577793 605669 12679.5 1070190
9s4h 0.577793 605669 12679.5 1070190
9s4s 0.577793 605669 12679.5 1070190
3h2d 0.577457 596357 21632 1070190
3s2d 0.577457 596357 21632 1070190
3s3c 0.573418 603930 9736.5 1070190
3h3c 0.573418 603930 9736.5 1070190
3s3h 0.572831 603359 9678.5 1070190
5c2h 0.571774 589198 22708.5 1070190
5c2s 0.571774 589198 22708.5 1070190
5h2h 0.571176 588620 22646.5 1070190
5h2s 0.571176 588620 22646.5 1070190
5s2s 0.571176 588620 22646.5 1070190
5s2h 0.571176 588620 22646.5 1070190
JdTd 0.56645 599097 7112.5 1070190
Ad2h 0.564279 593974 9912 1070190
Ad2s 0.564279 593974 9912 1070190
Td3d 0.563682 590131 13115.5 1070190
9d5d 0.563323 589927 12936 1070190
Jd8d 0.560966 592745 7595 1070190
Jd9d 0.560335 592552 7112.5 1070190
Jd7d 0.55962 594454 4445.5 1070190
3c2h 0.558662 576021 21853 1070190
3c2s 0.558662 576021 21853 1070190
3s2s 0.558032 575405 21795 1070190
3s2h 0.558032 575405 21795 1070190
3h2h 0.558032 575405 21795 1070190
3h2s 0.558032 575405 21795 1070190
Kd2s 0.555751 584157 10602.5 1070190
Kd2h 0.555751 584157 10602.5 1070190
Ac2d 0.552188 581030 9916 1070190
Ah2d 0.551402 580197 9907.5 1070190
As2d 0.551402 580197 9907.5 1070190
Qd2s 0.547644 574883 11200 1070190
Qd2h 0.547644 574883 11200 1070190
Ad5c 0.547073 565237 20235.5 1070190
Ad5h 0.546512 564716 20156 1070190
Ad5s 0.546512 564716 20156 1070190
Kc2d 0.544875 572490 10630 1070190
Ks2d 0.544089 571657 10622 1070190
Kh2d 0.544089 571657 10622 1070190
9d3d 0.543817 568997 12990 1070190
Td8d 0.543651 574340 7469.5 1070190
Td9d 0.543289 574435 6987 1070190
Td7d 0.542339 576086 4320 1070190
Jd2h 0.539957 566152 11704.5 1070190
Jd2s 0.539957 566152 11704.5 1070190
Qc2d 0.537965 564477 11248 1070190
Qh2d 0.53718 563644 11240.5 1070190
Qs2d 0.53718 563644 11240.5 1070190
Ac5c 0.534771 552542 19765 1070190
Ac5d 0.53455 551327 20743 1070190
As5d 0.533929 550700 20705 1070190
Ah5d 0.533929 550700 20705 1070190
Td2s 0.532974 558267 12116 1070190
Td2h 0.532974 558267 12116 1070190
7d2h 0.531747 560624 8446.5 1070190
7d2s 0.531747 560624 8446.5 1070190
Jc2d 0.531458 556991 11770 1070190
Jh2d 0.530673 556158 11763 1070190
Js2d 0.530673 556158 11763 1070190
8d2s 0.530372 554110 13488.5 1070190
8d2h 0.530372 554110 13488.5 1070190
Ac2s 0.529769 556917 10036.5 1070190
Ac2h 0.529769 556917 10036.5 1070190
7d3d 0.529599 561618 5154 1070190
8d3d 0.529572 553968 12775 1070190
As2s 0.528983 556084 10028 1070190
As2h 0.528983 556084 10028 1070190
Ah2s 0.528983 556084 10028 1070190
Ah2h 0.528983 556084 10028 1070190
7c2d 0.527603 556121 8514 1070190
7s2d 0.526859 555334 8505 1070190
7h2d 0.526859 555334 8505 1070190
9d2s 0.526128 550622 12434.5 1070190
9d2h 0.526128 550622 12434.5 1070190
Tc2d 0.525693 550395 12196 1070190
8c2d 0.52548 548792 13571.5 1070190
Th2d 0.524914 549568 12189.5 1070190
Ts2d 0.524914 549568 12189.5 1070190
8h2d 0.524736 548005 13562 1070190
8s2d 0.524736 548005 13562 1070190
9d8d 0.523483 553365 6861.5 1070190
Kc2h 0.52262 548576 10726.5 1070190
Kc2s 0.52262 548576 10726.5 1070190
9d7d 0.522206 555148 3712 1070190
Kh2h 0.521834 547743 10718.5 1070190
Ks2h 0.521834 547743 10718.5 1070190
Ks2s 0.521834 547743 10718.5 1070190
Kh2s 0.521834 547743 10718.5 1070190
Ad3c 0.521102 538178 19500.5 1070190
Ad3h 0.520558 537671 19424.5 1070190
Ad3s 0.520558 537671 19424.5 1070190
9c2d 0.519991 543963 12526 1070190
9s2d 0.519212 543136 12520 1070190
9h2d 0.519212 543136 12520 1070190
AdKc 0.517976 542750 11583 1070190
AdKs 0.517197 541942 11557 1070190
AdKh 0.517197 541942 11557 1070190
AcKd 0.516498 541188 11563 1070190
Qc2h 0.515865 540750 11323.5 1070190
Qc2s 0.515865 540750 11323.5 1070190
AhKd 0.515722 540388 11533 1070190
AsKd 0.515722 540388 11533 1070190
Qs2h 0.51508 539917 11316 1070190
Qs2s 0.51508 539917 11316 1070190
Qh2s 0.51508 539917 11316 1070190
Qh2h 0.51508 539917 11316 1070190
Ac5s 0.512859 528304 20553 1070190
Ac5h 0.512859 528304 20553 1070190
As5c 0.512799 528198 20594.5 1070190
Ah5c 0.512799 528198 20594.5 1070190
As5h 0.512238 527677 20515 1070190
As5s 0.512238 527677 20515 1070190
Ah5s 0.512238 527677 20515 1070190
Ah5h 0.512238 527677 20515 1070190
Jc2h 0.509504 533439 11827.5 1070190
Jc2s 0.509504 533439 11827.5 1070190
Ac3c 0.509261 525951 19054.5 1070190
AdQc 0.50897 533112 11583 1070190
Jh2s 0.508719 532606 11820.5 1070190
Js2h 0.508719 532606 11820.5 1070190
Js2s 0.508719 532606 11820.5 1070190
Jh2h 0.508719 532606 11820.5 1070190
AdQh 0.508191 532304 11557 1070190
AdQs 0.508191 532304 11557 1070190
AcKc 0.507631 532185 11076.5 1070190
Ac3d 0.507151 522757 19990.5 1070190
7c2s 0.506784 534007 8348.5 1070190
7c2h 0.506784 534007 8348.5 1070190
Ah3d 0.506569 522173 19952.5 1070190
As3d 0.506569 522173 19952.5 1070190
AcQd 0.506144 530107 11563 1070190
7s2s 0.506041 533220 8339.5 1070190
7h2s 0.506041 533220 8339.5 1070190
7s2h 0.506041 533220 8339.5 1070190
7h2h 0.506041 533220 8339.5 1070190
AsQd 0.5054 529341 11533 1070190
AhQd 0.5054 529341 11533 1070190
8c2s 0.504266 526037 13623.5 1070190
8c2h 0.504266 526037 13623.5 1070190
Tc2h 0.503886 527015 12238.5 1070190
Tc2s 0.503886 527015 12238.5 1070190
8h2h 0.503522 525250 13614 1070190
8h2s 0.503522 525250 13614 1070190
8s2h 0.503522 525250 13614 1070190
8s2s 0.503522 525250 13614 1070190
Th2s 0.503107 526188 12232 1070190
Th2h 0.503107 526188 12232 1070190
Ts2s 0.503107 526188 12232 1070190
Ts2h 0.503107 526188 12232 1070190
AdJc 0.499964 523474 11583 1070190
AdJh 0.499185 522666 11557 1070190
AdJs 0.499185 522666 11557 1070190
AcQc 0.498974 522921 11076.5 1070190
9c2s 0.498314 520734 12556.5 1070190
9c2h 0.498314 520734 12556.5 1070190
9h2s 0.497535 519907 12550.5 1070190
9h2h 0.497535 519907 12550.5 1070190
9s2h 0.497535 519907 12550.5 1070190
9s2s 0.497535 519907 12550.5 1070190
Kd5c 0.497236 512063 20074 1070190
Kd5s 0.4967 511569 19994.5 1070190
Kd5h 0.4967 511569 19994.5 1070190
AcJd 0.495816 519054 11563 1070190
AsJd 0.495104 518322 11533 1070190
AhJd 0.495104 518322 11533 1070190
AdTc 0.491298 514199 11583 1070190
AdTh 0.490524 513397 11557 1070190
AdTs 0.490524 513397 11557 1070190
AcJc 0.490318 513657 11076.5 1070190
Kc5c 0.487576 502187 19612 1070190
Kc5d 0.486128 499665 20584 1070190
Ac3h 0.486004 500325 19792 1070190
Ac3s 0.486004 500325 19792 1070190
As3c 0.485968 500248 19830 1070190
Ah3c 0.485968 500248 19830 1070190
AcTd 0.485797 508332 11563 1070190
Kh5d 0.485507 499038 20546.5 1070190
Ks5d 0.485507 499038 20546.5 1070190
As3h 0.485423 499741 19754 1070190
As3s 0.485423 499741 19754 1070190
Ah3s 0.485423 499741 19754 1070190
Ah3h 0.485423 499741 19754 1070190
AhTd 0.485117 507634 11533 1070190
AsTd 0.485117 507634 11533 1070190
Ad8c 0.48469 506338 12372 1070190
Ad8h 0.483949 505575 12342.5 1070190
Ad8s 0.483949 505575 12342.5 1070190
Ad7c 0.482889 509606 7176.5 1070190
Ad9c 0.482292 504561 11583 1070190
Ad7h 0.482148 508843 7147 1070190
Ad7s 0.482148 508843 7147 1070190
AcTc 0.481959 504711 11076.5 1070190
Ad9h 0.481518 503759 11557 1070190
Ad9s 0.481518 503759 11557 1070190
AhKc 0.481263 503324 11719 1070190
AsKc 0.481263 503324 11719 1070190
AcKh 0.481259 503316 11723 1070190
AcKs 0.481259 503316 11723 1070190
AhKh 0.480484 502516 11693 1070190
AsKs 0.480484 502516 11693 1070190
AhKs 0.480484 502516 11693 1070190
AsKh 0.480484 502516 11693 1070190
Ac8d 0.476565 497646 12369.5 1070190
Ah8d 0.47594 497007 12339.5 1070190
As8d 0.47594 497007 12339.5 1070190
Ac9d 0.475521 497335 11563 1070190
Ac8c 0.475478 497011 11841 1070190
As9d 0.474873 496671 11533 1070190
Ah9d 0.474873 496671 11533 1070190
Ac7d 0.473928 500002 7191.5 1070190
Ac7c 0.473864 500353 6771.5 1070190
As7d 0.473331 499389 7165 1070190
Ah7d 0.473331 499389 7165 1070190
Ac9c 0.473302 495447 11076.5 1070190
AhQc 0.472257 493686 11719 1070190
AsQc 0.472257 493686 11719 1070190
AcQs 0.472222 493644 11723 1070190
AcQh 0.472222 493644 11723 1070190
AhQh 0.471478 492878 11693 1070190
AhQs 0.471478 492878 11693 1070190
AsQs 0.471478 492878 11693 1070190
AsQh 0.471478 492878 11693 1070190
Kd3c 0.470231 483898 19339 1070190
Kd3h 0.469713 483419 19263 1070190
Kd3s 0.469713 483419 19263 1070190
Kc5s 0.463543 475685 20394 1070190
Kc5h 0.463543 475685 20394 1070190
Kh5c 0.463458 475552 20436 1070190
Ks5c 0.463458 475552 20436 1070190
AsJc 0.463251 484048 11719 1070190
AhJc 0.463251 484048 11719 1070190
AcJh 0.463184 483972 11723 1070190
AcJs 0.463184 483972 11723 1070190
Kh5s 0.462922 475058 20356.5 1070190
Ks5s 0.462922 475058 20356.5 1070190
Ks5h 0.462922 475058 20356.5 1070190
Kh5h 0.462922 475058 20356.5 1070190
AsJs 0.462472 483240 11693 1070190
AsJh 0.462472 483240 11693 1070190
AhJs 0.462472 483240 11693 1070190
AhJh 0.462472 483240 11693 1070190
Kc3c 0.46106 474520 18901.5 1070190
Kc3d 0.45769 469984 19831.5 1070190
Ks3d 0.457109 469400 19794 1070190
Kh3d 0.457109 469400 19794 1070190
AsTc 0.454593 474782 11719 1070190
AhTc 0.454593 474782 11719 1070190
AcTs 0.4545 474678 11723 1070190
AcTh 0.4545 474678 11723 1070190
AhTh 0.453819 473980 11693 1070190
AhTs 0.453819 473980 11693 1070190
AsTh 0.453819 473980 11693 1070190
AsTs 0.453819 473980 11693 1070190
Qd5c 0.452904 464781 19912.5 1070190
Qd5h 0.452394 464314 19833 1070190
Qd5s 0.452394 464314 19833 1070190
KdQc 0.45147 471737 11421.5 1070190
KdQh 0.450723 470964 11395.5 1070190
KdQs 0.450723 470964 11395.5 1070190
KcQd 0.450015 470198 11404 1070190
KsQd 0.449272 469432 11374.5 1070190
KhQd 0.449272 469432 11374.5 1070190
As8c 0.448364 467297 12537.5 1070190
Ah8c 0.448364 467297 12537.5 1070190
Ac8h 0.448248 467173 12538 1070190
Ac8s 0.448248 467173 12538 1070190
As8s 0.447623 466534 12508 1070190
Ah8h 0.447623 466534 12508 1070190
Ah8s 0.447623 466534 12508 1070190
As8h 0.447623 466534 12508 1070190
As7c 0.446856 471090 7130.5 1070190
Ah7c 0.446856 471090 7130.5 1070190
Ac7h 0.446713 470940 7127.5 1070190
Ac7s 0.446713 470940 7127.5 1070190
As7h 0.446115 470327 7101 1070190
As7s 0.446115 470327 7101 1070190
Ah7s 0.446115 470327 7101 1070190
Ah7h 0.446115 470327 7101 1070190
Qc5c 0.44575 457578 19459 1070190
Ah9c 0.445587 465144 11719 1070190
As9c 0.445587 465144 11719 1070190
Ac9s 0.445462 465006 11723 1070190
Ac9h 0.445462 465006 11723 1070190
Ah9h 0.444814 464342 11693 1070190
Ah9s 0.444814 464342 11693 1070190
As9s 0.444814 464342 11693 1070190
As9h 0.444814 464342 11693 1070190
8d5c 0.444474 456855 18817 1070190
KcQc 0.444361 464627 10923.5 1070190
8d5h 0.443984 456411 18736.5 1070190
8d5s 0.443984 456411 18736.5 1070190
Qc5d 0.443185 453867 20425 1070190
8c5c 0.44286 455515 18429 1070190
Qh5d 0.442564 453240 20388 1070190
Qs5d 0.442564 453240 20388 1070190
KdJc 0.442464 462099 11421.5 1070190
7d5c 0.442154 465229 7960 1070190
7c5c 0.44185 465290 7573.5 1070190
KdJs 0.441717 461326 11395.5 1070190
KdJh 0.441717 461326 11395.5 1070190
7d5s 0.441636 464713 7921.5 1070190
7d5h 0.441636 464713 7921.5 1070190
8c5d 0.440498 452109 19308 1070190
8s5d 0.439862 451470 19265.5 1070190
8h5d 0.439862 451470 19265.5 1070190
KcJd 0.439687 459145 11404 1070190
7c5d 0.439628 462555 7930.5 1070190
7h5d 0.438992 461916 7888.5 1070190
7s5d 0.438992 461916 7888.5 1070190
KhJd 0.438976 458413 11374.5 1070190
KsJd 0.438976 458413 11374.5 1070190
KcJc 0.435704 455363 10923.5 1070190
Kc3s 0.435616 446559 19633 1070190
Kc3h 0.435616 446559 19633 1070190
Kh3c 0.435554 446454 19671.5 1070190
Ks3c 0.435554 446454 19671.5 1070190
Ks3s 0.435035 445975 19595.5 1070190
Ks3h 0.435035 445975 19595.5 1070190
Kh3s 0.435035 445975 19595.5 1070190
Kh3h 0.435035 445975 19595.5 1070190
KdTc 0.433797 452824 11421.5 1070190
KdTh 0.433056 452057 11395.5 1070190
KdTs 0.433056 452057 11395.5 1070190
KcTd 0.429669 448423 11404 1070190
KsTd 0.428989 447725 11374.5 1070190
KhTd 0.428989 447725 11374.5 1070190
Kd8c 0.427569 445370 12210.5 1070190
KcTc 0.427345 446417 10923.5 1070190
Kd8s 0.426861 444641 12181 1070190
Kd8h 0.426861 444641 12181 1070190
Kd7c 0.425768 448638 7015 1070190
Qd3c 0.425084 435743 19177.5 1070190
Kd7s 0.42506 447909 6985.5 1070190
Kd7h 0.42506 447909 6985.5 1070190
Kd9c 0.424791 443186 11421.5 1070190
Qd3s 0.424591 435292 19101.5 1070190
Qd3h 0.424591 435292 19101.5 1070190
Kd9s 0.42405 442419 11395.5 1070190
Kd9h 0.42405 442419 11395.5 1070190
Kc8c 0.421234 439112 11688 1070190
Kc8d 0.420822 438149 12210.5 1070190
Kh8d 0.420197 437510 12181 1070190
Ks8d 0.420197 437510 12181 1070190
Qc5s 0.419824 429056 20235 1070190
Qc5h 0.419824 429056 20235 1070190
Qs5c 0.419714 428896 20277.5 1070190
Qh5c 0.419714 428896 20277.5 1070190
Kc7c 0.419619 442454 6618.5 1070190
Kc9d 0.419393 437426 11404 1070190
Qh5h 0.419203 428429 20198 1070190
Qh5s 0.419203 428429 20198 1070190
Qs5h 0.419203 428429 20198 1070190
Qs5s 0.419203 428429 20198 1070190
Kh9d 0.418745 436762 11374.5 1070190
Ks9d 0.418745 436762 11374.5 1070190
Kc9c 0.418689 437153 10923.5 1070190
Qc3c 0.41844 429062 18748.5 1070190
8c5h 0.418237 428519 19074 1070190
8c5s 0.418237 428519 19074 1070190
Kc7d 0.418185 440505 7032.5 1070190
8h5c 0.41809 428324 19112 1070190
8s5c 0.41809 428324 19112 1070190
8s5s 0.4176 427880 19031.5 1070190
8s5h 0.4176 427880 19031.5 1070190
8h5h 0.4176 427880 19031.5 1070190
8h5s 0.4176 427880 19031.5 1070190
Ks7d 0.417588 439892 7006.5 1070190
Kh7d 0.417588 439892 7006.5 1070190
7c5s 0.417048 438498 7822.5 1070190
7c5h 0.417048 438498 7822.5 1070190
7h5c 0.41693 438375 7819 1070190
7s5c 0.41693 438375 7819 1070190
7s5s 0.416412 437859 7780.5 1070190
7s5h 0.416412 437859 7780.5 1070190
7h5s 0.416412 437859 7780.5 1070190
7h5h 0.416412 437859 7780.5 1070190
KsQc 0.415034 432605 11560.5 1070190
KhQc 0.415034 432605 11560.5 1070190
KcQh 0.415031 432598 11564 1070190
KcQs 0.415031 432598 11564 1070190
KsQs 0.414288 431832 11534.5 1070190
KsQh 0.414288 431832 11534.5 1070190
KhQh 0.414288 431832 11534.5 1070190
KhQs 0.414288 431832 11534.5 1070190
Jd5c 0.414078 423391 19751 1070190
Qc3d 0.413927 423308 19672.5 1070190
Jd5h 0.413592 422951 19671.5 1070190
Jd5s 0.413592 422951 19671.5 1070190
Qh3d 0.413347 422724 19635.5 1070190
Qs3d 0.413347 422724 19635.5 1070190
Jc5c 0.409267 418687 19306 1070190
KsJc 0.406028 422967 11560.5 1070190
KhJc 0.406028 422967 11560.5 1070190
KcJh 0.405993 422926 11564 1070190
KcJs 0.405993 422926 11564 1070190
Jc5d 0.405721 413933 20266 1070190
KsJs 0.405282 422194 11534.5 1070190
KsJh 0.405282 422194 11534.5 1070190
KhJs 0.405282 422194 11534.5 1070190
KhJh 0.405282 422194 11534.5 1070190
Js5d 0.405101 413306 20229.5 1070190
Jh5d 0.405101 413306 20229.5 1070190
KsTc 0.39737 413701 11560.5 1070190
KhTc 0.39737 413701 11560.5 1070190
KcTh 0.397309 413632 11564 1070190
KcTs 0.397309 413632 11564 1070190
KsTh 0.396629 412934 11534.5 1070190
KhTs 0.396629 412934 11534.5 1070190
KsTs 0.396629 412934 11534.5 1070190
KhTh 0.396629 412934 11534.5 1070190
QdJc 0.392156 408421 11260 1070190
Ks8c 0.391535 406638 12379 1070190
Kh8c 0.391535 406638 12379 1070190
Kc8h 0.391451 406548 12379 1070190
Kc8s 0.391451 406548 12379 1070190
QdJh 0.391442 407683 11234 1070190
QdJs 0.391442 407683 11234 1070190
Qc3h 0.391051 399025 19474 1070190
Qc3s 0.391051 399025 19474 1070190
Qs3c 0.390963 398892 19513 1070190
Qh3c 0.390963 398892 19513 1070190
Kh8s 0.390826 405909 12349.5 1070190
Kh8h 0.390826 405909 12349.5 1070190
Ks8h 0.390826 405909 12349.5 1070190
Ks8s 0.390826 405909 12349.5 1070190
QcJd 0.390725 406905 11245 1070190
Qh3h 0.390471 398441 19437 1070190
Qh3s 0.390471 398441 19437 1070190
Qs3h 0.390471 398441 19437 1070190
Qs3s 0.390471 398441 19437 1070190
Kh7c 0.390027 410431 6972 1070190
Ks7c 0.390027 410431 6972 1070190
QhJd 0.390014 406173 11216 1070190
QsJd 0.390014 406173 11216 1070190
Kc7s 0.389915 410315 6968.5 1070190
Kc7h 0.389915 410315 6968.5 1070190
Ks7s 0.389318 409702 6942.5 1070190
Ks7h 0.389318 409702 6942.5 1070190
Kh7s 0.389318 409702 6942.5 1070190
Kh7h 0.389318 409702 6942.5 1070190
Ks9c 0.388364 404063 11560.5 1070190
Kh9c 0.388364 404063 11560.5 1070190
Kc9h 0.388271 403960 11564 1070190
Kc9s 0.388271 403960 11564 1070190
QcJc 0.388075 404544 10770.5 1070190
Kh9h 0.387623 403296 11534.5 1070190
Kh9s 0.387623 403296 11534.5 1070190
Ks9s 0.387623 403296 11534.5 1070190
Ks9h 0.387623 403296 11534.5 1070190
Jd3c 0.38566 393713 19016 1070190
Jd3s 0.385193 393290 18940 1070190
Jd3h 0.385193 393290 18940 1070190
QdTc 0.383489 399146 11260 1070190
QdTh 0.382781 398414 11234 1070190
QdTs 0.382781 398414 11234 1070190
Jc5s 0.381701 388417 20076 1070190
Jc5h 0.381701 388417 20076 1070190
Js5c 0.381567 388230 20119 1070190
Jh5c 0.381567 388230 20119 1070190
Jc3c 0.381376 389549 18595.5 1070190
Td5c 0.381375 388554 19589.5 1070190
Js5h 0.381081 387790 20039.5 1070190
Js5s 0.381081 387790 20039.5 1070190
Jh5h 0.381081 387790 20039.5 1070190
Jh5s 0.381081 387790 20039.5 1070190
Td5s 0.380915 388141 19510 1070190
Td5h 0.380915 388141 19510 1070190
QcTd 0.380706 396183 11245 1070190
QhTd 0.380027 395485 11216 1070190
QsTd 0.380027 395485 11216 1070190
QcTc 0.379716 395598 10770.5 1070190
Tc5c 0.378737 386168 19153 1070190
Qd8c 0.377424 391866 12049 1070190
Qd8h 0.376747 391171 12019.5 1070190
Qd8s 0.376747 391171 12019.5 1070190
Jc3d 0.375861 382729 19513.5 1070190
Qd7c 0.375623 395134 6853.5 1070190
Js3d 0.375281 382145 19477 1070190
Jh3d 0.375281 382145 19477 1070190
8c7c 0.375067 395826 5566.5 1070190
Qd7s 0.374946 394439 6824 1070190
Qd7h 0.374946 394439 6824 1070190
Qd9c 0.374483 389508 11260 1070190
Tc5d 0.374402 380574 20107 1070190
Ts5d 0.373786 379951 20071 1070190
Th5d 0.373786 379951 20071 1070190
Qd9h 0.373775 388776 11234 1070190
Qd9s 0.373775 388776 11234 1070190
Qc8c 0.373762 388461 11535 1070190
8d7c 0.37327 393574 5895.5 1070190
8d7s 0.372638 392928 5865 1070190
8d7h 0.372638 392928 5865 1070190
8c7d 0.37232 392563 5890.5 1070190
Qc7c 0.372147 391803 6465.5 1070190
Qc8d 0.372027 386088 12051.5 1070190
8s7d 0.371689 391919 5859 1070190
8h7d 0.371689 391919 5859 1070190
Qs8d 0.371403 385449 12022.5 1070190
Qh8d 0.371403 385449 12022.5 1070190
Qc9c 0.37106 386334 10770.5 1070190
Qc9d 0.37043 385186 11245 1070190
Qh9d 0.369783 384522 11216 1070190
Qs9d 0.369783 384522 11216 1070190
Qc7d 0.36939 388444 6873.5 1070190
Qs7d 0.368793 387831 6848 1070190
Qh7d 0.368793 387831 6848 1070190
QsJc 0.35614 369735 11402 1070190
QhJc 0.35614 369735 11402 1070190
QcJs 0.356137 369729 11405 1070190
QcJh 0.356137 369729 11405 1070190
QsJh 0.355426 368997 11376 1070190
QhJs 0.355426 368997 11376 1070190
QsJs 0.355426 368997 11376 1070190
QhJh 0.355426 368997 11376 1070190
9d5c 0.354459 360700 18639 1070190
9d5s 0.35402 360306 18563 1070190
9d5h 0.35402 360306 18563 1070190
9c5c 0.353811 360410 18235.5 1070190
Td3c 0.352743 358648 18854.5 1070190
Jc3s 0.352309 357723 19315 1070190
Jc3h 0.352309 357723 19315 1070190
Td3h 0.352303 358253 18778.5 1070190
Td3s 0.352303 358253 18778.5 1070190
Jh3c 0.352196 357562 19354.5 1070190
Js3c 0.352196 357562 19354.5 1070190
Js3s 0.35173 357139 19278.5 1070190
Jh3h 0.35173 357139 19278.5 1070190
Jh3s 0.35173 357139 19278.5 1070190
Js3h 0.35173 357139 19278.5 1070190
Tc3c 0.350634 356803 18442.5 1070190
Tc5h 0.34986 354500 19917 1070190
Tc5s 0.34986 354500 19917 1070190
Th5c 0.349705 354290 19960.5 1070190
Ts5c 0.349705 354290 19960.5 1070190
Ts5s 0.349245 353877 19881 1070190
Ts5h 0.349245 353877 19881 1070190
Th5h 0.349245 353877 19881 1070190
Th5s 0.349245 353877 19881 1070190
9c5d 0.348818 354160 19141.5 1070190
9h5d 0.348203 353537 19106 1070190
9s5d 0.348203 353537 19106 1070190
QhTc 0.347481 360469 11402 1070190
QsTc 0.347481 360469 11402 1070190
QcTs 0.347452 360435 11405 1070190
QcTh 0.347452 360435 11405 1070190
QhTh 0.346773 359737 11376 1070190
QsTs 0.346773 359737 11376 1070190
QhTs 0.346773 359737 11376 1070190
QsTh 0.346773 359737 11376 1070190
8h7c 0.344891 363314 5784.5 1070190
8s7c 0.344891 363314 5784.5 1070190
8c7s 0.34489 363312 5785.5 1070190
8c7h 0.34489 363312 5785.5 1070190
Tc3d 0.344319 349132 19354.5 1070190
8h7s 0.344258 362668 5754 1070190
8h7h 0.344258 362668 5754 1070190
8s7h 0.344258 362668 5754 1070190
8s7s 0.344258 362668 5754 1070190
Ts3d 0.343742 348551 19318.5 1070190
Th3d 0.343742 348551 19318.5 1070190
Qh8c 0.341815 353586 12220.5 1070190
Qs8c 0.341815 353586 12220.5 1070190
Qc8s 0.341762 353530 12220 1070190
Qc8h 0.341762 353530 12220 1070190
Qh8h 0.341138 352891 12191 1070190
Qh8s 0.341138 352891 12191 1070190
Qs8s 0.341138 352891 12191 1070190
Qs8h 0.341138 352891 12191 1070190
JdTc 0.340373 353165 11098.5 1070190
Qh7c 0.340306 357379 6813.5 1070190
Qs7c 0.340306 357379 6813.5 1070190
Qc7s 0.340226 357297 6809.5 1070190
Qc7h 0.340226 357297 6809.5 1070190
JdTs 0.339697 352468 11072.5 1070190
JdTh 0.339697 352468 11072.5 1070190
Qh7s 0.339629 356684 6784 1070190
Qh7h 0.339629 356684 6784 1070190
Qs7h 0.339629 356684 6784 1070190
Qs7s 0.339629 356684 6784 1070190
JcTc 0.339069 352251 10617.5 1070190
JcTd 0.33891 351612 11086 1070190
Qs9c 0.338475 350831 11402 1070190
Qh9c 0.338475 350831 11402 1070190
Qc9s 0.338415 350763 11405 1070190
Qc9h 0.338415 350763 11405 1070190
JhTd 0.338231 350914 11057.5 1070190
JsTd 0.338231 350914 11057.5 1070190
Qs9s 0.337767 350099 11376 1070190
Qh9h 0.337767 350099 11376 1070190
Qh9s 0.337767 350099 11376 1070190
Qs9h 0.337767 350099 11376 1070190
Jd8c 0.334252 345826 11887.5 1070190
Jd8h 0.333607 345165 11858 1070190
Jd8s 0.333607 345165 11858 1070190
Jc8c 0.33306 345055 11382 1070190
Jd7c 0.332451 349094 6692 1070190
Jd7s 0.331806 348433 6662.5 1070190
Jd7h 0.331806 348433 6662.5 1070190
Jc7c 0.331445 348397 6312.5 1070190
Jd9c 0.331367 343527 11098.5 1070190
Jd9s 0.330691 342830 11072.5 1070190
Jd9h 0.330691 342830 11072.5 1070190
Jc9c 0.330413 342987 10617.5 1070190
Jc8d 0.33018 341463 11892.5 1070190
Js8d 0.329556 340824 11864 1070190
Jh8d 0.329556 340824 11864 1070190
Jc9d 0.328634 340615 11086 1070190
Jh9d 0.327987 339951 11057.5 1070190
Js9d 0.327987 339951 11057.5 1070190
Jc7d 0.327543 343819 6714.5 1070190
Js7d 0.326947 343206 6689.5 1070190
Jh7d 0.326947 343206 6689.5 1070190
9d3c 0.324766 328868 18693 1070190
9c3c 0.32468 329180 18289.5 1070190
9d3s 0.324352 328501 18617 1070190
9d3h 0.324352 328501 18617 1070190
9c5s 0.323861 327650 18943 1070190
9c5h 0.323861 327650 18943 1070190
9s5c 0.323685 327421 18983.5 1070190
9h5c 0.323685 327421 18983.5 1070190
9h5h 0.323246 327027 18907.5 1070190
9s5h 0.323246 327027 18907.5 1070190
9h5s 0.323246 327027 18907.5 1070190
9s5s 0.323246 327027 18907.5 1070190
Tc3h 0.320243 323565 19156 1070190
Tc3s 0.320243 323565 19156 1070190
Th3c 0.320107 323379 19196 1070190
Ts3c 0.320107 323379 19196 1070190
Ts3h 0.319667 322984 19120 1070190
Ts3s 0.319667 322984 19120 1070190
Th3h 0.319667 322984 19120 1070190
Th3s 0.319667 322984 19120 1070190
9c3d 0.317647 320747 19195.5 1070190
9h3d 0.317071 320166 19160 1070190
9s3d 0.317071 320166 19160 1070190
Tc8c 0.312182 322865 11229 1070190
Td8c 0.311404 321535 11726 1070190
Td8s 0.310783 320900 11696.5 1070190
Td8h 0.310783 320900 11696.5 1070190
Tc7c 0.310568 326207 6159.5 1070190
Tc9c 0.309959 321251 10464.5 1070190
Td7c 0.309603 324803 6530.5 1070190
Td7s 0.308982 324168 6501 1070190
Td7h 0.308982 324168 6501 1070190
Td9c 0.308958 319707 10937 1070190
Tc8d 0.308691 318624 11733.5 1070190
Td9s 0.308308 319037 10911 1070190
Td9h 0.308308 319037 10911 1070190
Ts8d 0.308066 317984 11705.5 1070190
Th8d 0.308066 317984 11705.5 1070190
Tc9d 0.307575 318237 10927 1070190
8c3c 0.307513 311092 18005.5 1070190
Ts9d 0.306927 317571 10899 1070190
Th9d 0.306927 317571 10899 1070190
8d3c 0.306097 309170 18411.5 1070190
Tc7d 0.306054 320980 6555.5 1070190
8d3h 0.305705 308823 18339 1070190
8d3s 0.305705 308823 18339 1070190
7c3c 0.305635 319937 7150 1070190
Th7d 0.305457 320366 6531 1070190
Ts7d 0.305457 320366 6531 1070190
JcTs 0.30493 315087 11246 1070190
JcTh 0.30493 315087 11246 1070190
JsTc 0.304927 315086 11243.5 1070190
JhTc 0.304927 315086 11243.5 1070190
JhTs 0.304251 314389 11217.5 1070190
JhTh 0.304251 314389 11217.5 1070190
JsTh 0.304251 314389 11217.5 1070190
JsTs 0.304251 314389 11217.5 1070190
7d3c 0.302868 316572 7554.5 1070190
7d3s 0.302448 316153 7524 1070190
7d3h 0.302448 316153 7524 1070190
8c3d 0.30032 302514 18885 1070190
8s3d 0.299774 301968 18847 1070190
8h3d 0.299774 301968 18847 1070190
Js8c 0.299202 308141 12062 1070190
Jh8c 0.299202 308141 12062 1070190
Jc8h 0.299181 308119 12061 1070190
Jc8s 0.299181 308119 12061 1070190
7c3d 0.298633 312087 7507.5 1070190
Jh8h 0.298557 307480 12032.5 1070190
Jh8s 0.298557 307480 12032.5 1070190
Js8s 0.298557 307480 12032.5 1070190
Js8h 0.298557 307480 12032.5 1070190
7h3d 0.298088 311541 7470 1070190
7s3d 0.298088 311541 7470 1070190
Jh7c 0.297694 311934 6655 1070190
Js7c 0.297694 311934 6655 1070190
Jc7s 0.297645 311886 6650.5 1070190
Jc7h 0.297645 311886 6650.5 1070190
Jh7s 0.297049 311273 6625.5 1070190
Jh7h 0.297049 311273 6625.5 1070190
Js7s 0.297049 311273 6625.5 1070190
Js7h 0.297049 311273 6625.5 1070190
Js9c 0.295921 305448 11243.5 1070190
Jh9c 0.295921 305448 11243.5 1070190
Jc9h 0.295892 305415 11246 1070190
Jc9s 0.295892 305415 11246 1070190
Jh9h 0.295245 304751 11217.5 1070190
Jh9s 0.295245 304751 11217.5 1070190
Js9s 0.295245 304751 11217.5 1070190
Js9h 0.295245 304751 11217.5 1070190
9c3s 0.293148 294727 18997 1070190
9c3h 0.293148 294727 18997 1070190
9h3c 0.292986 294513 19037.5 1070190
9s3c 0.292986 294513 19037.5 1070190
9h3s 0.292572 294146 18961.5 1070190
9s3s 0.292572 294146 18961.5 1070190
9s3h 0.292572 294146 18961.5 1070190
9h3h 0.292572 294146 18961.5 1070190
9c8c 0.285891 295646 10311.5 1070190
9c7c 0.284277 298988 5242 1070190
9d8c 0.283081 292175 10775.5 1070190
9d8s 0.282488 291566 10749.5 1070190
9d8h 0.282488 291566 10749.5 1070190
9c8d 0.281661 290663 10768 1070190
9d7c 0.28128 295443 5580 1070190
9h8d 0.281037 290023 10740.5 1070190
9s8d 0.281037 290023 10740.5 1070190
9d7s 0.280687 294834 5554 1070190
9d7h 0.280687 294834 5554 1070190
9c7d 0.279024 293019 5590 1070190
9s7d 0.278428 292405 5566 1070190
9h7d 0.278428 292405 5566 1070190
Tc8s 0.27764 285226 11902 1070190
Tc8h 0.27764 285226 11902 1070190
Ts8c 0.277637 285221 11903.5 1070190
Th8c 0.277637 285221 11903.5 1070190
Ts8h 0.277016 284586 11874 1070190
Th8h 0.277016 284586 11874 1070190
Ts8s 0.277016 284586 11874 1070190
Th8s 0.277016 284586 11874 1070190
Th7c 0.276129 289014 6496.5 1070190
Ts7c 0.276129 289014 6496.5 1070190
Tc7h 0.276105 288993 6491.5 1070190
Tc7s 0.276105 288993 6491.5 1070190
8c3h 0.275571 276209 18704.5 1070190
8c3s 0.275571 276209 18704.5 1070190
Th7s 0.275508 288379 6467 1070190
Ts7s 0.275508 288379 6467 1070190
Ts7h 0.275508 288379 6467 1070190
Th7h 0.275508 288379 6467 1070190
8h3c 0.275417 276010 18739 1070190
8s3c 0.275417 276010 18739 1070190
8h3h 0.275025 275663 18666.5 1070190
8s3s 0.275025 275663 18666.5 1070190
8s3h 0.275025 275663 18666.5 1070190
8h3s 0.275025 275663 18666.5 1070190
Ts9c 0.274807 283011 11085 1070190
Th9c 0.274807 283011 11085 1070190
Tc9s 0.274805 283007 11087 1070190
Tc9h 0.274805 283007 11087 1070190
Th9s 0.274157 282341 11059 1070190
Ts9h 0.274157 282341 11059 1070190
Ts9s 0.274157 282341 11059 1070190
Th9h 0.274157 282341 11059 1070190
7c3h 0.273513 285258 7453 1070190
7c3s 0.273513 285258 7453 1070190
7h3c 0.273388 285131 7446 1070190
7s3c 0.273388 285131 7446 1070190
7h3h 0.272968 284712 7415.5 1070190
7h3s 0.272968 284712 7415.5 1070190
7s3h 0.272968 284712 7415.5 1070190
7s3s 0.272968 284712 7415.5 1070190
9c8s 0.250204 256838 10928 1070190
9c8h 0.250204 256838 10928 1070190
9s8c 0.250174 256807 10926.5 1070190
9h8c 0.250174 256807 10926.5 1070190
9s8s 0.24958 256198 10900.5 1070190
9s8h 0.24958 256198 10900.5 1070190
9h8s 0.24958 256198 10900.5 1070190
9h8h 0.24958 256198 10900.5 1070190
9c7s 0.248668 260605 5517.5 1070190
9c7h 0.248668 260605 5517.5 1070190
9h7c 0.248666 260600 5519.5 1070190
9s7c 0.248666 260600 5519.5 1070190
9h7h 0.248072 259991 5493.5 1070190
9s7s 0.248072 259991 5493.5 1070190
9s7h 0.248072 259991 5493.5 1070190
9h7s 0.248072 259991 5493.5 1070190
