QsQd 0.942253 1008390 0 1070190
QhQd 0.942253 1008390 0 1070190
QsQh 0.94188 1007991 0 1070190
4h4c 0.939426 1005300 64.5 1070190
4s4c 0.939426 1005300 64.5 1070190
4s4h 0.932996 998418 64.5 1070190
2h2d 0.927189 992148 120 1070190
2s2d 0.927189 992148 120 1070190
2s2h 0.92681 991743 120 1070190
Qd4c 0.899629 960300 2474 1070190
Qh4c 0.899172 959811 2474 1070190
Qs4c 0.899172 959811 2474 1070190
Qd4h 0.891836 951915 2519 1070190
Qd4s 0.891836 951915 2519 1070190
Qs4h 0.891379 951426 2519 1070190
Qs4s 0.891379 951426 2519 1070190
Qh4h 0.891379 951426 2519 1070190
Qh4s 0.891379 951426 2519 1070190
Qd2d 0.880756 937831 4745 1070190
Qs2d 0.87625 932919 4835 1070190
Qh2d 0.87625 932919 4835 1070190
Qd2h 0.876244 932913 4835 1070190
Qd2s 0.876244 932913 4835 1070190
Qh2s 0.875893 932559 4812.5 1070190
Qs2s 0.875893 932559 4812.5 1070190
Qs2h 0.875893 932559 4812.5 1070190
Qh2h 0.875893 932559 4812.5 1070190
AdAc 0.872967 933183 1057.5 1070190
AsAc 0.872176 932340 1053.5 1070190
AhAc 0.872176 932340 1053.5 1070190
AcQd 0.862953 919389 4135 1070190
AcQh 0.862175 918579 4112.5 1070190
AcQs 0.862175 918579 4112.5 1070190
KcQd 0.851195 906865 4075 1070190
KcQh 0.850456 906101 4048.5 1070190
KcQs 0.850456 906101 4048.5 1070190
AhAd 0.847325 905749 1049.5 1070190
AsAd 0.847325 905749 1049.5 1070190
KdKc 0.846538 905484 472.5 1070190
AsAh 0.846533 904906 1045.5 1070190
KhKc 0.845719 904608 472.5 1070190
KsKc 0.845719 904608 472.5 1070190
AdQd 0.844322 899541 4043.5 1070190
4c2d 0.843854 896829 6255.5 1070190
4c2h 0.843434 896379 6255.5 1070190
4c2s 0.843434 896379 6255.5 1070190
AdQs 0.836401 890874 4234 1070190
AdQh 0.836401 890874 4234 1070190
AsQd 0.836376 890851 4230.5 1070190
AhQd 0.836376 890851 4230.5 1070190
AsQs 0.835598 890041 4208 1070190
AsQh 0.835598 890041 4208 1070190
AhQs 0.835598 890041 4208 1070190
AhQh 0.835598 890041 4208 1070190
4s2d 0.835183 887679 6125 1070190
4h2d 0.835183 887679 6125 1070190
4s2s 0.834762 887229 6125 1070190
4s2h 0.834762 887229 6125 1070190
4h2s 0.834762 887229 6125 1070190
4h2h 0.834762 887229 6125 1070190
KdQd 0.833809 888309 4025 1070190
QdJc 0.829798 883289 4752 1070190
QhJc 0.829095 882567 4722 1070190
QsJc 0.829095 882567 4722 1070190
KdQh 0.825405 879152 4188 1070190
KdQs 0.825405 879152 4188 1070190
KsQd 0.825312 879049 4192 1070190
KhQd 0.825312 879049 4192 1070190
KsQh 0.824574 878285 4165.5 1070190
KhQh 0.824574 878285 4165.5 1070190
KhQs 0.824574 878285 4165.5 1070190
KsQs 0.824574 878285 4165.5 1070190
QdTc 0.822919 875343 5337 1070190
QhTc 0.822251 874661 5304 1070190
QsTc 0.822251 874661 5304 1070190
KhKd 0.821107 878268 472.5 1070190
KsKd 0.821107 878268 472.5 1070190
KsKh 0.820288 877392 472.5 1070190
Qd9c 0.816048 867496 5830 1070190
Qh9c 0.815413 866852 5794.5 1070190
Qs9c 0.815413 866852 5794.5 1070190
QdJd 0.813995 866431 4698 1070190
Qd8c 0.809738 860342 6231 1070190
Qh8c 0.809134 859734 6193.5 1070190
Qs8c 0.809134 859734 6193.5 1070190
QdTd 0.808611 860087 5280 1070190
Qd6c 0.805308 854247 7586 1070190
Qh6c 0.804755 853695 7546 1070190
Qs6c 0.804755 853695 7546 1070190
QsJd 0.804721 856319 4885.5 1070190
QhJd 0.804721 856319 4885.5 1070190
QdJs 0.804598 856180 4893 1070190
QdJh 0.804598 856180 4893 1070190
Qd5c 0.804481 852407 8540 1070190
Qh5c 0.803946 851876 8499.5 1070190
Qs5c 0.803946 851876 8499.5 1070190
QhJs 0.803896 855458 4863 1070190
QhJh 0.803896 855458 4863 1070190
QsJh 0.803896 855458 4863 1070190
QsJs 0.803896 855458 4863 1070190
Qd7c 0.803434 853287 6540 1070190
Qd9d 0.803184 853789 5771 1070190
Qs7c 0.802861 852713 6501 1070190
Qh7c 0.802861 852713 6501 1070190
Ac4c 0.800796 854098 2906 1070190
QsTd 0.799095 849695 5488.5 1070190
QhTd 0.799095 849695 5488.5 1070190
QdTs 0.798938 849516 5499 1070190
QdTh 0.798938 849516 5499 1070190
Qd8d 0.798316 848179 6171 1070190
QsTh 0.798269 848834 5466 1070190
QsTs 0.798269 848834 5466 1070190
QhTs 0.798269 848834 5466 1070190
QhTh 0.798269 848834 5466 1070190
Qd5d 0.797325 844899 8390 1070190
Qd6d 0.79668 845119 7480.5 1070190
Qd3c 0.796142 843099 8924 1070190
Qs3c 0.795634 842596 8883.5 1070190
Qh3c 0.795634 842596 8883.5 1070190
Qd7d 0.793406 842615 6480 1070190
Qh9d 0.793386 843077 5997 1070190
Qs9d 0.793386 843077 5997 1070190
Qd9h 0.79319 842854 6010 1070190
Qd9s 0.79319 842854 6010 1070190
Qh9s 0.792555 842210 5974.5 1070190
Qh9h 0.792555 842210 5974.5 1070190
Qs9h 0.792555 842210 5974.5 1070190
Qs9s 0.792555 842210 5974.5 1070190
Qd3d 0.791554 838336 8777 1070190
Kc4c 0.790369 842832 3013.5 1070190
Qs8d 0.78829 837209 6411 1070190
Qh8d 0.78829 837209 6411 1070190
Qd8h 0.788062 836950 6426 1070190
Qd8s 0.788062 836950 6426 1070190
Qs5d 0.787911 834452 8762 1070190
Qh5d 0.787911 834452 8762 1070190
Qd5s 0.787682 834196 8773 1070190
Qd5h 0.787682 834196 8773 1070190
Qh8h 0.787459 836342 6388.5 1070190
Qh8s 0.787459 836342 6388.5 1070190
Qs8h 0.787459 836342 6388.5 1070190
Qs8s 0.787459 836342 6388.5 1070190
Qs5s 0.787148 833665 8732.5 1070190
Qh5s 0.787148 833665 8732.5 1070190
Qh5h 0.787148 833665 8732.5 1070190
Qs5h 0.787148 833665 8732.5 1070190
Qs6d 0.786899 834338 7793.5 1070190
Qh6d 0.786899 834338 7793.5 1070190
Qd6s 0.78665 834057 7807.5 1070190
Qd6h 0.78665 834057 7807.5 1070190
Qs6h 0.786096 833505 7767.5 1070190
Qs6s 0.786096 833505 7767.5 1070190
Qh6h 0.786096 833505 7767.5 1070190
Qh6s 0.786096 833505 7767.5 1070190
Qs7d 0.783111 831347 6730.5 1070190
Qh7d 0.783111 831347 6730.5 1070190
Qd7s 0.782847 831048 6747 1070190
Qd7h 0.782847 831048 6747 1070190
Qh7h 0.782274 830474 6708 1070190
Qs7s 0.782274 830474 6708 1070190
Qs7h 0.782274 830474 6708 1070190
Qh7s 0.782274 830474 6708 1070190
Qh3d 0.781912 827645 9149 1070190
Qs3d 0.781912 827645 9149 1070190
Qd3s 0.781651 827355 9160 1070190
Qd3h 0.781651 827355 9160 1070190
Qh3h 0.781143 826852 9119.5 1070190
Qh3s 0.781143 826852 9119.5 1070190
Qs3s 0.781143 826852 9119.5 1070190
Qs3h 0.781143 826852 9119.5 1070190
Jc4c 0.778413 826820 6229.5 1070190
Tc4c 0.772462 819705 6976.5 1070190
9c4c 0.766847 812889 7783.5 1070190
8c4c 0.761904 806804 8578.5 1070190
5c4c 0.760177 802371 11162.5 1070190
6c4c 0.75937 802330 10340 1070190
7c4c 0.757566 801450 9289.5 1070190
JdJc 0.752504 804850 472.5 1070190
JsJc 0.751733 804025 472.5 1070190
JhJc 0.751733 804025 472.5 1070190
4c3c 0.751087 792652 11153.5 1070190
TdTc 0.733015 783993 472.5 1070190
TsTc 0.732244 783168 472.5 1070190
ThTc 0.732244 783168 472.5 1070190
JhJd 0.725015 775431 472.5 1070190
JsJd 0.725015 775431 472.5 1070190
JsJh 0.724244 774606 472.5 1070190
AcKc 0.721249 767547 4326 1070190
Ac5c 0.719819 761914 8429 1070190
9d9c 0.712936 762504 472.5 1070190
9h9c 0.712159 761673 472.5 1070190
9s9c 0.712159 761673 472.5 1070190
Ac3c 0.708279 749510 8483 1070190
ThTd 0.706306 755409 472.5 1070190
TsTd 0.706306 755409 472.5 1070190
AcJc 0.706116 750120 5558.5 1070190
TsTh 0.705535 754584 472.5 1070190
AcTc 0.699823 742848 6095.5 1070190
8d8c 0.693499 741703 472.5 1070190
8s8c 0.692722 740872 472.5 1070190
8h8c 0.692722 740872 472.5 1070190
Ac9c 0.688809 730613 6543 1070190
9s9d 0.686896 734637 472.5 1070190
9h9d 0.686896 734637 472.5 1070190
9s9h 0.68612 733806 472.5 1070190
Ac4h 0.683129 726880 4197.5 1070190
Ac4s 0.683129 726880 4197.5 1070190
Ac8c 0.683011 724051 6901 1070190
Ac7c 0.677364 717739 7169.5 1070190
7d7c 0.673472 720270 472.5 1070190
Ac6c 0.673101 712997 7348.5 1070190
7s7c 0.672689 719433 472.5 1070190
7h7c 0.672689 719433 472.5 1070190
Ad4c 0.672141 715143 4176 1070190
Ah4c 0.67131 714257 4172 1070190
As4c 0.67131 714257 4172 1070190
Kc4h 0.669809 712674 4149 1070190
Kc4s 0.669809 712674 4149 1070190
8h8d 0.668187 714615 472.5 1070190
8s8d 0.668187 714615 472.5 1070190
8s8h 0.667411 713784 472.5 1070190
KcJc 0.667398 709292 4950.5 1070190
6d6c 0.66513 710758 1057.5 1070190
6h6c 0.66438 709959 1053.5 1070190
6s6c 0.66438 709959 1053.5 1070190
KcTc 0.661005 701913 5487.5 1070190
Kd4c 0.659631 701762 4168.5 1070190
Ks4c 0.65877 700841 4168.5 1070190
Kh4c 0.65877 700841 4168.5 1070190
Jc4s 0.655931 693172 8799 1070190
Jc4h 0.655931 693172 8799 1070190
5d5c 0.655563 699935 1642.5 1070190
5h5c 0.654851 699180 1634.5 1070190
5s5c 0.654851 699180 1634.5 1070190
Ad4s 0.652275 693973 4085 1070190
Ad4h 0.652275 693973 4085 1070190
Ah4h 0.651443 693087 4081 1070190
Ah4s 0.651443 693087 4081 1070190
As4h 0.651443 693087 4081 1070190
As4s 0.651443 693087 4081 1070190
Kc9c 0.649757 689428 5935 1070190
Tc4h 0.649609 685326 9879 1070190
Tc4s 0.649609 685326 9879 1070190
7s7d 0.648778 693843 472.5 1070190
7h7d 0.648778 693843 472.5 1070190
7s7h 0.647996 693006 472.5 1070190
Jd4c 0.646988 683358 9042.5 1070190
Jh4c 0.64615 682461 9042.5 1070190
Js4c 0.64615 682461 9042.5 1070190
9c4s 0.643257 677337 11070 1070190
9c4h 0.643257 677337 11070 1070190
6s6d 0.641958 685967 1049.5 1070190
6h6d 0.641958 685967 1049.5 1070190
Td4c 0.641856 676725 10182.5 1070190
6s6h 0.641207 685168 1045.5 1070190
Th4c 0.641017 675828 10182.5 1070190
Ts4c 0.641017 675828 10182.5 1070190
5c4s 0.64022 668836 16321 1070190
5c4h 0.64022 668836 16321 1070190
Kd4s 0.63973 680610 4023 1070190
Kd4h 0.63973 680610 4023 1070190
5d4c 0.639407 667441 16845.5 1070190
Ks4s 0.63887 679689 4023 1070190
Ks4h 0.63887 679689 4023 1070190
Kh4h 0.63887 679689 4023 1070190
Kh4s 0.63887 679689 4023 1070190
5h4c 0.638632 666620 16837.5 1070190
5s4c 0.638632 666620 16837.5 1070190
Kc8c 0.638185 676686 6293 1070190
8c4s 0.637643 670141 12258 1070190
8c4h 0.637643 670141 12258 1070190
6c4h 0.637327 667064 14997.5 1070190
6c4s 0.637327 667064 14997.5 1070190
9d4c 0.636619 669865 11438.5 1070190
9s4c 0.635775 668962 11438.5 1070190
9h4c 0.635775 668962 11438.5 1070190
6d4c 0.634707 663743 15514 1070190
5s5d 0.633908 676776 1626.5 1070190
5h5d 0.633908 676776 1626.5 1070190
6s4c 0.633892 662875 15510 1070190
6h4c 0.633892 662875 15510 1070190
Kc6c 0.633309 670538 7223 1070190
5s5h 0.633196 676021 1618.5 1070190
Kc7c 0.632438 670267 6561.5 1070190
7c4s 0.632425 663486 13329 1070190
7c4h 0.632425 663486 13329 1070190
8d4c 0.632182 663864 12690.5 1070190
Kc5c 0.632124 668698 7795 1070190
8s4c 0.631338 662961 12690.5 1070190
8h4c 0.631338 662961 12690.5 1070190
7d4c 0.628089 658356 13818.5 1070190
Jd4h 0.627255 662577 8704.5 1070190
Jd4s 0.627255 662577 8704.5 1070190
7s4c 0.62724 657447 13818.5 1070190
7h4c 0.62724 657447 13818.5 1070190
4c3d 0.626854 654007 16845.5 1070190
Jh4h 0.626416 661680 8704.5 1070190
Js4h 0.626416 661680 8704.5 1070190
Js4s 0.626416 661680 8704.5 1070190
Jh4s 0.626416 661680 8704.5 1070190
4c3s 0.626073 653180 16837.5 1070190
4c3h 0.626073 653180 16837.5 1070190
4h3c 0.625177 652737 16321 1070190
4s3c 0.625177 652737 16321 1070190
Td4h 0.622248 656112 9811.5 1070190
Td4s 0.622248 656112 9811.5 1070190
Ts4s 0.62141 655215 9811.5 1070190
Ts4h 0.62141 655215 9811.5 1070190
Th4s 0.62141 655215 9811.5 1070190
Th4h 0.62141 655215 9811.5 1070190
5d4h 0.620598 647757 16400.5 1070190
5d4s 0.620598 647757 16400.5 1070190
JcTc 0.620548 657602 6502.5 1070190
5h4s 0.619823 646936 16392.5 1070190
5s4h 0.619823 646936 16392.5 1070190
5h4h 0.619823 646936 16392.5 1070190
5s4s 0.619823 646936 16392.5 1070190
Kc3c 0.619575 655214 7849 1070190
9d4s 0.617121 649404 11032.5 1070190
9d4h 0.617121 649404 11032.5 1070190
9s4s 0.616277 648501 11032.5 1070190
9h4h 0.616277 648501 11032.5 1070190
9h4s 0.616277 648501 11032.5 1070190
9s4h 0.616277 648501 11032.5 1070190
6d4h 0.61572 643886 15051.5 1070190
6d4s 0.61572 643886 15051.5 1070190
6h4h 0.614905 643018 15047.5 1070190
6h4s 0.614905 643018 15047.5 1070190
6s4h 0.614905 643018 15047.5 1070190
6s4s 0.614905 643018 15047.5 1070190
8d4s 0.612787 643548 12250.5 1070190
8d4h 0.612787 643548 12250.5 1070190
8s4h 0.611943 642645 12250.5 1070190
8s4s 0.611943 642645 12250.5 1070190
8h4s 0.611943 642645 12250.5 1070190
8h4h 0.611943 642645 12250.5 1070190
Ac2d 0.609402 647231 4945 1070190
Jc9c 0.6093 645117 6950 1070190
5c3c 0.608804 644752 6783.5 1070190
7d4s 0.60877 638151 13348.5 1070190
7d4h 0.60877 638151 13348.5 1070190
Ac2h 0.608623 646420 4922.5 1070190
Ac2s 0.608623 646420 4922.5 1070190
7s4s 0.607921 637242 13348.5 1070190
7s4h 0.607921 637242 13348.5 1070190
7h4s 0.607921 637242 13348.5 1070190
7h4h 0.607921 637242 13348.5 1070190
4h3d 0.607614 633862 16400.5 1070190
4s3d 0.607614 633862 16400.5 1070190
4s3h 0.606834 633035 16392.5 1070190
4h3h 0.606834 633035 16392.5 1070190
4h3s 0.606834 633035 16392.5 1070190
4s3s 0.606834 633035 16392.5 1070190
Jc8c 0.597728 632375 7308 1070190
Ad2d 0.595866 632866 4824 1070190
Kc2d 0.593501 630361 4798 1070190
Kc2s 0.592763 629597 4771.5 1070190
Kc2h 0.592763 629597 4771.5 1070190
Jc6c 0.586737 619682 8238 1070190
Jc5c 0.586053 618378 8810 1070190
Jc7c 0.585632 619161 7576.5 1070190
Kd2d 0.581295 617379 4717 1070190
Jc2d 0.578555 609976 9188 1070190
Jc2h 0.577864 609270 9154.5 1070190
Jc2s 0.577864 609270 9154.5 1070190
Tc9c 0.577038 610883 6657.5 1070190
Jc3c 0.573504 604894 8864 1070190
Ah2d 0.573489 608731 5011 1070190
As2d 0.573489 608731 5011 1070190
Ad2h 0.573481 608719 5014.5 1070190
Ad2s 0.573481 608719 5014.5 1070190
Ah2s 0.57271 607920 4988.5 1070190
Ah2h 0.57271 607920 4988.5 1070190
As2h 0.57271 607920 4988.5 1070190
As2s 0.57271 607920 4988.5 1070190
Ac5d 0.572227 600105 12286.5 1070190
Ac5s 0.571523 599386 12252.5 1070190
Ac5h 0.571523 599386 12252.5 1070190
Tc2d 0.571173 601026 10238 1070190
Tc2s 0.570522 600371 10195.5 1070190
Tc2h 0.570522 600371 10195.5 1070190
Jd2d 0.567447 598054 9222.5 1070190
Tc8c 0.565466 598141 7015.5 1070190
AcKd 0.564945 598194 6405 1070190
AcKh 0.564132 597346 6382.5 1070190
AcKs 0.564132 597346 6382.5 1070190
9c2d 0.563907 592084 11404 1070190
AdKc 0.563875 597086 6367.5 1070190
9c2s 0.563293 591479 11351.5 1070190
9c2h 0.563293 591479 11351.5 1070190
AhKc 0.563097 596283 6337.5 1070190
AsKc 0.563097 596283 6337.5 1070190
5c2d 0.562269 585249 16486 1070190
5c2h 0.561729 584753 16403.5 1070190
5c2s 0.561729 584753 16403.5 1070190
Td2d 0.561475 590647 10238 1070190
3d3c 0.56058 598258 1669.5 1070190
Ad5c 0.560289 587475 12141 1070190
Ad5d 0.560055 587682 11683.5 1070190
3h3c 0.559862 597497 1661.5 1070190
3s3c 0.559862 597497 1661.5 1070190
As5c 0.559663 586853 12092.5 1070190
Ah5c 0.559663 586853 12092.5 1070190
5d2d 0.55937 582357 16275.5 1070190
Kd2h 0.558219 592520 4880 1070190
Kd2s 0.558219 592520 4880 1070190
Kh2d 0.55816 592453 4884 1070190
Ks2d 0.55816 592453 4884 1070190
6c2d 0.557579 581489 15227 1070190
8c2d 0.557537 584104 12566 1070190
Kh2s 0.557421 591689 4857.5 1070190
Ks2s 0.557421 591689 4857.5 1070190
Kh2h 0.557421 591689 4857.5 1070190
Ks2h 0.557421 591689 4857.5 1070190
3c2d 0.557403 580145 16382.5 1070190
Ac3d 0.557396 584179 12340.5 1070190
3d2d 0.557051 579977 16173.5 1070190
6c2h 0.557037 580987 15148.5 1070190
6c2s 0.557037 580987 15148.5 1070190
8c2s 0.556956 583545 12503.5 1070190
8c2h 0.556956 583545 12503.5 1070190
3c2h 0.556863 579649 16300 1070190
3c2s 0.556863 579649 16300 1070190
Ac3h 0.556687 583454 12306.5 1070190
Ac3s 0.556687 583454 12306.5 1070190
6c5c 0.556565 589152 6478.5 1070190
9d2d 0.555587 583213 11370.5 1070190
Tc6c 0.554575 585555 7945.5 1070190
Tc5c 0.554258 584644 8517.5 1070190
Tc7c 0.55337 584927 7284 1070190
AdKd 0.553362 586191 6011.5 1070190
6d2d 0.553305 577069 15072.5 1070190
7c2d 0.55173 576852 13604 1070190
7c2h 0.551177 576332 13532.5 1070190
7c2s 0.551177 576332 13532.5 1070190
8d2d 0.550603 576748 12502 1070190
7d2d 0.546145 570964 13514.5 1070190
Ad3d 0.545341 571881 11737.5 1070190
AcJd 0.544921 575019 8150.5 1070190
Jd2h 0.544539 573326 9434.5 1070190
Jd2s 0.544539 573326 9434.5 1070190
Js2d 0.544447 573216 9445.5 1070190
Jh2d 0.544447 573216 9445.5 1070190
AcJs 0.544182 574250 8128 1070190
AcJh 0.544182 574250 8128 1070190
Jh2h 0.543756 572510 9412 1070190
Js2s 0.543756 572510 9412 1070190
Jh2s 0.543756 572510 9412 1070190
Js2h 0.543756 572510 9412 1070190
Ad3c 0.542449 568329 12195 1070190
Ah3c 0.541849 567735 12146.5 1070190
As3c 0.541849 567735 12146.5 1070190
AdJc 0.541761 571744 8043.5 1070190
Tc3c 0.541709 571160 8571.5 1070190
AhJc 0.541026 570991 8010 1070190
AsJc 0.541026 570991 8010 1070190
3h3d 0.539737 575968 1653.5 1070190
3s3d 0.539737 575968 1653.5 1070190
3s3h 0.539019 575207 1645.5 1070190
Td2h 0.538449 565730 10513 1070190
Td2s 0.538449 565730 10513 1070190
9c8c 0.538398 569555 6633.5 1070190
Th2d 0.538317 565569 10533 1070190
Ts2d 0.538317 565569 10533 1070190
Ah5d 0.538298 563943 12138 1070190
As5d 0.538298 563943 12138 1070190
Ad5h 0.538221 563846 12152.5 1070190
Ad5s 0.538221 563846 12152.5 1070190
Ts2s 0.537666 564914 10490.5 1070190
Th2h 0.537666 564914 10490.5 1070190
Th2s 0.537666 564914 10490.5 1070190
Ts2h 0.537666 564914 10490.5 1070190
As5h 0.537594 563224 12104 1070190
Ah5s 0.537594 563224 12104 1070190
Ah5h 0.537594 563224 12104 1070190
As5s 0.537594 563224 12104 1070190
5d2s 0.537335 558109 16941.5 1070190
5d2h 0.537335 558109 16941.5 1070190
5h2d 0.537151 557859 16994.5 1070190
5s2d 0.537151 557859 16994.5 1070190
6c3c 0.53705 568213 6532.5 1070190
5h2h 0.53661 557363 16912 1070190
5h2s 0.53661 557363 16912 1070190
5s2h 0.53661 557363 16912 1070190
5s2s 0.53661 557363 16912 1070190
AcTd 0.535603 564222 8975.5 1070190
3d2s 0.534966 555676 16839.5 1070190
3d2h 0.534966 555676 16839.5 1070190
AcTh 0.534864 563453 8953 1070190
AcTs 0.534864 563453 8953 1070190
3s2d 0.534777 555420 16892.5 1070190
3h2d 0.534777 555420 16892.5 1070190
3h2h 0.534236 554924 16810 1070190
3h2s 0.534236 554924 16810 1070190
3s2s 0.534236 554924 16810 1070190
3s2h 0.534236 554924 16810 1070190
AdJd 0.533116 562845 7690.5 1070190
9d2s 0.53238 558032 11715.5 1070190
9d2h 0.53238 558032 11715.5 1070190
9h2d 0.532205 557815 11745.5 1070190
9s2d 0.532205 557815 11745.5 1070190
9h2h 0.531591 557210 11693 1070190
9h2s 0.531591 557210 11693 1070190
9s2h 0.531591 557210 11693 1070190
9s2s 0.531591 557210 11693 1070190
AdTc 0.531115 559546 8847.5 1070190
6d2s 0.530571 552157 15655 1070190
6d2h 0.530571 552157 15655 1070190
AsTc 0.530413 558832 8811 1070190
AhTc 0.530413 558832 8811 1070190
6h2d 0.530351 551869 15707.5 1070190
6s2d 0.530351 551869 15707.5 1070190
6s2h 0.529809 551367 15629 1070190
6h2h 0.529809 551367 15629 1070190
6h2s 0.529809 551367 15629 1070190
6s2s 0.529809 551367 15629 1070190
AhKd 0.529442 560295 6308.5 1070190
AsKd 0.529442 560295 6308.5 1070190
AdKs 0.529407 560250 6316 1070190
AdKh 0.529407 560250 6316 1070190
AsKs 0.528629 559447 6286 1070190
AsKh 0.528629 559447 6286 1070190
AhKs 0.528629 559447 6286 1070190
AhKh 0.528629 559447 6286 1070190
9c6c 0.527608 557077 7563.5 1070190
9c5c 0.527525 556416 8135.5 1070190
8d2h 0.52726 551351 12917 1070190
8d2s 0.52726 551351 12917 1070190
8s2d 0.527051 551088 12957 1070190
8h2d 0.527051 551088 12957 1070190
8h2h 0.526471 550529 12894.5 1070190
8s2s 0.526471 550529 12894.5 1070190
8s2h 0.526471 550529 12894.5 1070190
8h2s 0.526471 550529 12894.5 1070190
9c7c 0.526436 556485 6902 1070190
AdTd 0.524166 552481 8476.5 1070190
As3d 0.523251 547786 12192 1070190
Ah3d 0.523251 547786 12192 1070190
Ad3h 0.523142 547655 12206.5 1070190
Ad3s 0.523142 547655 12206.5 1070190
7d2s 0.522627 545318 13992.5 1070190
7d2h 0.522627 545318 13992.5 1070190
As3s 0.522542 547061 12158 1070190
Ah3s 0.522542 547061 12158 1070190
As3h 0.522542 547061 12158 1070190
Ah3h 0.522542 547061 12158 1070190
7s2d 0.522385 545010 14041.5 1070190
7h2d 0.522385 545010 14041.5 1070190
7h2s 0.521833 544490 13970 1070190
7h2h 0.521833 544490 13970 1070190
7s2h 0.521833 544490 13970 1070190
7s2s 0.521833 544490 13970 1070190
Ac9d 0.518354 545074 9663 1070190
Ac9h 0.517612 544303 9640.5 1070190
Ac9s 0.517612 544303 9640.5 1070190
9c3c 0.514975 542932 8189.5 1070190
8c5c 0.513727 542122 7664 1070190
8c6c 0.513711 542676 7092 1070190
8c7c 0.512807 542370 6430.5 1070190
Ad9c 0.512595 539057 9517.5 1070190
Ah9c 0.511926 538380 9478.5 1070190
As9c 0.511926 538380 9478.5 1070190
Ac8d 0.509807 535377 10213 1070190
Ac8h 0.509065 534606 10190.5 1070190
Ac8s 0.509065 534606 10190.5 1070190
AsJd 0.508847 536537 8026 1070190
AhJd 0.508847 536537 8026 1070190
AdJh 0.508842 536521 8037 1070190
AdJs 0.508842 536521 8037 1070190
AsJs 0.508107 535768 8003.5 1070190
AsJh 0.508107 535768 8003.5 1070190
AhJs 0.508107 535768 8003.5 1070190
AhJh 0.508107 535768 8003.5 1070190
Ad9d 0.507437 533923 9131.5 1070190
Ad8c 0.502752 527987 10053.5 1070190
As8c 0.502114 527345 10012.5 1070190
Ah8c 0.502114 527345 10012.5 1070190
Ac7d 0.501306 525867 10625.5 1070190
Ac7s 0.500559 525090 10603 1070190
Ac7h 0.500559 525090 10603 1070190
AsTd 0.499527 525744 8845 1070190
AhTd 0.499527 525744 8845 1070190
AdTh 0.499489 525689 8859 1070190
AdTs 0.499489 525689 8859 1070190
Ad8d 0.499228 524613 9655.5 1070190
AhTs 0.498788 524975 8822.5 1070190
AsTh 0.498788 524975 8822.5 1070190
AsTs 0.498788 524975 8822.5 1070190
AhTh 0.498788 524975 8822.5 1070190
7c6c 0.496882 525710 6048.5 1070190
7c5c 0.496866 525120 6620.5 1070190
Ac6d 0.496603 520577 10883 1070190
Ac6s 0.49589 519840 10857 1070190
Ac6h 0.49589 519840 10857 1070190
8c3c 0.493203 520103 7718 1070190
Ad7c 0.493033 517184 10455.5 1070190
Ah7c 0.492425 516575 10413 1070190
As7c 0.492425 516575 10413 1070190
Ad7d 0.491088 515509 10048.5 1070190
KcJd 0.489064 516209 7182.5 1070190
KcJs 0.488356 515474 7160 1070190
KcJh 0.488356 515474 7160 1070190
KdJc 0.486873 513951 7095.5 1070190
Ad6c 0.486602 510016 10741 1070190
Ad6d 0.486309 510132 10310.5 1070190
KsJc 0.486107 513161 7066 1070190
KhJc 0.486107 513161 7066 1070190
As6c 0.486017 509430 10701 1070190
Ah6c 0.486017 509430 10701 1070190
Ah9d 0.481892 506188 9527.5 1070190
As9d 0.481892 506188 9527.5 1070190
Ad9s 0.481819 506094 9544 1070190
Ad9h 0.481819 506094 9544 1070190
As9h 0.48115 505417 9505 1070190
As9s 0.48115 505417 9505 1070190
Ah9h 0.48115 505417 9505 1070190
Ah9s 0.48115 505417 9505 1070190
KdJd 0.479966 506882 6773 1070190
KcTd 0.479579 505233 8007.5 1070190
KcTh 0.478871 504498 7985 1070190
KcTs 0.478871 504498 7985 1070190
7c3c 0.476341 503101 6674.5 1070190
KdTc 0.476064 501579 7899.5 1070190
KsTc 0.475332 500829 7867 1070190
KhTc 0.475332 500829 7867 1070190
Ah8d 0.473337 496487 10073.5 1070190
As8d 0.473337 496487 10073.5 1070190
Ad8h 0.473234 496358 10092 1070190
Ad8s 0.473234 496358 10092 1070190
As8h 0.472596 495716 10051 1070190
As8s 0.472596 495716 10051 1070190
Ah8s 0.472596 495716 10051 1070190
Ah8h 0.472596 495716 10051 1070190
KdTd 0.470859 496350 7559 1070190
Ah7d 0.464817 486960 10483 1070190
As7d 0.464817 486960 10483 1070190
Ad7h 0.464679 486792 10503 1070190
Ad7s 0.464679 486792 10503 1070190
Ah7h 0.46407 486183 10460.5 1070190
As7s 0.46407 486183 10460.5 1070190
As7h 0.46407 486183 10460.5 1070190
Ah7s 0.46407 486183 10460.5 1070190
Kc9d 0.461939 485668 8695 1070190
Kc9s 0.461229 484930 8672.5 1070190
Kc9h 0.461229 484930 8672.5 1070190
As6d 0.460138 481676 10759.5 1070190
Ah6d 0.460138 481676 10759.5 1070190
Ad6h 0.46001 481525 10773.5 1070190
Ad6s 0.46001 481525 10773.5 1070190
As6s 0.459425 480939 10733.5 1070190
As6h 0.459425 480939 10733.5 1070190
Ah6h 0.459425 480939 10733.5 1070190
Ah6s 0.459425 480939 10733.5 1070190
Kd9c 0.457169 480688 8569.5 1070190
Ks9c 0.456472 479977 8534.5 1070190
Kh9c 0.456472 479977 8534.5 1070190
Kd9d 0.453761 477397 8214 1070190
KdJs 0.453003 477740 7059.5 1070190
KdJh 0.453003 477740 7059.5 1070190
KhJd 0.452945 477685 7052.5 1070190
KsJd 0.452945 477685 7052.5 1070190
KhJs 0.452237 476950 7030 1070190
KhJh 0.452237 476950 7030 1070190
KsJs 0.452237 476950 7030 1070190
KsJh 0.452237 476950 7030 1070190
Kc8d 0.443996 465915 9245 1070190
KdTh 0.443482 466728 7881.5 1070190
KdTs 0.443482 466728 7881.5 1070190
KhTd 0.443458 466713 7871.5 1070190
KsTd 0.443458 466713 7871.5 1070190
Kc8h 0.44329 465182 9222.5 1070190
Kc8s 0.44329 465182 9222.5 1070190
KsTh 0.44275 465978 7849 1070190
KsTs 0.44275 465978 7849 1070190
KhTs 0.44275 465978 7849 1070190
KhTh 0.44275 465978 7849 1070190
Kc5d 0.439453 458650 11648 1070190
Kc6d 0.439035 459129 10721.5 1070190
Kc5s 0.438803 457984 11618.5 1070190
Kc5h 0.438803 457984 11618.5 1070190
Kc6s 0.438354 458427 10695.5 1070190
Kc6h 0.438354 458427 10695.5 1070190
Kd8c 0.437911 459542 9105.5 1070190
Ks8c 0.437245 458867 9068.5 1070190
Kh8c 0.437245 458867 9068.5 1070190
Kd8d 0.436328 458216 8738 1070190
Kc7d 0.435328 456226 9657.5 1070190
Kc7s 0.434616 455487 9635 1070190
Kc7h 0.434616 455487 9635 1070190
5d3d 0.433098 454355 9142.5 1070190
Kd5d 0.431751 451003 11053 1070190
Kd6d 0.431495 451624 10157.5 1070190
5c3d 0.430906 451677 9474 1070190
5c3h 0.430342 451112 9435.5 1070190
5c3s 0.430342 451112 9435.5 1070190
Kd6c 0.430005 449605 10582 1070190
Ks6c 0.429391 448987 10542.5 1070190
Kh6c 0.429391 448987 10542.5 1070190
Kd5c 0.428732 447302 11522.5 1070190
Kh5c 0.428138 446706 11482.5 1070190
Ks5c 0.428138 446706 11482.5 1070190
Kd7d 0.428031 448944 9131 1070190
Kd7c 0.428029 448565 9507.5 1070190
5d3c 0.4278 448353 9474 1070190
Kh7c 0.427394 447924 9469 1070190
Ks7c 0.427394 447924 9469 1070190
5h3c 0.42724 447793 9435.5 1070190
5s3c 0.42724 447793 9435.5 1070190
Ks9d 0.42543 446737 8554 1070190
Kh9d 0.42543 446737 8554 1070190
Kd9s 0.425417 446710 8566.5 1070190
Kd9h 0.425417 446710 8566.5 1070190
Ks9s 0.424719 445999 8531.5 1070190
Ks9h 0.424719 445999 8531.5 1070190
Kh9h 0.424719 445999 8531.5 1070190
Kh9s 0.424719 445999 8531.5 1070190
JcTd 0.424036 444400 9399 1070190
Kc3d 0.423421 441439 11702 1070190
JcTh 0.423367 443707 9376.5 1070190
JcTs 0.423367 443707 9376.5 1070190
Kc3s 0.422766 440767 11672.5 1070190
Kc3h 0.422766 440767 11672.5 1070190
JdTc 0.422633 442953 9345 1070190
JsTc 0.421973 442278 9313.5 1070190
JhTc 0.421973 442278 9313.5 1070190
JdTd 0.417842 438181 8989.5 1070190
Kd3d 0.415773 433849 11107 1070190
Kd3c 0.40956 426731 11576.5 1070190
Ks3c 0.408992 426163 11536.5 1070190
Kh3c 0.408992 426163 11536.5 1070190
5s3d 0.407849 427131 9345 1070190
5h3d 0.407849 427131 9345 1070190
5d3s 0.407844 427126 9345 1070190
5d3h 0.407844 427126 9345 1070190
5s3s 0.407285 426566 9306.5 1070190
5s3h 0.407285 426566 9306.5 1070190
5h3s 0.407285 426566 9306.5 1070190
5h3h 0.407285 426566 9306.5 1070190
Kh8d 0.407059 426530 9100 1070190
Ks8d 0.407059 426530 9100 1070190
Kd8s 0.407018 426472 9114.5 1070190
Kd8h 0.407018 426472 9114.5 1070190
Jc9d 0.406397 424835 10086.5 1070190
Kh8s 0.406353 425797 9077.5 1070190
Kh8h 0.406353 425797 9077.5 1070190
Ks8s 0.406353 425797 9077.5 1070190
Ks8h 0.406353 425797 9077.5 1070190
Jc9s 0.405725 424139 10064 1070190
Jc9h 0.405725 424139 10064 1070190
Jd9c 0.403739 422062 10015 1070190
Kh5d 0.403144 419885 11556 1070190
Ks5d 0.403144 419885 11556 1070190
Js9c 0.403113 421426 9981 1070190
Jh9c 0.403113 421426 9981 1070190
Kd5h 0.403089 419815 11566.5 1070190
Kd5s 0.403089 419815 11566.5 1070190
Ks5s 0.402494 419219 11526.5 1070190
Ks5h 0.402494 419219 11526.5 1070190
Kh5s 0.402494 419219 11526.5 1070190
Kh5h 0.402494 419219 11526.5 1070190
Kh6d 0.402461 420109 10601 1070190
Ks6d 0.402461 420109 10601 1070190
Kd6h 0.402395 420025 10614.5 1070190
Kd6s 0.402395 420025 10614.5 1070190
Kh6h 0.401781 419407 10575 1070190
Ks6s 0.401781 419407 10575 1070190
Ks6h 0.401781 419407 10575 1070190
Kh6s 0.401781 419407 10575 1070190
Jd9d 0.400744 419228 9644.5 1070190
Ks7d 0.398372 416824 9509.5 1070190
Kh7d 0.398372 416824 9509.5 1070190
Kd7s 0.398295 416726 9525.5 1070190
Kd7h 0.398295 416726 9525.5 1070190
Kh7s 0.39766 416085 9487 1070190
Ks7h 0.39766 416085 9487 1070190
Ks7s 0.39766 416085 9487 1070190
Kh7h 0.39766 416085 9487 1070190
JsTd 0.38893 406938 9291 1070190
JhTd 0.38893 406938 9291 1070190
JdTs 0.388922 406920 9300 1070190
JdTh 0.388922 406920 9300 1070190
Jc8d 0.388448 405077 10636.5 1070190
JsTs 0.388261 406245 9268.5 1070190
JhTs 0.388261 406245 9268.5 1070190
JsTh 0.388261 406245 9268.5 1070190
JhTh 0.388261 406245 9268.5 1070190
Jc8s 0.387781 404385 10614 1070190
Jc8h 0.387781 404385 10614 1070190
Ks3d 0.386833 402375 11610 1070190
Kh3d 0.386833 402375 11610 1070190
Kd3s 0.386746 402271 11620.5 1070190
Kd3h 0.386746 402271 11620.5 1070190
Ks3h 0.386178 401703 11580.5 1070190
Kh3h 0.386178 401703 11580.5 1070190
Kh3s 0.386178 401703 11580.5 1070190
Ks3s 0.386178 401703 11580.5 1070190
Jd8c 0.384485 400921 10551 1070190
Jh8c 0.383892 400322 10515 1070190
Js8c 0.383892 400322 10515 1070190
Jd8d 0.383311 400047 10168.5 1070190
Jc5d 0.374834 388104 13039.5 1070190
Jc5s 0.374225 387482 13010 1070190
Jc5h 0.374225 387482 13010 1070190
Jc6d 0.3736 387710 12113 1070190
Jc6h 0.372962 387053 12087 1070190
Jc6s 0.372962 387053 12087 1070190
Jh9d 0.370902 386962 9973.5 1070190
Js9d 0.370902 386962 9973.5 1070190
Jd9h 0.370857 386902 9985 1070190
Jd9s 0.370857 386902 9985 1070190
Js9s 0.370231 386266 9951 1070190
Jh9h 0.370231 386266 9951 1070190
Js9h 0.370231 386266 9951 1070190
Jh9s 0.370231 386266 9951 1070190
Jd5d 0.369825 383299 12483.5 1070190
Jc7d 0.369513 384400 11049 1070190
Jc7h 0.368844 383707 11026.5 1070190
Jc7s 0.368844 383707 11026.5 1070190
Jd6d 0.368775 383071 11588 1070190
Jd6c 0.366678 380388 12027.5 1070190
Jd5c 0.366226 378963 12968 1070190
Jh6c 0.366137 379847 11989 1070190
Js6c 0.366137 379847 11989 1070190
Js5c 0.365704 378444 12929 1070190
Jh5c 0.365704 378444 12929 1070190
Jd7d 0.364942 379996 10561.5 1070190
Jd7c 0.364318 378936 10953 1070190
Jh7c 0.363756 378372 10915.5 1070190
Js7c 0.363756 378372 10915.5 1070190
Tc9d 0.36016 375772 9668 1070190
Tc9h 0.359523 375112 9645.5 1070190
Tc9s 0.359523 375112 9645.5 1070190
Td9c 0.358844 374426 9605.5 1070190
Jc3d 0.358802 370893 13093.5 1070190
Ts9c 0.35822 373790 9573 1070190
Th9c 0.35822 373790 9573 1070190
Jc3s 0.358188 370265 13064 1070190
Jc3h 0.358188 370265 13064 1070190
Td9d 0.357124 372944 9247 1070190
Jd3d 0.353846 366145 12537.5 1070190
Js8d 0.352531 366756 10519.5 1070190
Jh8d 0.352531 366756 10519.5 1070190
Jd8h 0.352457 366663 10533 1070190
Jd8s 0.352457 366663 10533 1070190
Js8h 0.351864 366064 10497 1070190
Js8s 0.351864 366064 10497 1070190
Jh8h 0.351864 366064 10497 1070190
Jh8s 0.351864 366064 10497 1070190
6d5d 0.347733 363241 8899 1070190
Jd3c 0.347054 358392 13022 1070190
Js3c 0.346559 357901 12983 1070190
Jh3c 0.346559 357901 12983 1070190
6c5d 0.344641 359571 9260 1070190
6c5h 0.344102 359025 9229.5 1070190
6c5s 0.344102 359025 9229.5 1070190
6d5c 0.343059 357905 9233.5 1070190
6s5c 0.342503 357344 9199 1070190
6h5c 0.342503 357344 9199 1070190
Tc8d 0.342212 356014 10218 1070190
Tc8h 0.341578 355358 10195.5 1070190
Tc8s 0.341578 355358 10195.5 1070190
Td8d 0.339691 353763 9771 1070190
Td8c 0.339591 353285 10141.5 1070190
Js5d 0.339137 349965 12975.5 1070190
Jh5d 0.339137 349965 12975.5 1070190
Jd5s 0.339049 349862 12985 1070190
Jd5h 0.339049 349862 12985 1070190
Th8c 0.338999 352686 10107 1070190
Ts8c 0.338999 352686 10107 1070190
Js5s 0.338528 349343 12946 1070190
Js5h 0.338528 349343 12946 1070190
Jh5s 0.338528 349343 12946 1070190
Jh5h 0.338528 349343 12946 1070190
Js6d 0.337607 349283 12020.5 1070190
Jh6d 0.337607 349283 12020.5 1070190
Jd6h 0.33751 349167 12033 1070190
Jd6s 0.33751 349167 12033 1070190
Jh6s 0.336969 348626 11994.5 1070190
Jh6h 0.336969 348626 11994.5 1070190
Js6h 0.336969 348626 11994.5 1070190
Js6s 0.336969 348626 11994.5 1070190
Js7d 0.333123 345576 10929 1070190
Jh7d 0.333123 345576 10929 1070190
Jd7h 0.333017 345447 10944 1070190
Jd7s 0.333017 345447 10944 1070190
Js7h 0.332455 344883 10906.5 1070190
Jh7s 0.332455 344883 10906.5 1070190
Jh7h 0.332455 344883 10906.5 1070190
Js7s 0.332455 344883 10906.5 1070190
Tc5d 0.329358 339855 12621 1070190
Tc5s 0.328781 339267 12591.5 1070190
Tc5h 0.328781 339267 12591.5 1070190
Tc6d 0.327526 338821 11694.5 1070190
Td5d 0.326943 337805 12086 1070190
Tc6s 0.326921 338199 11668.5 1070190
Tc6h 0.326921 338199 11668.5 1070190
Td6d 0.325312 336955 11190.5 1070190
Ts9d 0.325128 338389 9559.5 1070190
Th9d 0.325128 338389 9559.5 1070190
Td9s 0.325115 338365 9569.5 1070190
Td9h 0.325115 338365 9569.5 1070190
Ts9h 0.32449 337729 9537 1070190
Ts9s 0.32449 337729 9537 1070190
Th9h 0.32449 337729 9537 1070190
Th9s 0.32449 337729 9537 1070190
Tc7d 0.323277 335337 10630.5 1070190
Jh3d 0.322825 332455 13029.5 1070190
Js3d 0.322825 332455 13029.5 1070190
Jd3s 0.322706 332318 13039 1070190
Jd3h 0.322706 332318 13039 1070190
Tc7s 0.322642 334680 10608 1070190
Tc7h 0.322642 334680 10608 1070190
Jh3h 0.322211 331827 13000 1070190
Jh3s 0.322211 331827 13000 1070190
Js3s 0.322211 331827 13000 1070190
Js3h 0.322211 331827 13000 1070190
Td5c 0.322101 332151 12558.5 1070190
Td6c 0.321951 332931 11618 1070190
Ts5c 0.321581 331632 12521 1070190
Th5c 0.321581 331632 12521 1070190
Ts6c 0.321411 332390 11581 1070190
Th6c 0.321411 332390 11581 1070190
Td7d 0.321322 333712 10164 1070190
6d3d 0.320241 333766 8953 1070190
Td7c 0.319423 331300 10543.5 1070190
Th7c 0.318863 330736 10507.5 1070190
Ts7c 0.318863 330736 10507.5 1070190
6d5h 0.317062 330167 9149.5 1070190
6d5s 0.317062 330167 9149.5 1070190
6h5d 0.317044 330152 9145.5 1070190
6s5d 0.317044 330152 9145.5 1070190
6c3d 0.316745 329663 9314 1070190
6s5s 0.316505 329606 9115 1070190
6s5h 0.316505 329606 9115 1070190
6h5s 0.316505 329606 9115 1070190
6h5h 0.316505 329606 9115 1070190
6c3s 0.316208 329119 9283.5 1070190
6c3h 0.316208 329119 9283.5 1070190
Tc3d 0.313327 322644 12675 1070190
Tc3h 0.312744 322050 12645.5 1070190
Tc3s 0.312744 322050 12645.5 1070190
6d3c 0.31215 324772 9287.5 1070190
6h3c 0.311626 324246 9253 1070190
6s3c 0.311626 324246 9253 1070190
Td3d 0.310964 320651 12140 1070190
Ts8d 0.306757 318183 10105.5 1070190
Th8d 0.306757 318183 10105.5 1070190
Td8h 0.306715 318126 10117.5 1070190
Td8s 0.306715 318126 10117.5 1070190
Ts8s 0.306123 317527 10083 1070190
Th8h 0.306123 317527 10083 1070190
Th8s 0.306123 317527 10083 1070190
Ts8h 0.306123 317527 10083 1070190
9c8d 0.303435 315071 9662 1070190
9d8d 0.303304 315350 9242.5 1070190
Td3c 0.30293 311580 12612.5 1070190
9c8s 0.302835 314451 9639.5 1070190
9c8h 0.302835 314451 9639.5 1070190
Th3c 0.302436 311089 12575 1070190
Ts3c 0.302436 311089 12575 1070190
9d8c 0.302085 313690 9598 1070190
9h8c 0.301492 313088 9565.5 1070190
9s8c 0.301492 313088 9565.5 1070190
Th5d 0.294151 302236 12561.5 1070190
Ts5d 0.294151 302236 12561.5 1070190
Td5h 0.294094 302167 12569.5 1070190
Td5s 0.294094 302167 12569.5 1070190
Ts5h 0.293574 301648 12532 1070190
Ts5s 0.293574 301648 12532 1070190
Th5h 0.293574 301648 12532 1070190
Th5s 0.293574 301648 12532 1070190
Ts6d 0.292001 300890 11606.5 1070190
Th6d 0.292001 300890 11606.5 1070190
Td6s 0.291936 300809 11617.5 1070190
Td6h 0.291936 300809 11617.5 1070190
Ts6h 0.291395 300268 11580.5 1070190
Th6h 0.291395 300268 11580.5 1070190
Ts6s 0.291395 300268 11580.5 1070190
Th6s 0.291395 300268 11580.5 1070190
9c5d 0.291124 299493 12065 1070190
9d5d 0.291081 299955 11557.5 1070190
9c5h 0.290579 298939 12035.5 1070190
9c5s 0.290579 298939 12035.5 1070190
9d6d 0.289081 298710 10662 1070190
9c6d 0.288912 298052 11138.5 1070190
6h3d 0.288411 299455 9199.5 1070190
6s3d 0.288411 299455 9199.5 1070190
6d3s 0.288398 299437 9203.5 1070190
6d3h 0.288398 299437 9203.5 1070190
9c6h 0.288339 297465 11112.5 1070190
9c6s 0.288339 297465 11112.5 1070190
6h3h 0.287874 298911 9169 1070190
6h3s 0.287874 298911 9169 1070190
6s3h 0.287874 298911 9169 1070190
6s3s 0.287874 298911 9169 1070190
Ts7d 0.287349 297003 10515 1070190
Th7d 0.287349 297003 10515 1070190
Td7s 0.287275 296910 10528.5 1070190
Td7h 0.287275 296910 10528.5 1070190
Ts7s 0.286714 296346 10492.5 1070190
Ts7h 0.286714 296346 10492.5 1070190
Th7h 0.286714 296346 10492.5 1070190
Th7s 0.286714 296346 10492.5 1070190
9d5c 0.285147 293147 12015 1070190
9d7d 0.285147 295526 9635.5 1070190
9c7d 0.284717 294627 10074.5 1070190
9h5c 0.284627 292625 11979.5 1070190
9s5c 0.284627 292625 11979.5 1070190
9d6c 0.284613 293515 11074.5 1070190
9c7s 0.284116 294006 10052 1070190
9c7h 0.284116 294006 10052 1070190
9s6c 0.284072 292971 11039.5 1070190
9h6c 0.284072 292971 11039.5 1070190
9d7c 0.282135 291938 10000 1070190
9s7c 0.281573 291371 9966 1070190
9h7c 0.281573 291371 9966 1070190
Th3d 0.27784 284726 12615.5 1070190
Ts3d 0.27784 284726 12615.5 1070190
Td3s 0.277751 284623 12623.5 1070190
Td3h 0.277751 284623 12623.5 1070190
Ts3h 0.277257 284132 12586 1070190
Ts3s 0.277257 284132 12586 1070190
Th3h 0.277257 284132 12586 1070190
Th3s 0.277257 284132 12586 1070190
8d5d 0.27513 283543 10898 1070190
9d3d 0.275103 282801 11611.5 1070190
9c3d 0.275092 282282 12119 1070190
9c3h 0.274541 281722 12089.5 1070190
9c3s 0.274541 281722 12089.5 1070190
8c5d 0.273276 281086 11371.5 1070190
8d6d 0.272973 282130 10002.5 1070190
8c5s 0.272754 280557 11342 1070190
8c5h 0.272754 280557 11342 1070190
8c6d 0.270901 279471 10445 1070190
8c6h 0.270353 278910 10419 1070190
8c6s 0.270353 278910 10419 1070190
8d7d 0.269463 279401 8976 1070190
8d5c 0.268624 276141 11337.5 1070190
9h8d 0.26856 277855 9555 1070190
9s8d 0.26856 277855 9555 1070190
9d8s 0.268552 277837 9565 1070190
9d8h 0.268552 277837 9565 1070190
8s5c 0.268101 275614 11304.5 1070190
8h5c 0.268101 275614 11304.5 1070190
9s8s 0.267959 277235 9532.5 1070190
9s8h 0.267959 277235 9532.5 1070190
9h8s 0.267959 277235 9532.5 1070190
9h8h 0.267959 277235 9532.5 1070190
8d6c 0.267922 276330 10397 1070190
8h6c 0.267378 275781 10364.5 1070190
8s6c 0.267378 275781 10364.5 1070190
8c7d 0.267147 276517 9381 1070190
8c7s 0.266571 275923 9358.5 1070190
8c7h 0.266571 275923 9358.5 1070190
9d3c 0.265976 272576 12069 1070190
8d7c 0.265875 275214 9322.5 1070190
9h3c 0.265481 272082 12033.5 1070190
9s3c 0.265481 272082 12033.5 1070190
8s7c 0.26531 274641 9291 1070190
8h7c 0.26531 274641 9291 1070190
9s5d 0.256516 262510 12011 1070190
9h5d 0.256516 262510 12011 1070190
9d5s 0.256492 262478 12017 1070190
9d5h 0.256492 262478 12017 1070190
9h5s 0.255971 261956 11981.5 1070190
9h5h 0.255971 261956 11981.5 1070190
9s5h 0.255971 261956 11981.5 1070190
9s5s 0.255971 261956 11981.5 1070190
9h6d 0.253972 260742 11056 1070190
9s6d 0.253972 260742 11056 1070190
9d6s 0.25394 260699 11065 1070190
9d6h 0.25394 260699 11065 1070190
9h6s 0.253399 260155 11030 1070190
9h6h 0.253399 260155 11030 1070190
9s6s 0.253399 260155 11030 1070190
9s6h 0.253399 260155 11030 1070190
7d5d 0.253197 261626 9343 1070190
7d6d 0.251095 260272 8447.5 1070190
9s7d 0.249378 256917 9964.5 1070190
9h7d 0.249378 256917 9964.5 1070190
7c5d 0.24937 257122 9751.5 1070190
9d7s 0.249338 256863 9976 1070190
9d7h 0.249338 256863 9976 1070190
7c5h 0.248876 256619 9725.5 1070190
7c5s 0.248876 256619 9725.5 1070190
9s7h 0.248776 256296 9942 1070190
9s7s 0.248776 256296 9942 1070190
9h7h 0.248776 256296 9942 1070190
9h7s 0.248776 256296 9942 1070190
7c6d 0.247051 255566 8825 1070190
7c6h 0.246531 255032 8802.5 1070190
7c6s 0.246531 255032 8802.5 1070190
8d3d 0.246374 252715 10952 1070190
7d5c 0.245974 253519 9719.5 1070190
7h5c 0.24545 252989 9689.5 1070190
7s5c 0.24545 252989 9689.5 1070190
7d6c 0.245322 253762 8779 1070190
7h6c 0.244778 253210 8749.5 1070190
7s6c 0.244778 253210 8749.5 1070190
8c3d 0.244184 249898 11425.5 1070190
8c3s 0.243665 249372 11396 1070190
8c3h 0.243665 249372 11396 1070190
9s3d 0.240205 245000 12065 1070190
9h3d 0.240205 245000 12065 1070190
9d3h 0.240149 244934 12071 1070190
9d3s 0.240149 244934 12071 1070190
8d5h 0.240006 245525 11327.5 1070190
8d5s 0.240006 245525 11327.5 1070190
8s5d 0.240005 245527 11324 1070190
8h5d 0.240005 245527 11324 1070190
9s3h 0.239654 244440 12035.5 1070190
9h3s 0.239654 244440 12035.5 1070190
9h3h 0.239654 244440 12035.5 1070190
9s3s 0.239654 244440 12035.5 1070190
8h5s 0.239483 244998 11294.5 1070190
8h5h 0.239483 244998 11294.5 1070190
8s5s 0.239483 244998 11294.5 1070190
8s5h 0.239483 244998 11294.5 1070190
8h6d 0.237292 243579 10369 1070190
8s6d 0.237292 243579 10369 1070190
8d6h 0.237287 243567 10375.5 1070190
8d6s 0.237287 243567 10375.5 1070190
8h6h 0.236744 243018 10343 1070190
8h6s 0.236744 243018 10343 1070190
8s6h 0.236744 243018 10343 1070190
8s6s 0.236744 243018 10343 1070190
8d3c 0.236378 241578 11391.5 1070190
8s3c 0.235887 241085 11358.5 1070190
8h3c 0.235887 241085 11358.5 1070190
8s7d 0.23315 240237 9277.5 1070190
8h7d 0.23315 240237 9277.5 1070190
8d7h 0.233139 240216 9286.5 1070190
8d7s 0.233139 240216 9286.5 1070190
8h7h 0.232574 239643 9255 1070190
8s7h 0.232574 239643 9255 1070190
8s7s 0.232574 239643 9255 1070190
8h7s 0.232574 239643 9255 1070190
7d3d 0.224441 230798 9397 1070190
7c3d 0.220278 225934 9805.5 1070190
7c3h 0.219787 225434 9779.5 1070190
7c3s 0.219787 225434 9779.5 1070190
7d5s 0.21703 222577 9686 1070190
7d5h 0.21703 222577 9686 1070190
7h5d 0.217001 222550 9682 1070190
7s5d 0.217001 222550 9682 1070190
7h5h 0.216506 222047 9656 1070190
7h5s 0.216506 222047 9656 1070190
7s5h 0.216506 222047 9656 1070190
7s5s 0.216506 222047 9656 1070190
7d6h 0.214369 220682 8734 1070190
7d6s 0.214369 220682 8734 1070190
7s6d 0.214346 220664 8727 1070190
7h6d 0.214346 220664 8727 1070190
7h6s 0.213826 220130 8704.5 1070190
7s6h 0.213826 220130 8704.5 1070190
7s6s 0.213826 220130 8704.5 1070190
7h6h 0.213826 220130 8704.5 1070190
7d3c 0.213728 218956 9773.5 1070190
7h3c 0.213236 218460 9743.5 1070190
7s3c 0.213236 218460 9743.5 1070190
8h3d 0.210107 213476 11378 1070190
8s3d 0.210107 213476 11378 1070190
8d3h 0.210079 213443 11381.5 1070190
8d3s 0.210079 213443 11381.5 1070190
8h3h 0.209588 212950 11348.5 1070190
8h3s 0.209588 212950 11348.5 1070190
8s3s 0.209588 212950 11348.5 1070190
8s3h 0.209588 212950 11348.5 1070190
7d3s 0.187102 190495 9740 1070190
7d3h 0.187102 190495 9740 1070190
7s3d 0.187102 190499 9736 1070190
7h3d 0.187102 190499 9736 1070190
7h3s 0.186611 189999 9710 1070190
7s3s 0.186611 189999 9710 1070190
7s3h 0.186611 189999 9710 1070190
7h3h 0.186611 189999 9710 1070190
