JsJd 0.93899 1004898 0 1070190
JhJd 0.93899 1004898 0 1070190
5s5c 0.938625 1004443 64.5 1070190
5h5c 0.938625 1004443 64.5 1070190
JsJh 0.938617 1004499 0 1070190
5s5h 0.930848 996120 64.5 1070190
2s2d 0.924475 989244 120 1070190
2h2d 0.924475 989244 120 1070190
2s2h 0.924097 988839 120 1070190
Jd5c 0.89471 954886 2624 1070190
Js5c 0.894253 954397 2624 1070190
Jh5c 0.894253 954397 2624 1070190
Jd5h 0.885461 944943 2669 1070190
Jd5s 0.885461 944943 2669 1070190
Js5s 0.885005 944454 2669 1070190
Js5h 0.885005 944454 2669 1070190
Jh5h 0.885005 944454 2669 1070190
Jh5s 0.885005 944454 2669 1070190
Jd2d 0.873343 929664 4979 1070190
AdAc 0.870349 930381 1057.5 1070190
AhAc 0.869557 929538 1053.5 1070190
AsAc 0.869557 929538 1053.5 1070190
Jh2d 0.868673 924576 5069 1070190
Js2d 0.868673 924576 5069 1070190
Jd2s 0.868667 924570 5069 1070190
Jd2h 0.868667 924570 5069 1070190
Jh2s 0.868315 924216 5046.5 1070190
Js2h 0.868315 924216 5046.5 1070190
Js2s 0.868315 924216 5046.5 1070190
Jh2h 0.868315 924216 5046.5 1070190
5c2d 0.845476 898744 6075.5 1070190
5c2s 0.845055 898294 6075.5 1070190
5c2h 0.845055 898294 6075.5 1070190
AsAd 0.844611 902845 1049.5 1070190
AhAd 0.844611 902845 1049.5 1070190
AcJd 0.843942 899043 4135 1070190
KdKc 0.84392 902682 472.5 1070190
AsAh 0.84382 902002 1045.5 1070190
AcJs 0.843164 898233 4112.5 1070190
AcJh 0.843164 898233 4112.5 1070190
KsKc 0.843101 901806 472.5 1070190
KhKc 0.843101 901806 472.5 1070190
5s2d 0.835504 888189 5958.5 1070190
5h2d 0.835504 888189 5958.5 1070190
5s2h 0.835083 887739 5958.5 1070190
5s2s 0.835083 887739 5958.5 1070190
5h2h 0.835083 887739 5958.5 1070190
5h2s 0.835083 887739 5958.5 1070190
KcJd 0.832099 886429 4075 1070190
KcJs 0.83136 885665 4048.5 1070190
KcJh 0.83136 885665 4048.5 1070190
AdJd 0.825711 879624 4043.5 1070190
QcJd 0.824917 878066 4752 1070190
QdQc 0.824833 882256 472.5 1070190
QcJh 0.824214 877344 4722 1070190
QcJs 0.824214 877344 4722 1070190
QhQc 0.824021 881386 472.5 1070190
QsQc 0.824021 881386 472.5 1070190
KhKd 0.818393 875364 472.5 1070190
KsKd 0.818393 875364 472.5 1070190
KsKh 0.817575 874488 472.5 1070190
AdJs 0.81663 869715 4234 1070190
AdJh 0.81663 869715 4234 1070190
AhJd 0.816605 869692 4230.5 1070190
AsJd 0.816605 869692 4230.5 1070190
AhJh 0.815827 868882 4208 1070190
AhJs 0.815827 868882 4208 1070190
AsJs 0.815827 868882 4208 1070190
AsJh 0.815827 868882 4208 1070190
KdJd 0.815117 868305 4025 1070190
QdJd 0.809271 861376 4698 1070190
Ac5c 0.808926 862762 2942 1070190
KdJh 0.805547 857900 4188 1070190
KdJs 0.805547 857900 4188 1070190
KsJd 0.805454 857797 4192 1070190
KhJd 0.805454 857797 4192 1070190
KsJs 0.804716 857033 4165.5 1070190
KsJh 0.804716 857033 4165.5 1070190
KhJs 0.804716 857033 4165.5 1070190
KhJh 0.804716 857033 4165.5 1070190
JdTc 0.803804 854886 5337 1070190
JsTc 0.803136 854204 5304 1070190
JhTc 0.803136 854204 5304 1070190
QhQd 0.800184 855876 472.5 1070190
QsQd 0.800184 855876 472.5 1070190
QdJs 0.799709 850955 4885.5 1070190
QdJh 0.799709 850955 4885.5 1070190
QhJd 0.799586 850816 4893 1070190
QsJd 0.799586 850816 4893 1070190
QsQh 0.799371 855006 472.5 1070190
Kc5c 0.798928 851955 3049.5 1070190
QhJh 0.798883 850094 4863 1070190
QhJs 0.798883 850094 4863 1070190
QsJs 0.798883 850094 4863 1070190
QsJh 0.798883 850094 4863 1070190
Jd9c 0.79721 847336 5830 1070190
Js9c 0.796575 846692 5794.5 1070190
Jh9c 0.796575 846692 5794.5 1070190
Qc5c 0.792112 844130 3580.5 1070190
Jd8c 0.7909 840182 6231 1070190
Jh8c 0.790297 839574 6193.5 1070190
Js8c 0.790297 839574 6193.5 1070190
JdTd 0.789738 839890 5280 1070190
Jd6c 0.786277 833880 7586 1070190
Js6c 0.785724 833328 7546 1070190
Jh6c 0.785724 833328 7546 1070190
Jd9d 0.784615 833916 5771 1070190
Jd7c 0.784596 833127 6540 1070190
Jh7c 0.784023 832553 6501 1070190
Js7c 0.784023 832553 6501 1070190
Tc5c 0.78078 828942 6640.5 1070190
Jd4c 0.780524 824400 10909 1070190
Js4c 0.780003 823897 10854.5 1070190
Jh4c 0.780003 823897 10854.5 1070190
Jd8d 0.779747 828306 6171 1070190
JsTd 0.77929 828500 5488.5 1070190
JhTd 0.77929 828500 5488.5 1070190
JdTh 0.779138 828327 5499 1070190
JdTs 0.779138 828327 5499 1070190
Jd3c 0.778772 822495 10939 1070190
JsTh 0.77847 827645 5466 1070190
JsTs 0.77847 827645 5466 1070190
JhTh 0.77847 827645 5466 1070190
JhTs 0.77847 827645 5466 1070190
Jh3c 0.778251 821992 10884.5 1070190
Js3c 0.778251 821992 10884.5 1070190
Jd6d 0.777895 825015 7480.5 1070190
9c5c 0.775266 822234 7447.5 1070190
Jd4d 0.77491 818571 10730 1070190
Jd7d 0.774836 822742 6480 1070190
Jd3d 0.774373 817959 10767 1070190
Jh9d 0.773929 822254 5997 1070190
Js9d 0.773929 822254 5997 1070190
Jd9h 0.773744 822043 6010 1070190
Jd9s 0.773744 822043 6010 1070190
Js9s 0.773109 821399 5974.5 1070190
Jh9h 0.773109 821399 5974.5 1070190
Jh9s 0.773109 821399 5974.5 1070190
Js9h 0.773109 821399 5974.5 1070190
8c5c 0.770323 816149 8242.5 1070190
Jh8d 0.768833 816386 6411 1070190
Js8d 0.768833 816386 6411 1070190
Jd8s 0.768616 816139 6426 1070190
Jd8h 0.768616 816139 6426 1070190
Jh8s 0.768013 815531 6388.5 1070190
Jh8h 0.768013 815531 6388.5 1070190
Js8s 0.768013 815531 6388.5 1070190
Js8h 0.768013 815531 6388.5 1070190
6c5c 0.767258 811108 10004 1070190
Js6d 0.767181 813236 7793.5 1070190
Jh6d 0.767181 813236 7793.5 1070190
Jd6s 0.766937 812961 7807.5 1070190
Jd6h 0.766937 812961 7807.5 1070190
Jh6h 0.766384 812409 7767.5 1070190
Jh6s 0.766384 812409 7767.5 1070190
Js6s 0.766384 812409 7767.5 1070190
Js6h 0.766384 812409 7767.5 1070190
7c5c 0.765984 810795 8953.5 1070190
Js4d 0.764432 806888 11200 1070190
Jh4d 0.764432 806888 11200 1070190
Jd4s 0.76419 806604 11225 1070190
Jd4h 0.76419 806604 11225 1070190
Js3d 0.76385 806228 11237 1070190
Jh3d 0.76385 806228 11237 1070190
Js4h 0.76367 806101 11170.5 1070190
Jh4h 0.76367 806101 11170.5 1070190
Jh4s 0.76367 806101 11170.5 1070190
Js4s 0.76367 806101 11170.5 1070190
Js7d 0.763654 810524 6730.5 1070190
Jh7d 0.763654 810524 6730.5 1070190
Jd3s 0.763603 805938 11262 1070190
Jd3h 0.763603 805938 11262 1070190
Jd7h 0.763401 810237 6747 1070190
Jd7s 0.763401 810237 6747 1070190
Jh3s 0.763082 805435 11207.5 1070190
Jh3h 0.763082 805435 11207.5 1070190
Js3h 0.763082 805435 11207.5 1070190
Js3s 0.763082 805435 11207.5 1070190
Js7s 0.762828 809663 6708 1070190
Js7h 0.762828 809663 6708 1070190
Jh7h 0.762828 809663 6708 1070190
Jh7s 0.762828 809663 6708 1070190
5c4c 0.759658 802188 10790.5 1070190
5c3c 0.759355 801846 10808.5 1070190
TdTc 0.731019 781857 472.5 1070190
ThTc 0.730254 781038 472.5 1070190
TsTc 0.730254 781038 472.5 1070190
AcKc 0.719673 765861 4326 1070190
AcQc 0.713529 759286 4326 1070190
9d9c 0.711556 761028 472.5 1070190
9s9c 0.710791 760209 472.5 1070190
9h9c 0.710791 760209 472.5 1070190
Ac4c 0.708889 748400 10245.5 1070190
Ac3c 0.70835 747824 10245.5 1070190
TsTd 0.704293 753255 472.5 1070190
ThTd 0.704293 753255 472.5 1070190
TsTh 0.703528 752436 472.5 1070190
AcTc 0.698192 741276 5922 1070190
Ac5h 0.695656 740251 4233.5 1070190
Ac5s 0.695656 740251 4233.5 1070190
8d8c 0.69212 740227 472.5 1070190
8s8c 0.691354 739408 472.5 1070190
8h8c 0.691354 739408 472.5 1070190
Ac9c 0.687278 729149 6369.5 1070190
Ad5c 0.68592 729853 4212 1070190
9s9d 0.685584 733233 472.5 1070190
9h9d 0.685584 733233 472.5 1070190
Ah5c 0.685089 728967 4208 1070190
As5c 0.685089 728967 4208 1070190
9s9h 0.684819 732414 472.5 1070190
Kc5h 0.68304 726798 4185 1070190
Kc5s 0.68304 726798 4185 1070190
Ac8c 0.681481 722587 6727.5 1070190
Qc5s 0.676053 718633 4872 1070190
Qc5h 0.676053 718633 4872 1070190
Ac7c 0.675834 716275 6996 1070190
KcQc 0.674946 718602 3718 1070190
Kd5c 0.674111 717222 4204.5 1070190
Kh5c 0.67325 716301 4204.5 1070190
Ks5c 0.67325 716301 4204.5 1070190
7d7c 0.672092 718794 472.5 1070190
Ac6c 0.671464 711419 7175 1070190
7s7c 0.671321 717969 472.5 1070190
7h7c 0.671321 717969 472.5 1070190
Qd5c 0.66838 710381 4912.5 1070190
Qs5c 0.667525 709466 4912.5 1070190
Qh5c 0.667525 709466 4912.5 1070190
8s8d 0.666876 713211 472.5 1070190
8h8d 0.666876 713211 472.5 1070190
8s8h 0.66611 712392 472.5 1070190
Ad5s 0.665206 707776 4121 1070190
Ad5h 0.665206 707776 4121 1070190
As5s 0.664375 706890 4117 1070190
As5h 0.664375 706890 4117 1070190
Ah5h 0.664375 706890 4117 1070190
Ah5s 0.664375 706890 4117 1070190
6d6c 0.663134 708622 1057.5 1070190
Tc5h 0.662616 699753 9372 1070190
Tc5s 0.662616 699753 9372 1070190
6h6c 0.662389 707829 1053.5 1070190
6s6c 0.662389 707829 1053.5 1070190
KcTc 0.659374 700341 5314 1070190
9c5s 0.656541 692061 10563 1070190
9c5h 0.656541 692061 10563 1070190
Td5c 0.65614 692548 9646.5 1070190
Th5c 0.655307 691657 9646.5 1070190
Ts5c 0.655307 691657 9646.5 1070190
Kd5s 0.653399 695202 4059 1070190
Kd5h 0.653399 695202 4059 1070190
Kh5s 0.652538 694281 4059 1070190
Kh5h 0.652538 694281 4059 1070190
Ks5h 0.652538 694281 4059 1070190
Ks5s 0.652538 694281 4059 1070190
9d5c 0.651243 686051 10902.5 1070190
8c5h 0.650927 684865 11751 1070190
8c5s 0.650927 684865 11751 1070190
9s5c 0.65041 685160 10902.5 1070190
9h5c 0.65041 685160 10902.5 1070190
6c5h 0.649631 680738 14490.5 1070190
6c5s 0.649631 680738 14490.5 1070190
6d5c 0.64829 678816 14978 1070190
Kc9c 0.648226 687964 5761.5 1070190
Qd5s 0.647834 688560 4746 1070190
Qd5h 0.647834 688560 4746 1070190
6h5c 0.647481 677954 14974 1070190
6s5c 0.647481 677954 14974 1070190
7h7d 0.647466 692439 472.5 1070190
7s7d 0.647466 692439 472.5 1070190
Qh5h 0.64698 687645 4746 1070190
Qs5s 0.64698 687645 4746 1070190
Qs5h 0.64698 687645 4746 1070190
Qh5s 0.64698 687645 4746 1070190
8d5c 0.646805 680050 12154.5 1070190
7s7h 0.646695 691614 472.5 1070190
8s5c 0.645973 679159 12154.5 1070190
8h5c 0.645973 679159 12154.5 1070190
7c5h 0.64571 678210 12822 1070190
7c5s 0.64571 678210 12822 1070190
7d5c 0.642713 674542 13282.5 1070190
7s5c 0.641874 673645 13282.5 1070190
7h5c 0.641874 673645 13282.5 1070190
6s6d 0.639945 683813 1049.5 1070190
6h6d 0.639945 683813 1049.5 1070190
5c4d 0.639762 668393 16273.5 1070190
6s6h 0.6392 683020 1045.5 1070190
5c3d 0.639193 667748 16309.5 1070190
5c4s 0.638987 667572 16265.5 1070190
5c4h 0.638987 667572 16265.5 1070190
5c3h 0.638412 666921 16301.5 1070190
5c3s 0.638412 666921 16301.5 1070190
5s4c 0.638061 667068 15778 1070190
5h4c 0.638061 667068 15778 1070190
Kc8c 0.636655 675222 6119.5 1070190
5s3c 0.636303 665151 15814 1070190
5h3c 0.636303 665151 15814 1070190
Td5s 0.635753 671076 9300 1070190
Td5h 0.635753 671076 9300 1070190
Ts5s 0.63492 670185 9300 1070190
Ts5h 0.63492 670185 9300 1070190
Th5s 0.63492 670185 9300 1070190
Th5h 0.63492 670185 9300 1070190
Kc6c 0.631672 668960 7049.5 1070190
9d5s 0.630973 664740 10521 1070190
9d5h 0.630973 664740 10521 1070190
Kc7c 0.630908 668803 6388 1070190
9h5s 0.63014 663849 10521 1070190
9h5h 0.63014 663849 10521 1070190
9s5h 0.63014 663849 10521 1070190
9s5s 0.63014 663849 10521 1070190
QcTc 0.628528 667456 5188.5 1070190
6d5h 0.628487 658061 14540 1070190
6d5s 0.628487 658061 14540 1070190
6s5s 0.627678 657199 14536 1070190
6s5h 0.627678 657199 14536 1070190
6h5s 0.627678 657199 14536 1070190
6h5h 0.627678 657199 14536 1070190
8d5h 0.626639 658884 11739 1070190
8d5s 0.626639 658884 11739 1070190
8h5s 0.625807 657993 11739 1070190
8h5h 0.625807 657993 11739 1070190
8s5s 0.625807 657993 11739 1070190
8s5h 0.625807 657993 11739 1070190
7d5s 0.622622 653487 12837 1070190
7d5h 0.622622 653487 12837 1070190
7h5h 0.621784 652590 12837 1070190
7h5s 0.621784 652590 12837 1070190
7s5s 0.621784 652590 12837 1070190
7s5h 0.621784 652590 12837 1070190
Kc4c 0.620715 654671 9611.5 1070190
5s4d 0.61966 647302 15851.5 1070190
5h4d 0.61966 647302 15851.5 1070190
Kc3c 0.619647 653528 9611.5 1070190
5h3d 0.619084 646648 15889 1070190
5s3d 0.619084 646648 15889 1070190
5s4s 0.618885 646481 15843.5 1070190
5s4h 0.618885 646481 15843.5 1070190
5h4h 0.618885 646481 15843.5 1070190
5h4s 0.618885 646481 15843.5 1070190
5s3s 0.618303 645821 15881 1070190
5h3h 0.618303 645821 15881 1070190
5h3s 0.618303 645821 15881 1070190
5s3h 0.618303 645821 15881 1070190
Qc9c 0.617247 654936 5636 1070190
Ac2d 0.606834 644483 4945 1070190
Ac2h 0.606055 643672 4922.5 1070190
Ac2s 0.606055 643672 4922.5 1070190
Qc8c 0.605676 642194 5994 1070190
4c3c 0.600302 636077 6360.5 1070190
Qc6c 0.594478 629280 6924 1070190
Qc7c 0.593479 628873 6262.5 1070190
Ad2d 0.593368 630190 4826 1070190
Kc2d 0.590933 627613 4798 1070190
Kc2s 0.590195 626849 4771.5 1070190
Kc2h 0.590195 626849 4771.5 1070190
Qc4c 0.584021 615527 9486 1070190
Tc9c 0.582996 617691 6225.5 1070190
Qc3c 0.582953 614384 9486 1070190
Qc2d 0.58281 618329 5388 1070190
Qc2s 0.582107 617607 5358 1070190
Qc2h 0.582107 617607 5358 1070190
Kd2d 0.578796 614703 4719 1070190
4d4c 0.575339 614017 1705.5 1070190
4s4c 0.574626 613262 1697.5 1070190
4h4c 0.574626 613262 1697.5 1070190
Qd2d 0.572013 606859 5303.5 1070190
Tc8c 0.571291 604806 6583.5 1070190
Ah2d 0.570828 605881 5013 1070190
As2d 0.570828 605881 5013 1070190
Ad2h 0.57082 605869 5016.5 1070190
Ad2s 0.57082 605869 5016.5 1070190
Ah2h 0.570049 605070 4990.5 1070190
Ah2s 0.570049 605070 4990.5 1070190
As2s 0.570049 605070 4990.5 1070190
As2h 0.570049 605070 4990.5 1070190
Tc2d 0.568377 598581 9690 1070190
Tc2s 0.567725 597926 9648 1070190
Tc2h 0.567725 597926 9648 1070190
AcKd 0.562378 595446 6405 1070190
AcKs 0.561564 594598 6382.5 1070190
AcKh 0.561564 594598 6382.5 1070190
9c2d 0.561388 589936 10856 1070190
AdKc 0.561307 594338 6367.5 1070190
9c2s 0.560774 589331 10804 1070190
9c2h 0.560774 589331 10804 1070190
AhKc 0.560529 593535 6337.5 1070190
AsKc 0.560529 593535 6337.5 1070190
Tc7c 0.559094 591485 6852 1070190
Td2d 0.558746 588289 9675 1070190
Ac4d 0.558283 582346 15123 1070190
3d3c 0.557968 595462 1669.5 1070190
Ac4s 0.557579 581627 15089 1070190
Ac4h 0.557579 581627 15089 1070190
Ac3d 0.557428 581431 15123 1070190
3h3c 0.557249 594701 1661.5 1070190
3s3c 0.557249 594701 1661.5 1070190
Ac3h 0.556719 580706 15089 1070190
Ac3s 0.556719 580706 15089 1070190
4c2d 0.556137 579284 15888.5 1070190
4c2h 0.555597 578788 15806.5 1070190
4c2s 0.555597 578788 15806.5 1070190
Kd2h 0.555557 589670 4882 1070190
Kd2s 0.555557 589670 4882 1070190
Kh2d 0.555499 589603 4886 1070190
Ks2d 0.555499 589603 4886 1070190
8c2d 0.555017 581956 12018 1070190
6c2d 0.554783 579044 14679 1070190
Ks2h 0.55476 588839 4859.5 1070190
Kh2s 0.55476 588839 4859.5 1070190
Kh2h 0.55476 588839 4859.5 1070190
Ks2s 0.55476 588839 4859.5 1070190
4d2d 0.55461 577875 15663 1070190
8c2s 0.554437 581397 11956 1070190
8c2h 0.554437 581397 11956 1070190
3c2d 0.554279 577349 15834.5 1070190
6c2h 0.554241 578542 14601 1070190
6c2s 0.554241 578542 14601 1070190
3d2d 0.55398 577253 15610.5 1070190
4h4d 0.553763 590944 1688 1070190
4s4d 0.553763 590944 1688 1070190
3c2h 0.553739 576853 15752.5 1070190
3c2s 0.553739 576853 15752.5 1070190
AcQd 0.553493 585938 6405 1070190
9d2d 0.55316 581179 10807.5 1070190
Tc6c 0.553103 584412 7513.5 1070190
4s4h 0.55305 590189 1680 1070190
AcQh 0.552686 585096 6382.5 1070190
AcQs 0.552686 585096 6382.5 1070190
9c8c 0.552199 584756 6201.5 1070190
AdQc 0.55101 583318 6367.5 1070190
AdKd 0.550862 583515 6011.5 1070190
6d2d 0.550581 574717 14509.5 1070190
AsQc 0.550264 582549 6337.5 1070190
AhQc 0.550264 582549 6337.5 1070190
7c2d 0.549211 574704 13056 1070190
Qd2h 0.548782 581810 5491 1070190
Qd2s 0.548782 581810 5491 1070190
Qh2d 0.548693 581707 5498.5 1070190
Qs2d 0.548693 581707 5498.5 1070190
7c2s 0.548659 574184 12985 1070190
7c2h 0.548659 574184 12985 1070190
8d2d 0.548176 574714 11939 1070190
Qs2s 0.54799 580985 5468.5 1070190
Qs2h 0.54799 580985 5468.5 1070190
Qh2h 0.54799 580985 5468.5 1070190
Qh2s 0.54799 580985 5468.5 1070190
6c4c 0.546418 576788 7983 1070190
Ad4d 0.546111 570102 14340.5 1070190
Ad3d 0.545273 569205 14340.5 1070190
Ad4c 0.544475 567810 14882 1070190
Ah4c 0.543862 567216 14820 1070190
As4c 0.543862 567216 14820 1070190
7d2d 0.543718 568930 12951.5 1070190
Tc4c 0.543013 571052 10075.5 1070190
Ad3c 0.542398 565587 14882 1070190
AdQd 0.54229 574342 6011.5 1070190
Tc3c 0.541945 569909 10075.5 1070190
As3c 0.541785 564993 14820 1070190
Ah3c 0.541785 564993 14820 1070190
9c7c 0.540137 571579 6470 1070190
6c3c 0.538038 567820 7983 1070190
3s3d 0.537024 573064 1653.5 1070190
3h3d 0.537024 573064 1653.5 1070190
3s3h 0.536305 572303 1645.5 1070190
Td2s 0.535604 563252 9946.5 1070190
Td2h 0.535604 563252 9946.5 1070190
Ts2d 0.535478 563097 9966 1070190
Th2d 0.535478 563097 9966 1070190
Th2h 0.534827 562442 9924 1070190
Th2s 0.534827 562442 9924 1070190
Ts2s 0.534827 562442 9924 1070190
Ts2h 0.534827 562442 9924 1070190
9c6c 0.533979 564327 7131.5 1070190
AcTd 0.533146 561837 8730 1070190
AcTh 0.532412 561074 8707.5 1070190
AcTs 0.532412 561074 8707.5 1070190
4d2h 0.532403 553447 16325.5 1070190
4d2s 0.532403 553447 16325.5 1070190
4h2d 0.532219 553197 16378 1070190
4s2d 0.532219 553197 16378 1070190
3d2s 0.531723 552772 16273 1070190
3d2h 0.531723 552772 16273 1070190
4s2h 0.531678 552701 16296 1070190
4h2s 0.531678 552701 16296 1070190
4h2h 0.531678 552701 16296 1070190
4s2s 0.531678 552701 16296 1070190
3h2d 0.531533 552516 16325.5 1070190
3s2d 0.531533 552516 16325.5 1070190
3h2s 0.530993 552020 16243.5 1070190
3s2s 0.530993 552020 16243.5 1070190
3h2h 0.530993 552020 16243.5 1070190
3s2h 0.530993 552020 16243.5 1070190
9d2s 0.529883 555926 11149 1070190
9d2h 0.529883 555926 11149 1070190
9s2d 0.529719 555721 11178.5 1070190
9h2d 0.529719 555721 11178.5 1070190
9h2s 0.529105 555116 11126.5 1070190
9s2s 0.529105 555116 11126.5 1070190
9s2h 0.529105 555116 11126.5 1070190
9h2h 0.529105 555116 11126.5 1070190
AdTc 0.528609 557101 8611.5 1070190
AhTc 0.527909 556387 8575.5 1070190
AsTc 0.527909 556387 8575.5 1070190
6d2h 0.527726 549679 15088.5 1070190
6d2s 0.527726 549679 15088.5 1070190
6s2d 0.527511 549397 15140.5 1070190
6h2d 0.527511 549397 15140.5 1070190
6h2h 0.52697 548895 15062.5 1070190
6h2s 0.52697 548895 15062.5 1070190
6s2h 0.52697 548895 15062.5 1070190
6s2s 0.52697 548895 15062.5 1070190
AhKd 0.526779 557445 6308.5 1070190
AsKd 0.526779 557445 6308.5 1070190
AdKh 0.526744 557400 6316 1070190
AdKs 0.526744 557400 6316 1070190
8c7c 0.526272 557213 5998.5 1070190
AhKh 0.525965 556597 6286 1070190
AhKs 0.525965 556597 6286 1070190
AsKs 0.525965 556597 6286 1070190
AsKh 0.525965 556597 6286 1070190
8d2s 0.524762 549245 12350.5 1070190
8d2h 0.524762 549245 12350.5 1070190
8h2d 0.524565 548994 12390 1070190
8s2d 0.524565 548994 12390 1070190
Ah4d 0.524042 545881 14943.5 1070190
As4d 0.524042 545881 14943.5 1070190
8s2s 0.523985 548435 12328 1070190
8h2h 0.523985 548435 12328 1070190
8s2h 0.523985 548435 12328 1070190
8h2s 0.523985 548435 12328 1070190
Ad4h 0.523951 545756 14971.5 1070190
Ad4s 0.523951 545756 14971.5 1070190
Ah4h 0.523338 545162 14909.5 1070190
As4h 0.523338 545162 14909.5 1070190
As4s 0.523338 545162 14909.5 1070190
Ah4s 0.523338 545162 14909.5 1070190
As3d 0.523159 544936 14943.5 1070190
Ah3d 0.523159 544936 14943.5 1070190
Ad3s 0.523063 544805 14971.5 1070190
Ad3h 0.523063 544805 14971.5 1070190
As3s 0.52245 544211 14909.5 1070190
Ah3s 0.52245 544211 14909.5 1070190
Ah3h 0.52245 544211 14909.5 1070190
As3h 0.52245 544211 14909.5 1070190
AdTd 0.521742 550123 8240.5 1070190
7d2h 0.52013 543212 13426 1070190
7d2s 0.52013 543212 13426 1070190
8c6c 0.519981 549819 6660 1070190
7h2d 0.519899 542916 13474.5 1070190
7s2d 0.519899 542916 13474.5 1070190
7h2h 0.519347 542396 13403.5 1070190
7h2s 0.519347 542396 13403.5 1070190
7s2h 0.519347 542396 13403.5 1070190
7s2s 0.519347 542396 13403.5 1070190
AsQd 0.517894 547937 6308.5 1070190
AhQd 0.517894 547937 6308.5 1070190
AdQh 0.517833 547864 6316 1070190
AdQs 0.517833 547864 6316 1070190
AsQs 0.517087 547095 6286 1070190
AhQh 0.517087 547095 6286 1070190
AhQs 0.517087 547095 6286 1070190
AsQh 0.517087 547095 6286 1070190
9c4c 0.516681 543253 9693.5 1070190
Ac9d 0.516235 543052 9417.5 1070190
9c3c 0.515613 542110 9693.5 1070190
Ac9h 0.515505 542293 9395 1070190
Ac9s 0.515505 542293 9395 1070190
Ad9c 0.510368 536909 9281.5 1070190
Ah9c 0.509699 536232 9243 1070190
As9c 0.509699 536232 9243 1070190
Ac8d 0.507688 533355 9967.5 1070190
Ac8s 0.506958 532596 9945 1070190
Ac8h 0.506958 532596 9945 1070190
Ad9d 0.505316 531889 8895.5 1070190
7c6c 0.50302 532710 5616.5 1070190
8c4c 0.502834 528959 9168.5 1070190
Ad8c 0.500525 525839 9817.5 1070190
As8c 0.499887 525197 9777 1070190
Ah8c 0.499887 525197 9777 1070190
Ac7d 0.499187 523845 10380 1070190
Ac7h 0.498451 523080 10357.5 1070190
Ac7s 0.498451 523080 10357.5 1070190
KcQd 0.497854 527361 5437 1070190
Ad8d 0.497107 522579 9419.5 1070190
KcQh 0.497078 526553 5414.5 1070190
KcQs 0.497078 526553 5414.5 1070190
AsTd 0.496986 523266 8603.5 1070190
AhTd 0.496986 523266 8603.5 1070190
AdTh 0.496953 523217 8617 1070190
AdTs 0.496953 523217 8617 1070190
KdQc 0.496339 525758 5419.5 1070190
AhTh 0.496252 522503 8581 1070190
AsTs 0.496252 522503 8581 1070190
AsTh 0.496252 522503 8581 1070190
AhTs 0.496252 522503 8581 1070190
KhQc 0.495562 524952 5393.5 1070190
KsQc 0.495562 524952 5393.5 1070190
Ac6d 0.494145 518192 10637.5 1070190
8c3c 0.49379 519281 9168.5 1070190
Ac6s 0.493438 517461 10611.5 1070190
Ac6h 0.493438 517461 10611.5 1070190
Ad7c 0.490806 515036 10219.5 1070190
As7c 0.490198 514427 10177.5 1070190
Ah7c 0.490198 514427 10177.5 1070190
KdQd 0.489352 518606 5094 1070190
Ad7d 0.488967 513475 9812.5 1070190
7c4c 0.485972 511957 8125 1070190
Ad6c 0.484097 507571 10505 1070190
Ad6d 0.48389 507780 10074.5 1070190
As6c 0.483513 506985 10465.5 1070190
Ah6c 0.483513 506985 10465.5 1070190
Ah9d 0.479698 504082 9286 1070190
As9d 0.479698 504082 9286 1070190
Ad9h 0.479636 504000 9302 1070190
Ad9s 0.479636 504000 9302 1070190
As9s 0.478968 503323 9263.5 1070190
As9h 0.478968 503323 9263.5 1070190
Ah9h 0.478968 503323 9263.5 1070190
Ah9s 0.478968 503323 9263.5 1070190
KcTd 0.477121 502848 7762 1070190
7c3c 0.476928 502279 8125 1070190
KcTs 0.476419 502119 7739.5 1070190
KcTh 0.476419 502119 7739.5 1070190
KdTc 0.473558 499134 7663.5 1070190
KsTc 0.472828 498384 7631.5 1070190
KhTc 0.472828 498384 7631.5 1070190
As8d 0.471143 494381 9832 1070190
Ah8d 0.471143 494381 9832 1070190
Ad8h 0.471051 494264 9850 1070190
Ad8s 0.471051 494264 9850 1070190
As8s 0.470413 493622 9809.5 1070190
Ah8h 0.470413 493622 9809.5 1070190
Ah8s 0.470413 493622 9809.5 1070190
As8h 0.470413 493622 9809.5 1070190
KdTd 0.468436 493992 7323 1070190
As7d 0.462624 484854 10241.5 1070190
Ah7d 0.462624 484854 10241.5 1070190
Ad7s 0.462496 484698 10261 1070190
Ad7h 0.462496 484698 10261 1070190
KdQh 0.46222 489325 5338.5 1070190
KdQs 0.46222 489325 5338.5 1070190
KsQd 0.462219 489327 5335 1070190
KhQd 0.462219 489327 5335 1070190
Ah7h 0.461888 484089 10219 1070190
As7h 0.461888 484089 10219 1070190
Ah7s 0.461888 484089 10219 1070190
As7s 0.461888 484089 10219 1070190
KsQh 0.461443 488519 5312.5 1070190
KhQs 0.461443 488519 5312.5 1070190
KsQs 0.461443 488519 5312.5 1070190
KhQh 0.461443 488519 5312.5 1070190
Kc9d 0.459821 483646 8449.5 1070190
Kc9s 0.459121 482920 8427 1070190
Kc9h 0.459121 482920 8427 1070190
As6d 0.457597 479198 10518 1070190
Ah6d 0.457597 479198 10518 1070190
Ad6h 0.457474 479053 10531.5 1070190
Ad6s 0.457474 479053 10531.5 1070190
Ah6h 0.45689 478467 10492 1070190
Ah6s 0.45689 478467 10492 1070190
As6s 0.45689 478467 10492 1070190
As6h 0.45689 478467 10492 1070190
Kd9c 0.454941 478540 8333.5 1070190
Ks9c 0.454245 477829 8299 1070190
Kh9c 0.454245 477829 8299 1070190
Kd9d 0.45164 475363 7978 1070190
Kc8d 0.441877 463893 8999.5 1070190
Kc8s 0.441182 463172 8977 1070190
Kc8h 0.441182 463172 8977 1070190
KdTs 0.440946 464256 7639.5 1070190
KdTh 0.440946 464256 7639.5 1070190
KsTd 0.440917 464235 7630 1070190
KhTd 0.440917 464235 7630 1070190
KhTh 0.440215 463506 7607.5 1070190
KhTs 0.440215 463506 7607.5 1070190
KsTh 0.440215 463506 7607.5 1070190
KsTs 0.440215 463506 7607.5 1070190
Kc6d 0.436577 456744 10476 1070190
Kc6s 0.435902 456048 10450 1070190
Kc6h 0.435902 456048 10450 1070190
Kd8c 0.435683 457394 8869.5 1070190
Ks8c 0.435018 456719 8833 1070190
Kh8c 0.435018 456719 8833 1070190
QcTd 0.43427 457151 7600.5 1070190
Kd8d 0.434207 456182 8502 1070190
QcTh 0.433597 456453 7578 1070190
QcTs 0.433597 456453 7578 1070190
Kc7d 0.433209 454204 9412 1070190
Kc7s 0.432509 453477 9389.5 1070190
Kc7h 0.432509 453477 9389.5 1070190
QdTc 0.432113 454939 7504.5 1070190
QsTc 0.431384 454190 7473 1070190
QhTc 0.431384 454190 7473 1070190
Kd6d 0.429077 449272 9921.5 1070190
QdTd 0.428145 451027 7170 1070190
Kd6c 0.4275 447160 10346 1070190
Ks6c 0.426886 446542 10307 1070190
Kh6c 0.426886 446542 10307 1070190
Kd7d 0.42591 446910 8895 1070190
Kd7c 0.425801 446417 9271.5 1070190
Ks7c 0.425167 445776 9233.5 1070190
Kh7c 0.425167 445776 9233.5 1070190
Kc4d 0.424942 440284 14484.5 1070190
Kc4h 0.424292 439618 14455 1070190
Kc4s 0.424292 439618 14455 1070190
4d3d 0.424185 445400 8558.5 1070190
Kc3d 0.423453 438691 14484.5 1070190
Kh9d 0.423237 444631 8312.5 1070190
Ks9d 0.423237 444631 8312.5 1070190
Kd9h 0.423234 444616 8324.5 1070190
Kd9s 0.423234 444616 8324.5 1070190
Kc3h 0.422798 438019 14455 1070190
Kc3s 0.422798 438019 14455 1070190
Kh9h 0.422537 443905 8290 1070190
Kh9s 0.422537 443905 8290 1070190
Ks9s 0.422537 443905 8290 1070190
Ks9h 0.422537 443905 8290 1070190
4c3d 0.420295 440906 8889.5 1070190
4c3s 0.419731 440341 8851 1070190
4c3h 0.419731 440341 8851 1070190
4d3c 0.419088 439614 8889.5 1070190
4s3c 0.418528 439054 8851 1070190
4h3c 0.418528 439054 8851 1070190
Kd4d 0.417218 432793 13710 1070190
Qc9d 0.416752 437716 8288 1070190
Qc9h 0.416082 437021 8265.5 1070190
Qc9s 0.416082 437021 8265.5 1070190
Kd3d 0.415705 431173 13710 1070190
Qd9c 0.413278 434112 8174.5 1070190
Qs9c 0.412583 433402 8140.5 1070190
Qh9c 0.412583 433402 8140.5 1070190
Kd4c 0.412293 426968 14263.5 1070190
Kh4c 0.411712 426400 14210 1070190
Ks4c 0.411712 426400 14210 1070190
Qd9d 0.411138 432171 7825 1070190
Kd3c 0.409509 423989 14263.5 1070190
Kh3c 0.408928 423421 14210 1070190
Ks3c 0.408928 423421 14210 1070190
Ks8d 0.404865 424424 8858.5 1070190
Kh8d 0.404865 424424 8858.5 1070190
Kd8s 0.404835 424378 8872.5 1070190
Kd8h 0.404835 424378 8872.5 1070190
Ks8h 0.40417 423703 8836 1070190
Ks8s 0.40417 423703 8836 1070190
Kh8h 0.40417 423703 8836 1070190
Kh8s 0.40417 423703 8836 1070190
Ks6d 0.39992 417631 10359.5 1070190
Kh6d 0.39992 417631 10359.5 1070190
Kd6s 0.399859 417553 10372.5 1070190
Kd6h 0.399859 417553 10372.5 1070190
Kh6s 0.399245 416935 10333.5 1070190
Kh6h 0.399245 416935 10333.5 1070190
Ks6s 0.399245 416935 10333.5 1070190
Ks6h 0.399245 416935 10333.5 1070190
QdTs 0.39896 419482 7480.5 1070190
QdTh 0.39896 419482 7480.5 1070190
QhTd 0.398903 419431 7471.5 1070190
QsTd 0.398903 419431 7471.5 1070190
4s3d 0.398895 418132 8761 1070190
4h3d 0.398895 418132 8761 1070190
4d3s 0.39889 418127 8761 1070190
4d3h 0.39889 418127 8761 1070190
Qc8d 0.398804 417958 8838 1070190
4h3s 0.398331 417567 8722.5 1070190
4s3h 0.398331 417567 8722.5 1070190
4h3h 0.398331 417567 8722.5 1070190
4s3s 0.398331 417567 8722.5 1070190
QsTs 0.39823 418733 7449 1070190
QhTs 0.39823 418733 7449 1070190
QsTh 0.39823 418733 7449 1070190
QhTh 0.39823 418733 7449 1070190
Qc8s 0.398137 417267 8815.5 1070190
Qc8h 0.398137 417267 8815.5 1070190
Kh7d 0.396178 414718 9268 1070190
Ks7d 0.396178 414718 9268 1070190
Kd7h 0.396112 414632 9283.5 1070190
Kd7s 0.396112 414632 9283.5 1070190
Ks7s 0.395478 413991 9245.5 1070190
Kh7s 0.395478 413991 9245.5 1070190
Kh7h 0.395478 413991 9245.5 1070190
Ks7h 0.395478 413991 9245.5 1070190
Qd8c 0.394025 412971 8710.5 1070190
Qd8d 0.393705 412990 8349 1070190
Qh8c 0.393362 412298 8674.5 1070190
Qs8c 0.393362 412298 8674.5 1070190
Kh4d 0.3883 401193 14361.5 1070190
Ks4d 0.3883 401193 14361.5 1070190
Kd4s 0.388231 401095 14385.5 1070190
Kd4h 0.388231 401095 14385.5 1070190
Ks4s 0.38765 400527 14332 1070190
Ks4h 0.38765 400527 14332 1070190
Kh4h 0.38765 400527 14332 1070190
Kh4s 0.38765 400527 14332 1070190
Ks3d 0.386741 399525 14361.5 1070190
Kh3d 0.386741 399525 14361.5 1070190
Kd3h 0.386666 399421 14385.5 1070190
Kd3s 0.386666 399421 14385.5 1070190
Ks3s 0.386086 398853 14332 1070190
Ks3h 0.386086 398853 14332 1070190
Kh3h 0.386086 398853 14332 1070190
Kh3s 0.386086 398853 14332 1070190
Qc6d 0.383454 400054 10314.5 1070190
Qc6s 0.382812 399393 10288.5 1070190
Qc6h 0.382812 399393 10288.5 1070190
Qd9s 0.381022 399600 8165.5 1070190
Qd9h 0.381022 399600 8165.5 1070190
Qh9d 0.380997 399585 8154 1070190
Qs9d 0.380997 399585 8154 1070190
Qh9s 0.380326 398890 8131.5 1070190
Qh9h 0.380326 398890 8131.5 1070190
Qs9s 0.380326 398890 8131.5 1070190
Qs9h 0.380326 398890 8131.5 1070190
Qc7d 0.379706 397107 9250.5 1070190
Qc7h 0.379039 396416 9228 1070190
Qc7s 0.379039 396416 9228 1070190
Qd6d 0.378715 395528 9768.5 1070190
Qd6c 0.375773 391962 10187 1070190
Qd7d 0.375179 392771 8742 1070190
Qh6c 0.375163 391347 10148.5 1070190
Qs6c 0.375163 391347 10148.5 1070190
Qd7c 0.37369 390807 9112.5 1070190
Qh7c 0.373059 390169 9075 1070190
Qs7c 0.373059 390169 9075 1070190
Qc4d 0.372635 384467 14323 1070190
Qc4s 0.372017 383835 14293.5 1070190
Qc4h 0.372017 383835 14293.5 1070190
Qc3d 0.371146 382874 14323 1070190
Qc3h 0.370523 382236 14293.5 1070190
Qc3s 0.370523 382236 14293.5 1070190
Tc9d 0.370295 387216 9070 1070190
Tc9s 0.369662 386561 9047.5 1070190
Tc9h 0.369662 386561 9047.5 1070190
Td9c 0.368922 385809 9007.5 1070190
Ts9c 0.368297 385173 8975 1070190
Th9c 0.368297 385173 8975 1070190
Qd4d 0.36765 379898 13557 1070190
Td9d 0.366982 384091 8649.5 1070190
Qd3d 0.366136 378278 13557 1070190
Qs8d 0.362626 379379 8700 1070190
Qh8d 0.362626 379379 8700 1070190
Qd8s 0.362622 379361 8713.5 1070190
Qd8h 0.362622 379361 8713.5 1070190
Qs8h 0.36196 378688 8677.5 1070190
Qs8s 0.36196 378688 8677.5 1070190
Qh8h 0.36196 378688 8677.5 1070190
Qh8s 0.36196 378688 8677.5 1070190
Qd4c 0.361387 372648 14104.5 1070190
Qs4c 0.360809 372083 14051.5 1070190
Qh4c 0.360809 372083 14051.5 1070190
Qd3c 0.358603 369669 14104.5 1070190
Qh3c 0.358026 369104 14051.5 1070190
Qs3c 0.358026 369104 14051.5 1070190
Tc8d 0.352129 367225 9620 1070190
Tc8h 0.3515 366574 9597.5 1070190
Tc8s 0.3515 366574 9597.5 1070190
Td8c 0.349451 364435 9543.5 1070190
Td8d 0.349337 364683 9173.5 1070190
Ts8c 0.348859 363836 9509 1070190
Th8c 0.348859 363836 9509 1070190
Qs6d 0.347186 361354 10201 1070190
Qh6d 0.347186 361354 10201 1070190
Qd6h 0.347155 361308 10213.5 1070190
Qd6s 0.347155 361308 10213.5 1070190
Qs6h 0.346544 360693 10175 1070190
Qh6s 0.346544 360693 10175 1070190
Qh6h 0.346544 360693 10175 1070190
Qs6s 0.346544 360693 10175 1070190
Qs7d 0.34305 358019 9109.5 1070190
Qh7d 0.34305 358019 9109.5 1070190
Qd7s 0.343014 357966 9124.5 1070190
Qd7h 0.343014 357966 9124.5 1070190
Qh7h 0.342383 357328 9087 1070190
Qh7s 0.342383 357328 9087 1070190
Qs7h 0.342383 357328 9087 1070190
Qs7s 0.342383 357328 9087 1070190
Qs4d 0.336412 345822 14203 1070190
Qh4d 0.336412 345822 14203 1070190
Qd4h 0.336372 345755 14226.5 1070190
Qd4s 0.336372 345755 14226.5 1070190
Qh4h 0.335794 345190 14173.5 1070190
Qs4h 0.335794 345190 14173.5 1070190
Qs4s 0.335794 345190 14173.5 1070190
Qh4s 0.335794 345190 14173.5 1070190
Th9d 0.335753 350358 8962 1070190
Ts9d 0.335753 350358 8962 1070190
Td9s 0.335745 350339 8972 1070190
Td9h 0.335745 350339 8972 1070190
6d4d 0.335206 347624 11110.5 1070190
Th9s 0.33512 349703 8939.5 1070190
Ts9s 0.33512 349703 8939.5 1070190
Th9h 0.33512 349703 8939.5 1070190
Ts9h 0.33512 349703 8939.5 1070190
Qs3d 0.334854 344154 14203 1070190
Qh3d 0.334854 344154 14203 1070190
Qd3s 0.334807 344081 14226.5 1070190
Qd3h 0.334807 344081 14226.5 1070190
Qs3h 0.33423 343516 14173.5 1070190
Qs3s 0.33423 343516 14173.5 1070190
Qh3h 0.33423 343516 14173.5 1070190
Qh3s 0.33423 343516 14173.5 1070190
Tc7d 0.333026 346369 10032.5 1070190
Tc7h 0.332396 345717 10010 1070190
Tc7s 0.332396 345717 10010 1070190
6c4d 0.332157 343817 11654.5 1070190
6c4h 0.331619 343271 11624 1070190
6c4s 0.331619 343271 11624 1070190
Td7d 0.330811 344464 9566.5 1070190
Td7c 0.329121 342276 9945.5 1070190
6d4c 0.328741 340290 11525.5 1070190
Th7c 0.328561 341713 9909.5 1070190
Ts7c 0.328561 341713 9909.5 1070190
6h4c 0.328201 339760 11477.5 1070190
6s4c 0.328201 339760 11477.5 1070190
9c8d 0.326532 340387 9064 1070190
9c8h 0.32593 339765 9041.5 1070190
9c8s 0.32593 339765 9041.5 1070190
9d8d 0.325871 340099 8645 1070190
Tc6d 0.325524 337276 11096.5 1070190
9d8c 0.325186 339011 9000 1070190
Tc6s 0.324924 336660 11070.5 1070190
Tc6h 0.324924 336660 11070.5 1070190
9s8c 0.324592 338408 8967.5 1070190
9h8c 0.324592 338408 8967.5 1070190
Td6d 0.323324 335425 10593 1070190
6d3d 0.321803 333280 11110.5 1070190
Td6c 0.319935 331371 11020 1070190
Ts6c 0.319397 330833 10983 1070190
Th6c 0.319397 330833 10983 1070190
6c3d 0.318455 329153 11654.5 1070190
6c3h 0.317918 328609 11624 1070190
6c3s 0.317918 328609 11624 1070190
Ts8d 0.317157 329910 9508 1070190
Th8d 0.317157 329910 9508 1070190
Td8s 0.317119 329858 9520 1070190
Td8h 0.317119 329858 9520 1070190
Ts8s 0.316527 329259 9485.5 1070190
Ts8h 0.316527 329259 9485.5 1070190
Th8s 0.316527 329259 9485.5 1070190
Th8h 0.316527 329259 9485.5 1070190
Tc4d 0.315303 322329 15105 1070190
Tc4h 0.314726 321741 15075.5 1070190
Tc4s 0.314726 321741 15075.5 1070190
Tc3d 0.313814 320736 15105 1070190
6d3c 0.313812 324313 11525.5 1070190
6s3c 0.313278 323790 11477.5 1070190
6h3c 0.313278 323790 11477.5 1070190
Tc3s 0.313232 320142 15075.5 1070190
Tc3h 0.313232 320142 15075.5 1070190
Td4d 0.31284 320417 14381.5 1070190
Td3d 0.311326 318797 14381.5 1070190
9c7d 0.307647 319764 9476.5 1070190
9d7d 0.307557 320106 9038 1070190
9c7s 0.307044 319141 9454 1070190
9c7h 0.307044 319141 9454 1070190
Td4c 0.306151 312702 14937.5 1070190
Th4c 0.305647 312214 14886 1070190
Ts4c 0.305647 312214 14886 1070190
9d7c 0.305074 317085 9402 1070190
9h7c 0.304512 316518 9368 1070190
9s7c 0.304512 316518 9368 1070190
6d4h 0.304359 314199 11523 1070190
6d4s 0.304359 314199 11523 1070190
6s4d 0.304358 314215 11505.5 1070190
6h4d 0.304358 314215 11505.5 1070190
6s4s 0.303819 313669 11475 1070190
6h4s 0.303819 313669 11475 1070190
6h4h 0.303819 313669 11475 1070190
6s4h 0.303819 313669 11475 1070190
Td3c 0.303367 309723 14937.5 1070190
Ts3c 0.302863 309235 14886 1070190
Th3c 0.302863 309235 14886 1070190
9c6d 0.299867 310374 10540.5 1070190
9d6d 0.299802 310781 10064.5 1070190
9c6h 0.299292 309785 10514.5 1070190
9c6s 0.299292 309785 10514.5 1070190
Th7d 0.297581 308551 9917.5 1070190
Ts7d 0.297581 308551 9917.5 1070190
Td7h 0.297511 308462 9931 1070190
Td7s 0.297511 308462 9931 1070190
Ts7h 0.296951 307899 9895 1070190
Ts7s 0.296951 307899 9895 1070190
Th7s 0.296951 307899 9895 1070190
Th7h 0.296951 307899 9895 1070190
9d6c 0.295625 305898 10476.5 1070190
9h6c 0.295086 305357 10441.5 1070190
9s6c 0.295086 305357 10441.5 1070190
9s8d 0.292731 304320 8957.5 1070190
9h8d 0.292731 304320 8957.5 1070190
9d8s 0.292722 304301 8967.5 1070190
9d8h 0.292722 304301 8967.5 1070190
9s8h 0.292129 303698 8935 1070190
9s8s 0.292129 303698 8935 1070190
9h8s 0.292129 303698 8935 1070190
9h8h 0.292129 303698 8935 1070190
8d7d 0.291504 303586 8378.5 1070190
6s3d 0.290114 298972 11505.5 1070190
6h3d 0.290114 298972 11505.5 1070190
6d3h 0.290111 298951 11523 1070190
6d3s 0.290111 298951 11523 1070190
Ts6d 0.289982 299327 11009 1070190
Th6d 0.289982 299327 11009 1070190
Td6h 0.28992 299249 11020 1070190
Td6s 0.28992 299249 11020 1070190
8c7d 0.289696 301247 8783 1070190
6h3s 0.289578 298428 11475 1070190
6s3h 0.289578 298428 11475 1070190
6s3s 0.289578 298428 11475 1070190
6h3h 0.289578 298428 11475 1070190
Th6s 0.289382 298711 10983 1070190
Th6h 0.289382 298711 10983 1070190
Ts6s 0.289382 298711 10983 1070190
Ts6h 0.289382 298711 10983 1070190
8c7s 0.289119 300652 8760.5 1070190
8c7h 0.289119 300652 8760.5 1070190
8d7c 0.288429 299949 8724.5 1070190
8h7c 0.287864 299376 8693 1070190
8s7c 0.287864 299376 8693 1070190
8d6d 0.283537 294033 9405 1070190
8c6d 0.281694 291619 9847 1070190
8c6h 0.281144 291057 9821 1070190
8c6s 0.281144 291057 9821 1070190
Ts4d 0.279829 284459 15011 1070190
Th4d 0.279829 284459 15011 1070190
Td4h 0.279756 284359 15033 1070190
Td4s 0.279756 284359 15033 1070190
Th4s 0.279252 283871 14981.5 1070190
Ts4s 0.279252 283871 14981.5 1070190
Ts4h 0.279252 283871 14981.5 1070190
Th4h 0.279252 283871 14981.5 1070190
8d6c 0.278766 288534 9799 1070190
Ts3d 0.27827 282791 15011 1070190
Th3d 0.27827 282791 15011 1070190
8s6c 0.278226 287988 9766.5 1070190
8h6c 0.278226 287988 9766.5 1070190
Td3h 0.278192 282685 15033 1070190
Td3s 0.278192 282685 15033 1070190
9c4d 0.277848 282801 14549 1070190
9d4d 0.277753 283395 13853 1070190
Th3h 0.277688 282197 14981.5 1070190
Ts3h 0.277688 282197 14981.5 1070190
Ts3s 0.277688 282197 14981.5 1070190
Th3s 0.277688 282197 14981.5 1070190
9c4h 0.277303 282247 14519.5 1070190
9c4s 0.277303 282247 14519.5 1070190
9c3d 0.276359 281208 14549 1070190
9d3d 0.276239 281775 13853 1070190
9c3h 0.275809 280648 14519.5 1070190
9c3s 0.275809 280648 14519.5 1070190
9s7d 0.273381 283203 9367 1070190
9h7d 0.273381 283203 9367 1070190
9d7s 0.27334 283147 9378.5 1070190
9d7h 0.27334 283147 9378.5 1070190
9s7s 0.272778 282580 9344.5 1070190
9s7h 0.272778 282580 9344.5 1070190
9h7s 0.272778 282580 9344.5 1070190
9h7h 0.272778 282580 9344.5 1070190
9d4c 0.270024 274583 14394 1070190
9s4c 0.269522 274095 14344.5 1070190
9h4c 0.269522 274095 14344.5 1070190
9d3c 0.26724 271604 14394 1070190
9s3c 0.266738 271116 14344.5 1070190
9h3c 0.266738 271116 14344.5 1070190
9s6d 0.265499 273676 10458.5 1070190
9h6d 0.265499 273676 10458.5 1070190
9d6h 0.265463 273628 10467.5 1070190
9d6s 0.265463 273628 10467.5 1070190
9s6h 0.264924 273087 10432.5 1070190
9h6s 0.264924 273087 10432.5 1070190
9h6h 0.264924 273087 10432.5 1070190
9s6s 0.264924 273087 10432.5 1070190
8d4d 0.261722 266983 13109.5 1070190
7d6d 0.261447 271948 7850 1070190
8c4d 0.259916 264394 13766 1070190
8c4h 0.259395 263865 13736.5 1070190
8c4s 0.259395 263865 13736.5 1070190
7c6d 0.257625 267481 8227 1070190
7c6h 0.257104 266946 8204.5 1070190
7c6s 0.257104 266946 8204.5 1070190
8h7d 0.256759 266101 8680 1070190
8s7d 0.256759 266101 8680 1070190
8d7s 0.256747 266079 8689 1070190
8d7h 0.256747 266079 8689 1070190
8h7h 0.256182 265506 8657.5 1070190
8h7s 0.256182 265506 8657.5 1070190
8s7h 0.256182 265506 8657.5 1070190
8s7s 0.256182 265506 8657.5 1070190
7d6c 0.255949 265733 8181 1070190
7h6c 0.255408 265184 8151.5 1070190
7s6c 0.255408 265184 8151.5 1070190
8d4c 0.253419 257577 13629.5 1070190
8s4c 0.252915 257084 13583 1070190
8h4c 0.252915 257084 13583 1070190
8s6d 0.248652 256333 9771.5 1070190
8h6d 0.248652 256333 9771.5 1070190
8d6s 0.248643 256317 9778 1070190
8d6h 0.248643 256317 9778 1070190
8s6s 0.248102 255771 9745.5 1070190
8s6h 0.248102 255771 9745.5 1070190
8h6s 0.248102 255771 9745.5 1070190
8h6h 0.248102 255771 9745.5 1070190
8d3d 0.247431 251689 13109.5 1070190
8c3d 0.245368 248824 13766 1070190
8c3s 0.244849 248298 13736.5 1070190
8c3h 0.244849 248298 13736.5 1070190
9s4d 0.243049 245648 14460.5 1070190
9h4d 0.243049 245648 14460.5 1070190
9d4s 0.243006 245582 14480.5 1070190
9d4h 0.243006 245582 14480.5 1070190
9h4h 0.242504 245094 14431 1070190
9h4s 0.242504 245094 14431 1070190
9s4h 0.242504 245094 14431 1070190
9s4s 0.242504 245094 14431 1070190
9h3d 0.24149 243980 14460.5 1070190
9s3d 0.24149 243980 14460.5 1070190
9d3s 0.241442 243908 14480.5 1070190
9d3h 0.241442 243908 14480.5 1070190
9h3h 0.240939 243420 14431 1070190
9s3s 0.240939 243420 14431 1070190
9s3h 0.240939 243420 14431 1070190
9h3s 0.240939 243420 14431 1070190
7d4d 0.23979 245066 11554.5 1070190
8d3c 0.237561 240606 13629.5 1070190
8h3c 0.237063 240119 13583 1070190
8s3c 0.237063 240119 13583 1070190
7c4d 0.23601 240430 12146 1070190
7c4h 0.235516 239927 12120 1070190
7c4s 0.235516 239927 12120 1070190
7d4c 0.230769 234955 12011.5 1070190
7s4c 0.230265 234459 11968 1070190
7h4c 0.230265 234459 11968 1070190
8h4d 0.226454 228665 13684 1070190
8s4d 0.226454 228665 13684 1070190
8d4s 0.226436 228629 13701 1070190
8d4h 0.226436 228629 13701 1070190
8s4s 0.225932 228136 13654.5 1070190
8s4h 0.225932 228136 13654.5 1070190
8h4h 0.225932 228136 13654.5 1070190
8h4s 0.225932 228136 13654.5 1070190
7d6s 0.225499 233190 8136.5 1070190
7d3d 0.225499 229772 11554.5 1070190
7d6h 0.225499 233190 8136.5 1070190
7s6d 0.225479 233176 8129.5 1070190
7h6d 0.225479 233176 8129.5 1070190
7h6s 0.224958 232641 8107 1070190
7h6h 0.224958 232641 8107 1070190
7s6s 0.224958 232641 8107 1070190
7s6h 0.224958 232641 8107 1070190
7c3d 0.221462 224860 12146 1070190
7c3h 0.22097 224360 12120 1070190
7c3s 0.22097 224360 12120 1070190
7d3c 0.214911 217984 12011.5 1070190
7s3c 0.214412 217494 11968 1070190
7h3c 0.214412 217494 11968 1070190
8s3d 0.211308 212456 13684 1070190
8h3d 0.211308 212456 13684 1070190
8d3s 0.211288 212417 13701 1070190
8d3h 0.211288 212417 13701 1070190
8h3h 0.210789 211930 13654.5 1070190
8s3h 0.210789 211930 13654.5 1070190
8s3s 0.210789 211930 13654.5 1070190
8h3s 0.210789 211930 13654.5 1070190
7d4s 0.20346 205681 12059.5 1070190
7d4h 0.20346 205681 12059.5 1070190
7h4d 0.20345 205688 12042 1070190
7s4d 0.20345 205688 12042 1070190
7h4h 0.202956 205185 12016 1070190
7s4s 0.202956 205185 12016 1070190
7h4s 0.202956 205185 12016 1070190
7s4h 0.202956 205185 12016 1070190
7d3s 0.188311 189469 12059.5 1070190
7d3h 0.188311 189469 12059.5 1070190
7h3d 0.188304 189479 12042 1070190
7s3d 0.188304 189479 12042 1070190
7h3h 0.187812 188979 12016 1070190
7h3s 0.187812 188979 12016 1070190
7s3h 0.187812 188979 12016 1070190
7s3s 0.187812 188979 12016 1070190
