4c3c 0.944835 993768 17384.5 1070190
4c3d 0.928666 972552 21297 1070190
4c3s 0.927881 971832 21176.5 1070190
4c3h 0.927881 971832 21176.5 1070190
4d3c 0.927483 971286 21297 1070190
4s3c 0.926703 970572 21176.5 1070190
4h3c 0.926703 970572 21176.5 1070190
4d3d 0.919903 963905 20565.5 1070190
4s3d 0.918579 962286 20768 1070190
4h3d 0.918579 962286 20768 1070190
4d3h 0.918573 962280 20768 1070190
4d3s 0.918573 962280 20768 1070190
4s3h 0.917794 961566 20647.5 1070190
4s3s 0.917794 961566 20647.5 1070190
4h3h 0.917794 961566 20647.5 1070190
4h3s 0.917794 961566 20647.5 1070190
AhAd 0.913885 971739 6292 1070190
AsAd 0.913885 971739 6292 1070190
AsAh 0.913522 971354 6288 1070190
5h5c 0.913353 971349 6112.5 1070190
5s5c 0.913353 971349 6112.5 1070190
5s5h 0.904149 961259 6352.5 1070190
2s2d 0.897897 954508 6412 1070190
2h2d 0.897897 954508 6412 1070190
2s2h 0.89753 954120 6408 1070190
Ad5c 0.879145 932206 8646 1070190
Ah5c 0.878701 931735 8642 1070190
As5c 0.878701 931735 8642 1070190
Ad5h 0.868928 920988 8930 1070190
Ad5s 0.868928 920988 8930 1070190
Ah5s 0.868484 920517 8926 1070190
Ah5h 0.868484 920517 8926 1070190
As5h 0.868484 920517 8926 1070190
As5s 0.868484 920517 8926 1070190
Ad2d 0.858979 908521 10750 1070190
Ah2d 0.85262 901231 11234 1070190
As2d 0.85262 901231 11234 1070190
Ad2s 0.852617 901228 11234 1070190
Ad2h 0.852617 901228 11234 1070190
Ah2h 0.852274 900887 11208 1070190
As2h 0.852274 900887 11208 1070190
As2s 0.852274 900887 11208 1070190
Ah2s 0.852274 900887 11208 1070190
AdKc 0.838798 888360 9313 1070190
AsKc 0.838054 887590 9287 1070190
AhKc 0.838054 887590 9287 1070190
AdQc 0.831466 879745 10082 1070190
AhQc 0.830759 879018 10052 1070190
AsQc 0.830759 879018 10052 1070190
Ad4c 0.825695 860920 22731 1070190
As4c 0.825138 860386 22668.5 1070190
Ah4c 0.825138 860386 22668.5 1070190
AdJc 0.824419 871526 10759 1070190
Ad3c 0.824106 859219 22731 1070190
AsJc 0.823747 870840 10725.5 1070190
AhJc 0.823747 870840 10725.5 1070190
Ah3c 0.823549 858685 22668.5 1070190
As3c 0.823549 858685 22668.5 1070190
AdKd 0.820705 869197 9113 1070190
Ad4d 0.820163 855711 22019.5 1070190
Ad3d 0.819793 855315 22019.5 1070190
AdTc 0.817656 863703 11344 1070190
AhTc 0.817017 863056 11307.5 1070190
AsTc 0.817017 863056 11307.5 1070190
5c2d 0.81597 860593 12649.5 1070190
5c2h 0.815564 860163 12645.5 1070190
5c2s 0.815564 860163 12645.5 1070190
AdQd 0.814921 862243 9877 1070190
Ah4d 0.812572 846728 22878 1070190
As4d 0.812572 846728 22878 1070190
Ad4s 0.812464 846626 22864.5 1070190
Ad4h 0.812464 846626 22864.5 1070190
As3d 0.812157 846284 22878 1070190
Ah3d 0.812157 846284 22878 1070190
Ad3s 0.812043 846176 22864.5 1070190
Ad3h 0.812043 846176 22864.5 1070190
As4h 0.811906 846092 22802 1070190
As4s 0.811906 846092 22802 1070190
Ah4s 0.811906 846092 22802 1070190
Ah4h 0.811906 846092 22802 1070190
AsKd 0.811652 858981 9641 1070190
AhKd 0.811652 858981 9641 1070190
AdKh 0.811593 858918 9641 1070190
AdKs 0.811593 858918 9641 1070190
Ah3h 0.811486 845642 22802 1070190
Ah3s 0.811486 845642 22802 1070190
As3s 0.811486 845642 22802 1070190
As3h 0.811486 845642 22802 1070190
Ad9c 0.811177 856276 11837 1070190
AsKs 0.810849 858148 9615 1070190
AhKh 0.810849 858148 9615 1070190
AhKs 0.810849 858148 9615 1070190
AsKh 0.810849 858148 9615 1070190
Ah9c 0.81057 855666 11798 1070190
As9c 0.81057 855666 11798 1070190
AdJd 0.809392 855653 10550 1070190
AhQd 0.805613 851726 10433 1070190
AsQd 0.805613 851726 10433 1070190
AdQs 0.805518 851620 10437 1070190
AdQh 0.805518 851620 10437 1070190
Ad8c 0.805259 849542 12238 1070190
AhQh 0.80481 850893 10407 1070190
AhQs 0.80481 850893 10407 1070190
AsQh 0.80481 850893 10407 1070190
AsQs 0.80481 850893 10407 1070190
As8c 0.804683 848967 12197 1070190
Ah8c 0.804683 848967 12197 1070190
5h2d 0.804581 848319 12735.5 1070190
5s2d 0.804581 848319 12735.5 1070190
5s2s 0.804175 847889 12731.5 1070190
5s2h 0.804175 847889 12731.5 1070190
5h2h 0.804175 847889 12731.5 1070190
5h2s 0.804175 847889 12731.5 1070190
AdTd 0.804118 849427 11132 1070190
Ad6c 0.800722 849339 7586 1070190
Ah6c 0.8002 848820 7546 1070190
As6c 0.8002 848820 7546 1070190
AhJd 0.799839 844849 11130.5 1070190
AsJd 0.799839 844849 11130.5 1070190
AdJh 0.799708 844702 11138 1070190
AdJs 0.799708 844702 11138 1070190
Ad7c 0.799348 842907 12547 1070190
Ad9d 0.799105 843571 11623 1070190
AsJh 0.799036 844016 11104.5 1070190
AsJs 0.799036 844016 11104.5 1070190
AhJs 0.799036 844016 11104.5 1070190
AhJh 0.799036 844016 11104.5 1070190
As7c 0.798802 842365 12504.5 1070190
Ah7c 0.798802 842365 12504.5 1070190
Ad8d 0.794644 838397 12023 1070190
AsTd 0.79433 838350 11733.5 1070190
AhTd 0.79433 838350 11733.5 1070190
AdTh 0.794166 838164 11744 1070190
AdTs 0.794166 838164 11744 1070190
AhTs 0.793527 837517 11707.5 1070190
AhTh 0.793527 837517 11707.5 1070190
AsTh 0.793527 837517 11707.5 1070190
AsTs 0.793527 837517 11707.5 1070190
Ad6d 0.792742 840904 7480.5 1070190
Ad7d 0.790141 833269 12332 1070190
Ah9d 0.789085 832229 12242 1070190
As9d 0.789085 832229 12242 1070190
Ad9h 0.788889 832006 12255 1070190
Ad9s 0.788889 832006 12255 1070190
As9h 0.788282 831396 12216 1070190
Ah9h 0.788282 831396 12216 1070190
Ah9s 0.788282 831396 12216 1070190
As9s 0.788282 831396 12216 1070190
As8d 0.784453 826858 12656 1070190
Ah8d 0.784453 826858 12656 1070190
Ad8s 0.784232 826606 12671 1070190
Ad8h 0.784232 826606 12671 1070190
As8s 0.783656 826031 12630 1070190
Ah8s 0.783656 826031 12630 1070190
Ah8h 0.783656 826031 12630 1070190
As8h 0.783656 826031 12630 1070190
As6d 0.782593 829730 7793.5 1070190
Ah6d 0.782593 829730 7793.5 1070190
Ad6h 0.782319 829422 7807.5 1070190
Ad6s 0.782319 829422 7807.5 1070190
Ah6h 0.781796 828903 7767.5 1070190
Ah6s 0.781796 828903 7767.5 1070190
As6h 0.781796 828903 7767.5 1070190
As6s 0.781796 828903 7767.5 1070190
Ah7d 0.779739 821493 12975.5 1070190
As7d 0.779739 821493 12975.5 1070190
Ad7h 0.779488 821208 12992 1070190
Ad7s 0.779488 821208 12992 1070190
Kc5c 0.779458 824636 9532.5 1070190
Ah7h 0.778942 820666 12949.5 1070190
Ah7s 0.778942 820666 12949.5 1070190
As7s 0.778942 820666 12949.5 1070190
As7h 0.778942 820666 12949.5 1070190
Qc5c 0.773147 817471 9943.5 1070190
5c4c 0.772174 806769 19604 1070190
5c3c 0.772006 806589 19604 1070190
Jc5c 0.767003 810280 10558.5 1070190
Tc5c 0.761159 803279 11305.5 1070190
9c5c 0.75575 796684 12112.5 1070190
KdKc 0.755323 801822 6517 1070190
KsKc 0.754573 801024 6513 1070190
KhKc 0.754573 801024 6513 1070190
8c5c 0.751013 790819 12907.5 1070190
6c5c 0.747849 789316 11024 1070190
7c5c 0.746879 785684 13618.5 1070190
QdQc 0.736199 781356 6517 1070190
QsQc 0.73545 780558 6513 1070190
QhQc 0.73545 780558 6513 1070190
KhKd 0.725478 769642 6757 1070190
KsKd 0.725478 769642 6757 1070190
KsKh 0.724728 768844 6753 1070190
JdJc 0.717102 760918 6517 1070190
JsJc 0.716352 760120 6513 1070190
JhJc 0.716352 760120 6513 1070190
QsQd 0.707203 750085 6757 1070190
QhQd 0.707203 750085 6757 1070190
QsQh 0.706454 749287 6753 1070190
TdTc 0.69803 740508 6517 1070190
TsTc 0.697281 739710 6513 1070190
ThTc 0.697281 739710 6513 1070190
JsJd 0.688929 730528 6757 1070190
JhJd 0.688929 730528 6757 1070190
JsJh 0.68818 729730 6753 1070190
Kc4c 0.68348 711421 20032.5 1070190
Kc3c 0.683379 711313 20032.5 1070190
KcQc 0.682517 720175 10247.5 1070190
9d9c 0.678985 720126 6517 1070190
9h9c 0.678236 719328 6513 1070190
9s9c 0.678236 719328 6513 1070190
KcJc 0.675972 712545 10874 1070190
ThTd 0.670655 710971 6757 1070190
TsTd 0.670655 710971 6757 1070190
TsTh 0.669905 710173 6753 1070190
KcTc 0.669679 705273 11411 1070190
5c4d 0.661163 678865 28705 1070190
5c3d 0.660757 678430 28705 1070190
8d8c 0.660583 700432 6517 1070190
5c4h 0.66049 678203 28647 1070190
5c4s 0.66049 678203 28647 1070190
5c3h 0.660078 677762 28647 1070190
5c3s 0.660078 677762 28647 1070190
8h8c 0.659839 699640 6513 1070190
8s8c 0.659839 699640 6513 1070190
Kc9c 0.658732 693110 11858.5 1070190
5s4c 0.65794 675472 28649 1070190
5h4c 0.65794 675472 28649 1070190
5h3c 0.656351 673771 28649 1070190
5s3c 0.656351 673771 28649 1070190
Kc8c 0.653042 686662 12216.5 1070190
9h9d 0.65238 691414 6757 1070190
9s9d 0.65238 691414 6757 1070190
Kc5s 0.651808 683158 14400 1070190
Kc5h 0.651808 683158 14400 1070190
9s9h 0.651631 690616 6753 1070190
Qc4c 0.648174 673750 19919 1070190
Qc3c 0.648073 673642 19919 1070190
Kc7c 0.647501 680464 12485 1070190
Kc6c 0.646475 682337 9514.5 1070190
Qc5h 0.645739 676147 14916 1070190
Qc5s 0.645739 676147 14916 1070190
Kd5c 0.641993 672445 14609.5 1070190
7d7c 0.64159 680106 6517 1070190
5s4d 0.641208 657586 28628.5 1070190
5h4d 0.641208 657586 28628.5 1070190
Kh5c 0.641178 671577 14605.5 1070190
Ks5c 0.641178 671577 14605.5 1070190
7h7c 0.640846 679314 6513 1070190
7s7c 0.640846 679314 6513 1070190
5h3d 0.640793 657142 28628.5 1070190
5s3d 0.640793 657142 28628.5 1070190
5h4s 0.640535 656924 28570.5 1070190
5s4h 0.640535 656924 28570.5 1070190
5h4h 0.640535 656924 28570.5 1070190
5s4s 0.640535 656924 28570.5 1070190
5s3h 0.640115 656474 28570.5 1070190
5s3s 0.640115 656474 28570.5 1070190
5h3s 0.640115 656474 28570.5 1070190
5h3h 0.640115 656474 28570.5 1070190
Jc5s 0.639491 668606 15771 1070190
Jc5h 0.639491 668606 15771 1070190
Qd5c 0.637174 666740 15157.5 1070190
Qh5c 0.636359 665872 15153.5 1070190
Qs5c 0.636359 665872 15153.5 1070190
QcJc 0.636098 669985 10760.5 1070190
8s8d 0.634807 672607 6757 1070190
8h8d 0.634807 672607 6757 1070190
8s8h 0.634063 671815 6753 1070190
Tc5h 0.633278 660877 16851 1070190
Tc5s 0.633278 660877 16851 1070190
Jd5c 0.632142 660451 16061.5 1070190
Js5c 0.631328 659583 16057.5 1070190
Jh5c 0.631328 659583 16057.5 1070190
6d6c 0.629943 673101 1057.5 1070190
QcTc 0.629805 662713 11297.5 1070190
6h6c 0.629198 672308 1053.5 1070190
6s6c 0.629198 672308 1053.5 1070190
9c5s 0.627313 653302 18042 1070190
9c5h 0.627313 653302 18042 1070190
Td5c 0.627122 653938 17201.5 1070190
Th5c 0.626307 653070 17197.5 1070190
Ts5c 0.626307 653070 17197.5 1070190
9d5c 0.622337 647561 18457.5 1070190
8c5h 0.622086 646520 19230 1070190
8c5s 0.622086 646520 19230 1070190
9h5c 0.621522 646693 18453.5 1070190
9s5c 0.621522 646693 18453.5 1070190
Kd5s 0.620309 649328 14520 1070190
Kd5h 0.620309 649328 14520 1070190
6c5s 0.620308 647881 15966.5 1070190
6c5h 0.620308 647881 15966.5 1070190
Ks5s 0.619494 648460 14516 1070190
Kh5s 0.619494 648460 14516 1070190
Kh5h 0.619494 648460 14516 1070190
Ks5h 0.619494 648460 14516 1070190
6d5c 0.618998 645920 16526 1070190
Qc9c 0.618857 650550 11745 1070190
8d5c 0.61835 642043 19709.5 1070190
6h5c 0.618189 645058 16522 1070190
6s5c 0.618189 645058 16522 1070190
8s5c 0.617541 641181 19705.5 1070190
8h5c 0.617541 641181 19705.5 1070190
7c5h 0.617255 640279 20301 1070190
7c5s 0.617255 640279 20301 1070190
Jc4c 0.616724 640296 19716 1070190
Jc3c 0.616623 640188 19716 1070190
7s7d 0.616533 653050 6757 1070190
7h7d 0.616533 653050 6757 1070190
7s7h 0.615789 652258 6753 1070190
Qd5h 0.615613 643775 15048 1070190
Qd5s 0.615613 643775 15048 1070190
Qs5s 0.614798 642907 15044 1070190
Qs5h 0.614798 642907 15044 1070190
Qh5s 0.614798 642907 15044 1070190
Qh5h 0.614798 642907 15044 1070190
7d5c 0.614709 637018 20837.5 1070190
7h5c 0.6139 636156 20833.5 1070190
7s5c 0.6139 636156 20833.5 1070190
Qc8c 0.613167 644102 12103 1070190
Jd5s 0.610707 637649 15924 1070190
Jd5h 0.610707 637649 15924 1070190
Jh5h 0.609893 636781 15920 1070190
Jh5s 0.609893 636781 15920 1070190
Js5h 0.609893 636781 15920 1070190
Js5s 0.609893 636781 15920 1070190
4d4c 0.609581 642337 10030.5 1070190
4s4c 0.608958 641728 9972.5 1070190
4h4c 0.608958 641728 9972.5 1070190
Qc7c 0.607626 637904 12371.5 1070190
Qc6c 0.606601 639777 9401 1070190
6h6d 0.605902 647381 1049.5 1070190
6s6d 0.605902 647381 1049.5 1070190
Td5h 0.60581 631301 17031 1070190
Td5s 0.60581 631301 17031 1070190
6s6h 0.605157 646588 1045.5 1070190
Th5s 0.604995 630433 17027 1070190
Th5h 0.604995 630433 17027 1070190
Ts5s 0.604995 630433 17027 1070190
Ts5h 0.604995 630433 17027 1070190
3d3c 0.603223 635533 10030.5 1070190
3h3c 0.602594 634918 9972.5 1070190
3s3c 0.602594 634918 9972.5 1070190
9d5s 0.60114 625082 18252 1070190
9d5h 0.60114 625082 18252 1070190
9s5s 0.600325 624214 18248 1070190
9s5h 0.600325 624214 18248 1070190
9h5s 0.600325 624214 18248 1070190
9h5h 0.600325 624214 18248 1070190
6d5s 0.59833 624305 16022 1070190
6d5h 0.59833 624305 16022 1070190
6h5h 0.597521 623443 16018 1070190
6h5s 0.597521 623443 16018 1070190
6s5h 0.597521 623443 16018 1070190
6s5s 0.597521 623443 16018 1070190
8d5s 0.597263 619715 19470 1070190
8d5h 0.597263 619715 19470 1070190
4c2d 0.596483 609540 28810.5 1070190
8s5s 0.596454 618853 19466 1070190
8s5h 0.596454 618853 19466 1070190
8h5s 0.596454 618853 19466 1070190
8h5h 0.596454 618853 19466 1070190
4c2s 0.595906 609013 28720 1070190
4c2h 0.595906 609013 28720 1070190
3c2d 0.594843 607785 28810.5 1070190
JcTc 0.594724 625373 11094.5 1070190
4d2d 0.594508 608149 28087 1070190
3c2h 0.594266 607258 28720 1070190
3c2s 0.594266 607258 28720 1070190
3d2d 0.594092 607704 28087 1070190
7d5h 0.593703 614807 20568 1070190
7d5s 0.593703 614807 20568 1070190
7h5h 0.592894 613945 20564 1070190
7h5s 0.592894 613945 20564 1070190
7s5s 0.592894 613945 20564 1070190
7s5h 0.592894 613945 20564 1070190
4s4d 0.590144 621830 9736.5 1070190
4h4d 0.590144 621830 9736.5 1070190
4s4h 0.589521 621221 9678.5 1070190
Tc4c 0.589131 611059 19423.5 1070190
Tc3c 0.58903 610951 19423.5 1070190
3s3d 0.584846 616160 9736.5 1070190
3h3d 0.584846 616160 9736.5 1070190
3s3h 0.584217 615545 9678.5 1070190
Jc9c 0.583777 613210 11542 1070190
Jc8c 0.578086 606762 11900 1070190
4d2h 0.575473 586724 29141.5 1070190
4d2s 0.575473 586724 29141.5 1070190
4s2d 0.575417 586650 29156 1070190
4h2d 0.575417 586650 29156 1070190
3d2s 0.575008 586226 29141.5 1070190
3d2h 0.575008 586226 29141.5 1070190
3s2d 0.574947 586146 29156 1070190
3h2d 0.574947 586146 29156 1070190
4h2h 0.57484 586123 29065.5 1070190
4h2s 0.57484 586123 29065.5 1070190
4s2s 0.57484 586123 29065.5 1070190
4s2h 0.57484 586123 29065.5 1070190
3s2s 0.57437 585619 29065.5 1070190
3s2h 0.57437 585619 29065.5 1070190
3h2s 0.57437 585619 29065.5 1070190
3h2h 0.57437 585619 29065.5 1070190
Jc7c 0.572546 600564 12168.5 1070190
Jc6c 0.57152 602437 9198 1070190
Kc2d 0.569359 594367 14955 1070190
Kc2s 0.568623 593606 14929 1070190
Kc2h 0.568623 593606 14929 1070190
9c4c 0.566197 586897 19041.5 1070190
9c3c 0.566096 586789 19041.5 1070190
Qc2d 0.561978 586010 15413 1070190
Qc2s 0.561279 585292 15383 1070190
Qc2h 0.561279 585292 15383 1070190
Kd2d 0.556176 580280 14933.5 1070190
8c4c 0.554544 574951 18516.5 1070190
Jc2d 0.554542 577238 16227 1070190
Jc2h 0.553881 576568 16190 1070190
Jc2s 0.553881 576568 16190 1070190
Tc9c 0.55349 581090 11249.5 1070190
Qd2d 0.550213 573471 15361 1070190
Tc8c 0.547799 574642 11607.5 1070190
Tc2d 0.547275 568411 17277 1070190
Tc2s 0.546652 567791 17231 1070190
Tc2h 0.546652 567791 17231 1070190
8c3c 0.546368 566201 18516.5 1070190
Jd2d 0.54419 566245 16141.5 1070190
Tc7c 0.542259 568444 11876 1070190
Tc6c 0.541233 570317 8905.5 1070190
9c2d 0.540401 559889 18443 1070190
9c2h 0.539815 559318 18387 1070190
9c2s 0.539815 559318 18387 1070190
7c4c 0.539073 559437 17473 1070190
Td2d 0.538328 558956 17157 1070190
6c4c 0.536133 564437 9327 1070190
8c2d 0.534423 552329 19605 1070190
8c2s 0.53387 551803 19539 1070190
8c2h 0.53387 551803 19539 1070190
9d2d 0.532853 551964 18289.5 1070190
Kd2s 0.532423 554332 15461.5 1070190
Kd2h 0.532423 554332 15461.5 1070190
Ks2d 0.532397 554304 15461.5 1070190
Kh2d 0.532397 554304 15461.5 1070190
6c2d 0.531663 552721 16259 1070190
Kh2h 0.531661 553543 15435.5 1070190
Ks2h 0.531661 553543 15435.5 1070190
Ks2s 0.531661 553543 15435.5 1070190
Kh2s 0.531661 553543 15435.5 1070190
6c2s 0.531151 552252 16180.5 1070190
6c2h 0.531151 552252 16180.5 1070190
7c3c 0.530896 550687 17473 1070190
9c8c 0.530784 556814 11225.5 1070190
7c2d 0.529009 545497 20643 1070190
7c2s 0.528483 545009 20568 1070190
7c2h 0.528483 545009 20568 1070190
8d2d 0.528276 545935 19421 1070190
6d2d 0.528086 549013 16139.5 1070190
6c3c 0.527957 555687 9327 1070190
Qd2h 0.526414 547446 15917 1070190
Qd2s 0.526414 547446 15917 1070190
Qh2d 0.526351 547375 15921 1070190
Qs2d 0.526351 547375 15921 1070190
Qs2h 0.525652 546657 15891 1070190
Qs2s 0.525652 546657 15891 1070190
Qh2h 0.525652 546657 15891 1070190
Qh2s 0.525652 546657 15891 1070190
Kc4d 0.525313 533178 29006.5 1070190
9c7c 0.525243 550616 11494 1070190
Kc3d 0.524974 532815 29006.5 1070190
Kc4s 0.524729 532629 28930.5 1070190
Kc4h 0.524729 532629 28930.5 1070190
Kc3h 0.524384 532260 28930.5 1070190
Kc3s 0.524384 532260 28930.5 1070190
7d2d 0.524225 540587 20433.5 1070190
9c6c 0.524218 552489 8523.5 1070190
Jd2s 0.520306 540080 16746.5 1070190
Jd2h 0.520306 540080 16746.5 1070190
Js2d 0.520205 539961 16757.5 1070190
Jh2d 0.520205 539961 16757.5 1070190
Js2h 0.519545 539291 16720.5 1070190
Js2s 0.519545 539291 16720.5 1070190
Jh2h 0.519545 539291 16720.5 1070190
Jh2s 0.519545 539291 16720.5 1070190
Td2s 0.514333 532609 17825 1070190
Td2h 0.514333 532609 17825 1070190
Ts2d 0.514194 532440 17845 1070190
Th2d 0.514194 532440 17845 1070190
Th2h 0.513571 531820 17799 1070190
Ts2h 0.513571 531820 17799 1070190
Ts2s 0.513571 531820 17799 1070190
Th2s 0.513571 531820 17799 1070190
8c7c 0.512821 537793 11022.5 1070190
Kd4d 0.512765 520514 28242.5 1070190
Kd3d 0.512463 520190 28242.5 1070190
8c6c 0.511795 539666 8052 1070190
Kd4c 0.51114 517695 29321.5 1070190
KcQd 0.510932 531437 15357.5 1070190
Kh4c 0.510588 517167 29259 1070190
Ks4c 0.510588 517167 29259 1070190
KcQs 0.510226 530707 15331.5 1070190
KcQh 0.510226 530707 15331.5 1070190
Kd3c 0.509617 516066 29321.5 1070190
KdQc 0.509445 529861 15341.5 1070190
Ks3c 0.509066 515538 29259 1070190
Kh3c 0.509066 515538 29259 1070190
KhQc 0.508742 529139 15311.5 1070190
KsQc 0.508742 529139 15311.5 1070190
9d2h 0.508728 525408 19027.5 1070190
9d2s 0.508728 525408 19027.5 1070190
9s2d 0.508552 525190 19057.5 1070190
9h2d 0.508552 525190 19057.5 1070190
9h2s 0.507966 524619 19001.5 1070190
9s2h 0.507966 524619 19001.5 1070190
9h2h 0.507966 524619 19001.5 1070190
9s2s 0.507966 524619 19001.5 1070190
6d2s 0.50411 522771 16722 1070190
6d2h 0.50411 522771 16722 1070190
8d2h 0.504072 519224 20229 1070190
8d2s 0.504072 519224 20229 1070190
8s2d 0.503869 518967 20269 1070190
8h2d 0.503869 518967 20269 1070190
6s2d 0.503864 522456 16774.5 1070190
6h2d 0.503864 522456 16774.5 1070190
6h2s 0.503353 521987 16696 1070190
6h2h 0.503353 521987 16696 1070190
6s2h 0.503353 521987 16696 1070190
6s2s 0.503353 521987 16696 1070190
8h2h 0.503316 518441 20203 1070190
8s2h 0.503316 518441 20203 1070190
8s2s 0.503316 518441 20203 1070190
8h2s 0.503316 518441 20203 1070190
KcJd 0.501229 520090 16320 1070190
KcJs 0.500522 519360 16294 1070190
KcJh 0.500522 519360 16294 1070190
7d2h 0.499904 513688 21304.5 1070190
7d2s 0.499904 513688 21304.5 1070190
7s2d 0.499674 513393 21353.5 1070190
7h2d 0.499674 513393 21353.5 1070190
KdQd 0.499373 519565 14858.5 1070190
7h2s 0.499148 512905 21278.5 1070190
7s2s 0.499148 512905 21278.5 1070190
7s2h 0.499148 512905 21278.5 1070190
7h2h 0.499148 512905 21278.5 1070190
KdJc 0.498399 517102 16279.5 1070190
KsJc 0.497731 516421 16246 1070190
KhJc 0.497731 516421 16246 1070190
7c6c 0.496441 524278 7008.5 1070190
KcTd 0.491911 509293 17145 1070190
KcTs 0.491204 508563 17119 1070190
KcTh 0.491204 508563 17119 1070190
Kh4d 0.490551 495700 29283 1070190
Ks4d 0.490551 495700 29283 1070190
Kd4h 0.490519 495679 29269.5 1070190
Kd4s 0.490519 495679 29269.5 1070190
Kh3d 0.490204 495328 29283 1070190
Ks3d 0.490204 495328 29283 1070190
Kd3s 0.490166 495301 29269.5 1070190
Kd3h 0.490166 495301 29269.5 1070190
KdJd 0.490056 508677 15775.5 1070190
Kh4s 0.489967 495151 29207 1070190
Kh4h 0.489967 495151 29207 1070190
Ks4h 0.489967 495151 29207 1070190
Ks4s 0.489967 495151 29207 1070190
Ks3h 0.489614 494773 29207 1070190
Ks3s 0.489614 494773 29207 1070190
Kh3s 0.489614 494773 29207 1070190
Kh3h 0.489614 494773 29207 1070190
KdTc 0.487755 504907 17083.5 1070190
KhTc 0.487121 504265 17047 1070190
KsTc 0.487121 504265 17047 1070190
KdTd 0.481106 498313 16561.5 1070190
Qc4d 0.475381 479885 28863 1070190
Qc3d 0.475042 479522 28863 1070190
Kc9d 0.474945 490449 17832.5 1070190
Qc4h 0.474823 479364 28787 1070190
Qc4s 0.474823 479364 28787 1070190
Qc3s 0.474478 478995 28787 1070190
Qc3h 0.474478 478995 28787 1070190
Kc9s 0.474241 489722 17806.5 1070190
Kc9h 0.474241 489722 17806.5 1070190
KsQd 0.474166 491951 15496.5 1070190
KhQd 0.474166 491951 15496.5 1070190
KdQh 0.474162 491943 15500.5 1070190
KdQs 0.474162 491943 15500.5 1070190
KhQs 0.473459 491221 15470.5 1070190
KsQh 0.473459 491221 15470.5 1070190
KhQh 0.473459 491221 15470.5 1070190
KsQs 0.473459 491221 15470.5 1070190
Kd9c 0.469466 484664 17753.5 1070190
Ks9c 0.468864 484059 17714.5 1070190
Kh9c 0.468864 484059 17714.5 1070190
Kc8d 0.466737 481115 18382.5 1070190
Kc8h 0.466039 480394 18356.5 1070190
Kc8s 0.466039 480394 18356.5 1070190
Qd4d 0.465561 470132 28107 1070190
Qd3d 0.465259 469808 28107 1070190
Kd9d 0.464625 480020 17216.5 1070190
KsJd 0.464463 480612 16452 1070190
KhJd 0.464463 480612 16452 1070190
KdJs 0.464425 480563 16459.5 1070190
KdJh 0.464425 480563 16459.5 1070190
KsJh 0.463757 479882 16426 1070190
KhJs 0.463757 479882 16426 1070190
KhJh 0.463757 479882 16426 1070190
KsJs 0.463757 479882 16426 1070190
Qd4c 0.462636 465928 29180 1070190
Qh4c 0.462084 465400 29118 1070190
Qs4c 0.462084 465400 29118 1070190
Qd3c 0.461113 464299 29180 1070190
Qs3c 0.460562 463771 29118 1070190
Qh3c 0.460562 463771 29118 1070190
Kd8c 0.459903 473894 18289.5 1070190
Kh8c 0.459332 473324 18248.5 1070190
Ks8c 0.459332 473324 18248.5 1070190
Kc7d 0.458576 471968 18795 1070190
Kc7s 0.457878 471247 18769 1070190
Kc7h 0.457878 471247 18769 1070190
Kc6d 0.457822 476082 13874.5 1070190
Kc6s 0.457124 475361 13848.5 1070190
Kc6h 0.457124 475361 13848.5 1070190
Kd8d 0.456712 471028 17740.5 1070190
KhTd 0.455143 469819 17271 1070190
KsTd 0.455143 469819 17271 1070190
KdTh 0.455071 469731 17281.5 1070190
KdTs 0.455071 469731 17281.5 1070190
KhTs 0.454437 469089 17245 1070190
KhTh 0.454437 469089 17245 1070190
KsTs 0.454437 469089 17245 1070190
KsTh 0.454437 469089 17245 1070190
Kd7c 0.450464 463391 18691.5 1070190
Ks7c 0.449923 462854 18649 1070190
Kh7c 0.449923 462854 18649 1070190
Kd7d 0.448869 462242 18133.5 1070190
Kd6c 0.448429 466123 13781.5 1070190
Kd6d 0.448243 466379 13326 1070190
Ks6c 0.447912 465609 13741.5 1070190
Kh6c 0.447912 465609 13741.5 1070190
QcJd 0.444232 459236 16176.5 1070190
QcJh 0.443558 458541 16150.5 1070190
QcJs 0.443558 458541 16150.5 1070190
QdJc 0.442791 457733 16138 1070190
QsJc 0.442124 457052 16105 1070190
QhJc 0.442124 457052 16105 1070190
Qs4d 0.441079 442896 29142 1070190
Qh4d 0.441079 442896 29142 1070190
Qd4h 0.441072 442903 29128 1070190
Qd4s 0.441072 442903 29128 1070190
Qs3d 0.440731 442524 29142 1070190
Qh3d 0.440731 442524 29142 1070190
Qd3h 0.440719 442525 29128 1070190
Qd3s 0.440719 442525 29128 1070190
Qh4h 0.440521 442375 29066 1070190
Qh4s 0.440521 442375 29066 1070190
Qs4h 0.440521 442375 29066 1070190
Qs4s 0.440521 442375 29066 1070190
Qh3s 0.440168 441997 29066 1070190
Qh3h 0.440168 441997 29066 1070190
Qs3s 0.440168 441997 29066 1070190
Qs3h 0.440168 441997 29066 1070190
Kh9d 0.437797 450573 17953.5 1070190
Ks9d 0.437797 450573 17953.5 1070190
Kd9h 0.437696 450451 17966.5 1070190
Kd9s 0.437696 450451 17966.5 1070190
Kh9s 0.437094 449846 17927.5 1070190
Ks9s 0.437094 449846 17927.5 1070190
Ks9h 0.437094 449846 17927.5 1070190
Kh9h 0.437094 449846 17927.5 1070190
QdJd 0.435991 450953 15640 1070190
QcTd 0.434914 448439 17001.5 1070190
QcTh 0.43424 447744 16975.5 1070190
QcTs 0.43424 447744 16975.5 1070190
QdTc 0.432148 445538 16942 1070190
QsTc 0.431514 444896 16906 1070190
QhTc 0.431514 444896 16906 1070190
Jc4d 0.430912 432576 28582 1070190
Jc3d 0.430573 432213 28582 1070190
Jc4s 0.430381 432083 28506 1070190
Jc4h 0.430381 432083 28506 1070190
Jc3s 0.430036 431714 28506 1070190
Jc3h 0.430036 431714 28506 1070190
Ks8d 0.429591 441244 18499.5 1070190
Kh8d 0.429591 441244 18499.5 1070190
Kd8s 0.429463 441093 18514.5 1070190
Kd8h 0.429463 441093 18514.5 1070190
Ks8h 0.428893 440523 18473.5 1070190
Ks8s 0.428893 440523 18473.5 1070190
Kh8h 0.428893 440523 18473.5 1070190
Kh8s 0.428893 440523 18473.5 1070190
QdTd 0.427041 440589 16426 1070190
Jd4d 0.423658 425554 27840.5 1070190
Jd3d 0.423355 425230 27840.5 1070190
Kh7d 0.421419 432089 18909 1070190
Ks7d 0.421419 432089 18909 1070190
Kd7s 0.421262 431905 18925.5 1070190
Kd7h 0.421262 431905 18925.5 1070190
Kh6d 0.420934 436704 13775 1070190
Ks6d 0.420934 436704 13775 1070190
Kd6s 0.420753 436497 13789 1070190
Kd6h 0.420753 436497 13789 1070190
Kh7s 0.420721 431368 18883 1070190
Ks7s 0.420721 431368 18883 1070190
Ks7h 0.420721 431368 18883 1070190
Kh7h 0.420721 431368 18883 1070190
Ks6h 0.420236 435983 13749 1070190
Ks6s 0.420236 435983 13749 1070190
Kh6s 0.420236 435983 13749 1070190
Kh6h 0.420236 435983 13749 1070190
Jd4c 0.419572 420117 28904.5 1070190
Js4c 0.419021 419589 28843.5 1070190
Jh4c 0.419021 419589 28843.5 1070190
Jd3c 0.41805 418488 28904.5 1070190
Qc9d 0.417948 429595 17689 1070190
Js3c 0.417499 417960 28843.5 1070190
Jh3c 0.417499 417960 28843.5 1070190
Qc9s 0.417277 428903 17663 1070190
Qc9h 0.417277 428903 17663 1070190
Qd9c 0.413858 425295 17612 1070190
Qh9c 0.413257 424690 17573.5 1070190
Qs9c 0.413257 424690 17573.5 1070190
Qd9d 0.41056 422296 17081 1070190
Qc8d 0.40974 420261 18239 1070190
Qc8s 0.409075 419575 18213 1070190
Qc8h 0.409075 419575 18213 1070190
QhJd 0.407729 420037 16311 1070190
QsJd 0.407729 420037 16311 1070190
QdJs 0.407723 420023 16318 1070190
QdJh 0.407723 420023 16318 1070190
QsJh 0.407056 419342 16285 1070190
QhJh 0.407056 419342 16285 1070190
QhJs 0.407056 419342 16285 1070190
QsJs 0.407056 419342 16285 1070190
Qd8c 0.404295 414525 18148 1070190
Qs8c 0.403725 413955 18107.5 1070190
Qh8c 0.403725 413955 18107.5 1070190
Qd8d 0.402647 413304 17605 1070190
Qc7d 0.401579 411114 18651.5 1070190
Qc7h 0.400913 410428 18625.5 1070190
Qc7s 0.400913 410428 18625.5 1070190
Qc6d 0.400825 415228 13731 1070190
Qc6s 0.40016 414542 13705 1070190
Qc6h 0.40016 414542 13705 1070190
QhTd 0.39841 409244 17130 1070190
QsTd 0.39841 409244 17130 1070190
QdTh 0.398369 409191 17140 1070190
QdTs 0.398369 409191 17140 1070190
QhTh 0.397736 408549 17104 1070190
QhTs 0.397736 408549 17104 1070190
QsTh 0.397736 408549 17104 1070190
QsTs 0.397736 408549 17104 1070190
Jd4h 0.397189 396218 28849.5 1070190
Jd4s 0.397189 396218 28849.5 1070190
Jh4d 0.39717 396183 28864.5 1070190
Js4d 0.39717 396183 28864.5 1070190
Jd3h 0.396836 395840 28849.5 1070190
Jd3s 0.396836 395840 28849.5 1070190
Jh3d 0.396823 395811 28864.5 1070190
Js3d 0.396823 395811 28864.5 1070190
Js4h 0.396638 395690 28788.5 1070190
Jh4s 0.396638 395690 28788.5 1070190
Jh4h 0.396638 395690 28788.5 1070190
Js4s 0.396638 395690 28788.5 1070190
Jh3s 0.396285 395312 28788.5 1070190
Js3s 0.396285 395312 28788.5 1070190
Js3h 0.396285 395312 28788.5 1070190
Jh3h 0.396285 395312 28788.5 1070190
Qd7c 0.394857 404022 18550 1070190
Qd7d 0.394805 404518 17998 1070190
Qh7c 0.394316 403485 18508 1070190
Qs7c 0.394316 403485 18508 1070190
Qd6d 0.394178 408655 13190.5 1070190
Qd6c 0.392822 406754 13640 1070190
Qs6c 0.392305 406240 13600.5 1070190
Qh6c 0.392305 406240 13600.5 1070190
Tc4d 0.391907 391251 28163.5 1070190
Tc3d 0.391567 390888 28163.5 1070190
Tc4h 0.391401 390786 28087.5 1070190
Tc4s 0.391401 390786 28087.5 1070190
Tc3s 0.391056 390417 28087.5 1070190
Tc3h 0.391056 390417 28087.5 1070190
Td4d 0.387056 386780 27443 1070190
Td3d 0.386753 386456 27443 1070190
JcTd 0.384849 395141 16720.5 1070190
JcTs 0.384208 394481 16694.5 1070190
JcTh 0.384208 394481 16694.5 1070190
JdTc 0.383449 393697 16666.5 1070190
JsTc 0.382817 393055 16631.5 1070190
JhTc 0.382817 393055 16631.5 1070190
Td4c 0.381948 380262 28495 1070190
Th4c 0.381399 379734 28435.5 1070190
Ts4c 0.381399 379734 28435.5 1070190
Qs9d 0.381064 389998 17812.5 1070190
Qh9d 0.381064 389998 17812.5 1070190
Qd9h 0.380994 389911 17825 1070190
Qd9s 0.380994 389911 17825 1070190
Td3c 0.380426 378633 28495 1070190
Qs9h 0.380393 389306 17786.5 1070190
Qs9s 0.380393 389306 17786.5 1070190
Qh9h 0.380393 389306 17786.5 1070190
Qh9s 0.380393 389306 17786.5 1070190
Th3c 0.379877 378105 28435.5 1070190
Ts3c 0.379877 378105 28435.5 1070190
JdTd 0.379704 390196 16159.5 1070190
Qs8d 0.372857 380669 18358.5 1070190
Qh8d 0.372857 380669 18358.5 1070190
Qd8s 0.372762 380553 18373 1070190
Qd8h 0.372762 380553 18373 1070190
Qs8s 0.372191 379983 18332.5 1070190
Qs8h 0.372191 379983 18332.5 1070190
Qh8s 0.372191 379983 18332.5 1070190
Qh8h 0.372191 379983 18332.5 1070190
Jc9d 0.367883 376297 17408 1070190
Jc9h 0.367245 375640 17382 1070190
Jc9s 0.367245 375640 17382 1070190
Jd9c 0.36516 373454 17336.5 1070190
Qh7d 0.364685 371514 18768 1070190
Qs7d 0.364685 371514 18768 1070190
Qd7s 0.36456 371365 18784 1070190
Qd7h 0.36456 371365 18784 1070190
Js9c 0.36456 372849 17299 1070190
Jh9c 0.36456 372849 17299 1070190
Qs6d 0.3642 376129 13634 1070190
Qh6d 0.3642 376129 13634 1070190
Qd6h 0.364052 375957 13647.5 1070190
Qd6s 0.364052 375957 13647.5 1070190
Qh7s 0.364019 370828 18742 1070190
Qs7s 0.364019 370828 18742 1070190
Qs7h 0.364019 370828 18742 1070190
Qh7h 0.364019 370828 18742 1070190
Qs6s 0.363535 375443 13608 1070190
Qs6h 0.363535 375443 13608 1070190
Qh6s 0.363535 375443 13608 1070190
Qh6h 0.363535 375443 13608 1070190
Jd9d 0.363223 371903 16814.5 1070190
Jc8d 0.359675 366963 17958 1070190
9c4d 0.35967 357308 27607.5 1070190
9c3d 0.359331 356945 27607.5 1070190
9c4s 0.359191 356871 27531.5 1070190
9c4h 0.359191 356871 27531.5 1070190
Jc8h 0.359043 366312 17932 1070190
Jc8s 0.359043 366312 17932 1070190
Td4h 0.358869 355624 28434 1070190
Td4s 0.358869 355624 28434 1070190
9c3s 0.358846 356502 27531.5 1070190
9c3h 0.358846 356502 27531.5 1070190
Ts4d 0.358826 355561 28450.5 1070190
Th4d 0.358826 355561 28450.5 1070190
Td3h 0.358516 355246 28434 1070190
Td3s 0.358516 355246 28434 1070190
Th3d 0.358478 355189 28450.5 1070190
Ts3d 0.358478 355189 28450.5 1070190
Th4s 0.35832 355096 28374.5 1070190
Th4h 0.35832 355096 28374.5 1070190
Ts4h 0.35832 355096 28374.5 1070190
Ts4s 0.35832 355096 28374.5 1070190
Th3s 0.357967 354718 28374.5 1070190
Th3h 0.357967 354718 28374.5 1070190
Ts3h 0.357967 354718 28374.5 1070190
Ts3s 0.357967 354718 28374.5 1070190
9d4d 0.357032 355178 26914.5 1070190
9d3d 0.35673 354854 26914.5 1070190
Jd8c 0.355597 362684 17872.5 1070190
Jd8d 0.35531 362911 17338.5 1070190
Jh8c 0.355028 362114 17833 1070190
Js8c 0.355028 362114 17833 1070190
Jc7d 0.351514 357816 18370.5 1070190
9d4c 0.351071 347761 27951.5 1070190
Jc7h 0.350881 357165 18344.5 1070190
Jc7s 0.350881 357165 18344.5 1070190
Jc6d 0.35076 361930 13450 1070190
9h4c 0.350524 347233 27894 1070190
9s4c 0.350524 347233 27894 1070190
Jc6s 0.350128 361279 13424 1070190
Jc6h 0.350128 361279 13424 1070190
9d3c 0.349549 346132 27951.5 1070190
9h3c 0.349002 345604 27894 1070190
9s3c 0.349002 345604 27894 1070190
JhTd 0.348751 356377 16852.5 1070190
JsTd 0.348751 356377 16852.5 1070190
JdTs 0.348742 356359 16861.5 1070190
JdTh 0.348742 356359 16861.5 1070190
JhTs 0.34811 355717 16826.5 1070190
JhTh 0.34811 355717 16826.5 1070190
JsTs 0.34811 355717 16826.5 1070190
JsTh 0.34811 355717 16826.5 1070190
Jd7d 0.347468 354125 17731.5 1070190
Jd6d 0.346841 358262 12924 1070190
Jd7c 0.346159 352181 18274.5 1070190
Jh7c 0.345619 351644 18233.5 1070190
Js7c 0.345619 351644 18233.5 1070190
8c4d 0.345179 342583 26824.5 1070190
8c4h 0.344718 342165 26748.5 1070190
8c4s 0.344718 342165 26748.5 1070190
8d4d 0.344347 342346 26171 1070190
Jd6c 0.344123 354913 13364.5 1070190
Jh6c 0.343607 354399 13326 1070190
Js6c 0.343607 354399 13326 1070190
8d4c 0.337985 334521 27187 1070190
8h4c 0.337439 333991 27132.5 1070190
8s4c 0.337439 333991 27132.5 1070190
8c3d 0.331613 328064 26824.5 1070190
Js9d 0.331405 337131 17535 1070190
Jh9d 0.331405 337131 17535 1070190
Jd9h 0.331367 337079 17546.5 1070190
Jd9s 0.331367 337079 17546.5 1070190
8c3h 0.331154 327649 26748.5 1070190
8c3s 0.331154 327649 26748.5 1070190
8d3d 0.33111 328180 26171 1070190
Jh9s 0.330766 336474 17509 1070190
Jh9h 0.330766 336474 17509 1070190
Js9s 0.330766 336474 17509 1070190
Js9h 0.330766 336474 17509 1070190
9d4h 0.327469 322573 27881.5 1070190
9d4s 0.327469 322573 27881.5 1070190
9s4d 0.327402 322482 27900 1070190
9h4d 0.327402 322482 27900 1070190
9d3h 0.327116 322195 27881.5 1070190
9d3s 0.327116 322195 27881.5 1070190
9h3d 0.327054 322110 27900 1070190
9s3d 0.327054 322110 27900 1070190
9h4h 0.326922 322045 27824 1070190
9s4s 0.326922 322045 27824 1070190
9h4s 0.326922 322045 27824 1070190
9s4h 0.326922 322045 27824 1070190
9s3s 0.326569 321667 27824 1070190
9h3h 0.326569 321667 27824 1070190
9h3s 0.326569 321667 27824 1070190
9s3h 0.326569 321667 27824 1070190
Tc9d 0.32475 330555 16989.5 1070190
7d4d 0.324545 322709 24616 1070190
Tc9h 0.324145 329933 16963.5 1070190
Tc9s 0.324145 329933 16963.5 1070190
7c4d 0.323463 320962 25204.5 1070190
Td9c 0.323371 329141 16927 1070190
8d3c 0.323226 318726 27187 1070190
Js8d 0.323198 327802 18081 1070190
Jh8d 0.323198 327802 18081 1070190
Jd8h 0.323135 327721 18094.5 1070190
Jd8s 0.323135 327721 18094.5 1070190
7c4s 0.323023 320564 25132 1070190
7c4h 0.323023 320564 25132 1070190
Th9c 0.322772 328536 16891 1070190
Ts9c 0.322772 328536 16891 1070190
8h3c 0.322686 318203 27132.5 1070190
8s3c 0.322686 318203 27132.5 1070190
Td9d 0.322614 328841 16417 1070190
Jh8s 0.322565 327151 18055 1070190
Jh8h 0.322565 327151 18055 1070190
Js8h 0.322565 327151 18055 1070190
Js8s 0.322565 327151 18055 1070190
6d4d 0.322247 331874 12992 1070190
6c4d 0.319312 328184 13540.5 1070190
6c4h 0.318844 327714 13510 1070190
6c4s 0.318844 327714 13510 1070190
7d4c 0.317602 314326 25569 1070190
7h4c 0.317059 313796 25517.5 1070190
7s4c 0.317059 313796 25517.5 1070190
Tc8d 0.316542 321221 17539.5 1070190
Tc8s 0.315942 320605 17513.5 1070190
Tc8h 0.315942 320605 17513.5 1070190
6d4c 0.315428 324163 13405 1070190
Jh7d 0.315026 318647 18490.5 1070190
Js7d 0.315026 318647 18490.5 1070190
Jd7s 0.314933 318533 18505.5 1070190
Jd7h 0.314933 318533 18505.5 1070190
6h4c 0.314888 323633 13357 1070190
6s4c 0.314888 323633 13357 1070190
Td8d 0.314701 319849 16941 1070190
Jh6d 0.314541 323262 13356.5 1070190
Js6d 0.314541 323262 13356.5 1070190
8d4h 0.314461 309431 27102 1070190
8d4s 0.314461 309431 27102 1070190
Jd6h 0.314425 323125 13369 1070190
Jd6s 0.314425 323125 13369 1070190
Jh7s 0.314393 317996 18464.5 1070190
Jh7h 0.314393 317996 18464.5 1070190
Js7s 0.314393 317996 18464.5 1070190
Js7h 0.314393 317996 18464.5 1070190
8s4d 0.314376 309319 27123.5 1070190
8h4d 0.314376 309319 27123.5 1070190
8s4s 0.313915 308901 27047.5 1070190
8h4s 0.313915 308901 27047.5 1070190
8h4h 0.313915 308901 27047.5 1070190
8s4h 0.313915 308901 27047.5 1070190
Js6s 0.313908 322611 13330.5 1070190
Jh6h 0.313908 322611 13330.5 1070190
Jh6s 0.313908 322611 13330.5 1070190
Js6h 0.313908 322611 13330.5 1070190
Td8c 0.313808 318371 17463 1070190
Ts8c 0.31324 317801 17425 1070190
Th8c 0.31324 317801 17425 1070190
7d3d 0.311308 308543 24616 1070190
7c3d 0.309896 306443 25204.5 1070190
7c3s 0.309459 306048 25132 1070190
7c3h 0.309459 306048 25132 1070190
6d3d 0.309011 317708 12992 1070190
Tc7d 0.308381 312074 17952 1070190
Tc7s 0.307781 311458 17926 1070190
Tc7h 0.307781 311458 17926 1070190
Tc6d 0.307627 316188 13031.5 1070190
Tc6s 0.307027 315572 13005.5 1070190
Tc6h 0.307027 315572 13005.5 1070190
Td7d 0.306859 311063 17334 1070190
Td6d 0.306232 315200 12526.5 1070190
6c3d 0.305745 313665 13540.5 1070190
6c3h 0.30528 313198 13510 1070190
6c3s 0.30528 313198 13510 1070190
Td7c 0.304369 307868 17865 1070190
Th7c 0.303831 307331 17825.5 1070190
Ts7c 0.303831 307331 17825.5 1070190
7d3c 0.302843 298531 25569 1070190
Td6c 0.302334 310600 12955 1070190
7s3c 0.302307 298008 25517.5 1070190
7h3c 0.302307 298008 25517.5 1070190
Th6c 0.301819 310086 12918 1070190
Ts6c 0.301819 310086 12918 1070190
6d3c 0.300669 308368 13405 1070190
8d3h 0.300355 294335 27102 1070190
8d3s 0.300355 294335 27102 1070190
8s3d 0.300274 294227 27123.5 1070190
8h3d 0.300274 294227 27123.5 1070190
6h3c 0.300135 307845 13357 1070190
6s3c 0.300135 307845 13357 1070190
8s3s 0.299815 293812 27047.5 1070190
8h3h 0.299815 293812 27047.5 1070190
8s3h 0.299815 293812 27047.5 1070190
8h3s 0.299815 293812 27047.5 1070190
9d8d 0.294403 298655 16412.5 1070190
9c8d 0.294211 297878 16983.5 1070190
7d4s 0.29376 288919 25460.5 1070190
7d4h 0.29376 288919 25460.5 1070190
7s4d 0.293657 288787 25481.5 1070190
7h4d 0.293657 288787 25481.5 1070190
9c8s 0.293636 297289 16957.5 1070190
9c8h 0.293636 297289 16957.5 1070190
7s4h 0.293217 288389 25409 1070190
7s4s 0.293217 288389 25409 1070190
7h4s 0.293217 288389 25409 1070190
7h4h 0.293217 288389 25409 1070190
9d8c 0.292816 296449 16919.5 1070190
9s8c 0.292246 295875 16883.5 1070190
9h8c 0.292246 295875 16883.5 1070190
6d4h 0.291182 298216 13404.5 1070190
6d4s 0.291182 298216 13404.5 1070190
6s4d 0.29111 298156 13387 1070190
6h4d 0.29111 298156 13387 1070190
6s4h 0.290642 297686 13356.5 1070190
6s4s 0.290642 297686 13356.5 1070190
6h4s 0.290642 297686 13356.5 1070190
6h4h 0.290642 297686 13356.5 1070190
Ts9d 0.288821 291972 17121 1070190
Th9d 0.288821 291972 17121 1070190
Td9s 0.288814 291955 17131 1070190
Td9h 0.288814 291955 17131 1070190
Th9h 0.288215 291350 17095 1070190
Th9s 0.288215 291350 17095 1070190
Ts9h 0.288215 291350 17095 1070190
Ts9s 0.288215 291350 17095 1070190
9d7d 0.28656 289868 16805.5 1070190
9c7d 0.286049 288731 17396 1070190
9d6d 0.285933 294005 11998 1070190
9c7s 0.285475 288142 17370 1070190
9c7h 0.285475 288142 17370 1070190
9c6d 0.285296 292845 12475.5 1070190
9c6s 0.284721 292256 12449.5 1070190
9c6h 0.284721 292256 12449.5 1070190
9d7c 0.283377 285946 17321.5 1070190
9h7c 0.282837 285405 17284 1070190
9s7c 0.282837 285405 17284 1070190
9d6c 0.281342 288678 12411.5 1070190
9s6c 0.280825 288160 12376.5 1070190
9h6c 0.280825 288160 12376.5 1070190
Ts8d 0.280614 282643 17667 1070190
Th8d 0.280614 282643 17667 1070190
Td8h 0.280582 282597 17679 1070190
Td8s 0.280582 282597 17679 1070190
Th8h 0.280014 282027 17641 1070190
Th8s 0.280014 282027 17641 1070190
Ts8h 0.280014 282027 17641 1070190
Ts8s 0.280014 282027 17641 1070190
7d3h 0.279655 273823 25460.5 1070190
7d3s 0.279655 273823 25460.5 1070190
7s3d 0.279555 273695 25481.5 1070190
7h3d 0.279555 273695 25481.5 1070190
7h3h 0.279118 273300 25409 1070190
7s3s 0.279118 273300 25409 1070190
7h3s 0.279118 273300 25409 1070190
7s3h 0.279118 273300 25409 1070190
6d3h 0.277077 283120 13404.5 1070190
6d3s 0.277077 283120 13404.5 1070190
6s3d 0.277008 283064 13387 1070190
6h3d 0.277008 283064 13387 1070190
6s3s 0.276543 282597 13356.5 1070190
6h3h 0.276543 282597 13356.5 1070190
6h3s 0.276543 282597 13356.5 1070190
6s3h 0.276543 282597 13356.5 1070190
8d7d 0.272801 275803 16146 1070190
Th7d 0.272442 273488 18076.5 1070190
Ts7d 0.272442 273488 18076.5 1070190
Td7h 0.272381 273409 18090 1070190
Td7s 0.272381 273409 18090 1070190
8d6d 0.272174 279939 11338.5 1070190
Ts6d 0.271957 278103 12942.5 1070190
Th6d 0.271957 278103 12942.5 1070190
Td6h 0.271872 278001 12953.5 1070190
Td6s 0.271872 278001 12953.5 1070190
Ts7s 0.271842 272872 18050.5 1070190
Ts7h 0.271842 272872 18050.5 1070190
Th7h 0.271842 272872 18050.5 1070190
Th7s 0.271842 272872 18050.5 1070190
Th6h 0.271357 277487 12916.5 1070190
Th6s 0.271357 277487 12916.5 1070190
Ts6s 0.271357 277487 12916.5 1070190
Ts6h 0.271357 277487 12916.5 1070190
8c7d 0.270457 272738 16702.5 1070190
8c7h 0.269908 272176 16676.5 1070190
8c7s 0.269908 272176 16676.5 1070190
8c6d 0.269704 276852 11782 1070190
8c6s 0.269154 276290 11756 1070190
8c6h 0.269154 276290 11756 1070190
8d7c 0.26914 271387 16644 1070190
8s7c 0.268599 270843 16609 1070190
8h7c 0.268599 270843 16609 1070190
8d6c 0.267105 274119 11734 1070190
8s6c 0.266588 273598 11701.5 1070190
8h6c 0.266588 273598 11701.5 1070190
9h8d 0.259546 260647 17116.5 1070190
9s8d 0.259546 260647 17116.5 1070190
9d8h 0.259541 260632 17126.5 1070190
9d8s 0.259541 260632 17126.5 1070190
9h8h 0.258971 260058 17090.5 1070190
9h8s 0.258971 260058 17090.5 1070190
9s8s 0.258971 260058 17090.5 1070190
9s8h 0.258971 260058 17090.5 1070190
7d6d 0.252645 260595 9783.5 1070190
9h7d 0.251374 251492 17526 1070190
9s7d 0.251374 251492 17526 1070190
9d7h 0.25134 251444 17537.5 1070190
9d7s 0.25134 251444 17537.5 1070190
9s6d 0.250889 256107 12392 1070190
9h6d 0.250889 256107 12392 1070190
9d6s 0.250831 256036 12401 1070190
9d6h 0.250831 256036 12401 1070190
9h7h 0.250799 250903 17500 1070190
9h7s 0.250799 250903 17500 1070190
9s7s 0.250799 250903 17500 1070190
9s7h 0.250799 250903 17500 1070190
9h6s 0.250314 255518 12366 1070190
9h6h 0.250314 255518 12366 1070190
9s6s 0.250314 255518 12366 1070190
9s6h 0.250314 255518 12366 1070190
7c6d 0.248266 255530 10162 1070190
7c6h 0.247745 254995 10139.5 1070190
7c6s 0.247745 254995 10139.5 1070190
7d6c 0.246964 254182 10116 1070190
7h6c 0.246449 253661 10086.5 1070190
7s6c 0.246449 253661 10086.5 1070190
8s7d 0.237214 237025 16839 1070190
8h7d 0.237214 237025 16839 1070190
8d7h 0.237206 237007 16848 1070190
8d7s 0.237206 237007 16848 1070190
8h6d 0.236729 241640 11705 1070190
8s6d 0.236729 241640 11705 1070190
8d6h 0.236697 241599 11711.5 1070190
8d6s 0.236697 241599 11711.5 1070190
8s7h 0.236665 236463 16813 1070190
8s7s 0.236665 236463 16813 1070190
8h7h 0.236665 236463 16813 1070190
8h7s 0.236665 236463 16813 1070190
8h6h 0.23618 241078 11679 1070190
8s6s 0.23618 241078 11679 1070190
8s6h 0.23618 241078 11679 1070190
8h6s 0.23618 241078 11679 1070190
7h6d 0.216303 221422 10063 1070190
7s6d 0.216303 221422 10063 1070190
7d6s 0.216296 221408 10070 1070190
7d6h 0.216296 221408 10070 1070190
7h6s 0.215782 220887 10040.5 1070190
7s6h 0.215782 220887 10040.5 1070190
7s6s 0.215782 220887 10040.5 1070190
7h6h 0.215782 220887 10040.5 1070190
