JsJc 0.962969 1030560 0 1070190
JhJc 0.962969 1030560 0 1070190
JsJh 0.94925 1015878 0 1070190
6h6d 0.942507 1008597 64.5 1070190
6s6d 0.942507 1008597 64.5 1070190
6s6h 0.942131 1008195 64.5 1070190
2h2d 0.935105 1000620 120 1070190
2s2d 0.935105 1000620 120 1070190
2s2h 0.934729 1000218 120 1070190
Jc6d 0.913741 975150 2726 1070190
Jc6h 0.913281 974658 2726 1070190
Jc6s 0.913281 974658 2726 1070190
AcJc 0.906445 967707 2361 1070190
Jc2d 0.899167 957021 5258 1070190
KcJc 0.899156 959304 2964 1070190
Jc2s 0.898707 956529 5258 1070190
Jc2h 0.898707 956529 5258 1070190
Jh6d 0.898697 959037 2739.5 1070190
Js6d 0.898697 959037 2739.5 1070190
Jh6h 0.898237 958545 2739.5 1070190
Jh6s 0.898237 958545 2739.5 1070190
Js6h 0.898237 958545 2739.5 1070190
Js6s 0.898237 958545 2739.5 1070190
QcJc 0.892338 951476 3495 1070190
Jh2d 0.884253 941124 5195 1070190
Js2d 0.884253 941124 5195 1070190
Jh2s 0.883794 940632 5195 1070190
Js2s 0.883794 940632 5195 1070190
Js2h 0.883794 940632 5195 1070190
Jh2h 0.883794 940632 5195 1070190
JcTc 0.876814 934404 3954 1070190
AdAc 0.874234 935124 472.5 1070190
Jc9c 0.873425 930390 4341 1070190
AsAc 0.873404 934236 472.5 1070190
AhAc 0.873404 934236 472.5 1070190
Jc8c 0.870238 926664 4656 1070190
Jc7c 0.867146 923112 4899 1070190
Jc5c 0.864583 917516 7752.5 1070190
Jc4c 0.863434 915968 8070.5 1070190
Jc3c 0.863126 915620 8088.5 1070190
KdKc 0.855119 914667 472.5 1070190
KsKc 0.854295 913785 472.5 1070190
KhKc 0.854295 913785 472.5 1070190
6d2d 0.852071 905811 6066.5 1070190
AcJs 0.848856 905118 3319.5 1070190
AcJh 0.848856 905118 3319.5 1070190
AsAd 0.84829 907359 472.5 1070190
AhAd 0.84829 907359 472.5 1070190
AsAh 0.84746 906471 472.5 1070190
6d2h 0.847384 900705 6156.5 1070190
6d2s 0.847384 900705 6156.5 1070190
6s2d 0.847384 900705 6156.5 1070190
6h2d 0.847384 900705 6156.5 1070190
6s2s 0.847029 900348 6134 1070190
6h2s 0.847029 900348 6134 1070190
6h2h 0.847029 900348 6134 1070190
6s2h 0.847029 900348 6134 1070190
AdJc 0.845233 901245 3315 1070190
AhJc 0.844319 900267 3315 1070190
AsJc 0.844319 900267 3315 1070190
KcJs 0.841579 896550 4099.5 1070190
KcJh 0.841579 896550 4099.5 1070190
KdJc 0.839233 894020 4119 1070190
KhJc 0.838325 893048 4119 1070190
KsJc 0.838325 893048 4119 1070190
QdQc 0.83603 894238 472.5 1070190
QsQc 0.835211 893362 472.5 1070190
QhQc 0.835211 893362 472.5 1070190
QcJh 0.834589 888382 4786.5 1070190
QcJs 0.834589 888382 4786.5 1070190
QdJc 0.833502 887179 4827 1070190
QsJc 0.8326 886213 4827 1070190
QhJc 0.8326 886213 4827 1070190
KsKd 0.83008 887871 472.5 1070190
KhKd 0.83008 887871 472.5 1070190
KsKh 0.829256 886989 472.5 1070190
AdJs 0.823406 878007 3193.5 1070190
AdJh 0.823406 878007 3193.5 1070190
AhJh 0.822492 877029 3193.5 1070190
AhJs 0.822492 877029 3193.5 1070190
AsJh 0.822492 877029 3193.5 1070190
AsJs 0.822492 877029 3193.5 1070190
KdJs 0.817581 870993 3973.5 1070190
KdJh 0.817581 870993 3973.5 1070190
KhJs 0.816672 870021 3973.5 1070190
KsJh 0.816672 870021 3973.5 1070190
KsJs 0.816672 870021 3973.5 1070190
KhJh 0.816672 870021 3973.5 1070190
JcTd 0.813705 865380 5439 1070190
JcTs 0.812808 864420 5439 1070190
JcTh 0.812808 864420 5439 1070190
JsTc 0.812128 863751 5380.5 1070190
JhTc 0.812128 863751 5380.5 1070190
QdJh 0.812016 864351 4660.5 1070190
QdJs 0.812016 864351 4660.5 1070190
QsQd 0.81187 868383 472.5 1070190
QhQd 0.81187 868383 472.5 1070190
QhJs 0.811113 863385 4660.5 1070190
QsJs 0.811113 863385 4660.5 1070190
QsJh 0.811113 863385 4660.5 1070190
QhJh 0.811113 863385 4660.5 1070190
QsQh 0.811052 867507 472.5 1070190
Jc9d 0.808459 859250 5955 1070190
Jc9h 0.807562 858290 5955 1070190
Jc9s 0.807562 858290 5955 1070190
Js9c 0.805769 856444 5881.5 1070190
Jh9c 0.805769 856444 5881.5 1070190
Jc8d 0.803483 853504 6375 1070190
Jc8h 0.802586 852544 6375 1070190
Jc8s 0.802586 852544 6375 1070190
Js8c 0.799696 849537 6289.5 1070190
Jh8c 0.799696 849537 6289.5 1070190
Jc7d 0.798436 847779 6699 1070190
Jc7h 0.797533 846813 6699 1070190
Jc7s 0.797533 846813 6699 1070190
Jc5d 0.795683 840183 11349.5 1070190
Jc5h 0.794816 839259 11345.5 1070190
Jc5s 0.794816 839259 11345.5 1070190
Jc4d 0.793758 837602 11869.5 1070190
Js7c 0.793627 842727 6604.5 1070190
Jh7c 0.793627 842727 6604.5 1070190
Jc3d 0.793189 836957 11905.5 1070190
Jc4h 0.792885 836672 11865.5 1070190
Jc4s 0.792885 836672 11865.5 1070190
Jc3s 0.79231 836021 11901.5 1070190
Jc3h 0.79231 836021 11901.5 1070190
JhTd 0.79181 842133 5254.5 1070190
JsTd 0.79181 842133 5254.5 1070190
JhTs 0.790913 841173 5254.5 1070190
JhTh 0.790913 841173 5254.5 1070190
JsTs 0.790913 841173 5254.5 1070190
JsTh 0.790913 841173 5254.5 1070190
Js5c 0.789846 834207 11078 1070190
Jh5c 0.789846 834207 11078 1070190
Jh4c 0.786775 830426 11573 1070190
Js4c 0.786775 830426 11573 1070190
Jh9d 0.786722 836187 5755.5 1070190
Js9d 0.786722 836187 5755.5 1070190
Js9h 0.785825 835227 5755.5 1070190
Js9s 0.785825 835227 5755.5 1070190
Jh9h 0.785825 835227 5755.5 1070190
Jh9s 0.785825 835227 5755.5 1070190
Js3c 0.785017 828508 11609 1070190
Jh3c 0.785017 828508 11609 1070190
Js8d 0.781895 830613 6163.5 1070190
Jh8d 0.781895 830613 6163.5 1070190
Js8s 0.780998 829653 6163.5 1070190
Js8h 0.780998 829653 6163.5 1070190
Jh8s 0.780998 829653 6163.5 1070190
Jh8h 0.780998 829653 6163.5 1070190
Jh7d 0.776981 825039 6478.5 1070190
Js7d 0.776981 825039 6478.5 1070190
Js7s 0.776079 824073 6478.5 1070190
Jh7h 0.776079 824073 6478.5 1070190
Js7h 0.776079 824073 6478.5 1070190
Jh7s 0.776079 824073 6478.5 1070190
Jh5d 0.774586 817908 11046.5 1070190
Js5d 0.774586 817908 11046.5 1070190
Js5s 0.773719 816984 11042.5 1070190
Jh5h 0.773719 816984 11042.5 1070190
Jh5s 0.773719 816984 11042.5 1070190
Js5h 0.773719 816984 11042.5 1070190
Js4d 0.77269 815370 11555 1070190
Jh4d 0.77269 815370 11555 1070190
Js3d 0.772114 814716 11592.5 1070190
Jh3d 0.772114 814716 11592.5 1070190
Jh4h 0.771817 814440 11551 1070190
Jh4s 0.771817 814440 11551 1070190
Js4h 0.771817 814440 11551 1070190
Js4s 0.771817 814440 11551 1070190
Js3h 0.771235 813780 11588.5 1070190
Js3s 0.771235 813780 11588.5 1070190
Jh3s 0.771235 813780 11588.5 1070190
Jh3h 0.771235 813780 11588.5 1070190
TdTc 0.741035 792576 472.5 1070190
ThTc 0.740222 791706 472.5 1070190
TsTc 0.740222 791706 472.5 1070190
9d9c 0.721615 771793 472.5 1070190
Ac6d 0.721146 768336 3427.5 1070190
AcKc 0.721005 767769 3843.5 1070190
9h9c 0.720802 770923 472.5 1070190
9s9c 0.720802 770923 472.5 1070190
Ac6h 0.720366 767523 3405 1070190
Ac6s 0.720366 767523 3405 1070190
TsTd 0.717953 767874 472.5 1070190
ThTd 0.717953 767874 472.5 1070190
TsTh 0.71714 767004 472.5 1070190
AcQc 0.714757 761082 3843.5 1070190
Kc6d 0.713677 759574 4196.5 1070190
Kc6h 0.712934 758805 4170 1070190
Kc6s 0.712934 758805 4170 1070190
Ad6d 0.706802 753036 3376.5 1070190
Qc6d 0.706493 751208 4873.5 1070190
Qc6h 0.705785 750481 4843.5 1070190
Qc6s 0.705785 750481 4843.5 1070190
8d8c 0.702222 751038 472.5 1070190
8s8c 0.701409 750168 472.5 1070190
8h8c 0.701409 750168 472.5 1070190
Kd6d 0.700681 745721 4140.5 1070190
9h9d 0.699245 747852 472.5 1070190
9s9d 0.699245 747852 472.5 1070190
AcTc 0.698592 741824 5802.5 1070190
9s9h 0.698432 746982 472.5 1070190
Qd6d 0.694841 738798 4813.5 1070190
Tc6d 0.691244 730182 9580.5 1070190
Tc6s 0.690594 729543 9523.5 1070190
Tc6h 0.690594 729543 9523.5 1070190
Ad6s 0.689809 734715 3511.5 1070190
Ad6h 0.689809 734715 3511.5 1070190
As6d 0.689747 734649 3511.5 1070190
Ah6d 0.689747 734649 3511.5 1070190
As6h 0.688966 733836 3489 1070190
Ah6s 0.688966 733836 3489 1070190
As6s 0.688966 733836 3489 1070190
Ah6h 0.688966 733836 3489 1070190
Ac9c 0.687613 729539 6337.5 1070190
9c6d 0.685025 722293 10813.5 1070190
9c6h 0.684405 721694 10749 1070190
9c6s 0.684405 721694 10749 1070190
Kd6h 0.683706 727392 4303.5 1070190
Kd6s 0.683706 727392 4303.5 1070190
Kh6d 0.683613 727288 4307.5 1070190
Ks6d 0.683613 727288 4307.5 1070190
Kh6s 0.682869 726519 4281 1070190
Kh6h 0.682869 726519 4281 1070190
Ks6s 0.682869 726519 4281 1070190
Ks6h 0.682869 726519 4281 1070190
Td6d 0.682557 721086 9379.5 1070190
7d7c 0.682232 729645 472.5 1070190
Ac8c 0.681805 722895 6765.5 1070190
7h7c 0.681413 728769 472.5 1070190
7s7c 0.681413 728769 472.5 1070190
8h8d 0.680536 727830 472.5 1070190
8s8d 0.680536 727830 472.5 1070190
8s8h 0.679723 726960 472.5 1070190
8c6d 0.67928 714912 12046.5 1070190
8c6s 0.678688 714351 11974 1070190
8c6h 0.678688 714351 11974 1070190
Qd6h 0.677868 720447 5001 1070190
Qd6s 0.677868 720447 5001 1070190
Qs6d 0.677745 720307 5008.5 1070190
Qh6d 0.677745 720307 5008.5 1070190
KcQc 0.67773 721582 3718 1070190
9d6d 0.677566 714509 10615.5 1070190
Qh6s 0.677037 719580 4978.5 1070190
Qh6h 0.677037 719580 4978.5 1070190
Qs6s 0.677037 719580 4978.5 1070190
Qs6h 0.677037 719580 4978.5 1070190
Ac7c 0.67619 716565 7086.5 1070190
7c6d 0.673951 708096 13159.5 1070190
7c6h 0.673383 707568 13079.5 1070190
7c6s 0.673383 707568 13079.5 1070190
8d6d 0.673054 708448 11847.5 1070190
7d6d 0.668943 702939 12957.5 1070190
Ac5c 0.666451 702510 10719 1070190
Td6h 0.665414 702363 9756 1070190
Td6s 0.665414 702363 9756 1070190
Ts6d 0.665238 702141 9790.5 1070190
Th6d 0.665238 702141 9790.5 1070190
Ts6s 0.664588 701502 9733.5 1070190
Ts6h 0.664588 701502 9733.5 1070190
Th6h 0.664588 701502 9733.5 1070190
Th6s 0.664588 701502 9733.5 1070190
Ac4c 0.663974 699413 11165.5 1070190
6d5c 0.662877 694579 14825.5 1070190
Ac3c 0.662749 698102 11165.5 1070190
6h5c 0.662317 694066 14739.5 1070190
6s5c 0.662317 694066 14739.5 1070190
KcTc 0.661432 702181 5677 1070190
7s7d 0.661126 707058 472.5 1070190
7h7d 0.661126 707058 472.5 1070190
9d6s 0.660367 695674 11044.5 1070190
9d6h 0.660367 695674 11044.5 1070190
7s7h 0.660308 706182 472.5 1070190
9h6d 0.660162 695412 11086.5 1070190
9s6d 0.660162 695412 11086.5 1070190
6d4c 0.659753 690726 15335.5 1070190
9h6s 0.659542 694813 11022 1070190
9s6h 0.659542 694813 11022 1070190
9s6s 0.659542 694813 11022 1070190
9h6h 0.659542 694813 11022 1070190
6s4c 0.659204 690227 15246 1070190
6h4c 0.659204 690227 15246 1070190
6d5d 0.658919 690590 14578 1070190
6d3c 0.658 688820 15365.5 1070190
6s3c 0.657451 688321 15276 1070190
6h3c 0.657451 688321 15276 1070190
6d4d 0.657052 688080 15091 1070190
6d3d 0.656521 687474 15128 1070190
8d6s 0.65579 689487 12332.5 1070190
8d6h 0.65579 689487 12332.5 1070190
8s6d 0.655556 689187 12382.5 1070190
8h6d 0.655556 689187 12382.5 1070190
8h6s 0.654964 688626 12310 1070190
8s6h 0.654964 688626 12310 1070190
8h6h 0.654964 688626 12310 1070190
8s6s 0.654964 688626 12310 1070190
7d6h 0.651567 683805 13495 1070190
7d6s 0.651567 683805 13495 1070190
7s6d 0.651304 683466 13552.5 1070190
7h6d 0.651304 683466 13552.5 1070190
7s6s 0.650735 682938 13472.5 1070190
7s6h 0.650735 682938 13472.5 1070190
7h6s 0.650735 682938 13472.5 1070190
7h6h 0.650735 682938 13472.5 1070190
Kc9c 0.650453 689896 6212 1070190
6s5d 0.641302 671102 15213 1070190
6h5d 0.641302 671102 15213 1070190
6d5s 0.641065 670788 15273 1070190
6d5h 0.641065 670788 15273 1070190
6s5s 0.640505 670275 15187 1070190
6h5s 0.640505 670275 15187 1070190
6h5h 0.640505 670275 15187 1070190
6s5h 0.640505 670275 15187 1070190
6h4d 0.639317 668440 15750.5 1070190
6s4d 0.639317 668440 15750.5 1070190
6d4s 0.639064 668106 15814 1070190
6d4h 0.639064 668106 15814 1070190
Kc8c 0.639005 677217 6640 1070190
6s3d 0.638735 667780 15787.5 1070190
6h3d 0.638735 667780 15787.5 1070190
6s4s 0.638514 667607 15724.5 1070190
6h4s 0.638514 667607 15724.5 1070190
6h4h 0.638514 667607 15724.5 1070190
6s4h 0.638514 667607 15724.5 1070190
6d3h 0.638476 667440 15851 1070190
6d3s 0.638476 667440 15851 1070190
6h3s 0.637926 666941 15761.5 1070190
6s3s 0.637926 666941 15761.5 1070190
6s3h 0.637926 666941 15761.5 1070190
6h3h 0.637926 666941 15761.5 1070190
Kc7c 0.63339 670887 6961 1070190
QcTc 0.630241 668926 5551.5 1070190
Kc5c 0.624057 657266 10593.5 1070190
Kc4c 0.62158 654169 11040 1070190
Kc3c 0.620355 652858 11040 1070190
Qc9c 0.619128 656498 6086.5 1070190
Ac2d 0.608827 647409 4152 1070190
Ac2s 0.608047 646596 4129.5 1070190
Ac2h 0.608047 646596 4129.5 1070190
Qc8c 0.60768 643819 6514.5 1070190
Kc2d 0.600285 637585 4834 1070190
Kc2h 0.599542 636816 4807.5 1070190
Kc2s 0.599542 636816 4807.5 1070190
Qc7c 0.595692 630668 6835.5 1070190
Ad2d 0.595247 632940 4087.5 1070190
5d5c 0.594129 634674 1156.5 1070190
5h5c 0.593385 633882 1152.5 1070190
5s5c 0.593385 633882 1152.5 1070190
Qc2d 0.592158 628298 5424 1070190
Qc2h 0.591451 627571 5394 1070190
Qc2s 0.591451 627571 5394 1070190
Kd2d 0.588056 624569 4763 1070190
Qc5c 0.586629 617337 10468 1070190
Qc4c 0.584153 614240 10914.5 1070190
Qc3c 0.582928 612929 10914.5 1070190
Tc9c 0.581509 615317 7008.5 1070190
Qd2d 0.581279 616731 5347.5 1070190
Tc2d 0.576217 606816 9846 1070190
Tc2h 0.575567 606177 9789 1070190
Tc2s 0.575567 606177 9789 1070190
4d4c 0.575357 614621 1120.5 1070190
4s4c 0.574608 613823 1116.5 1070190
4h4c 0.574608 613823 1116.5 1070190
Ad2s 0.57249 608451 4222.5 1070190
Ad2h 0.57249 608451 4222.5 1070190
Ah2d 0.572462 608421 4222.5 1070190
As2d 0.572462 608421 4222.5 1070190
Ah2h 0.571682 607608 4200 1070190
Ah2s 0.571682 607608 4200 1070190
As2h 0.571682 607608 4200 1070190
As2s 0.571682 607608 4200 1070190
5h5d 0.571122 610064 1145.5 1070190
5s5d 0.571122 610064 1145.5 1070190
5s5h 0.570379 609272 1141.5 1070190
Tc8c 0.569927 602494 7436.5 1070190
9c2d 0.569319 598288 10992 1070190
9c2h 0.568699 597689 10927.5 1070190
9c2s 0.568699 597689 10927.5 1070190
Td2d 0.568307 598569 9627 1070190
Kd2s 0.565318 600072 4926 1070190
Kd2h 0.565318 600072 4926 1070190
Ks2d 0.565259 600004 4930 1070190
Kh2d 0.565259 600004 4930 1070190
Ks2s 0.564515 599235 4903.5 1070190
Ks2h 0.564515 599235 4903.5 1070190
Kh2s 0.564515 599235 4903.5 1070190
Kh2h 0.564515 599235 4903.5 1070190
AcKd 0.563371 597316 5598.5 1070190
8c2d 0.563028 590409 12138 1070190
9d2d 0.562642 591359 10774.5 1070190
AcKs 0.562555 596465 5576 1070190
AcKh 0.562555 596465 5576 1070190
8c2s 0.562436 589848 12065.5 1070190
8c2h 0.562436 589848 12065.5 1070190
AdKc 0.561831 595687 5578.5 1070190
AhKc 0.561013 594839 5552 1070190
AsKc 0.561013 594839 5552 1070190
5c2d 0.559511 583094 15689.5 1070190
5c2s 0.558967 582604 15596.5 1070190
5c2h 0.558967 582604 15596.5 1070190
Qd2h 0.558543 592212 5535 1070190
Qd2s 0.558543 592212 5535 1070190
Qh2d 0.558453 592108 5542.5 1070190
Qs2d 0.558453 592108 5542.5 1070190
Tc7c 0.557939 589343 7757.5 1070190
Qs2h 0.557745 591381 5512.5 1070190
Qs2s 0.557745 591381 5512.5 1070190
Qh2s 0.557745 591381 5512.5 1070190
Qh2h 0.557745 591381 5512.5 1070190
8d2d 0.557587 584806 11918 1070190
4c2d 0.557495 580990 15635.5 1070190
7c2d 0.557284 583236 13164 1070190
4c2s 0.55695 580500 15542.5 1070190
4c2h 0.55695 580500 15542.5 1070190
3d3c 0.556743 594736 1084.5 1070190
7c2s 0.556716 582708 13084 1070190
7c2h 0.556716 582708 13084 1070190
5d2d 0.556072 579695 15408 1070190
3h3c 0.555988 593932 1080.5 1070190
3s3c 0.555988 593932 1080.5 1070190
3c2d 0.555635 579054 15581.5 1070190
4d2d 0.555285 578905 15355.5 1070190
3c2s 0.555091 578564 15488.5 1070190
3c2h 0.555091 578564 15488.5 1070190
3d2d 0.554656 578284 15303 1070190
AcQd 0.55432 587629 5598.5 1070190
AcQh 0.553509 586784 5576 1070190
AcQs 0.553509 586784 5576 1070190
7d2d 0.553066 578946 12939.5 1070190
4s4d 0.55295 590651 1111 1070190
4h4d 0.55295 590651 1111 1070190
4s4h 0.552201 589853 1107 1070190
AdKd 0.551766 585247 5247 1070190
AdQc 0.551368 584490 5578.5 1070190
9c8c 0.551224 582907 7007.5 1070190
AhQc 0.550584 583677 5552 1070190
AsQc 0.550584 583677 5552 1070190
Td2h 0.5454 573678 10003.5 1070190
Td2s 0.5454 573678 10003.5 1070190
Th2d 0.545258 573492 10038 1070190
Ts2d 0.545258 573492 10038 1070190
Th2s 0.544608 572853 9981 1070190
Th2h 0.544608 572853 9981 1070190
Ts2h 0.544608 572853 9981 1070190
Ts2s 0.544608 572853 9981 1070190
5c4c 0.543934 572910 9203 1070190
AdQd 0.543042 575911 5247 1070190
Tc5c 0.541921 568568 11390 1070190
9d2h 0.539679 566356 11203.5 1070190
9d2s 0.539679 566356 11203.5 1070190
9h2d 0.539507 566130 11245.5 1070190
9s2d 0.539507 566130 11245.5 1070190
Tc4c 0.539444 565471 11836.5 1070190
9c7c 0.539369 569899 7328.5 1070190
9s2s 0.538887 565531 11181 1070190
9s2h 0.538887 565531 11181 1070190
9h2s 0.538887 565531 11181 1070190
9h2h 0.538887 565531 11181 1070190
Tc3c 0.538219 564160 11836.5 1070190
5c3c 0.535272 563640 9203 1070190
3s3d 0.53491 571379 1076.5 1070190
3h3d 0.53491 571379 1076.5 1070190
8d2h 0.534559 559677 12403 1070190
8d2s 0.534559 559677 12403 1070190
8h2d 0.534359 559413 12453 1070190
8s2d 0.534359 559413 12453 1070190
3s3h 0.534155 570575 1072.5 1070190
AcTd 0.533943 563431 7989.5 1070190
8h2h 0.533767 558852 12380.5 1070190
8h2s 0.533767 558852 12380.5 1070190
8s2s 0.533767 558852 12380.5 1070190
8s2h 0.533767 558852 12380.5 1070190
5d2s 0.53371 555079 16092 1070190
5d2h 0.53371 555079 16092 1070190
5h2d 0.533499 554786 16159 1070190
5s2d 0.533499 554786 16159 1070190
AcTh 0.533138 562592 7967 1070190
AcTs 0.533138 562592 7967 1070190
5s2h 0.532954 554296 16066 1070190
5h2h 0.532954 554296 16066 1070190
5h2s 0.532954 554296 16066 1070190
5s2s 0.532954 554296 16066 1070190
4d2h 0.532898 554263 16039.5 1070190
4d2s 0.532898 554263 16039.5 1070190
4s2d 0.532682 553964 16106.5 1070190
4h2d 0.532682 553964 16106.5 1070190
3d2h 0.532219 553588 15987 1070190
3d2s 0.532219 553588 15987 1070190
4h2h 0.532137 553474 16013.5 1070190
4s2h 0.532137 553474 16013.5 1070190
4h2s 0.532137 553474 16013.5 1070190
4s2s 0.532137 553474 16013.5 1070190
3s2d 0.531996 553283 16054 1070190
3h2d 0.531996 553283 16054 1070190
3h2s 0.531451 552793 15961 1070190
3h2h 0.531451 552793 15961 1070190
3s2h 0.531451 552793 15961 1070190
3s2s 0.531451 552793 15961 1070190
7d2h 0.529926 553644 13477 1070190
7d2s 0.529926 553644 13477 1070190
7s2d 0.529696 553341 13534.5 1070190
7h2d 0.529696 553341 13534.5 1070190
7s2s 0.529128 552813 13454.5 1070190
7h2h 0.529128 552813 13454.5 1070190
7s2h 0.529128 552813 13454.5 1070190
7h2s 0.529128 552813 13454.5 1070190
4c3c 0.528309 558071 7320.5 1070190
AdTc 0.527413 556487 7945.5 1070190
AdKs 0.527359 558877 5497.5 1070190
AdKh 0.527359 558877 5497.5 1070190
AsKd 0.527358 558880 5493.5 1070190
AhKd 0.527358 558880 5493.5 1070190
AsTc 0.526673 555733 7907 1070190
AhTc 0.526673 555733 7907 1070190
AsKs 0.526542 558029 5471 1070190
AhKs 0.526542 558029 5471 1070190
AhKh 0.526542 558029 5471 1070190
AsKh 0.526542 558029 5471 1070190
8c7c 0.525904 556025 6792.5 1070190
9c5c 0.523317 549195 10854 1070190
AdTd 0.522848 552077 7470 1070190
AsQd 0.518307 549193 5493.5 1070190
AhQd 0.518307 549193 5493.5 1070190
AdQh 0.51828 549161 5497.5 1070190
AdQs 0.51828 549161 5497.5 1070190
AsQh 0.517496 548348 5471 1070190
AsQs 0.517496 548348 5471 1070190
AhQs 0.517496 548348 5471 1070190
AhQh 0.517496 548348 5471 1070190
Ac9d 0.51686 544434 8704.5 1070190
Ac9h 0.516059 543599 8682 1070190
Ac9s 0.516059 543599 8682 1070190
9c4c 0.513058 537716 11354 1070190
9c3c 0.511833 536405 11354 1070190
8c5c 0.509717 535176 10318 1070190
Ad9c 0.509048 536128 8650.5 1070190
Ah9c 0.508342 535415 8607 1070190
As9c 0.508342 535415 8607 1070190
Ac8d 0.508156 534547 9276.5 1070190
Ac8s 0.507355 533712 9254 1070190
Ac8h 0.507355 533712 9254 1070190
Ad9d 0.506267 533687 8115 1070190
KcQd 0.50242 532248 5437 1070190
KcQs 0.501639 531435 5414.5 1070190
KcQh 0.501639 531435 5414.5 1070190
KdQc 0.500903 530642 5419.5 1070190
KsQc 0.500121 529831 5393.5 1070190
KhQc 0.500121 529831 5393.5 1070190
Ac7d 0.499514 524869 9705.5 1070190
8c4c 0.499508 523804 10764.5 1070190
Ad8c 0.499102 524919 9214.5 1070190
Ac7h 0.498707 524028 9683 1070190
Ac7s 0.498707 524028 9683 1070190
Ah8c 0.498426 524243 9167 1070190
As8c 0.498426 524243 9167 1070190
Ad8d 0.497891 524207 8631 1070190
AhTd 0.497675 524758 7848.5 1070190
AsTd 0.497675 524758 7848.5 1070190
AdTs 0.49761 524673 7864.5 1070190
AdTh 0.49761 524673 7864.5 1070190
AsTs 0.49687 523919 7826 1070190
AsTh 0.49687 523919 7826 1070190
AhTh 0.49687 523919 7826 1070190
AhTs 0.49687 523919 7826 1070190
KdQd 0.493979 523557 5094 1070190
7c5c 0.492858 518259 9192.5 1070190
8c3c 0.490081 513715 10764.5 1070190
Ad7d 0.489579 514925 9018 1070190
Ad7c 0.489293 513999 9637.5 1070190
Ah7c 0.488645 513356 9587 1070190
As7c 0.488645 513356 9587 1070190
Ac5d 0.488353 506976 15654.5 1070190
Ac5s 0.487646 506245 15628.5 1070190
Ac5h 0.487646 506245 15628.5 1070190
Ac4d 0.484657 502298 16377 1070190
Ac4s 0.483944 501561 16351 1070190
Ac4h 0.483944 501561 16351 1070190
Ac3d 0.482986 500510 16377 1070190
7c4c 0.482782 507030 9639 1070190
Ac3s 0.482268 499767 16351 1070190
Ac3h 0.482268 499767 16351 1070190
KcTd 0.481826 507817 7828 1070190
KcTh 0.481051 507010 7805.5 1070190
KcTs 0.481051 507010 7805.5 1070190
As9d 0.480222 505380 8548.5 1070190
Ah9d 0.480222 505380 8548.5 1070190
Ad9s 0.480127 505258 8569.5 1070190
Ad9h 0.480127 505258 8569.5 1070190
As9h 0.47942 504545 8526 1070190
Ah9s 0.47942 504545 8526 1070190
Ah9h 0.47942 504545 8526 1070190
As9s 0.47942 504545 8526 1070190
Ad5d 0.47776 496603 14690.5 1070190
KdTc 0.476731 502406 7786.5 1070190
Ad5c 0.476342 494382 15394 1070190
KsTc 0.475993 501654 7748.5 1070190
KhTc 0.475993 501654 7748.5 1070190
Ah5c 0.475734 493800 15325.5 1070190
As5c 0.475734 493800 15325.5 1070190
Ad4d 0.474149 492058 15371.5 1070190
KdTd 0.473572 499495 7317 1070190
7c3c 0.473355 496941 9639 1070190
Ad3d 0.472447 490237 15371.5 1070190
As8d 0.471512 495499 9108.5 1070190
Ah8d 0.471512 495499 9108.5 1070190
Ad8h 0.471387 495340 9133.5 1070190
Ad8s 0.471387 495340 9133.5 1070190
Ad4c 0.471371 488363 16093 1070190
Ah4c 0.470772 487795 16021 1070190
As4c 0.470772 487795 16021 1070190
As8h 0.470711 494664 9086 1070190
Ah8h 0.470711 494664 9086 1070190
Ah8s 0.470711 494664 9086 1070190
As8s 0.470711 494664 9086 1070190
Ad3c 0.468384 485167 16093 1070190
As3c 0.467786 484599 16021 1070190
Ah3c 0.467786 484599 16021 1070190
KdQh 0.467042 494485 5338.5 1070190
KdQs 0.467042 494485 5338.5 1070190
KhQd 0.46704 494487 5335 1070190
KsQd 0.46704 494487 5335 1070190
KhQh 0.46626 493674 5312.5 1070190
KhQs 0.46626 493674 5312.5 1070190
KsQs 0.46626 493674 5312.5 1070190
KsQh 0.46626 493674 5312.5 1070190
Kc9d 0.464738 488815 8543 1070190
Kc9s 0.463966 488011 8520.5 1070190
Kc9h 0.463966 488011 8520.5 1070190
As7d 0.462847 485806 9528.5 1070190
Ah7d 0.462847 485806 9528.5 1070190
Ad7s 0.462688 485608 9556.5 1070190
Ad7h 0.462688 485608 9556.5 1070190
As7s 0.46204 484965 9506 1070190
Ah7s 0.46204 484965 9506 1070190
Ah7h 0.46204 484965 9506 1070190
As7h 0.46204 484965 9506 1070190
Kd9c 0.45837 482052 8491.5 1070190
Kh9c 0.457667 481342 8448.5 1070190
Ks9c 0.457667 481342 8448.5 1070190
Kd9d 0.456991 481105 7962 1070190
Ah5d 0.451471 467707 15453 1070190
As5d 0.451471 467707 15453 1070190
Ad5h 0.451372 467558 15495.5 1070190
Ad5s 0.451372 467558 15495.5 1070190
As5h 0.450764 466976 15427 1070190
As5s 0.450764 466976 15427 1070190
Ah5h 0.450764 466976 15427 1070190
Ah5s 0.450764 466976 15427 1070190
Ah4d 0.447702 462954 16172.5 1070190
As4d 0.447702 462954 16172.5 1070190
Ad4s 0.447587 462785 16218.5 1070190
Ad4h 0.447587 462785 16218.5 1070190
As4s 0.446989 462217 16146.5 1070190
Ah4h 0.446989 462217 16146.5 1070190
Ah4s 0.446989 462217 16146.5 1070190
As4h 0.446989 462217 16146.5 1070190
Kc8d 0.446805 469051 9115 1070190
KsTd 0.446182 469810 7690 1070190
KhTd 0.446182 469810 7690 1070190
KdTh 0.446146 469755 7705.5 1070190
KdTs 0.446146 469755 7705.5 1070190
Kc8s 0.446037 468252 9092.5 1070190
Kc8h 0.446037 468252 9092.5 1070190
As3d 0.44595 461079 16172.5 1070190
Ah3d 0.44595 461079 16172.5 1070190
Ad3h 0.44583 460904 16218.5 1070190
Ad3s 0.44583 460904 16218.5 1070190
KsTs 0.445407 469003 7667.5 1070190
KhTh 0.445407 469003 7667.5 1070190
KsTh 0.445407 469003 7667.5 1070190
KhTs 0.445407 469003 7667.5 1070190
As3h 0.445232 460336 16146.5 1070190
As3s 0.445232 460336 16146.5 1070190
Ah3s 0.445232 460336 16146.5 1070190
Ah3h 0.445232 460336 16146.5 1070190
Kd8d 0.439547 461921 8478 1070190
Kd8c 0.439171 460941 9055.5 1070190
QcTd 0.438537 461651 7666.5 1070190
Ks8c 0.438498 460268 9008.5 1070190
Kh8c 0.438498 460268 9008.5 1070190
Kc7d 0.438162 459373 9544 1070190
QcTh 0.43779 460875 7644 1070190
QcTs 0.43779 460875 7644 1070190
Kc7s 0.437389 458568 9521.5 1070190
Kc7h 0.437389 458568 9521.5 1070190
QdTc 0.43485 457745 7627.5 1070190
QsTc 0.434114 456994 7590 1070190
QhTc 0.434114 456994 7590 1070190
QdTd 0.43287 456089 7164 1070190
Kd7d 0.431236 452639 8865 1070190
Kd7c 0.429363 450021 9478.5 1070190
Kh9d 0.42873 450433 8390 1070190
Ks9d 0.42873 450433 8390 1070190
Kh7c 0.428718 449381 9428.5 1070190
Ks7c 0.428718 449381 9428.5 1070190
Kd9s 0.428662 450339 8410.5 1070190
Kd9h 0.428662 450339 8410.5 1070190
Ks9s 0.427958 449629 8367.5 1070190
Kh9s 0.427958 449629 8367.5 1070190
Kh9h 0.427958 449629 8367.5 1070190
Ks9h 0.427958 449629 8367.5 1070190
Kc5d 0.4276 442120 15493 1070190
Kc5s 0.426925 441424 15467 1070190
Kc5h 0.426925 441424 15467 1070190
Kc4d 0.423904 437442 16215.5 1070190
Kc4h 0.423223 436740 16189.5 1070190
Kc4s 0.423223 436740 16189.5 1070190
Kc3d 0.422233 435654 16215.5 1070190
Kc3s 0.421547 434946 16189.5 1070190
Kc3h 0.421547 434946 16189.5 1070190
Qc9d 0.421231 442416 8381.5 1070190
Qc9h 0.420488 441643 8359 1070190
Qc9s 0.420488 441643 8359 1070190
Kd5d 0.419997 434939 14537.5 1070190
Kd5c 0.417014 431049 15235 1070190
Ks5c 0.416409 430470 15167 1070190
Kh5c 0.416409 430470 15167 1070190
Kd4d 0.416386 430394 15218.5 1070190
Qd9c 0.416272 437158 8332.5 1070190
Qd9d 0.416077 437472 7809 1070190
Qs9c 0.41557 436449 8290 1070190
Qh9c 0.41557 436449 8290 1070190
Kd3d 0.414685 428573 15218.5 1070190
Kd4c 0.412043 425030 15934 1070190
Ks4c 0.411448 424465 15862.5 1070190
Kh4c 0.411448 424465 15862.5 1070190
Kh8d 0.410371 430225 8950 1070190
Ks8d 0.410371 430225 8950 1070190
Kd8h 0.410276 430099 8974.5 1070190
Kd8s 0.410276 430099 8974.5 1070190
Kh8s 0.409603 429426 8927.5 1070190
Ks8s 0.409603 429426 8927.5 1070190
Kh8h 0.409603 429426 8927.5 1070190
Ks8h 0.409603 429426 8927.5 1070190
Kd3c 0.409056 421834 15934 1070190
Ks3c 0.408462 421269 15862.5 1070190
Kh3c 0.408462 421269 15862.5 1070190
QhTd 0.403717 424522 7531.5 1070190
QsTd 0.403717 424522 7531.5 1070190
QdTs 0.403707 424497 7546.5 1070190
QdTh 0.403707 424497 7546.5 1070190
Qc8d 0.403293 422647 8953.5 1070190
QsTh 0.402971 423746 7509 1070190
QsTs 0.402971 423746 7509 1070190
QhTh 0.402971 423746 7509 1070190
QhTs 0.402971 423746 7509 1070190
Qc8h 0.402554 421878 8931 1070190
Qc8s 0.402554 421878 8931 1070190
Ks7d 0.401706 420532 9370 1070190
Kh7d 0.401706 420532 9370 1070190
Kd7h 0.401578 420367 9397.5 1070190
Kd7s 0.401578 420367 9397.5 1070190
Ks7h 0.400933 419727 9347.5 1070190
Kh7s 0.400933 419727 9347.5 1070190
Kh7h 0.400933 419727 9347.5 1070190
Ks7s 0.400933 419727 9347.5 1070190
Qd8d 0.398633 418288 8325 1070190
Qd8c 0.397078 416052 8896.5 1070190
Qh8c 0.396407 415381 8850 1070190
Qs8c 0.396407 415381 8850 1070190
Ks5d 0.390951 403097 15294.5 1070190
Kh5d 0.390951 403097 15294.5 1070190
Kd5h 0.390881 402980 15336.5 1070190
Kd5s 0.390881 402980 15336.5 1070190
Ks5h 0.390276 402401 15268.5 1070190
Ks5s 0.390276 402401 15268.5 1070190
Kh5h 0.390276 402401 15268.5 1070190
Kh5s 0.390276 402401 15268.5 1070190
Ks4d 0.387182 398344 16014 1070190
Kh4d 0.387182 398344 16014 1070190
Kd4s 0.387096 398207 16059.5 1070190
Kd4h 0.387096 398207 16059.5 1070190
Kh4h 0.386501 397642 15988 1070190
Ks4s 0.386501 397642 15988 1070190
Kh4s 0.386501 397642 15988 1070190
Ks4h 0.386501 397642 15988 1070190
Qh9d 0.386038 404903 8231.5 1070190
Qs9d 0.386038 404903 8231.5 1070190
Qd9s 0.385997 404839 8251.5 1070190
Qd9h 0.385997 404839 8251.5 1070190
Kh3d 0.38543 396469 16014 1070190
Ks3d 0.38543 396469 16014 1070190
Kd3h 0.385339 396326 16059.5 1070190
Kd3s 0.385339 396326 16059.5 1070190
Qs9h 0.385295 404130 8209 1070190
Qh9s 0.385295 404130 8209 1070190
Qs9s 0.385295 404130 8209 1070190
Qh9h 0.385295 404130 8209 1070190
Kh3h 0.384744 395761 15988 1070190
Ks3h 0.384744 395761 15988 1070190
Ks3s 0.384744 395761 15988 1070190
Kh3s 0.384744 395761 15988 1070190
Qc7d 0.384221 401807 9382.5 1070190
Qc7s 0.383481 401038 9360 1070190
Qc7h 0.383481 401038 9360 1070190
Qd7d 0.380086 398052 8712 1070190
Qd7c 0.376816 393945 9319.5 1070190
Qs7c 0.376174 393308 9270 1070190
Qh7c 0.376174 393308 9270 1070190
Qc5d 0.374039 384961 15331.5 1070190
Qc5s 0.373397 384300 15305.5 1070190
Qc5h 0.373397 384300 15305.5 1070190
Tc9d 0.373009 389993 9198 1070190
Tc9s 0.372297 389255 9173 1070190
Tc9h 0.372297 389255 9173 1070190
Td9d 0.372246 389817 8557 1070190
Td9c 0.371655 388588 9153 1070190
Th9c 0.370955 387879 9113 1070190
Ts9c 0.370955 387879 9113 1070190
Qc4d 0.370343 380283 16054 1070190
Qc4h 0.369695 379616 16028 1070190
Qc4s 0.369695 379616 16028 1070190
Qd5d 0.369216 380747 14384.5 1070190
Qc3d 0.368672 378495 16054 1070190
Qc3h 0.368019 377822 16028 1070190
Qc3s 0.368019 377822 16028 1070190
Qs8d 0.36768 384696 8791.5 1070190
Qh8d 0.36768 384696 8791.5 1070190
Qd8h 0.367611 384598 8815.5 1070190
Qd8s 0.367611 384598 8815.5 1070190
Qh8h 0.36694 383927 8769 1070190
Qs8h 0.36694 383927 8769 1070190
Qs8s 0.36694 383927 8769 1070190
Qh8s 0.36694 383927 8769 1070190
Qd4d 0.365606 376202 15065.5 1070190
Qd5c 0.364852 375385 15076 1070190
Qh5c 0.364251 374809 15008.5 1070190
Qs5c 0.364251 374809 15008.5 1070190
Qd3d 0.363904 374381 15065.5 1070190
Qd4c 0.359881 369366 15775 1070190
Qh4c 0.359289 368804 15704 1070190
Qs4c 0.359289 368804 15704 1070190
Qd3c 0.356895 366170 15775 1070190
Qs3c 0.356303 365608 15704 1070190
Qh3c 0.356303 365608 15704 1070190
Tc8d 0.354854 369991 9770 1070190
Td8d 0.35459 370406 9073 1070190
Tc8h 0.354145 369257 9745 1070190
Tc8s 0.354145 369257 9745 1070190
Td8c 0.352242 367249 9717 1070190
Ts8c 0.351574 366578 9673 1070190
Th8c 0.351574 366578 9673 1070190
Qs7d 0.348126 363349 9211.5 1070190
Qh7d 0.348126 363349 9211.5 1070190
Qd7h 0.348027 363217 9238.5 1070190
Qd7s 0.348027 363217 9238.5 1070190
Qh7s 0.347386 362580 9189 1070190
Qh7h 0.347386 362580 9189 1070190
Qs7s 0.347386 362580 9189 1070190
Qs7h 0.347386 362580 9189 1070190
Th9d 0.340751 355611 9057 1070190
Ts9d 0.340751 355611 9057 1070190
Td9h 0.340738 355582 9072 1070190
Td9s 0.340738 355582 9072 1070190
Ts9s 0.340038 354873 9032 1070190
Ts9h 0.340038 354873 9032 1070190
Th9h 0.340038 354873 9032 1070190
Th9s 0.340038 354873 9032 1070190
Qs5d 0.337764 346336 15136 1070190
Qh5d 0.337764 346336 15136 1070190
Qd5s 0.337724 346251 15177.5 1070190
Qd5h 0.337724 346251 15177.5 1070190
Qs5s 0.337122 345675 15110 1070190
Qh5h 0.337122 345675 15110 1070190
Qh5s 0.337122 345675 15110 1070190
Qs5h 0.337122 345675 15110 1070190
Td7d 0.336043 350170 9460 1070190
Tc7d 0.335777 349146 10199 1070190
Tc7s 0.335067 348411 10174 1070190
Tc7h 0.335067 348411 10174 1070190
Qh4d 0.333995 341583 15855.5 1070190
Qs4d 0.333995 341583 15855.5 1070190
Qd4h 0.333939 341478 15900.5 1070190
Qd4s 0.333939 341478 15900.5 1070190
Qh4s 0.333348 340916 15829.5 1070190
Qh4h 0.333348 340916 15829.5 1070190
Qs4s 0.333348 340916 15829.5 1070190
Qs4h 0.333348 340916 15829.5 1070190
Qh3d 0.332243 339708 15855.5 1070190
Qs3d 0.332243 339708 15855.5 1070190
Qd3s 0.332182 339597 15900.5 1070190
Qd3h 0.332182 339597 15900.5 1070190
Td7c 0.331985 345147 10140 1070190
Qh3s 0.33159 339035 15829.5 1070190
Qh3h 0.33159 339035 15829.5 1070190
Qs3s 0.33159 339035 15829.5 1070190
Qs3h 0.33159 339035 15829.5 1070190
Th7c 0.331347 344511 10093 1070190
Ts7c 0.331347 344511 10093 1070190
9d8d 0.330596 345256 8545 1070190
5d4d 0.329623 340839 11920.5 1070190
9c8d 0.328859 342745 9197 1070190
9c8s 0.328176 342039 9172 1070190
9c8h 0.328176 342039 9172 1070190
9d8c 0.32753 341366 9153 1070190
9h8c 0.326861 340691 9112 1070190
9s8c 0.326861 340691 9112 1070190
5c4d 0.325228 335445 12610.5 1070190
5c4h 0.324669 334884 12574 1070190
5c4s 0.324669 334884 12574 1070190
5d4c 0.324069 334292 12523 1070190
5h4c 0.323527 333762 12473 1070190
5s4c 0.323527 333762 12473 1070190
Ts8d 0.322166 335162 9617 1070190
Th8d 0.322166 335162 9617 1070190
Td8h 0.322125 335099 9636 1070190
Td8s 0.322125 335099 9636 1070190
Ts8s 0.321457 334428 9592 1070190
Ts8h 0.321457 334428 9592 1070190
Th8s 0.321457 334428 9592 1070190
Th8h 0.321457 334428 9592 1070190
5d3d 0.316181 326453 11920.5 1070190
Tc5d 0.314344 320260 16148 1070190
Td5d 0.31414 321057 15132.5 1070190
Tc5s 0.313737 319639 16119.5 1070190
Tc5h 0.313737 319639 16119.5 1070190
9d7d 0.312262 325248 8932 1070190
5c3d 0.311464 320715 12610.5 1070190
5c3h 0.310907 320156 12574 1070190
5c3s 0.310907 320156 12574 1070190
Tc4d 0.310648 315582 16870.5 1070190
Td4d 0.310529 316512 15813.5 1070190
Tc4s 0.310036 314955 16842 1070190
Tc4h 0.310036 314955 16842 1070190
9c7d 0.31 322133 9626 1070190
9c7s 0.309316 321426 9601 1070190
9c7h 0.309316 321426 9601 1070190
5d3c 0.309071 318242 12523 1070190
Tc3d 0.308977 313794 16870.5 1070190
Td3d 0.308828 314691 15813.5 1070190
Td5c 0.308752 314527 15896.5 1070190
5s3c 0.308536 317719 12473 1070190
5h3c 0.308536 317719 12473 1070190
Tc3s 0.308359 313161 16842 1070190
Tc3h 0.308359 313161 16842 1070190
Ts5c 0.308156 313954 15831.5 1070190
Th5c 0.308156 313954 15831.5 1070190
9d7c 0.30749 319497 9576 1070190
4d3d 0.306912 319460 8994.5 1070190
9h7c 0.306851 318857 9532 1070190
9s7c 0.306851 318857 9532 1070190
Td4c 0.303781 308508 16595.5 1070190
Ts4c 0.303195 307949 16527 1070190
Th4c 0.303195 307949 16527 1070190
Ts7d 0.302613 313816 10037 1070190
Th7d 0.302613 313816 10037 1070190
Td7h 0.302541 313717 10059 1070190
Td7s 0.302541 313717 10059 1070190
Th7s 0.301902 313081 10012 1070190
Th7h 0.301902 313081 10012 1070190
Ts7s 0.301902 313081 10012 1070190
Ts7h 0.301902 313081 10012 1070190
Td3c 0.300795 305312 16595.5 1070190
4c3d 0.30062 312204 9516 1070190
Th3c 0.300208 304753 16527 1070190
Ts3c 0.300208 304753 16527 1070190
4c3s 0.300089 311673 9479.5 1070190
4c3h 0.300089 311673 9479.5 1070190
4d3c 0.299409 310908 9516 1070190
5s4d 0.299036 307541 12484.5 1070190
5h4d 0.299036 307541 12484.5 1070190
5d4s 0.29902 307510 12498 1070190
5d4h 0.29902 307510 12498 1070190
4h3c 0.298883 310382 9479.5 1070190
4s3c 0.298883 310382 9479.5 1070190
5h4s 0.298478 306980 12448 1070190
5s4h 0.298478 306980 12448 1070190
5s4s 0.298478 306980 12448 1070190
5h4h 0.298478 306980 12448 1070190
9h8d 0.297292 309103 9056 1070190
9s8d 0.297292 309103 9056 1070190
9d8s 0.297278 309072 9072 1070190
9d8h 0.297278 309072 9072 1070190
9h8h 0.296609 308397 9031 1070190
9h8s 0.296609 308397 9031 1070190
9s8s 0.296609 308397 9031 1070190
9s8h 0.296609 308397 9031 1070190
8d7d 0.295693 308173 8275 1070190
8c7d 0.291645 303206 8910 1070190
8c7s 0.290987 302526 8885 1070190
8c7h 0.290987 302526 8885 1070190
8d7c 0.290389 301900 8871 1070190
9d5d 0.290249 296185 14436.5 1070190
8h7c 0.289748 301254 8831 1070190
8s7c 0.289748 301254 8831 1070190
9c5d 0.288457 293308 15396 1070190
9c5h 0.287875 292713 15367.5 1070190
9c5s 0.287875 292713 15367.5 1070190
5s3d 0.284728 292229 12484.5 1070190
5h3d 0.284728 292229 12484.5 1070190
5d3s 0.284707 292193 12498 1070190
5d3h 0.284707 292193 12498 1070190
5h3s 0.284172 291670 12448 1070190
5h3h 0.284172 291670 12448 1070190
5s3s 0.284172 291670 12448 1070190
5s3h 0.284172 291670 12448 1070190
9d5c 0.284157 288943 15158.5 1070190
9h5c 0.283559 288365 15097.5 1070190
9s5c 0.283559 288365 15097.5 1070190
Th5d 0.280516 284244 15961.5 1070190
Ts5d 0.280516 284244 15961.5 1070190
Td5h 0.280505 284196 15998 1070190
Td5s 0.280505 284196 15998 1070190
Ts5h 0.279909 283623 15933 1070190
Th5s 0.279909 283623 15933 1070190
Ts5s 0.279909 283623 15933 1070190
Th5h 0.279909 283623 15933 1070190
9h7d 0.277965 287999 9476 1070190
9s7d 0.277965 287999 9476 1070190
9d7h 0.27792 287932 9495 1070190
9d7s 0.27792 287932 9495 1070190
9h7h 0.277281 287292 9451 1070190
9h7s 0.277281 287292 9451 1070190
9s7s 0.277281 287292 9451 1070190
9s7h 0.277281 287292 9451 1070190
Th4d 0.276747 279491 16681 1070190
Ts4d 0.276747 279491 16681 1070190
Td4s 0.276721 279423 16721 1070190
Td4h 0.276721 279423 16721 1070190
Ts4h 0.276135 278864 16652.5 1070190
Th4s 0.276135 278864 16652.5 1070190
Th4h 0.276135 278864 16652.5 1070190
Ts4s 0.276135 278864 16652.5 1070190
Ts3d 0.274995 277616 16681 1070190
Th3d 0.274995 277616 16681 1070190
4s3d 0.274989 284880 9410 1070190
4h3d 0.274989 284880 9410 1070190
4d3s 0.274984 284875 9410 1070190
4d3h 0.274984 284875 9410 1070190
Td3h 0.274963 277542 16721 1070190
Td3s 0.274963 277542 16721 1070190
9d4d 0.274485 278550 15201.5 1070190
4h3s 0.274458 284349 9373.5 1070190
4s3h 0.274458 284349 9373.5 1070190
4s3s 0.274458 284349 9373.5 1070190
4h3h 0.274458 284349 9373.5 1070190
Ts3h 0.274377 276983 16652.5 1070190
Th3h 0.274377 276983 16652.5 1070190
Ts3s 0.274377 276983 16652.5 1070190
Th3s 0.274377 276983 16652.5 1070190
8d5d 0.273469 278884 13779.5 1070190
9d3d 0.272784 276729 15201.5 1070190
9c4d 0.272332 275239 16208 1070190
9c4s 0.271751 274646 16179.5 1070190
9c4h 0.271751 274646 16179.5 1070190
9c3d 0.270661 273451 16208 1070190
9c3s 0.270075 272852 16179.5 1070190
9c3h 0.270075 272852 16179.5 1070190
8c5d 0.26988 274143 14680 1070190
8c5h 0.269322 273574 14651.5 1070190
8c5s 0.269322 273574 14651.5 1070190
8d5c 0.266842 271118 14453.5 1070190
9d4c 0.26674 269518 15944.5 1070190
8s5c 0.266244 270535 14396.5 1070190
8h5c 0.266244 270535 14396.5 1070190
9s4c 0.266157 268959 15879.5 1070190
9h4c 0.266157 268959 15879.5 1070190
9d3c 0.263754 266322 15944.5 1070190
9h3c 0.263171 265763 15879.5 1070190
9s3c 0.263171 265763 15879.5 1070190
8h7d 0.260889 270426 8775 1070190
8s7d 0.260889 270426 8775 1070190
8d7s 0.260871 270392 8790 1070190
8d7h 0.260871 270392 8790 1070190
8s7s 0.26023 269746 8750 1070190
8s7h 0.26023 269746 8750 1070190
8h7h 0.26023 269746 8750 1070190
8h7s 0.26023 269746 8750 1070190
8d4d 0.257784 261417 14460.5 1070190
9d5s 0.255767 258465 15254 1070190
9d5h 0.255767 258465 15254 1070190
9h5d 0.255752 258482 15221.5 1070190
9s5d 0.255752 258482 15221.5 1070190
9s5s 0.25517 257887 15193 1070190
9h5h 0.25517 257887 15193 1070190
9h5s 0.25517 257887 15193 1070190
9s5h 0.25517 257887 15193 1070190
8c4d 0.253834 256248 15402.5 1070190
8c4h 0.253277 255680 15374 1070190
8c4s 0.253277 255680 15374 1070190
7d5d 0.250878 256258 12229 1070190
8d4c 0.249511 251872 15152.5 1070190
8h4c 0.248928 251308 15092 1070190
8s4c 0.248928 251308 15092 1070190
7c5d 0.245395 249587 13032 1070190
7c5h 0.244864 249044 13007 1070190
7c5s 0.244864 249044 13007 1070190
7d5c 0.24356 247854 12801 1070190
8d3d 0.243325 245943 14460.5 1070190
7h5c 0.242963 247268 12749 1070190
7s5c 0.242963 247268 12749 1070190
8c3d 0.239103 240483 15402.5 1070190
9d4s 0.239044 239755 16067 1070190
9d4h 0.239044 239755 16067 1070190
9s4d 0.239041 239789 16030.5 1070190
9h4d 0.239041 239789 16030.5 1070190
8c3h 0.238548 239918 15374 1070190
8c3s 0.238548 239918 15374 1070190
8d5s 0.238491 240682 14549 1070190
8d5h 0.238491 240682 14549 1070190
9h4s 0.23846 239196 16002 1070190
9h4h 0.23846 239196 16002 1070190
9s4h 0.23846 239196 16002 1070190
9s4s 0.23846 239196 16002 1070190
8h5d 0.238452 240668 14520.5 1070190
8s5d 0.238452 240668 14520.5 1070190
8s5s 0.237893 240099 14492 1070190
8s5h 0.237893 240099 14492 1070190
8h5s 0.237893 240099 14492 1070190
8h5h 0.237893 240099 14492 1070190
9h3d 0.237289 237914 16030.5 1070190
9s3d 0.237289 237914 16030.5 1070190
9d3s 0.237286 237874 16067 1070190
9d3h 0.237286 237874 16067 1070190
9s3s 0.236703 237315 16002 1070190
9h3h 0.236703 237315 16002 1070190
9h3s 0.236703 237315 16002 1070190
9s3h 0.236703 237315 16002 1070190
7d4d 0.235405 239018 12910 1070190
8d3c 0.233451 234684 15152.5 1070190
8s3c 0.232873 234126 15092 1070190
8h3c 0.232873 234126 15092 1070190
7c4d 0.229566 231925 13754.5 1070190
7c4s 0.229036 231383 13729.5 1070190
7c4h 0.229036 231383 13729.5 1070190
7d4c 0.226447 228841 13500 1070190
7h4c 0.225865 228274 13444.5 1070190
7s4c 0.225865 228274 13444.5 1070190
8d4s 0.221851 222151 15272 1070190
8d4h 0.221851 222151 15272 1070190
8s4d 0.221825 222155 15240 1070190
8h4d 0.221825 222155 15240 1070190
8h4s 0.221268 221587 15211.5 1070190
8s4h 0.221268 221587 15211.5 1070190
8s4s 0.221268 221587 15211.5 1070190
8h4h 0.221268 221587 15211.5 1070190
7d3d 0.220946 223544 12910 1070190
7d5h 0.214886 217081 12888 1070190
7d5s 0.214886 217081 12888 1070190
7c3d 0.214835 216160 13754.5 1070190
7h5d 0.214821 217038 12861 1070190
7s5d 0.214821 217038 12861 1070190
7c3h 0.214308 215621 13729.5 1070190
7c3s 0.214308 215621 13729.5 1070190
7s5s 0.21429 216495 12836 1070190
7s5h 0.21429 216495 12836 1070190
7h5s 0.21429 216495 12836 1070190
7h5h 0.21429 216495 12836 1070190
7d3c 0.210386 211653 13500 1070190
7s3c 0.20981 211092 13444.5 1070190
7h3c 0.20981 211092 13444.5 1070190
8d3s 0.206509 205732 15272 1070190
8d3h 0.206509 205732 15272 1070190
8s3d 0.206486 205739 15240 1070190
8h3d 0.206486 205739 15240 1070190
8s3s 0.205931 205174 15211.5 1070190
8s3h 0.205931 205174 15211.5 1070190
8h3s 0.205931 205174 15211.5 1070190
8h3h 0.205931 205174 15211.5 1070190
7d4s 0.198472 198792 13611 1070190
7d4h 0.198472 198792 13611 1070190
7h4d 0.19842 198767 13580.5 1070190
7s4d 0.19842 198767 13580.5 1070190
7h4h 0.197891 198225 13555.5 1070190
7h4s 0.197891 198225 13555.5 1070190
7s4h 0.197891 198225 13555.5 1070190
7s4s 0.197891 198225 13555.5 1070190
7d3s 0.18313 182373 13611 1070190
7d3h 0.18313 182373 13611 1070190
7h3d 0.183081 182351 13580.5 1070190
7s3d 0.183081 182351 13580.5 1070190
7h3s 0.182554 181812 13555.5 1070190
7h3h 0.182554 181812 13555.5 1070190
7s3h 0.182554 181812 13555.5 1070190
7s3s 0.182554 181812 13555.5 1070190
