KhKc 0.9682 1036158 0 1070190
KsKc 0.9682 1036158 0 1070190
KsKh 0.951706 1018506 0 1070190
6s6d 0.943864 1010049 64.5 1070190
6h6d 0.943864 1010049 64.5 1070190
6s6h 0.943488 1009647 64.5 1070190
2h2d 0.936462 1002072 120 1070190
2s2d 0.936462 1002072 120 1070190
2s2h 0.936086 1001670 120 1070190
AcKc 0.928573 991389 2361 1070190
Kc6d 0.928096 990513 2726 1070190
Kc6s 0.927636 990021 2726 1070190
Kc6h 0.927636 990021 2726 1070190
Kc2d 0.913522 972384 5258 1070190
Kc2h 0.913062 971892 5258 1070190
Kc2s 0.913062 971892 5258 1070190
KcQc 0.912104 973161 2964 1070190
Kh6d 0.910605 971781 2739.5 1070190
Ks6d 0.910605 971781 2739.5 1070190
Ks6h 0.910145 971289 2739.5 1070190
Kh6h 0.910145 971289 2739.5 1070190
Ks6s 0.910145 971289 2739.5 1070190
Kh6s 0.910145 971289 2739.5 1070190
KcJc 0.908306 968565 3495 1070190
KcTc 0.904816 964371 3954 1070190
Kc9c 0.901427 960357 4341 1070190
Kc8c 0.89824 956631 4656 1070190
Ks2d 0.896161 953868 5195 1070190
Kh2d 0.896161 953868 5195 1070190
Kh2s 0.895702 953376 5195 1070190
Ks2s 0.895702 953376 5195 1070190
Ks2h 0.895702 953376 5195 1070190
Kh2h 0.895702 953376 5195 1070190
Kc7c 0.895249 953187 4899 1070190
Kc5c 0.892511 947404 7752.5 1070190
Kc4c 0.891362 945856 8070.5 1070190
Kc3c 0.891053 945508 8088.5 1070190
AcKs 0.883521 942216 3319.5 1070190
AcKh 0.883521 942216 3319.5 1070190
AdKc 0.882718 941361 3315 1070190
AhKc 0.881804 940383 3315 1070190
AsKc 0.881804 940383 3315 1070190
AdAc 0.87554 936522 472.5 1070190
AsAc 0.874711 935634 472.5 1070190
AhAc 0.874711 935634 472.5 1070190
KcQd 0.862382 918794 4119 1070190
KcQs 0.861474 917822 4119 1070190
KcQh 0.861474 917822 4119 1070190
KhQc 0.860429 916723 4099.5 1070190
KsQc 0.860429 916723 4099.5 1070190
AdKh 0.859265 916383 3193.5 1070190
AdKs 0.859265 916383 3193.5 1070190
AhKs 0.858351 915405 3193.5 1070190
AhKh 0.858351 915405 3193.5 1070190
AsKs 0.858351 915405 3193.5 1070190
AsKh 0.858351 915405 3193.5 1070190
KcJd 0.856598 911896 4827 1070190
KcJh 0.85569 910924 4827 1070190
KcJs 0.85569 910924 4827 1070190
6d2d 0.853747 907173 6498.5 1070190
KsJc 0.85349 908610 4786.5 1070190
KhJc 0.85349 908610 4786.5 1070190
KcTd 0.851423 905745 5439 1070190
KcTs 0.85052 904779 5439 1070190
KcTh 0.85052 904779 5439 1070190
AsAd 0.849647 908811 472.5 1070190
AhAd 0.849647 908811 472.5 1070190
6s2d 0.849144 902157 6588.5 1070190
6h2d 0.849144 902157 6588.5 1070190
6d2s 0.849144 902157 6588.5 1070190
6d2h 0.849144 902157 6588.5 1070190
AsAh 0.848817 907923 472.5 1070190
6h2s 0.848789 901800 6566 1070190
6s2s 0.848789 901800 6566 1070190
6h2h 0.848789 901800 6566 1070190
6s2h 0.848789 901800 6566 1070190
KsTc 0.847121 901200 5380.5 1070190
KhTc 0.847121 901200 5380.5 1070190
Kc9d 0.846177 899615 5955 1070190
Kc9s 0.845274 898649 5955 1070190
Kc9h 0.845274 898649 5955 1070190
Kc8d 0.8412 893869 6375 1070190
Kh9c 0.840761 893893 5881.5 1070190
Ks9c 0.840761 893893 5881.5 1070190
Kc8h 0.840298 892903 6375 1070190
Kc8s 0.840298 892903 6375 1070190
KsQd 0.838538 893421 3973.5 1070190
KhQd 0.838538 893421 3973.5 1070190
KhQs 0.837629 892449 3973.5 1070190
KsQh 0.837629 892449 3973.5 1070190
KsQs 0.837629 892449 3973.5 1070190
KhQh 0.837629 892449 3973.5 1070190
Kc7d 0.836493 888507 6699 1070190
Kc7h 0.83559 887541 6699 1070190
Kc7s 0.83559 887541 6699 1070190
Kh8c 0.834689 886986 6289.5 1070190
Ks8c 0.834689 886986 6289.5 1070190
Kc5d 0.833572 880731 11349.5 1070190
KhJd 0.832928 886731 4660.5 1070190
KsJd 0.832928 886731 4660.5 1070190
Kc5h 0.832705 879807 11345.5 1070190
Kc5s 0.832705 879807 11345.5 1070190
KsJh 0.83202 885759 4660.5 1070190
KsJs 0.83202 885759 4660.5 1070190
KhJs 0.83202 885759 4660.5 1070190
KhJh 0.83202 885759 4660.5 1070190
Kc4d 0.831646 878150 11869.5 1070190
Kc3d 0.831077 877505 11905.5 1070190
Kc4h 0.830774 877220 11865.5 1070190
Kc4s 0.830774 877220 11865.5 1070190
Kc3s 0.830199 876569 11901.5 1070190
Kc3h 0.830199 876569 11901.5 1070190
Ks7c 0.828897 880473 6604.5 1070190
Kh7c 0.828897 880473 6604.5 1070190
KsTd 0.827927 880785 5254.5 1070190
KhTd 0.827927 880785 5254.5 1070190
KhTs 0.827025 879819 5254.5 1070190
KhTh 0.827025 879819 5254.5 1070190
KsTh 0.827025 879819 5254.5 1070190
KsTs 0.827025 879819 5254.5 1070190
Kh5c 0.824948 871773 11078 1070190
Ks5c 0.824948 871773 11078 1070190
Kh9d 0.822839 874839 5755.5 1070190
Ks9d 0.822839 874839 5755.5 1070190
Kh9h 0.821937 873873 5755.5 1070190
Kh9s 0.821937 873873 5755.5 1070190
Ks9s 0.821937 873873 5755.5 1070190
Ks9h 0.821937 873873 5755.5 1070190
Ks4c 0.821877 867992 11573 1070190
Kh4c 0.821877 867992 11573 1070190
Ks3c 0.820119 866074 11609 1070190
Kh3c 0.820119 866074 11609 1070190
Ks8d 0.818012 869265 6163.5 1070190
Kh8d 0.818012 869265 6163.5 1070190
Ks8h 0.81711 868299 6163.5 1070190
Ks8s 0.81711 868299 6163.5 1070190
Kh8h 0.81711 868299 6163.5 1070190
Kh8s 0.81711 868299 6163.5 1070190
Ks7d 0.813446 864063 6478.5 1070190
Kh7d 0.813446 864063 6478.5 1070190
Ks7h 0.812543 863097 6478.5 1070190
Ks7s 0.812543 863097 6478.5 1070190
Kh7h 0.812543 863097 6478.5 1070190
Kh7s 0.812543 863097 6478.5 1070190
Ks5d 0.810877 856746 11046.5 1070190
Kh5d 0.810877 856746 11046.5 1070190
Ks5s 0.81001 855822 11042.5 1070190
Ks5h 0.81001 855822 11042.5 1070190
Kh5s 0.81001 855822 11042.5 1070190
Kh5h 0.81001 855822 11042.5 1070190
Kh4d 0.808981 854208 11555 1070190
Ks4d 0.808981 854208 11555 1070190
Kh3d 0.808405 853554 11592.5 1070190
Ks3d 0.808405 853554 11592.5 1070190
Kh4s 0.808108 853278 11551 1070190
Kh4h 0.808108 853278 11551 1070190
Ks4h 0.808108 853278 11551 1070190
Ks4s 0.808108 853278 11551 1070190
Ks3s 0.807526 852618 11588.5 1070190
Ks3h 0.807526 852618 11588.5 1070190
Kh3s 0.807526 852618 11588.5 1070190
Kh3h 0.807526 852618 11588.5 1070190
QdQc 0.780032 834310 472.5 1070190
QsQc 0.779208 833428 472.5 1070190
QhQc 0.779208 833428 472.5 1070190
JdJc 0.760554 813465 472.5 1070190
JsJc 0.75973 812583 472.5 1070190
JhJc 0.75973 812583 472.5 1070190
QsQd 0.755326 807870 472.5 1070190
QhQd 0.755326 807870 472.5 1070190
QsQh 0.754502 806988 472.5 1070190
TdTc 0.741725 793314 472.5 1070190
TsTc 0.740906 792438 472.5 1070190
ThTc 0.740906 792438 472.5 1070190
JsJd 0.736617 787848 472.5 1070190
JhJd 0.736617 787848 472.5 1070190
JsJh 0.735793 786966 472.5 1070190
Ac6d 0.722453 769734 3427.5 1070190
9d9c 0.722305 772531 472.5 1070190
Ac6h 0.721672 768921 3405 1070190
Ac6s 0.721672 768921 3405 1070190
9s9c 0.721486 771655 472.5 1070190
9h9c 0.721486 771655 472.5 1070190
ThTd 0.718609 768576 472.5 1070190
TsTd 0.718609 768576 472.5 1070190
TsTh 0.717791 767700 472.5 1070190
AcQc 0.712616 757900 4734.5 1070190
Ad6d 0.708086 754410 3376.5 1070190
Qc6d 0.70601 746854 8710.5 1070190
AcJc 0.705902 749966 5483.5 1070190
Qc6s 0.705293 746141 8656 1070190
Qc6h 0.705293 746141 8656 1070190
8d8c 0.702911 751776 472.5 1070190
8h8c 0.702093 750900 472.5 1070190
8s8c 0.702093 750900 472.5 1070190
9s9d 0.6999 748554 472.5 1070190
9h9d 0.6999 748554 472.5 1070190
AcTc 0.699595 742574 6125.5 1070190
Jc6d 0.699508 739023 9583.5 1070190
9s9h 0.699082 747678 472.5 1070190
Jc6h 0.69882 738345 9525.5 1070190
Jc6s 0.69882 738345 9525.5 1070190
Qd6d 0.694763 735098 8430.5 1070190
Tc6d 0.693316 731283 10696.5 1070190
Tc6h 0.692659 730644 10632.5 1070190
Tc6s 0.692659 730644 10632.5 1070190
Ad6s 0.691166 736167 3511.5 1070190
Ad6h 0.691166 736167 3511.5 1070190
As6d 0.691104 736101 3511.5 1070190
Ah6d 0.691104 736101 3511.5 1070190
Ah6s 0.690323 735288 3489 1070190
As6h 0.690323 735288 3489 1070190
As6s 0.690323 735288 3489 1070190
Ah6h 0.690323 735288 3489 1070190
Jd6d 0.689477 728551 9320.5 1070190
Ac9c 0.688616 730289 6660.5 1070190
9c6d 0.687096 723394 11929.5 1070190
9c6h 0.68647 722795 11858 1070190
9c6s 0.68647 722795 11858 1070190
Td6d 0.684526 722130 10442.5 1070190
7d7c 0.683538 731043 472.5 1070190
Ac8c 0.682807 723645 7088.5 1070190
7h7c 0.682719 730167 472.5 1070190
7s7c 0.682719 730167 472.5 1070190
8c6d 0.681351 716013 13162.5 1070190
8s8d 0.681192 728532 472.5 1070190
8h8d 0.681192 728532 472.5 1070190
8c6s 0.680753 715452 13083 1070190
8c6h 0.680753 715452 13083 1070190
8s8h 0.680373 727656 472.5 1070190
9d6d 0.679535 715553 11678.5 1070190
Qd6s 0.677678 716455 8789.5 1070190
Qd6h 0.677678 716455 8789.5 1070190
Qh6d 0.677559 716295 8821.5 1070190
Qs6d 0.677559 716295 8821.5 1070190
Ac7c 0.677293 717423 7409.5 1070190
Qh6h 0.676841 715582 8767 1070190
Qs6s 0.676841 715582 8767 1070190
Qs6h 0.676841 715582 8767 1070190
Qh6s 0.676841 715582 8767 1070190
7c6d 0.6763 709494 14275.5 1070190
7c6s 0.675725 708966 14188.5 1070190
7c6h 0.675725 708966 14188.5 1070190
8d6d 0.675023 709492 12910.5 1070190
Jd6h 0.672396 709887 9704 1070190
Jd6s 0.672396 709887 9704 1070190
Js6d 0.672247 709692 9739.5 1070190
Jh6d 0.672247 709692 9739.5 1070190
Jh6h 0.671559 709014 9681.5 1070190
Jh6s 0.671559 709014 9681.5 1070190
Js6s 0.671559 709014 9681.5 1070190
Js6h 0.671559 709014 9681.5 1070190
7d6d 0.671209 704301 14020.5 1070190
Ac5c 0.667554 703368 11042 1070190
Td6h 0.667462 703443 10868 1070190
Td6s 0.667462 703443 10868 1070190
Ts6d 0.667288 703215 10909.5 1070190
Th6d 0.667288 703215 10909.5 1070190
Th6s 0.666631 702576 10845.5 1070190
Th6h 0.666631 702576 10845.5 1070190
Ts6h 0.666631 702576 10845.5 1070190
Ts6s 0.666631 702576 10845.5 1070190
6d5c 0.665226 695977 15941.5 1070190
Ac4c 0.665078 700271 11488.5 1070190
6h5c 0.66466 695464 15848.5 1070190
6s5c 0.66466 695464 15848.5 1070190
Ac3c 0.663853 698960 11488.5 1070190
7h7d 0.662483 708510 472.5 1070190
7s7d 0.662483 708510 472.5 1070190
9d6s 0.662416 696754 12156.5 1070190
9d6h 0.662416 696754 12156.5 1070190
9s6d 0.662211 696486 12205.5 1070190
9h6d 0.662211 696486 12205.5 1070190
6d4c 0.662103 692124 16451.5 1070190
7s7h 0.661664 707634 472.5 1070190
9h6h 0.661584 695887 12134 1070190
9h6s 0.661584 695887 12134 1070190
9s6h 0.661584 695887 12134 1070190
9s6s 0.661584 695887 12134 1070190
6s4c 0.661546 691625 16355 1070190
6h4c 0.661546 691625 16355 1070190
6d5d 0.661184 691952 15641 1070190
6d3c 0.66035 690218 16481.5 1070190
6h3c 0.659793 689719 16385 1070190
6s3c 0.659793 689719 16385 1070190
6d4d 0.659318 689442 16154 1070190
6d3d 0.658787 688836 16191 1070190
8d6h 0.657838 690567 13444.5 1070190
8d6s 0.657838 690567 13444.5 1070190
8h6d 0.657605 690261 13501.5 1070190
8s6d 0.657605 690261 13501.5 1070190
8h6h 0.657007 689700 13422 1070190
8s6s 0.657007 689700 13422 1070190
8h6s 0.657007 689700 13422 1070190
8s6h 0.657007 689700 13422 1070190
QcJc 0.655181 693511 7657 1070190
7d6h 0.653962 685257 14607 1070190
7d6s 0.653962 685257 14607 1070190
7h6d 0.653706 684918 14671.5 1070190
7s6d 0.653706 684918 14671.5 1070190
7s6s 0.653131 684390 14584.5 1070190
7h6h 0.653131 684390 14584.5 1070190
7h6s 0.653131 684390 14584.5 1070190
7s6h 0.653131 684390 14584.5 1070190
QcTc 0.64874 685976 8299 1070190
6s5d 0.643698 672554 16325 1070190
6h5d 0.643698 672554 16325 1070190
6d5s 0.643467 672240 16392 1070190
6d5h 0.643467 672240 16392 1070190
6h5h 0.642901 671727 16299 1070190
6s5s 0.642901 671727 16299 1070190
6s5h 0.642901 671727 16299 1070190
6h5s 0.642901 671727 16299 1070190
6h4d 0.641713 669892 16862.5 1070190
6s4d 0.641713 669892 16862.5 1070190
6d4s 0.641466 669558 16933 1070190
6d4h 0.641466 669558 16933 1070190
6h3d 0.641131 669232 16899.5 1070190
6s3d 0.641131 669232 16899.5 1070190
6h4h 0.64091 669059 16836.5 1070190
6s4h 0.64091 669059 16836.5 1070190
6s4s 0.64091 669059 16836.5 1070190
6h4s 0.64091 669059 16836.5 1070190
6d3h 0.640879 668892 16970 1070190
6d3s 0.640879 668892 16970 1070190
6s3s 0.640322 668393 16873.5 1070190
6h3s 0.640322 668393 16873.5 1070190
6s3h 0.640322 668393 16873.5 1070190
6h3h 0.640322 668393 16873.5 1070190
Qc9c 0.637761 673691 8834 1070190
Qc8c 0.626413 661119 9262 1070190
Qc7c 0.620899 654897 9583 1070190
JcTc 0.611861 646724 8084 1070190
Qc5c 0.611603 641316 13215.5 1070190
Ac2d 0.610201 648807 4224 1070190
Ac2s 0.60942 647994 4201.5 1070190
Ac2h 0.60942 647994 4201.5 1070190
Qc4c 0.609126 638219 13662 1070190
Qc3c 0.607901 636908 13662 1070190
Jc9c 0.600882 634439 8619 1070190
Ad2d 0.596598 634314 4159.5 1070190
5d5c 0.595435 636072 1156.5 1070190
5s5c 0.594691 635280 1152.5 1070190
5h5c 0.594691 635280 1152.5 1070190
Qc2d 0.592802 625189 9222 1070190
Qc2h 0.592085 624476 9167.5 1070190
Qc2s 0.592085 624476 9167.5 1070190
Jc8c 0.589535 621867 9047 1070190
Jc2d 0.585359 616437 10008 1070190
Jc2s 0.584671 615759 9950 1070190
Jc2h 0.584671 615759 9950 1070190
Jc7c 0.584021 615645 9368 1070190
Qd2d 0.582324 614270 8927 1070190
Tc2d 0.578356 607917 11034 1070190
Tc2h 0.577699 607278 10970 1070190
Tc2s 0.577699 607278 10970 1070190
4d4c 0.576663 616019 1120.5 1070190
Tc9c 0.57664 608817 8297 1070190
Jd2d 0.5761 606808 9728.5 1070190
4s4c 0.575914 615221 1116.5 1070190
4h4c 0.575914 615221 1116.5 1070190
Jc5c 0.574995 602353 13000.5 1070190
Ad2s 0.573914 609903 4294.5 1070190
Ad2h 0.573914 609903 4294.5 1070190
As2d 0.573886 609873 4294.5 1070190
Ah2d 0.573886 609873 4294.5 1070190
As2s 0.573106 609060 4272 1070190
Ah2s 0.573106 609060 4272 1070190
Ah2h 0.573106 609060 4272 1070190
As2h 0.573106 609060 4272 1070190
Jc4c 0.572518 599256 13447 1070190
5s5d 0.572479 611516 1145.5 1070190
5h5d 0.572479 611516 1145.5 1070190
5s5h 0.571735 610724 1141.5 1070190
9c2d 0.571458 599389 12180 1070190
Jc3c 0.571293 597945 13447 1070190
9c2s 0.570832 598790 12108.5 1070190
9c2h 0.570832 598790 12108.5 1070190
Td2d 0.570343 599613 10762 1070190
8c2d 0.565167 591510 13326 1070190
Tc8c 0.565158 596101 8725 1070190
9d2d 0.564678 592403 11909.5 1070190
8c2h 0.564568 590949 13246.5 1070190
8c2s 0.564568 590949 13246.5 1070190
5c2d 0.561928 584492 16877.5 1070190
5c2s 0.561376 584002 16777.5 1070190
5c2h 0.561376 584002 16777.5 1070190
4c2d 0.559911 582388 16823.5 1070190
7c2d 0.559701 584634 14352 1070190
Tc7c 0.559644 589879 9046 1070190
8d2d 0.559623 585850 13053 1070190
Qd2h 0.559475 589459 9286 1070190
Qd2s 0.559475 589459 9286 1070190
Qh2d 0.559389 589335 9318 1070190
Qs2d 0.559389 589335 9318 1070190
4c2h 0.55936 581898 16723.5 1070190
4c2s 0.55936 581898 16723.5 1070190
7c2s 0.559126 584106 14265 1070190
7c2h 0.559126 584106 14265 1070190
Qs2h 0.558672 588622 9263.5 1070190
Qh2h 0.558672 588622 9263.5 1070190
Qh2s 0.558672 588622 9263.5 1070190
Qs2s 0.558672 588622 9263.5 1070190
5d2d 0.558406 581057 16543 1070190
3c2d 0.558052 580452 16769.5 1070190
3d3c 0.558049 596134 1084.5 1070190
4d2d 0.557618 580267 16490.5 1070190
3c2h 0.557501 579962 16669.5 1070190
3c2s 0.557501 579962 16669.5 1070190
3s3c 0.557294 595330 1080.5 1070190
3h3c 0.557294 595330 1080.5 1070190
3d2d 0.556989 579646 16438 1070190
7d2d 0.555399 580308 14074.5 1070190
AcQd 0.554319 586737 6489.5 1070190
4h4d 0.554307 592103 1111 1070190
4s4d 0.554307 592103 1111 1070190
4s4h 0.553558 591305 1107 1070190
AcQh 0.553503 585886 6467 1070190
AcQs 0.553503 585886 6467 1070190
Jd2s 0.553255 581976 10112 1070190
Jd2h 0.553255 581976 10112 1070190
Js2d 0.55314 581817 10147.5 1070190
Jh2d 0.55314 581817 10147.5 1070190
Js2h 0.552452 581139 10089.5 1070190
Js2s 0.552452 581139 10089.5 1070190
Jh2s 0.552452 581139 10089.5 1070190
Jh2h 0.552452 581139 10089.5 1070190
AdQc 0.550505 582675 6469.5 1070190
AsQc 0.549687 581827 6443 1070190
AhQc 0.549687 581827 6443 1070190
Td2h 0.547515 574758 11187.5 1070190
Td2s 0.547515 574758 11187.5 1070190
Th2d 0.547375 574566 11229 1070190
Ts2d 0.547375 574566 11229 1070190
Ts2h 0.546718 573927 11165 1070190
Ts2s 0.546718 573927 11165 1070190
Th2s 0.546718 573927 11165 1070190
Th2h 0.546718 573927 11165 1070190
9c8c 0.546588 576657 8296 1070190
5c4c 0.545138 572910 10491.5 1070190
AcJd 0.544412 575134 7490.5 1070190
AcJh 0.543596 574283 7468 1070190
AcJs 0.543596 574283 7468 1070190
Tc5c 0.543525 568997 12678.5 1070190
AdQd 0.542398 574331 6138 1070190
9d2h 0.541795 567436 12387.5 1070190
9d2s 0.541795 567436 12387.5 1070190
9s2d 0.541624 567204 12436.5 1070190
9h2d 0.541624 567204 12436.5 1070190
9c7c 0.541074 570435 8617 1070190
Tc4c 0.541049 565900 13125 1070190
9h2h 0.540997 566605 12365 1070190
9s2h 0.540997 566605 12365 1070190
9s2s 0.540997 566605 12365 1070190
9h2s 0.540997 566605 12365 1070190
Tc3c 0.539824 564589 13125 1070190
AdJc 0.539288 569684 7456.5 1070190
AhJc 0.53851 568885 7423 1070190
AsJc 0.53851 568885 7423 1070190
8d2h 0.536675 560757 13587 1070190
8d2s 0.536675 560757 13587 1070190
5c3c 0.536476 563640 10491.5 1070190
8s2d 0.536476 560487 13644 1070190
8h2d 0.536476 560487 13644 1070190
3h3d 0.536267 572831 1076.5 1070190
3s3d 0.536267 572831 1076.5 1070190
5d2h 0.536173 556531 17276 1070190
5d2s 0.536173 556531 17276 1070190
5h2d 0.535968 556238 17350 1070190
5s2d 0.535968 556238 17350 1070190
8h2s 0.535877 559926 13564.5 1070190
8s2s 0.535877 559926 13564.5 1070190
8s2h 0.535877 559926 13564.5 1070190
8h2h 0.535877 559926 13564.5 1070190
3s3h 0.535512 572027 1072.5 1070190
5h2h 0.535417 555748 17250 1070190
5h2s 0.535417 555748 17250 1070190
5s2h 0.535417 555748 17250 1070190
5s2s 0.535417 555748 17250 1070190
4d2s 0.535361 555715 17223.5 1070190
4d2h 0.535361 555715 17223.5 1070190
AcTd 0.535246 564466 8348.5 1070190
4s2d 0.535151 555416 17297.5 1070190
4h2d 0.535151 555416 17297.5 1070190
3d2h 0.534682 555040 17171 1070190
3d2s 0.534682 555040 17171 1070190
4s2s 0.5346 554926 17197.5 1070190
4s2h 0.5346 554926 17197.5 1070190
4h2s 0.5346 554926 17197.5 1070190
4h2h 0.5346 554926 17197.5 1070190
3s2d 0.534466 554735 17245 1070190
3h2d 0.534466 554735 17245 1070190
AcTs 0.534435 563621 8326 1070190
AcTh 0.534435 563621 8326 1070190
3h2h 0.533915 554245 17145 1070190
3s2s 0.533915 554245 17145 1070190
3s2h 0.533915 554245 17145 1070190
3h2s 0.533915 554245 17145 1070190
AdJd 0.532943 563309 7041 1070190
7d2s 0.532389 555096 14661 1070190
7d2h 0.532389 555096 14661 1070190
7s2d 0.532166 554793 14725.5 1070190
7h2d 0.532166 554793 14725.5 1070190
7s2h 0.531591 554265 14638.5 1070190
7s2s 0.531591 554265 14638.5 1070190
7h2s 0.531591 554265 14638.5 1070190
7h2h 0.531591 554265 14638.5 1070190
4c3c 0.529513 558071 8609 1070190
AdTc 0.528776 557588 8302.5 1070190
AhTc 0.528034 556834 8263 1070190
AsTc 0.528034 556834 8263 1070190
8c7c 0.527609 556561 8081 1070190
9c5c 0.524922 549624 12142.5 1070190
AdTd 0.524146 553121 7815 1070190
Ac9d 0.518163 545469 9063.5 1070190
AdQs 0.518051 548025 6388.5 1070190
AdQh 0.518051 548025 6388.5 1070190
AsQd 0.518051 548028 6384.5 1070190
AhQd 0.518051 548028 6384.5 1070190
Ac9h 0.517356 544628 9041 1070190
Ac9s 0.517356 544628 9041 1070190
AhQs 0.517234 547177 6362 1070190
AhQh 0.517234 547177 6362 1070190
AsQh 0.517234 547177 6362 1070190
AsQs 0.517234 547177 6362 1070190
9c4c 0.514663 538145 12642.5 1070190
9c3c 0.513438 536834 12642.5 1070190
8c5c 0.511322 535605 11606.5 1070190
Ad9c 0.510411 537229 9007.5 1070190
As9c 0.509703 536516 8963 1070190
Ah9c 0.509703 536516 8963 1070190
Ac8d 0.509459 535582 9635.5 1070190
Ac8h 0.508652 534741 9613 1070190
Ac8s 0.508652 534741 9613 1070190
AsJd 0.508164 536467 7364.5 1070190
AhJd 0.508164 536467 7364.5 1070190
AdJs 0.508125 536415 7375.5 1070190
AdJh 0.508125 536415 7375.5 1070190
Ad9d 0.507565 534731 8460 1070190
AsJs 0.507347 535616 7342 1070190
AsJh 0.507347 535616 7342 1070190
AhJh 0.507347 535616 7342 1070190
AhJs 0.507347 535616 7342 1070190
Ac7d 0.501155 526267 10064.5 1070190
8c4c 0.501113 524233 12053 1070190
Ad8c 0.500464 526020 9571.5 1070190
Ac7h 0.500349 525426 10042 1070190
Ac7s 0.500349 525426 10042 1070190
As8c 0.499787 525344 9523 1070190
Ah8c 0.499787 525344 9523 1070190
Ad8d 0.499189 525251 8976 1070190
AsTd 0.499017 525838 8204.5 1070190
AhTd 0.499017 525838 8204.5 1070190
AdTh 0.498947 525747 8221.5 1070190
AdTs 0.498947 525747 8221.5 1070190
AsTh 0.498206 524993 8182 1070190
AsTs 0.498206 524993 8182 1070190
AhTh 0.498206 524993 8182 1070190
AhTs 0.498206 524993 8182 1070190
7c5c 0.494195 518402 10481 1070190
8c3c 0.491686 514144 12053 1070190
Ad7d 0.49118 516293 9363 1070190
Ad7c 0.490933 515397 9994.5 1070190
Ah7c 0.490284 514754 9943 1070190
As7c 0.490284 514754 9943 1070190
Ac5d 0.489995 508374 16013.5 1070190
Ac5h 0.489287 507643 15987.5 1070190
Ac5s 0.489287 507643 15987.5 1070190
Ac4d 0.486299 503696 16736 1070190
Ac4s 0.485586 502959 16710 1070190
Ac4h 0.485586 502959 16710 1070190
Ac3d 0.484628 501908 16736 1070190
7c4c 0.483986 507030 10927.5 1070190
Ac3h 0.483909 501165 16710 1070190
Ac3s 0.483909 501165 16710 1070190
Ah9d 0.481564 506460 8904.5 1070190
As9d 0.481564 506460 8904.5 1070190
Ad9s 0.481465 506332 8926.5 1070190
Ad9h 0.481465 506332 8926.5 1070190
Ah9h 0.480757 505619 8882 1070190
Ah9s 0.480757 505619 8882 1070190
As9s 0.480757 505619 8882 1070190
As9h 0.480757 505619 8882 1070190
Ad5d 0.479366 497977 15035.5 1070190
QcJd 0.478263 502201 9631.5 1070190
Ad5c 0.477981 495780 15751 1070190
QcJs 0.477481 501390 9605.5 1070190
QcJh 0.477481 501390 9605.5 1070190
As5c 0.477373 495198 15681.5 1070190
Ah5c 0.477373 495198 15681.5 1070190
QdJc 0.476846 500719 9596.5 1070190
QsJc 0.47607 499922 9563.5 1070190
QhJc 0.47607 499922 9563.5 1070190
Ad4d 0.475755 493432 15716.5 1070190
7c3c 0.474559 496941 10927.5 1070190
Ad3d 0.474054 491611 15716.5 1070190
Ad4c 0.47301 489761 16450 1070190
As8d 0.472854 496579 9464.5 1070190
Ah8d 0.472854 496579 9464.5 1070190
Ad8s 0.472724 496414 9490.5 1070190
Ad8h 0.472724 496414 9490.5 1070190
As4c 0.472411 489193 16377 1070190
Ah4c 0.472411 489193 16377 1070190
As8h 0.472047 495738 9442 1070190
As8s 0.472047 495738 9442 1070190
Ah8s 0.472047 495738 9442 1070190
Ah8h 0.472047 495738 9442 1070190
QdJd 0.471803 495928 8991 1070190
Ad3c 0.470024 486565 16450 1070190
Ah3c 0.469425 485997 16377 1070190
As3c 0.469425 485997 16377 1070190
QcTd 0.468879 491300 10489.5 1070190
QcTs 0.468102 490495 10463.5 1070190
QcTh 0.468102 490495 10463.5 1070190
QdTc 0.466116 488390 10442.5 1070190
QhTc 0.465377 487638 10403.5 1070190
QsTc 0.465377 487638 10403.5 1070190
Ah7d 0.464537 487258 9884.5 1070190
As7d 0.464537 487258 9884.5 1070190
Ad7s 0.464379 487060 9913.5 1070190
Ad7h 0.464379 487060 9913.5 1070190
As7s 0.46373 486417 9862 1070190
As7h 0.46373 486417 9862 1070190
Ah7s 0.46373 486417 9862 1070190
Ah7h 0.46373 486417 9862 1070190
QdTd 0.462794 485513 9765 1070190
Ah5d 0.453161 469159 15809 1070190
As5d 0.453161 469159 15809 1070190
Ad5s 0.453062 469010 15852.5 1070190
Ad5h 0.453062 469010 15852.5 1070190
As5s 0.452453 468428 15783 1070190
As5h 0.452453 468428 15783 1070190
Ah5s 0.452453 468428 15783 1070190
Ah5h 0.452453 468428 15783 1070190
Qc9d 0.451791 472298 11204.5 1070190
Qc9h 0.451018 471496 11178.5 1070190
Qc9s 0.451018 471496 11178.5 1070190
As4d 0.449392 464406 16528.5 1070190
Ah4d 0.449392 464406 16528.5 1070190
Ad4h 0.449278 464237 16575.5 1070190
Ad4s 0.449278 464237 16575.5 1070190
Ah4s 0.448679 463669 16502.5 1070190
Ah4h 0.448679 463669 16502.5 1070190
As4h 0.448679 463669 16502.5 1070190
As4s 0.448679 463669 16502.5 1070190
Qd9c 0.447756 468036 11147.5 1070190
Ah3d 0.44764 462531 16528.5 1070190
As3d 0.44764 462531 16528.5 1070190
Ad3s 0.44752 462356 16575.5 1070190
Ad3h 0.44752 462356 16575.5 1070190
Qh9c 0.447051 467326 11103.5 1070190
Qs9c 0.447051 467326 11103.5 1070190
As3s 0.446921 461788 16502.5 1070190
Ah3h 0.446921 461788 16502.5 1070190
Ah3s 0.446921 461788 16502.5 1070190
As3h 0.446921 461788 16502.5 1070190
Qd9d 0.446213 467123 10410 1070190
QhJd 0.444624 466324 9508.5 1070190
QsJd 0.444624 466324 9508.5 1070190
QdJs 0.444618 466310 9515.5 1070190
QdJh 0.444618 466310 9515.5 1070190
QsJs 0.443842 465513 9482.5 1070190
QsJh 0.443842 465513 9482.5 1070190
QhJh 0.443842 465513 9482.5 1070190
QhJs 0.443842 465513 9482.5 1070190
QhTd 0.435251 455453 10348.5 1070190
QsTd 0.435251 455453 10348.5 1070190
QdTh 0.435214 455400 10361.5 1070190
QdTs 0.435214 455400 10361.5 1070190
QhTh 0.434475 454648 10322.5 1070190
QsTs 0.434475 454648 10322.5 1070190
QsTh 0.434475 454648 10322.5 1070190
QhTs 0.434475 454648 10322.5 1070190
Qc8d 0.434021 452708 11776.5 1070190
Qc8s 0.433251 451910 11750.5 1070190
Qc8h 0.433251 451910 11750.5 1070190
Qd8d 0.428927 448107 10926 1070190
Qd8c 0.428723 447104 11711.5 1070190
Qh8c 0.42805 446431 11663.5 1070190
Qs8c 0.42805 446431 11663.5 1070190
Qc7d 0.425717 443393 12205.5 1070190
Qc7s 0.424947 442595 12179.5 1070190
Qc7h 0.424947 442595 12179.5 1070190
Qd7d 0.420918 439149 11313 1070190
Qd7c 0.419192 436481 12134.5 1070190
Qs7c 0.418547 435841 12083.5 1070190
Qh7c 0.418547 435841 12083.5 1070190
Qh9d 0.417799 436076 11048.5 1070190
Qs9d 0.417799 436076 11048.5 1070190
Qd9s 0.41773 435984 11066.5 1070190
Qd9h 0.41773 435984 11066.5 1070190
Qh9s 0.417025 435274 11022.5 1070190
Qh9h 0.417025 435274 11022.5 1070190
Qs9h 0.417025 435274 11022.5 1070190
Qs9s 0.417025 435274 11022.5 1070190
Qc5d 0.415155 426140 18154.5 1070190
JcTd 0.415104 434038 10202.5 1070190
Qc5s 0.414483 425451 18125 1070190
Qc5h 0.414483 425451 18125 1070190
JcTh 0.414361 433268 10176.5 1070190
JcTs 0.414361 433268 10176.5 1070190
JdTc 0.413663 432538 10160.5 1070190
JsTc 0.412925 431786 10122.5 1070190
JhTc 0.412925 431786 10122.5 1070190
JdTd 0.411704 431106 9495 1070190
Qc4d 0.411459 421462 18877 1070190
Qc4h 0.410782 420767 18847.5 1070190
Qc4s 0.410782 420767 18847.5 1070190
Qc3d 0.409788 419674 18877 1070190
Qd5d 0.409685 421455 16985.5 1070190
Qc3h 0.409105 418973 18847.5 1070190
Qc3s 0.409105 418973 18847.5 1070190
Qd5c 0.406844 417509 17891 1070190
Qs5c 0.406238 416930 17822 1070190
Qh5c 0.406238 416930 17822 1070190
Qd4d 0.406074 416910 17666.5 1070190
Qd3d 0.404373 415089 17666.5 1070190
Qd4c 0.401873 411490 18590 1070190
Qh4c 0.401277 410925 18517.5 1070190
Qs4c 0.401277 410925 18517.5 1070190
Qh8d 0.399608 416048 11608.5 1070190
Qs8d 0.399608 416048 11608.5 1070190
Qd8s 0.399512 415923 11630.5 1070190
Qd8h 0.399512 415923 11630.5 1070190
Qd3c 0.398886 408294 18590 1070190
Qs8h 0.398838 415250 11582.5 1070190
Qh8h 0.398838 415250 11582.5 1070190
Qh8s 0.398838 415250 11582.5 1070190
Qs8s 0.398838 415250 11582.5 1070190
Qs3c 0.39829 407729 18517.5 1070190
Qh3c 0.39829 407729 18517.5 1070190
Jc9d 0.398017 415036 10917.5 1070190
Jc9s 0.397276 414269 10891.5 1070190
Jc9h 0.397276 414269 10891.5 1070190
Jd9c 0.395303 412184 10865.5 1070190
Jd9d 0.395122 412716 10140 1070190
Js9c 0.3946 411474 10822.5 1070190
Jh9c 0.3946 411474 10822.5 1070190
Qh7d 0.391291 406727 12028.5 1070190
Qs7d 0.391291 406727 12028.5 1070190
Qd7h 0.391167 406569 12053.5 1070190
Qd7s 0.391167 406569 12053.5 1070190
Qh7h 0.390521 405929 12002.5 1070190
Qh7s 0.390521 405929 12002.5 1070190
Qs7s 0.390521 405929 12002.5 1070190
Qs7h 0.390521 405929 12002.5 1070190
JsTd 0.381738 398465 10067.5 1070190
JhTd 0.381738 398465 10067.5 1070190
JdTs 0.381733 398447 10079.5 1070190
JdTh 0.381733 398447 10079.5 1070190
JsTh 0.380994 397695 10041.5 1070190
JsTs 0.380994 397695 10041.5 1070190
JhTs 0.380994 397695 10041.5 1070190
JhTh 0.380994 397695 10041.5 1070190
Qs5d 0.380535 389292 17953 1070190
Qh5d 0.380535 389292 17953 1070190
Qd5h 0.380469 389182 17992.5 1070190
Qd5s 0.380469 389182 17992.5 1070190
Jc8d 0.380246 395446 11489.5 1070190
Qs5s 0.379864 388603 17923.5 1070190
Qs5h 0.379864 388603 17923.5 1070190
Qh5s 0.379864 388603 17923.5 1070190
Qh5h 0.379864 388603 17923.5 1070190
Jc8h 0.379509 394683 11463.5 1070190
Jc8s 0.379509 394683 11463.5 1070190
Jd8d 0.377836 393700 10656 1070190
Qs4d 0.376766 384539 18672.5 1070190
Qh4d 0.376766 384539 18672.5 1070190
Qd4s 0.376685 384409 18715.5 1070190
Qd4h 0.376685 384409 18715.5 1070190
Jd8c 0.376271 391252 11429.5 1070190
Qs4h 0.376089 383844 18643 1070190
Qh4s 0.376089 383844 18643 1070190
Qs4s 0.376089 383844 18643 1070190
Qh4h 0.376089 383844 18643 1070190
Jh8c 0.375598 390579 11382.5 1070190
Js8c 0.375598 390579 11382.5 1070190
Qh3d 0.375014 382664 18672.5 1070190
Qs3d 0.375014 382664 18672.5 1070190
Qd3h 0.374927 382528 18715.5 1070190
Qd3s 0.374927 382528 18715.5 1070190
Qh3h 0.374332 381963 18643 1070190
Qh3s 0.374332 381963 18643 1070190
Qs3s 0.374332 381963 18643 1070190
Qs3h 0.374332 381963 18643 1070190
Jc7d 0.371943 386131 11918.5 1070190
Jc7s 0.371206 385368 11892.5 1070190
Jc7h 0.371206 385368 11892.5 1070190
Jd7d 0.369827 384742 11043 1070190
Jd7c 0.36674 380629 11852.5 1070190
Jh7c 0.366095 379989 11802.5 1070190
Js7c 0.366095 379989 11802.5 1070190
Js9d 0.364286 379088 10767.5 1070190
Jh9d 0.364286 379088 10767.5 1070190
Jd9h 0.364249 379031 10784.5 1070190
Jd9s 0.364249 379031 10784.5 1070190
Tc9d 0.363968 379027 10487.5 1070190
Jh9s 0.363545 378321 10741.5 1070190
Js9h 0.363545 378321 10741.5 1070190
Js9s 0.363545 378321 10741.5 1070190
Jh9h 0.363545 378321 10741.5 1070190
Td9d 0.363302 379061 9741 1070190
Tc9h 0.363253 378288 10461.5 1070190
Tc9s 0.363253 378288 10461.5 1070190
Td9c 0.362613 377622 10442.5 1070190
Th9c 0.361911 376912 10401.5 1070190
Ts9c 0.361911 376912 10401.5 1070190
Jc5d 0.361761 369285 17867.5 1070190
Jc5s 0.361121 368630 17838 1070190
Jc5h 0.361121 368630 17838 1070190
Jd5d 0.358963 367443 16715.5 1070190
Jc4d 0.358064 364607 18590 1070190
Jc4s 0.357419 363946 18560.5 1070190
Jc4h 0.357419 363946 18560.5 1070190
Jc3d 0.356394 362819 18590 1070190
Jc3h 0.355743 362152 18560.5 1070190
Jc3s 0.355743 362152 18560.5 1070190
Jd4d 0.355352 362898 17396.5 1070190
Jd5c 0.354776 362069 17609 1070190
Js5c 0.354172 361490 17541 1070190
Jh5c 0.354172 361490 17541 1070190
Jd3d 0.353651 361077 17396.5 1070190
Jd4c 0.349805 356050 18308 1070190
Jh4c 0.34921 355485 18236.5 1070190
Js4c 0.34921 355485 18236.5 1070190
Jd3c 0.346819 352854 18308 1070190
Jh3c 0.346224 352289 18236.5 1070190
Js3c 0.346224 352289 18236.5 1070190
Js8d 0.346095 359060 11327.5 1070190
Jh8d 0.346095 359060 11327.5 1070190
Jd8h 0.346031 358970 11348.5 1070190
Jd8s 0.346031 358970 11348.5 1070190
Tc8d 0.345979 359204 11059.5 1070190
Td8d 0.345803 359818 10257 1070190
Jh8h 0.345358 358297 11301.5 1070190
Jh8s 0.345358 358297 11301.5 1070190
Js8h 0.345358 358297 11301.5 1070190
Js8s 0.345358 358297 11301.5 1070190
Tc8h 0.345268 358469 11033.5 1070190
Tc8s 0.345268 358469 11033.5 1070190
Td8c 0.343363 356457 11006.5 1070190
Th8c 0.342692 355784 10961.5 1070190
Ts8c 0.342692 355784 10961.5 1070190
Td7d 0.337794 350860 10644 1070190
Js7d 0.337778 349739 11747.5 1070190
Jh7d 0.337778 349739 11747.5 1070190
Jd7h 0.337685 349616 11771.5 1070190
Jd7s 0.337685 349616 11771.5 1070190
Tc7d 0.337676 349889 11488.5 1070190
Jh7h 0.337041 348976 11721.5 1070190
Jh7s 0.337041 348976 11721.5 1070190
Js7s 0.337041 348976 11721.5 1070190
Js7h 0.337041 348976 11721.5 1070190
Tc7s 0.336965 349154 11462.5 1070190
Tc7h 0.336965 349154 11462.5 1070190
Td7c 0.333832 345834 11429.5 1070190
Th7c 0.333189 345194 11381.5 1070190
Ts7c 0.333189 345194 11381.5 1070190
Th9d 0.331221 344123 10346.5 1070190
Ts9d 0.331221 344123 10346.5 1070190
Td9s 0.331208 344094 10361.5 1070190
Td9h 0.331208 344094 10361.5 1070190
5d4d 0.33073 340839 13104.5 1070190
Th9h 0.330506 343384 10320.5 1070190
Th9s 0.330506 343384 10320.5 1070190
Ts9h 0.330506 343384 10320.5 1070190
Ts9s 0.330506 343384 10320.5 1070190
Js5d 0.327417 332726 17672 1070190
Jh5d 0.327417 332726 17672 1070190
Jd5s 0.327382 332650 17710.5 1070190
Jd5h 0.327382 332650 17710.5 1070190
Jh5s 0.326777 332071 17642.5 1070190
Jh5h 0.326777 332071 17642.5 1070190
Js5s 0.326777 332071 17642.5 1070190
Js5h 0.326777 332071 17642.5 1070190
5c4d 0.326433 335445 13900 1070190
5c4h 0.325873 334884 13862.5 1070190
5c4s 0.325873 334884 13862.5 1070190
5d4c 0.325274 334292 13812.5 1070190
5s4c 0.324731 333762 13761.5 1070190
5h4c 0.324731 333762 13761.5 1070190
Jh4d 0.323648 327973 18391.5 1070190
Js4d 0.323648 327973 18391.5 1070190
Jd4h 0.323597 327877 18433.5 1070190
Jd4s 0.323597 327877 18433.5 1070190
Js4h 0.323002 327312 18362 1070190
Js4s 0.323002 327312 18362 1070190
Jh4h 0.323002 327312 18362 1070190
Jh4s 0.323002 327312 18362 1070190
9d8d 0.322022 334896 9729 1070190
Jh3d 0.321896 326098 18391.5 1070190
Js3d 0.321896 326098 18391.5 1070190
Jd3h 0.32184 325996 18433.5 1070190
Jd3s 0.32184 325996 18433.5 1070190
Js3s 0.321245 325431 18362 1070190
Jh3h 0.321245 325431 18362 1070190
Jh3s 0.321245 325431 18362 1070190
Js3h 0.321245 325431 18362 1070190
9c8d 0.320202 332191 10486.5 1070190
9c8s 0.319518 331484 10460.5 1070190
9c8h 0.319518 331484 10460.5 1070190
9d8c 0.318868 330807 10442.5 1070190
9h8c 0.318196 330130 10400.5 1070190
9s8c 0.318196 330130 10400.5 1070190
5d3d 0.317287 326453 13104.5 1070190
Tc5d 0.316076 320824 17437.5 1070190
Td5d 0.315751 321597 16316.5 1070190
Tc5h 0.315468 320203 17408 1070190
Tc5s 0.315468 320203 17408 1070190
9d7d 0.314013 325938 10116 1070190
Th8d 0.312804 323853 10906.5 1070190
Ts8d 0.312804 323853 10906.5 1070190
Td8h 0.312764 323791 10925.5 1070190
Td8s 0.312764 323791 10925.5 1070190
5c3d 0.312669 320715 13900 1070190
Tc4d 0.31238 316146 18160 1070190
Td4d 0.31214 317052 16997.5 1070190
5c3h 0.312111 320156 13862.5 1070190
5c3s 0.312111 320156 13862.5 1070190
Th8s 0.312093 323118 10880.5 1070190
Th8h 0.312093 323118 10880.5 1070190
Ts8h 0.312093 323118 10880.5 1070190
Ts8s 0.312093 323118 10880.5 1070190
9c7d 0.311899 322876 10915.5 1070190
Tc4s 0.311767 315519 18130.5 1070190
Tc4h 0.311767 315519 18130.5 1070190
9c7s 0.311214 322169 10889.5 1070190
9c7h 0.311214 322169 10889.5 1070190
Tc3d 0.310709 314358 18160 1070190
Td3d 0.310439 315231 16997.5 1070190
Td5c 0.310436 315040 17186 1070190
5d3c 0.310276 318242 13812.5 1070190
Tc3s 0.31009 313725 18130.5 1070190
Tc3h 0.31009 313725 18130.5 1070190
Th5c 0.309837 314464 17120 1070190
Ts5c 0.309837 314464 17120 1070190
5s3c 0.30974 317719 13761.5 1070190
5h3c 0.30974 317719 13761.5 1070190
9d7c 0.309337 320184 10865.5 1070190
9s7c 0.308693 319540 10820.5 1070190
9h7c 0.308693 319540 10820.5 1070190
4d3d 0.308019 319460 10178.5 1070190
Td4c 0.305465 309021 17885 1070190
Ts4c 0.304875 308459 17815.5 1070190
Th4c 0.304875 308459 17815.5 1070190
Th7d 0.304487 314532 11326.5 1070190
Ts7d 0.304487 314532 11326.5 1070190
Td7h 0.304418 314437 11348.5 1070190
Td7s 0.304418 314437 11348.5 1070190
Ts7s 0.303775 313797 11300.5 1070190
Th7h 0.303775 313797 11300.5 1070190
Th7s 0.303775 313797 11300.5 1070190
Ts7h 0.303775 313797 11300.5 1070190
Td3c 0.302479 305825 17885 1070190
Ts3c 0.301889 305263 17815.5 1070190
Th3c 0.301889 305263 17815.5 1070190
4c3d 0.301824 312204 10805.5 1070190
4c3s 0.301293 311673 10768 1070190
4c3h 0.301293 311673 10768 1070190
4d3c 0.300613 310908 10805.5 1070190
5s4d 0.300241 307541 13774 1070190
5h4d 0.300241 307541 13774 1070190
5d4h 0.300225 307510 13787.5 1070190
5d4s 0.300225 307510 13787.5 1070190
4s3c 0.300087 310382 10768 1070190
4h3c 0.300087 310382 10768 1070190
5h4h 0.299682 306980 13736.5 1070190
5s4s 0.299682 306980 13736.5 1070190
5h4s 0.299682 306980 13736.5 1070190
5s4h 0.299682 306980 13736.5 1070190
8d7d 0.297445 308864 9459 1070190
8c7d 0.293545 303949 10199.5 1070190
8c7h 0.292885 303269 10173.5 1070190
8c7s 0.292885 303269 10173.5 1070190
8d7c 0.292235 302587 10160.5 1070190
9d5d 0.29186 296725 15620.5 1070190
8s7c 0.29159 301937 10119.5 1070190
8h7c 0.29159 301937 10119.5 1070190
9c5d 0.290189 293872 16685.5 1070190
9c5h 0.289606 293277 16656 1070190
9c5s 0.289606 293277 16656 1070190
9s8d 0.288156 298036 10345.5 1070190
9h8d 0.288156 298036 10345.5 1070190
9d8s 0.288143 298006 10361.5 1070190
9d8h 0.288143 298006 10361.5 1070190
9h8h 0.287471 297329 10319.5 1070190
9h8s 0.287471 297329 10319.5 1070190
9s8s 0.287471 297329 10319.5 1070190
9s8h 0.287471 297329 10319.5 1070190
5s3d 0.285933 292229 13774 1070190
5h3d 0.285933 292229 13774 1070190
5d3s 0.285912 292193 13787.5 1070190
5d3h 0.285912 292193 13787.5 1070190
9d5c 0.285841 289456 16448 1070190
5h3h 0.285376 291670 13736.5 1070190
5h3s 0.285376 291670 13736.5 1070190
5s3h 0.285376 291670 13736.5 1070190
5s3s 0.285376 291670 13736.5 1070190
9h5c 0.28524 288875 16386 1070190
9s5c 0.28524 288875 16386 1070190
Ts5d 0.282223 284781 17251 1070190
Th5d 0.282223 284781 17251 1070190
Td5h 0.282215 284736 17287.5 1070190
Td5s 0.282215 284736 17287.5 1070190
Ts5s 0.281615 284160 17221.5 1070190
Th5h 0.281615 284160 17221.5 1070190
Th5s 0.281615 284160 17221.5 1070190
Ts5h 0.281615 284160 17221.5 1070190
9h7d 0.279839 288715 10765.5 1070190
9s7d 0.279839 288715 10765.5 1070190
9d7h 0.279798 288652 10784.5 1070190
9d7s 0.279798 288652 10784.5 1070190
9h7s 0.279154 288008 10739.5 1070190
9h7h 0.279154 288008 10739.5 1070190
9s7h 0.279154 288008 10739.5 1070190
9s7s 0.279154 288008 10739.5 1070190
Ts4d 0.278454 280028 17970.5 1070190
Th4d 0.278454 280028 17970.5 1070190
Td4h 0.27843 279963 18010.5 1070190
Td4s 0.27843 279963 18010.5 1070190
Ts4s 0.27784 279401 17941 1070190
Ts4h 0.27784 279401 17941 1070190
Th4s 0.27784 279401 17941 1070190
Th4h 0.27784 279401 17941 1070190
Th3d 0.276702 278153 17970.5 1070190
Ts3d 0.276702 278153 17970.5 1070190
Td3s 0.276673 278082 18010.5 1070190
Td3h 0.276673 278082 18010.5 1070190
4h3d 0.276193 284880 10699.5 1070190
4s3d 0.276193 284880 10699.5 1070190
4d3h 0.276189 284875 10699.5 1070190
4d3s 0.276189 284875 10699.5 1070190
9d4d 0.276096 279090 16385.5 1070190
Th3h 0.276083 277520 17941 1070190
Th3s 0.276083 277520 17941 1070190
Ts3s 0.276083 277520 17941 1070190
Ts3h 0.276083 277520 17941 1070190
4s3h 0.275662 284349 10662 1070190
4h3s 0.275662 284349 10662 1070190
4h3h 0.275662 284349 10662 1070190
4s3s 0.275662 284349 10662 1070190
8d5d 0.27508 279424 14963.5 1070190
9d3d 0.274395 277269 16385.5 1070190
9c4d 0.274064 275803 17497.5 1070190
9c4h 0.273482 275210 17468 1070190
9c4s 0.273482 275210 17468 1070190
9c3d 0.272393 274015 17497.5 1070190
9c3h 0.271806 273416 17468 1070190
9c3s 0.271806 273416 17468 1070190
8c5d 0.271612 274707 15969.5 1070190
8c5h 0.271053 274138 15940 1070190
8c5s 0.271053 274138 15940 1070190
8d5c 0.268526 271631 15743 1070190
9d4c 0.268424 270031 17234 1070190
8h5c 0.267924 271045 15685 1070190
8s5c 0.267924 271045 15685 1070190
9s4c 0.267837 269469 17168 1070190
9h4c 0.267837 269469 17168 1070190
9d3c 0.265438 266835 17234 1070190
9h3c 0.264851 266273 17168 1070190
9s3c 0.264851 266273 17168 1070190
8h7d 0.262763 271142 10064.5 1070190
8s7d 0.262763 271142 10064.5 1070190
8d7h 0.262749 271112 10079.5 1070190
8d7s 0.262749 271112 10079.5 1070190
8s7h 0.262103 270462 10038.5 1070190
8s7s 0.262103 270462 10038.5 1070190
8h7h 0.262103 270462 10038.5 1070190
8h7s 0.262103 270462 10038.5 1070190
8d4d 0.259395 261957 15644.5 1070190
9d5s 0.257476 259005 16543.5 1070190
9d5h 0.257476 259005 16543.5 1070190
9h5d 0.257459 259019 16511 1070190
9s5d 0.257459 259019 16511 1070190
9s5s 0.256875 258424 16481.5 1070190
9s5h 0.256875 258424 16481.5 1070190
9h5h 0.256875 258424 16481.5 1070190
9h5s 0.256875 258424 16481.5 1070190
8c4d 0.255566 256812 16692 1070190
8c4s 0.255008 256244 16662.5 1070190
8c4h 0.255008 256244 16662.5 1070190
7d5d 0.252196 256485 13413 1070190
8d4c 0.251196 252385 16442 1070190
8s4c 0.250608 251818 16380.5 1070190
8h4c 0.250608 251818 16380.5 1070190
7c5d 0.246817 249820 14321.5 1070190
7c5s 0.246286 249277 14295.5 1070190
7c5h 0.246286 249277 14295.5 1070190
7d5c 0.244982 248087 14090.5 1070190
8d3d 0.244935 246483 15644.5 1070190
7s5c 0.244385 247501 14037.5 1070190
7h5c 0.244385 247501 14037.5 1070190
8c3d 0.240835 241047 16692 1070190
9d4h 0.240753 240295 17356.5 1070190
9d4s 0.240753 240295 17356.5 1070190
9h4d 0.240748 240326 17320 1070190
9s4d 0.240748 240326 17320 1070190
8c3s 0.240279 240482 16662.5 1070190
8c3h 0.240279 240482 16662.5 1070190
8d5s 0.240201 241222 15838.5 1070190
8d5h 0.240201 241222 15838.5 1070190
9h4h 0.240166 239733 17290.5 1070190
9h4s 0.240166 239733 17290.5 1070190
9s4h 0.240166 239733 17290.5 1070190
9s4s 0.240166 239733 17290.5 1070190
8h5d 0.240158 241205 15810 1070190
8s5d 0.240158 241205 15810 1070190
8s5h 0.239599 240636 15780.5 1070190
8s5s 0.239599 240636 15780.5 1070190
8h5s 0.239599 240636 15780.5 1070190
8h5h 0.239599 240636 15780.5 1070190
9h3d 0.238996 238451 17320 1070190
9s3d 0.238996 238451 17320 1070190
9d3h 0.238995 238414 17356.5 1070190
9d3s 0.238995 238414 17356.5 1070190
9s3h 0.238409 237852 17290.5 1070190
9s3s 0.238409 237852 17290.5 1070190
9h3s 0.238409 237852 17290.5 1070190
9h3h 0.238409 237852 17290.5 1070190
7d4d 0.236511 239018 14094 1070190
8d3c 0.235135 235197 16442 1070190
8s3c 0.234553 234636 16380.5 1070190
8h3c 0.234553 234636 16380.5 1070190
7c4d 0.230771 231925 15044 1070190
7c4s 0.23024 231383 15018 1070190
7c4h 0.23024 231383 15018 1070190
7d4c 0.227652 228841 14789.5 1070190
7h4c 0.227069 228274 14733 1070190
7s4c 0.227069 228274 14733 1070190
8d4s 0.223561 222691 16561.5 1070190
8d4h 0.223561 222691 16561.5 1070190
8s4d 0.223532 222692 16529.5 1070190
8h4d 0.223532 222692 16529.5 1070190
8h4s 0.222973 222124 16500 1070190
8h4h 0.222973 222124 16500 1070190
8s4s 0.222973 222124 16500 1070190
8s4h 0.222973 222124 16500 1070190
7d3d 0.222052 223544 14094 1070190
7d5s 0.216317 217323 14177.5 1070190
7d5h 0.216317 217323 14177.5 1070190
7s5d 0.216252 217280 14150.5 1070190
7h5d 0.216252 217280 14150.5 1070190
7c3d 0.21604 216160 15044 1070190
7s5s 0.21572 216737 14124.5 1070190
7s5h 0.21572 216737 14124.5 1070190
7h5s 0.21572 216737 14124.5 1070190
7h5h 0.21572 216737 14124.5 1070190
7c3h 0.215512 215621 15018 1070190
7c3s 0.215512 215621 15018 1070190
7d3c 0.211591 211653 14789.5 1070190
7s3c 0.211014 211092 14733 1070190
7h3c 0.211014 211092 14733 1070190
8d3h 0.208219 206272 16561.5 1070190
8d3s 0.208219 206272 16561.5 1070190
8h3d 0.208192 206276 16529.5 1070190
8s3d 0.208192 206276 16529.5 1070190
8s3s 0.207637 205711 16500 1070190
8h3s 0.207637 205711 16500 1070190
8h3h 0.207637 205711 16500 1070190
8s3h 0.207637 205711 16500 1070190
7d4s 0.199677 198792 14900.5 1070190
7d4h 0.199677 198792 14900.5 1070190
7s4d 0.199625 198767 14870 1070190
7h4d 0.199625 198767 14870 1070190
7s4s 0.199095 198225 14844 1070190
7s4h 0.199095 198225 14844 1070190
7h4s 0.199095 198225 14844 1070190
7h4h 0.199095 198225 14844 1070190
7d3s 0.184335 182373 14900.5 1070190
7d3h 0.184335 182373 14900.5 1070190
7s3d 0.184286 182351 14870 1070190
7h3d 0.184286 182351 14870 1070190
7s3s 0.183758 181812 14844 1070190
7s3h 0.183758 181812 14844 1070190
7h3s 0.183758 181812 14844 1070190
7h3h 0.183758 181812 14844 1070190
