ThTc 0.952101 1018929 0 1070190
TsTc 0.952101 1018929 0 1070190
TsTh 0.939402 1005339 0 1070190
6s6d 0.933209 998646 64.5 1070190
6h6d 0.933209 998646 64.5 1070190
6s6h 0.932833 998244 64.5 1070190
2h2d 0.925804 990666 120 1070190
2s2d 0.925804 990666 120 1070190
2s2h 0.925431 990267 120 1070190
Tc6d 0.897712 957996 2726 1070190
Tc6h 0.897252 957504 2726 1070190
Tc6s 0.897252 957504 2726 1070190
AcTc 0.889115 949161 2361 1070190
Th6d 0.883537 942813 2739.5 1070190
Ts6d 0.883537 942813 2739.5 1070190
Tc2d 0.883138 939867 5258 1070190
Ts6s 0.883077 942321 2739.5 1070190
Th6s 0.883077 942321 2739.5 1070190
Th6h 0.883077 942321 2739.5 1070190
Ts6h 0.883077 942321 2739.5 1070190
Tc2s 0.882681 939378 5258 1070190
Tc2h 0.882681 939378 5258 1070190
KcTc 0.881827 940758 2964 1070190
QcTc 0.875008 932930 3495 1070190
Th2d 0.869093 924900 5195 1070190
Ts2d 0.869093 924900 5195 1070190
Ts2s 0.868636 924411 5195 1070190
Ts2h 0.868636 924411 5195 1070190
Th2s 0.868636 924411 5195 1070190
Th2h 0.868636 924411 5195 1070190
JcTc 0.868559 925569 3954 1070190
AdAc 0.863789 923946 472.5 1070190
AhAc 0.862965 923064 472.5 1070190
AsAc 0.862965 923064 472.5 1070190
Tc9c 0.856498 911779 4836.5 1070190
Tc8c 0.853176 907909 5151.5 1070190
Tc7c 0.850084 904357 5394.5 1070190
Tc5c 0.844856 896404 7752.5 1070190
KdKc 0.844674 903489 472.5 1070190
KhKc 0.843855 902613 472.5 1070190
KsKc 0.843855 902613 472.5 1070190
Tc4c 0.843808 894964 8070.5 1070190
Tc3c 0.843499 894616 8088.5 1070190
6d2d 0.842388 895665 5850.5 1070190
AsAd 0.837526 895839 472.5 1070190
AhAd 0.837526 895839 472.5 1070190
6d2h 0.837121 889938 5940.5 1070190
6d2s 0.837121 889938 5940.5 1070190
6s2d 0.837118 889935 5940.5 1070190
6h2d 0.837118 889935 5940.5 1070190
6s2s 0.836766 889581 5918 1070190
6s2h 0.836766 889581 5918 1070190
6h2s 0.836766 889581 5918 1070190
6h2h 0.836766 889581 5918 1070190
AsAh 0.836701 894957 472.5 1070190
QdQc 0.825585 883060 472.5 1070190
QhQc 0.824772 882190 472.5 1070190
QsQc 0.824772 882190 472.5 1070190
AcTs 0.821738 876096 3319.5 1070190
AcTh 0.821738 876096 3319.5 1070190
KhKd 0.819316 876351 472.5 1070190
KsKd 0.819316 876351 472.5 1070190
KsKh 0.818497 875475 472.5 1070190
AdTc 0.816744 870756 3315 1070190
AsTc 0.815836 869784 3315 1070190
AhTc 0.815836 869784 3315 1070190
KcTh 0.814461 867528 4099.5 1070190
KcTs 0.814461 867528 4099.5 1070190
KdTc 0.810744 863531 4119 1070190
KsTc 0.809841 862565 4119 1070190
KhTc 0.809841 862565 4119 1070190
QcTs 0.80747 859360 4786.5 1070190
QcTh 0.80747 859360 4786.5 1070190
JdJc 0.805905 861999 472.5 1070190
JsJc 0.805092 861129 472.5 1070190
JhJc 0.805092 861129 472.5 1070190
QdTc 0.805013 856690 4827 1070190
QhTc 0.804116 855730 4827 1070190
QsTc 0.804116 855730 4827 1070190
QhQd 0.801106 856863 472.5 1070190
QsQd 0.801106 856863 472.5 1070190
JcTs 0.800489 851295 5380.5 1070190
JcTh 0.800489 851295 5380.5 1070190
QsQh 0.800293 855993 472.5 1070190
JdTc 0.799212 849870 5439 1070190
JhTc 0.798315 848910 5439 1070190
JsTc 0.798315 848910 5439 1070190
AdTs 0.79539 848025 3193.5 1070190
AdTh 0.79539 848025 3193.5 1070190
AsTh 0.794482 847053 3193.5 1070190
AsTs 0.794482 847053 3193.5 1070190
AhTh 0.794482 847053 3193.5 1070190
AhTs 0.794482 847053 3193.5 1070190
KdTh 0.789565 841011 3973.5 1070190
KdTs 0.789565 841011 3973.5 1070190
KsTh 0.788662 840045 3973.5 1070190
KhTs 0.788662 840045 3973.5 1070190
KhTh 0.788662 840045 3973.5 1070190
KsTs 0.788662 840045 3973.5 1070190
Tc9d 0.78551 833878 6766.5 1070190
Tc9s 0.784648 832960 6762.5 1070190
Tc9h 0.784648 832960 6762.5 1070190
QdTs 0.784001 834369 4660.5 1070190
QdTh 0.784001 834369 4660.5 1070190
Th9c 0.783737 832037 6710 1070190
Ts9c 0.783737 832037 6710 1070190
QhTs 0.783103 833409 4660.5 1070190
QhTh 0.783103 833409 4660.5 1070190
QsTh 0.783103 833409 4660.5 1070190
QsTs 0.783103 833409 4660.5 1070190
JhJd 0.782195 836625 472.5 1070190
JsJd 0.782195 836625 472.5 1070190
JsJh 0.781382 835755 472.5 1070190
Tc8d 0.780315 827899 7186.5 1070190
Tc8s 0.779454 826981 7182.5 1070190
Tc8h 0.779454 826981 7182.5 1070190
JdTh 0.778349 827727 5254.5 1070190
JdTs 0.778349 827727 5254.5 1070190
JsTs 0.777452 826767 5254.5 1070190
JsTh 0.777452 826767 5254.5 1070190
JhTs 0.777452 826767 5254.5 1070190
JhTh 0.777452 826767 5254.5 1070190
Ts8c 0.777446 824897 7118 1070190
Th8c 0.777446 824897 7118 1070190
Tc7d 0.775268 822174 7510.5 1070190
Tc7s 0.774401 821250 7506.5 1070190
Tc7h 0.774401 821250 7506.5 1070190
Th7c 0.771377 818087 7433 1070190
Ts7c 0.771377 818087 7433 1070190
Tc5d 0.76699 809475 11349.5 1070190
Tc5s 0.766122 808551 11345.5 1070190
Tc5h 0.766122 808551 11345.5 1070190
Tc4d 0.765403 807257 11869.5 1070190
Tc3d 0.764834 806612 11905.5 1070190
Tc4s 0.764536 806333 11865.5 1070190
Tc4h 0.764536 806333 11865.5 1070190
Th9d 0.76437 811424 6597.5 1070190
Ts9d 0.76437 811424 6597.5 1070190
Tc3h 0.763961 805682 11901.5 1070190
Tc3s 0.763961 805682 11901.5 1070190
Ts9h 0.763509 810506 6593.5 1070190
Th9s 0.763509 810506 6593.5 1070190
Th9h 0.763509 810506 6593.5 1070190
Ts9s 0.763509 810506 6593.5 1070190
Th5c 0.762551 804996 11078 1070190
Ts5c 0.762551 804996 11078 1070190
Ts4c 0.759758 801512 11573 1070190
Th4c 0.759758 801512 11573 1070190
Ts8d 0.759317 805608 7005.5 1070190
Th8d 0.759317 805608 7005.5 1070190
Ts8h 0.758456 804690 7001.5 1070190
Ts8s 0.758456 804690 7001.5 1070190
Th8s 0.758456 804690 7001.5 1070190
Th8h 0.758456 804690 7001.5 1070190
Ts3c 0.757999 799594 11609 1070190
Th3c 0.757999 799594 11609 1070190
Th7d 0.754403 800034 7320.5 1070190
Ts7d 0.754403 800034 7320.5 1070190
Th7s 0.753536 799110 7316.5 1070190
Th7h 0.753536 799110 7316.5 1070190
Ts7s 0.753536 799110 7316.5 1070190
Ts7h 0.753536 799110 7316.5 1070190
Ts5d 0.746335 787674 11046.5 1070190
Th5d 0.746335 787674 11046.5 1070190
Th5h 0.745468 786750 11042.5 1070190
Th5s 0.745468 786750 11042.5 1070190
Ts5s 0.745468 786750 11042.5 1070190
Ts5h 0.745468 786750 11042.5 1070190
Ts4d 0.744786 785508 11555 1070190
Th4d 0.744786 785508 11555 1070190
Ts3d 0.74421 784854 11592.5 1070190
Th3d 0.74421 784854 11592.5 1070190
Ts4h 0.743919 784584 11551 1070190
Th4h 0.743919 784584 11551 1070190
Th4s 0.743919 784584 11551 1070190
Ts4s 0.743919 784584 11551 1070190
Th3s 0.743338 783924 11588.5 1070190
Th3h 0.743338 783924 11588.5 1070190
Ts3s 0.743338 783924 11588.5 1070190
Ts3h 0.743338 783924 11588.5 1070190
9d9c 0.720059 769542 1057.5 1070190
9h9c 0.719278 768711 1053.5 1070190
9s9c 0.719278 768711 1053.5 1070190
AcKc 0.715993 762405 3843.5 1070190
Ac6d 0.712434 759012 3427.5 1070190
Ac6h 0.711659 758205 3405 1070190
Ac6s 0.711659 758205 3405 1070190
AcQc 0.709745 755718 3843.5 1070190
Kc6d 0.704965 750250 4196.5 1070190
Kc6h 0.704227 749487 4170 1070190
Kc6s 0.704227 749487 4170 1070190
AcJc 0.703529 749066 3843.5 1070190
8d8c 0.701689 749883 1057.5 1070190
8s8c 0.700909 749052 1053.5 1070190
8h8c 0.700909 749052 1053.5 1070190
Ad6d 0.698305 743943 3376.5 1070190
9h9d 0.698053 746000 1049.5 1070190
9s9d 0.698053 746000 1049.5 1070190
Qc6d 0.69778 741884 4873.5 1070190
9s9h 0.697273 745169 1045.5 1070190
Qc6s 0.697079 741163 4843.5 1070190
Qc6h 0.697079 741163 4843.5 1070190
Kd6d 0.692184 736628 4140.5 1070190
Jc6d 0.690602 733617 5458.5 1070190
Jc6s 0.689935 732936 5425.5 1070190
Jc6h 0.689935 732936 5425.5 1070190
Ac9c 0.687622 729388 6498 1070190
Qd6d 0.686344 729705 4813.5 1070190
9c6d 0.683253 720228 10982.5 1070190
7d7c 0.682941 729819 1057.5 1070190
9c6h 0.682635 719627 10922 1070190
9c6s 0.682635 719627 10922 1070190
7h7c 0.682155 728982 1053.5 1070190
7s7c 0.682155 728982 1053.5 1070190
Ac8c 0.681831 722763 6926 1070190
Ad6h 0.680852 725130 3511.5 1070190
Ad6s 0.680852 725130 3511.5 1070190
Ah6d 0.680791 725064 3511.5 1070190
As6d 0.680791 725064 3511.5 1070190
Jd6d 0.680488 722856 5395.5 1070190
8s8d 0.680419 727128 1049.5 1070190
8h8d 0.680419 727128 1049.5 1070190
As6s 0.680016 724257 3489 1070190
Ah6h 0.680016 724257 3489 1070190
As6h 0.680016 724257 3489 1070190
Ah6s 0.680016 724257 3489 1070190
8s8h 0.679639 726297 1045.5 1070190
8c6d 0.67729 712614 12215.5 1070190
8c6h 0.6767 712051 12147 1070190
8c6s 0.6767 712051 12147 1070190
Ac7c 0.676368 716595 7247 1070190
9d6d 0.676036 712726 10761 1070190
Kd6s 0.67475 717807 4303.5 1070190
Kd6h 0.67475 717807 4303.5 1070190
Kh6d 0.674656 717703 4307.5 1070190
Ks6d 0.674656 717703 4307.5 1070190
Ks6s 0.673919 716940 4281 1070190
Kh6s 0.673919 716940 4281 1070190
Kh6h 0.673919 716940 4281 1070190
Ks6h 0.673919 716940 4281 1070190
KcQc 0.673119 716647 3718 1070190
7c6d 0.67213 706158 13148.5 1070190
7c6s 0.671562 705625 13074 1070190
7c6h 0.671562 705625 13074 1070190
8d6d 0.671312 706438 11993 1070190
Qd6h 0.668912 710862 5001 1070190
Qd6s 0.668912 710862 5001 1070190
Qh6d 0.668788 710722 5008.5 1070190
Qs6d 0.668788 710722 5008.5 1070190
Qs6s 0.668087 710001 4978.5 1070190
Qh6s 0.668087 710001 4978.5 1070190
Qh6h 0.668087 710001 4978.5 1070190
Qs6h 0.668087 710001 4978.5 1070190
7d6d 0.667366 701282 12926 1070190
KcJc 0.666903 709995 3718 1070190
Jd6h 0.662992 703923 5604 1070190
Jd6s 0.662992 703923 5604 1070190
Js6d 0.662833 703743 5614.5 1070190
Jh6d 0.662833 703743 5614.5 1070190
7s7d 0.66231 707748 1049.5 1070190
7h7d 0.66231 707748 1049.5 1070190
Js6s 0.662166 703062 5581.5 1070190
Jh6h 0.662166 703062 5581.5 1070190
Jh6s 0.662166 703062 5581.5 1070190
Js6h 0.662166 703062 5581.5 1070190
7s7h 0.661524 706911 1045.5 1070190
Ac5c 0.661337 697359 10397 1070190
9d6s 0.659026 694065 11217.5 1070190
9d6h 0.659026 694065 11217.5 1070190
Ac4c 0.658961 694370 10843.5 1070190
9h6d 0.658851 693844 11252 1070190
9s6d 0.658851 693844 11252 1070190
9s6h 0.658233 693243 11191.5 1070190
9h6s 0.658233 693243 11191.5 1070190
9h6h 0.658233 693243 11191.5 1070190
9s6s 0.658233 693243 11191.5 1070190
Ac3c 0.657736 693059 10843.5 1070190
8d6h 0.654222 687636 12505.5 1070190
8d6s 0.654222 687636 12505.5 1070190
8s6d 0.654019 687377 12548 1070190
8h6d 0.654019 687377 12548 1070190
6d5c 0.653551 685318 14105.5 1070190
8h6s 0.653429 686814 12479.5 1070190
8s6h 0.653429 686814 12479.5 1070190
8s6s 0.653429 686814 12479.5 1070190
8h6h 0.653429 686814 12479.5 1070190
6h5c 0.652998 684808 14024 1070190
6s5c 0.652998 684808 14024 1070190
Kc9c 0.65123 690567 6372.5 1070190
6d4c 0.650705 681762 14615.5 1070190
7d6h 0.650174 682329 13480.5 1070190
7d6s 0.650174 682329 13480.5 1070190
6h4c 0.650162 681266 14530.5 1070190
6s4c 0.650162 681266 14530.5 1070190
7h6d 0.649943 682034 13529 1070190
7s6d 0.649943 682034 13529 1070190
6d5d 0.649805 681533 13882 1070190
7h6h 0.649376 681501 13454.5 1070190
7h6s 0.649376 681501 13454.5 1070190
7s6s 0.649376 681501 13454.5 1070190
7s6h 0.649376 681501 13454.5 1070190
6d3c 0.648952 679856 14645.5 1070190
6s3c 0.648409 679360 14560.5 1070190
6h3c 0.648409 679360 14560.5 1070190
6d4d 0.648236 679341 14395 1070190
6d3d 0.647705 678735 14432 1070190
Kc8c 0.6398 677907 6800.5 1070190
QcJc 0.63648 677562 3592.5 1070190
Kc7c 0.634336 671739 7121.5 1070190
6s5d 0.631669 661520 14485.5 1070190
6h5d 0.631669 661520 14485.5 1070190
6d5h 0.631424 661203 14541 1070190
6d5s 0.631424 661203 14541 1070190
6h5h 0.630872 660693 14459.5 1070190
6s5s 0.630872 660693 14459.5 1070190
6s5h 0.630872 660693 14459.5 1070190
6h5s 0.630872 660693 14459.5 1070190
6h4d 0.630031 659230 15023 1070190
6s4d 0.630031 659230 15023 1070190
6d4h 0.629777 658899 15082 1070190
6d4s 0.629777 658899 15082 1070190
6h3d 0.629449 658570 15060 1070190
6s3d 0.629449 658570 15060 1070190
6h4s 0.629234 658403 14997 1070190
6h4h 0.629234 658403 14997 1070190
6s4h 0.629234 658403 14997 1070190
6s4s 0.629234 658403 14997 1070190
6d3h 0.629189 658233 15119 1070190
6d3s 0.629189 658233 15119 1070190
6s3s 0.628646 657737 15034 1070190
6s3h 0.628646 657737 15034 1070190
6h3s 0.628646 657737 15034 1070190
6h3h 0.628646 657737 15034 1070190
Qc9c 0.620539 657848 6247 1070190
Kc5c 0.619344 652544 10271.5 1070190
Kc4c 0.616968 649555 10718 1070190
Kc3c 0.615743 648244 10718 1070190
9c8c 0.609753 645090 7461.5 1070190
Qc8c 0.60911 645188 6675 1070190
Ac2d 0.600583 638622 4116 1070190
Ac2s 0.599808 637815 4093.5 1070190
Ac2h 0.599808 637815 4093.5 1070190
9c7c 0.59888 633454 7461.5 1070190
Qc7c 0.597172 632092 6996 1070190
Kc2d 0.592041 628798 4798 1070190
Kc2s 0.591303 628035 4771.5 1070190
Kc2h 0.591303 628035 4771.5 1070190
Jc9c 0.588593 624267 5639 1070190
Ad2d 0.587207 624372 4051.5 1070190
8c7c 0.585696 619881 6925.5 1070190
5d5c 0.585301 625227 1156.5 1070190
5h5c 0.584557 624435 1152.5 1070190
5s5c 0.584557 624435 1152.5 1070190
Qc2d 0.583914 619511 5388 1070190
Qc2h 0.583212 618790 5358 1070190
Qc2s 0.583212 618790 5358 1070190
Qc5c 0.582317 613044 10146 1070190
Kd2d 0.580017 616001 4727 1070190
Qc4c 0.579941 610055 10592.5 1070190
Qc3c 0.578716 608744 10592.5 1070190
Jc8c 0.577163 611607 6067 1070190
Jc2d 0.575926 610464 5886 1070190
Jc2s 0.575259 609783 5853 1070190
Jc2h 0.575259 609783 5853 1070190
Qd2d 0.573239 608163 5311.5 1070190
9c2d 0.569063 597880 11125 1070190
9c2h 0.568445 597280 11064.5 1070190
9c2s 0.568445 597280 11064.5 1070190
4d4c 0.567146 605834 1120.5 1070190
Jd2d 0.566577 600540 5805 1070190
4s4c 0.566403 605042 1116.5 1070190
4h4c 0.566403 605042 1116.5 1070190
Jc7c 0.565226 598511 6388 1070190
Ad2s 0.564027 599430 4186.5 1070190
Ad2h 0.564027 599430 4186.5 1070190
As2d 0.563999 599400 4186.5 1070190
Ah2d 0.563999 599400 4186.5 1070190
As2h 0.563224 598593 4164 1070190
As2s 0.563224 598593 4164 1070190
Ah2h 0.563224 598593 4164 1070190
Ah2s 0.563224 598593 4164 1070190
9d2d 0.562582 591186 10884 1070190
8c2d 0.562553 589768 12271 1070190
5s5d 0.561992 600293 1145.5 1070190
5h5d 0.561992 600293 1145.5 1070190
8c2s 0.561964 589206 12202.5 1070190
8c2h 0.561964 589206 12202.5 1070190
5s5h 0.561248 599501 1141.5 1070190
8d2d 0.557316 584406 12027.5 1070190
7c2d 0.556978 582955 13117 1070190
Kd2s 0.556855 591051 4890 1070190
Kd2h 0.556855 591051 4890 1070190
Kh2d 0.556796 590983 4894 1070190
Ks2d 0.556796 590983 4894 1070190
7c2s 0.556411 582423 13042.5 1070190
7c2h 0.556411 582423 13042.5 1070190
Kh2h 0.556058 590220 4867.5 1070190
Ks2s 0.556058 590220 4867.5 1070190
Ks2h 0.556058 590220 4867.5 1070190
Kh2s 0.556058 590220 4867.5 1070190
AcKd 0.555663 589066 5598.5 1070190
AcKs 0.554852 588221 5576 1070190
AcKh 0.554852 588221 5576 1070190
AdKc 0.554122 587437 5578.5 1070190
AsKc 0.55331 586595 5552 1070190
AhKc 0.55331 586595 5552 1070190
7d2d 0.55296 578900 12872 1070190
5c2d 0.550653 574370 14933.5 1070190
5c2h 0.550115 573883 14845 1070190
5c2s 0.550115 573883 14845 1070190
Qd2s 0.55008 583191 5499 1070190
Qd2h 0.55008 583191 5499 1070190
Qh2d 0.54999 583087 5506.5 1070190
Qs2d 0.54999 583087 5506.5 1070190
Jc5c 0.549856 578430 10020.5 1070190
Qh2s 0.549288 582366 5476.5 1070190
Qs2s 0.549288 582366 5476.5 1070190
Qs2h 0.549288 582366 5476.5 1070190
Qh2h 0.549288 582366 5476.5 1070190
4c2d 0.548914 572563 14879.5 1070190
3d3c 0.548532 585949 1084.5 1070190
4c2s 0.548376 572076 14791 1070190
4c2h 0.548376 572076 14791 1070190
3s3c 0.547783 585151 1080.5 1070190
3h3c 0.547783 585151 1080.5 1070190
Jc4c 0.54748 575441 10467 1070190
5d2d 0.547421 571169 14676 1070190
3c2d 0.547055 570627 14825.5 1070190
4d2d 0.546931 570697 14623.5 1070190
AcQd 0.546611 579379 5598.5 1070190
3c2h 0.546517 570140 14737 1070190
3c2s 0.546517 570140 14737 1070190
3d2d 0.546302 570076 14571 1070190
Jc3c 0.546255 574130 10467 1070190
AcQs 0.545806 578540 5576 1070190
AcQh 0.545806 578540 5576 1070190
4h4d 0.544521 581630 1111 1070190
4s4d 0.544521 581630 1111 1070190
AdKd 0.544256 577210 5247 1070190
4s4h 0.543777 580838 1107 1070190
AdQc 0.543659 576240 5578.5 1070190
Jd2s 0.543354 575478 6013.5 1070190
Jd2h 0.543354 575478 6013.5 1070190
Js2d 0.543229 575334 6024 1070190
Jh2d 0.543229 575334 6024 1070190
AhQc 0.54288 575433 5552 1070190
AsQc 0.54288 575433 5552 1070190
Js2s 0.542562 574653 5991 1070190
Js2h 0.542562 574653 5991 1070190
Jh2s 0.542562 574653 5991 1070190
Jh2h 0.542562 574653 5991 1070190
5c4c 0.541443 570781 8666 1070190
9d2h 0.539926 566483 11340.5 1070190
9d2s 0.539926 566483 11340.5 1070190
9s2d 0.539785 566297 11375 1070190
9h2d 0.539785 566297 11375 1070190
9s2s 0.539167 565697 11314.5 1070190
9s2h 0.539167 565697 11314.5 1070190
9h2s 0.539167 565697 11314.5 1070190
9h2h 0.539167 565697 11314.5 1070190
AcJd 0.537438 569562 5598.5 1070190
AcJs 0.536633 568723 5576 1070190
AcJh 0.536633 568723 5576 1070190
AdQd 0.535532 567874 5247 1070190
8d2h 0.53458 559562 12540 1070190
8d2s 0.53458 559562 12540 1070190
8s2d 0.53441 559338 12582.5 1070190
8h2d 0.53441 559338 12582.5 1070190
5c3c 0.533969 562782 8666 1070190
8h2s 0.533821 558776 12514 1070190
8h2h 0.533821 558776 12514 1070190
8s2s 0.533821 558776 12514 1070190
8s2h 0.533821 558776 12514 1070190
AdJc 0.533163 565007 5578.5 1070190
AhJc 0.532417 564235 5552 1070190
AsJc 0.532417 564235 5552 1070190
7d2h 0.530121 553904 13426.5 1070190
7d2s 0.530121 553904 13426.5 1070190
7h2d 0.529924 553644 13475 1070190
7s2d 0.529924 553644 13475 1070190
7h2h 0.529357 553112 13400.5 1070190
7h2s 0.529357 553112 13400.5 1070190
7s2s 0.529357 553112 13400.5 1070190
7s2h 0.529357 553112 13400.5 1070190
4c3c 0.527006 557213 6783.5 1070190
AdJd 0.526724 558448 5247 1070190
3h3d 0.526481 562358 1076.5 1070190
3s3d 0.526481 562358 1076.5 1070190
3s3h 0.525731 561560 1072.5 1070190
5d2s 0.52457 546061 15328.5 1070190
5d2h 0.52457 546061 15328.5 1070190
5s2d 0.524352 545765 15391 1070190
5h2d 0.524352 545765 15391 1070190
4d2h 0.524106 545617 15276 1070190
4d2s 0.524106 545617 15276 1070190
4s2d 0.523888 545321 15338.5 1070190
4h2d 0.523888 545321 15338.5 1070190
5h2s 0.523814 545278 15302.5 1070190
5h2h 0.523814 545278 15302.5 1070190
5s2h 0.523814 545278 15302.5 1070190
5s2s 0.523814 545278 15302.5 1070190
3d2s 0.523426 544942 15223.5 1070190
3d2h 0.523426 544942 15223.5 1070190
4h2h 0.52335 544834 15250 1070190
4h2s 0.52335 544834 15250 1070190
4s2h 0.52335 544834 15250 1070190
4s2s 0.52335 544834 15250 1070190
3s2d 0.523202 544640 15286 1070190
3h2d 0.523202 544640 15286 1070190
3s2h 0.522665 544153 15197.5 1070190
3h2s 0.522665 544153 15197.5 1070190
3h2h 0.522665 544153 15197.5 1070190
3s2s 0.522665 544153 15197.5 1070190
AdKh 0.519457 550420 5497.5 1070190
AdKs 0.519457 550420 5497.5 1070190
AsKd 0.519456 550423 5493.5 1070190
AhKd 0.519456 550423 5493.5 1070190
9c5c 0.519156 544903 10692.5 1070190
Ac9d 0.518712 546021 9099.5 1070190
AsKs 0.518645 549578 5471 1070190
AsKh 0.518645 549578 5471 1070190
AhKh 0.518645 549578 5471 1070190
AhKs 0.518645 549578 5471 1070190
Ac9s 0.517944 545225 9073.5 1070190
Ac9h 0.517944 545225 9073.5 1070190
9c4c 0.51659 541710 11139 1070190
9c3c 0.515398 540435 11139 1070190
Ad9c 0.510507 537273 9067 1070190
AhQd 0.510404 540736 5493.5 1070190
AsQd 0.510404 540736 5493.5 1070190
AdQh 0.510378 540704 5497.5 1070190
AdQs 0.510378 540704 5497.5 1070190
Ac8d 0.509973 536096 9671.5 1070190
Ah9c 0.509802 536560 9025.5 1070190
As9c 0.509802 536560 9025.5 1070190
AhQh 0.509599 539897 5471 1070190
AsQh 0.509599 539897 5471 1070190
AsQs 0.509599 539897 5471 1070190
AhQs 0.509599 539897 5471 1070190
Ac8h 0.509204 535300 9645.5 1070190
Ac8s 0.509204 535300 9645.5 1070190
Ad9d 0.507885 535020 8513.5 1070190
8c5c 0.505607 530939 10156.5 1070190
8c4c 0.503091 527853 10549.5 1070190
Ac7d 0.501512 526613 10100.5 1070190
AhJd 0.501231 530919 5493.5 1070190
AsJd 0.501231 530919 5493.5 1070190
AdJs 0.501172 530852 5497.5 1070190
AdJh 0.501172 530852 5497.5 1070190
Ac7h 0.500739 525811 10074.5 1070190
Ac7s 0.500739 525811 10074.5 1070190
Ad8c 0.500545 526047 9631 1070190
AhJs 0.500426 530080 5471 1070190
AhJh 0.500426 530080 5471 1070190
AsJh 0.500426 530080 5471 1070190
AsJs 0.500426 530080 5471 1070190
Ah8c 0.499871 525371 9585.5 1070190
As8c 0.499871 525371 9585.5 1070190
Ad8d 0.49949 525520 9029.5 1070190
KcQd 0.495364 524697 5437 1070190
KcQs 0.494589 523890 5414.5 1070190
KcQh 0.494589 523890 5414.5 1070190
KdQc 0.493847 523091 5419.5 1070190
8c3c 0.493663 517764 10549.5 1070190
KhQc 0.493071 522286 5393.5 1070190
KsQc 0.493071 522286 5393.5 1070190
Ad7d 0.491372 516445 9416.5 1070190
Ad7c 0.490938 515343 10054 1070190
Ah7c 0.490292 514700 10005.5 1070190
As7c 0.490292 514700 10005.5 1070190
7c5c 0.488999 514184 9138 1070190
KdQd 0.487105 516201 5094 1070190
7c4c 0.486483 511098 9531 1070190
KcJd 0.486191 514880 5437 1070190
KcJh 0.485416 514073 5414.5 1070190
KcJs 0.485416 514073 5414.5 1070190
KdJc 0.483351 511858 5419.5 1070190
KsJc 0.482607 511088 5393.5 1070190
KhJc 0.482607 511088 5393.5 1070190
As9d 0.482234 507103 8979 1070190
Ah9d 0.482234 507103 8979 1070190
Ad9s 0.482171 507020 8994.5 1070190
Ad9h 0.482171 507020 8994.5 1070190
As9s 0.481466 506307 8953 1070190
Ah9h 0.481466 506307 8953 1070190
Ah9s 0.481466 506307 8953 1070190
As9h 0.481466 506307 8953 1070190
Ac5d 0.480439 498900 15260.5 1070190
Ac5s 0.479731 498169 15234.5 1070190
Ac5h 0.479731 498169 15234.5 1070190
KdJd 0.478296 506774 5094 1070190
Ac4d 0.477082 494585 15983 1070190
7c3c 0.477055 501009 9531 1070190
Ac4s 0.476374 493854 15957 1070190
Ac4h 0.476374 493854 15957 1070190
Ac3d 0.475411 492797 15983 1070190
Ac3s 0.474698 492060 15957 1070190
Ac3h 0.474698 492060 15957 1070190
Ah8d 0.473492 497187 9539 1070190
As8d 0.473492 497187 9539 1070190
Ad8h 0.473398 497067 9558.5 1070190
Ad8s 0.473398 497067 9558.5 1070190
As8s 0.472724 496391 9513 1070190
As8h 0.472724 496391 9513 1070190
Ah8h 0.472724 496391 9513 1070190
Ah8s 0.472724 496391 9513 1070190
Ad5d 0.470081 488752 14324.5 1070190
Ad5c 0.468478 486357 15004 1070190
Ah5c 0.467875 485778 14937.5 1070190
As5c 0.467875 485778 14937.5 1070190
Kc9d 0.467841 491741 8938 1070190
Kc9s 0.467101 490975 8912 1070190
Kc9h 0.467101 490975 8912 1070190
Ad4d 0.466768 484525 15005.5 1070190
Ad3d 0.465066 482704 15005.5 1070190
Ah7d 0.46502 487701 9959 1070190
As7d 0.46502 487701 9959 1070190
Ad7h 0.464893 487542 9981.5 1070190
Ad7s 0.464893 487542 9981.5 1070190
As7h 0.464247 486899 9933 1070190
As7s 0.464247 486899 9933 1070190
Ah7h 0.464247 486899 9933 1070190
Ah7s 0.464247 486899 9933 1070190
Ad4c 0.463785 480635 15703 1070190
Ah4c 0.463192 480070 15633 1070190
As4c 0.463192 480070 15633 1070190
Kd9c 0.461085 484541 8908 1070190
Ad3c 0.460799 477439 15703 1070190
Kh9c 0.460384 483831 8867 1070190
Ks9c 0.460384 483831 8867 1070190
As3c 0.460205 476874 15633 1070190
Ah3c 0.460205 476874 15633 1070190
Kd9d 0.459826 483741 8360.5 1070190
KdQs 0.459818 486754 5338.5 1070190
KdQh 0.459818 486754 5338.5 1070190
KsQd 0.459816 486756 5335 1070190
KhQd 0.459816 486756 5335 1070190
KhQs 0.459041 485949 5312.5 1070190
KhQh 0.459041 485949 5312.5 1070190
KsQs 0.459041 485949 5312.5 1070190
KsQh 0.459041 485949 5312.5 1070190
KsJd 0.450643 476939 5335 1070190
KhJd 0.450643 476939 5335 1070190
KdJh 0.450612 476902 5338.5 1070190
KdJs 0.450612 476902 5338.5 1070190
Kc8d 0.449872 471939 9510 1070190
KsJs 0.449868 476132 5312.5 1070190
KsJh 0.449868 476132 5312.5 1070190
KhJs 0.449868 476132 5312.5 1070190
KhJh 0.449868 476132 5312.5 1070190
Kc8h 0.449137 471178 9484 1070190
Kc8s 0.449137 471178 9484 1070190
QcJd 0.444158 470058 5275.5 1070190
QcJs 0.443412 469282 5253 1070190
QcJh 0.443412 469282 5253 1070190
Ah5d 0.443361 459415 15065 1070190
As5d 0.443361 459415 15065 1070190
Ad5h 0.443256 459263 15105.5 1070190
Ad5s 0.443256 459263 15105.5 1070190
QdJc 0.442722 468536 5260.5 1070190
Ah5s 0.442653 458684 15039 1070190
Ah5h 0.442653 458684 15039 1070190
As5h 0.442653 458684 15039 1070190
As5s 0.442653 458684 15039 1070190
Kd8d 0.442364 464537 8876.5 1070190
QhJc 0.441979 467766 5235 1070190
QsJc 0.441979 467766 5235 1070190
Kd8c 0.44187 463413 9472 1070190
Kc7d 0.441412 462456 9939 1070190
Kh8c 0.441199 462740 9427 1070190
Ks8c 0.441199 462740 9427 1070190
Kc7h 0.440671 461689 9913 1070190
Kc7s 0.440671 461689 9913 1070190
Ah4d 0.439939 455034 15784.5 1070190
As4d 0.439939 455034 15784.5 1070190
Ad4h 0.439825 454868 15828.5 1070190
Ad4s 0.439825 454868 15828.5 1070190
Ah4h 0.439232 454303 15758.5 1070190
As4h 0.439232 454303 15758.5 1070190
Ah4s 0.439232 454303 15758.5 1070190
As4s 0.439232 454303 15758.5 1070190
QdJd 0.438813 464672 4941 1070190
Ah3d 0.438187 453159 15784.5 1070190
As3d 0.438187 453159 15784.5 1070190
Ad3h 0.438068 452987 15828.5 1070190
Ad3s 0.438068 452987 15828.5 1070190
Ah3s 0.437474 452422 15758.5 1070190
Ah3h 0.437474 452422 15758.5 1070190
As3s 0.437474 452422 15758.5 1070190
As3h 0.437474 452422 15758.5 1070190
Kd7d 0.434246 455462 9263.5 1070190
Kd7c 0.432263 452709 9895 1070190
Kh9d 0.432042 453546 8820.5 1070190
Ks9d 0.432042 453546 8820.5 1070190
Kd9s 0.432003 453490 8835.5 1070190
Kd9h 0.432003 453490 8835.5 1070190
Ks7c 0.431621 452069 9847 1070190
Kh7c 0.431621 452069 9847 1070190
Kh9h 0.431301 452780 8794.5 1070190
Kh9s 0.431301 452780 8794.5 1070190
Ks9h 0.431301 452780 8794.5 1070190
Ks9s 0.431301 452780 8794.5 1070190
Qc9d 0.425368 446448 8776.5 1070190
Qc9s 0.424656 445712 8750.5 1070190
Qc9h 0.424656 445712 8750.5 1070190
9c8d 0.422583 442319 9925.5 1070190
9d8d 0.422058 442391 9291 1070190
9c8h 0.421889 441608 9893 1070190
9c8s 0.421889 441608 9893 1070190
9d8c 0.421277 440965 9881.5 1070190
9h8c 0.420598 440287 9833 1070190
9s8c 0.420598 440287 9833 1070190
Kc5d 0.420338 434743 15099 1070190
Qd9c 0.420025 440758 8749 1070190
Qd9d 0.419917 441184 8207.5 1070190
Kc5h 0.419664 434047 15073 1070190
Kc5s 0.419664 434047 15073 1070190
Qs9c 0.419325 440049 8708.5 1070190
Qh9c 0.419325 440049 8708.5 1070190
Kc4d 0.416982 430428 15821.5 1070190
Kc4h 0.416307 429732 15795.5 1070190
Kc4s 0.416307 429732 15795.5 1070190
Kc3d 0.415311 428640 15821.5 1070190
Kc3h 0.414631 427938 15795.5 1070190
Kc3s 0.414631 427938 15795.5 1070190
Ks8d 0.413649 433303 9380.5 1070190
Kh8d 0.413649 433303 9380.5 1070190
Kd8h 0.413585 433215 9399.5 1070190
Kd8s 0.413585 433215 9399.5 1070190
Kd5d 0.412955 427769 14171.5 1070190
Ks8s 0.412914 432542 9354.5 1070190
Kh8h 0.412914 432542 9354.5 1070190
Kh8s 0.412914 432542 9354.5 1070190
Ks8h 0.412914 432542 9354.5 1070190
Kd5c 0.409804 423723 14845 1070190
Kd4d 0.409642 423542 14852.5 1070190
QsJd 0.409475 433040 5176.5 1070190
QhJd 0.409475 433040 5176.5 1070190
QdJs 0.409473 433034 5179.5 1070190
QdJh 0.409473 433034 5179.5 1070190
Ks5c 0.409204 423147 14779 1070190
Kh5c 0.409204 423147 14779 1070190
QsJs 0.408729 432264 5154 1070190
QsJh 0.408729 432264 5154 1070190
QhJs 0.408729 432264 5154 1070190
QhJh 0.408729 432264 5154 1070190
Kd3d 0.40794 421721 14852.5 1070190
Qc8d 0.407394 426641 9348.5 1070190
Qc8s 0.406686 425909 9322.5 1070190
Qc8h 0.406686 425909 9322.5 1070190
Ks7d 0.405178 423817 9800.5 1070190
Kh7d 0.405178 423817 9800.5 1070190
Kd4c 0.40511 418001 15544 1070190
Kd7h 0.40508 423690 9822.5 1070190
Kd7s 0.40508 423690 9822.5 1070190
9d7d 0.404926 424057 9291 1070190
9c7d 0.404894 423388 9925.5 1070190
Kh4c 0.40452 417439 15474.5 1070190
Ks4c 0.40452 417439 15474.5 1070190
Kh7s 0.404437 423050 9774.5 1070190
Ks7h 0.404437 423050 9774.5 1070190
Kh7h 0.404437 423050 9774.5 1070190
Ks7s 0.404437 423050 9774.5 1070190
9c7h 0.404198 422676 9893 1070190
9c7s 0.404198 422676 9893 1070190
9d7c 0.402513 420884 9881.5 1070190
Qd8d 0.402455 421980 8723.5 1070190
Kd3c 0.402124 414805 15544 1070190
9h7c 0.401862 420236 9833 1070190
9s7c 0.401862 420236 9833 1070190
Ks3c 0.401534 414243 15474.5 1070190
Kh3c 0.401534 414243 15474.5 1070190
Qd8c 0.400815 419635 9313 1070190
Qh8c 0.400146 418964 9268.5 1070190
Qs8c 0.400146 418964 9268.5 1070190
9h8d 0.394188 412096 9760.5 1070190
9s8d 0.394188 412096 9760.5 1070190
9d8h 0.394173 412063 9776.5 1070190
9d8s 0.394173 412063 9776.5 1070190
9h8h 0.393494 411385 9728 1070190
9s8s 0.393494 411385 9728 1070190
9s8h 0.393494 411385 9728 1070190
9h8s 0.393494 411385 9728 1070190
Qs9d 0.390422 409164 8662 1070190
Qh9d 0.390422 409164 8662 1070190
Qd9h 0.390411 409137 8676.5 1070190
Qd9s 0.390411 409137 8676.5 1070190
Qh9h 0.38971 408428 8636 1070190
Qs9s 0.38971 408428 8636 1070190
Qh9s 0.38971 408428 8636 1070190
Qs9h 0.38971 408428 8636 1070190
8d7d 0.388606 407248 8634 1070190
Qc7d 0.388337 405817 9777.5 1070190
Qc7s 0.387629 405085 9751.5 1070190
Qc7h 0.387629 405085 9751.5 1070190
8c7d 0.386824 404766 9209.5 1070190
8c7s 0.386156 404083 9177 1070190
8c7h 0.386156 404083 9177 1070190
8d7c 0.385569 403456 9176.5 1070190
8s7c 0.384917 402802 9132 1070190
8h7c 0.384917 402802 9132 1070190
Qd7d 0.383944 401783 9110.5 1070190
Ks5d 0.383518 395531 14906.5 1070190
Kh5d 0.383518 395531 14906.5 1070190
Kd5h 0.383444 395411 14946.5 1070190
Kd5s 0.383444 395411 14946.5 1070190
Kh5s 0.382844 394835 14880.5 1070190
Kh5h 0.382844 394835 14880.5 1070190
Ks5s 0.382844 394835 14880.5 1070190
Ks5h 0.382844 394835 14880.5 1070190
Qd7c 0.380592 397570 9736 1070190
Ks4d 0.380097 391150 15626 1070190
Kh4d 0.380097 391150 15626 1070190
Kd4h 0.380012 391016 15669.5 1070190
Kd4s 0.380012 391016 15669.5 1070190
Qs7c 0.379954 396934 9688.5 1070190
Qh7c 0.379954 396934 9688.5 1070190
Jc9d 0.379773 398603 7826 1070190
Ks4h 0.379422 390454 15600 1070190
Kh4h 0.379422 390454 15600 1070190
Kh4s 0.379422 390454 15600 1070190
Ks4s 0.379422 390454 15600 1070190
Jc9h 0.379089 397894 7803.5 1070190
Jc9s 0.379089 397894 7803.5 1070190
Ks3d 0.378345 389275 15626 1070190
Kh3d 0.378345 389275 15626 1070190
Kd3s 0.378255 389135 15669.5 1070190
Kd3h 0.378255 389135 15669.5 1070190
Kh3h 0.377665 388573 15600 1070190
Kh3s 0.377665 388573 15600 1070190
Ks3h 0.377665 388573 15600 1070190
Ks3s 0.377665 388573 15600 1070190
Jd9d 0.37687 396032 7290 1070190
9s7d 0.376084 392721 9760.5 1070190
9h7d 0.376084 392721 9760.5 1070190
9d7h 0.376039 392657 9776.5 1070190
9d7s 0.376039 392657 9776.5 1070190
Jd9c 0.375777 394369 7783.5 1070190
9h7s 0.375388 392009 9728 1070190
9s7s 0.375388 392009 9728 1070190
9s7h 0.375388 392009 9728 1070190
9h7h 0.375388 392009 9728 1070190
Js9c 0.375077 393660 7743.5 1070190
Jh9c 0.375077 393660 7743.5 1070190
Qs8d 0.372031 388922 9222 1070190
Qh8d 0.372031 388922 9222 1070190
Qd8s 0.371991 388861 9240.5 1070190
Qd8h 0.371991 388861 9240.5 1070190
Qh8s 0.371323 388190 9196 1070190
Qh8h 0.371323 388190 9196 1070190
Qs8s 0.371323 388190 9196 1070190
Qs8h 0.371323 388190 9196 1070190
Qc5d 0.367431 378283 14937.5 1070190
Qc5s 0.366789 377622 14911.5 1070190
Qc5h 0.366789 377622 14911.5 1070190
Qc4d 0.364074 373968 15660 1070190
Qc4h 0.363432 373307 15634 1070190
Qc4s 0.363432 373307 15634 1070190
Qd5d 0.362811 374258 14018.5 1070190
Qc3d 0.362403 372180 15660 1070190
Jc8d 0.361799 378796 8398 1070190
Qc3s 0.361755 371513 15634 1070190
Qc3h 0.361755 371513 15634 1070190
Jc8s 0.36112 378091 8375.5 1070190
Jc8h 0.36112 378091 8375.5 1070190
Qd4d 0.359497 370031 14699.5 1070190
Jd8d 0.359407 376828 7806 1070190
8s7d 0.359218 375372 9059.5 1070190
8h7d 0.359218 375372 9059.5 1070190
8d7h 0.359202 375343 9071.5 1070190
8d7s 0.359202 375343 9071.5 1070190
8s7h 0.358549 374689 9027 1070190
8s7s 0.358549 374689 9027 1070190
8h7s 0.358549 374689 9027 1070190
8h7h 0.358549 374689 9027 1070190
Qd5c 0.358295 368758 14686 1070190
Qd3d 0.357796 368210 14699.5 1070190
Qh5c 0.357699 368185 14620.5 1070190
Qs5c 0.357699 368185 14620.5 1070190
Jd8c 0.356566 373246 8347.5 1070190
Jh8c 0.355898 372575 8303.5 1070190
Js8c 0.355898 372575 8303.5 1070190
Qd4c 0.353602 363036 15385 1070190
Qs4c 0.353015 362477 15316 1070190
Qh4c 0.353015 362477 15316 1070190
Qh7d 0.352503 367603 9642 1070190
Qs7d 0.352503 367603 9642 1070190
Qd7s 0.352433 367507 9663.5 1070190
Qd7h 0.352433 367507 9663.5 1070190
Qs7h 0.351795 366871 9616 1070190
Qs7s 0.351795 366871 9616 1070190
Qh7h 0.351795 366871 9616 1070190
Qh7s 0.351795 366871 9616 1070190
Qd3c 0.350615 359840 15385 1070190
Qh3c 0.350028 359281 15316 1070190
Qs3c 0.350028 359281 15316 1070190
Jd9h 0.345343 361880 7702.5 1070190
Jd9s 0.345343 361880 7702.5 1070190
Jh9d 0.345327 361880 7685 1070190
Js9d 0.345327 361880 7685 1070190
Jh9h 0.344643 361171 7662.5 1070190
Jh9s 0.344643 361171 7662.5 1070190
Js9h 0.344643 361171 7662.5 1070190
Js9s 0.344643 361171 7662.5 1070190
Jc7d 0.342742 357972 8827 1070190
Jc7s 0.342062 357267 8804.5 1070190
Jc7h 0.342062 357267 8804.5 1070190
Jd7d 0.340896 356631 8193 1070190
Jd7c 0.336344 351181 8770.5 1070190
Js7c 0.335705 350545 8723.5 1070190
Jh7c 0.335705 350545 8723.5 1070190
Qh5d 0.33101 339496 14748 1070190
Qs5d 0.33101 339496 14748 1070190
Qd5s 0.330965 339408 14787.5 1070190
Qd5h 0.330965 339408 14787.5 1070190
Qs5s 0.330368 338835 14722 1070190
Qh5h 0.330368 338835 14722 1070190
Qh5s 0.330368 338835 14722 1070190
Qs5h 0.330368 338835 14722 1070190
Qs4d 0.327589 335115 15467.5 1070190
Qh4d 0.327589 335115 15467.5 1070190
Qd4s 0.327534 335013 15510.5 1070190
Qd4h 0.327534 335013 15510.5 1070190
Qs4h 0.326947 334454 15441.5 1070190
Qh4s 0.326947 334454 15441.5 1070190
Qs4s 0.326947 334454 15441.5 1070190
Qh4h 0.326947 334454 15441.5 1070190
Jh8d 0.326935 341638 8245 1070190
Js8d 0.326935 341638 8245 1070190
Jd8h 0.326924 341604 8266.5 1070190
Jd8s 0.326924 341604 8266.5 1070190
Js8h 0.326256 340933 8222.5 1070190
Js8s 0.326256 340933 8222.5 1070190
Jh8h 0.326256 340933 8222.5 1070190
Jh8s 0.326256 340933 8222.5 1070190
5d4d 0.326119 337585 11424.5 1070190
Qh3d 0.325837 333240 15467.5 1070190
Qs3d 0.325837 333240 15467.5 1070190
Qd3s 0.325776 333132 15510.5 1070190
Qd3h 0.325776 333132 15510.5 1070190
Qs3s 0.325189 332573 15441.5 1070190
Qh3s 0.325189 332573 15441.5 1070190
Qh3h 0.325189 332573 15441.5 1070190
Qs3h 0.325189 332573 15441.5 1070190
5c4d 0.321648 332151 12073 1070190
5c4h 0.321093 331594 12037 1070190
5c4s 0.321093 331594 12037 1070190
Jc5d 0.320936 328686 14776 1070190
5d4c 0.320436 330942 11985.5 1070190
Jc5s 0.320326 328060 14750 1070190
Jc5h 0.320326 328060 14750 1070190
5s4c 0.319895 330412 11936 1070190
5h4c 0.319895 330412 11936 1070190
Jd5d 0.31888 327397 13865.5 1070190
Jc4d 0.317579 324371 15498.5 1070190
Jc4s 0.316969 323745 15472.5 1070190
Jc4h 0.316969 323745 15472.5 1070190
Jc3d 0.315908 322583 15498.5 1070190
Jd4d 0.315567 323170 14546.5 1070190
Jc3h 0.315293 321951 15472.5 1070190
Jc3s 0.315293 321951 15472.5 1070190
5d3d 0.314576 325232 11424.5 1070190
Jd3d 0.313865 321349 14546.5 1070190
Jd5c 0.313126 320577 14527 1070190
Jh5c 0.31253 320004 14462 1070190
Js5c 0.31253 320004 14462 1070190
5c3d 0.309829 319503 12073 1070190
5c3s 0.309276 318947 12037 1070190
5c3h 0.309276 318947 12037 1070190
Jd4c 0.308432 314855 15226 1070190
Js4c 0.307846 314296 15157.5 1070190
Jh4c 0.307846 314296 15157.5 1070190
Jh7d 0.307407 320319 8665 1070190
Js7d 0.307407 320319 8665 1070190
5d3c 0.307389 316979 11985.5 1070190
Jd7s 0.307366 320250 8689.5 1070190
Jd7h 0.307366 320250 8689.5 1070190
5h3c 0.306854 316456 11936 1070190
5s3c 0.306854 316456 11936 1070190
Jh7h 0.306727 319614 8642.5 1070190
Jh7s 0.306727 319614 8642.5 1070190
Js7s 0.306727 319614 8642.5 1070190
Js7h 0.306727 319614 8642.5 1070190
Jd3c 0.305446 311659 15226 1070190
4d3d 0.30544 318380 8498.5 1070190
Jh3c 0.304859 311100 15157.5 1070190
Js3c 0.304859 311100 15157.5 1070190
4c3d 0.299111 311127 8978.5 1070190
4c3s 0.298584 310599 8942.5 1070190
4c3h 0.298584 310599 8942.5 1070190
4d3c 0.2979 309831 8978.5 1070190
4s3c 0.297378 309308 8942.5 1070190
4h3c 0.297378 309308 8942.5 1070190
5h4d 0.295324 304106 11947 1070190
5s4d 0.295324 304106 11947 1070190
5d4s 0.295312 304079 11960.5 1070190
5d4h 0.295312 304079 11960.5 1070190
5h4s 0.29477 303549 11911 1070190
5h4h 0.29477 303549 11911 1070190
5s4h 0.29477 303549 11911 1070190
5s4s 0.29477 303549 11911 1070190
9d5d 0.285083 290517 14576 1070190
Jh5d 0.284982 290395 14589.5 1070190
Js5d 0.284982 290395 14589.5 1070190
Jd5h 0.284969 290342 14628.5 1070190
Jd5s 0.284969 290342 14628.5 1070190
Jh5s 0.284372 289769 14563.5 1070190
Js5s 0.284372 289769 14563.5 1070190
Js5h 0.284372 289769 14563.5 1070190
Jh5h 0.284372 289769 14563.5 1070190
9c5d 0.283051 287396 15522 1070190
5h3d 0.283043 290963 11947 1070190
5s3d 0.283043 290963 11947 1070190
5d3h 0.283025 290930 11960.5 1070190
5d3s 0.283025 290930 11960.5 1070190
5h3h 0.28249 290407 11911 1070190
5h3s 0.28249 290407 11911 1070190
5s3h 0.28249 290407 11911 1070190
5s3s 0.28249 290407 11911 1070190
9c5h 0.282469 286801 15494 1070190
9c5s 0.282469 286801 15494 1070190
9d4d 0.28177 286290 15257 1070190
Jh4d 0.28156 286014 15309 1070190
Js4d 0.28156 286014 15309 1070190
Jd4s 0.281537 285947 15351.5 1070190
Jd4h 0.281537 285947 15351.5 1070190
Jh4h 0.280951 285388 15283 1070190
Jh4s 0.280951 285388 15283 1070190
Js4h 0.280951 285388 15283 1070190
Js4s 0.280951 285388 15283 1070190
9d3d 0.280123 284528 15257 1070190
Jh3d 0.279808 284139 15309 1070190
Js3d 0.279808 284139 15309 1070190
Jd3s 0.27978 284066 15351.5 1070190
Jd3h 0.27978 284066 15351.5 1070190
9c4d 0.279694 283081 16244.5 1070190
Js3h 0.279193 283507 15283 1070190
Js3s 0.279193 283507 15283 1070190
Jh3h 0.279193 283507 15283 1070190
Jh3s 0.279193 283507 15283 1070190
9c4h 0.279112 282486 16216.5 1070190
9c4s 0.279112 282486 16216.5 1070190
9d5c 0.279108 283430 15269 1070190
9h5c 0.278536 282880 15206 1070190
9s5c 0.278536 282880 15206 1070190
9c3d 0.278078 281352 16244.5 1070190
9c3s 0.277491 280752 16216.5 1070190
9c3h 0.277491 280752 16216.5 1070190
9d4c 0.274415 277708 15968 1070190
9h4c 0.273852 277172 15901.5 1070190
9s4c 0.273852 277172 15901.5 1070190
4s3d 0.27348 283803 8872.5 1070190
4h3d 0.27348 283803 8872.5 1070190
4d3s 0.273475 283798 8872.5 1070190
4d3h 0.273475 283798 8872.5 1070190
4s3s 0.272953 283275 8836.5 1070190
4s3h 0.272953 283275 8836.5 1070190
4h3s 0.272953 283275 8836.5 1070190
4h3h 0.272953 283275 8836.5 1070190
9d3c 0.271479 274566 15968 1070190
9h3c 0.270916 274030 15901.5 1070190
9s3c 0.270916 274030 15901.5 1070190
8d5d 0.268339 273255 13919 1070190
8d4d 0.265104 269196 14516 1070190
8c5d 0.264508 268268 14806 1070190
8c5h 0.26395 267699 14778 1070190
8c5s 0.26395 267699 14778 1070190
8d5c 0.261813 265626 14564 1070190
8h5c 0.261241 265072 14505 1070190
8s5c 0.261241 265072 14505 1070190
8c4d 0.261235 264132 15439 1070190
8c4h 0.260677 263563 15411 1070190
8c4s 0.260677 263563 15411 1070190
8d4c 0.257201 260078 15176 1070190
8s4c 0.256638 259537 15114 1070190
8h4c 0.256638 259537 15114 1070190
8d3d 0.250645 253722 14516 1070190
9h5d 0.25051 252734 15359 1070190
9s5d 0.25051 252734 15359 1070190
9d5h 0.2505 252689 15394 1070190
9d5s 0.2505 252689 15394 1070190
9h5h 0.249928 252139 15331 1070190
9s5s 0.249928 252139 15331 1070190
9s5h 0.249928 252139 15331 1070190
9h5s 0.249928 252139 15331 1070190
9h4d 0.247088 248353 16078.5 1070190
9s4d 0.247088 248353 16078.5 1070190
9d4s 0.247069 248294 16117 1070190
9d4h 0.247069 248294 16117 1070190
9s4s 0.246506 247758 16050.5 1070190
9s4h 0.246506 247758 16050.5 1070190
9h4s 0.246506 247758 16050.5 1070190
9h4h 0.246506 247758 16050.5 1070190
8c3d 0.246504 248367 15439 1070190
7d5d 0.246062 250836 12497.5 1070190
8c3h 0.245949 247801 15411 1070190
8c3s 0.245949 247801 15411 1070190
9s3d 0.245394 246540 16078.5 1070190
9h3d 0.245394 246540 16078.5 1070190
9d3s 0.24537 246476 16117 1070190
9d3h 0.24537 246476 16117 1070190
9h3h 0.244807 245940 16050.5 1070190
9s3h 0.244807 245940 16050.5 1070190
9s3s 0.244807 245940 16050.5 1070190
9h3s 0.244807 245940 16050.5 1070190
7d4d 0.242827 246777 13094.5 1070190
8d3c 0.24114 242890 15176 1070190
8h3c 0.240583 242355 15114 1070190
8s3c 0.240583 242355 15114 1070190
7c5d 0.240358 243928 13301 1070190
7c5h 0.239828 243385 13276.5 1070190
7c5s 0.239828 243385 13276.5 1070190
7d5c 0.238845 242557 13052.5 1070190
7s5c 0.238273 242000 12997.5 1070190
7h5c 0.238273 242000 12997.5 1070190
7c4d 0.237085 239792 13934 1070190
7c4h 0.236555 239249 13909.5 1070190
7c4s 0.236555 239249 13909.5 1070190
7d4c 0.234233 237009 13664.5 1070190
7h4c 0.23367 236465 13606.5 1070190
7s4c 0.23367 236465 13606.5 1070190
8d5s 0.23325 234933 14689 1070190
8d5h 0.23325 234933 14689 1070190
8s5d 0.233235 234948 14658 1070190
8h5d 0.233235 234948 14658 1070190
8h5s 0.232677 234379 14630 1070190
8s5h 0.232677 234379 14630 1070190
8s5s 0.232677 234379 14630 1070190
8h5h 0.232677 234379 14630 1070190
8d4h 0.229903 230718 15322 1070190
8d4s 0.229903 230718 15322 1070190
8h4d 0.229897 230746 15288 1070190
8s4d 0.229897 230746 15288 1070190
8h4s 0.22934 230177 15260 1070190
8h4h 0.22934 230177 15260 1070190
8s4s 0.22934 230177 15260 1070190
8s4h 0.22934 230177 15260 1070190
7d3d 0.228368 231303 13094.5 1070190
7c3d 0.222354 224027 13934 1070190
7c3h 0.221826 223487 13909.5 1070190
7c3s 0.221826 223487 13909.5 1070190
7d3c 0.218172 219821 13664.5 1070190
7h3c 0.217615 219283 13606.5 1070190
7s3c 0.217615 219283 13606.5 1070190
8d3s 0.214561 214299 15322 1070190
8d3h 0.214561 214299 15322 1070190
8s3d 0.214558 214330 15288 1070190
8h3d 0.214558 214330 15288 1070190
8s3h 0.214003 213764 15260 1070190
8s3s 0.214003 213764 15260 1070190
8h3h 0.214003 213764 15260 1070190
8h3s 0.214003 213764 15260 1070190
7d5s 0.20997 211539 13169 1070190
7d5h 0.20997 211539 13169 1070190
7h5d 0.209929 211525 13138.5 1070190
7s5d 0.209929 211525 13138.5 1070190
7s5h 0.209398 210982 13114 1070190
7s5s 0.209398 210982 13114 1070190
7h5s 0.209398 210982 13114 1070190
7h5h 0.209398 210982 13114 1070190
7d4h 0.206623 207324 13802 1070190
7d4s 0.206623 207324 13802 1070190
7h4d 0.206591 207323 13768.5 1070190
7s4d 0.206591 207323 13768.5 1070190
7h4h 0.206061 206780 13744 1070190
7h4s 0.206061 206780 13744 1070190
7s4h 0.206061 206780 13744 1070190
7s4s 0.206061 206780 13744 1070190
7d3s 0.191281 190905 13802 1070190
7d3h 0.191281 190905 13802 1070190
7h3d 0.191252 190907 13768.5 1070190
7s3d 0.191252 190907 13768.5 1070190
7h3s 0.190724 190367 13744 1070190
7h3h 0.190724 190367 13744 1070190
7s3h 0.190724 190367 13744 1070190
7s3s 0.190724 190367 13744 1070190
