7s7c 0.923525 988347 0 1070190
7h7c 0.923525 988347 0 1070190
7s7h 0.923158 987954 0 1070190
6h6c 0.918522 982929 64.5 1070190
6s6c 0.918522 982929 64.5 1070190
6s6h 0.918152 982533 64.5 1070190
2h2d 0.916671 980892 120 1070190
2s2d 0.916671 980892 120 1070190
2s2h 0.91075 974556 120 1070190
7c6c 0.855226 912528 2726 1070190
7h6c 0.849936 906777 2816 1070190
7s6c 0.849936 906777 2816 1070190
7c6s 0.849933 906774 2816 1070190
7c6h 0.849933 906774 2816 1070190
7h6h 0.849587 906426 2793.5 1070190
7h6s 0.849587 906426 2793.5 1070190
7s6h 0.849587 906426 2793.5 1070190
7s6s 0.849587 906426 2793.5 1070190
7c2d 0.845894 900009 5258 1070190
AdAc 0.845806 904701 472.5 1070190
7h2d 0.845548 899661 5235.5 1070190
7s2d 0.845548 899661 5235.5 1070190
AsAd 0.844988 903825 472.5 1070190
AhAd 0.844988 903825 472.5 1070190
7c2s 0.837871 891378 5303 1070190
7c2h 0.837871 891378 5303 1070190
7s2s 0.837525 891030 5280.5 1070190
7s2h 0.837525 891030 5280.5 1070190
7h2s 0.837525 891030 5280.5 1070190
7h2h 0.837525 891030 5280.5 1070190
6c2d 0.831147 884238 5247.5 1070190
6h2d 0.830798 883887 5225 1070190
6s2d 0.830798 883887 5225 1070190
KdKc 0.826083 883593 472.5 1070190
KsKd 0.825264 882717 472.5 1070190
KhKd 0.825264 882717 472.5 1070190
6c2s 0.822771 875229 5292.5 1070190
6c2h 0.822771 875229 5292.5 1070190
6s2s 0.822422 874878 5270 1070190
6s2h 0.822422 874878 5270 1070190
6h2s 0.822422 874878 5270 1070190
6h2h 0.822422 874878 5270 1070190
AsAc 0.819366 876405 472.5 1070190
AhAc 0.819366 876405 472.5 1070190
AsAh 0.818548 875529 472.5 1070190
QdQc 0.806385 862513 472.5 1070190
QsQd 0.805567 861637 472.5 1070190
QhQd 0.805567 861637 472.5 1070190
KsKc 0.800456 856167 472.5 1070190
KhKc 0.800456 856167 472.5 1070190
KsKh 0.799637 855291 472.5 1070190
JdJc 0.786714 841461 472.5 1070190
JsJd 0.785895 840585 472.5 1070190
JhJd 0.785895 840585 472.5 1070190
QsQc 0.781545 835929 472.5 1070190
QhQc 0.781545 835929 472.5 1070190
QsQh 0.780726 835053 472.5 1070190
TdTc 0.777675 831202 1057.5 1070190
ThTd 0.77689 830366 1053.5 1070190
TsTd 0.77689 830366 1053.5 1070190
9d9c 0.767981 820243 1642.5 1070190
9s9d 0.76723 819447 1634.5 1070190
9h9d 0.76723 819447 1634.5 1070190
JsJc 0.762634 815691 472.5 1070190
JhJc 0.762634 815691 472.5 1070190
JsJh 0.761816 814815 472.5 1070190
8d8c 0.759452 810530 2227.5 1070190
Ad7c 0.759129 809106 3306 1070190
8h8d 0.758734 809774 2215.5 1070190
8s8d 0.758734 809774 2215.5 1070190
Ad7s 0.758365 808311 3283.5 1070190
Ad7h 0.758365 808311 3283.5 1070190
TsTc 0.754816 806747 1049.5 1070190
ThTc 0.754816 806747 1049.5 1070190
TsTh 0.754031 805911 1045.5 1070190
Kd7c 0.751388 800050 4078 1070190
Kd7h 0.750662 799299 4051.5 1070190
Kd7s 0.750662 799299 4051.5 1070190
9h9c 0.746301 797057 1626.5 1070190
9s9c 0.746301 797057 1626.5 1070190
9s9h 0.745549 796261 1618.5 1070190
Qd7c 0.743931 791390 4758 1070190
Qd7h 0.743241 790681 4728 1070190
Qd7s 0.743241 790681 4728 1070190
Ac7c 0.742873 791754 3261 1070190
9d7c 0.73913 783105 7904 1070190
8s8c 0.738947 788610 2203.5 1070190
8h8c 0.738947 788610 2203.5 1070190
Td7c 0.738866 784056 6671 1070190
8d7c 0.738816 781629 9045 1070190
9d7s 0.738524 782494 7866.5 1070190
9d7h 0.738524 782494 7866.5 1070190
Td7h 0.738236 783417 6635.5 1070190
Td7s 0.738236 783417 6635.5 1070190
8d7s 0.738232 781043 9006 1070190
8d7h 0.738232 781043 9006 1070190
8s8h 0.738229 787854 2191.5 1070190
Ad2d 0.736903 785568 3058.5 1070190
Jd7c 0.736759 783126 5346 1070190
Kc7c 0.736449 784118 4022 1070190
Jd7s 0.736103 782457 5313 1070190
Jd7h 0.736103 782457 5313 1070190
Qc7c 0.730309 776877 4692 1070190
8c7c 0.729539 771936 8809.5 1070190
9c7c 0.728834 772270 7721 1070190
Ac7s 0.728576 776319 3396 1070190
Ac7h 0.728576 776319 3396 1070190
As7c 0.728509 776247 3396 1070190
Ah7c 0.728509 776247 3396 1070190
Kd2d 0.728429 775976 3581 1070190
As7s 0.727745 775452 3373.5 1070190
As7h 0.727745 775452 3373.5 1070190
Ah7h 0.727745 775452 3373.5 1070190
Ah7s 0.727745 775452 3373.5 1070190
Tc7c 0.727538 772062 6541.5 1070190
Jc7c 0.72445 770028 5271 1070190
Kc7h 0.722126 768624 4188 1070190
Kc7s 0.722126 768624 4188 1070190
Kh7c 0.722021 768508 4192 1070190
Ks7c 0.722021 768508 4192 1070190
Ks7s 0.721295 767757 4165.5 1070190
Kh7s 0.721295 767757 4165.5 1070190
Kh7h 0.721295 767757 4165.5 1070190
Ks7h 0.721295 767757 4165.5 1070190
Qd2d 0.720558 767102 4031.5 1070190
8c7s 0.716874 757947 9244.5 1070190
8c7h 0.716874 757947 9244.5 1070190
8h7c 0.716729 757786 9250.5 1070190
8s7c 0.716729 757786 9250.5 1070190
8h7h 0.716145 757200 9211.5 1070190
8h7s 0.716145 757200 9211.5 1070190
8s7s 0.716145 757200 9211.5 1070190
8s7h 0.716145 757200 9211.5 1070190
Qc7s 0.715941 761307 4885.5 1070190
Qc7h 0.715941 761307 4885.5 1070190
Qh7c 0.7158 761149 4893 1070190
Qs7c 0.7158 761149 4893 1070190
9c7h 0.715684 757831 8087 1070190
9c7s 0.715684 757831 8087 1070190
9s7c 0.715527 757655 8095 1070190
9h7c 0.715527 757655 8095 1070190
Qs7h 0.715109 760440 4863 1070190
Qs7s 0.715109 760440 4863 1070190
Qh7s 0.715109 760440 4863 1070190
Qh7h 0.715109 760440 4863 1070190
9h7h 0.714921 757044 8057.5 1070190
9h7s 0.714921 757044 8057.5 1070190
9s7h 0.714921 757044 8057.5 1070190
9s7s 0.714921 757044 8057.5 1070190
Tc7s 0.713826 757094 6835 1070190
Tc7h 0.713826 757094 6835 1070190
Th7c 0.713659 756906 6844.5 1070190
Ts7c 0.713659 756906 6844.5 1070190
7c5d 0.713406 750732 12748 1070190
Jd2d 0.71329 758946 4410 1070190
Ts7h 0.713029 756267 6809 1070190
Th7s 0.713029 756267 6809 1070190
Th7h 0.713029 756267 6809 1070190
Ts7s 0.713029 756267 6809 1070190
7s5d 0.712882 750232 12687 1070190
7h5d 0.712882 750232 12687 1070190
Td2d 0.712655 757464 5212 1070190
9d2d 0.711949 755979 5942 1070190
8d2d 0.711811 755173 6600 1070190
Jc7s 0.71002 754368 5488.5 1070190
Jc7h 0.71002 754368 5488.5 1070190
Jh7c 0.709845 754170 5499 1070190
Js7c 0.709845 754170 5499 1070190
Jh7s 0.709189 753501 5466 1070190
Jh7h 0.709189 753501 5466 1070190
Js7s 0.709189 753501 5466 1070190
Js7h 0.709189 753501 5466 1070190
7c5c 0.705606 742659 12473.5 1070190
7c4d 0.7033 740226 12439 1070190
7h4d 0.702793 739748 12374.5 1070190
7s4d 0.702793 739748 12374.5 1070190
AdKd 0.702485 747935 3857 1070190
5d2d 0.699848 739929 9041 1070190
7c4c 0.696997 733725 12194 1070190
Ad6c 0.696495 741954 3427.5 1070190
AdQd 0.696269 741283 3857 1070190
Ad6h 0.695731 741159 3405 1070190
Ad6s 0.695731 741159 3405 1070190
7c3d 0.695215 732366 11646 1070190
7h3d 0.694715 731895 11582 1070190
7s3d 0.694715 731895 11582 1070190
4d2d 0.693237 733367 8528 1070190
7s5c 0.691735 727229 13058.5 1070190
7h5c 0.691735 727229 13058.5 1070190
7c5s 0.691546 727000 13085.5 1070190
7c5h 0.691546 727000 13085.5 1070190
7h5s 0.691022 726500 13024.5 1070190
7s5h 0.691022 726500 13024.5 1070190
7s5s 0.691022 726500 13024.5 1070190
7h5h 0.691022 726500 13024.5 1070190
7c3c 0.690374 727390 11441.5 1070190
AdJd 0.690053 734631 3857 1070190
AdTd 0.689975 734065 4339.5 1070190
Ad9d 0.689474 733046 4822 1070190
Ad8d 0.689089 732152 5304.5 1070190
Kd6c 0.688754 732898 4199.5 1070190
Kd6h 0.688027 732147 4173 1070190
Kd6s 0.688027 732147 4173 1070190
3d2d 0.686925 727197 7943 1070190
7s4c 0.68235 717487 12757.5 1070190
7h4c 0.68235 717487 12757.5 1070190
7c4h 0.682111 717196 12792 1070190
7c4s 0.682111 717196 12792 1070190
7s4s 0.681604 716718 12727.5 1070190
7s4h 0.681604 716718 12727.5 1070190
7h4s 0.681604 716718 12727.5 1070190
7h4h 0.681604 716718 12727.5 1070190
Qd6c 0.681297 724238 4879.5 1070190
Qd6s 0.680607 723529 4849.5 1070190
Qd6h 0.680607 723529 4849.5 1070190
Ac6c 0.680079 724431 3382.5 1070190
8d6c 0.678398 716848 9166.5 1070190
9d6c 0.677917 717474 8025.5 1070190
8d6s 0.677814 716262 9127.5 1070190
8d6h 0.677814 716262 9127.5 1070190
9d6h 0.677311 716863 7988 1070190
9d6s 0.677311 716863 7988 1070190
Td6c 0.676859 717575 6792.5 1070190
Td6s 0.676229 716936 6757 1070190
Td6h 0.676229 716936 6757 1070190
7h3c 0.675078 710506 11955.5 1070190
7s3c 0.675078 710506 11955.5 1070190
7c3h 0.674797 710168 11993.5 1070190
7c3s 0.674797 710168 11993.5 1070190
7h3s 0.674298 709697 11929.5 1070190
7h3h 0.674298 709697 11929.5 1070190
7s3s 0.674298 709697 11929.5 1070190
7s3h 0.674298 709697 11929.5 1070190
Jd6c 0.674125 715974 5467.5 1070190
Kc6c 0.673655 716795 4143.5 1070190
Jd6s 0.673469 715305 5434.5 1070190
Jd6h 0.673469 715305 5434.5 1070190
8c6c 0.668934 706956 8931 1070190
9d8d 0.668456 710163 5211.5 1070190
Qc6c 0.667515 709554 4813.5 1070190
9c6c 0.667445 706450 7842.5 1070190
Tc6c 0.665363 705402 6663 1070190
Ad5d 0.663323 700238 9643.5 1070190
Ac6h 0.663007 706026 3517.5 1070190
Ac6s 0.663007 706026 3517.5 1070190
As6c 0.662973 705990 3517.5 1070190
Ah6c 0.662973 705990 3517.5 1070190
As6h 0.66221 705195 3495 1070190
Ah6h 0.66221 705195 3495 1070190
Ah6s 0.66221 705195 3495 1070190
As6s 0.66221 705195 3495 1070190
Jc6c 0.661656 702705 5392.5 1070190
Kc6s 0.656557 698331 4309.5 1070190
Kc6h 0.656557 698331 4309.5 1070190
Ks6c 0.656486 698251 4313.5 1070190
Kh6c 0.656486 698251 4313.5 1070190
Kh6s 0.655759 697500 4287 1070190
Kh6h 0.655759 697500 4287 1070190
Ks6h 0.655759 697500 4287 1070190
Ks6s 0.655759 697500 4287 1070190
Ad4d 0.655124 691482 9625 1070190
KdQd 0.654246 696436 3731.5 1070190
8c6s 0.653633 690145 9366 1070190
8c6h 0.653633 690145 9366 1070190
8h6c 0.653519 690017 9372 1070190
8s6c 0.653519 690017 9372 1070190
8s6h 0.652935 689431 9333 1070190
8h6h 0.652935 689431 9333 1070190
8h6s 0.652935 689431 9333 1070190
8s6s 0.652935 689431 9333 1070190
6c5d 0.651675 684808 12608.5 1070190
9c6s 0.651608 689136 8208.5 1070190
9c6h 0.651608 689136 8208.5 1070190
9s6c 0.651483 688994 8216.5 1070190
9h6c 0.651483 688994 8216.5 1070190
6h5d 0.65115 684307 12547.5 1070190
6s5d 0.65115 684307 12547.5 1070190
9h6s 0.650877 688383 8179 1070190
9s6h 0.650877 688383 8179 1070190
9h6h 0.650877 688383 8179 1070190
9s6s 0.650877 688383 8179 1070190
Qc6s 0.650371 691014 5007 1070190
Qc6h 0.650371 691014 5007 1070190
Qh6c 0.650264 690892 5014.5 1070190
Qs6c 0.650264 690892 5014.5 1070190
Qh6h 0.649574 690183 4984.5 1070190
Qh6s 0.649574 690183 4984.5 1070190
Qs6s 0.649574 690183 4984.5 1070190
Qs6h 0.649574 690183 4984.5 1070190
Tc6s 0.648915 687506 6956.5 1070190
Tc6h 0.648915 687506 6956.5 1070190
Ts6c 0.648781 687353 6966 1070190
Th6c 0.648781 687353 6966 1070190
KdTd 0.648223 689508 4214 1070190
Th6h 0.648151 686714 6930.5 1070190
Ts6h 0.648151 686714 6930.5 1070190
Th6s 0.648151 686714 6930.5 1070190
Ts6s 0.648151 686714 6930.5 1070190
Kd8d 0.648148 688463 5179 1070190
Kd9d 0.648127 688923 4696.5 1070190
KdJd 0.64803 689784 3731.5 1070190
Ad3d 0.647974 684313 9142.5 1070190
Jc6s 0.644451 684075 5610 1070190
Jc6h 0.644451 684075 5610 1070190
Js6c 0.644309 683913 5620.5 1070190
Jh6c 0.644309 683913 5620.5 1070190
6c5c 0.643717 676565 12334 1070190
Jh6h 0.643653 683244 5587.5 1070190
Jh6s 0.643653 683244 5587.5 1070190
Js6s 0.643653 683244 5587.5 1070190
Js6h 0.643653 683244 5587.5 1070190
6c4d 0.640775 673452 12299.5 1070190
6h4d 0.640268 672973 12235 1070190
6s4d 0.640268 672973 12235 1070190
6c4c 0.634322 666791 12054.5 1070190
8d5d 0.633264 668681 9031.5 1070190
6c3d 0.631896 664742 11506.5 1070190
6h3d 0.631395 664270 11442.5 1070190
6s3d 0.631395 664270 11442.5 1070190
6h5c 0.62724 658347 12919 1070190
6s5c 0.62724 658347 12919 1070190
6c5h 0.627082 658151 12946 1070190
6c5s 0.627082 658151 12946 1070190
6c3c 0.626915 659616 11302 1070190
6h5s 0.626557 657650 12885 1070190
6s5s 0.626557 657650 12885 1070190
6s5h 0.626557 657650 12885 1070190
6h5h 0.626557 657650 12885 1070190
Kd5d 0.622382 656549 9518 1070190
Td9d 0.621047 660292 4346 1070190
Td8d 0.620895 659647 4828.5 1070190
6s4c 0.617021 647712 12618 1070190
6h4c 0.617021 647712 12618 1070190
6c4h 0.616813 647455 12652.5 1070190
6c4s 0.616813 647455 12652.5 1070190
6h4h 0.616306 646976 12588 1070190
6h4s 0.616306 646976 12588 1070190
6s4s 0.616306 646976 12588 1070190
6s4h 0.616306 646976 12588 1070190
Kd4d 0.613777 647359 9499.5 1070190
Qd8d 0.611905 649801 5053.5 1070190
Qd9d 0.611613 649971 4571 1070190
QdTd 0.611438 650266 4088.5 1070190
QdJd 0.611108 650396 3606 1070190
6s3c 0.608914 639838 11816 1070190
6h3c 0.608914 639838 11816 1070190
6c3s 0.608667 639535 11854 1070190
6c3h 0.608667 639535 11854 1070190
6s3h 0.608166 639063 11790 1070190
6s3s 0.608166 639063 11790 1070190
6h3h 0.608166 639063 11790 1070190
6h3s 0.608166 639063 11790 1070190
Kd3d 0.606222 639756 9017 1070190
5d4d 0.605965 640193 8305 1070190
5d5c 0.592264 631509 2326.5 1070190
5s5d 0.591632 630845 2313.5 1070190
5h5d 0.591632 630845 2313.5 1070190
Qd5d 0.586138 617887 9392.5 1070190
Ad2s 0.581995 618828 4017 1070190
Ad2h 0.581995 618828 4017 1070190
Jd8d 0.580909 617238 4445.5 1070190
Jd9d 0.580481 617262 3963 1070190
JdTd 0.580169 617411 3480.5 1070190
9d5d 0.578272 610158 8702.5 1070190
Qd4d 0.577263 608407 9374 1070190
Kd2h 0.573363 608900 4707.5 1070190
Kd2s 0.573363 608900 4707.5 1070190
Ac2d 0.569787 605763 4017 1070190
Qd3d 0.569437 600514 8891.5 1070190
Ah2d 0.568972 604896 4012.5 1070190
As2d 0.568972 604896 4012.5 1070190
5h5c 0.566809 604291 2302.5 1070190
5s5c 0.566809 604291 2302.5 1070190
5s5h 0.566177 603627 2289.5 1070190
8d2h 0.565413 595849 9250.5 1070190
8d2s 0.565413 595849 9250.5 1070190
Qd2s 0.565152 599515 5305 1070190
Qd2h 0.565152 599515 5305 1070190
4d4c 0.564225 602122 1705.5 1070190
4s4d 0.563561 601420 1697 1070190
4h4d 0.563561 601420 1697 1070190
9d2s 0.562728 594029 8196.5 1070190
9d2h 0.562728 594029 8196.5 1070190
Kc2d 0.562362 597103 4731 1070190
Ks2d 0.561548 596236 4727 1070190
Kh2d 0.561548 596236 4727 1070190
8d4d 0.561406 591877 8934 1070190
8c2d 0.560688 590747 9295.5 1070190
Td2h 0.560381 592665 7049.5 1070190
Td2s 0.560381 592665 7049.5 1070190
8s2d 0.559977 590000 9282 1070190
8h2d 0.559977 590000 9282 1070190
Jd2h 0.557361 590673 5809.5 1070190
Jd2s 0.557361 590673 5809.5 1070190
9c2d 0.556729 587556 8250 1070190
9h2d 0.555984 586769 8240 1070190
9s2d 0.555984 586769 8240 1070190
Qc2d 0.55534 588970 5349 1070190
Jd5d 0.554592 584252 9267 1070190
Qs2d 0.554526 588103 5345.5 1070190
Qh2d 0.554526 588103 5345.5 1070190
Tc2d 0.553068 584779 7108.5 1070190
Th2d 0.552289 583952 7102 1070190
Ts2d 0.552289 583952 7102 1070190
5d2h 0.549472 574959 13080.5 1070190
5d2s 0.549472 574959 13080.5 1070190
Jc2d 0.54872 581364 5871 1070190
Jh2d 0.547907 580497 5868 1070190
Js2d 0.547907 580497 5868 1070190
Ac2h 0.547749 582300 3895.5 1070190
Ac2s 0.547749 582300 3895.5 1070190
As2h 0.546935 581433 3891 1070190
As2s 0.546935 581433 3891 1070190
Ah2s 0.546935 581433 3891 1070190
Ah2h 0.546935 581433 3891 1070190
5c2d 0.545695 570637 13360 1070190
Jd4d 0.54558 574626 9248.5 1070190
5s2d 0.54501 569917 13347 1070190
5h2d 0.54501 569917 13347 1070190
Kc2h 0.54049 573842 4585.5 1070190
Kc2s 0.54049 573842 4585.5 1070190
8c2h 0.540468 569237 9166.5 1070190
8c2s 0.540468 569237 9166.5 1070190
8s2s 0.539757 568490 9153 1070190
8s2h 0.539757 568490 9153 1070190
8h2s 0.539757 568490 9153 1070190
8h2h 0.539757 568490 9153 1070190
Ks2s 0.539677 572975 4581.5 1070190
Kh2h 0.539677 572975 4581.5 1070190
Kh2s 0.539677 572975 4581.5 1070190
Ks2h 0.539677 572975 4581.5 1070190
4d2h 0.538908 564478 12255.5 1070190
4d2s 0.538908 564478 12255.5 1070190
4h4c 0.53889 575025 1689.5 1070190
4s4c 0.53889 575025 1689.5 1070190
4s4h 0.538226 574323 1681 1070190
Jd3d 0.537618 566587 8766 1070190
4c2d 0.536141 561218 12554.5 1070190
9c2h 0.536091 565620 8099.5 1070190
9c2s 0.536091 565620 8099.5 1070190
4s2d 0.535423 560458 12546 1070190
4h2d 0.535423 560458 12546 1070190
9h2h 0.535347 564833 8089.5 1070190
9s2s 0.535347 564833 8089.5 1070190
9s2h 0.535347 564833 8089.5 1070190
9h2s 0.535347 564833 8089.5 1070190
3d3c 0.534983 571449 1084.5 1070190
3s3d 0.534288 570709 1080.5 1070190
3h3d 0.534288 570709 1080.5 1070190
AdKc 0.534126 566018 5598.5 1070190
5d3d 0.533734 563328 7868.5 1070190
Qc2s 0.533626 565899 5182.5 1070190
Qc2h 0.533626 565899 5182.5 1070190
AdKs 0.533319 565177 5576 1070190
AdKh 0.533319 565177 5576 1070190
Qs2s 0.532813 565032 5179 1070190
Qh2h 0.532813 565032 5179 1070190
Qh2s 0.532813 565032 5179 1070190
Qs2h 0.532813 565032 5179 1070190
AcKd 0.532651 564459 5578.5 1070190
Tc2h 0.531992 562393 6939.5 1070190
Tc2s 0.531992 562393 6939.5 1070190
AhKd 0.531848 563626 5552 1070190
AsKd 0.531848 563626 5552 1070190
Ts2s 0.531213 561566 6933 1070190
Th2h 0.531213 561566 6933 1070190
Th2s 0.531213 561566 6933 1070190
Ts2h 0.531213 561566 6933 1070190
Td5d 0.52937 557385 9141.5 1070190
3d2s 0.528361 554130 11316.5 1070190
3d2h 0.528361 554130 11316.5 1070190
Jc2s 0.527156 558471 5686.5 1070190
Jc2h 0.527156 558471 5686.5 1070190
Td4d 0.52673 554149 9552 1070190
3c2d 0.526608 551942 11629 1070190
Jh2s 0.526343 557604 5683.5 1070190
Jh2h 0.526343 557604 5683.5 1070190
Js2h 0.526343 557604 5683.5 1070190
Js2s 0.526343 557604 5683.5 1070190
3h2d 0.525857 551142 11625 1070190
3s2d 0.525857 551142 11625 1070190
5c2h 0.525442 549223 13099.5 1070190
5c2s 0.525442 549223 13099.5 1070190
AdQc 0.524953 556201 5598.5 1070190
5s2h 0.524757 548503 13086.5 1070190
5s2s 0.524757 548503 13086.5 1070190
5h2s 0.524757 548503 13086.5 1070190
5h2h 0.524757 548503 13086.5 1070190
AdQh 0.524146 555360 5576 1070190
AdQs 0.524146 555360 5576 1070190
AcKc 0.523533 555037 5242.5 1070190
AcQd 0.522137 553207 5578.5 1070190
AhQd 0.521366 552409 5552 1070190
AsQd 0.521366 552409 5552 1070190
Ad8c 0.520222 548771 7965.5 1070190
Ad8h 0.519515 548047 7932.5 1070190
Ad8s 0.519515 548047 7932.5 1070190
4d3d 0.518962 549644 5744 1070190
Ad9c 0.518883 548127 7176.5 1070190
Td3d 0.518765 546108 9069.5 1070190
Ad9h 0.518143 547364 7147 1070190
Ad9s 0.518143 547364 7147 1070190
AdTc 0.517676 547624 6387.5 1070190
AdTs 0.516902 546822 6361.5 1070190
AdTh 0.516902 546822 6361.5 1070190
AdJc 0.51578 546384 5598.5 1070190
4c2s 0.515587 539514 12262 1070190
4c2h 0.515587 539514 12262 1070190
AdJs 0.514973 545543 5576 1070190
AdJh 0.514973 545543 5576 1070190
4s2h 0.514869 538754 12253.5 1070190
4s2s 0.514869 538754 12253.5 1070190
4h2h 0.514869 538754 12253.5 1070190
4h2s 0.514869 538754 12253.5 1070190
AcQc 0.514719 545605 5242.5 1070190
AcTd 0.512089 541648 6385 1070190
Ac9d 0.511882 540619 7191.5 1070190
Ac8d 0.511876 539807 7998 1070190
AcJd 0.511649 541983 5578.5 1070190
AsTd 0.511378 540913 6358.5 1070190
AhTd 0.511378 540913 6358.5 1070190
As8d 0.511216 539127 7971.5 1070190
Ah8d 0.511216 539127 7971.5 1070190
As9d 0.511196 539912 7165 1070190
Ah9d 0.511196 539912 7165 1070190
AsJd 0.510911 541220 5552 1070190
AhJd 0.510911 541220 5552 1070190
Ac8c 0.509849 538099 7536 1070190
3s3c 0.509716 544417 1076.5 1070190
3h3c 0.509716 544417 1076.5 1070190
3s3h 0.509021 543677 1072.5 1070190
Ac9c 0.508661 537592 6771.5 1070190
AcTc 0.507611 537233 6007 1070190
AcJc 0.505906 536173 5242.5 1070190
3c2h 0.505756 529948 11307.5 1070190
3c2s 0.505756 529948 11307.5 1070190
9d4d 0.505261 531710 9015.5 1070190
3s2s 0.505005 529148 11303.5 1070190
3s2h 0.505005 529148 11303.5 1070190
3h2s 0.505005 529148 11303.5 1070190
3h2h 0.505005 529148 11303.5 1070190
9d8c 0.505005 533128 7323 1070190
9d8s 0.504335 532450 7284.5 1070190
9d8h 0.504335 532450 7284.5 1070190
9d3d 0.503889 530242 9015.5 1070190
9c8d 0.503744 531786 7315.5 1070190
9s8d 0.503058 531092 7275.5 1070190
9h8d 0.503058 531092 7275.5 1070190
9c8c 0.501944 530214 6961.5 1070190
AhKc 0.497594 527027 5493.5 1070190
AsKc 0.497594 527027 5493.5 1070190
AcKs 0.497591 527019 5497.5 1070190
AcKh 0.497591 527019 5497.5 1070190
AhKs 0.496787 526186 5471 1070190
AsKh 0.496787 526186 5471 1070190
AsKs 0.496787 526186 5471 1070190
AhKh 0.496787 526186 5471 1070190
AsQc 0.488421 517210 5493.5 1070190
AhQc 0.488421 517210 5493.5 1070190
AcQs 0.488385 517167 5497.5 1070190
AcQh 0.488385 517167 5497.5 1070190
AsQs 0.487614 516369 5471 1070190
AhQh 0.487614 516369 5471 1070190
AhQs 0.487614 516369 5471 1070190
AsQh 0.487614 516369 5471 1070190
8d3d 0.486998 512809 8371.5 1070190
Ad5c 0.485747 505233 14608.5 1070190
Ad5s 0.485165 504643 14575.5 1070190
Ad5h 0.485165 504643 14575.5 1070190
As8c 0.484785 510863 7949 1070190
Ah8c 0.484785 510863 7949 1070190
Ac8h 0.484738 510819 7942.5 1070190
Ac8s 0.484738 510819 7942.5 1070190
As8h 0.484078 510139 7916 1070190
Ah8h 0.484078 510139 7916 1070190
As8s 0.484078 510139 7916 1070190
Ah8s 0.484078 510139 7916 1070190
As9c 0.483087 509864 7130.5 1070190
Ah9c 0.483087 509864 7130.5 1070190
Ac9h 0.483032 509808 7127.5 1070190
Ac9s 0.483032 509808 7127.5 1070190
As9h 0.482346 509101 7101 1070190
As9s 0.482346 509101 7101 1070190
Ah9s 0.482346 509101 7101 1070190
Ah9h 0.482346 509101 7101 1070190
AhTc 0.481523 509009 6312 1070190
AsTc 0.481523 509009 6312 1070190
AcTh 0.481461 508942 6312.5 1070190
AcTs 0.481461 508942 6312.5 1070190
AsTh 0.480749 508207 6286 1070190
AhTh 0.480749 508207 6286 1070190
AsTs 0.480749 508207 6286 1070190
AhTs 0.480749 508207 6286 1070190
AhJc 0.479248 507393 5493.5 1070190
AsJc 0.479248 507393 5493.5 1070190
AcJh 0.479179 507315 5497.5 1070190
AcJs 0.479179 507315 5497.5 1070190
9c8s 0.478698 505111 7186.5 1070190
9c8h 0.478698 505111 7186.5 1070190
9s8c 0.478681 505095 7185 1070190
9h8c 0.478681 505095 7185 1070190
AhJh 0.478441 506552 5471 1070190
AsJs 0.478441 506552 5471 1070190
AsJh 0.478441 506552 5471 1070190
AhJs 0.478441 506552 5471 1070190
9h8s 0.478012 504417 7146.5 1070190
9h8h 0.478012 504417 7146.5 1070190
9s8h 0.478012 504417 7146.5 1070190
9s8s 0.478012 504417 7146.5 1070190
Ac5d 0.475174 494107 14419 1070190
Ac5c 0.475009 494537 13813 1070190
Ah5d 0.474583 493528 14366.5 1070190
As5d 0.474583 493528 14366.5 1070190
Ad4c 0.472053 490639 14547.5 1070190
Ad4s 0.471442 490014 14518 1070190
Ad4h 0.471442 490014 14518 1070190
KdQc 0.46479 491977 5437 1070190
KdQs 0.464017 491172 5414.5 1070190
KdQh 0.464017 491172 5414.5 1070190
KcQd 0.463339 490441 5419.5 1070190
KsQd 0.462569 489643 5393.5 1070190
KhQd 0.462569 489643 5393.5 1070190
Ac4c 0.461837 480526 13727.5 1070190
Kd8c 0.461636 486234 7804 1070190
Kd8h 0.460959 485543 7771 1070190
Kd8s 0.460959 485543 7771 1070190
Ac4d 0.460336 478328 14318.5 1070190
Ad3c 0.460051 478583 13758.5 1070190
Ah4d 0.459761 477770 14262 1070190
As4d 0.459761 477770 14262 1070190
Kd9c 0.459699 484950 7015 1070190
Ad3s 0.45941 477923 13732.5 1070190
Ad3h 0.45941 477923 13732.5 1070190
Kd9h 0.45899 484221 6985.5 1070190
Kd9s 0.45899 484221 6985.5 1070190
KdTc 0.457893 483807 6226 1070190
8d5c 0.457691 476609 13207 1070190
KcQc 0.457519 484543 5089.5 1070190
KdTh 0.457152 483040 6200 1070190
KdTs 0.457152 483040 6200 1070190
8d5h 0.457145 476064 13168.5 1070190
8d5s 0.457145 476064 13168.5 1070190
8c5c 0.455789 475256 12525 1070190
8c5d 0.455716 474694 13008.5 1070190
KdJc 0.455617 482160 5437 1070190
8h5d 0.455113 474112 12945.5 1070190
8s5d 0.455113 474112 12945.5 1070190
KdJs 0.454844 481355 5414.5 1070190
KdJh 0.454844 481355 5414.5 1070190
Kc8d 0.454669 478743 7839 1070190
Kc8c 0.45418 478676 7383 1070190
Kc9d 0.454071 478910 7032.5 1070190
Kh8d 0.454009 478063 7813 1070190
Ks8d 0.454009 478063 7813 1070190
KcTd 0.453676 479294 6226 1070190
Kh9d 0.453386 478203 7006.5 1070190
Ks9d 0.453386 478203 7006.5 1070190
KsTd 0.452965 478559 6200 1070190
KhTd 0.452965 478559 6200 1070190
KcJd 0.452851 479217 5419.5 1070190
Kc9c 0.452411 477547 6618.5 1070190
KhJd 0.452114 478454 5393.5 1070190
KsJd 0.452114 478454 5393.5 1070190
KcTc 0.45078 476566 5854 1070190
Ac3c 0.450218 468856 12963 1070190
Ac5s 0.449215 466214 14531.5 1070190
Ac5h 0.449215 466214 14531.5 1070190
Ah5c 0.449207 466225 14512 1070190
As5c 0.449207 466225 14512 1070190
KcJc 0.448706 475111 5089.5 1070190
Ah5h 0.448625 465635 14479 1070190
Ah5s 0.448625 465635 14479 1070190
As5s 0.448625 465635 14479 1070190
As5h 0.448625 465635 14479 1070190
Ac3d 0.447103 464973 13512 1070190
Ah3d 0.446534 464421 13455.5 1070190
As3d 0.446534 464421 13455.5 1070190
As4c 0.435073 451194 14416.5 1070190
Ah4c 0.435073 451194 14416.5 1070190
Ac4s 0.435035 451127 14443.5 1070190
Ac4h 0.435035 451127 14443.5 1070190
Ah4s 0.434461 450569 14387 1070190
As4h 0.434461 450569 14387 1070190
As4s 0.434461 450569 14387 1070190
Ah4h 0.434461 450569 14387 1070190
8c5h 0.431559 448812 13038 1070190
8c5s 0.431559 448812 13038 1070190
8h5c 0.431501 448775 13013.5 1070190
8s5c 0.431501 448775 13013.5 1070190
8s5h 0.430956 448230 12975 1070190
8s5s 0.430956 448230 12975 1070190
8h5s 0.430956 448230 12975 1070190
8h5h 0.430956 448230 12975 1070190
Td8c 0.429793 452953 7007.5 1070190
Td8s 0.429145 452293 6973.5 1070190
Td8h 0.429145 452293 6973.5 1070190
KsQc 0.42846 453199 5335 1070190
KhQc 0.42846 453199 5335 1070190
KcQs 0.428457 453192 5338.5 1070190
KcQh 0.428457 453192 5338.5 1070190
Td9c 0.428329 452175 6218.5 1070190
KhQh 0.427687 452394 5312.5 1070190
KhQs 0.427687 452394 5312.5 1070190
KsQs 0.427687 452394 5312.5 1070190
KsQh 0.427687 452394 5312.5 1070190
Td9s 0.427651 451480 6188 1070190
Td9h 0.427651 451480 6188 1070190
Tc8c 0.427411 450774 6637 1070190
Tc8d 0.427223 450195 7015 1070190
Kd5c 0.427161 442696 14447 1070190
Tc9d 0.426991 450753 6208.5 1070190
Kd5h 0.426609 442139 14414 1070190
Kd5s 0.426609 442139 14414 1070190
Ts8d 0.426555 449512 6982.5 1070190
Th8d 0.426555 449512 6982.5 1070190
Kh8c 0.426459 448602 7790.5 1070190
Ks8c 0.426459 448602 7790.5 1070190
Kc8s 0.426443 448591 7783.5 1070190
Kc8h 0.426443 448591 7783.5 1070190
Ts9d 0.426295 450041 6176 1070190
Th9d 0.426295 450041 6176 1070190
Tc9c 0.426035 450066 5872.5 1070190
Ks8h 0.425783 447911 7757.5 1070190
Ks8s 0.425783 447911 7757.5 1070190
Kh8s 0.425783 447911 7757.5 1070190
Kh8h 0.425783 447911 7757.5 1070190
Ks9c 0.424141 446939 6972 1070190
Kh9c 0.424141 446939 6972 1070190
Kc9h 0.424117 446917 6968.5 1070190
Kc9s 0.424117 446917 6968.5 1070190
Ks9h 0.423432 446210 6942.5 1070190
Kh9h 0.423432 446210 6942.5 1070190
Kh9s 0.423432 446210 6942.5 1070190
Ks9s 0.423432 446210 6942.5 1070190
As3c 0.422604 438669 13598 1070190
Ah3c 0.422604 438669 13598 1070190
Ac3s 0.422532 438561 13628.5 1070190
Ac3h 0.422532 438561 13628.5 1070190
As3s 0.421963 438009 13572 1070190
As3h 0.421963 438009 13572 1070190
Ah3h 0.421963 438009 13572 1070190
Ah3s 0.421963 438009 13572 1070190
KhTc 0.421956 445420 6153.5 1070190
KsTc 0.421956 445420 6153.5 1070190
KcTh 0.421926 445388 6153.5 1070190
KcTs 0.421926 445388 6153.5 1070190
KhTh 0.421215 444653 6127.5 1070190
KhTs 0.421215 444653 6127.5 1070190
KsTh 0.421215 444653 6127.5 1070190
KsTs 0.421215 444653 6127.5 1070190
5c4c 0.419621 437544 11530 1070190
5d4c 0.419561 436944 12066.5 1070190
Kc5c 0.419343 435117 13660 1070190
KsJc 0.419287 443382 5335 1070190
KhJc 0.419287 443382 5335 1070190
KcJh 0.419251 443340 5338.5 1070190
KcJs 0.419251 443340 5338.5 1070190
5d4s 0.419036 436420 12028 1070190
5d4h 0.419036 436420 12028 1070190
KsJh 0.418514 442577 5312.5 1070190
KsJs 0.418514 442577 5312.5 1070190
KhJh 0.418514 442577 5312.5 1070190
KhJs 0.418514 442577 5312.5 1070190
5c4d 0.418494 435877 11991 1070190
5s4d 0.41801 435415 11935 1070190
5h4d 0.41801 435415 11935 1070190
Kc5d 0.417966 433043 14260 1070190
Ks5d 0.417376 432464 14208 1070190
Kh5d 0.417376 432464 14208 1070190
Kd4c 0.412869 427462 14386 1070190
Kd4h 0.412289 426871 14356.5 1070190
Kd4s 0.412289 426871 14356.5 1070190
Qd8c 0.409806 430928 7642.5 1070190
Qd8s 0.409161 430270 7609.5 1070190
Qd8h 0.409161 430270 7609.5 1070190
Qd9c 0.407489 429237 6853.5 1070190
Qd9h 0.406812 428542 6824 1070190
Qd9s 0.406812 428542 6824 1070190
Kc4c 0.40559 420484 13574.5 1070190
QdTc 0.405303 427687 6064.5 1070190
Qc8c 0.405072 426274 7230 1070190
QdTs 0.404595 426955 6038.5 1070190
QdTh 0.404595 426955 6038.5 1070190
Qc8d 0.404192 424882 7680 1070190
Qs8d 0.403533 424202 7654.5 1070190
Qh8d 0.403533 424202 7654.5 1070190
Qc9d 0.403209 424637 6873.5 1070190
Qc9c 0.402934 424750 6465.5 1070190
QdJc 0.402864 425866 5275.5 1070190
Kc4d 0.402525 416619 14159.5 1070190
Qh9d 0.402525 423930 6848 1070190
Qs9d 0.402525 423930 6848 1070190
QcTd 0.402429 424609 6067 1070190
QdJh 0.402125 425097 5253 1070190
QdJs 0.402125 425097 5253 1070190
Ks4d 0.401952 416061 14103.5 1070190
Kh4d 0.401952 416061 14103.5 1070190
QsTd 0.401719 423874 6041.5 1070190
QhTd 0.401719 423874 6041.5 1070190
QcJd 0.401437 424353 5260.5 1070190
QcTc 0.400933 423374 5701 1070190
QhJd 0.4007 423590 5235 1070190
QsJd 0.4007 423590 5235 1070190
Kd3c 0.400268 414766 13597 1070190
Kd3h 0.39966 414141 13571 1070190
Kd3s 0.39966 414141 13571 1070190
Tc8s 0.399505 420628 6918.5 1070190
Tc8h 0.399505 420628 6918.5 1070190
Ts8c 0.399485 420605 6920 1070190
Th8c 0.399485 420605 6920 1070190
Ts8h 0.398837 419945 6886 1070190
Th8s 0.398837 419945 6886 1070190
Ts8s 0.398837 419945 6886 1070190
Th8h 0.398837 419945 6886 1070190
QcJc 0.398703 421751 4936.5 1070190
Tc9h 0.397623 419429 6103.5 1070190
Tc9s 0.397623 419429 6103.5 1070190
Ts9c 0.397606 419412 6101.5 1070190
Th9c 0.397606 419412 6101.5 1070190
Ts9h 0.396928 418717 6071 1070190
Ts9s 0.396928 418717 6071 1070190
Th9s 0.396928 418717 6071 1070190
Th9h 0.396928 418717 6071 1070190
5s4c 0.394484 410230 11943 1070190
5h4c 0.394484 410230 11943 1070190
5c4h 0.394443 410168 11960.5 1070190
5c4s 0.394443 410168 11960.5 1070190
5s4h 0.393959 409706 11904.5 1070190
5h4h 0.393959 409706 11904.5 1070190
5h4s 0.393959 409706 11904.5 1070190
5s4s 0.393959 409706 11904.5 1070190
Kc3c 0.39339 408192 12810 1070190
Kc5h 0.39092 403986 14372.5 1070190
Kc5s 0.39092 403986 14372.5 1070190
Kh5c 0.390882 403964 14353.5 1070190
Ks5c 0.390882 403964 14353.5 1070190
Kh5s 0.39033 403407 14320.5 1070190
Kh5h 0.39033 403407 14320.5 1070190
Ks5s 0.39033 403407 14320.5 1070190
Ks5h 0.39033 403407 14320.5 1070190
Kc3d 0.38869 402619 13353 1070190
Kh3d 0.388122 402067 13297 1070190
Ks3d 0.388122 402067 13297 1070190
Kh4c 0.376127 388269 14258 1070190
Ks4c 0.376127 388269 14258 1070190
Kc4s 0.376121 388236 14284.5 1070190
Kc4h 0.376121 388236 14284.5 1070190
Kh4h 0.375547 387678 14228.5 1070190
Ks4s 0.375547 387678 14228.5 1070190
Ks4h 0.375547 387678 14228.5 1070190
Kh4s 0.375547 387678 14228.5 1070190
Qd5c 0.375331 387390 14285.5 1070190
Qc8s 0.375029 393728 7624.5 1070190
Qc8h 0.375029 393728 7624.5 1070190
Qs8c 0.375016 393706 7632 1070190
Qh8c 0.375016 393706 7632 1070190
Qd5s 0.374811 386866 14252.5 1070190
Qd5h 0.374811 386866 14252.5 1070190
Qh8s 0.37437 393048 7599 1070190
Qs8s 0.37437 393048 7599 1070190
Qh8h 0.37437 393048 7599 1070190
Qs8h 0.37437 393048 7599 1070190
Qc9h 0.37231 391633 6809.5 1070190
Qc9s 0.37231 391633 6809.5 1070190
Qh9c 0.372303 391621 6813.5 1070190
Qs9c 0.372303 391621 6813.5 1070190
9d5c 0.372099 385223 12993.5 1070190
Qs9s 0.371626 390926 6784 1070190
Qs9h 0.371626 390926 6784 1070190
Qh9h 0.371626 390926 6784 1070190
Qh9s 0.371626 390926 6784 1070190
9d5h 0.371591 384714 12959.5 1070190
9d5s 0.371591 384714 12959.5 1070190
9c5c 0.371092 384837 12301.5 1070190
Qc5c 0.370235 382715 13507 1070190
QcTs 0.369726 389683 5994.5 1070190
QcTh 0.369726 389683 5994.5 1070190
QhTc 0.369724 389680 5995 1070190
QsTc 0.369724 389680 5995 1070190
QsTh 0.369016 388948 5969 1070190
QsTs 0.369016 388948 5969 1070190
QhTh 0.369016 388948 5969 1070190
QhTs 0.369016 388948 5969 1070190
9c5d 0.368735 381811 12806 1070190
9h5d 0.368155 381245 12750.5 1070190
9s5d 0.368155 381245 12750.5 1070190
Qc5d 0.367489 379182 14101 1070190
Qs5d 0.3669 378603 14049.5 1070190
Qh5d 0.3669 378603 14049.5 1070190
QsJc 0.366887 387462 5176.5 1070190
QhJc 0.366887 387462 5176.5 1070190
QcJs 0.366884 387456 5179.5 1070190
QcJh 0.366884 387456 5179.5 1070190
QsJh 0.366147 386693 5154 1070190
QhJs 0.366147 386693 5154 1070190
QhJh 0.366147 386693 5154 1070190
QsJs 0.366147 386693 5154 1070190
Jd8c 0.365633 384605 6692 1070190
Jd8h 0.365014 383972 6662.5 1070190
Jd8s 0.365014 383972 6662.5 1070190
Jc8c 0.363393 382587 6312.5 1070190
Jd9c 0.363153 382740 5903 1070190
Kh3c 0.363038 375080 13439.5 1070190
Ks3c 0.363038 375080 13439.5 1070190
Kc3s 0.362998 375007 13469.5 1070190
Kc3h 0.362998 375007 13469.5 1070190
Jd9h 0.362504 382071 5877 1070190
Jd9s 0.362504 382071 5877 1070190
Ks3h 0.36243 374455 13413.5 1070190
Kh3h 0.36243 374455 13413.5 1070190
Kh3s 0.36243 374455 13413.5 1070190
Ks3s 0.36243 374455 13413.5 1070190
Jc8d 0.361366 380016 6714.5 1070190
Jc9c 0.361098 380895 5548 1070190
JdTc 0.360805 381016 5114 1070190
Jh8d 0.360707 379336 6689.5 1070190
Js8d 0.360707 379336 6689.5 1070190
Qd4c 0.360659 371749 14224.5 1070190
Jc9d 0.360216 379592 5908 1070190
JdTs 0.360125 380311 5091.5 1070190
JdTh 0.360125 380311 5091.5 1070190
Qd4s 0.360111 371192 14195 1070190
Qd4h 0.360111 371192 14195 1070190
Jh9d 0.359532 378885 5883 1070190
Js9d 0.359532 378885 5883 1070190
JcTd 0.359269 379385 5101.5 1070190
JcTc 0.35894 379351 4783.5 1070190
JsTd 0.358559 378650 5076.5 1070190
JhTd 0.358559 378650 5076.5 1070190
Qc4c 0.356113 367687 13421.5 1070190
Qc4d 0.351663 362346 14000.5 1070190
Qh4d 0.35109 361788 13945 1070190
Qs4d 0.35109 361788 13945 1070190
8c4c 0.349136 360982 12659.5 1070190
8d4c 0.348311 359360 13398.5 1070190
8d4s 0.347798 358842 13368 1070190
8d4h 0.347798 358842 13368 1070190
Qd3c 0.347678 358646 13435.5 1070190
Qd3h 0.347102 358056 13409.5 1070190
Qd3s 0.347102 358056 13409.5 1070190
8c4d 0.345068 356127 13161.5 1070190
8h4d 0.344522 355604 13100 1070190
8s4d 0.344522 355604 13100 1070190
Qc3c 0.343544 355000 12657 1070190
9c5s 0.34178 352899 12871 1070190
9c5h 0.34178 352899 12871 1070190
9s5c 0.341707 352842 12849.5 1070190
9h5c 0.341707 352842 12849.5 1070190
9s5s 0.3412 352333 12815.5 1070190
9h5s 0.3412 352333 12815.5 1070190
9s5h 0.3412 352333 12815.5 1070190
9h5h 0.3412 352333 12815.5 1070190
Qc5h 0.339507 349123 14213.5 1070190
Qc5s 0.339507 349123 14213.5 1070190
Qs5c 0.339438 349068 14195 1070190
Qh5c 0.339438 349068 14195 1070190
Qs5h 0.338917 348544 14162 1070190
Qs5s 0.338917 348544 14162 1070190
Qh5s 0.338917 348544 14162 1070190
Qh5h 0.338917 348544 14162 1070190
Qc3d 0.337443 347934 13194 1070190
Qs3d 0.336875 347382 13138.5 1070190
Qh3d 0.336875 347382 13138.5 1070190
Jc8s 0.331427 348039 6650.5 1070190
Jc8h 0.331427 348039 6650.5 1070190
Jh8c 0.331387 347992 6655 1070190
Js8c 0.331387 347992 6655 1070190
Js8s 0.330768 347359 6625.5 1070190
Jh8s 0.330768 347359 6625.5 1070190
Jh8h 0.330768 347359 6625.5 1070190
Js8h 0.330768 347359 6625.5 1070190
Jd5c 0.330258 339315 14124 1070190
Jd5s 0.329769 338824 14091 1070190
Jd5h 0.329769 338824 14091 1070190
Jc9h 0.32854 345765 5835.5 1070190
Jc9s 0.32854 345765 5835.5 1070190
Jh9c 0.328506 345727 5836.5 1070190
Js9c 0.328506 345727 5836.5 1070190
Js9s 0.327856 345058 5810.5 1070190
Jh9h 0.327856 345058 5810.5 1070190
Jh9s 0.327856 345058 5810.5 1070190
Js9h 0.327856 345058 5810.5 1070190
Jc5c 0.327685 337331 13354 1070190
JcTs 0.325789 343636 5020.5 1070190
JcTh 0.325789 343636 5020.5 1070190
JhTc 0.325759 343606 5018 1070190
JsTc 0.325759 343606 5018 1070190
JsTh 0.325079 342901 4995.5 1070190
JsTs 0.325079 342901 4995.5 1070190
JhTh 0.325079 342901 4995.5 1070190
JhTs 0.325079 342901 4995.5 1070190
Qc4h 0.324314 332952 14125.5 1070190
Qc4s 0.324314 332952 14125.5 1070190
Qs4c 0.324289 332951 14099.5 1070190
Qh4c 0.324289 332951 14099.5 1070190
Jc5d 0.323743 332524 13942 1070190
Qs4h 0.323741 332394 14070 1070190
Qs4s 0.323741 332394 14070 1070190
Qh4h 0.323741 332394 14070 1070190
Qh4s 0.323741 332394 14070 1070190
Js5d 0.323154 331945 13891 1070190
Jh5d 0.323154 331945 13891 1070190
8c4s 0.318904 328025 13262.5 1070190
8c4h 0.318904 328025 13262.5 1070190
8s4c 0.31887 328020 13231.5 1070190
8h4c 0.31887 328020 13231.5 1070190
8s4s 0.318357 327502 13201 1070190
8h4s 0.318357 327502 13201 1070190
8h4h 0.318357 327502 13201 1070190
8s4h 0.318357 327502 13201 1070190
Jd4c 0.315423 323500 14063 1070190
Jd4h 0.314907 322977 14033.5 1070190
Jd4s 0.314907 322977 14033.5 1070190
Jc4c 0.313406 322135 13268.5 1070190
5c3c 0.312988 323792 11165 1070190
Qs3c 0.310806 319340 13281 1070190
Qh3c 0.310806 319340 13281 1070190
Qc3h 0.310798 319302 13310.5 1070190
Qc3s 0.310798 319302 13310.5 1070190
5d3c 0.310246 320309 11713.5 1070190
Qh3h 0.31023 318750 13255 1070190
Qh3s 0.31023 318750 13255 1070190
Qs3h 0.31023 318750 13255 1070190
Qs3s 0.31023 318750 13255 1070190
5d3s 0.309758 319817 11683 1070190
5d3h 0.309758 319817 11683 1070190
5c3d 0.307978 317967 11628 1070190
Jc4d 0.30775 315509 13841.5 1070190
5h3d 0.307558 317569 11576.5 1070190
5s3d 0.307558 317569 11576.5 1070190
Js4d 0.307177 314951 13786.5 1070190
Jh4d 0.307177 314951 13786.5 1070190
Jd3c 0.30228 310223 13274 1070190
Jd3h 0.301737 309668 13248 1070190
Jd3s 0.301737 309668 13248 1070190
Jc3c 0.300679 309280 12504 1070190
Td5c 0.295459 302217 13980 1070190
Td5h 0.294996 301751 13950.5 1070190
Td5s 0.294996 301751 13950.5 1070190
Jc5s 0.294975 301625 14054.5 1070190
Jc5h 0.294975 301625 14054.5 1070190
Jh5c 0.294876 301537 14036.5 1070190
Js5c 0.294876 301537 14036.5 1070190
Tc5c 0.294872 302368 13201 1070190
Jh5s 0.294387 301046 14003.5 1070190
Jh5h 0.294387 301046 14003.5 1070190
Js5s 0.294387 301046 14003.5 1070190
Js5h 0.294387 301046 14003.5 1070190
Jc3d 0.293362 300918 13035 1070190
Js3d 0.292795 300366 12980 1070190
Jh3d 0.292795 300366 12980 1070190
4c3c 0.29211 304538 8075.5 1070190
Td4c 0.290811 296604 14618.5 1070190
Tc4c 0.290556 297154 13796 1070190
Tc5d 0.290329 296942 13765.5 1070190
Td4h 0.290319 296107 14589 1070190
Td4s 0.290319 296107 14589 1070190
Th5d 0.289765 296392 13711.5 1070190
Ts5d 0.289765 296392 13711.5 1070190
4d3c 0.287177 298933 8401 1070190
4d3s 0.286728 298483 8370.5 1070190
4d3h 0.286728 298483 8370.5 1070190
4c3d 0.286045 297732 8391 1070190
4h3d 0.285624 297315 8357 1070190
4s3d 0.285624 297315 8357 1070190
Tc4d 0.284509 290094 14384.5 1070190
Ts4d 0.283955 289559 14327 1070190
Th4d 0.283955 289559 14327 1070190
5s3c 0.282009 290175 11628.5 1070190
5h3c 0.282009 290175 11628.5 1070190
5c3h 0.281941 290081 11649.5 1070190
5c3s 0.281941 290081 11649.5 1070190
5s3s 0.281521 289683 11598 1070190
5h3s 0.281521 289683 11598 1070190
5s3h 0.281521 289683 11598 1070190
5h3h 0.281521 289683 11598 1070190
Jc4h 0.279615 285275 13966.5 1070190
Jc4s 0.279615 285275 13966.5 1070190
Jh4c 0.279559 285240 13941 1070190
Js4c 0.279559 285240 13941 1070190
Jh4s 0.279043 284717 13911.5 1070190
Jh4h 0.279043 284717 13911.5 1070190
Js4h 0.279043 284717 13911.5 1070190
Js4s 0.279043 284717 13911.5 1070190
Tc3c 0.277885 284358 13031.5 1070190
Td3c 0.277722 283386 13829.5 1070190
Td3h 0.277205 282858 13803.5 1070190
Td3s 0.277205 282858 13803.5 1070190
Tc3d 0.270172 275557 13578 1070190
Ts3d 0.269624 275028 13520.5 1070190
Th3d 0.269624 275028 13520.5 1070190
Jc3s 0.265932 271446 13151.5 1070190
Jc3h 0.265932 271446 13151.5 1070190
Jh3c 0.265907 271449 13122.5 1070190
Js3c 0.265907 271449 13122.5 1070190
Js3h 0.265365 270894 13096.5 1070190
Jh3h 0.265365 270894 13096.5 1070190
Jh3s 0.265365 270894 13096.5 1070190
Js3s 0.265365 270894 13096.5 1070190
9c4c 0.262917 268340 13031 1070190
9d4c 0.261322 265841 13823.5 1070190
Tc5s 0.260954 265371 13899 1070190
Tc5h 0.260954 265371 13899 1070190
9d4s 0.260858 265370 13797.5 1070190
9d4h 0.260858 265370 13797.5 1070190
Th5c 0.260852 265287 13874.5 1070190
Ts5c 0.260852 265287 13874.5 1070190
9c3c 0.2605 265753 13031 1070190
Ts5s 0.260389 264821 13845 1070190
Ts5h 0.260389 264821 13845 1070190
Th5h 0.260389 264821 13845 1070190
Th5s 0.260389 264821 13845 1070190
4s3c 0.259542 269425 8334.5 1070190
4h3c 0.259542 269425 8334.5 1070190
4c3s 0.259515 269392 8338 1070190
4c3h 0.259515 269392 8338 1070190
4h3s 0.259093 268975 8304 1070190
4s3h 0.259093 268975 8304 1070190
4s3s 0.259093 268975 8304 1070190
4h3h 0.259093 268975 8304 1070190
9d3c 0.258722 263058 13823.5 1070190
9d3s 0.258229 262557 13797.5 1070190
9d3h 0.258229 262557 13797.5 1070190
9c4d 0.256382 260799 13578 1070190
Tc4s 0.256198 259645 14536 1070190
Tc4h 0.256198 259645 14536 1070190
Ts4c 0.256137 259607 14508 1070190
Th4c 0.256137 259607 14508 1070190
9s4d 0.255855 260293 13520.5 1070190
9h4d 0.255855 260293 13520.5 1070190
Th4s 0.255645 259110 14478.5 1070190
Ts4s 0.255645 259110 14478.5 1070190
Ts4h 0.255645 259110 14478.5 1070190
Th4h 0.255645 259110 14478.5 1070190
9c3d 0.252516 256662 13578 1070190
9s3d 0.251989 256156 13520.5 1070190
9h3d 0.251989 256156 13520.5 1070190
Tc3h 0.242574 245879 13721 1070190
Tc3s 0.242574 245879 13721 1070190
Th3c 0.242543 245878 13689.5 1070190
Ts3c 0.242543 245878 13689.5 1070190
Ts3h 0.242026 245350 13663.5 1070190
Ts3s 0.242026 245350 13663.5 1070190
Th3h 0.242026 245350 13663.5 1070190
Th3s 0.242026 245350 13663.5 1070190
8c3c 0.239227 243937 12081 1070190
8d3c 0.23583 239546 12837 1070190
8d3s 0.235366 239072 12814.5 1070190
8d3h 0.235366 239072 12814.5 1070190
8c3d 0.230906 234527 12586.5 1070190
8s3d 0.230406 234049 12529.5 1070190
8h3d 0.230406 234049 12529.5 1070190
9c4h 0.227575 229816 13732.5 1070190
9c4s 0.227575 229816 13732.5 1070190
9h4c 0.227513 229781 13701 1070190
9s4c 0.227513 229781 13701 1070190
9s4h 0.227048 229310 13675 1070190
9s4s 0.227048 229310 13675 1070190
9h4h 0.227048 229310 13675 1070190
9h4s 0.227048 229310 13675 1070190
9c3h 0.224865 226916 13732.5 1070190
9c3s 0.224865 226916 13732.5 1070190
9s3c 0.224831 226911 13701 1070190
9h3c 0.224831 226911 13701 1070190
9s3h 0.224339 226410 13675 1070190
9h3h 0.224339 226410 13675 1070190
9s3s 0.224339 226410 13675 1070190
9h3s 0.224339 226410 13675 1070190
8c3s 0.202914 204418 12738 1070190
8c3h 0.202914 204418 12738 1070190
8h3c 0.202878 204414 12703.5 1070190
8s3c 0.202878 204414 12703.5 1070190
8h3h 0.202414 203940 12681 1070190
8h3s 0.202414 203940 12681 1070190
8s3h 0.202414 203940 12681 1070190
8s3s 0.202414 203940 12681 1070190
