KsKd 0.952104 1018932 0 1070190
KhKd 0.952104 1018932 0 1070190
6s6c 0.952024 1018782 64.5 1070190
6h6c 0.952024 1018782 64.5 1070190
KsKh 0.951728 1018530 0 1070190
6s6h 0.943426 1009581 64.5 1070190
2h2d 0.936487 1002099 120 1070190
2s2d 0.936487 1002099 120 1070190
2s2h 0.936109 1001694 120 1070190
Kd6c 0.91993 981774 2726 1070190
Ks6c 0.91947 981282 2726 1070190
Kh6c 0.91947 981282 2726 1070190
Kd6s 0.910164 971277 2771 1070190
Kd6h 0.910164 971277 2771 1070190
Kh6s 0.909704 970785 2771 1070190
Kh6h 0.909704 970785 2771 1070190
Ks6h 0.909704 970785 2771 1070190
Ks6s 0.909704 970785 2771 1070190
Kd2d 0.895895 953565 5213 1070190
Ks2d 0.891965 949269 5303 1070190
Kh2d 0.891965 949269 5303 1070190
Kd2s 0.891962 949266 5303 1070190
Kd2h 0.891962 949266 5303 1070190
Ks2s 0.891608 948909 5280.5 1070190
Ks2h 0.891608 948909 5280.5 1070190
Kh2s 0.891608 948909 5280.5 1070190
Kh2h 0.891608 948909 5280.5 1070190
AcKd 0.885148 943971 3306 1070190
AcKs 0.884368 943158 3283.5 1070190
AcKh 0.884368 943158 3283.5 1070190
AdAc 0.875689 936681 472.5 1070190
AhAc 0.874859 935793 472.5 1070190
AsAc 0.874859 935793 472.5 1070190
AdKd 0.86584 923352 3261 1070190
KdQc 0.863464 919996 4075 1070190
6c2d 0.862815 916833 6543.5 1070190
KhQc 0.862721 919227 4048.5 1070190
KsQc 0.862721 919227 4048.5 1070190
6c2s 0.862395 916383 6543.5 1070190
6c2h 0.862395 916383 6543.5 1070190
AdKs 0.858966 915861 3396 1070190
AdKh 0.858966 915861 3396 1070190
AsKd 0.858904 915795 3396 1070190
AhKd 0.858904 915795 3396 1070190
AsKh 0.858124 914982 3373.5 1070190
AsKs 0.858124 914982 3373.5 1070190
AhKh 0.858124 914982 3373.5 1070190
AhKs 0.858124 914982 3373.5 1070190
KdJc 0.856302 911654 4752 1070190
KsJc 0.855595 910927 4722 1070190
KhJc 0.855595 910927 4722 1070190
6h2d 0.85204 905445 6399.5 1070190
6s2d 0.85204 905445 6399.5 1070190
6h2s 0.851619 904995 6399.5 1070190
6h2h 0.851619 904995 6399.5 1070190
6s2s 0.851619 904995 6399.5 1070190
6s2h 0.851619 904995 6399.5 1070190
KdTc 0.849701 904005 5337 1070190
AsAd 0.849647 908811 472.5 1070190
AhAd 0.849647 908811 472.5 1070190
KhTc 0.849029 903318 5304 1070190
KsTc 0.849029 903318 5304 1070190
AsAh 0.848817 907923 472.5 1070190
KdQd 0.845744 901082 4025 1070190
Kd9c 0.843107 896455 5830 1070190
Ks9c 0.842468 895806 5794.5 1070190
Kh9c 0.842468 895806 5794.5 1070190
KdJd 0.840105 894374 4698 1070190
KhQd 0.838018 892650 4188 1070190
KsQd 0.838018 892650 4188 1070190
KdQs 0.837924 892546 4192 1070190
KdQh 0.837924 892546 4192 1070190
KhQs 0.837181 891777 4165.5 1070190
KhQh 0.837181 891777 4165.5 1070190
KsQh 0.837181 891777 4165.5 1070190
KsQs 0.837181 891777 4165.5 1070190
Kd8c 0.836797 889301 6231 1070190
Kh8c 0.836189 888688 6193.5 1070190
Ks8c 0.836189 888688 6193.5 1070190
KdTd 0.835024 888354 5280 1070190
KsJd 0.832127 885648 4885.5 1070190
KhJd 0.832127 885648 4885.5 1070190
KdJh 0.831997 885502 4893 1070190
KdJs 0.831997 885502 4893 1070190
KhJs 0.83129 884775 4863 1070190
KhJh 0.83129 884775 4863 1070190
KsJs 0.83129 884775 4863 1070190
KsJh 0.83129 884775 4863 1070190
Kd7c 0.830771 882543 6540 1070190
Ks7c 0.830194 881964 6501 1070190
Kh7c 0.830194 881964 6501 1070190
Kd9d 0.8299 882380 5771 1070190
KsTd 0.826848 879396 5488.5 1070190
KhTd 0.826848 879396 5488.5 1070190
KdTs 0.82669 879216 5499 1070190
KdTh 0.82669 879216 5499 1070190
KhTh 0.826017 878529 5466 1070190
KsTs 0.826017 878529 5466 1070190
KsTh 0.826017 878529 5466 1070190
KhTs 0.826017 878529 5466 1070190
Kd8d 0.825032 876770 6171 1070190
Kd5c 0.824746 871438 11197 1070190
Ac6c 0.8243 879675 2482.5 1070190
Ks5c 0.824209 870925 11135 1070190
Kh5c 0.824209 870925 11135 1070190
Kd4c 0.821622 867585 11707 1070190
Kh9d 0.821487 873150 5997 1070190
Ks9d 0.821487 873150 5997 1070190
Kd9s 0.821295 872932 6010 1070190
Kd9h 0.821295 872932 6010 1070190
Kh4c 0.821095 867086 11641.5 1070190
Ks4c 0.821095 867086 11641.5 1070190
Kh9h 0.820656 872283 5974.5 1070190
Ks9h 0.820656 872283 5974.5 1070190
Kh9s 0.820656 872283 5974.5 1070190
Ks9s 0.820656 872283 5974.5 1070190
Kd7d 0.820419 871524 6480 1070190
Kd3c 0.81987 865680 11737 1070190
Ks3c 0.819343 865181 11671.5 1070190
Kh3c 0.819343 865181 11671.5 1070190
Kd5d 0.817205 863525 11039.5 1070190
Kh8d 0.816391 867282 6411 1070190
Ks8d 0.816391 867282 6411 1070190
Kd8s 0.816167 867028 6426 1070190
Kd8h 0.816167 867028 6426 1070190
Kh8h 0.815559 866415 6388.5 1070190
Kh8s 0.815559 866415 6388.5 1070190
Ks8s 0.815559 866415 6388.5 1070190
Ks8h 0.815559 866415 6388.5 1070190
Kd4d 0.815333 861009 11552.5 1070190
Kd3d 0.814796 860397 11589.5 1070190
Ks7d 0.811559 861792 6730.5 1070190
Kh7d 0.811559 861792 6730.5 1070190
Qc6c 0.811537 862452 6046.5 1070190
Kd7s 0.811305 861504 6747 1070190
Kd7h 0.811305 861504 6747 1070190
Kh7s 0.810728 860925 6708 1070190
Kh7h 0.810728 860925 6708 1070190
Ks7h 0.810728 860925 6708 1070190
Ks7s 0.810728 860925 6708 1070190
Ks5d 0.808587 853835 11506.5 1070190
Kh5d 0.808587 853835 11506.5 1070190
Kd5h 0.808327 853521 11542.5 1070190
Kd5s 0.808327 853521 11542.5 1070190
Ks5s 0.80779 853008 11480.5 1070190
Ks5h 0.80779 853008 11480.5 1070190
Kh5s 0.80779 853008 11480.5 1070190
Kh5h 0.80779 853008 11480.5 1070190
Kh4d 0.806602 851173 12044 1070190
Ks4d 0.806602 851173 12044 1070190
Kd4h 0.806326 850839 12083.5 1070190
Kd4s 0.806326 850839 12083.5 1070190
Kh3d 0.806019 850513 12081 1070190
Ks3d 0.806019 850513 12081 1070190
Kh4s 0.805799 850340 12018 1070190
Kh4h 0.805799 850340 12018 1070190
Ks4h 0.805799 850340 12018 1070190
Ks4s 0.805799 850340 12018 1070190
Kd3h 0.805739 850173 12120.5 1070190
Kd3s 0.805739 850173 12120.5 1070190
Jc6c 0.805285 855146 6661.5 1070190
Kh3s 0.805211 849674 12055 1070190
Kh3h 0.805211 849674 12055 1070190
Ks3s 0.805211 849674 12055 1070190
Ks3h 0.805211 849674 12055 1070190
Tc6c 0.799435 848139 7408.5 1070190
9c6c 0.793921 841431 8215.5 1070190
8c6c 0.788978 835346 9010.5 1070190
7c6c 0.784741 830100 9721.5 1070190
QdQc 0.780931 835272 472.5 1070190
QsQc 0.780149 834435 472.5 1070190
QhQc 0.780149 834435 472.5 1070190
6c5c 0.776053 819788 10736 1070190
6c4c 0.774909 818246 11054 1070190
6c3c 0.774606 817904 11072 1070190
JdJc 0.761416 814387 472.5 1070190
JhJc 0.760634 813550 472.5 1070190
JsJc 0.760634 813550 472.5 1070190
QhQd 0.752826 805194 472.5 1070190
QsQd 0.752826 805194 472.5 1070190
QsQh 0.752044 804357 472.5 1070190
TdTc 0.742543 794190 472.5 1070190
ThTc 0.741767 793359 472.5 1070190
TsTc 0.741767 793359 472.5 1070190
JsJd 0.734117 785172 472.5 1070190
JhJd 0.734117 785172 472.5 1070190
JsJh 0.733335 784335 472.5 1070190
9d9c 0.72308 773361 472.5 1070190
9h9c 0.722304 772530 472.5 1070190
9s9c 0.722304 772530 472.5 1070190
Ac6s 0.718622 765621 3441 1070190
Ac6h 0.718622 765621 3441 1070190
TsTd 0.716109 765900 472.5 1070190
ThTd 0.716109 765900 472.5 1070190
TsTh 0.715332 765069 472.5 1070190
AcQc 0.713483 759029 4533.5 1070190
Ad6c 0.70967 756045 3436.5 1070190
Ah6c 0.708798 755112 3436.5 1070190
As6c 0.708798 755112 3436.5 1070190
AcJc 0.706839 751292 5160 1070190
Qc6h 0.704025 744906 8535 1070190
Qc6s 0.704025 744906 8535 1070190
8d8c 0.703644 752560 472.5 1070190
8s8c 0.702867 751729 472.5 1070190
8h8c 0.702867 751729 472.5 1070190
AcTc 0.700547 744021 5697 1070190
Jc6h 0.697669 737248 9390 1070190
Jc6s 0.697669 737248 9390 1070190
9h9d 0.6974 745878 472.5 1070190
9s9d 0.6974 745878 472.5 1070190
9s9h 0.696623 745047 472.5 1070190
Qd6c 0.69634 736462 8754.5 1070190
Qh6c 0.695491 735553 8754.5 1070190
Qs6c 0.695491 735553 8754.5 1070190
Tc6s 0.691624 729699 10470 1070190
Tc6h 0.691624 729699 10470 1070190
Jd6c 0.691196 730053 9658.5 1070190
Jh6c 0.690347 729144 9658.5 1070190
Js6c 0.690347 729144 9658.5 1070190
Ac9c 0.689533 731787 6144.5 1070190
Ad6s 0.688448 733455 3315 1070190
Ad6h 0.688448 733455 3315 1070190
Ah6h 0.687576 732522 3315 1070190
Ah6s 0.687576 732522 3315 1070190
As6s 0.687576 732522 3315 1070190
As6h 0.687576 732522 3315 1070190
Td6c 0.686403 723783 10798.5 1070190
Ts6c 0.685559 722880 10798.5 1070190
Th6c 0.685559 722880 10798.5 1070190
9c6h 0.685549 722007 11661 1070190
9c6s 0.685549 722007 11661 1070190
7d7c 0.684233 731787 472.5 1070190
Ac8c 0.683636 725118 6502.5 1070190
7h7c 0.683457 730956 472.5 1070190
7s7c 0.683457 730956 472.5 1070190
9d6c 0.681506 717286 12054.5 1070190
9s6c 0.680662 716383 12054.5 1070190
9h6c 0.680662 716383 12054.5 1070190
8c6s 0.679935 714811 12849 1070190
8c6h 0.679935 714811 12849 1070190
8h8d 0.678691 725856 472.5 1070190
8s8d 0.678691 725856 472.5 1070190
Ac7c 0.677995 718813 6771 1070190
8s8h 0.677915 725025 472.5 1070190
8d6c 0.677068 711285 13306.5 1070190
8h6c 0.676224 710382 13306.5 1070190
8s6c 0.676224 710382 13306.5 1070190
Qd6h 0.675301 714279 8421 1070190
Qd6s 0.675301 714279 8421 1070190
7c6h 0.674995 708453 13920 1070190
7c6s 0.674995 708453 13920 1070190
Qs6s 0.674451 713370 8421 1070190
Qs6h 0.674451 713370 8421 1070190
Qh6h 0.674451 713370 8421 1070190
Qh6s 0.674451 713370 8421 1070190
7d6c 0.673315 706140 14434.5 1070190
7h6c 0.672471 705237 14434.5 1070190
7s6c 0.672471 705237 14434.5 1070190
Jd6s 0.670286 708036 9297 1070190
Jd6h 0.670286 708036 9297 1070190
Jh6h 0.669436 707127 9297 1070190
Js6s 0.669436 707127 9297 1070190
Js6h 0.669436 707127 9297 1070190
Jh6s 0.669436 707127 9297 1070190
Ac5c 0.667183 703368 10644.5 1070190
Td6h 0.665627 701943 10404 1070190
Td6s 0.665627 701943 10404 1070190
Th6s 0.664783 701040 10404 1070190
Ts6s 0.664783 701040 10404 1070190
Ts6h 0.664783 701040 10404 1070190
Th6h 0.664783 701040 10404 1070190
Ac4c 0.664712 700277 11091 1070190
Ac3c 0.663492 698972 11091 1070190
6c5d 0.663464 693939 16094 1070190
6c5h 0.662655 693077 16090 1070190
6c5s 0.662655 693077 16090 1070190
6s5c 0.662104 693025 15552.5 1070190
6h5c 0.662104 693025 15552.5 1070190
6c4d 0.661539 691358 16614 1070190
6c3d 0.66097 690713 16650 1070190
9d6h 0.660847 695607 11625 1070190
9d6s 0.660847 695607 11625 1070190
6c4h 0.660724 690490 16610 1070190
6c4s 0.660724 690490 16610 1070190
6c3h 0.660149 689839 16646 1070190
6c3s 0.660149 689839 16646 1070190
QcJc 0.660095 699779 6648.5 1070190
9h6s 0.660003 694704 11625 1070190
9s6h 0.660003 694704 11625 1070190
9s6s 0.660003 694704 11625 1070190
9h6h 0.660003 694704 11625 1070190
7h7d 0.659982 705834 472.5 1070190
7s7d 0.659982 705834 472.5 1070190
7s7h 0.659206 705003 472.5 1070190
6s4c 0.659034 689244 16047.5 1070190
6h4c 0.659034 689244 16047.5 1070190
6h3c 0.657276 687327 16083.5 1070190
6s3c 0.657276 687327 16083.5 1070190
8d6s 0.656513 689751 12843 1070190
8d6h 0.656513 689751 12843 1070190
8s6s 0.65567 688848 12843 1070190
8s6h 0.65567 688848 12843 1070190
8h6s 0.65567 688848 12843 1070190
8h6h 0.65567 688848 12843 1070190
QcTc 0.653669 692365 7185.5 1070190
7d6s 0.652844 684726 13941 1070190
7d6h 0.652844 684726 13941 1070190
7h6s 0.652 683823 13941 1070190
7h6h 0.652 683823 13941 1070190
7s6h 0.652 683823 13941 1070190
7s6s 0.652 683823 13941 1070190
6s5d 0.642689 672194 15605 1070190
6h5d 0.642689 672194 15605 1070190
Qc9c 0.642656 680131 7633 1070190
6s5s 0.641879 671332 15601 1070190
6h5s 0.641879 671332 15601 1070190
6h5h 0.641879 671332 15601 1070190
6s5h 0.641879 671332 15601 1070190
6s4d 0.640792 669656 16113.5 1070190
6h4d 0.640792 669656 16113.5 1070190
6s3d 0.640216 669002 16151 1070190
6h3d 0.640216 669002 16151 1070190
6h4s 0.639977 668788 16109.5 1070190
6s4s 0.639977 668788 16109.5 1070190
6h4h 0.639977 668788 16109.5 1070190
6s4h 0.639977 668788 16109.5 1070190
6s3h 0.639396 668128 16147 1070190
6s3s 0.639396 668128 16147 1070190
6h3s 0.639396 668128 16147 1070190
6h3h 0.639396 668128 16147 1070190
Qc8c 0.631184 667496 7991 1070190
Qc7c 0.625544 661191 8259.5 1070190
JcTc 0.616213 652482 6982.5 1070190
Qc5c 0.615101 646142 12133 1070190
Qc4c 0.61263 643051 12579.5 1070190
Qc3c 0.611411 641746 12579.5 1070190
Ac2d 0.61035 648966 4224 1070190
Ac2h 0.609569 648153 4201.5 1070190
Ac2s 0.609569 648153 4201.5 1070190
Jc9c 0.605199 640248 7430 1070190
Ad2d 0.59657 634296 4147.5 1070190
5d5c 0.595132 635748 1156.5 1070190
Qc2d 0.594611 627349 8998 1070190
5s5c 0.594387 634955 1152.5 1070190
5h5c 0.594387 634955 1152.5 1070190
Qc2h 0.593876 626589 8971.5 1070190
Qc2s 0.593876 626589 8971.5 1070190
Jc8c 0.593727 627613 7788 1070190
Jc7c 0.588087 621308 8056.5 1070190
Jc2d 0.58706 618454 9812 1070190
Jc2h 0.586365 617743 9778.5 1070190
Jc2s 0.586365 617743 9778.5 1070190
Qd2d 0.581864 613620 9085 1070190
Tc9c 0.580279 613871 7137.5 1070190
Tc2d 0.579956 609801 10862 1070190
Tc2h 0.579299 609141 10819.5 1070190
Tc2s 0.579299 609141 10819.5 1070190
Jc5c 0.577878 606509 11930 1070190
4d4c 0.576361 615695 1120.5 1070190
Jd2d 0.575731 606276 9865.5 1070190
4h4c 0.57561 614896 1116.5 1070190
4s4c 0.57561 614896 1116.5 1070190
Jc4c 0.575407 603418 12376.5 1070190
Jc3c 0.574187 602113 12376.5 1070190
Ad2s 0.573903 609903 4282.5 1070190
Ad2h 0.573903 609903 4282.5 1070190
Ah2d 0.573875 609873 4282.5 1070190
As2d 0.573875 609873 4282.5 1070190
As2s 0.573094 609060 4260 1070190
Ah2h 0.573094 609060 4260 1070190
Ah2s 0.573094 609060 4260 1070190
As2h 0.573094 609060 4260 1070190
9c2d 0.572967 601156 12028 1070190
5h5d 0.572488 611525 1145.5 1070190
5s5d 0.572488 611525 1145.5 1070190
9c2h 0.572348 600546 11975.5 1070190
9c2s 0.572348 600546 11975.5 1070190
5s5h 0.571743 610732 1141.5 1070190
Td2d 0.570061 599193 10881 1070190
Tc8c 0.568673 601093 7495.5 1070190
8c2d 0.566597 593176 13190 1070190
8c2s 0.566011 592612 13127.5 1070190
8c2h 0.566011 592612 13127.5 1070190
9d2d 0.564476 592083 12013.5 1070190
Tc7c 0.563033 594788 7764 1070190
5c2d 0.561524 584168 16769.5 1070190
7c2d 0.561068 586221 14228 1070190
5c2h 0.560984 583677 16683 1070190
5c2s 0.560984 583677 16683 1070190
7c2s 0.56051 585696 14156.5 1070190
7c2h 0.56051 585696 14156.5 1070190
4c2d 0.559508 582064 16715.5 1070190
8d2d 0.559492 585618 13145 1070190
Qd2s 0.559431 589449 9248 1070190
Qd2h 0.559431 589449 9248 1070190
Qh2d 0.559371 589381 9252 1070190
Qs2d 0.559371 589381 9252 1070190
4c2s 0.558968 581573 16629 1070190
4c2h 0.558968 581573 16629 1070190
Qs2s 0.558636 588621 9225.5 1070190
Qs2h 0.558636 588621 9225.5 1070190
Qh2h 0.558636 588621 9225.5 1070190
Qh2s 0.558636 588621 9225.5 1070190
5d2d 0.5585 581089 16612 1070190
3d3c 0.557747 595811 1084.5 1070190
4d2d 0.557713 580299 16559.5 1070190
3c2d 0.557649 580129 16661.5 1070190
3c2s 0.557109 579638 16575 1070190
3c2h 0.557109 579638 16575 1070190
3d2d 0.557082 579677 16507 1070190
3h3c 0.556991 595006 1080.5 1070190
3s3c 0.556991 595006 1080.5 1070190
7d2d 0.555331 580152 14157.5 1070190
4h4d 0.554316 592112 1111 1070190
4s4d 0.554316 592112 1111 1070190
AcQd 0.554273 586688 6489.5 1070190
4s4h 0.553565 591313 1107 1070190
AcQh 0.553525 585910 6467 1070190
AcQs 0.553525 585910 6467 1070190
Jd2h 0.553206 581958 10077.5 1070190
Jd2s 0.553206 581958 10077.5 1070190
Js2d 0.553107 581841 10088.5 1070190
Jh2d 0.553107 581841 10088.5 1070190
Jh2s 0.552411 581130 10055 1070190
Js2s 0.552411 581130 10055 1070190
Js2h 0.552411 581130 10055 1070190
Jh2h 0.552411 581130 10055 1070190
AdQc 0.552038 584367 6418.5 1070190
AhQc 0.551229 583528 6392 1070190
AsQc 0.551229 583528 6392 1070190
9c8c 0.549449 580901 7113.5 1070190
Td2h 0.547464 574734 11156 1070190
Td2s 0.547464 574734 11156 1070190
Ts2d 0.547331 574572 11176 1070190
Th2d 0.547331 574572 11176 1070190
Th2s 0.546674 573912 11133.5 1070190
Th2h 0.546674 573912 11133.5 1070190
Ts2h 0.546674 573912 11133.5 1070190
Ts2s 0.546674 573912 11133.5 1070190
Tc5c 0.545849 572525 11637.5 1070190
AcJd 0.544402 575162 7452 1070190
9c7c 0.543808 574596 7382 1070190
AcJs 0.543654 574384 7429.5 1070190
AcJh 0.543654 574384 7429.5 1070190
Tc4c 0.543378 569434 12084 1070190
Tc3c 0.542159 568129 12084 1070190
AdQd 0.541893 573814 6114 1070190
9d2s 0.541742 567408 12358.5 1070190
9d2h 0.541742 567408 12358.5 1070190
9h2d 0.541572 567196 12388.5 1070190
9s2d 0.541572 567196 12388.5 1070190
5c4c 0.541224 569568 9644 1070190
9h2h 0.540953 566586 12336 1070190
9h2s 0.540953 566586 12336 1070190
9s2s 0.540953 566586 12336 1070190
9s2h 0.540953 566586 12336 1070190
AdJc 0.540827 571431 7356.5 1070190
AhJc 0.540054 570634 7326.5 1070190
AsJc 0.540054 570634 7326.5 1070190
8d2h 0.536622 560727 13560 1070190
8d2s 0.536622 560727 13560 1070190
8h2d 0.536418 560469 13600 1070190
8s2d 0.536418 560469 13600 1070190
3s3d 0.536275 572840 1076.5 1070190
3h3d 0.536275 572840 1076.5 1070190
5d2s 0.536153 556535 17250.5 1070190
5d2h 0.536153 556535 17250.5 1070190
5h2d 0.535936 556242 17311 1070190
5s2d 0.535936 556242 17311 1070190
8h2s 0.535832 559905 13537.5 1070190
8s2h 0.535832 559905 13537.5 1070190
8s2s 0.535832 559905 13537.5 1070190
8h2h 0.535832 559905 13537.5 1070190
3s3h 0.535519 572035 1072.5 1070190
5h2s 0.535396 555751 17224.5 1070190
5s2h 0.535396 555751 17224.5 1070190
5s2s 0.535396 555751 17224.5 1070190
5h2h 0.535396 555751 17224.5 1070190
4d2s 0.535341 555719 17198 1070190
4d2h 0.535341 555719 17198 1070190
AcTd 0.535256 564549 8277 1070190
4s2d 0.535119 555420 17258.5 1070190
4h2d 0.535119 555420 17258.5 1070190
3d2s 0.534662 555044 17145.5 1070190
3d2h 0.534662 555044 17145.5 1070190
4s2h 0.534579 554929 17172 1070190
4h2h 0.534579 554929 17172 1070190
4h2s 0.534579 554929 17172 1070190
4s2s 0.534579 554929 17172 1070190
AcTs 0.534514 563777 8254.5 1070190
AcTh 0.534514 563777 8254.5 1070190
3h2d 0.534433 554739 17206 1070190
3s2d 0.534433 554739 17206 1070190
3s2h 0.533894 554248 17119.5 1070190
3s2s 0.533894 554248 17119.5 1070190
3h2s 0.533894 554248 17119.5 1070190
3h2h 0.533894 554248 17119.5 1070190
5c3c 0.532793 560546 9644 1070190
AdJd 0.532419 562758 7031 1070190
7d2s 0.532337 555066 14635.5 1070190
7d2h 0.532337 555066 14635.5 1070190
7h2d 0.532105 554769 14684.5 1070190
7s2d 0.532105 554769 14684.5 1070190
7s2s 0.531548 554244 14613 1070190
7s2h 0.531548 554244 14613 1070190
7h2h 0.531548 554244 14613 1070190
7h2s 0.531548 554244 14613 1070190
AdTc 0.530295 559356 8160.5 1070190
8c7c 0.529677 559945 6910.5 1070190
AsTc 0.529557 558599 8127.5 1070190
AhTc 0.529557 558599 8127.5 1070190
9c5c 0.526557 552368 11148.5 1070190
4c3c 0.525833 554980 7761.5 1070190
AdTd 0.523614 552550 7817 1070190
Ac9d 0.518179 545585 8964.5 1070190
AdQh 0.517634 547602 6364.5 1070190
AdQs 0.517634 547602 6364.5 1070190
AsQd 0.517573 547541 6360.5 1070190
AhQd 0.517573 547541 6360.5 1070190
Ac9h 0.51744 544817 8942 1070190
Ac9s 0.51744 544817 8942 1070190
AsQh 0.516825 546763 6338 1070190
AhQh 0.516825 546763 6338 1070190
AhQs 0.516825 546763 6338 1070190
AsQs 0.516825 546763 6338 1070190
9c4c 0.516495 541099 11648.5 1070190
9c3c 0.515275 539794 11648.5 1070190
8c5c 0.512293 537574 10677 1070190
Ad9c 0.511891 538990 8830.5 1070190
Ah9c 0.511186 538271 8795 1070190
As9c 0.511186 538271 8795 1070190
Ac8d 0.509464 535709 9514.5 1070190
Ac8s 0.508726 534941 9492 1070190
Ac8h 0.508726 534941 9492 1070190
AdJs 0.507728 536042 7323.5 1070190
AdJh 0.507728 536042 7323.5 1070190
AhJd 0.507703 536023 7316 1070190
AsJd 0.507703 536023 7316 1070190
Ad9d 0.507031 534148 8472 1070190
AhJh 0.506955 535245 7293.5 1070190
AsJs 0.506955 535245 7293.5 1070190
AhJs 0.506955 535245 7293.5 1070190
AsJh 0.506955 535245 7293.5 1070190
8c4c 0.50228 526412 11123.5 1070190
Ad8c 0.501885 527746 9366.5 1070190
As8c 0.501212 527063 9329 1070190
Ah8c 0.501212 527063 9329 1070190
Ac7d 0.501135 526383 9927 1070190
Ac7s 0.500397 525615 9904.5 1070190
Ac7h 0.500397 525615 9904.5 1070190
Ad8d 0.498665 524670 8996 1070190
AhTd 0.498564 525423 8135 1070190
AsTd 0.498564 525423 8135 1070190
AdTh 0.49856 525408 8145.5 1070190
AdTs 0.49856 525408 8145.5 1070190
AsTs 0.497821 524651 8112.5 1070190
AsTh 0.497821 524651 8112.5 1070190
AhTs 0.497821 524651 8112.5 1070190
AhTh 0.497821 524651 8112.5 1070190
7c5c 0.494797 519893 9633.5 1070190
8c3c 0.493086 516572 11123.5 1070190
Ad7c 0.492281 517066 9768.5 1070190
As7c 0.491638 516417 9729.5 1070190
Ah7c 0.491638 516417 9729.5 1070190
Ad7d 0.490665 515716 9389 1070190
Ac5d 0.490066 508533 15931 1070190
Ac5h 0.489359 507802 15905 1070190
Ac5s 0.489359 507802 15905 1070190
Ac4d 0.48637 503855 16653.5 1070190
Ac4h 0.485657 503118 16627.5 1070190
Ac4s 0.485657 503118 16627.5 1070190
7c4c 0.484784 508731 10080 1070190
Ac3d 0.484699 502067 16653.5 1070190
Ac3h 0.483981 501324 16627.5 1070190
Ac3s 0.483981 501324 16627.5 1070190
Ah9d 0.481108 506060 8817.5 1070190
As9d 0.481108 506060 8817.5 1070190
Ad9h 0.481075 506011 8830.5 1070190
Ad9s 0.481075 506011 8830.5 1070190
Ah9h 0.48037 505292 8795 1070190
As9h 0.48037 505292 8795 1070190
As9s 0.48037 505292 8795 1070190
Ah9s 0.48037 505292 8795 1070190
QcJd 0.47965 503793 9523.5 1070190
Ad5d 0.479377 497977 15047.5 1070190
QcJs 0.478942 503058 9501 1070190
QcJh 0.478942 503058 9501 1070190
QdJc 0.478207 502287 9485 1070190
Ad5c 0.47755 495456 15613 1070190
QsJc 0.477505 501566 9455.5 1070190
QhJc 0.477505 501566 9455.5 1070190
As5c 0.476948 494874 15551 1070190
Ah5c 0.476948 494874 15551 1070190
Ad4d 0.475761 493426 15728.5 1070190
7c3c 0.475589 498891 10080 1070190
Ad3d 0.474054 491599 15728.5 1070190
Ad4c 0.472579 489437 16312 1070190
Ah8d 0.472387 496180 9363.5 1070190
As8d 0.472387 496180 9363.5 1070190
Ad8s 0.472321 496095 9378.5 1070190
Ad8h 0.472321 496095 9378.5 1070190
Ah4c 0.471987 488869 16246.5 1070190
As4c 0.471987 488869 16246.5 1070190
Ah8h 0.471648 495412 9341 1070190
Ah8s 0.471648 495412 9341 1070190
As8h 0.471648 495412 9341 1070190
As8s 0.471648 495412 9341 1070190
QdJd 0.470419 494300 9138 1070190
QcTd 0.470286 492947 10348.5 1070190
Ad3c 0.469593 486242 16312 1070190
QcTh 0.469584 492218 10326 1070190
QcTs 0.469584 492218 10326 1070190
Ah3c 0.469001 485674 16246.5 1070190
As3c 0.469001 485674 16246.5 1070190
QdTc 0.467457 489979 10289 1070190
QsTc 0.46679 489298 10256.5 1070190
QhTc 0.46679 489298 10256.5 1070190
As7d 0.464048 486846 9773 1070190
Ah7d 0.464048 486846 9773 1070190
Ad7s 0.463952 486727 9789.5 1070190
Ad7h 0.463952 486727 9789.5 1070190
Ah7s 0.463309 486078 9750.5 1070190
Ah7h 0.463309 486078 9750.5 1070190
As7h 0.463309 486078 9750.5 1070190
As7s 0.463309 486078 9750.5 1070190
QdTd 0.461403 483865 9924 1070190
Qc9d 0.453204 473978 11036 1070190
Ah5d 0.453095 469159 15738.5 1070190
As5d 0.453095 469159 15738.5 1070190
Ad5h 0.452989 469010 15774.5 1070190
Ad5s 0.452989 469010 15774.5 1070190
Qc9s 0.452504 473252 11013.5 1070190
Qc9h 0.452504 473252 11013.5 1070190
Ah5s 0.452387 468428 15712.5 1070190
As5h 0.452387 468428 15712.5 1070190
Ah5h 0.452387 468428 15712.5 1070190
As5s 0.452387 468428 15712.5 1070190
Ah4d 0.449326 464406 16458 1070190
As4d 0.449326 464406 16458 1070190
Ad4h 0.449205 464237 16497.5 1070190
Ad4s 0.449205 464237 16497.5 1070190
Qd9c 0.449058 469618 10959 1070190
As4h 0.448613 463669 16432 1070190
As4s 0.448613 463669 16432 1070190
Ah4h 0.448613 463669 16432 1070190
Ah4s 0.448613 463669 16432 1070190
Qs9c 0.448425 468976 10924 1070190
Qh9c 0.448425 468976 10924 1070190
Ah3d 0.447574 462531 16458 1070190
As3d 0.447574 462531 16458 1070190
Ad3h 0.447447 462356 16497.5 1070190
Ad3s 0.447447 462356 16497.5 1070190
As3h 0.446855 461788 16432 1070190
As3s 0.446855 461788 16432 1070190
Ah3h 0.446855 461788 16432 1070190
Ah3s 0.446855 461788 16432 1070190
Qd9d 0.44482 465463 10579 1070190
QhJd 0.443767 465497 9417.5 1070190
QsJd 0.443767 465497 9417.5 1070190
QdJs 0.44376 465483 9424.5 1070190
QdJh 0.44376 465483 9424.5 1070190
QhJs 0.443059 464762 9395 1070190
QhJh 0.443059 464762 9395 1070190
QsJh 0.443059 464762 9395 1070190
QsJs 0.443059 464762 9395 1070190
Qc8d 0.435423 454399 11586 1070190
Qc8h 0.434727 453677 11563.5 1070190
Qc8s 0.434727 453677 11563.5 1070190
QsTd 0.434401 454655 10236.5 1070190
QhTd 0.434401 454655 10236.5 1070190
QdTh 0.434365 454607 10246.5 1070190
QdTs 0.434365 454607 10246.5 1070190
QsTh 0.433699 453926 10214 1070190
QsTs 0.433699 453926 10214 1070190
QhTs 0.433699 453926 10214 1070190
QhTh 0.433699 453926 10214 1070190
Qd8c 0.429967 448651 11495 1070190
Qs8c 0.429366 448045 11458 1070190
Qh8c 0.429366 448045 11458 1070190
Qd8d 0.427544 446450 11103 1070190
Qc7d 0.427094 445073 11998.5 1070190
Qc7s 0.426398 444351 11976 1070190
Qc7h 0.426398 444351 11976 1070190
Qd7c 0.420363 437971 11897 1070190
Qh7c 0.419792 437399 11858.5 1070190
Qs7c 0.419792 437399 11858.5 1070190
Qd7d 0.419544 437496 11496 1070190
Qs9d 0.416947 435293 10919 1070190
Qh9d 0.416947 435293 10919 1070190
Qd9s 0.41688 435209 10931.5 1070190
Qd9h 0.41688 435209 10931.5 1070190
Qc5d 0.416623 427863 18002.5 1070190
JcTd 0.416465 435629 10067.5 1070190
Qh9h 0.416247 434567 10896.5 1070190
Qh9s 0.416247 434567 10896.5 1070190
Qs9h 0.416247 434567 10896.5 1070190
Qs9s 0.416247 434567 10896.5 1070190
Qc5h 0.415957 427177 17976.5 1070190
Qc5s 0.415957 427177 17976.5 1070190
JcTh 0.415796 434936 10045 1070190
JcTs 0.415796 434936 10045 1070190
JdTc 0.415001 434116 10013.5 1070190
JsTc 0.414335 433435 9982 1070190
JhTc 0.414335 433435 9982 1070190
Qc4d 0.412927 423185 18725 1070190
Qc4h 0.412256 422493 18699 1070190
Qc4s 0.412256 422493 18699 1070190
Qc3d 0.411256 421397 18725 1070190
Qc3h 0.410579 420699 18699 1070190
Qc3s 0.410579 420699 18699 1070190
JdTd 0.410419 429569 9657.5 1070190
Qd5d 0.408837 420379 17154.5 1070190
Qd5c 0.406234 417006 17741.5 1070190
Qs5c 0.405705 416501 17680 1070190
Qh5c 0.405705 416501 17680 1070190
Qd4d 0.405221 415828 17835.5 1070190
Qd3d 0.403514 414001 17835.5 1070190
Qd4c 0.401263 410987 18440.5 1070190
Qs4c 0.400743 410496 18375.5 1070190
Qh4c 0.400743 410496 18375.5 1070190
Jc9d 0.399382 416660 10755 1070190
Qs8d 0.398743 415266 11465 1070190
Qh8d 0.398743 415266 11465 1070190
Jc9h 0.398717 415970 10732.5 1070190
Jc9s 0.398717 415970 10732.5 1070190
Qd8h 0.398648 415150 11479.5 1070190
Qd8s 0.398648 415150 11479.5 1070190
Qd3c 0.398277 407792 18440.5 1070190
Qs8s 0.398048 414544 11442.5 1070190
Qs8h 0.398048 414544 11442.5 1070190
Qh8s 0.398048 414544 11442.5 1070190
Qh8h 0.398048 414544 11442.5 1070190
Qs3c 0.397758 407301 18375.5 1070190
Qh3c 0.397758 407301 18375.5 1070190
Jd9c 0.396601 413755 10683.5 1070190
Js9c 0.395969 413113 10649.5 1070190
Jh9c 0.395969 413113 10649.5 1070190
Jd9d 0.393836 411167 10312.5 1070190
Qs7d 0.390404 405932 11874.5 1070190
Qh7d 0.390404 405932 11874.5 1070190
Qd7s 0.390279 405782 11890.5 1070190
Qd7h 0.390279 405782 11890.5 1070190
Qs7h 0.389708 405210 11852 1070190
Qh7h 0.389708 405210 11852 1070190
Qs7s 0.389708 405210 11852 1070190
Qh7s 0.389708 405210 11852 1070190
Jc8d 0.381601 397081 11305 1070190
Jc8h 0.380939 396395 11282.5 1070190
Jc8s 0.380939 396395 11282.5 1070190
JhTd 0.380873 397648 9959 1070190
JsTd 0.380873 397648 9959 1070190
JdTh 0.380871 397636 9968 1070190
JdTs 0.380871 397636 9968 1070190
JsTs 0.380205 396955 9936.5 1070190
JhTs 0.380205 396955 9936.5 1070190
JhTh 0.380205 396955 9936.5 1070190
JsTh 0.380205 396955 9936.5 1070190
Qs5d 0.380072 388909 17840 1070190
Qh5d 0.380072 388909 17840 1070190
Qd5h 0.379936 388728 17875.5 1070190
Qd5s 0.379936 388728 17875.5 1070190
Qs5s 0.379406 388223 17814 1070190
Qh5h 0.379406 388223 17814 1070190
Qh5s 0.379406 388223 17814 1070190
Qs5h 0.379406 388223 17814 1070190
Jd8c 0.37751 392788 11219.5 1070190
Js8c 0.37691 392182 11183.5 1070190
Jh8c 0.37691 392182 11183.5 1070190
Jd8d 0.37656 392154 10836.5 1070190
Qh4d 0.376303 384156 18559.5 1070190
Qs4d 0.376303 384156 18559.5 1070190
Qd4s 0.376151 383955 18598.5 1070190
Qd4h 0.376151 383955 18598.5 1070190
Qs4h 0.375632 383464 18533.5 1070190
Qh4h 0.375632 383464 18533.5 1070190
Qs4s 0.375632 383464 18533.5 1070190
Qh4s 0.375632 383464 18533.5 1070190
Qs3d 0.374551 382281 18559.5 1070190
Qh3d 0.374551 382281 18559.5 1070190
Qd3h 0.374394 382074 18598.5 1070190
Qd3s 0.374394 382074 18598.5 1070190
Qh3s 0.373874 381583 18533.5 1070190
Qs3s 0.373874 381583 18533.5 1070190
Qs3h 0.373874 381583 18533.5 1070190
Qh3h 0.373874 381583 18533.5 1070190
Jc7d 0.373273 387755 11717.5 1070190
Jc7h 0.37261 387069 11695 1070190
Jc7s 0.37261 387069 11695 1070190
Jd7d 0.36856 383200 11229.5 1070190
Jd7c 0.367906 382108 11621.5 1070190
Js7c 0.367337 381536 11584 1070190
Jh7c 0.367337 381536 11584 1070190
Tc9d 0.365288 380591 10336.5 1070190
Tc9h 0.364649 379930 10314 1070190
Tc9s 0.364649 379930 10314 1070190
Td9c 0.363915 379184 10274 1070190
Jh9d 0.363419 378286 10641.5 1070190
Js9d 0.363419 378286 10641.5 1070190
Jd9h 0.363385 378238 10653 1070190
Jd9s 0.363385 378238 10653 1070190
Ts9c 0.363285 378542 10241.5 1070190
Th9c 0.363285 378542 10241.5 1070190
Jc5d 0.363182 370952 17721.5 1070190
Js9s 0.362753 377596 10619 1070190
Js9h 0.362753 377596 10619 1070190
Jh9h 0.362753 377596 10619 1070190
Jh9s 0.362753 377596 10619 1070190
Jc5h 0.362549 370301 17695.5 1070190
Jc5s 0.362549 370301 17695.5 1070190
Td9d 0.36213 377633 9915 1070190
Jc4d 0.359486 366274 18444 1070190
Jc4h 0.358847 365617 18418 1070190
Jc4s 0.358847 365617 18418 1070190
Jd5d 0.358222 366478 16888 1070190
Jc3d 0.357815 364486 18444 1070190
Jc3s 0.357171 363823 18418 1070190
Jc3h 0.357171 363823 18418 1070190
Jd4d 0.354606 361927 17569 1070190
Jd5c 0.354162 361555 17466 1070190
Js5c 0.353634 361050 17405.5 1070190
Jh5c 0.353634 361050 17405.5 1070190
Jd3d 0.352899 360100 17569 1070190
Jd4c 0.349191 355536 18165 1070190
Js4c 0.348673 355045 18101 1070190
Jh4c 0.348673 355045 18101 1070190
Tc8d 0.347289 360779 10886.5 1070190
Tc8s 0.346654 360122 10864 1070190
Tc8h 0.346654 360122 10864 1070190
Jd3c 0.346206 352341 18165 1070190
Js3c 0.345687 351850 18101 1070190
Jh3c 0.345687 351850 18101 1070190
Js8d 0.345216 358259 11187.5 1070190
Jh8d 0.345216 358259 11187.5 1070190
Jd8s 0.345154 358179 11201 1070190
Jd8h 0.345154 358179 11201 1070190
Td8d 0.344641 358392 10439 1070190
Td8c 0.344606 357984 10810 1070190
Js8s 0.344554 357573 11165 1070190
Jh8h 0.344554 357573 11165 1070190
Jh8s 0.344554 357573 11165 1070190
Js8h 0.344554 357573 11165 1070190
Th8c 0.344008 357378 10775.5 1070190
Ts8c 0.344008 357378 10775.5 1070190
Tc7d 0.33896 351453 11299 1070190
Tc7h 0.338325 350796 11276.5 1070190
Tc7s 0.338325 350796 11276.5 1070190
Jh7d 0.336877 348925 11597 1070190
Js7d 0.336877 348925 11597 1070190
Jd7s 0.336784 348811 11612 1070190
Jd7h 0.336784 348811 11612 1070190
Td7d 0.336641 349438 10832 1070190
Js7s 0.336215 348239 11574.5 1070190
Js7h 0.336215 348239 11574.5 1070190
Jh7s 0.336215 348239 11574.5 1070190
Jh7h 0.336215 348239 11574.5 1070190
Td7c 0.335002 347304 11212 1070190
Ts7c 0.334434 346732 11176 1070190
Th7c 0.334434 346732 11176 1070190
5d4d 0.330988 340949 13271 1070190
Ts9d 0.330345 343304 10227.5 1070190
Th9d 0.330345 343304 10227.5 1070190
Td9s 0.330336 343285 10237.5 1070190
Td9h 0.330336 343285 10237.5 1070190
Th9h 0.329706 342643 10205 1070190
Ts9s 0.329706 342643 10205 1070190
Ts9h 0.329706 342643 10205 1070190
Th9s 0.329706 342643 10205 1070190
Jh5d 0.326939 332324 17562.5 1070190
Js5d 0.326939 332324 17562.5 1070190
Jd5h 0.326834 332178 17597 1070190
Jd5s 0.326834 332178 17597 1070190
Jh5h 0.326306 331673 17536.5 1070190
Js5h 0.326306 331673 17536.5 1070190
Js5s 0.326306 331673 17536.5 1070190
Jh5s 0.326306 331673 17536.5 1070190
5c4d 0.326077 335121 13843 1070190
5c4h 0.32552 334560 13808.5 1070190
5c4s 0.32552 334560 13808.5 1070190
5d4c 0.324918 333968 13755.5 1070190
5h4c 0.324377 333438 13707.5 1070190
5s4c 0.324377 333438 13707.5 1070190
Jh4d 0.32317 327571 18282 1070190
Js4d 0.32317 327571 18282 1070190
Jd4s 0.32305 327405 18320 1070190
Jd4h 0.32305 327405 18320 1070190
Jh4s 0.322532 326914 18256 1070190
Js4s 0.322532 326914 18256 1070190
Js4h 0.322532 326914 18256 1070190
Jh4h 0.322532 326914 18256 1070190
9c8d 0.321474 333708 10330.5 1070190
Js3d 0.321418 325696 18282 1070190
Jh3d 0.321418 325696 18282 1070190
Jd3h 0.321292 325524 18320 1070190
Jd3s 0.321292 325524 18320 1070190
9d8d 0.320963 333581 9910.5 1070190
9c8h 0.320866 333080 10308 1070190
9c8s 0.320866 333080 10308 1070190
Js3h 0.320774 325033 18256 1070190
Jh3h 0.320774 325033 18256 1070190
Jh3s 0.320774 325033 18256 1070190
Js3s 0.320774 325033 18256 1070190
9d8c 0.320124 332327 10266.5 1070190
9s8c 0.319524 331717 10234 1070190
9h8c 0.319524 331717 10234 1070190
5d3d 0.317521 326537 13271 1070190
Tc5d 0.317452 322431 17303 1070190
Tc5h 0.316852 321815 17277 1070190
Tc5s 0.316852 321815 17277 1070190
Td5d 0.315109 320736 16490.5 1070190
Tc4d 0.313756 317753 18025.5 1070190
Tc4h 0.31315 317131 17999.5 1070190
Tc4s 0.31315 317131 17999.5 1070190
9c7d 0.313145 324382 10743 1070190
9d7d 0.312963 324626 10303.5 1070190
9c7h 0.312537 323754 10720.5 1070190
9c7s 0.312537 323754 10720.5 1070190
5c3d 0.312313 320391 13843 1070190
Tc3d 0.312085 315965 18025.5 1070190
Ts8d 0.311915 323035 10773.5 1070190
Th8d 0.311915 323035 10773.5 1070190
Td8h 0.311879 322984 10785.5 1070190
Td8s 0.311879 322984 10785.5 1070190
5c3s 0.311758 319832 13808.5 1070190
5c3h 0.311758 319832 13808.5 1070190
Td4d 0.311493 316185 17171.5 1070190
Tc3h 0.311474 315337 17999.5 1070190
Tc3s 0.311474 315337 17999.5 1070190
Th8s 0.31128 322378 10751 1070190
Ts8s 0.31128 322378 10751 1070190
Th8h 0.31128 322378 10751 1070190
Ts8h 0.31128 322378 10751 1070190
9d7c 0.31052 321647 10668.5 1070190
9h7c 0.30995 321071 10634.5 1070190
9s7c 0.30995 321071 10634.5 1070190
5d3c 0.309921 317919 13755.5 1070190
Td5c 0.309827 314517 17056.5 1070190
Td3d 0.309786 314358 17171.5 1070190
5h3c 0.309388 317396 13707.5 1070190
5s3c 0.309388 317396 13707.5 1070190
Th5c 0.309303 314015 16997.5 1070190
Ts5c 0.309303 314015 16997.5 1070190
4d3d 0.308252 319543 10345 1070190
Td4c 0.304856 308498 17755.5 1070190
Th4c 0.304341 308010 17693 1070190
Ts4c 0.304341 308010 17693 1070190
Ts7d 0.303576 313701 11183 1070190
Th7d 0.303576 313701 11183 1070190
Td7s 0.303509 313616 11196.5 1070190
Td7h 0.303509 313616 11196.5 1070190
Th7s 0.302941 313044 11160.5 1070190
Th7h 0.302941 313044 11160.5 1070190
Ts7h 0.302941 313044 11160.5 1070190
Ts7s 0.302941 313044 11160.5 1070190
Td3c 0.30187 305303 17755.5 1070190
4c3d 0.301468 311880 10748.5 1070190
Ts3c 0.301356 304815 17693 1070190
Th3c 0.301356 304815 17693 1070190
4c3s 0.30094 311349 10714 1070190
4c3h 0.30094 311349 10714 1070190
4d3c 0.300258 310585 10748.5 1070190
5h4d 0.300185 307541 13714 1070190
5s4d 0.300185 307541 13714 1070190
5d4s 0.300169 307510 13727.5 1070190
5d4h 0.300169 307510 13727.5 1070190
4h3c 0.299735 310059 10714 1070190
4s3c 0.299735 310059 10714 1070190
5s4s 0.299629 306980 13679.5 1070190
5s4h 0.299629 306980 13679.5 1070190
5h4s 0.299629 306980 13679.5 1070190
5h4h 0.299629 306980 13679.5 1070190
8d7d 0.296486 307652 9644 1070190
8c7d 0.294759 305399 10049.5 1070190
8c7h 0.294178 304799 10027 1070190
8c7s 0.294178 304799 10027 1070190
8d7c 0.293439 304045 9991 1070190
8s7c 0.292866 303463 9959.5 1070190
8h7c 0.292866 303463 9959.5 1070190
9c5d 0.291527 295421 16568 1070190
9d5d 0.29132 295974 15794 1070190
9c5s 0.290952 294832 16542 1070190
9c5h 0.290952 294832 16542 1070190
9h8d 0.287263 297203 10223 1070190
9s8d 0.287263 297203 10223 1070190
9d8s 0.287256 297185 10233 1070190
9d8h 0.287256 297185 10233 1070190
9h8s 0.286655 296575 10200.5 1070190
9h8h 0.286655 296575 10200.5 1070190
9s8s 0.286655 296575 10200.5 1070190
9s8h 0.286655 296575 10200.5 1070190
5h3d 0.285877 292229 13714 1070190
5s3d 0.285877 292229 13714 1070190
5d3h 0.285856 292193 13727.5 1070190
5d3s 0.285856 292193 13727.5 1070190
5s3h 0.285323 291670 13679.5 1070190
5s3s 0.285323 291670 13679.5 1070190
5h3h 0.285323 291670 13679.5 1070190
5h3s 0.285323 291670 13679.5 1070190
9d5c 0.285244 288926 16339 1070190
9s5c 0.284718 288419 16283 1070190
9h5c 0.284718 288419 16283 1070190
Th5d 0.281735 284362 17148.5 1070190
Ts5d 0.281735 284362 17148.5 1070190
Td5h 0.28166 284248 17181.5 1070190
Td5s 0.28166 284248 17181.5 1070190
Th5s 0.281136 283746 17122.5 1070190
Th5h 0.281136 283746 17122.5 1070190
Ts5h 0.281136 283746 17122.5 1070190
Ts5s 0.281136 283746 17122.5 1070190
9h7d 0.278924 287869 10632.5 1070190
9s7d 0.278924 287869 10632.5 1070190
9d7h 0.278886 287817 10644 1070190
9d7s 0.278886 287817 10644 1070190
9h7h 0.278316 287241 10610 1070190
9h7s 0.278316 287241 10610 1070190
9s7h 0.278316 287241 10610 1070190
9s7s 0.278316 287241 10610 1070190
Ts4d 0.277967 279609 17868 1070190
Th4d 0.277967 279609 17868 1070190
Td4s 0.277875 279475 17904.5 1070190
Td4h 0.277875 279475 17904.5 1070190
Th4s 0.277361 278987 17842 1070190
Ts4h 0.277361 278987 17842 1070190
Ts4s 0.277361 278987 17842 1070190
Th4h 0.277361 278987 17842 1070190
Th3d 0.276215 277734 17868 1070190
Ts3d 0.276215 277734 17868 1070190
4h3d 0.276137 284880 10639.5 1070190
4s3d 0.276137 284880 10639.5 1070190
4d3s 0.276133 284875 10639.5 1070190
4d3h 0.276133 284875 10639.5 1070190
Td3h 0.276118 277594 17904.5 1070190
Td3s 0.276118 277594 17904.5 1070190
4s3h 0.275609 284349 10605 1070190
4s3s 0.275609 284349 10605 1070190
4h3s 0.275609 284349 10605 1070190
4h3h 0.275609 284349 10605 1070190
Ts3h 0.275603 277106 17842 1070190
Ts3s 0.275603 277106 17842 1070190
Th3s 0.275603 277106 17842 1070190
Th3h 0.275603 277106 17842 1070190
9d4d 0.275533 278314 16559 1070190
9c4d 0.275402 277352 17380 1070190
9c4h 0.274829 276765 17354 1070190
9c4s 0.274829 276765 17354 1070190
8d5d 0.27463 278772 15134.5 1070190
9d3d 0.273826 276487 16559 1070190
9c3d 0.273731 275564 17380 1070190
9c3h 0.273152 274971 17354 1070190
9c3s 0.273152 274971 17354 1070190
8c5d 0.272918 276200 15874.5 1070190
8c5s 0.272369 275638 15848.5 1070190
8c5h 0.272369 275638 15848.5 1070190
8d5c 0.26795 271096 15661.5 1070190
9d4c 0.267827 269501 17125 1070190
8s5c 0.267422 270584 15608 1070190
8h5c 0.267422 270584 15608 1070190
9h4c 0.267315 269013 17065 1070190
9s4c 0.267315 269013 17065 1070190
9d3c 0.264842 266306 17125 1070190
9h3c 0.26433 265818 17065 1070190
9s3c 0.26433 265818 17065 1070190
8s7d 0.261849 270283 9945.5 1070190
8h7d 0.261849 270283 9945.5 1070190
8d7h 0.261841 270265 9954.5 1070190
8d7s 0.261841 270265 9954.5 1070190
8s7h 0.261268 269683 9923 1070190
8s7s 0.261268 269683 9923 1070190
8h7h 0.261268 269683 9923 1070190
8h7s 0.261268 269683 9923 1070190
8d4d 0.258922 261280 15815.5 1070190
9h5d 0.256967 258585 16419 1070190
9s5d 0.256967 258585 16419 1070190
9d5h 0.256919 258503 16449 1070190
9d5s 0.256919 258503 16449 1070190
8c4d 0.256872 258305 16597 1070190
9h5s 0.256393 257996 16393 1070190
9s5h 0.256393 257996 16393 1070190
9s5s 0.256393 257996 16393 1070190
9h5h 0.256393 257996 16393 1070190
8c4h 0.256324 257744 16571 1070190
8c4s 0.256324 257744 16571 1070190
7d5d 0.251824 255920 13579.5 1070190
8d4c 0.25062 251850 16360.5 1070190
8s4c 0.250106 251357 16303.5 1070190
8h4c 0.250106 251357 16303.5 1070190
7c5d 0.248105 251265 14254.5 1070190
7c5h 0.247584 250730 14232 1070190
7c5s 0.247584 250730 14232 1070190
8d3d 0.244437 245779 15815.5 1070190
7d5c 0.244436 247549 14043.5 1070190
7h5c 0.24391 247037 13993 1070190
7s5c 0.24391 247037 13993 1070190
8c3d 0.242141 242540 16597 1070190
8c3s 0.241595 241982 16571 1070190
8c3h 0.241595 241982 16571 1070190
9h4d 0.240256 239892 17228 1070190
9s4d 0.240256 239892 17228 1070190
9d4s 0.240196 239793 17262 1070190
9d4h 0.240196 239793 17262 1070190
9s4h 0.239684 239305 17202 1070190
9s4s 0.239684 239305 17202 1070190
9h4s 0.239684 239305 17202 1070190
9h4h 0.239684 239305 17202 1070190
8s5d 0.239668 240758 15732 1070190
8h5d 0.239668 240758 15732 1070190
8d5h 0.239647 240708 15759.5 1070190
8d5s 0.239647 240708 15759.5 1070190
8s5s 0.239118 240196 15706 1070190
8s5h 0.239118 240196 15706 1070190
8h5s 0.239118 240196 15706 1070190
8h5h 0.239118 240196 15706 1070190
9s3d 0.238504 238017 17228 1070190
9h3d 0.238504 238017 17228 1070190
9d3s 0.238438 237912 17262 1070190
9d3h 0.238438 237912 17262 1070190
9s3s 0.237926 237424 17202 1070190
9h3h 0.237926 237424 17202 1070190
9h3s 0.237926 237424 17202 1070190
9s3h 0.237926 237424 17202 1070190
7d4d 0.236116 238428 14260.5 1070190
8d3c 0.23456 234663 16360.5 1070190
8h3c 0.234051 234176 16303.5 1070190
8s3c 0.234051 234176 16303.5 1070190
7c4d 0.232059 233370 14977 1070190
7c4h 0.231539 232836 14954.5 1070190
7c4s 0.231539 232836 14954.5 1070190
7d4c 0.227105 228303 14742.5 1070190
7s4c 0.226594 227810 14688.5 1070190
7h4c 0.226594 227810 14688.5 1070190
8s4d 0.223041 222245 16451.5 1070190
8h4d 0.223041 222245 16451.5 1070190
8d4h 0.223007 222177 16482.5 1070190
8d4s 0.223007 222177 16482.5 1070190
8s4h 0.222493 221684 16425.5 1070190
8s4s 0.222493 221684 16425.5 1070190
8h4h 0.222493 221684 16425.5 1070190
8h4s 0.222493 221684 16425.5 1070190
7d3d 0.221631 222927 14260.5 1070190
7c3d 0.217328 217605 14977 1070190
7c3s 0.216811 217074 14954.5 1070190
7c3h 0.216811 217074 14954.5 1070190
7d5h 0.215772 216799 14118 1070190
7d5s 0.215772 216799 14118 1070190
7s5d 0.215767 216822 14090 1070190
7h5d 0.215767 216822 14090 1070190
7s5h 0.215246 216287 14067.5 1070190
7s5s 0.215246 216287 14067.5 1070190
7h5s 0.215246 216287 14067.5 1070190
7h5h 0.215246 216287 14067.5 1070190
7d3c 0.211045 211116 14742.5 1070190
7s3c 0.21054 210629 14688.5 1070190
7h3c 0.21054 210629 14688.5 1070190
8h3d 0.207702 205829 16451.5 1070190
8s3d 0.207702 205829 16451.5 1070190
8d3s 0.207665 205758 16482.5 1070190
8d3h 0.207665 205758 16482.5 1070190
8s3s 0.207156 205271 16425.5 1070190
8h3h 0.207156 205271 16425.5 1070190
8h3s 0.207156 205271 16425.5 1070190
8s3h 0.207156 205271 16425.5 1070190
7s4d 0.199141 198309 14809.5 1070190
7h4d 0.199141 198309 14809.5 1070190
7d4h 0.199132 198268 14841 1070190
7d4s 0.199132 198268 14841 1070190
7h4h 0.198621 197775 14787 1070190
7h4s 0.198621 197775 14787 1070190
7s4s 0.198621 197775 14787 1070190
7s4h 0.198621 197775 14787 1070190
7s3d 0.183801 181893 14809.5 1070190
7h3d 0.183801 181893 14809.5 1070190
7d3s 0.18379 181849 14841 1070190
7d3h 0.18379 181849 14841 1070190
7h3h 0.183284 181362 14787 1070190
7h3s 0.183284 181362 14787 1070190
7s3h 0.183284 181362 14787 1070190
7s3s 0.183284 181362 14787 1070190
