TdTc 0.961618 1029114 0 1070190
TsTd 0.961245 1028715 0 1070190
TsTc 0.961242 1028712 0 1070190
6h6c 0.954967 1021932 64.5 1070190
6s6c 0.954592 1021530 64.5 1070190
6s6h 0.954592 1021530 64.5 1070190
2h2d 0.947563 1013952 120 1070190
2s2d 0.94719 1013553 120 1070190
2s2h 0.947187 1013550 120 1070190
Tc6c 0.910612 971802 2726 1070190
Td6h 0.906961 967827 2793.5 1070190
Td6c 0.906856 967692 2816 1070190
Tc6h 0.906853 967689 2816 1070190
Td6s 0.906501 967335 2793.5 1070190
Ts6h 0.906501 967335 2793.5 1070190
Ts6c 0.906396 967200 2816 1070190
Tc6s 0.906393 967197 2816 1070190
Ts6s 0.906041 966843 2793.5 1070190
Td2d 0.896135 953799 5235.5 1070190
Td2h 0.891983 949266 5325.5 1070190
Tc2h 0.89198 949263 5325.5 1070190
Tc2d 0.891878 949131 5348 1070190
Ts2h 0.891629 948909 5303 1070190
Td2s 0.891526 948777 5325.5 1070190
Ts2d 0.891526 948777 5325.5 1070190
Tc2s 0.891523 948774 5325.5 1070190
Ts2s 0.891172 948420 5303 1070190
6h2h 0.867798 922836 5873 1070190
AdAc 0.865016 925236 495 1070190
AhAc 0.865016 925236 495 1070190
AhAd 0.865016 925236 495 1070190
AsAd 0.864191 924354 495 1070190
AsAc 0.864191 924354 495 1070190
AsAh 0.864191 924354 495 1070190
6h2d 0.862949 917556 5963 1070190
6c2d 0.862949 917556 5963 1070190
6c2h 0.862883 917463 5985.5 1070190
6s2d 0.862594 917199 5940.5 1070190
6c2s 0.862531 917109 5963 1070190
6h2s 0.862531 917109 5963 1070190
6s2h 0.862528 917106 5963 1070190
6s2s 0.862176 916752 5940.5 1070190
KdKc 0.846301 905208 495 1070190
KhKd 0.846301 905208 495 1070190
KhKc 0.846301 905208 495 1070190
KsKh 0.845483 904332 495 1070190
KsKd 0.845483 904332 495 1070190
KsKc 0.845483 904332 495 1070190
AdTd 0.831311 886377 3283.5 1070190
AcTc 0.83126 886323 3283.5 1070190
QhQc 0.827587 885180 495 1070190
QdQc 0.827587 885180 495 1070190
QhQd 0.827587 885180 495 1070190
QsQc 0.826774 884310 495 1070190
QsQh 0.826774 884310 495 1070190
QsQd 0.826774 884310 495 1070190
KdTd 0.825144 879009 4051.5 1070190
KcTc 0.825093 878958 4048.5 1070190
AhTd 0.821606 875856 3418.5 1070190
AhTc 0.821606 875856 3418.5 1070190
AcTd 0.821534 875757 3441 1070190
AdTc 0.821534 875757 3441 1070190
AhTs 0.820831 875049 3396 1070190
AcTs 0.820759 874950 3418.5 1070190
AdTs 0.820759 874950 3418.5 1070190
AsTd 0.820698 874884 3418.5 1070190
AsTc 0.820698 874884 3418.5 1070190
AsTs 0.819923 874077 3396 1070190
QdTd 0.819259 872035 4728 1070190
QcTc 0.819212 871990 4722 1070190
KhTd 0.815426 868442 4218.5 1070190
KhTc 0.815426 868442 4218.5 1070190
KdTc 0.815354 868343 4241 1070190
KcTd 0.815354 868343 4241 1070190
KhTs 0.814688 867679 4192 1070190
KcTs 0.814617 867580 4214.5 1070190
KdTs 0.814617 867580 4214.5 1070190
KsTd 0.814523 867476 4218.5 1070190
KsTc 0.814523 867476 4218.5 1070190
KsTs 0.813785 866713 4192 1070190
JdTd 0.813355 865131 5313 1070190
JcTc 0.81331 865092 5304 1070190
QhTc 0.809513 861410 4923 1070190
QhTd 0.809513 861410 4923 1070190
QcTd 0.809442 861311 4945.5 1070190
QdTc 0.809442 861311 4945.5 1070190
QhTs 0.808812 860689 4893 1070190
QdTs 0.80874 860590 4915.5 1070190
QcTs 0.80874 860590 4915.5 1070190
QsTc 0.808616 860450 4923 1070190
QsTd 0.808616 860450 4923 1070190
JdJc 0.808166 864396 495 1070190
JhJd 0.808166 864396 495 1070190
JhJc 0.808166 864396 495 1070190
QsTs 0.807914 859729 4893 1070190
JsJc 0.807353 863526 495 1070190
JsJh 0.807353 863526 495 1070190
JsJd 0.807353 863526 495 1070190
JhTd 0.803515 854382 5532 1070190
JhTc 0.803515 854382 5532 1070190
JdTc 0.803444 854283 5554.5 1070190
JcTd 0.803444 854283 5554.5 1070190
JhTs 0.802848 853701 5499 1070190
JdTs 0.802777 853602 5521.5 1070190
JcTs 0.802777 853602 5521.5 1070190
JsTd 0.802618 853422 5532 1070190
JsTc 0.802618 853422 5532 1070190
JsTs 0.801951 852741 5499 1070190
Td9d 0.799245 848713 6631.5 1070190
Tc9c 0.799175 848650 6619.5 1070190
Td8d 0.794122 842828 7033.5 1070190
Tc8c 0.79405 842766 7018.5 1070190
Td7d 0.789176 837224 7344 1070190
Tc7c 0.789101 837162 7326 1070190
Td9h 0.788998 837451 6926.5 1070190
Tc9h 0.788997 837450 6926.5 1070190
Td9c 0.788928 837354 6948.5 1070190
Tc9d 0.788928 837354 6948.5 1070190
Ts9h 0.788356 836800 6891 1070190
Ts9d 0.788287 836704 6913 1070190
Ts9c 0.788286 836703 6913 1070190
Td9s 0.788136 836533 6922.5 1070190
Tc9s 0.788135 836532 6922.5 1070190
Ts9s 0.787495 835882 6887 1070190
Td8h 0.783602 831258 7344.5 1070190
Tc8h 0.783601 831257 7344.5 1070190
Td8c 0.783531 831161 7366.5 1070190
Tc8d 0.783531 831161 7366.5 1070190
Ts8h 0.782992 830643 7307 1070190
Ts8d 0.782923 830547 7329 1070190
Ts8c 0.782922 830546 7329 1070190
Td8s 0.78274 830340 7340.5 1070190
Tc8s 0.782739 830339 7340.5 1070190
Ts8s 0.78213 829725 7303 1070190
Td5d 0.780918 824587 11144 1070190
Tc5c 0.780854 824531 11131 1070190
Td4d 0.779332 822373 11660.5 1070190
Tc4c 0.779288 822349 11637.5 1070190
Td3d 0.778789 821755 11697 1070190
Tc3c 0.778756 821749 11667.5 1070190
Td7h 0.778356 825322 7667 1070190
Tc7h 0.778355 825321 7667 1070190
Td7c 0.778286 825225 7689 1070190
Tc7d 0.778286 825225 7689 1070190
Ts7h 0.777777 824741 7628 1070190
Ts7d 0.777708 824645 7650 1070190
Ts7c 0.777707 824644 7650 1070190
Td7s 0.777489 824398 7663 1070190
Tc7s 0.777488 824397 7663 1070190
Ts7s 0.77691 823817 7624 1070190
Td5h 0.769762 812141 11651 1070190
Tc5h 0.769747 812125 11651 1070190
Tc5d 0.769677 812028 11673 1070190
Td5c 0.769676 812026 11674 1070190
Ts5h 0.769228 811631 11589 1070190
Ts5d 0.769158 811534 11611 1070190
Ts5c 0.769142 811516 11612 1070190
Td5s 0.768895 811217 11647 1070190
Tc5s 0.76888 811201 11647 1070190
Ts5s 0.768361 810707 11585 1070190
Td4h 0.768103 809821 12195.5 1070190
Tc4h 0.768087 809803 12195.5 1070190
Td4c 0.768017 809706 12218 1070190
Tc4d 0.768016 809706 12217.5 1070190
Ts4h 0.767579 809325 12130 1070190
Td3h 0.767515 809155 12232 1070190
Ts4d 0.767509 809228 12152 1070190
Tc3h 0.767498 809137 12231.5 1070190
Ts4c 0.767492 809210 12152.5 1070190
Td3c 0.767428 809040 12254 1070190
Tc3d 0.767428 809040 12253.5 1070190
Td4s 0.767236 808897 12191.5 1070190
Tc4s 0.767219 808879 12191.5 1070190
Ts3h 0.76699 808659 12166.5 1070190
Ts3d 0.76692 808562 12188.5 1070190
Ts3c 0.766904 808544 12188.5 1070190
Ts4s 0.766712 808401 12126 1070190
Td3s 0.766642 808225 12228 1070190
Tc3s 0.766625 808207 12227.5 1070190
Ts3s 0.766118 807729 12162.5 1070190
9h9d 0.720537 769996 1115 1070190
9h9c 0.720536 769995 1115 1070190
9d9c 0.720494 769951 1115 1070190
9s9h 0.719797 769209 1111 1070190
9s9d 0.719756 769165 1111 1070190
9s9c 0.719755 769164 1111 1070190
Ah6h 0.719225 766302 3405 1070190
Ac6c 0.718002 764994 3405 1070190
Kh6h 0.713063 758940 4173 1070190
Kc6c 0.711835 757629 4170 1070190
Qh6h 0.707184 751972 4849.5 1070190
Qc6c 0.705954 750661 4843.5 1070190
Ad6h 0.702576 748350 3540 1070190
Ad6c 0.702576 748350 3540 1070190
Ah6c 0.702547 748296 3562.5 1070190
Ac6h 0.702513 748260 3562.5 1070190
8h8d 0.702427 750615 1115 1070190
8h8c 0.702426 750614 1115 1070190
8d8c 0.702385 750570 1115 1070190
Ad6s 0.701801 747543 3517.5 1070190
Ah6s 0.701772 747489 3540 1070190
Ac6s 0.701738 747453 3540 1070190
As6h 0.70171 747423 3540 1070190
As6c 0.70171 747423 3540 1070190
8s8h 0.701688 749828 1111 1070190
8s8d 0.701646 749784 1111 1070190
8s8c 0.701646 749783 1111 1070190
Jh6h 0.701285 745074 5434.5 1070190
As6s 0.700935 746616 3517.5 1070190
Jc6c 0.700052 743763 5425.5 1070190
9h6h 0.696927 734984 10860 1070190
Kd6c 0.696396 740936 4340 1070190
Kd6h 0.696396 740936 4340 1070190
Kh6c 0.696367 740882 4362.5 1070190
Kc6h 0.696333 740846 4362.5 1070190
Kd6s 0.695658 740173 4313.5 1070190
Kh6s 0.695629 740119 4336 1070190
Kc6s 0.695595 740083 4336 1070190
Ks6h 0.695535 740015 4340 1070190
Ks6c 0.695535 740015 4340 1070190
9c6c 0.695475 733372 10918 1070190
Ks6s 0.694798 739252 4313.5 1070190
8h6h 0.692156 728636 12102 1070190
8c6c 0.690772 727114 12143 1070190
Qd6c 0.690483 733904 5044.5 1070190
Qd6h 0.690483 733904 5044.5 1070190
Qh6c 0.690454 733850 5067 1070190
Qc6h 0.69042 733814 5067 1070190
Qd6s 0.689782 733183 5014.5 1070190
Qh6s 0.689752 733129 5037 1070190
Qc6s 0.689719 733093 5037 1070190
Qs6c 0.689628 732989 5044.5 1070190
Qs6h 0.689628 732989 5044.5 1070190
Qs6s 0.688927 732268 5014.5 1070190
7h6h 0.688175 723435 13042.5 1070190
7c6c 0.68685 721990 13070 1070190
Jd6h 0.684485 726876 5653.5 1070190
Jd6c 0.684485 726876 5653.5 1070190
Jh6c 0.684456 726822 5676 1070190
Jc6h 0.684422 726786 5676 1070190
7h7d 0.683847 730731 1115 1070190
7h7c 0.683846 730730 1115 1070190
Jd6s 0.683818 726195 5620.5 1070190
7d7c 0.683805 730686 1115 1070190
Jh6s 0.683789 726141 5643 1070190
Jc6s 0.683755 726105 5643 1070190
Js6c 0.68363 725961 5653.5 1070190
Js6h 0.68363 725961 5653.5 1070190
7s7h 0.683102 729938 1111 1070190
7s7d 0.683061 729894 1111 1070190
7s7c 0.68306 729893 1111 1070190
Js6s 0.682963 725280 5620.5 1070190
9d6h 0.680546 716958 11355 1070190
9d6c 0.680546 716968 11345 1070190
9h6c 0.680534 716934 11367 1070190
9c6h 0.680492 716879 11377 1070190
9d6s 0.679927 716357 11294.5 1070190
9h6s 0.679916 716323 11316.5 1070190
9c6s 0.679874 716278 11316.5 1070190
9s6h 0.679742 716102 11351 1070190
9s6c 0.679742 716112 11341 1070190
9s6s 0.679124 715501 11290.5 1070190
8d6h 0.675667 710431 12661 1070190
8d6c 0.675661 710433 12653 1070190
8h6c 0.67565 710399 12675 1070190
8c6h 0.675614 710352 12683 1070190
8d6s 0.675077 709868 12592.5 1070190
8h6s 0.675066 709834 12614.5 1070190
8c6s 0.675024 709789 12614.5 1070190
8s6h 0.674863 709575 12657 1070190
8s6c 0.674858 709577 12649 1070190
8s6s 0.674273 709012 12588.5 1070190
7d6h 0.671562 705049 13649.5 1070190
7d6c 0.671552 705045 13643 1070190
7h6c 0.671541 705011 13665 1070190
7c6h 0.671508 704970 13671.5 1070190
7d6s 0.670994 704516 13575 1070190
7h6s 0.670983 704482 13597 1070190
7c6s 0.670941 704437 13597 1070190
7s6h 0.670752 704187 13645.5 1070190
7s6c 0.670743 704183 13639 1070190
7s6s 0.670185 703654 13571 1070190
6h5h 0.670151 703187 14001.5 1070190
6c5c 0.668932 701864 14020 1070190
6h4h 0.66857 700979 14518 1070190
6h3h 0.668032 700367 14554.5 1070190
6c4c 0.667366 699682 14526.5 1070190
6c3c 0.666833 699082 14556.5 1070190
6h5d 0.652579 683719 14664.5 1070190
6c5d 0.652561 683704 14660 1070190
6c5h 0.652549 683669 14682 1070190
6h5c 0.652519 683632 14687.5 1070190
6s5d 0.652026 683209 14583 1070190
6s5h 0.652014 683174 14605 1070190
6s5c 0.651966 683122 14606 1070190
6h5s 0.65177 682857 14660.5 1070190
6c5s 0.651752 682842 14656 1070190
6s5s 0.651217 682347 14579 1070190
6h4d 0.65092 681399 15209 1070190
6c4d 0.6509 681382 15204.5 1070190
6c4h 0.650888 681347 15226.5 1070190
6h4c 0.65086 681312 15231.5 1070190
6s4d 0.650377 680903 15124 1070190
6s4h 0.650365 680868 15146 1070190
6h3d 0.650332 680733 15245.5 1070190
6s4c 0.650317 680816 15146.5 1070190
6c3d 0.650311 680716 15240.5 1070190
6c3h 0.650299 680681 15262.5 1070190
6h3c 0.650271 680646 15267.5 1070190
6h4s 0.650111 680537 15205 1070190
6c4s 0.650091 680520 15200.5 1070190
6s3d 0.649789 680237 15160.5 1070190
6s3h 0.649777 680202 15182.5 1070190
6s3c 0.649728 680150 15182.5 1070190
6s4s 0.649568 680041 15120 1070190
6h3s 0.649517 679865 15241.5 1070190
6c3s 0.649496 679848 15236.5 1070190
6s3s 0.648974 679369 15156.5 1070190
Ah2h 0.605951 644394 4089 1070190
Ad2d 0.605951 644394 4089 1070190
Kh2h 0.598704 635960 4767.5 1070190
Kd2d 0.598699 635954 4767.5 1070190
Qh2h 0.591874 628063 5354.5 1070190
Qd2d 0.591863 628051 5354.5 1070190
Jh2h 0.585157 620379 5850 1070190
Jd2d 0.58514 620361 5850 1070190
Ac2h 0.583563 620295 4228.5 1070190
Ac2d 0.583563 620295 4228.5 1070190
Ad2h 0.583546 620259 4246.5 1070190
Ah2d 0.583546 620259 4246.5 1070190
Ac2s 0.582788 619488 4206 1070190
Ad2s 0.582771 619452 4224 1070190
Ah2s 0.582771 619452 4224 1070190
As2h 0.582743 619422 4224 1070190
As2d 0.582743 619422 4224 1070190
5h5d 0.582238 621892 1213 1070190
5d5c 0.58219 621840 1214 1070190
5h5c 0.582189 621839 1214 1070190
As2s 0.581968 618615 4201.5 1070190
5s5d 0.581494 621100 1209 1070190
5s5h 0.581493 621099 1209 1070190
5s5c 0.581445 621047 1210 1070190
9h2h 0.581263 611074 10988 1070190
9d2d 0.581047 610773 11058 1070190
Kc2d 0.576297 611809 4938.5 1070190
Kc2h 0.576297 611809 4938.5 1070190
Kd2h 0.576281 611773 4957 1070190
Kh2d 0.576281 611773 4957 1070190
8h2h 0.575941 604226 12140.5 1070190
8d2d 0.575796 604015 12196.5 1070190
Kc2s 0.575559 611046 4912 1070190
Kd2s 0.575543 611010 4930.5 1070190
Kh2s 0.575543 611010 4930.5 1070190
Ks2d 0.575483 610942 4934.5 1070190
Ks2h 0.575483 610942 4934.5 1070190
Ks2s 0.574746 610179 4908 1070190
7h2h 0.571544 598669 12991.5 1070190
7d2d 0.57146 598534 13037 1070190
Qc2d 0.569433 603848 5553 1070190
Qc2h 0.569433 603848 5553 1070190
Qd2h 0.569417 603812 5572 1070190
Qh2d 0.569417 603812 5572 1070190
Qc2s 0.568731 603127 5523 1070190
Qh2s 0.568715 603091 5542 1070190
Qd2s 0.568715 603091 5542 1070190
Qs2h 0.568625 602987 5549.5 1070190
Qs2d 0.568625 602987 5549.5 1070190
Qs2s 0.567923 602266 5519.5 1070190
5d2d 0.566014 590903 14840 1070190
5h2h 0.565958 590874 14808.5 1070190
4d2d 0.565519 590426 14786.5 1070190
4h2h 0.565462 590397 14755 1070190
3d2d 0.564879 589795 14733 1070190
3h2h 0.564824 589767 14701.5 1070190
AhKh 0.564363 598488 5488 1070190
AdKd 0.564351 598475 5488 1070190
4h4d 0.564298 602729 1177.5 1070190
AcKc 0.564254 598376 5483.5 1070190
4d4c 0.56425 602677 1178 1070190
4h4c 0.564249 602676 1178 1070190
4s4d 0.563555 601937 1173.5 1070190
4s4h 0.563554 601936 1173.5 1070190
4s4c 0.563506 601884 1174 1070190
Jc2h 0.562616 596034 6072 1070190
Jc2d 0.562616 596034 6072 1070190
Jh2d 0.562601 595998 6091.5 1070190
Jd2h 0.562601 595998 6091.5 1070190
Jc2s 0.561949 595353 6039 1070190
Jh2s 0.561933 595317 6058.5 1070190
Jd2s 0.561933 595317 6058.5 1070190
Js2d 0.561809 595173 6069 1070190
Js2h 0.561809 595173 6069 1070190
Js2s 0.561141 594492 6036 1070190
9h2d 0.559225 586982 11495 1070190
9c2d 0.559223 586999 11475.5 1070190
9c2h 0.559222 586988 11485.5 1070190
9d2h 0.559216 586962 11505 1070190
9h2s 0.558607 586371 11444.5 1070190
9c2s 0.558605 586388 11425 1070190
9d2s 0.558598 586362 11444.5 1070190
9s2d 0.558466 586196 11469 1070190
9s2h 0.558465 586185 11479 1070190
9s2s 0.557848 585585 11418.5 1070190
AhQh 0.555235 588719 5488 1070190
AdQd 0.555218 588701 5488 1070190
AcQc 0.555122 588602 5483.5 1070190
8c2h 0.553792 579961 12701.5 1070190
8h2d 0.55379 579947 12713.5 1070190
8c2d 0.553787 579964 12693.5 1070190
8d2h 0.553786 579935 12721.5 1070190
8h2s 0.553206 579382 12653 1070190
8c2s 0.553203 579399 12633 1070190
8d2s 0.553197 579373 12653 1070190
8s2h 0.553036 579158 12695.5 1070190
8s2d 0.553031 579161 12687.5 1070190
8s2s 0.552447 578596 12627 1070190
7c2h 0.549269 574222 13600 1070190
7d2h 0.549264 574196 13620.5 1070190
7h2d 0.549263 574202 13614 1070190
7c2d 0.54926 574219 13593.5 1070190
7h2s 0.548705 573673 13546 1070190
7c2s 0.548702 573690 13525.5 1070190
7d2s 0.548697 573664 13546 1070190
7s2h 0.548508 573413 13594.5 1070190
7s2d 0.548499 573410 13588 1070190
7s2s 0.547941 572881 13520 1070190
AhJh 0.546027 578865 5488 1070190
AdJd 0.546005 578841 5488 1070190
AcJc 0.545908 578742 5483.5 1070190
3h3d 0.545786 582953 1142 1070190
3d3c 0.545738 582901 1142 1070190
3h3c 0.545737 582900 1142 1070190
3s3d 0.545037 582155 1138 1070190
3s3h 0.545036 582154 1138 1070190
3s3c 0.544987 582102 1138 1070190
5d2h 0.543645 566254 15549.5 1070190
5h2d 0.543641 566254 15545 1070190
5c2h 0.54364 566270 15528.5 1070190
5c2d 0.543637 566271 15524 1070190
4d2h 0.543176 565805 15496 1070190
4h2d 0.543171 565805 15491.5 1070190
4c2h 0.54317 565821 15474.5 1070190
4c2d 0.543167 565822 15470 1070190
5d2s 0.543107 565767 15461 1070190
5h2s 0.543106 565766 15461 1070190
5c2s 0.543103 565783 15440 1070190
5s2h 0.542888 565470 15523.5 1070190
5s2d 0.542885 565471 15519 1070190
4d2s 0.542638 565318 15407.5 1070190
4h2s 0.542637 565317 15407.5 1070190
4c2s 0.542633 565334 15386 1070190
3d2h 0.542486 565121 15442.5 1070190
3h2d 0.542482 565121 15438 1070190
3c2h 0.542481 565137 15420.5 1070190
3c2d 0.542478 565138 15416 1070190
4s2h 0.542419 565021 15470 1070190
4s2d 0.542415 565022 15465.5 1070190
5s2s 0.54235 564983 15435 1070190
3d2s 0.541949 564634 15354 1070190
3h2s 0.541948 564633 15354 1070190
3c2s 0.541943 564650 15332 1070190
4s2s 0.541881 564534 15381.5 1070190
3s2h 0.541724 564331 15416.5 1070190
3s2d 0.541721 564332 15412 1070190
3s2s 0.541186 563844 15328 1070190
AhKc 0.540375 572543 5761 1070190
AhKd 0.540375 572543 5761 1070190
AcKh 0.540375 572543 5761 1070190
AcKd 0.540375 572543 5761 1070190
AdKh 0.540375 572543 5761 1070190
AdKc 0.540375 572543 5761 1070190
AdKs 0.539564 571698 5738.5 1070190
AhKs 0.539564 571698 5738.5 1070190
AcKs 0.539564 571698 5738.5 1070190
AsKd 0.539564 571701 5734.5 1070190
AsKh 0.539564 571701 5734.5 1070190
AsKc 0.539564 571701 5734.5 1070190
AsKs 0.538753 570856 5712 1070190
AdQh 0.530886 562388 5761 1070190
AdQc 0.530886 562388 5761 1070190
AhQd 0.530886 562388 5761 1070190
AcQd 0.530886 562388 5761 1070190
AcQh 0.530886 562388 5761 1070190
AhQc 0.530886 562388 5761 1070190
AsQc 0.530107 561581 5734.5 1070190
AsQd 0.530107 561581 5734.5 1070190
AsQh 0.530107 561581 5734.5 1070190
AcQs 0.530081 561549 5738.5 1070190
AhQs 0.530081 561549 5738.5 1070190
AdQs 0.530081 561549 5738.5 1070190
AsQs 0.529302 560742 5712 1070190
Ah9h 0.52626 554375 8823 1070190
Ad9d 0.5261 554121 8905.5 1070190
Ac9c 0.525992 554010 8901 1070190
AdJc 0.52128 552108 5761 1070190
AcJh 0.52128 552108 5761 1070190
AcJd 0.52128 552108 5761 1070190
AdJh 0.52128 552108 5761 1070190
AhJd 0.52128 552108 5761 1070190
AhJc 0.52128 552108 5761 1070190
AsJc 0.520534 551336 5734.5 1070190
AsJh 0.520534 551336 5734.5 1070190
AsJd 0.520534 551336 5734.5 1070190
AhJs 0.520475 551269 5738.5 1070190
AdJs 0.520475 551269 5738.5 1070190
AcJs 0.520475 551269 5738.5 1070190
AsJs 0.519729 550497 5712 1070190
Ah8h 0.517467 544441 9347 1070190
Ad8d 0.517328 544188 9451.5 1070190
Ac8c 0.517215 544071 9447 1070190
Ah7h 0.508961 534945 9740 1070190
Ad7d 0.508859 534715 9861 1070190
Ac7c 0.50874 534592 9856.5 1070190
KhQh 0.505003 535116 5333 1070190
KdQd 0.504979 535090 5333 1070190
KcQc 0.50489 535000 5328.5 1070190
Ad9h 0.501312 527177 9322.5 1070190
Ac9h 0.501312 527177 9322.5 1070190
Ah9c 0.501247 527100 9330 1070190
Ah9d 0.501247 527100 9330 1070190
Ac9d 0.501246 527106 9322.5 1070190
Ad9c 0.501246 527106 9322.5 1070190
As9h 0.500609 526458 9288.5 1070190
Ah9s 0.500546 526375 9304 1070190
Ad9s 0.500544 526381 9296.5 1070190
Ac9s 0.500544 526381 9296.5 1070190
As9c 0.500542 526387 9288.5 1070190
As9d 0.500542 526387 9288.5 1070190
As9s 0.499841 525662 9262.5 1070190
KhJh 0.495794 525261 5333 1070190
KdJd 0.495765 525230 5333 1070190
KcJc 0.495677 525140 5328.5 1070190
Ad8h 0.49214 516791 9892.5 1070190
Ac8h 0.49214 516791 9892.5 1070190
Ah8d 0.492076 516713 9902 1070190
Ah8c 0.492076 516713 9902 1070190
Ac8d 0.492074 516720 9892.5 1070190
Ad8c 0.492074 516720 9892.5 1070190
As8h 0.491468 516108 9856.5 1070190
As8c 0.491402 516037 9856.5 1070190
As8d 0.491402 516037 9856.5 1070190
Ah8s 0.491374 515988 9876 1070190
Ac8s 0.491372 515995 9866.5 1070190
Ad8s 0.491372 515995 9866.5 1070190
As8s 0.4907 515312 9830.5 1070190
Ad5d 0.48703 506240 14975 1070190
Ah5h 0.486952 506222 14909 1070190
Ac5c 0.486843 506033 14981.5 1070190
Ad4d 0.483547 501794 15693.5 1070190
Ah4h 0.483474 501782 15627.5 1070190
Ac4c 0.483381 501615 15694.5 1070190
Ac7h 0.483251 506850 10320 1070190
Ad7h 0.483251 506850 10320 1070190
Ah7d 0.483189 506773 10331 1070190
Ah7c 0.483189 506773 10331 1070190
Ad7c 0.483184 506779 10320 1070190
Ac7d 0.483184 506779 10320 1070190
As7h 0.482609 506201 10282.5 1070190
As7d 0.482543 506130 10282.5 1070190
As7c 0.482543 506130 10282.5 1070190
Ah7s 0.482482 506042 10305 1070190
Ad7s 0.482477 506048 10294 1070190
Ac7s 0.482477 506048 10294 1070190
As7s 0.481835 505399 10256.5 1070190
Ad3d 0.481776 499898 15693.5 1070190
Ah3h 0.481708 499892 15627.5 1070190
Ac3c 0.481615 499725 15694.5 1070190
KdQc 0.478491 506476 5600 1070190
KdQh 0.478491 506476 5600 1070190
KhQc 0.478491 506476 5600 1070190
KhQd 0.478491 506476 5600 1070190
KcQh 0.478491 506476 5600 1070190
KcQd 0.478491 506476 5600 1070190
KcQs 0.477716 505669 5577.5 1070190
KdQs 0.477716 505669 5577.5 1070190
KhQs 0.477716 505669 5577.5 1070190
KsQc 0.477714 505671 5574 1070190
KsQh 0.477714 505671 5574 1070190
KsQd 0.477714 505671 5574 1070190
KsQs 0.476939 504864 5551.5 1070190
Kh9h 0.476415 501187 8668 1070190
Kd9d 0.476249 500926 8750.5 1070190
Kc9c 0.476149 500824 8746 1070190
KcJh 0.468885 496196 5600 1070190
KcJd 0.468885 496196 5600 1070190
KhJd 0.468885 496196 5600 1070190
KhJc 0.468885 496196 5600 1070190
KdJc 0.468885 496196 5600 1070190
KdJh 0.468885 496196 5600 1070190
KsJc 0.468141 495426 5574 1070190
KsJd 0.468141 495426 5574 1070190
KsJh 0.468141 495426 5574 1070190
KcJs 0.46811 495389 5577.5 1070190
KhJs 0.46811 495389 5577.5 1070190
KdJs 0.46811 495389 5577.5 1070190
KsJs 0.467366 494619 5551.5 1070190
Ah5d 0.460834 477464 15716 1070190
Ad5h 0.460828 477464 15710 1070190
Ac5d 0.460821 477457 15709 1070190
Ac5h 0.460821 477457 15709 1070190
Ah5c 0.460768 477393 15716 1070190
Ad5c 0.460762 477393 15710 1070190
As5d 0.460231 476885 15649.5 1070190
As5h 0.460231 476885 15649.5 1070190
As5c 0.460165 476814 15649.5 1070190
Ah5s 0.460127 476733 15690 1070190
Ad5s 0.460121 476733 15684 1070190
Ac5s 0.460114 476726 15683 1070190
As5s 0.459524 476154 15623.5 1070190
Kh8h 0.458275 481249 9192 1070190
Kd8d 0.45813 480990 9296.5 1070190
Kc8c 0.458025 480882 9292 1070190
Ah4d 0.457239 472856 16476.5 1070190
Ad4h 0.457233 472856 16470.5 1070190
Ac4d 0.457224 472847 16470 1070190
Ac4h 0.457224 472847 16470 1070190
Ah4c 0.457173 472785 16476.5 1070190
Ad4c 0.457167 472785 16470.5 1070190
As4h 0.456646 472291 16406.5 1070190
As4d 0.456646 472291 16406.5 1070190
As4c 0.456579 472220 16406.5 1070190
Ah4s 0.456532 472125 16450.5 1070190
Ad4s 0.456526 472125 16444.5 1070190
Ac4s 0.456517 472116 16444 1070190
As4s 0.455938 471560 16380.5 1070190
Ah3d 0.455422 470912 16476.5 1070190
Ad3h 0.455417 470912 16470.5 1070190
Ac3d 0.455408 470903 16470 1070190
Ac3h 0.455408 470903 16470 1070190
Ah3c 0.455356 470841 16476.5 1070190
Ad3c 0.45535 470841 16470.5 1070190
QhJh 0.45485 481598 5178 1070190
As3h 0.454829 470347 16406.5 1070190
As3d 0.454829 470347 16406.5 1070190
QdJd 0.454808 481553 5178 1070190
As3c 0.454763 470276 16406.5 1070190
QcJc 0.454731 481475 5173.5 1070190
Ah3s 0.454709 470175 16450.5 1070190
Ad3s 0.454704 470175 16444.5 1070190
Ac3s 0.454695 470166 16444 1070190
As3s 0.454116 469610 16380.5 1070190
Kh7h 0.449769 471753 9585 1070190
Kd7d 0.449661 471517 9706 1070190
Kc7c 0.449551 471403 9701.5 1070190
Kd9h 0.449331 471708 9161.5 1070190
Kc9h 0.449331 471708 9161.5 1070190
Kh9d 0.449266 471631 9169 1070190
Kh9c 0.449266 471631 9169 1070190
Kd9c 0.449265 471637 9161.5 1070190
Kc9d 0.449265 471637 9161.5 1070190
Ks9h 0.448631 470992 9128 1070190
Kh9s 0.448592 470936 9143 1070190
Kd9s 0.448591 470942 9135.5 1070190
Kc9s 0.448591 470942 9135.5 1070190
Ks9d 0.448564 470921 9128 1070190
Ks9c 0.448564 470921 9128 1070190
Ks9s 0.447891 470226 9102 1070190
9h8h 0.436493 457500 9630 1070190
9d8d 0.43608 456903 9785 1070190
9c8c 0.435937 456755 9780.5 1070190
Qh9h 0.435026 457047 8513 1070190
Qd9d 0.434847 456773 8595.5 1070190
Qc9c 0.434758 456683 8591 1070190
Kc8h 0.430229 450695 9731.5 1070190
Kd8h 0.430229 450695 9731.5 1070190
Kh8c 0.430165 450617 9741 1070190
Kh8d 0.430165 450617 9741 1070190
Kc8d 0.430162 450624 9731.5 1070190
Kd8c 0.430162 450624 9731.5 1070190
Ks8h 0.42956 450015 9696 1070190
Kh8s 0.429496 449927 9715 1070190
Ks8d 0.429494 449944 9696 1070190
Ks8c 0.429494 449944 9696 1070190
Kd8s 0.429493 449934 9705.5 1070190
Kc8s 0.429493 449934 9705.5 1070190
Ks8s 0.428825 449254 9670 1070190
Kd5d 0.427832 443042 14820 1070190
Kh5h 0.42776 443030 14754 1070190
Kc5c 0.427656 442847 14826.5 1070190
QhJc 0.426256 450736 5439 1070190
QcJd 0.426256 450736 5439 1070190
QdJc 0.426256 450736 5439 1070190
QcJh 0.426256 450736 5439 1070190
QhJd 0.426256 450736 5439 1070190
QdJh 0.426256 450736 5439 1070190
QsJc 0.425513 449966 5413.5 1070190
QsJh 0.425513 449966 5413.5 1070190
QsJd 0.425513 449966 5413.5 1070190
QdJs 0.42551 449960 5416.5 1070190
QcJs 0.42551 449960 5416.5 1070190
QhJs 0.42551 449960 5416.5 1070190
QsJs 0.424767 449190 5391 1070190
Kd4d 0.424349 438596 15538.5 1070190
Kh4h 0.424282 438590 15472.5 1070190
Kc4c 0.424194 438429 15539.5 1070190
Kd3d 0.422578 436700 15538.5 1070190
Kh3h 0.422516 436700 15472.5 1070190
Kc3c 0.422428 436539 15539.5 1070190
Kc7h 0.421339 440754 10159 1070190
Kd7h 0.421339 440754 10159 1070190
Kh7c 0.421278 440677 10170 1070190
Kh7d 0.421278 440677 10170 1070190
Kc7d 0.421273 440683 10159 1070190
Kd7c 0.421273 440683 10159 1070190
Ks7h 0.420701 440108 10122 1070190
Ks7c 0.420635 440037 10122 1070190
Ks7d 0.420635 440037 10122 1070190
Kh7s 0.420603 439981 10144 1070190
Kc7s 0.420598 439987 10133 1070190
Kd7s 0.420598 439987 10133 1070190
Ks7s 0.41996 439341 10096 1070190
9h7h 0.418676 438433 9630 1070190
9d7d 0.41832 437897 9785 1070190
9c7c 0.418173 437744 9780.5 1070190
Qh8h 0.416885 437109 9037 1070190
Qd8d 0.416728 436837 9141.5 1070190
Qc8c 0.416634 436741 9137 1070190
9d8h 0.40924 427825 10140 1070190
9c8h 0.40924 427825 10140 1070190
9h8d 0.409235 427813 10146 1070190
9h8c 0.409235 427813 10146 1070190
9c8d 0.409173 427755 10138 1070190
9d8c 0.409173 427755 10138 1070190
9s8h 0.408623 427205 10099.5 1070190
9h8s 0.408607 427172 10115.5 1070190
9s8c 0.408556 427135 10097.5 1070190
9s8d 0.408556 427135 10097.5 1070190
9c8s 0.408546 427114 10107.5 1070190
9d8s 0.408546 427114 10107.5 1070190
9s8s 0.407928 426494 10067 1070190
Qc9h 0.406229 425742 9000.5 1070190
Qd9h 0.406229 425742 9000.5 1070190
Qh9c 0.406164 425665 9008 1070190
Qh9d 0.406164 425665 9008 1070190
Qc9d 0.406163 425671 9000.5 1070190
Qd9c 0.406163 425671 9000.5 1070190
Qs9h 0.40553 425027 8967.5 1070190
Qh9s 0.405519 425000 8982 1070190
Qd9s 0.405517 425006 8974.5 1070190
Qc9s 0.405517 425006 8974.5 1070190
Qs9d 0.405464 424956 8967.5 1070190
Qs9c 0.405464 424956 8967.5 1070190
Qs9s 0.404818 424291 8941.5 1070190
8h7h 0.401732 420967 8963 1070190
8d7d 0.401467 420544 9101.5 1070190
8c7c 0.401304 420375 9097 1070190
Kh5d 0.398923 411368 15555 1070190
Kd5h 0.398917 411368 15549 1070190
Kc5d 0.39891 411361 15548 1070190
Kc5h 0.39891 411361 15548 1070190
Kh5c 0.398856 411297 15555 1070190
Kd5c 0.398851 411297 15549 1070190
Ks5d 0.398323 410792 15489 1070190
Ks5h 0.398323 410792 15489 1070190
Ks5c 0.398256 410721 15489 1070190
Kh5s 0.398248 410672 15529 1070190
Kd5s 0.398242 410672 15523 1070190
Kc5s 0.398235 410665 15522 1070190
Ks5s 0.397648 410096 15463 1070190
Qh7h 0.397637 416117 9430 1070190
Qd7d 0.397524 415875 9551 1070190
Qc7c 0.397424 415773 9546.5 1070190
Kh4d 0.395327 406760 16315.5 1070190
Kd4h 0.395322 406760 16309.5 1070190
Kc4d 0.395313 406751 16309 1070190
Kc4h 0.395313 406751 16309 1070190
Kh4c 0.395261 406689 16315.5 1070190
Kd4c 0.395256 406689 16309.5 1070190
Ks4d 0.394737 406198 16246 1070190
Ks4h 0.394737 406198 16246 1070190
Ks4c 0.394671 406127 16246 1070190
Kh4s 0.394653 406064 16289.5 1070190
Kd4s 0.394647 406064 16283.5 1070190
Kc4s 0.394638 406055 16283 1070190
Ks4s 0.394063 405502 16220 1070190
Kh3d 0.393511 404816 16315.5 1070190
Kd3h 0.393505 404816 16309.5 1070190
Kc3h 0.393496 404807 16309 1070190
Kc3d 0.393496 404807 16309 1070190
Kh3c 0.393445 404745 16315.5 1070190
Kd3c 0.393439 404745 16309.5 1070190
Ks3d 0.392921 404254 16246 1070190
Ks3h 0.392921 404254 16246 1070190
Ks3c 0.392855 404183 16246 1070190
Kh3s 0.392831 404114 16289.5 1070190
Kd3s 0.392825 404114 16283.5 1070190
Kc3s 0.392816 404105 16283 1070190
Ks3s 0.392241 403552 16220 1070190
9d7h 0.390419 407683 10140 1070190
9c7h 0.390419 407683 10140 1070190
9h7c 0.390418 407675 10146 1070190
9h7d 0.390418 407675 10146 1070190
Jh9h 0.390413 410261 7555 1070190
9c7d 0.390352 407613 10138 1070190
9d7c 0.390352 407613 10138 1070190
Jd9d 0.390217 409969 7637.5 1070190
Jc9c 0.39014 409891 7633 1070190
9s7h 0.389834 407097 10099.5 1070190
9h7s 0.389789 407033 10115.5 1070190
9s7c 0.389767 407027 10097.5 1070190
9s7d 0.389767 407027 10097.5 1070190
9c7s 0.389724 406971 10107.5 1070190
9d7s 0.389724 406971 10107.5 1070190
9s7s 0.389138 406385 10067 1070190
Qc8h 0.387127 404729 9570.5 1070190
Qd8h 0.387127 404729 9570.5 1070190
Qh8c 0.387063 404651 9580 1070190
Qh8d 0.387063 404651 9580 1070190
Qc8d 0.387061 404658 9570.5 1070190
Qd8c 0.387061 404658 9570.5 1070190
Qs8h 0.386461 404051 9535.5 1070190
Qh8s 0.386421 403990 9554 1070190
Qc8s 0.386419 403997 9544.5 1070190
Qd8s 0.386419 403997 9544.5 1070190
Qs8c 0.386394 403980 9535.5 1070190
Qs8d 0.386394 403980 9535.5 1070190
Qs8s 0.385753 403319 9509.5 1070190
Qd5d 0.375861 387578 14665 1070190
Qh5h 0.375794 387572 14599 1070190
Qc5c 0.375696 387395 14671.5 1070190
8c7h 0.372933 389683 9426.5 1070190
8d7h 0.372933 389683 9426.5 1070190
8h7c 0.372929 389674 9431 1070190
8h7d 0.372929 389674 9431 1070190
8c7d 0.372865 389612 9424.5 1070190
8d7c 0.372865 389612 9424.5 1070190
Qd4d 0.372378 383132 15383.5 1070190
8s7h 0.372345 389091 9388.5 1070190
8h7s 0.372329 389062 9400.5 1070190
Qh4h 0.372317 383132 15317.5 1070190
8s7c 0.372276 389020 9386.5 1070190
8s7d 0.372276 389020 9386.5 1070190
Jh8h 0.372272 390323 8079 1070190
8c7s 0.372265 389000 9394 1070190
8d7s 0.372265 389000 9394 1070190
Qc4c 0.372234 382977 15384.5 1070190
Jd8d 0.372099 390033 8183.5 1070190
Jc8c 0.372016 389949 8179 1070190
8s7s 0.371676 388408 9356 1070190
Qd3d 0.370607 381236 15383.5 1070190
Qh3h 0.370551 381242 15317.5 1070190
Qc3c 0.370468 381087 15384.5 1070190
Qc7h 0.366829 382579 9998 1070190
Qd7h 0.366829 382579 9998 1070190
Qh7d 0.366768 382502 10009 1070190
Qh7c 0.366768 382502 10009 1070190
Qc7d 0.366763 382508 9998 1070190
Qd7c 0.366763 382508 9998 1070190
Qs7h 0.366195 381937 9961.5 1070190
Qs7d 0.366129 381866 9961.5 1070190
Qs7c 0.366129 381866 9961.5 1070190
Qh7s 0.366126 381841 9983 1070190
Qc7s 0.366121 381847 9972 1070190
Qd7s 0.366121 381847 9972 1070190
Qs7s 0.365487 381205 9935.5 1070190
Jd9h 0.359568 376824 7982.5 1070190
Jc9h 0.359568 376824 7982.5 1070190
Jh9c 0.359503 376747 7990 1070190
Jh9d 0.359503 376747 7990 1070190
Jd9c 0.359502 376753 7982.5 1070190
Jc9d 0.359502 376753 7982.5 1070190
Jh9s 0.358886 376109 7967.5 1070190
Jc9s 0.358885 376115 7960 1070190
Jd9s 0.358885 376115 7960 1070190
Js9h 0.35887 376109 7950 1070190
Js9c 0.358804 376038 7950 1070190
Js9d 0.358804 376038 7950 1070190
Js9s 0.358186 375400 7927.5 1070190
Jh7h 0.353024 369331 8472 1070190
Jd7d 0.352894 369071 8593 1070190
Jc7c 0.352806 368981 8588.5 1070190
Qh5d 0.34459 353383 15394 1070190
Qd5h 0.344585 353383 15388 1070190
Qc5d 0.344577 353376 15387 1070190
Qc5h 0.344577 353376 15387 1070190
Qh5c 0.344524 353312 15394 1070190
Qd5c 0.344518 353312 15388 1070190
Qs5h 0.343994 352810 15328.5 1070190
Qs5d 0.343994 352810 15328.5 1070190
Qh5s 0.343948 352722 15368 1070190
Qd5s 0.343943 352722 15362 1070190
Qc5s 0.343935 352715 15361 1070190
Qs5c 0.343927 352739 15328.5 1070190
Qs5s 0.343352 352149 15302.5 1070190
Qh4d 0.340995 348775 16154.5 1070190
Qd4h 0.340989 348775 16148.5 1070190
Qc4d 0.340981 348766 16148 1070190
Qc4h 0.340981 348766 16148 1070190
Qh4c 0.340929 348704 16154.5 1070190
Qd4c 0.340923 348704 16148.5 1070190
Jc8h 0.340466 355811 8552.5 1070190
Jd8h 0.340466 355811 8552.5 1070190
Qs4d 0.340408 348216 16085.5 1070190
Qs4h 0.340408 348216 16085.5 1070190
Jh8c 0.340402 355733 8562 1070190
Jh8d 0.340402 355733 8562 1070190
Jd8c 0.3404 355740 8552.5 1070190
Jc8d 0.3404 355740 8552.5 1070190
Qh4s 0.340353 348114 16128.5 1070190
Qd4s 0.340348 348114 16122.5 1070190
Qs4c 0.340342 348145 16085.5 1070190
Qc4s 0.340339 348105 16122 1070190
Js8h 0.3398 355133 8518 1070190
Jh8s 0.339789 355099 8539.5 1070190
Jd8s 0.339786 355106 8530 1070190
Jc8s 0.339786 355106 8530 1070190
Qs4s 0.339766 347555 16059.5 1070190
Js8c 0.339734 355062 8518 1070190
Js8d 0.339734 355062 8518 1070190
Qh3d 0.339179 346831 16154.5 1070190
Qd3h 0.339173 346831 16148.5 1070190
Qc3h 0.339164 346822 16148 1070190
Qc3d 0.339164 346822 16148 1070190
Js8s 0.339121 354428 8495.5 1070190
Qh3c 0.339112 346760 16154.5 1070190
Qd3c 0.339107 346760 16148.5 1070190
Qs3h 0.338592 346272 16085.5 1070190
Qs3d 0.338592 346272 16085.5 1070190
Qh3s 0.338531 346164 16128.5 1070190
Qd3s 0.338525 346164 16122.5 1070190
Qs3c 0.338525 346201 16085.5 1070190
Qc3s 0.338517 346155 16122 1070190
Qs3s 0.337944 345605 16059.5 1070190
5d4d 0.337376 349056 12000.5 1070190
5h4h 0.3372 348946 11922.5 1070190
5c4c 0.337129 348754 12038.5 1070190
Jd5d 0.330315 338990 14510 1070190
Jh5h 0.330254 338990 14444 1070190
Jc5c 0.330161 338819 14516.5 1070190
Jd4d 0.326832 334544 15228.5 1070190
Jh4h 0.326776 334550 15162.5 1070190
Jc4c 0.326699 334401 15229.5 1070190
5d3d 0.325392 336231 12000.5 1070190
5h3h 0.325241 336147 11922.5 1070190
5c3c 0.32517 335955 12038.5 1070190
Jd3d 0.325061 332648 15228.5 1070190
Jh3h 0.32501 332660 15162.5 1070190
Jc3c 0.324933 332511 15229.5 1070190
Jd7h 0.320168 333661 8980 1070190
Jc7h 0.320168 333661 8980 1070190
Jh7d 0.320107 333584 8991 1070190
Jh7c 0.320107 333584 8991 1070190
Jd7c 0.320102 333590 8980 1070190
Jc7d 0.320102 333590 8980 1070190
Js7h 0.319535 333019 8944 1070190
Jh7s 0.319493 332950 8968.5 1070190
Jc7s 0.319489 332956 8957.5 1070190
Jd7s 0.319489 332956 8957.5 1070190
Js7d 0.319469 332948 8944 1070190
Js7c 0.319469 332948 8944 1070190
Js7s 0.318855 332314 8921.5 1070190
4d3d 0.3158 329042 8923.5 1070190
4c3c 0.315744 328901 9005.5 1070190
4h3h 0.315649 328959 8845.5 1070190
5h4d 0.306945 315997 12493 1070190
5d4h 0.306945 315997 12493 1070190
5h4c 0.306881 315932 12489 1070190
5d4c 0.30688 315932 12487.5 1070190
5c4h 0.306877 315924 12493 1070190
5c4d 0.306876 315924 12491.5 1070190
5s4h 0.306405 315467 12445 1070190
5s4d 0.306404 315467 12443.5 1070190
5h4s 0.306393 315440 12458.5 1070190
5d4s 0.306391 315440 12457 1070190
5s4c 0.30634 315402 12439.5 1070190
5c4s 0.306323 315367 12457 1070190
5s4s 0.305851 314910 12409 1070190
Jh5d 0.296951 302561 15233 1070190
Jd5h 0.296945 302561 15227 1070190
Jc5d 0.296938 302554 15226 1070190
Jc5h 0.296938 302554 15226 1070190
Jh5c 0.296885 302490 15233 1070190
Jd5c 0.296879 302490 15227 1070190
Js5h 0.296355 301988 15168 1070190
Js5d 0.296355 301988 15168 1070190
Jh5s 0.296342 301935 15207 1070190
Jd5s 0.296336 301935 15201 1070190
Jc5s 0.296329 301928 15200 1070190
Js5c 0.296289 301917 15168 1070190
Js5s 0.295746 301362 15142 1070190
9h5h 0.29503 300565 15173 1070190
9d5d 0.294834 300244 15284 1070190
9c5c 0.294662 300054 15290.5 1070190
5d3h 0.294241 302401 12493 1070190
5h3d 0.294241 302401 12493 1070190
5h3c 0.294177 302336 12489 1070190
5d3c 0.294175 302336 12487.5 1070190
5c3h 0.294173 302328 12493 1070190
5c3d 0.294172 302328 12491.5 1070190
5s3h 0.293708 301878 12445 1070190
5s3d 0.293706 301878 12443.5 1070190
5h3s 0.293689 301845 12458.5 1070190
5d3s 0.293688 301845 12457 1070190
5s3c 0.293642 301813 12439.5 1070190
5c3s 0.29362 301772 12457 1070190
Jh4d 0.293356 297953 15993.5 1070190
Jd4h 0.29335 297953 15987.5 1070190
Jc4h 0.293341 297944 15987 1070190
Jc4d 0.293341 297944 15987 1070190
Jh4c 0.29329 297882 15993.5 1070190
Jd4c 0.293284 297882 15987.5 1070190
5s3s 0.293154 301322 12409 1070190
Js4d 0.29277 297394 15925 1070190
Js4h 0.29277 297394 15925 1070190
Jh4s 0.292747 297327 15967.5 1070190
Jd4s 0.292741 297327 15961.5 1070190
Jc4s 0.292732 297318 15961 1070190
Js4c 0.292703 297323 15925 1070190
Js4s 0.29216 296768 15899 1070190
9h4h 0.291552 296125 15891.5 1070190
Jh3d 0.291539 296009 15993.5 1070190
Jd3h 0.291534 296009 15987.5 1070190
Jc3h 0.291525 296000 15987 1070190
Jc3d 0.291525 296000 15987 1070190
Jh3c 0.291473 295938 15993.5 1070190
Jd3c 0.291467 295938 15987.5 1070190
9d4d 0.291333 295779 16002.5 1070190
9c4c 0.2912 295636 16003.5 1070190
Js3h 0.290953 295450 15925 1070190
Js3d 0.290953 295450 15925 1070190
Jh3s 0.290925 295377 15967.5 1070190
Jd3s 0.290919 295377 15961.5 1070190
Jc3s 0.29091 295368 15961 1070190
Js3c 0.290887 295379 15925 1070190
Js3s 0.290338 294818 15899 1070190
9h3h 0.289842 294295 15891.5 1070190
9d3d 0.289617 293943 16002.5 1070190
9c3c 0.28949 293806 16003.5 1070190
4h3d 0.28421 294905 9254 1070190
4d3h 0.28421 294905 9254 1070190
4h3c 0.284138 294832 9250 1070190
4c3h 0.284138 294832 9250 1070190
4c3d 0.284137 294832 9248.5 1070190
4d3c 0.284137 294832 9248.5 1070190
4s3h 0.283689 294382 9219.5 1070190
4s3d 0.283688 294382 9218 1070190
4h3s 0.283685 294377 9219.5 1070190
4d3s 0.283683 294377 9218 1070190
4s3c 0.283616 294309 9214 1070190
4c3s 0.283611 294304 9214 1070190
4s3s 0.283162 293854 9183.5 1070190
8h5h 0.277646 282628 14506 1070190
8d5d 0.277538 282418 14600.5 1070190
8c5c 0.277353 282213 14607 1070190
8h4h 0.274252 278366 15135.5 1070190
8d4d 0.27412 278131 15230 1070190
8c4c 0.273974 277973 15231 1070190
9h5d 0.261022 263326 16017 1070190
9d5h 0.260958 263260 16015 1070190
9h5c 0.260956 263255 16017 1070190
9c5h 0.260951 263253 16014 1070190
9c5d 0.260943 263247 16012 1070190
9d5c 0.260885 263183 16013 1070190
9s5h 0.260457 262782 15956 1070190
9s5d 0.260449 262776 15954 1070190
9h5s 0.260447 262737 15991 1070190
9s5c 0.260383 262705 15954 1070190
9d5s 0.260376 262665 15987 1070190
9c5s 0.260369 262658 15986 1070190
9s5s 0.259874 262187 15928 1070190
8h3h 0.259252 262313 15135.5 1070190
8d3d 0.259095 262051 15230 1070190
8c3c 0.258974 261920 15231 1070190
9h4d 0.257427 258718 16777.5 1070190
9d4h 0.257363 258652 16775.5 1070190
9h4c 0.25736 258647 16777.5 1070190
9c4h 0.257354 258643 16775 1070190
9c4d 0.257347 258637 16773 1070190
9d4c 0.257289 258575 16773.5 1070190
9s4h 0.256871 258188 16713 1070190
9s4d 0.256864 258182 16711 1070190
9h4s 0.256852 258129 16751.5 1070190
9s4c 0.256797 258111 16711 1070190
9d4s 0.256781 258057 16747.5 1070190
9c4s 0.256772 258048 16747 1070190
9s4s 0.256289 257593 16685 1070190
9h3d 0.255669 256837 16777.5 1070190
9d3h 0.255606 256771 16775.5 1070190
9h3c 0.255603 256766 16777.5 1070190
9c3h 0.255597 256762 16775 1070190
9c3d 0.255589 256756 16773 1070190
9d3c 0.255532 256694 16773.5 1070190
9s3h 0.255114 256307 16713 1070190
9s3d 0.255106 256301 16711 1070190
9h3s 0.25509 256243 16751.5 1070190
9s3c 0.25504 256230 16711 1070190
9d3s 0.255019 256171 16747.5 1070190
9c3s 0.25501 256162 16747 1070190
9s3s 0.254527 255707 16685 1070190
7h5h 0.254527 259356 13036 1070190
7d5d 0.254494 259243 13114 1070190
7c5c 0.254294 259022 13120.5 1070190
7h4h 0.251133 255094 13665.5 1070190
7d4d 0.251076 254956 13743.5 1070190
7c4c 0.250915 254782 13744.5 1070190
8h5d 0.243106 244868 15302 1070190
8d5h 0.243045 244803 15301.5 1070190
8h5c 0.24304 244797 15302 1070190
8c5h 0.243038 244796 15300.5 1070190
8c5d 0.243029 244789 15298.5 1070190
8d5c 0.24297 244725 15299.5 1070190
8h5s 0.242557 244306 15276 1070190
8s5h 0.242542 244321 15245 1070190
8s5d 0.242534 244314 15243 1070190
8d5s 0.242487 244234 15273.5 1070190
8c5s 0.24248 244227 15272.5 1070190
8s5c 0.242467 244243 15243 1070190
8s5s 0.241984 243752 15217 1070190
8h4d 0.2396 240450 15967.5 1070190
8d4h 0.239539 240385 15967 1070190
8h4c 0.239534 240379 15967.5 1070190
8c4h 0.23953 240376 15966.5 1070190
8c4d 0.239521 240369 15964.5 1070190
8d4c 0.239464 240307 15965 1070190
8h4s 0.239051 239888 15941.5 1070190
8s4h 0.239045 239916 15907.5 1070190
8s4d 0.239037 239909 15905.5 1070190
8d4s 0.238981 239816 15939 1070190
8c4s 0.238972 239807 15938.5 1070190
8s4c 0.23897 239838 15905.5 1070190
8s4s 0.238487 239347 15879.5 1070190
7h3h 0.236132 239041 13665.5 1070190
7d3d 0.236051 238876 13743.5 1070190
7c3c 0.235915 238729 13744.5 1070190
8h3d 0.223714 223449 15967.5 1070190
8d3h 0.223653 223384 15967 1070190
8h3c 0.223648 223378 15967.5 1070190
8c3h 0.223644 223375 15966.5 1070190
8c3d 0.223636 223368 15964.5 1070190
8d3c 0.223578 223306 15965 1070190
8h3s 0.223167 222890 15941.5 1070190
8s3h 0.223165 222921 15907.5 1070190
8s3d 0.223156 222914 15905.5 1070190
8d3s 0.223098 222818 15939 1070190
8s3c 0.22309 222843 15905.5 1070190
8c3s 0.223089 222809 15938.5 1070190
8s3s 0.22261 222355 15879.5 1070190
7h5d 0.218956 220594 13730 1070190
7d5h 0.218897 220530 13731 1070190
7c5h 0.218889 220523 13730 1070190
7h5c 0.218889 220523 13730 1070190
7c5d 0.21888 220515 13728 1070190
7d5c 0.218821 220451 13729 1070190
7h5s 0.218435 220059 13707.5 1070190
7s5h 0.218393 220045 13677 1070190
7s5d 0.218384 220037 13675 1070190
7d5s 0.218366 219987 13706.5 1070190
7c5s 0.218359 219980 13705.5 1070190
7s5c 0.218317 219966 13675 1070190
7s5s 0.217863 219502 13652.5 1070190
7h4d 0.215449 216176 14395.5 1070190
7d4h 0.21539 216112 14396.5 1070190
7h4c 0.215383 216105 14395.5 1070190
7c4h 0.215381 216103 14396 1070190
7c4d 0.215372 216095 14394 1070190
7d4c 0.215315 216033 14394.5 1070190
7h4s 0.214928 215641 14373 1070190
7s4h 0.214896 215640 14339.5 1070190
7s4d 0.214887 215632 14337.5 1070190
7d4s 0.21486 215569 14372 1070190
7c4s 0.214851 215560 14371.5 1070190
7s4c 0.21482 215561 14337.5 1070190
7s4s 0.214366 215097 14315 1070190
7h3d 0.199563 199175 14395.5 1070190
7d3h 0.199504 199111 14396.5 1070190
7h3c 0.199497 199104 14395.5 1070190
7c3h 0.199495 199102 14396 1070190
7c3d 0.199486 199094 14394 1070190
7d3c 0.199429 199032 14394.5 1070190
7h3s 0.199045 198643 14373 1070190
7s3h 0.199016 198645 14339.5 1070190
7s3d 0.199006 198637 14337.5 1070190
7d3s 0.198977 198571 14372 1070190
7c3s 0.198968 198562 14371.5 1070190
7s3c 0.19894 198566 14337.5 1070190
7s3s 0.198488 198105 14315 1070190
