Ac9c 0.98246 1051419 0 1070190
Ac6c 0.982418 1051374 0 1070190
AcTc 0.982219 1051161 0 1070190
Ac5c 0.982177 1051116 0 1070190
AcJc 0.981977 1050902 0 1070190
Ac4c 0.981936 1050858 0 1070190
Ac3c 0.981695 1050600 0 1070190
AcQc 0.981695 1050600 0 1070190
AcKc 0.981695 1050600 0 1070190
Kc9c 0.965648 1033427 0 1070190
Kc6c 0.965606 1033382 0 1070190
KcTc 0.965369 1033128 0 1070190
Kc5c 0.96533 1033086 0 1070190
KcJc 0.965088 1032828 0 1070190
Kc4c 0.96505 1032787 0 1070190
Kc3c 0.964772 1032489 0 1070190
KcQc 0.964769 1032486 0 1070190
Qc9c 0.949761 1016425 0 1070190
Qc6c 0.949719 1016380 0 1070190
QcTc 0.949444 1016086 0 1070190
Qc5c 0.949405 1016044 0 1070190
QcJc 0.949127 1015746 0 1070190
Qc4c 0.949088 1015705 0 1070190
Qc3c 0.948774 1015368 0 1070190
Jc9c 0.940298 1006298 0 1070190
JcTc 0.940022 1006002 0 1070190
Jc6c 0.934996 1000623 0 1070190
Jc5c 0.934796 1000409 0 1070190
Jc4c 0.934442 1000031 0 1070190
Jc3c 0.934092 999656 0 1070190
Tc9c 0.933445 998964 0 1070190
Tc6c 0.928102 993245 0 1070190
9c6c 0.923704 988539 0 1070190
Tc5c 0.920916 985555 0 1070190
Tc4c 0.920715 985340 0 1070190
Tc3c 0.92033 984928 0 1070190
9c5c 0.916518 980848 0 1070190
6c5c 0.914565 978758 0 1070190
9c4c 0.907719 971432 0 1070190
9c3c 0.907524 971223 0 1070190
6c4c 0.905848 969429 0 1070190
6c3c 0.89548 958334 0 1070190
5c4c 0.894458 957240 0 1070190
5c3c 0.88417 946230 0 1070190
AdAc 0.883253 944934 315 1070190
AsAc 0.883253 944934 315 1070190
AhAc 0.883253 944934 315 1070190
4c3c 0.873515 934827 0 1070190
KdKc 0.857922 917825 315 1070190
KhKc 0.857922 917825 315 1070190
KsKc 0.857922 917825 315 1070190
Ac8d 0.84185 898578 2361 1070190
Ac8s 0.84185 898578 2361 1070190
Ac8h 0.84185 898578 2361 1070190
QdQc 0.833165 891330 315 1070190
QhQc 0.833165 891330 315 1070190
QsQc 0.833165 891330 315 1070190
8s8d 0.825196 868131 14985 1070190
8s8h 0.825196 868131 14985 1070190
8h8d 0.825196 868131 14985 1070190
Kc8s 0.82388 878744 2964 1070190
Kc8h 0.82388 878744 2964 1070190
Kc8d 0.82388 878744 2964 1070190
7s7h 0.820333 862863 15049.5 1070190
7s7d 0.820333 862863 15049.5 1070190
7h7d 0.820333 862863 15049.5 1070190
JdJc 0.814767 871289 666 1070190
JhJc 0.814767 871289 666 1070190
JsJc 0.814767 871289 666 1070190
2h2d 0.812794 854739 15105 1070190
2s2h 0.812794 854739 15105 1070190
2s2d 0.812794 854739 15105 1070190
Qc8s 0.806459 859569 3495 1070190
Qc8h 0.806459 859569 3495 1070190
Qc8d 0.806459 859569 3495 1070190
Ac7h 0.80184 855603 2518.5 1070190
Ac7s 0.80184 855603 2518.5 1070190
Ac7d 0.80184 855603 2518.5 1070190
TdTc 0.79621 851079 1017 1070190
ThTc 0.79621 851079 1017 1070190
TsTc 0.79621 851079 1017 1070190
Jc8d 0.794201 845492 4453.5 1070190
Jc8h 0.794201 845492 4453.5 1070190
Jc8s 0.794201 845492 4453.5 1070190
Kc7s 0.783871 835769 3121.5 1070190
Kc7h 0.783871 835769 3121.5 1070190
Kc7d 0.783871 835769 3121.5 1070190
Tc8s 0.781179 830670 5340 1070190
Tc8h 0.781179 830670 5340 1070190
Tc8d 0.781179 830670 5340 1070190
9s9c 0.778575 831855 1368 1070190
9h9c 0.778575 831855 1368 1070190
9d9c 0.778575 831855 1368 1070190
9c8s 0.768162 815925 6154.5 1070190
9c8d 0.768162 815925 6154.5 1070190
9c8h 0.768162 815925 6154.5 1070190
Qc7s 0.766449 816594 3652.5 1070190
Qc7h 0.766449 816594 3652.5 1070190
Qc7d 0.766449 816594 3652.5 1070190
Jc7h 0.75457 802922 4611 1070190
Jc7d 0.75457 802922 4611 1070190
Jc7s 0.75457 802922 4611 1070190
8d7d 0.745106 779712 17693 1070190
8h7s 0.745106 779712 17693 1070190
8s7d 0.745106 779712 17693 1070190
8s7h 0.745106 779712 17693 1070190
8s7s 0.745106 779712 17693 1070190
8h7h 0.745106 779712 17693 1070190
8h7d 0.745106 779712 17693 1070190
8d7h 0.745106 779712 17693 1070190
8d7s 0.745106 779712 17693 1070190
Tc7s 0.742028 788613 5497.5 1070190
Tc7h 0.742028 788613 5497.5 1070190
Tc7d 0.742028 788613 5497.5 1070190
8d6c 0.740617 783701 8899.5 1070190
8h6c 0.740617 783701 8899.5 1070190
8s6c 0.740617 783701 8899.5 1070190
8h2h 0.730142 761157 20234 1070190
8h2d 0.730142 761157 20234 1070190
8h2s 0.730142 761157 20234 1070190
8d2d 0.730142 761157 20234 1070190
8d2h 0.730142 761157 20234 1070190
8s2d 0.730142 761157 20234 1070190
8s2h 0.730142 761157 20234 1070190
8s2s 0.730142 761157 20234 1070190
8d2s 0.730142 761157 20234 1070190
9c7s 0.72949 774381 6312 1070190
9c7d 0.72949 774381 6312 1070190
9c7h 0.72949 774381 6312 1070190
8d5c 0.723294 765116 8946 1070190
8h5c 0.723294 765116 8946 1070190
8s5c 0.723294 765116 8946 1070190
Ac2d 0.722936 770544 3135 1070190
Ac2h 0.722936 770544 3135 1070190
Ac2s 0.722936 770544 3135 1070190
7d2s 0.715337 745305 20241.5 1070190
7h2d 0.715337 745305 20241.5 1070190
7h2h 0.715337 745305 20241.5 1070190
7h2s 0.715337 745305 20241.5 1070190
7d2h 0.715337 745305 20241.5 1070190
7s2d 0.715337 745305 20241.5 1070190
7s2h 0.715337 745305 20241.5 1070190
7s2s 0.715337 745305 20241.5 1070190
7d2d 0.715337 745305 20241.5 1070190
8h4c 0.707327 748210 8764.5 1070190
8s4c 0.707327 748210 8764.5 1070190
8d4c 0.707327 748210 8764.5 1070190
Kc2h 0.703932 749684 3657 1070190
Kc2s 0.703932 749684 3657 1070190
Kc2d 0.703932 749684 3657 1070190
7d6c 0.700734 741086 8832 1070190
7h6c 0.700734 741086 8832 1070190
7s6c 0.700734 741086 8832 1070190
AsAd 0.696973 730593 15300 1070190
AsAh 0.696973 730593 15300 1070190
AhAd 0.696973 730593 15300 1070190
8d3c 0.692869 733218 8283 1070190
8h3c 0.692869 733218 8283 1070190
8s3c 0.692869 733218 8283 1070190
Qc2s 0.685603 729618 4107 1070190
Qc2h 0.685603 729618 4107 1070190
Qc2d 0.685603 729618 4107 1070190
7d5c 0.682932 721988 8878.5 1070190
7h5c 0.682932 721988 8878.5 1070190
7s5c 0.682932 721988 8878.5 1070190
KsKh 0.681087 713592 15300 1070190
KsKd 0.681087 713592 15300 1070190
KhKd 0.681087 713592 15300 1070190
AcKh 0.678038 721404 4225.5 1070190
AcKd 0.678038 721404 4225.5 1070190
AcKs 0.678038 721404 4225.5 1070190
Jc2h 0.673471 715757 4984.5 1070190
Jc2s 0.673471 715757 4984.5 1070190
Jc2d 0.673471 715757 4984.5 1070190
Ac9d 0.673251 714918 5589 1070190
Ac9h 0.673251 714918 5589 1070190
Ac9s 0.673251 714918 5589 1070190
AcTd 0.672911 715008 5134.5 1070190
AcTh 0.672911 715008 5134.5 1070190
AcTs 0.672911 715008 5134.5 1070190
AcJh 0.67264 715173 4680 1070190
AcJs 0.67264 715173 4680 1070190
AcJd 0.67264 715173 4680 1070190
AcQs 0.671961 714900 4225.5 1070190
AcQd 0.671961 714900 4225.5 1070190
AcQh 0.671961 714900 4225.5 1070190
7d4c 0.666485 704569 8697 1070190
7s4c 0.666485 704569 8697 1070190
7h4c 0.666485 704569 8697 1070190
QhQd 0.665806 697239 15300 1070190
QsQd 0.665806 697239 15300 1070190
QsQh 0.665806 697239 15300 1070190
AhKc 0.664556 707084 4117.5 1070190
AsKc 0.664556 707084 4117.5 1070190
AdKc 0.664556 707084 4117.5 1070190
Tc2d 0.661298 701925 5790 1070190
Tc2s 0.661298 701925 5790 1070190
Tc2h 0.661298 701925 5790 1070190
JhJd 0.659921 690530 15711 1070190
JsJh 0.659921 690530 15711 1070190
JsJd 0.659921 690530 15711 1070190
6s6c 0.656156 700709 1503 1070190
6d6c 0.656156 700709 1503 1070190
6h6c 0.656156 700709 1503 1070190
ThTd 0.653428 683170 16122 1070190
TsTd 0.653428 683170 16122 1070190
TsTh 0.653428 683170 16122 1070190
7s3c 0.651648 689172 8215.5 1070190
7h3c 0.651648 689172 8215.5 1070190
7d3c 0.651648 689172 8215.5 1070190
Ac6s 0.650876 685257 11304 1070190
Ac6h 0.650876 685257 11304 1070190
Ac6d 0.650876 685257 11304 1070190
9c2s 0.649694 688773 6523.5 1070190
9c2h 0.649694 688773 6523.5 1070190
9c2d 0.649694 688773 6523.5 1070190
9s9d 0.647823 676761 16533 1070190
9s9h 0.647823 676761 16533 1070190
9h9d 0.647823 676761 16533 1070190
Ac5d 0.647118 680862 11677.5 1070190
Ac5h 0.647118 680862 11677.5 1070190
Ac5s 0.647118 680862 11677.5 1070190
AsQc 0.645377 686559 4117.5 1070190
AdQc 0.645377 686559 4117.5 1070190
AhQc 0.645377 686559 4117.5 1070190
Ac4s 0.638598 671730 11691 1070190
Ac4d 0.638598 671730 11691 1070190
Ac4h 0.638598 671730 11691 1070190
As8d 0.63848 665319 17976 1070190
As8h 0.63848 665319 17976 1070190
As8s 0.63848 665319 17976 1070190
Ad8d 0.63848 665319 17976 1070190
Ah8d 0.63848 665319 17976 1070190
Ah8h 0.63848 665319 17976 1070190
Ah8s 0.63848 665319 17976 1070190
Ad8s 0.63848 665319 17976 1070190
Ad8h 0.63848 665319 17976 1070190
Kh8h 0.632386 658041 18732 1070190
Kd8d 0.632386 658041 18732 1070190
Kd8h 0.632386 658041 18732 1070190
Kd8s 0.632386 658041 18732 1070190
Kh8d 0.632386 658041 18732 1070190
Kh8s 0.632386 658041 18732 1070190
Ks8s 0.632386 658041 18732 1070190
Ks8h 0.632386 658041 18732 1070190
Ks8d 0.632386 658041 18732 1070190
AdJc 0.632283 672059 4603.5 1070190
AsJc 0.632283 672059 4603.5 1070190
AhJc 0.632283 672059 4603.5 1070190
Ac3s 0.631193 664260 11236.5 1070190
Ac3d 0.631193 664260 11236.5 1070190
Ac3h 0.631193 664260 11236.5 1070190
9d8d 0.630742 652236 22777.5 1070190
9s8s 0.630742 652236 22777.5 1070190
9s8h 0.630742 652236 22777.5 1070190
9s8d 0.630742 652236 22777.5 1070190
9h8s 0.630742 652236 22777.5 1070190
9h8h 0.630742 652236 22777.5 1070190
9h8d 0.630742 652236 22777.5 1070190
9d8s 0.630742 652236 22777.5 1070190
9d8h 0.630742 652236 22777.5 1070190
Th8s 0.630248 652744 21741 1070190
Ts8d 0.630248 652744 21741 1070190
Th8h 0.630248 652744 21741 1070190
Ts8h 0.630248 652744 21741 1070190
Ts8s 0.630248 652744 21741 1070190
Td8d 0.630248 652744 21741 1070190
Td8h 0.630248 652744 21741 1070190
Td8s 0.630248 652744 21741 1070190
Th8d 0.630248 652744 21741 1070190
Jh8s 0.629297 652853 20614.5 1070190
Jd8d 0.629297 652853 20614.5 1070190
Jh8d 0.629297 652853 20614.5 1070190
Jh8h 0.629297 652853 20614.5 1070190
Js8d 0.629297 652853 20614.5 1070190
Js8h 0.629297 652853 20614.5 1070190
Js8s 0.629297 652853 20614.5 1070190
Jd8s 0.629297 652853 20614.5 1070190
Jd8h 0.629297 652853 20614.5 1070190
5d5c 0.628009 670973 1116 1070190
5h5c 0.628009 670973 1116 1070190
5s5c 0.628009 670973 1116 1070190
Qh8d 0.626847 651447 19398 1070190
Qh8h 0.626847 651447 19398 1070190
Qh8s 0.626847 651447 19398 1070190
Qd8s 0.626847 651447 19398 1070190
Qs8s 0.626847 651447 19398 1070190
Qs8h 0.626847 651447 19398 1070190
Qs8d 0.626847 651447 19398 1070190
Qd8h 0.626847 651447 19398 1070190
Qd8d 0.626847 651447 19398 1070190
6c2h 0.625438 658994 10344 1070190
6c2d 0.625438 658994 10344 1070190
6c2s 0.625438 658994 10344 1070190
Kc9h 0.621559 659759 5427 1070190
Kc9d 0.621559 659759 5427 1070190
Kc9s 0.621559 659759 5427 1070190
KcTd 0.620873 659480 4972.5 1070190
KcTh 0.620873 659480 4972.5 1070190
KcTs 0.620873 659480 4972.5 1070190
KcJs 0.620258 659276 4518 1070190
KcJd 0.620258 659276 4518 1070190
KcJh 0.620258 659276 4518 1070190
KcQd 0.61936 658769 4063.5 1070190
KcQh 0.61936 658769 4063.5 1070190
KcQs 0.61936 658769 4063.5 1070190
AdTc 0.619089 657453 5089.5 1070190
AhTc 0.619089 657453 5089.5 1070190
AsTc 0.619089 657453 5089.5 1070190
Tc9s 0.618584 656823 5179.5 1070190
Tc9d 0.618584 656823 5179.5 1070190
Tc9h 0.618584 656823 5179.5 1070190
8d6s 0.609252 625224 26791.5 1070190
8d6d 0.609252 625224 26791.5 1070190
8s6s 0.609252 625224 26791.5 1070190
8s6h 0.609252 625224 26791.5 1070190
8s6d 0.609252 625224 26791.5 1070190
8h6s 0.609252 625224 26791.5 1070190
8d6h 0.609252 625224 26791.5 1070190
8h6h 0.609252 625224 26791.5 1070190
8h6d 0.609252 625224 26791.5 1070190
5c2s 0.608133 640919 9898.5 1070190
5c2h 0.608133 640919 9898.5 1070190
5c2d 0.608133 640919 9898.5 1070190
Ad9c 0.606303 643284 5575.5 1070190
As9c 0.606303 643284 5575.5 1070190
Ah9c 0.606303 643284 5575.5 1070190
KhQc 0.605985 644550 3969 1070190
KsQc 0.605985 644550 3969 1070190
KdQc 0.605985 644550 3969 1070190
Ts9c 0.605639 643023 5125.5 1070190
Th9c 0.605639 643023 5125.5 1070190
Td9c 0.605639 643023 5125.5 1070190
8s5d 0.600559 615754 26958 1070190
8s5h 0.600559 615754 26958 1070190
8d5s 0.600559 615754 26958 1070190
8d5h 0.600559 615754 26958 1070190
8h5s 0.600559 615754 26958 1070190
8h5d 0.600559 615754 26958 1070190
8h5h 0.600559 615754 26958 1070190
8d5d 0.600559 615754 26958 1070190
8s5s 0.600559 615754 26958 1070190
4s4c 0.599292 640627 729 1070190
4d4c 0.599292 640627 729 1070190
4h4c 0.599292 640627 729 1070190
Kc6d 0.599082 629990 11142 1070190
Kc6h 0.599082 629990 11142 1070190
Kc6s 0.599082 629990 11142 1070190
8s4h 0.593298 608147 26794.5 1070190
8s4s 0.593298 608147 26794.5 1070190
8s4d 0.593298 608147 26794.5 1070190
8h4d 0.593298 608147 26794.5 1070190
8d4d 0.593298 608147 26794.5 1070190
8d4h 0.593298 608147 26794.5 1070190
8d4s 0.593298 608147 26794.5 1070190
8h4h 0.593298 608147 26794.5 1070190
8h4s 0.593298 608147 26794.5 1070190
KhJc 0.593117 630293 4455 1070190
KdJc 0.593117 630293 4455 1070190
KsJc 0.593117 630293 4455 1070190
Jc9s 0.592405 628991 4995 1070190
Jc9h 0.592405 628991 4995 1070190
Jc9d 0.592405 628991 4995 1070190
JcTd 0.592235 629264 4540.5 1070190
JcTh 0.592235 629264 4540.5 1070190
JcTs 0.592235 629264 4540.5 1070190
4c2s 0.591266 623422 9345 1070190
4c2h 0.591266 623422 9345 1070190
4c2d 0.591266 623422 9345 1070190
Kc5s 0.589244 619088 11515.5 1070190
Kc5h 0.589244 619088 11515.5 1070190
Kc5d 0.589244 619088 11515.5 1070190
8h3h 0.587831 602898 26193 1070190
8h3d 0.587831 602898 26193 1070190
8d3h 0.587831 602898 26193 1070190
8h3s 0.587831 602898 26193 1070190
8s3s 0.587831 602898 26193 1070190
8s3h 0.587831 602898 26193 1070190
8s3d 0.587831 602898 26193 1070190
8d3s 0.587831 602898 26193 1070190
8d3d 0.587831 602898 26193 1070190
As7h 0.58083 603489 18109.5 1070190
Ad7d 0.58083 603489 18109.5 1070190
Ad7h 0.58083 603489 18109.5 1070190
Ad7s 0.58083 603489 18109.5 1070190
As7d 0.58083 603489 18109.5 1070190
As7s 0.58083 603489 18109.5 1070190
Ah7s 0.58083 603489 18109.5 1070190
Ah7h 0.58083 603489 18109.5 1070190
Ah7d 0.58083 603489 18109.5 1070190
Kc4d 0.580379 609587 11529 1070190
Kc4h 0.580379 609587 11529 1070190
Kc4s 0.580379 609587 11529 1070190
KhTc 0.580276 616065 4941 1070190
KsTc 0.580276 616065 4941 1070190
KdTc 0.580276 616065 4941 1070190
JhTc 0.578945 615108 4473 1070190
JsTc 0.578945 615108 4473 1070190
JdTc 0.578945 615108 4473 1070190
3c2h 0.575268 606891 8755.5 1070190
3c2s 0.575268 606891 8755.5 1070190
3c2d 0.575268 606891 8755.5 1070190
9h7d 0.575085 592539 22911 1070190
9h7h 0.575085 592539 22911 1070190
9h7s 0.575085 592539 22911 1070190
9s7d 0.575085 592539 22911 1070190
9s7h 0.575085 592539 22911 1070190
9s7s 0.575085 592539 22911 1070190
9d7s 0.575085 592539 22911 1070190
9d7h 0.575085 592539 22911 1070190
9d7d 0.575085 592539 22911 1070190
Qc9d 0.574893 610434 4810.5 1070190
Qc9h 0.574893 610434 4810.5 1070190
Qc9s 0.574893 610434 4810.5 1070190
Ks7s 0.574736 596211 18865.5 1070190
Kh7s 0.574736 596211 18865.5 1070190
Ks7d 0.574736 596211 18865.5 1070190
Ks7h 0.574736 596211 18865.5 1070190
Kh7h 0.574736 596211 18865.5 1070190
Kd7h 0.574736 596211 18865.5 1070190
Kd7d 0.574736 596211 18865.5 1070190
Kd7s 0.574736 596211 18865.5 1070190
Kh7d 0.574736 596211 18865.5 1070190
QcTd 0.573989 609921 4356 1070190
QcTh 0.573989 609921 4356 1070190
QcTs 0.573989 609921 4356 1070190
Td7h 0.573876 592282 21874.5 1070190
Th7h 0.573876 592282 21874.5 1070190
Th7s 0.573876 592282 21874.5 1070190
Th7d 0.573876 592282 21874.5 1070190
Td7s 0.573876 592282 21874.5 1070190
Ts7d 0.573876 592282 21874.5 1070190
Ts7h 0.573876 592282 21874.5 1070190
Td7d 0.573876 592282 21874.5 1070190
Ts7s 0.573876 592282 21874.5 1070190
Kc3d 0.573395 602567 11074.5 1070190
Kc3s 0.573395 602567 11074.5 1070190
Kc3h 0.573395 602567 11074.5 1070190
QcJs 0.573155 609483 3901.5 1070190
QcJd 0.573155 609483 3901.5 1070190
QcJh 0.573155 609483 3901.5 1070190
9c6s 0.572513 602757 9940.5 1070190
9c6h 0.572513 602757 9940.5 1070190
9c6d 0.572513 602757 9940.5 1070190
Js7d 0.572211 591626 20748 1070190
Jd7d 0.572211 591626 20748 1070190
Jd7h 0.572211 591626 20748 1070190
Js7s 0.572211 591626 20748 1070190
Jh7s 0.572211 591626 20748 1070190
Jh7h 0.572211 591626 20748 1070190
Jh7d 0.572211 591626 20748 1070190
Jd7s 0.572211 591626 20748 1070190
Js7h 0.572211 591626 20748 1070190
3s3c 0.570661 610374 342 1070190
3h3c 0.570661 610374 342 1070190
3d3c 0.570661 610374 342 1070190
Qs7h 0.569197 589617 19531.5 1070190
Qd7h 0.569197 589617 19531.5 1070190
Qd7s 0.569197 589617 19531.5 1070190
Qs7s 0.569197 589617 19531.5 1070190
Qh7d 0.569197 589617 19531.5 1070190
Qs7d 0.569197 589617 19531.5 1070190
Qh7h 0.569197 589617 19531.5 1070190
Qh7s 0.569197 589617 19531.5 1070190
Qd7d 0.569197 589617 19531.5 1070190
Ks9c 0.567844 602274 5427 1070190
Kd9c 0.567844 602274 5427 1070190
Kh9c 0.567844 602274 5427 1070190
Ah6c 0.567818 597179 10494 1070190
Ad6c 0.567818 597179 10494 1070190
As6c 0.567818 597179 10494 1070190
Jd9c 0.566218 601002 4959 1070190
Js9c 0.566218 601002 4959 1070190
Jh9c 0.566218 601002 4959 1070190
QsJc 0.559149 594575 3820.5 1070190
QhJc 0.559149 594575 3820.5 1070190
QdJc 0.559149 594575 3820.5 1070190
9d6c 0.557161 587054 9214.5 1070190
9h6c 0.557161 587054 9214.5 1070190
9s6c 0.557161 587054 9214.5 1070190
Ad5c 0.55272 580772 10743 1070190
Ah5c 0.55272 580772 10743 1070190
As5c 0.55272 580772 10743 1070190
7d6s 0.552264 564357 26670 1070190
7d6h 0.552264 564357 26670 1070190
7h6d 0.552264 564357 26670 1070190
7h6h 0.552264 564357 26670 1070190
7h6s 0.552264 564357 26670 1070190
7s6s 0.552264 564357 26670 1070190
7d6d 0.552264 564357 26670 1070190
7s6h 0.552264 564357 26670 1070190
7s6d 0.552264 564357 26670 1070190
Qc6s 0.551899 579657 10980 1070190
Qc6d 0.551899 579657 10980 1070190
Qc6h 0.551899 579657 10980 1070190
QdTc 0.546535 580590 4306.5 1070190
QhTc 0.546535 580590 4306.5 1070190
QsTc 0.546535 580590 4306.5 1070190
7d5s 0.542855 554122 26836.5 1070190
7h5h 0.542855 554122 26836.5 1070190
7d5h 0.542855 554122 26836.5 1070190
7d5d 0.542855 554122 26836.5 1070190
7s5s 0.542855 554122 26836.5 1070190
7s5h 0.542855 554122 26836.5 1070190
7s5d 0.542855 554122 26836.5 1070190
7h5s 0.542855 554122 26836.5 1070190
7h5d 0.542855 554122 26836.5 1070190
Qc5d 0.541843 568521 11353.5 1070190
Qc5s 0.541843 568521 11353.5 1070190
Qc5h 0.541843 568521 11353.5 1070190
Tc6s 0.538455 566349 9900 1070190
Tc6h 0.538455 566349 9900 1070190
Tc6d 0.538455 566349 9900 1070190
7s4s 0.53488 545750 26673 1070190
7h4d 0.53488 545750 26673 1070190
7s4d 0.53488 545750 26673 1070190
7d4s 0.53488 545750 26673 1070190
7d4h 0.53488 545750 26673 1070190
7d4d 0.53488 545750 26673 1070190
7s4h 0.53488 545750 26673 1070190
7h4h 0.53488 545750 26673 1070190
7h4s 0.53488 545750 26673 1070190
Qd9c 0.53433 567042 4792.5 1070190
Qh9c 0.53433 567042 4792.5 1070190
Qs9c 0.53433 567042 4792.5 1070190
Ad4c 0.533116 559861 10674 1070190
As4c 0.533116 559861 10674 1070190
Ah4c 0.533116 559861 10674 1070190
Qc4s 0.532759 558786 11367 1070190
Qc4h 0.532759 558786 11367 1070190
Qc4d 0.532759 558786 11367 1070190
Kh6c 0.529266 556070 10345.5 1070190
Kd6c 0.529266 556070 10345.5 1070190
Ks6c 0.529266 556070 10345.5 1070190
6c5h 0.529063 555545 10653 1070190
6c5s 0.529063 555545 10653 1070190
6c5d 0.529063 555545 10653 1070190
7s3h 0.52885 539898 26071.5 1070190
7s3d 0.52885 539898 26071.5 1070190
7s3s 0.52885 539898 26071.5 1070190
7h3s 0.52885 539898 26071.5 1070190
7d3d 0.52885 539898 26071.5 1070190
7h3h 0.52885 539898 26071.5 1070190
7d3h 0.52885 539898 26071.5 1070190
7d3s 0.52885 539898 26071.5 1070190
7h3d 0.52885 539898 26071.5 1070190
Qc3s 0.525682 551667 10912.5 1070190
Qc3h 0.525682 551667 10912.5 1070190
Qc3d 0.525682 551667 10912.5 1070190
6s5c 0.518003 543956 10405.5 1070190
6d5c 0.518003 543956 10405.5 1070190
6h5c 0.518003 543956 10405.5 1070190
Ah3c 0.514717 540657 10188 1070190
Ad3c 0.514717 540657 10188 1070190
As3c 0.514717 540657 10188 1070190
Jc6d 0.511502 536555 10849.5 1070190
Jc6h 0.511502 536555 10849.5 1070190
Jc6s 0.511502 536555 10849.5 1070190
Th6c 0.509743 536342 9180 1070190
Td6c 0.509743 536342 9180 1070190
Ts6c 0.509743 536342 9180 1070190
Kh5c 0.50813 533201 10594.5 1070190
Kd5c 0.50813 533201 10594.5 1070190
Ks5c 0.50813 533201 10594.5 1070190
Jc5s 0.507202 531233 11569.5 1070190
Jc5h 0.507202 531233 11569.5 1070190
Jc5d 0.507202 531233 11569.5 1070190
9c5d 0.505381 530472 10381.5 1070190
9c5h 0.505381 530472 10381.5 1070190
9c5s 0.505381 530472 10381.5 1070190
Jc4s 0.498026 521399 11583 1070190
Jc4h 0.498026 521399 11583 1070190
Jc4d 0.498026 521399 11583 1070190
6h6d 0.496026 514188 16654.5 1070190
6s6d 0.496026 514188 16654.5 1070190
6s6h 0.496026 514188 16654.5 1070190
Qh6c 0.495197 519758 10197 1070190
Qs6c 0.495197 519758 10197 1070190
Qd6c 0.495197 519758 10197 1070190
Jc3h 0.490982 514316 11128.5 1070190
Jc3d 0.490982 514316 11128.5 1070190
Jc3s 0.490982 514316 11128.5 1070190
Ks4c 0.488173 511912 10525.5 1070190
Kh4c 0.488173 511912 10525.5 1070190
Kd4c 0.488173 511912 10525.5 1070190
9s5c 0.478336 502373 9537 1070190
9d5c 0.478336 502373 9537 1070190
9h5c 0.478336 502373 9537 1070190
Qh5c 0.473834 496646 10446 1070190
Qd5c 0.473834 496646 10446 1070190
Qs5c 0.473834 496646 10446 1070190
5s5h 0.473247 490252 16212 1070190
5s5d 0.473247 490252 16212 1070190
5h5d 0.473247 490252 16212 1070190
Tc5d 0.470549 492516 11061 1070190
Tc5s 0.470549 492516 11061 1070190
Tc5h 0.470549 492516 11061 1070190
Ad2d 0.470472 484833 18661.5 1070190
As2s 0.470472 484833 18661.5 1070190
As2h 0.470472 484833 18661.5 1070190
As2d 0.470472 484833 18661.5 1070190
Ah2d 0.470472 484833 18661.5 1070190
Ah2h 0.470472 484833 18661.5 1070190
Ah2s 0.470472 484833 18661.5 1070190
Ad2h 0.470472 484833 18661.5 1070190
Ad2s 0.470472 484833 18661.5 1070190
Kd3c 0.470178 493140 10039.5 1070190
Ks3c 0.470178 493140 10039.5 1070190
Kh3c 0.470178 493140 10039.5 1070190
Jh6c 0.468412 491273 10017 1070190
Js6c 0.468412 491273 10017 1070190
Jd6c 0.468412 491273 10017 1070190
Tc4d 0.467432 488766 11475 1070190
Tc4h 0.467432 488766 11475 1070190
Tc4s 0.467432 488766 11475 1070190
9h2h 0.465244 474864 23035.5 1070190
9d2s 0.465244 474864 23035.5 1070190
9d2h 0.465244 474864 23035.5 1070190
9d2d 0.465244 474864 23035.5 1070190
9s2d 0.465244 474864 23035.5 1070190
9s2h 0.465244 474864 23035.5 1070190
9h2s 0.465244 474864 23035.5 1070190
9s2s 0.465244 474864 23035.5 1070190
9h2d 0.465244 474864 23035.5 1070190
Ks2h 0.463356 476547 19332 1070190
Ks2s 0.463356 476547 19332 1070190
Ks2d 0.463356 476547 19332 1070190
Kh2h 0.463356 476547 19332 1070190
Kd2d 0.463356 476547 19332 1070190
Kh2d 0.463356 476547 19332 1070190
Kh2s 0.463356 476547 19332 1070190
Kd2s 0.463356 476547 19332 1070190
Kd2h 0.463356 476547 19332 1070190
Th2h 0.462436 472810 22084.5 1070190
Th2d 0.462436 472810 22084.5 1070190
Th2s 0.462436 472810 22084.5 1070190
Td2s 0.462436 472810 22084.5 1070190
Td2h 0.462436 472810 22084.5 1070190
Td2d 0.462436 472810 22084.5 1070190
Ts2s 0.462436 472810 22084.5 1070190
Ts2h 0.462436 472810 22084.5 1070190
Ts2d 0.462436 472810 22084.5 1070190
6c4d 0.460733 482093 10978.5 1070190
6c4h 0.460733 482093 10978.5 1070190
6c4s 0.460733 482093 10978.5 1070190
Tc3s 0.460549 481854 11020.5 1070190
Tc3h 0.460549 481854 11020.5 1070190
Tc3d 0.460549 481854 11020.5 1070190
Js2s 0.459931 471170 21043.5 1070190
Js2h 0.459931 471170 21043.5 1070190
Js2d 0.459931 471170 21043.5 1070190
Jd2s 0.459931 471170 21043.5 1070190
Jh2s 0.459931 471170 21043.5 1070190
Jd2d 0.459931 471170 21043.5 1070190
Jh2h 0.459931 471170 21043.5 1070190
Jh2d 0.459931 471170 21043.5 1070190
Jd2h 0.459931 471170 21043.5 1070190
Qs2h 0.456921 469080 19912.5 1070190
Qh2h 0.456921 469080 19912.5 1070190
Qd2d 0.456921 469080 19912.5 1070190
Qh2d 0.456921 469080 19912.5 1070190
Qh2s 0.456921 469080 19912.5 1070190
Qs2s 0.456921 469080 19912.5 1070190
Qd2h 0.456921 469080 19912.5 1070190
Qd2s 0.456921 469080 19912.5 1070190
Qs2d 0.456921 469080 19912.5 1070190
Qs4c 0.453649 475114 10377 1070190
Qh4c 0.453649 475114 10377 1070190
Qd4c 0.453649 475114 10377 1070190
Jh5c 0.452776 473903 10653 1070190
Jd5c 0.452776 473903 10653 1070190
Js5c 0.452776 473903 10653 1070190
6h2d 0.449498 452358 28690.5 1070190
6s2h 0.449498 452358 28690.5 1070190
6d2s 0.449498 452358 28690.5 1070190
6h2h 0.449498 452358 28690.5 1070190
6h2s 0.449498 452358 28690.5 1070190
6d2h 0.449498 452358 28690.5 1070190
6s2d 0.449498 452358 28690.5 1070190
6d2d 0.449498 452358 28690.5 1070190
6s2s 0.449498 452358 28690.5 1070190
4h4d 0.449099 464852 15769.5 1070190
4s4d 0.449099 464852 15769.5 1070190
4s4h 0.449099 464852 15769.5 1070190
5d2s 0.441011 443803 28162.5 1070190
5s2s 0.441011 443803 28162.5 1070190
5s2h 0.441011 443803 28162.5 1070190
5h2s 0.441011 443803 28162.5 1070190
5h2h 0.441011 443803 28162.5 1070190
5h2d 0.441011 443803 28162.5 1070190
5s2d 0.441011 443803 28162.5 1070190
5d2d 0.441011 443803 28162.5 1070190
5d2h 0.441011 443803 28162.5 1070190
5c4d 0.440205 461888 9214.5 1070190
5c4h 0.440205 461888 9214.5 1070190
5c4s 0.440205 461888 9214.5 1070190
6s4c 0.438628 458725 10690.5 1070190
6d4c 0.438628 458725 10690.5 1070190
6h4c 0.438628 458725 10690.5 1070190
Qs3c 0.435553 456234 9891 1070190
Qh3c 0.435553 456234 9891 1070190
Qd3c 0.435553 456234 9891 1070190
9c4s 0.435401 455121 10840.5 1070190
9c4h 0.435401 455121 10840.5 1070190
9c4d 0.435401 455121 10840.5 1070190
9c3s 0.434745 454419 10840.5 1070190
9c3d 0.434745 454419 10840.5 1070190
9c3h 0.434745 454419 10840.5 1070190
4s2s 0.432574 435464 27472.5 1070190
4s2h 0.432574 435464 27472.5 1070190
4s2d 0.432574 435464 27472.5 1070190
4h2s 0.432574 435464 27472.5 1070190
4h2h 0.432574 435464 27472.5 1070190
4h2d 0.432574 435464 27472.5 1070190
4d2s 0.432574 435464 27472.5 1070190
4d2h 0.432574 435464 27472.5 1070190
4d2d 0.432574 435464 27472.5 1070190
Js4c 0.43249 452263 10584 1070190
Jd4c 0.43249 452263 10584 1070190
Jh4c 0.43249 452263 10584 1070190
Ts5c 0.429457 449462 10138.5 1070190
Td5c 0.429457 449462 10138.5 1070190
Th5c 0.429457 449462 10138.5 1070190
5d4c 0.429394 450469 9064.5 1070190
5s4c 0.429394 450469 9064.5 1070190
5h4c 0.429394 450469 9064.5 1070190
Th9d 0.427598 436996 20615.5 1070190
Th9h 0.427598 436996 20615.5 1070190
Th9s 0.427598 436996 20615.5 1070190
Ts9d 0.427598 436996 20615.5 1070190
Ts9h 0.427598 436996 20615.5 1070190
Ts9s 0.427598 436996 20615.5 1070190
Td9s 0.427598 436996 20615.5 1070190
Td9h 0.427598 436996 20615.5 1070190
Td9d 0.427598 436996 20615.5 1070190
3h2s 0.424953 428052 26728.5 1070190
3h2h 0.424953 428052 26728.5 1070190
3s2d 0.424953 428052 26728.5 1070190
3s2h 0.424953 428052 26728.5 1070190
3s2s 0.424953 428052 26728.5 1070190
3d2d 0.424953 428052 26728.5 1070190
3h2d 0.424953 428052 26728.5 1070190
3d2s 0.424953 428052 26728.5 1070190
3d2h 0.424953 428052 26728.5 1070190
3h3d 0.424652 439131 15327 1070190
3s3d 0.424652 439131 15327 1070190
3s3h 0.424652 439131 15327 1070190
AdKd 0.416397 426260 19363.5 1070190
AdKs 0.416397 426260 19363.5 1070190
AsKd 0.416397 426260 19363.5 1070190
AdKh 0.416397 426260 19363.5 1070190
AsKh 0.416397 426260 19363.5 1070190
AhKs 0.416397 426260 19363.5 1070190
AhKh 0.416397 426260 19363.5 1070190
AsKs 0.416397 426260 19363.5 1070190
AhKd 0.416397 426260 19363.5 1070190
Th4c 0.415197 433834 10506 1070190
Ts4c 0.415197 433834 10506 1070190
Td4c 0.415197 433834 10506 1070190
Ad9h 0.41498 422849 21258 1070190
As9d 0.41498 422849 21258 1070190
Ad9s 0.41498 422849 21258 1070190
As9h 0.41498 422849 21258 1070190
Ah9s 0.41498 422849 21258 1070190
Ah9d 0.41498 422849 21258 1070190
As9s 0.41498 422849 21258 1070190
Ah9h 0.41498 422849 21258 1070190
Ad9d 0.41498 422849 21258 1070190
Jh3c 0.41442 433410 10098 1070190
Jd3c 0.41442 433410 10098 1070190
Js3c 0.41442 433410 10098 1070190
AdTd 0.413187 421562 20626.5 1070190
AhTd 0.413187 421562 20626.5 1070190
AdTh 0.413187 421562 20626.5 1070190
AdTs 0.413187 421562 20626.5 1070190
AhTh 0.413187 421562 20626.5 1070190
AhTs 0.413187 421562 20626.5 1070190
AsTs 0.413187 421562 20626.5 1070190
AsTh 0.413187 421562 20626.5 1070190
AsTd 0.413187 421562 20626.5 1070190
AsJh 0.411487 420374 19995 1070190
AdJh 0.411487 420374 19995 1070190
AsJd 0.411487 420374 19995 1070190
AhJh 0.411487 420374 19995 1070190
AhJd 0.411487 420374 19995 1070190
AsJs 0.411487 420374 19995 1070190
AhJs 0.411487 420374 19995 1070190
AdJs 0.411487 420374 19995 1070190
AdJd 0.411487 420374 19995 1070190
AdQs 0.409223 418583 19363.5 1070190
AdQh 0.409223 418583 19363.5 1070190
AdQd 0.409223 418583 19363.5 1070190
AhQd 0.409223 418583 19363.5 1070190
AsQd 0.409223 418583 19363.5 1070190
AsQh 0.409223 418583 19363.5 1070190
AhQh 0.409223 418583 19363.5 1070190
AhQs 0.409223 418583 19363.5 1070190
AsQs 0.409223 418583 19363.5 1070190
Td3c 0.397278 415143 10020 1070190
Ts3c 0.397278 415143 10020 1070190
Th3c 0.397278 415143 10020 1070190
9d4c 0.396146 414076 9876 1070190
9h4c 0.396146 414076 9876 1070190
9s4c 0.396146 414076 9876 1070190
6c3d 0.39022 407018 10591.5 1070190
6c3h 0.39022 407018 10591.5 1070190
6c3s 0.39022 407018 10591.5 1070190
9s6d 0.384925 385972 25970.5 1070190
9d6h 0.384925 385972 25970.5 1070190
9d6s 0.384925 385972 25970.5 1070190
9h6d 0.384925 385972 25970.5 1070190
9h6h 0.384925 385972 25970.5 1070190
9h6s 0.384925 385972 25970.5 1070190
9d6d 0.384925 385972 25970.5 1070190
9s6s 0.384925 385972 25970.5 1070190
9s6h 0.384925 385972 25970.5 1070190
As6h 0.384855 384260 27607.5 1070190
Ad6s 0.384855 384260 27607.5 1070190
Ad6h 0.384855 384260 27607.5 1070190
Ad6d 0.384855 384260 27607.5 1070190
Ah6h 0.384855 384260 27607.5 1070190
Ah6d 0.384855 384260 27607.5 1070190
As6d 0.384855 384260 27607.5 1070190
As6s 0.384855 384260 27607.5 1070190
Ah6s 0.384855 384260 27607.5 1070190
9d3c 0.384434 401541 9876 1070190
9h3c 0.384434 401541 9876 1070190
9s3c 0.384434 401541 9876 1070190
Ad5d 0.380228 378965 27951 1070190
As5s 0.380228 378965 27951 1070190
As5h 0.380228 378965 27951 1070190
As5d 0.380228 378965 27951 1070190
Ad5s 0.380228 378965 27951 1070190
Ah5d 0.380228 378965 27951 1070190
Ah5s 0.380228 378965 27951 1070190
Ad5h 0.380228 378965 27951 1070190
Ah5h 0.380228 378965 27951 1070190
Js9h 0.371239 376824 20472.5 1070190
Jh9d 0.371239 376824 20472.5 1070190
Jh9h 0.371239 376824 20472.5 1070190
Js9s 0.371239 376824 20472.5 1070190
Jh9s 0.371239 376824 20472.5 1070190
Js9d 0.371239 376824 20472.5 1070190
Jd9s 0.371239 376824 20472.5 1070190
Jd9h 0.371239 376824 20472.5 1070190
Jd9d 0.371239 376824 20472.5 1070190
5c3d 0.371224 388310 8970 1070190
5c3h 0.371224 388310 8970 1070190
5c3s 0.371224 388310 8970 1070190
JdTh 0.369522 375618 19841 1070190
JhTh 0.369522 375618 19841 1070190
JhTd 0.369522 375618 19841 1070190
JdTs 0.369522 375618 19841 1070190
JhTs 0.369522 375618 19841 1070190
JsTd 0.369522 375618 19841 1070190
JdTd 0.369522 375618 19841 1070190
JsTh 0.369522 375618 19841 1070190
JsTs 0.369522 375618 19841 1070190
Ad4s 0.36847 366458 27874.5 1070190
Ad4d 0.36847 366458 27874.5 1070190
Ah4d 0.36847 366458 27874.5 1070190
Ad4h 0.36847 366458 27874.5 1070190
Ah4s 0.36847 366458 27874.5 1070190
As4h 0.36847 366458 27874.5 1070190
Ah4h 0.36847 366458 27874.5 1070190
As4s 0.36847 366458 27874.5 1070190
As4d 0.36847 366458 27874.5 1070190
Ks9d 0.366922 371567 21109.5 1070190
Ks9s 0.366922 371567 21109.5 1070190
Kd9d 0.366922 371567 21109.5 1070190
Ks9h 0.366922 371567 21109.5 1070190
Kh9s 0.366922 371567 21109.5 1070190
Kd9s 0.366922 371567 21109.5 1070190
Kd9h 0.366922 371567 21109.5 1070190
Kh9h 0.366922 371567 21109.5 1070190
Kh9d 0.366922 371567 21109.5 1070190
KhTd 0.36465 369767 20478 1070190
KhTh 0.36465 369767 20478 1070190
KhTs 0.36465 369767 20478 1070190
KdTs 0.36465 369767 20478 1070190
KsTd 0.36465 369767 20478 1070190
KdTh 0.36465 369767 20478 1070190
KdTd 0.36465 369767 20478 1070190
KsTh 0.36465 369767 20478 1070190
KsTs 0.36465 369767 20478 1070190
KsJh 0.362471 368066 19846.5 1070190
KsJs 0.362471 368066 19846.5 1070190
KdJh 0.362471 368066 19846.5 1070190
KhJd 0.362471 368066 19846.5 1070190
KhJh 0.362471 368066 19846.5 1070190
KdJs 0.362471 368066 19846.5 1070190
KhJs 0.362471 368066 19846.5 1070190
KdJd 0.362471 368066 19846.5 1070190
KsJd 0.362471 368066 19846.5 1070190
KdQh 0.359904 365951 19215 1070190
KhQd 0.359904 365951 19215 1070190
KhQh 0.359904 365951 19215 1070190
KhQs 0.359904 365951 19215 1070190
KdQs 0.359904 365951 19215 1070190
KsQh 0.359904 365951 19215 1070190
KdQd 0.359904 365951 19215 1070190
KsQs 0.359904 365951 19215 1070190
KsQd 0.359904 365951 19215 1070190
As3s 0.357998 355883 27243 1070190
Ad3h 0.357998 355883 27243 1070190
As3h 0.357998 355883 27243 1070190
As3d 0.357998 355883 27243 1070190
Ah3s 0.357998 355883 27243 1070190
Ad3s 0.357998 355883 27243 1070190
Ah3h 0.357998 355883 27243 1070190
Ah3d 0.357998 355883 27243 1070190
Ad3d 0.357998 355883 27243 1070190
6d3c 0.356625 371379 10278 1070190
6s3c 0.356625 371379 10278 1070190
6h3c 0.356625 371379 10278 1070190
5d3c 0.349121 364818 8808 1070190
5h3c 0.349121 364818 8808 1070190
5s3c 0.349121 364818 8808 1070190
6s5h 0.348705 346150 27031 1070190
6h5h 0.348705 346150 27031 1070190
6h5d 0.348705 346150 27031 1070190
6d5s 0.348705 346150 27031 1070190
6d5h 0.348705 346150 27031 1070190
6d5d 0.348705 346150 27031 1070190
6s5d 0.348705 346150 27031 1070190
6s5s 0.348705 346150 27031 1070190
6h5s 0.348705 346150 27031 1070190
4c3d 0.347882 365449 6850.5 1070190
4c3s 0.347882 365449 6850.5 1070190
4c3h 0.347882 365449 6850.5 1070190
4s3c 0.337001 353817 6838.5 1070190
4h3c 0.337001 353817 6838.5 1070190
4d3c 0.337001 353817 6838.5 1070190
Kh6s 0.336671 332843 27459 1070190
Kd6s 0.336671 332843 27459 1070190
Kd6h 0.336671 332843 27459 1070190
Kd6d 0.336671 332843 27459 1070190
Kh6d 0.336671 332843 27459 1070190
Kh6h 0.336671 332843 27459 1070190
Ks6d 0.336671 332843 27459 1070190
Ks6s 0.336671 332843 27459 1070190
Ks6h 0.336671 332843 27459 1070190
Qd9s 0.325106 327596 20329.5 1070190
Qs9s 0.325106 327596 20329.5 1070190
Qd9h 0.325106 327596 20329.5 1070190
Qs9h 0.325106 327596 20329.5 1070190
Qs9d 0.325106 327596 20329.5 1070190
Qd9d 0.325106 327596 20329.5 1070190
Qh9d 0.325106 327596 20329.5 1070190
Qh9s 0.325106 327596 20329.5 1070190
Qh9h 0.325106 327596 20329.5 1070190
Kd5s 0.323298 318188 27802.5 1070190
Ks5d 0.323298 318188 27802.5 1070190
Kd5d 0.323298 318188 27802.5 1070190
Ks5s 0.323298 318188 27802.5 1070190
Kd5h 0.323298 318188 27802.5 1070190
Kh5d 0.323298 318188 27802.5 1070190
Kh5h 0.323298 318188 27802.5 1070190
Kh5s 0.323298 318188 27802.5 1070190
Ks5h 0.323298 318188 27802.5 1070190
QhTs 0.322532 325472 19698 1070190
QdTs 0.322532 325472 19698 1070190
QsTs 0.322532 325472 19698 1070190
QsTh 0.322532 325472 19698 1070190
QsTd 0.322532 325472 19698 1070190
QdTh 0.322532 325472 19698 1070190
QdTd 0.322532 325472 19698 1070190
QhTh 0.322532 325472 19698 1070190
QhTd 0.322532 325472 19698 1070190
QdJs 0.320049 323447 19066.5 1070190
QhJs 0.320049 323447 19066.5 1070190
QdJd 0.320049 323447 19066.5 1070190
QdJh 0.320049 323447 19066.5 1070190
QhJh 0.320049 323447 19066.5 1070190
QhJd 0.320049 323447 19066.5 1070190
QsJd 0.320049 323447 19066.5 1070190
QsJh 0.320049 323447 19066.5 1070190
QsJs 0.320049 323447 19066.5 1070190
Ts6h 0.318706 315081 25995.5 1070190
Td6d 0.318706 315081 25995.5 1070190
Td6h 0.318706 315081 25995.5 1070190
Td6s 0.318706 315081 25995.5 1070190
Th6d 0.318706 315081 25995.5 1070190
Ts6s 0.318706 315081 25995.5 1070190
Ts6d 0.318706 315081 25995.5 1070190
Th6s 0.318706 315081 25995.5 1070190
Th6h 0.318706 315081 25995.5 1070190
Kd4h 0.311061 305168 27726 1070190
Kd4s 0.311061 305168 27726 1070190
Kh4s 0.311061 305168 27726 1070190
Ks4s 0.311061 305168 27726 1070190
Ks4h 0.311061 305168 27726 1070190
Kh4h 0.311061 305168 27726 1070190
Kh4d 0.311061 305168 27726 1070190
Kd4d 0.311061 305168 27726 1070190
Ks4d 0.311061 305168 27726 1070190
Kd3d 0.301203 295250 27094.5 1070190
Kd3s 0.301203 295250 27094.5 1070190
Kd3h 0.301203 295250 27094.5 1070190
Kh3d 0.301203 295250 27094.5 1070190
Kh3s 0.301203 295250 27094.5 1070190
Ks3s 0.301203 295250 27094.5 1070190
Ks3h 0.301203 295250 27094.5 1070190
Ks3d 0.301203 295250 27094.5 1070190
Kh3h 0.301203 295250 27094.5 1070190
Qh6h 0.294139 287474 27310.5 1070190
Qs6h 0.294139 287474 27310.5 1070190
Qd6d 0.294139 287474 27310.5 1070190
Qd6h 0.294139 287474 27310.5 1070190
Qd6s 0.294139 287474 27310.5 1070190
Qs6s 0.294139 287474 27310.5 1070190
Qs6d 0.294139 287474 27310.5 1070190
Qh6s 0.294139 287474 27310.5 1070190
Qh6d 0.294139 287474 27310.5 1070190
9s5h 0.293871 287946 26552 1070190
9d5d 0.293871 287946 26552 1070190
9d5h 0.293871 287946 26552 1070190
9d5s 0.293871 287946 26552 1070190
9h5d 0.293871 287946 26552 1070190
9h5h 0.293871 287946 26552 1070190
9h5s 0.293871 287946 26552 1070190
9s5d 0.293871 287946 26552 1070190
9s5s 0.293871 287946 26552 1070190
Qd5d 0.280463 272495 27654 1070190
Qh5d 0.280463 272495 27654 1070190
Qh5h 0.280463 272495 27654 1070190
Qh5s 0.280463 272495 27654 1070190
Qs5s 0.280463 272495 27654 1070190
Qs5h 0.280463 272495 27654 1070190
Qs5d 0.280463 272495 27654 1070190
Qd5s 0.280463 272495 27654 1070190
Qd5h 0.280463 272495 27654 1070190
Qh4s 0.267923 259151 27577.5 1070190
Qd4d 0.267923 259151 27577.5 1070190
Qd4h 0.267923 259151 27577.5 1070190
Qd4s 0.267923 259151 27577.5 1070190
Qs4d 0.267923 259151 27577.5 1070190
Qs4h 0.267923 259151 27577.5 1070190
Qs4s 0.267923 259151 27577.5 1070190
Qh4h 0.267923 259151 27577.5 1070190
Qh4d 0.267923 259151 27577.5 1070190
Jh6s 0.260759 251900 27162 1070190
Js6s 0.260759 251900 27162 1070190
Js6h 0.260759 251900 27162 1070190
Js6d 0.260759 251900 27162 1070190
Jh6d 0.260759 251900 27162 1070190
Jd6s 0.260759 251900 27162 1070190
Jd6h 0.260759 251900 27162 1070190
Jd6d 0.260759 251900 27162 1070190
Jh6h 0.260759 251900 27162 1070190
Qh3d 0.257939 249098 26946 1070190
Qh3h 0.257939 249098 26946 1070190
Qs3s 0.257939 249098 26946 1070190
Qs3d 0.257939 249098 26946 1070190
Qs3h 0.257939 249098 26946 1070190
Qh3s 0.257939 249098 26946 1070190
Qd3s 0.257939 249098 26946 1070190
Qd3h 0.257939 249098 26946 1070190
Qd3d 0.257939 249098 26946 1070190
6s4h 0.256536 247035 27507.5 1070190
6s4s 0.256536 247035 27507.5 1070190
6h4s 0.256536 247035 27507.5 1070190
6h4h 0.256536 247035 27507.5 1070190
6h4d 0.256536 247035 27507.5 1070190
6d4s 0.256536 247035 27507.5 1070190
6d4h 0.256536 247035 27507.5 1070190
6d4d 0.256536 247035 27507.5 1070190
6s4d 0.256536 247035 27507.5 1070190
Js5s 0.255383 245306 28002 1070190
Jd5d 0.255383 245306 28002 1070190
Jd5h 0.255383 245306 28002 1070190
Jh5h 0.255383 245306 28002 1070190
Jd5s 0.255383 245306 28002 1070190
Jh5d 0.255383 245306 28002 1070190
Jh5s 0.255383 245306 28002 1070190
Js5d 0.255383 245306 28002 1070190
Js5h 0.255383 245306 28002 1070190
5s4s 0.245228 237051 25389.5 1070190
5s4h 0.245228 237051 25389.5 1070190
5s4d 0.245228 237051 25389.5 1070190
5d4s 0.245228 237051 25389.5 1070190
5h4d 0.245228 237051 25389.5 1070190
5h4h 0.245228 237051 25389.5 1070190
5h4s 0.245228 237051 25389.5 1070190
5d4d 0.245228 237051 25389.5 1070190
5d4h 0.245228 237051 25389.5 1070190
Jd4h 0.242716 231827 27925.5 1070190
Jd4s 0.242716 231827 27925.5 1070190
Jh4d 0.242716 231827 27925.5 1070190
Jh4h 0.242716 231827 27925.5 1070190
Jh4s 0.242716 231827 27925.5 1070190
Jd4d 0.242716 231827 27925.5 1070190
Js4h 0.242716 231827 27925.5 1070190
Js4s 0.242716 231827 27925.5 1070190
Js4d 0.242716 231827 27925.5 1070190
Js3d 0.232783 221828 27294 1070190
Jd3s 0.232783 221828 27294 1070190
Js3h 0.232783 221828 27294 1070190
Jh3d 0.232783 221828 27294 1070190
Jh3h 0.232783 221828 27294 1070190
Jd3h 0.232783 221828 27294 1070190
Jd3d 0.232783 221828 27294 1070190
Js3s 0.232783 221828 27294 1070190
Jh3s 0.232783 221828 27294 1070190
Th5d 0.226305 214772 27417 1070190
Th5s 0.226305 214772 27417 1070190
Th5h 0.226305 214772 27417 1070190
Ts5d 0.226305 214772 27417 1070190
Ts5h 0.226305 214772 27417 1070190
Ts5s 0.226305 214772 27417 1070190
Td5d 0.226305 214772 27417 1070190
Td5h 0.226305 214772 27417 1070190
Td5s 0.226305 214772 27417 1070190
Th4h 0.222354 210056 27904.5 1070190
Th4s 0.222354 210056 27904.5 1070190
Td4s 0.222354 210056 27904.5 1070190
Td4h 0.222354 210056 27904.5 1070190
Ts4s 0.222354 210056 27904.5 1070190
Ts4h 0.222354 210056 27904.5 1070190
Ts4d 0.222354 210056 27904.5 1070190
Td4d 0.222354 210056 27904.5 1070190
Th4d 0.222354 210056 27904.5 1070190
Td3s 0.212647 200300 27273 1070190
Ts3s 0.212647 200300 27273 1070190
Ts3h 0.212647 200300 27273 1070190
Ts3d 0.212647 200300 27273 1070190
Td3h 0.212647 200300 27273 1070190
Th3d 0.212647 200300 27273 1070190
Td3d 0.212647 200300 27273 1070190
Th3h 0.212647 200300 27273 1070190
Th3s 0.212647 200300 27273 1070190
9h4d 0.198676 185453 27168 1070190
9h4s 0.198676 185453 27168 1070190
9s4h 0.198676 185453 27168 1070190
9s4d 0.198676 185453 27168 1070190
9s4s 0.198676 185453 27168 1070190
9d4h 0.198676 185453 27168 1070190
9h4h 0.198676 185453 27168 1070190
9d4s 0.198676 185453 27168 1070190
9d4d 0.198676 185453 27168 1070190
9h3s 0.197925 184649 27168 1070190
9h3h 0.197925 184649 27168 1070190
9h3d 0.197925 184649 27168 1070190
9d3h 0.197925 184649 27168 1070190
9d3s 0.197925 184649 27168 1070190
9s3s 0.197925 184649 27168 1070190
9d3d 0.197925 184649 27168 1070190
9s3h 0.197925 184649 27168 1070190
9s3d 0.197925 184649 27168 1070190
6h3d 0.16088 145040 27132 1070190
6s3d 0.16088 145040 27132 1070190
6s3h 0.16088 145040 27132 1070190
6s3s 0.16088 145040 27132 1070190
6d3s 0.16088 145040 27132 1070190
6d3h 0.16088 145040 27132 1070190
6d3d 0.16088 145040 27132 1070190
6h3s 0.16088 145040 27132 1070190
6h3h 0.16088 145040 27132 1070190
5h3d 0.151869 137339 25189.5 1070190
5h3h 0.151869 137339 25189.5 1070190
5h3s 0.151869 137339 25189.5 1070190
5d3s 0.151869 137339 25189.5 1070190
5d3h 0.151869 137339 25189.5 1070190
5d3d 0.151869 137339 25189.5 1070190
5s3d 0.151869 137339 25189.5 1070190
5s3h 0.151869 137339 25189.5 1070190
5s3s 0.151869 137339 25189.5 1070190
4s3s 0.135801 122714 22618.5 1070190
4d3d 0.135801 122714 22618.5 1070190
4s3h 0.135801 122714 22618.5 1070190
4s3d 0.135801 122714 22618.5 1070190
4h3s 0.135801 122714 22618.5 1070190
4h3h 0.135801 122714 22618.5 1070190
4h3d 0.135801 122714 22618.5 1070190
4d3s 0.135801 122714 22618.5 1070190
4d3h 0.135801 122714 22618.5 1070190
