JsJc 0.95417 1021143 0 1070190
JhJc 0.95417 1021143 0 1070190
JsJh 0.939974 1005951 0 1070190
8h8d 0.934366 999885 64.5 1070190
8s8d 0.934366 999885 64.5 1070190
8s8h 0.933988 999480 64.5 1070190
2h2d 0.925826 990690 120 1070190
2s2d 0.925826 990690 120 1070190
2s2h 0.925453 990291 120 1070190
Jc8d 0.906808 967671 2786 1070190
Jc8h 0.906346 967176 2786 1070190
Jc8s 0.906346 967176 2786 1070190
AcJc 0.900435 961275 2361 1070190
KcJc 0.892939 952650 2964 1070190
Jh8d 0.891232 950994 2793.5 1070190
Js8d 0.891232 950994 2793.5 1070190
Jh8h 0.890769 950499 2793.5 1070190
Jh8s 0.890769 950499 2793.5 1070190
Js8h 0.890769 950499 2793.5 1070190
Js8s 0.890769 950499 2793.5 1070190
Jc2d 0.890003 946746 5726 1070190
QcJc 0.889757 948219 3990.5 1070190
Jc2s 0.889546 946257 5726 1070190
Jc2h 0.889546 946257 5726 1070190
JcTc 0.876603 933187 4945 1070190
Jh2d 0.874588 930339 5636 1070190
Js2d 0.874588 930339 5636 1070190
Js2h 0.874131 929850 5636 1070190
Js2s 0.874131 929850 5636 1070190
Jh2s 0.874131 929850 5636 1070190
Jh2h 0.874131 929850 5636 1070190
Jc9c 0.87308 929029 5332 1070190
AdAc 0.864532 924741 472.5 1070190
AsAc 0.863713 923865 472.5 1070190
AhAc 0.863713 923865 472.5 1070190
Jc7c 0.863426 916229 7800.5 1070190
Jc6c 0.85856 910707 8115 1070190
Jc5c 0.856909 908394 8661 1070190
Jc4c 0.855759 906846 8979 1070190
Jc3c 0.855451 906498 8997 1070190
8d2d 0.849594 903088 6138.5 1070190
8d2h 0.844303 897336 6228.5 1070190
8d2s 0.844303 897336 6228.5 1070190
8h2d 0.844297 897330 6228.5 1070190
8s2d 0.844297 897330 6228.5 1070190
KdKc 0.844178 902958 472.5 1070190
8s2s 0.843945 896976 6206 1070190
8s2h 0.843945 896976 6206 1070190
8h2s 0.843945 896976 6206 1070190
8h2h 0.843945 896976 6206 1070190
KsKc 0.843354 902076 472.5 1070190
KhKc 0.843354 902076 472.5 1070190
AcJh 0.839303 894894 3319.5 1070190
AcJs 0.839303 894894 3319.5 1070190
AsAd 0.838226 896589 472.5 1070190
AhAd 0.838226 896589 472.5 1070190
AsAh 0.837408 895713 472.5 1070190
AdJc 0.835736 891081 3315 1070190
AhJc 0.834833 890115 3315 1070190
AsJc 0.834833 890115 3315 1070190
QdQc 0.83459 892112 1057.5 1070190
QsQc 0.833798 891269 1053.5 1070190
QhQc 0.833798 891269 1053.5 1070190
KcJs 0.831465 885726 4099.5 1070190
KcJh 0.831465 885726 4099.5 1070190
QcJs 0.831057 883774 5615 1070190
QcJh 0.831057 883774 5615 1070190
QdJc 0.830337 882980 5638.5 1070190
QhJc 0.829464 882050 5634.5 1070190
QsJc 0.829464 882050 5634.5 1070190
KdJc 0.829057 883130 4119 1070190
KsJc 0.828149 882158 4119 1070190
KhJc 0.828149 882158 4119 1070190
KhKd 0.818615 875601 472.5 1070190
KsKd 0.818615 875601 472.5 1070190
KsKh 0.817791 874719 472.5 1070190
JcTd 0.815579 865763 7062 1070190
JcTh 0.814748 864881 7054 1070190
JcTs 0.814748 864881 7054 1070190
AdJs 0.813491 867396 3193.5 1070190
AdJh 0.813491 867396 3193.5 1070190
JhTc 0.813152 863190 7037.5 1070190
JsTc 0.813152 863190 7037.5 1070190
AhJs 0.812588 866430 3193.5 1070190
AhJh 0.812588 866430 3193.5 1070190
AsJs 0.812588 866430 3193.5 1070190
AsJh 0.812588 866430 3193.5 1070190
QsQd 0.810631 866480 1049.5 1070190
QhQd 0.810631 866480 1049.5 1070190
Jc9d 0.810116 859400 7578 1070190
QsQh 0.80984 865637 1045.5 1070190
Jc9h 0.809284 858518 7570 1070190
Jc9s 0.809284 858518 7570 1070190
QdJh 0.808614 859868 5502.5 1070190
QdJs 0.808614 859868 5502.5 1070190
QhJh 0.807741 858938 5498.5 1070190
QhJs 0.807741 858938 5498.5 1070190
QsJh 0.807741 858938 5498.5 1070190
QsJs 0.807741 858938 5498.5 1070190
KdJh 0.80697 859638 3973.5 1070190
KdJs 0.80697 859638 3973.5 1070190
Js9c 0.806572 855647 7538.5 1070190
Jh9c 0.806572 855647 7538.5 1070190
KsJh 0.806062 858666 3973.5 1070190
KhJs 0.806062 858666 3973.5 1070190
KsJs 0.806062 858666 3973.5 1070190
KhJh 0.806062 858666 3973.5 1070190
Jc7d 0.793889 838179 11433.5 1070190
JsTd 0.793576 842339 6938.5 1070190
JhTd 0.793576 842339 6938.5 1070190
Jc7h 0.793022 837255 11429.5 1070190
Jc7s 0.793022 837255 11429.5 1070190
JhTh 0.792745 841457 6930.5 1070190
JsTs 0.792745 841457 6930.5 1070190
JhTs 0.792745 841457 6930.5 1070190
JsTh 0.792745 841457 6930.5 1070190
Jh7c 0.789878 834179 11141 1070190
Js7c 0.789878 834179 11141 1070190
Jh9d 0.788262 836151 7439.5 1070190
Js9d 0.788262 836151 7439.5 1070190
Js9s 0.787431 835269 7431.5 1070190
Js9h 0.787431 835269 7431.5 1070190
Jh9s 0.787431 835269 7431.5 1070190
Jh9h 0.787431 835269 7431.5 1070190
Jc6d 0.785103 828279 11930 1070190
Jc6s 0.784206 827319 11930 1070190
Jc6h 0.784206 827319 11930 1070190
Jc5d 0.782723 824848 12814 1070190
Jc5s 0.781831 823894 12814 1070190
Jc5h 0.781831 823894 12814 1070190
Jc4d 0.780797 822267 13334 1070190
Js6c 0.780368 823587 11554.5 1070190
Jh6c 0.780368 823587 11554.5 1070190
Jc3d 0.780228 821622 13370 1070190
Jc4h 0.7799 821307 13334 1070190
Jc4s 0.7799 821307 13334 1070190
Jc3h 0.779325 820656 13370 1070190
Jc3s 0.779325 820656 13370 1070190
Js5c 0.776755 818881 12394.5 1070190
Jh5c 0.776755 818881 12394.5 1070190
Jh4c 0.773685 815100 12889.5 1070190
Js4c 0.773685 815100 12889.5 1070190
Js7d 0.772117 815205 11106.5 1070190
Jh7d 0.772117 815205 11106.5 1070190
Jh3c 0.771927 813183 12925.5 1070190
Js3c 0.771927 813183 12925.5 1070190
Jh7s 0.771249 814281 11102.5 1070190
Jh7h 0.771249 814281 11102.5 1070190
Js7s 0.771249 814281 11102.5 1070190
Js7h 0.771249 814281 11102.5 1070190
Jh6d 0.76329 805326 11539.5 1070190
Js6d 0.76329 805326 11539.5 1070190
Jh6h 0.762393 804366 11539.5 1070190
Jh6s 0.762393 804366 11539.5 1070190
Js6h 0.762393 804366 11539.5 1070190
Js6s 0.762393 804366 11539.5 1070190
Js5d 0.760987 801999 12402 1070190
Jh5d 0.760987 801999 12402 1070190
Js5s 0.760096 801045 12402 1070190
Jh5s 0.760096 801045 12402 1070190
Jh5h 0.760096 801045 12402 1070190
Js5h 0.760096 801045 12402 1070190
Js4d 0.759091 799461 12910.5 1070190
Jh4d 0.759091 799461 12910.5 1070190
Js3d 0.758515 798807 12948 1070190
Jh3d 0.758515 798807 12948 1070190
Jh4h 0.758194 798501 12910.5 1070190
Js4h 0.758194 798501 12910.5 1070190
Jh4s 0.758194 798501 12910.5 1070190
Js4s 0.758194 798501 12910.5 1070190
Js3h 0.757612 797841 12948 1070190
Js3s 0.757612 797841 12948 1070190
Jh3h 0.757612 797841 12948 1070190
Jh3s 0.757612 797841 12948 1070190
TdTc 0.748774 799688 1642.5 1070190
ThTc 0.748021 798890 1634.5 1070190
TsTc 0.748021 798890 1634.5 1070190
Ac8d 0.746667 795576 3499.5 1070190
Ac8s 0.745892 794769 3477 1070190
Ac8h 0.745892 794769 3477 1070190
Qc8d 0.740073 786244 5774.5 1070190
Qc8h 0.739365 785516 5744.5 1070190
Qc8s 0.739365 785516 5744.5 1070190
Kc8d 0.738638 786214 4268.5 1070190
Kc8s 0.7379 785451 4242 1070190
Kc8h 0.7379 785451 4242 1070190
Ad8d 0.731789 779709 3444.5 1070190
9d9c 0.731617 781327 1642.5 1070190
9h9c 0.730864 780529 1634.5 1070190
9s9c 0.730864 780529 1634.5 1070190
Tc8d 0.729924 769847 11310.5 1070190
Tc8s 0.729267 769201 11253.5 1070190
Tc8h 0.729267 769201 11253.5 1070190
Qd8d 0.727816 773237 5664 1070190
TsTd 0.726644 776021 1626.5 1070190
ThTd 0.726644 776021 1626.5 1070190
TsTh 0.725891 775223 1618.5 1070190
Kd8d 0.725074 771758 4208.5 1070190
9c8d 0.723764 762322 12243.5 1070190
9c8s 0.723136 761711 12181.5 1070190
9c8h 0.723136 761711 12181.5 1070190
Td8d 0.720708 760282 11012.5 1070190
AcKc 0.716925 763402 3843.5 1070190
Ad8s 0.716422 763128 3579.5 1070190
Ad8h 0.716422 763128 3579.5 1070190
As8d 0.716366 763068 3579.5 1070190
Ah8d 0.716366 763068 3579.5 1070190
9d8d 0.71578 754067 11953.5 1070190
AcQc 0.715736 761647 4326 1070190
As8s 0.715591 762261 3557 1070190
As8h 0.715591 762261 3557 1070190
Ah8s 0.715591 762261 3557 1070190
Ah8h 0.715591 762261 3557 1070190
Qd8s 0.713125 757272 5907 1070190
Qd8h 0.713125 757272 5907 1070190
Qs8d 0.713029 757166 5911 1070190
Qh8d 0.713029 757166 5911 1070190
Qh8h 0.712321 756438 5881 1070190
Qs8h 0.712321 756438 5881 1070190
Qs8s 0.712321 756438 5881 1070190
Qh8s 0.712321 756438 5881 1070190
9s9d 0.710311 758541 1626.5 1070190
9h9d 0.710311 758541 1626.5 1070190
Kd8s 0.709624 755061 4371.5 1070190
Kd8h 0.709624 755061 4371.5 1070190
9s9h 0.709558 757743 1618.5 1070190
Ks8d 0.709525 754951 4375.5 1070190
Kh8d 0.709525 754951 4375.5 1070190
Ks8h 0.708787 754188 4349 1070190
Ks8s 0.708787 754188 4349 1070190
Kh8s 0.708787 754188 4349 1070190
Kh8h 0.708787 754188 4349 1070190
Td8h 0.706403 744485 11500 1070190
Td8s 0.706403 744485 11500 1070190
Ts8d 0.706295 744342 11527.5 1070190
Th8d 0.706295 744342 11527.5 1070190
Th8h 0.705638 743696 11470.5 1070190
Ts8h 0.705638 743696 11470.5 1070190
Ts8s 0.705638 743696 11470.5 1070190
Th8s 0.705638 743696 11470.5 1070190
AcTc 0.704351 747022 6767.5 1070190
9d8s 0.701422 738179 12476 1070190
9d8h 0.701422 738179 12476 1070190
9h8d 0.701286 738001 12508.5 1070190
9s8d 0.701286 738001 12508.5 1070190
9h8s 0.700657 737390 12446.5 1070190
9h8h 0.700657 737390 12446.5 1070190
9s8s 0.700657 737390 12446.5 1070190
9s8h 0.700657 737390 12446.5 1070190
8d7c 0.697359 733695 12611.5 1070190
8h7c 0.696763 733127 12541.5 1070190
8s7c 0.696763 733127 12541.5 1070190
Ac9c 0.693441 734811 7302.5 1070190
Tc9c 0.692402 732546 8455.5 1070190
8d7d 0.690789 726903 12373 1070190
8d6c 0.685677 720732 13072.5 1070190
8h6c 0.68511 720204 12993.5 1070190
8s6c 0.68511 720204 12993.5 1070190
8d5c 0.681963 715888 13942.5 1070190
8h5c 0.681414 715385 13857.5 1070190
8s5c 0.681414 715385 13857.5 1070190
QcTc 0.681365 722647 6542.5 1070190
8d6d 0.680423 715303 12878.5 1070190
8d4c 0.67884 712035 14452.5 1070190
8h4c 0.6783 711546 14364 1070190
8s4c 0.6783 711546 14364 1070190
8d5d 0.678037 711879 13749.5 1070190
8d3c 0.677088 710130 14482.5 1070190
8s3c 0.676548 709641 14394 1070190
8h3c 0.676548 709641 14394 1070190
8d4d 0.676171 709369 14262.5 1070190
8d3d 0.675639 708763 14299.5 1070190
8h7d 0.674854 709326 12896 1070190
8s7d 0.674854 709326 12896 1070190
8d7s 0.674652 709066 12940 1070190
8d7h 0.674652 709066 12940 1070190
8h7h 0.674056 708498 12870 1070190
8h7s 0.674056 708498 12870 1070190
8s7s 0.674056 708498 12870 1070190
8s7h 0.674056 708498 12870 1070190
KcQc 0.674015 717606 3718 1070190
Qc9c 0.671217 711787 6542.5 1070190
Ac7c 0.671206 707522 10796 1070190
Ac5c 0.664086 698420 12278.5 1070190
8h6d 0.663691 696867 13409 1070190
8s6d 0.663691 696867 13409 1070190
8d6s 0.663433 696534 13465.5 1070190
8d6h 0.663433 696534 13465.5 1070190
KcTc 0.663131 703517 6159.5 1070190
8h6s 0.662866 696006 13386.5 1070190
8h6h 0.662866 696006 13386.5 1070190
8s6s 0.662866 696006 13386.5 1070190
8s6h 0.662866 696006 13386.5 1070190
Ac6c 0.661893 696859 11492.5 1070190
Ac4c 0.661458 695161 12725 1070190
8h5d 0.661232 693322 14322 1070190
8s5d 0.661232 693322 14322 1070190
8d5h 0.660962 692970 14384.5 1070190
8d5s 0.660962 692970 14384.5 1070190
8s5h 0.660412 692467 14299.5 1070190
8s5s 0.660412 692467 14299.5 1070190
8h5h 0.660412 692467 14299.5 1070190
8h5s 0.660412 692467 14299.5 1070190
Ac3c 0.660082 693688 12725 1070190
8h4d 0.659247 690660 14859.5 1070190
8s4d 0.659247 690660 14859.5 1070190
8d4h 0.658961 690288 14925.5 1070190
8d4s 0.658961 690288 14925.5 1070190
8s3d 0.658665 690000 14896.5 1070190
8h3d 0.658665 690000 14896.5 1070190
8h4s 0.658421 689799 14837 1070190
8h4h 0.658421 689799 14837 1070190
8s4h 0.658421 689799 14837 1070190
8s4s 0.658421 689799 14837 1070190
8d3h 0.658373 689622 14962.5 1070190
8d3s 0.658373 689622 14962.5 1070190
8s3h 0.657834 689133 14874 1070190
8s3s 0.657834 689133 14874 1070190
8h3s 0.657834 689133 14874 1070190
8h3h 0.657834 689133 14874 1070190
Kc9c 0.652221 691306 6694.5 1070190
Kc7c 0.628935 662409 10670.5 1070190
7d7c 0.625659 668346 1228.5 1070190
7s7c 0.624915 667553 1224.5 1070190
7h7c 0.624915 667553 1224.5 1070190
Kc6c 0.619388 651496 11367 1070190
Tc7c 0.616076 648183 11135 1070190
Kc5c 0.615612 646669 12153 1070190
Kc4c 0.612984 643410 12599.5 1070190
Kc3c 0.611608 641937 12599.5 1070190
7s7d 0.601415 642414 1214.5 1070190
7h7d 0.601415 642414 1214.5 1070190
Ac2d 0.601189 639162 4224 1070190
7s7h 0.60067 641621 1210.5 1070190
Ac2s 0.600413 638355 4201.5 1070190
Ac2h 0.600413 638355 4201.5 1070190
9c7c 0.5974 628519 10813 1070190
6d6c 0.596607 637875 607.5 1070190
6s6c 0.595836 637050 607.5 1070190
6h6c 0.595836 637050 607.5 1070190
Qc2d 0.593542 628878 6325 1070190
Qc7c 0.593261 624464 10438 1070190
Qc2s 0.592835 628151 6295 1070190
Qc2h 0.592835 628151 6295 1070190
Kc2d 0.592086 628738 4906 1070190
Kc2s 0.591348 627975 4879.5 1070190
Kc2h 0.591348 627975 4879.5 1070190
Qc6c 0.589268 619172 11456.5 1070190
Ad2d 0.587708 624804 4155.5 1070190
Qc5c 0.585492 614345 12242.5 1070190
Tc2d 0.584952 614434 11576 1070190
Tc2s 0.584297 613790 11519 1070190
Tc2h 0.584297 613790 11519 1070190
Qc4c 0.582864 611086 12689 1070190
Qd2d 0.582666 617365 6198 1070190
Qc3c 0.581487 609613 12689 1070190
Kd2d 0.579923 615797 4831 1070190
9c2d 0.578114 606270 12422 1070190
5d5c 0.577672 617647 571.5 1070190
9c2s 0.577487 605661 12360 1070190
9c2h 0.577487 605661 12360 1070190
Td2d 0.577068 606312 11260 1070190
5h5c 0.576906 616828 571.5 1070190
5s5c 0.576906 616828 571.5 1070190
6s6d 0.572315 611883 603 1070190
6h6d 0.572315 611883 603 1070190
6s6h 0.571544 611058 603 1070190
9d2d 0.571466 599465 12112.5 1070190
Ad2s 0.564573 599910 4290.5 1070190
Ad2h 0.564573 599910 4290.5 1070190
Ah2d 0.564551 599886 4290.5 1070190
As2d 0.564551 599886 4290.5 1070190
Ah2h 0.563776 599079 4268 1070190
Ah2s 0.563776 599079 4268 1070190
As2s 0.563776 599079 4268 1070190
As2h 0.563776 599079 4268 1070190
Qd2h 0.560275 593160 6441 1070190
Qd2s 0.560275 593160 6441 1070190
Qs2d 0.560213 593089 6445 1070190
Qh2d 0.560213 593089 6445 1070190
Qh2h 0.559505 592362 6415 1070190
Qh2s 0.559505 592362 6415 1070190
Qs2s 0.559505 592362 6415 1070190
Qs2h 0.559505 592362 6415 1070190
4d4c 0.557658 596265 535.5 1070190
AcQd 0.557389 590125 6387.5 1070190
4h4c 0.556888 595440 535.5 1070190
4s4c 0.556888 595440 535.5 1070190
AcKd 0.556866 590354 5598.5 1070190
Kd2h 0.556706 590787 4994 1070190
Kd2s 0.556706 590787 4994 1070190
Ks2d 0.55664 590713 4998 1070190
Kh2d 0.55664 590713 4998 1070190
7c2d 0.556621 578681 17009.5 1070190
AcQh 0.556606 589313 6361.5 1070190
AcQs 0.556606 589313 6361.5 1070190
7c2h 0.556062 578183 16909.5 1070190
7c2s 0.556062 578183 16909.5 1070190
AcKh 0.55605 589503 5576 1070190
AcKs 0.55605 589503 5576 1070190
Ks2s 0.555903 589950 4971.5 1070190
Kh2s 0.555903 589950 4971.5 1070190
Kh2h 0.555903 589950 4971.5 1070190
Ks2h 0.555903 589950 4971.5 1070190
AdKc 0.555438 588846 5578.5 1070190
Td2h 0.555221 582444 11747.5 1070190
Td2s 0.555221 582444 11747.5 1070190
Th2d 0.555144 582335 11775 1070190
Ts2d 0.555144 582335 11775 1070190
AhKc 0.554631 588009 5552 1070190
AsKc 0.554631 588009 5552 1070190
Th2h 0.554489 581691 11718 1070190
Th2s 0.554489 581691 11718 1070190
Ts2h 0.554489 581691 11718 1070190
Ts2s 0.554489 581691 11718 1070190
AdQc 0.55414 586650 6385 1070190
5h5d 0.554112 592437 568.5 1070190
5s5d 0.554112 592437 568.5 1070190
AhQc 0.553362 585844 6358.5 1070190
AsQc 0.553362 585844 6358.5 1070190
5s5h 0.553347 591618 568.5 1070190
Tc6c 0.551685 578011 12396.5 1070190
7d2d 0.551177 573142 16722 1070190
9d2s 0.549566 575505 12635 1070190
9d2h 0.549566 575505 12635 1070190
9s2d 0.549462 575361 12667.5 1070190
9h2d 0.549462 575361 12667.5 1070190
Tc9d 0.549077 576602 11015 1070190
9h2s 0.548835 574752 12605.5 1070190
9h2h 0.548835 574752 12605.5 1070190
9s2h 0.548835 574752 12605.5 1070190
9s2s 0.548835 574752 12605.5 1070190
Tc9h 0.548353 575868 10974 1070190
Tc9s 0.548353 575868 10974 1070190
Tc5c 0.547756 573020 13182.5 1070190
Td9c 0.547741 575207 10980 1070190
Ts9c 0.547028 574495 10929 1070190
Th9c 0.547028 574495 10929 1070190
6c2d 0.546538 568233 16666.5 1070190
AcTd 0.54606 574820 9567.5 1070190
6c2h 0.545989 567750 16562 1070190
6c2s 0.545989 567750 16562 1070190
AdQd 0.545758 578053 6011.5 1070190
AdKd 0.545368 578400 5247 1070190
AcTs 0.545315 574053 9538 1070190
AcTh 0.545315 574053 9538 1070190
Tc4c 0.545161 569797 13629 1070190
5c2d 0.544697 566197 16732.5 1070190
5c2s 0.54415 565717 16627 1070190
5c2h 0.54415 565717 16627 1070190
Td9d 0.544046 571837 10396 1070190
Tc3c 0.543785 568324 13629 1070190
4c2d 0.542681 564093 16678.5 1070190
6d2d 0.542356 564006 16418 1070190
4c2h 0.542134 563613 16573 1070190
4c2s 0.542134 563613 16573 1070190
5d2d 0.541785 563329 16483.5 1070190
4d2d 0.540997 562539 16431 1070190
3c2d 0.540822 562158 16624.5 1070190
3d2d 0.540368 561918 16378.5 1070190
3c2s 0.540275 561678 16519 1070190
3c2h 0.540275 561678 16519 1070190
AdTc 0.538829 567091 9558.5 1070190
AsTc 0.538091 566340 9520 1070190
AhTc 0.538091 566340 9520 1070190
3d3c 0.537803 575052 499.5 1070190
3h3c 0.537027 574221 499.5 1070190
3s3c 0.537027 574221 499.5 1070190
4h4d 0.53464 571632 534 1070190
4s4d 0.53464 571632 534 1070190
AdTd 0.534181 562676 8999 1070190
4s4h 0.533869 570807 534 1070190
9c6c 0.532746 558065 12074.5 1070190
Ac9d 0.528956 555801 10282.5 1070190
9c5c 0.528917 553288 12753.5 1070190
7d2h 0.528292 547918 17455 1070190
7d2s 0.528292 547918 17455 1070190
Ac9s 0.528216 555038 10253 1070190
Ac9h 0.528216 555038 10253 1070190
7s2d 0.528095 547633 17529 1070190
7h2d 0.528095 547633 17529 1070190
7s2h 0.527536 547135 17429 1070190
7h2h 0.527536 547135 17429 1070190
7h2s 0.527536 547135 17429 1070190
7s2s 0.527536 547135 17429 1070190
Ts9d 0.522726 548575 10841 1070190
Th9d 0.522726 548575 10841 1070190
Td9h 0.522715 548553 10851 1070190
Td9s 0.522715 548553 10851 1070190
Ts9s 0.522002 547841 10800 1070190
Ts9h 0.522002 547841 10800 1070190
Th9h 0.522002 547841 10800 1070190
Th9s 0.522002 547841 10800 1070190
AhQd 0.521503 551795 6312 1070190
AsQd 0.521503 551795 6312 1070190
AdQh 0.521498 551789 6312.5 1070190
AdQs 0.521498 551789 6312.5 1070190
QcTd 0.520994 548630 8932.5 1070190
AsQh 0.52072 550983 6286 1070190
AhQh 0.52072 550983 6286 1070190
AhQs 0.52072 550983 6286 1070190
AsQs 0.52072 550983 6286 1070190
AhKd 0.520634 551684 5493.5 1070190
AsKd 0.520634 551684 5493.5 1070190
AdKh 0.520625 551670 5497.5 1070190
AdKs 0.520625 551670 5497.5 1070190
Ad9c 0.520485 546754 10263.5 1070190
QcTs 0.520261 547876 8902 1070190
QcTh 0.520261 547876 8902 1070190
AsKs 0.519818 550833 5471 1070190
AsKh 0.519818 550833 5471 1070190
AhKh 0.519818 550833 5471 1070190
AhKs 0.519818 550833 5471 1070190
Ah9c 0.519782 546045 10220 1070190
As9c 0.519782 546045 10220 1070190
6d2s 0.518829 538119 17127 1070190
6d2h 0.518829 538119 17127 1070190
6s2d 0.518595 537786 17209 1070190
6h2d 0.518595 537786 17209 1070190
9c4c 0.518507 541647 13253.5 1070190
5d2s 0.518348 537531 17199.5 1070190
5d2h 0.518348 537531 17199.5 1070190
5h2d 0.518117 537201 17282.5 1070190
5s2d 0.518117 537201 17282.5 1070190
6s2s 0.518046 537303 17104.5 1070190
6h2h 0.518046 537303 17104.5 1070190
6h2s 0.518046 537303 17104.5 1070190
6s2h 0.518046 537303 17104.5 1070190
Ad9d 0.517617 544305 9644 1070190
5h2h 0.51757 536721 17177 1070190
5s2s 0.51757 536721 17177 1070190
5h2s 0.51757 536721 17177 1070190
5s2h 0.51757 536721 17177 1070190
4d2h 0.517536 536715 17147 1070190
4d2s 0.517536 536715 17147 1070190
4s2d 0.5173 536379 17230 1070190
4h2d 0.5173 536379 17230 1070190
QdTc 0.517164 544570 8893.5 1070190
9c3c 0.51713 540174 13253.5 1070190
3d2h 0.516856 536040 17094.5 1070190
3d2s 0.516856 536040 17094.5 1070190
4h2s 0.516753 535899 17124.5 1070190
4s2h 0.516753 535899 17124.5 1070190
4h2h 0.516753 535899 17124.5 1070190
4s2s 0.516753 535899 17124.5 1070190
3h2d 0.516614 535698 17177.5 1070190
3s2d 0.516614 535698 17177.5 1070190
QsTc 0.516422 543822 8848 1070190
QhTc 0.516422 543822 8848 1070190
3h2h 0.516067 535218 17072 1070190
3s2s 0.516067 535218 17072 1070190
3s2h 0.516067 535218 17072 1070190
3h2s 0.516067 535218 17072 1070190
3h3d 0.515299 550968 499.5 1070190
3s3d 0.515299 550968 499.5 1070190
3s3h 0.514522 550137 499.5 1070190
QdTd 0.513151 540763 8406 1070190
AsTd 0.510246 536575 9485.5 1070190
AhTd 0.510246 536575 9485.5 1070190
AdTs 0.51024 536559 9494.5 1070190
AdTh 0.51024 536559 9494.5 1070190
AsTs 0.509502 535808 9456 1070190
AsTh 0.509502 535808 9456 1070190
AhTs 0.509502 535808 9456 1070190
AhTh 0.509502 535808 9456 1070190
Qc9d 0.504752 531248 8932.5 1070190
Qc9s 0.504022 530497 8902 1070190
Qc9h 0.504022 530497 8902 1070190
7c6c 0.503011 524783 13534.5 1070190
Qd9c 0.499754 525938 8893.5 1070190
7c5c 0.499183 520007 14213.5 1070190
Qs9c 0.499043 525223 8848 1070190
Qh9c 0.499043 525223 8848 1070190
KcQd 0.497562 527049 5437 1070190
Qd9d 0.497442 523951 8406 1070190
KcQh 0.496808 526264 5414.5 1070190
KcQs 0.496808 526264 5414.5 1070190
KdQc 0.495655 525026 5419.5 1070190
Ac7d 0.495292 514217 15839.5 1070190
KsQc 0.494872 524214 5393.5 1070190
KhQc 0.494872 524214 5393.5 1070190
Ac7s 0.494585 513486 15813.5 1070190
Ac7h 0.494585 513486 15813.5 1070190
Ah9d 0.492787 517190 10185.5 1070190
As9d 0.492787 517190 10185.5 1070190
Ad9h 0.492749 517136 10199.5 1070190
Ad9s 0.492749 517136 10199.5 1070190
As9h 0.492046 516427 10156 1070190
Ah9h 0.492046 516427 10156 1070190
As9s 0.492046 516427 10156 1070190
Ah9s 0.492046 516427 10156 1070190
QdTh 0.489001 514536 8788.5 1070190
QdTs 0.489001 514536 8788.5 1070190
QhTd 0.488993 514542 8773.5 1070190
QsTd 0.488993 514542 8773.5 1070190
7c4c 0.488956 508616 14660 1070190
KdQd 0.488864 518083 5094 1070190
QsTh 0.48826 513788 8743 1070190
QsTs 0.48826 513788 8743 1070190
QhTs 0.48826 513788 8743 1070190
QhTh 0.48826 513788 8743 1070190
6c5c 0.487184 508513 12866.5 1070190
KcTd 0.487048 512617 8617 1070190
KcTs 0.486331 511876 8591 1070190
KcTh 0.486331 511876 8591 1070190
Ad7c 0.485501 504037 15541 1070190
Ah7c 0.484853 503407 15477.5 1070190
As7c 0.484853 503407 15477.5 1070190
Ad7d 0.4844 503503 14897.5 1070190
Ac5d 0.484143 499910 18215.5 1070190
Ac5h 0.483413 499151 18193 1070190
Ac5s 0.483413 499151 18193 1070190
KdTc 0.481165 506345 8593 1070190
KhTc 0.480422 505588 8555 1070190
KsTc 0.480422 505588 8555 1070190
Ac4d 0.480265 495037 18938 1070190
Ac6d 0.479713 496435 16949.5 1070190
Ac4s 0.479529 494272 18915.5 1070190
Ac4h 0.479529 494272 18915.5 1070190
7c3c 0.479477 498472 14660 1070190
Ac6s 0.47898 495673 16927 1070190
Ac6h 0.47898 495673 16927 1070190
Ac3d 0.478412 493054 18938 1070190
6c4c 0.478146 498394 13313 1070190
KdTd 0.478079 503554 8081.5 1070190
Ac3s 0.477671 492283 18915.5 1070190
Ac3h 0.477671 492283 18915.5 1070190
5c4c 0.474999 496462 11877 1070190
Ad5d 0.473696 489827 17118 1070190
Qs9d 0.472412 496797 8773.5 1070190
Qh9d 0.472412 496797 8773.5 1070190
Qd9s 0.472392 496761 8788.5 1070190
Qd9h 0.472392 496761 8788.5 1070190
Ad5c 0.471965 487298 17794.5 1070190
Qh9h 0.471682 496046 8743 1070190
Qh9s 0.471682 496046 8743 1070190
Qs9h 0.471682 496046 8743 1070190
Qs9s 0.471682 496046 8743 1070190
As5c 0.471354 486722 17716 1070190
Ah5c 0.471354 486722 17716 1070190
Kc9d 0.469945 493598 9332 1070190
Ad4d 0.469892 485075 17799 1070190
Ad6d 0.469396 486419 15924 1070190
Kc9s 0.469232 492861 9306 1070190
Kc9h 0.469232 492861 9306 1070190
Ad6c 0.468948 485293 16570.5 1070190
6c3c 0.468801 488393 13313 1070190
As6c 0.468327 484701 16498 1070190
Ah6c 0.468327 484701 16498 1070190
Ad3d 0.467997 483047 17799 1070190
Ad4c 0.466792 481063 18493.5 1070190
Ah4c 0.466191 480501 18411.5 1070190
As4c 0.466191 480501 18411.5 1070190
5c3c 0.465655 486462 11877 1070190
Ad3c 0.463605 477652 18493.5 1070190
As3c 0.463003 477090 18411.5 1070190
Ah3c 0.463003 477090 18411.5 1070190
Kd9c 0.462821 486008 9298 1070190
Kh9c 0.462112 485293 9255 1070190
Ks9c 0.462112 485293 9255 1070190
KdQh 0.461866 488946 5338.5 1070190
KdQs 0.461866 488946 5338.5 1070190
KhQd 0.461838 488919 5335 1070190
KsQd 0.461838 488919 5335 1070190
Kd9d 0.461516 485183 8726.5 1070190
KhQs 0.461083 488134 5312.5 1070190
KhQh 0.461083 488134 5312.5 1070190
KsQh 0.461083 488134 5312.5 1070190
KsQs 0.461083 488134 5312.5 1070190
Ah7d 0.45822 474777 15605 1070190
As7d 0.45822 474777 15605 1070190
4c3c 0.458179 480344 9994.5 1070190
Ad7s 0.45816 474676 15642.5 1070190
Ad7h 0.45816 474676 15642.5 1070190
As7s 0.457512 474046 15579 1070190
As7h 0.457512 474046 15579 1070190
Ah7s 0.457512 474046 15579 1070190
Ah7h 0.457512 474046 15579 1070190
KdTh 0.451454 474621 8520.5 1070190
KdTs 0.451454 474621 8520.5 1070190
KsTd 0.451428 474605 8508.5 1070190
KhTd 0.451428 474605 8508.5 1070190
KsTh 0.450711 473864 8482.5 1070190
KhTs 0.450711 473864 8482.5 1070190
KhTh 0.450711 473864 8482.5 1070190
KsTs 0.450711 473864 8482.5 1070190
As5d 0.446984 460421 17936.5 1070190
Ah5d 0.446984 460421 17936.5 1070190
Ad5s 0.446865 460238 17992.5 1070190
Ad5h 0.446865 460238 17992.5 1070190
As5s 0.446253 459662 17914 1070190
As5h 0.446253 459662 17914 1070190
Ah5h 0.446253 459662 17914 1070190
Ah5s 0.446253 459662 17914 1070190
As4d 0.443021 455461 18656 1070190
Ah4d 0.443021 455461 18656 1070190
Ad4s 0.442887 455258 18715.5 1070190
Ad4h 0.442887 455258 18715.5 1070190
As4s 0.442285 454696 18633.5 1070190
As4h 0.442285 454696 18633.5 1070190
Ah4h 0.442285 454696 18633.5 1070190
Ah4s 0.442285 454696 18633.5 1070190
As6d 0.442245 456610 16676.5 1070190
Ah6d 0.442245 456610 16676.5 1070190
Ad6h 0.442133 456440 16726.5 1070190
Ad6s 0.442133 456440 16726.5 1070190
Ah6s 0.441512 455848 16654 1070190
As6s 0.441512 455848 16654 1070190
Ah6h 0.441512 455848 16654 1070190
As6h 0.441512 455848 16654 1070190
As3d 0.441076 453379 18656 1070190
Ah3d 0.441076 453379 18656 1070190
Ad3h 0.440936 453170 18715.5 1070190
Ad3s 0.440936 453170 18715.5 1070190
As3h 0.440334 452608 18633.5 1070190
Ah3s 0.440334 452608 18633.5 1070190
As3s 0.440334 452608 18633.5 1070190
Ah3h 0.440334 452608 18633.5 1070190
Kc7d 0.434565 449389 15678 1070190
Kh9d 0.433968 455220 9208.5 1070190
Ks9d 0.433968 455220 9208.5 1070190
Kd9s 0.433964 455198 9225.5 1070190
Kd9h 0.433964 455198 9225.5 1070190
Kc7s 0.43389 448693 15652 1070190
Kc7h 0.43389 448693 15652 1070190
Ks9h 0.433255 454483 9182.5 1070190
Kh9s 0.433255 454483 9182.5 1070190
Kh9h 0.433255 454483 9182.5 1070190
Ks9s 0.433255 454483 9182.5 1070190
Tc7d 0.431083 445755 15585.5 1070190
Tc7h 0.430422 445081 15552.5 1070190
Tc7s 0.430422 445081 15552.5 1070190
Td7c 0.428512 443262 15327 1070190
Td7d 0.428394 443786 14676.5 1070190
Th7c 0.42788 442648 15264.5 1070190
Ts7c 0.42788 442648 15264.5 1070190
Kd7d 0.426633 441834 14744.5 1070190
Kd7c 0.426095 440621 15382 1070190
Ks7c 0.425442 439985 15319 1070190
Kh7c 0.425442 439985 15319 1070190
Kc6d 0.418606 431200 16788 1070190
Kc6s 0.417907 430474 16765.5 1070190
Kc6h 0.417907 430474 16765.5 1070190
Kc5d 0.413225 424175 18054 1070190
Kc5s 0.41253 423454 18031.5 1070190
Kc5h 0.41253 423454 18031.5 1070190
Kd6d 0.41126 424355 15771 1070190
Kc4d 0.409346 419302 18776.5 1070190
Kd6c 0.409158 421465 16411.5 1070190
Kc4h 0.408646 418575 18754 1070190
Kc4s 0.408646 418575 18754 1070190
Kh6c 0.408532 420867 16339.5 1070190
Ks6c 0.408532 420867 16339.5 1070190
Kc3d 0.407494 417319 18776.5 1070190
Kc3h 0.406788 416586 18754 1070190
Kc3s 0.406788 416586 18754 1070190
Kd5d 0.405976 417506 16965 1070190
9c7d 0.404918 418184 15155.5 1070190
9c7s 0.404286 417540 15122.5 1070190
9c7h 0.404286 417540 15122.5 1070190
9d7d 0.404198 418291 14277.5 1070190
9d7c 0.403498 416915 14904 1070190
9s7c 0.402864 416297 14843.5 1070190
9h7c 0.402864 416297 14843.5 1070190
Kd5c 0.402396 413005 17635.5 1070190
Kd4d 0.402172 412754 17646 1070190
Kh5c 0.401788 412432 17557.5 1070190
Ks5c 0.401788 412432 17557.5 1070190
Ts7d 0.401206 414019 15348 1070190
Th7d 0.401206 414019 15348 1070190
Td7h 0.401178 413959 15377.5 1070190
Td7s 0.401178 413959 15377.5 1070190
Ts7s 0.400546 413345 15315 1070190
Ts7h 0.400546 413345 15315 1070190
Th7h 0.400546 413345 15315 1070190
Th7s 0.400546 413345 15315 1070190
Kd3d 0.400277 410726 17646 1070190
Ks7d 0.397621 410084 15446.5 1070190
Kh7d 0.397621 410084 15446.5 1070190
Kd7s 0.3976 410024 15483.5 1070190
Kd7h 0.3976 410024 15483.5 1070190
Kd4c 0.397223 406770 18334.5 1070190
Kh7s 0.396947 409388 15420.5 1070190
Kh7h 0.396947 409388 15420.5 1070190
Ks7s 0.396947 409388 15420.5 1070190
Ks7h 0.396947 409388 15420.5 1070190
Kh4c 0.396625 406211 18253 1070190
Ks4c 0.396625 406211 18253 1070190
Kd3c 0.394036 403359 18334.5 1070190
Ks3c 0.393438 402800 18253 1070190
Kh3c 0.393438 402800 18253 1070190
Qc7d 0.384762 396377 15391 1070190
Qc7h 0.384115 395708 15368.5 1070190
Qc7s 0.384115 395708 15368.5 1070190
Kh6d 0.381253 391495 16518 1070190
Ks6d 0.381253 391495 16518 1070190
Kd6s 0.38118 391367 16567.5 1070190
Kd6h 0.38118 391367 16567.5 1070190
Ks6h 0.380553 390769 16495.5 1070190
Kh6h 0.380553 390769 16495.5 1070190
Kh6s 0.380553 390769 16495.5 1070190
Ks6s 0.380553 390769 16495.5 1070190
Qd7d 0.379573 391753 14462.5 1070190
Qd7c 0.378046 389517 15064.5 1070190
Qc6d 0.377894 387397 17021.5 1070190
Qh7c 0.377418 388909 14999.5 1070190
Qs7c 0.377418 388909 14999.5 1070190
Qc6h 0.377223 386701 16999 1070190
Qc6s 0.377223 386701 16999 1070190
9d7h 0.37606 387501 14954.5 1070190
9d7s 0.37606 387501 14954.5 1070190
9s7d 0.376058 387527 14927 1070190
9h7d 0.376058 387527 14927 1070190
Kh5d 0.375793 384392 17778 1070190
Ks5d 0.375793 384392 17778 1070190
Kd5s 0.375707 384244 17833.5 1070190
Kd5h 0.375707 384244 17833.5 1070190
9s7h 0.375426 386883 14894 1070190
9s7s 0.375426 386883 14894 1070190
9h7s 0.375426 386883 14894 1070190
9h7h 0.375426 386883 14894 1070190
Kh5s 0.375098 383671 17755.5 1070190
Kh5h 0.375098 383671 17755.5 1070190
Ks5s 0.375098 383671 17755.5 1070190
Ks5h 0.375098 383671 17755.5 1070190
Qd6d 0.373111 383298 16001.5 1070190
Qc5d 0.372513 380372 18287.5 1070190
Qc5h 0.371846 379681 18265 1070190
Qc5s 0.371846 379681 18265 1070190
Ks4d 0.371831 379432 18497.5 1070190
Kh4d 0.371831 379432 18497.5 1070190
Kd4h 0.371729 379264 18556.5 1070190
Kd4s 0.371729 379264 18556.5 1070190
Ks4s 0.37113 378705 18475 1070190
Ks4h 0.37113 378705 18475 1070190
Kh4h 0.37113 378705 18475 1070190
Kh4s 0.37113 378705 18475 1070190
Qd6c 0.370186 379530 16639.5 1070190
Ks3d 0.369885 377350 18497.5 1070190
Kh3d 0.369885 377350 18497.5 1070190
Kd3s 0.369778 377176 18556.5 1070190
Kd3h 0.369778 377176 18556.5 1070190
Qs6c 0.369581 378955 16567 1070190
Qh6c 0.369581 378955 16567 1070190
Ks3h 0.369179 376617 18475 1070190
Ks3s 0.369179 376617 18475 1070190
Kh3h 0.369179 376617 18475 1070190
Kh3s 0.369179 376617 18475 1070190
Qc4d 0.368635 375499 19010 1070190
Qc4h 0.367962 374802 18987.5 1070190
Qc4s 0.367962 374802 18987.5 1070190
Qd5d 0.367827 376449 17195.5 1070190
Qc3d 0.366782 373516 19010 1070190
Qc3s 0.366104 372813 18987.5 1070190
Qc3h 0.366104 372813 18987.5 1070190
Qd4d 0.364023 371697 17876.5 1070190
Qd5c 0.363425 371070 17863.5 1070190
Qh5c 0.362837 370520 17785 1070190
Qs5c 0.362837 370520 17785 1070190
Qd3d 0.362128 369669 17876.5 1070190
Qd4c 0.358252 364835 18562.5 1070190
Qs4c 0.357674 364299 18480.5 1070190
Qh4c 0.357674 364299 18480.5 1070190
Qd3c 0.355065 361424 18562.5 1070190
Qh3c 0.354487 360888 18480.5 1070190
Qs3c 0.354487 360888 18480.5 1070190
Qs7d 0.348629 357955 15144.5 1070190
Qh7d 0.348629 357955 15144.5 1070190
Qd7h 0.348612 357894 15187 1070190
Qd7s 0.348612 357894 15187 1070190
Qs7h 0.347983 357286 15122 1070190
Qh7s 0.347983 357286 15122 1070190
Qh7h 0.347983 357286 15122 1070190
Qs7s 0.347983 357286 15122 1070190
Qh6d 0.341739 348960 16766 1070190
Qs6d 0.341739 348960 16766 1070190
Qd6s 0.341673 348839 16816 1070190
Qd6h 0.341673 348839 16816 1070190
Qs6h 0.341068 348264 16743.5 1070190
Qh6h 0.341068 348264 16743.5 1070190
Qh6s 0.341068 348264 16743.5 1070190
Qs6s 0.341068 348264 16743.5 1070190
Qh5d 0.33628 341857 18026 1070190
Qs5d 0.33628 341857 18026 1070190
Qd5h 0.3362 341716 18082 1070190
Qd5s 0.3362 341716 18082 1070190
Qh5s 0.335613 341166 18003.5 1070190
Qs5s 0.335613 341166 18003.5 1070190
Qs5h 0.335613 341166 18003.5 1070190
Qh5h 0.335613 341166 18003.5 1070190
Qs4d 0.332317 336897 18745.5 1070190
Qh4d 0.332317 336897 18745.5 1070190
Qd4h 0.332222 336736 18805 1070190
Qd4s 0.332222 336736 18805 1070190
Qs4h 0.331645 336200 18723 1070190
Qs4s 0.331645 336200 18723 1070190
Qh4h 0.331645 336200 18723 1070190
Qh4s 0.331645 336200 18723 1070190
Tc6d 0.330505 335799 17904 1070190
Qs3d 0.330372 334815 18745.5 1070190
Qh3d 0.330372 334815 18745.5 1070190
Qd3s 0.330271 334648 18805 1070190
Qd3h 0.330271 334648 18805 1070190
Td6d 0.330134 336488 16818 1070190
Tc6s 0.329864 335138 17879 1070190
Tc6h 0.329864 335138 17879 1070190
Qs3s 0.329694 334112 18723 1070190
Qs3h 0.329694 334112 18723 1070190
Qh3s 0.329694 334112 18723 1070190
Qh3h 0.329694 334112 18723 1070190
Td6c 0.326724 332125 17532 1070190
Ts6c 0.326146 331576 17462 1070190
Th6c 0.326146 331576 17462 1070190
Tc5d 0.325124 328774 19170 1070190
Td5d 0.32485 329639 18012 1070190
Tc5h 0.324487 328118 19145 1070190
Tc5s 0.324487 328118 19145 1070190
Tc4d 0.3213 323960 19892.5 1070190
Td4d 0.321101 324946 18693 1070190
Tc4h 0.320659 323299 19867.5 1070190
Tc4s 0.320659 323299 19867.5 1070190
Td5c 0.319963 323665 18756 1070190
Tc3d 0.319447 321977 19892.5 1070190
Ts5c 0.319402 323141 18680 1070190
Th5c 0.319402 323141 18680 1070190
Td3d 0.319206 322918 18693 1070190
Tc3s 0.318801 321310 19867.5 1070190
Tc3h 0.318801 321310 19867.5 1070190
Td4c 0.31484 317484 19455 1070190
Ts4c 0.31429 316974 19375.5 1070190
Th4c 0.31429 316974 19375.5 1070190
Td3c 0.311653 314073 19455 1070190
Th3c 0.311102 313563 19375.5 1070190
Ts3c 0.311102 313563 19375.5 1070190
9d6d 0.305643 310677 16419 1070190
9c6d 0.304007 307871 17474 1070190
9c6s 0.303392 307238 17449 1070190
9c6h 0.303392 307238 17449 1070190
9d6c 0.301475 305526 17109 1070190
9h6c 0.300895 304974 17041 1070190
9s6c 0.300895 304974 17041 1070190
9d5d 0.300516 304164 17445 1070190
9c5d 0.298793 301204 18561 1070190
9c5s 0.298183 300576 18536 1070190
9c5h 0.298183 300576 18536 1070190
Ts6d 0.297596 300812 17672 1070190
Th6d 0.297596 300812 17672 1070190
Td6h 0.297533 300700 17717 1070190
Td6s 0.297533 300700 17717 1070190
Ts6h 0.296955 300151 17647 1070190
Ts6s 0.296955 300151 17647 1070190
Th6s 0.296955 300151 17647 1070190
Th6h 0.296955 300151 17647 1070190
9d5c 0.294876 297414 18159 1070190
9h5c 0.294313 296885 18086 1070190
9s5c 0.294313 296885 18086 1070190
Th5d 0.292136 293709 18932 1070190
Ts5d 0.292136 293709 18932 1070190
Td5s 0.29206 293577 18983 1070190
Td5h 0.29206 293577 18983 1070190
Th5s 0.2915 293053 18907 1070190
Ts5h 0.2915 293053 18907 1070190
Ts5s 0.2915 293053 18907 1070190
Th5h 0.2915 293053 18907 1070190
Th4d 0.288232 288811 19651.5 1070190
Ts4d 0.288232 288811 19651.5 1070190
Td4h 0.288141 288660 19706 1070190
Td4s 0.288141 288660 19706 1070190
Th4s 0.287591 288150 19626.5 1070190
Ts4h 0.287591 288150 19626.5 1070190
Ts4s 0.287591 288150 19626.5 1070190
Th4h 0.287591 288150 19626.5 1070190
Th3d 0.286286 286729 19651.5 1070190
Ts3d 0.286286 286729 19651.5 1070190
Td3h 0.28619 286572 19706 1070190
Td3s 0.28619 286572 19706 1070190
Th3s 0.285639 286062 19626.5 1070190
Th3h 0.285639 286062 19626.5 1070190
Ts3h 0.285639 286062 19626.5 1070190
Ts3s 0.285639 286062 19626.5 1070190
9d4d 0.284559 286322 18210 1070190
9d3d 0.282664 284294 18210 1070190
9c4d 0.282485 282940 19373 1070190
9c4h 0.281877 282314 19348 1070190
9c4s 0.281877 282314 19348 1070190
9c3d 0.280632 280957 19373 1070190
9c3h 0.280019 280325 19348 1070190
9c3s 0.280019 280325 19348 1070190
9d4c 0.277257 277773 18945 1070190
9h4c 0.276709 277263 18868 1070190
9s4c 0.276709 277263 18868 1070190
9d3c 0.27407 274362 18945 1070190
9h3c 0.273522 273852 18868 1070190
9s3c 0.273522 273852 18868 1070190
9h6d 0.272168 274020 17251 1070190
9s6d 0.272168 274020 17251 1070190
9d6h 0.272132 273939 17294 1070190
9d6s 0.272132 273939 17294 1070190
9s6s 0.271553 273387 17226 1070190
9h6s 0.271553 273387 17226 1070190
9s6h 0.271553 273387 17226 1070190
9h6h 0.271553 273387 17226 1070190
9h5d 0.266875 267275 18332 1070190
9s5d 0.266875 267275 18332 1070190
9d5h 0.266827 267176 18380 1070190
9d5s 0.266827 267176 18380 1070190
9h5h 0.266265 266647 18307 1070190
9h5s 0.266265 266647 18307 1070190
9s5h 0.266265 266647 18307 1070190
9s5s 0.266265 266647 18307 1070190
7d6d 0.265275 265980 17915 1070190
7c6d 0.26151 260874 18991 1070190
7c6h 0.260939 260296 18958.5 1070190
7c6s 0.260939 260296 18958.5 1070190
7d6c 0.260565 260046 18808.5 1070190
7d5d 0.260148 259467 18941 1070190
7h6c 0.260035 259538 18748.5 1070190
7s6c 0.260035 259538 18748.5 1070190
7c5d 0.256296 254207 20078 1070190
7c5h 0.25573 253634 20045.5 1070190
7c5s 0.25573 253634 20045.5 1070190
7d5c 0.253967 251934 19858.5 1070190
7h5c 0.253453 251449 19793.5 1070190
7s5c 0.253453 251449 19793.5 1070190
9s4d 0.249971 248375 19141 1070190
9h4d 0.249971 248375 19141 1070190
9d4h 0.249911 248259 19193 1070190
9d4s 0.249911 248259 19193 1070190
9s4h 0.249362 247749 19116 1070190
9s4s 0.249362 247749 19116 1070190
9h4h 0.249362 247749 19116 1070190
9h4s 0.249362 247749 19116 1070190
9s3d 0.248025 246293 19141 1070190
9h3d 0.248025 246293 19141 1070190
9d3h 0.24796 246171 19193 1070190
9d3s 0.24796 246171 19193 1070190
9s3s 0.247411 245661 19116 1070190
9s3h 0.247411 245661 19116 1070190
9h3s 0.247411 245661 19116 1070190
9h3h 0.247411 245661 19116 1070190
7d4d 0.244482 242020 19622 1070190
6d5d 0.243284 243577 16783 1070190
7c4d 0.240285 236350 20800.5 1070190
7c4h 0.23972 235778 20768 1070190
7c4s 0.23972 235778 20768 1070190
6c5d 0.23779 236687 17793.5 1070190
6c5h 0.237249 236141 17760 1070190
6c5s 0.237249 236141 17760 1070190
7d4c 0.236652 232705 20557.5 1070190
6d5c 0.236544 235494 17653.5 1070190
7s4c 0.236152 232239 20489 1070190
7h4c 0.236152 232239 20489 1070190
6s5c 0.236018 234985 17599 1070190
6h5c 0.236018 234985 17599 1070190
7h6d 0.230368 227688 18849.5 1070190
7s6d 0.230368 227688 18849.5 1070190
7d6s 0.230328 227618 18877 1070190
7d6h 0.230328 227618 18877 1070190
7d3d 0.229986 226507 19622 1070190
7h6h 0.229798 227110 18817 1070190
7s6h 0.229798 227110 18817 1070190
7s6s 0.229798 227110 18817 1070190
7h6s 0.229798 227110 18817 1070190
6d4d 0.229517 228163 17464 1070190
5d4d 0.227047 227764 15219 1070190
7c3d 0.225539 220569 20800.5 1070190
7h5d 0.225075 220943 19930.5 1070190
7s5d 0.225075 220943 19930.5 1070190
7d5s 0.225024 220855 19963 1070190
7d5h 0.225024 220855 19963 1070190
7c3h 0.224977 220000 20768 1070190
7c3s 0.224977 220000 20768 1070190
7s5s 0.22451 220370 19898 1070190
7s5h 0.22451 220370 19898 1070190
7h5s 0.22451 220370 19898 1070190
7h5h 0.22451 220370 19898 1070190
6c4d 0.223725 220912 18516 1070190
6c4s 0.223183 220366 18482.5 1070190
6c4h 0.223183 220366 18482.5 1070190
6d4c 0.22118 218352 18352.5 1070190
6h4c 0.220668 217862 18294.5 1070190
6s4c 0.220668 217862 18294.5 1070190
7d3c 0.220553 215476 20557.5 1070190
7h3c 0.220058 215015 20489 1070190
7s3c 0.220058 215015 20489 1070190
5c4d 0.219843 219136 16138 1070190
5c4s 0.219322 218612 16104 1070190
5c4h 0.219322 218612 16104 1070190
5d4c 0.218681 217980 16050.5 1070190
5h4c 0.218176 217487 16003 1070190
5s4c 0.218176 217487 16003 1070190
6d3d 0.215234 212877 17464 1070190
5d3d 0.212763 212478 15219 1070190
6c3d 0.209192 205359 18516 1070190
6c3s 0.208652 204815 18482.5 1070190
6c3h 0.208652 204815 18482.5 1070190
7s4d 0.208482 202465 20650 1070190
7h4d 0.208482 202465 20650 1070190
7d4s 0.208416 202359 20686 1070190
7d4h 0.208416 202359 20686 1070190
7s4h 0.207917 201893 20617.5 1070190
7s4s 0.207917 201893 20617.5 1070190
7h4s 0.207917 201893 20617.5 1070190
7h4h 0.207917 201893 20617.5 1070190
6h5d 0.207387 204279 17664.5 1070190
6s5d 0.207387 204279 17664.5 1070190
6d5h 0.207372 204242 17685.5 1070190
6d5s 0.207372 204242 17685.5 1070190
6s5s 0.206846 203733 17631 1070190
6s5h 0.206846 203733 17631 1070190
6h5h 0.206846 203733 17631 1070190
6h5s 0.206846 203733 17631 1070190
5c3d 0.20531 203583 16138 1070190
6d3c 0.205303 201361 18352.5 1070190
6s3c 0.204797 200877 18294.5 1070190
6h3c 0.204797 200877 18294.5 1070190
5c3s 0.204791 203061 16104 1070190
5c3h 0.204791 203061 16104 1070190
4d3d 0.202921 204871 12293 1070190
5d3c 0.202805 200989 16050.5 1070190
5h3c 0.202305 200502 16003 1070190
5s3c 0.202305 200502 16003 1070190
4c3d 0.193859 194422 13043.5 1070190
4c3h 0.193365 193928 13009.5 1070190
4c3s 0.193365 193928 13009.5 1070190
7h3d 0.193116 186021 20650 1070190
7s3d 0.193116 186021 20650 1070190
7d3h 0.193049 185913 20686 1070190
7d3s 0.193049 185913 20686 1070190
6h4d 0.19282 187970 18384 1070190
6s4d 0.19282 187970 18384 1070190
6d4h 0.192791 187914 18408.5 1070190
6d4s 0.192791 187914 18408.5 1070190
4d3c 0.192641 193119 13043.5 1070190
7h3h 0.192554 185452 20617.5 1070190
7h3s 0.192554 185452 20617.5 1070190
7s3h 0.192554 185452 20617.5 1070190
7s3s 0.192554 185452 20617.5 1070190
6s4s 0.192278 187424 18350.5 1070190
6s4h 0.192278 187424 18350.5 1070190
6h4s 0.192278 187424 18350.5 1070190
6h4h 0.192278 187424 18350.5 1070190
4h3c 0.192151 192629 13009.5 1070190
4s3c 0.192151 192629 13009.5 1070190
5h4d 0.190574 187921 16029.5 1070190
5s4d 0.190574 187921 16029.5 1070190
5d4h 0.190558 187890 16043 1070190
5d4s 0.190558 187890 16043 1070190
5s4s 0.190053 187397 15995.5 1070190
5h4h 0.190053 187397 15995.5 1070190
5s4h 0.190053 187397 15995.5 1070190
5h4s 0.190053 187397 15995.5 1070190
6h3d 0.177682 171769 18384 1070190
6s3d 0.177682 171769 18384 1070190
6d3s 0.177648 171709 18408.5 1070190
6d3h 0.177648 171709 18408.5 1070190
6h3h 0.177142 171225 18350.5 1070190
6s3s 0.177142 171225 18350.5 1070190
6s3h 0.177142 171225 18350.5 1070190
6h3s 0.177142 171225 18350.5 1070190
5s3d 0.175436 171720 16029.5 1070190
5h3d 0.175436 171720 16029.5 1070190
5d3s 0.175416 171685 16043 1070190
5d3h 0.175416 171685 16043 1070190
5s3h 0.174916 171198 15995.5 1070190
5s3s 0.174916 171198 15995.5 1070190
5h3s 0.174916 171198 15995.5 1070190
5h3h 0.174916 171198 15995.5 1070190
4s3d 0.16515 163787 12955 1070190
4h3d 0.16515 163787 12955 1070190
4d3s 0.165146 163783 12955 1070190
4d3h 0.165146 163783 12955 1070190
4h3s 0.164657 163293 12921 1070190
4h3h 0.164657 163293 12921 1070190
4s3s 0.164657 163293 12921 1070190
4s3h 0.164657 163293 12921 1070190
