QsQc 0.957428 1024630 0 1070190
QhQc 0.957428 1024630 0 1070190
QsQh 0.94188 1007991 0 1070190
9s9d 0.936289 1001943 64.5 1070190
9h9d 0.936289 1001943 64.5 1070190
9s9h 0.935911 1001538 64.5 1070190
2h2d 0.927183 992142 120 1070190
2s2d 0.927183 992142 120 1070190
2s2h 0.92681 991743 120 1070190
Qc9d 0.915833 977371 2744 1070190
Qc9s 0.91537 976876 2744 1070190
Qc9h 0.91537 976876 2744 1070190
AcQc 0.911832 973473 2361 1070190
KcQc 0.90792 968187 3459.5 1070190
Qs9d 0.89904 959391 2753 1070190
Qh9d 0.89904 959391 2753 1070190
Qs9h 0.898578 958896 2753 1070190
Qh9h 0.898578 958896 2753 1070190
Qh9s 0.898578 958896 2753 1070190
Qs9s 0.898578 958896 2753 1070190
Qc2d 0.897979 955048 5960 1070190
Qc2h 0.897522 954559 5960 1070190
Qc2s 0.897522 954559 5960 1070190
QcJc 0.894138 952412 4486 1070190
QcTc 0.890514 948074 4945 1070190
Qs2d 0.881359 937365 5856.5 1070190
Qh2d 0.881359 937365 5856.5 1070190
Qs2h 0.880902 936876 5856.5 1070190
Qs2s 0.880902 936876 5856.5 1070190
Qh2h 0.880902 936876 5856.5 1070190
Qh2s 0.880902 936876 5856.5 1070190
Qc8c 0.880869 935197 7500.5 1070190
Qc7c 0.875583 929105 7935 1070190
Qc6c 0.873363 926027 8637 1070190
Qc5c 0.871611 923606 9183 1070190
Qc4c 0.870461 922058 9501 1070190
Qc3c 0.870259 921824 9519 1070190
AdAc 0.865222 925479 472.5 1070190
AsAc 0.864397 924597 472.5 1070190
AhAc 0.864397 924597 472.5 1070190
AcQs 0.857045 913881 3319.5 1070190
AcQh 0.857045 913881 3319.5 1070190
KcQs 0.855879 911025 4928 1070190
KcQh 0.855879 911025 4928 1070190
KdQc 0.855291 910393 4930.5 1070190
KdKc 0.854904 913852 1057.5 1070190
AdQc 0.854816 911500 3315 1070190
9d2d 0.854793 908400 6390.5 1070190
KhQc 0.854412 909457 4926.5 1070190
KsQc 0.854412 909457 4926.5 1070190
KsKc 0.854107 913003 1053.5 1070190
KhKc 0.854107 913003 1053.5 1070190
AsQc 0.853907 910528 3315 1070190
AhQc 0.853907 910528 3315 1070190
9d2s 0.849548 902697 6480.5 1070190
9d2h 0.849548 902697 6480.5 1070190
9s2d 0.849542 902691 6480.5 1070190
9h2d 0.849542 902691 6480.5 1070190
9s2h 0.84919 902337 6458 1070190
9s2s 0.84919 902337 6458 1070190
9h2s 0.84919 902337 6458 1070190
9h2h 0.84919 902337 6458 1070190
QcJd 0.840068 892582 6450 1070190
QcJh 0.83923 891694 6442 1070190
QcJs 0.83923 891694 6442 1070190
AsAd 0.838882 897291 472.5 1070190
AhAd 0.838882 897291 472.5 1070190
AsAh 0.838058 896409 472.5 1070190
QhJc 0.83747 889809 6443.5 1070190
QsJc 0.83747 889809 6443.5 1070190
QcTd 0.834674 886198 7062 1070190
QcTh 0.833843 885316 7054 1070190
QcTs 0.833843 885316 7054 1070190
KdQs 0.832624 886250 4815.5 1070190
KdQh 0.832624 886250 4815.5 1070190
AdQs 0.831785 886974 3193.5 1070190
AdQh 0.831785 886974 3193.5 1070190
KsQs 0.831745 885314 4811.5 1070190
KsQh 0.831745 885314 4811.5 1070190
KhQh 0.831745 885314 4811.5 1070190
KhQs 0.831745 885314 4811.5 1070190
QsTc 0.830881 882163 7037.5 1070190
QhTc 0.830881 882163 7037.5 1070190
AhQs 0.830876 886002 3193.5 1070190
AhQh 0.830876 886002 3193.5 1070190
AsQh 0.830876 886002 3193.5 1070190
AsQs 0.830876 886002 3193.5 1070190
KsKd 0.830111 887327 1049.5 1070190
KhKd 0.830111 887327 1049.5 1070190
KsKh 0.829314 886478 1045.5 1070190
Qc8d 0.818504 865007 10947.5 1070190
Qc8h 0.817637 864083 10943.5 1070190
Qc8s 0.817637 864083 10943.5 1070190
QhJd 0.817129 868139 6344.5 1070190
QsJd 0.817129 868139 6344.5 1070190
QhJs 0.816292 867251 6336.5 1070190
QsJs 0.816292 867251 6336.5 1070190
QsJh 0.816292 867251 6336.5 1070190
QhJh 0.816292 867251 6336.5 1070190
Qh8c 0.814211 860685 10676 1070190
Qs8c 0.814211 860685 10676 1070190
QsTd 0.811902 861951 6938.5 1070190
QhTd 0.811902 861951 6938.5 1070190
QsTh 0.81107 861069 6930.5 1070190
QsTs 0.81107 861069 6930.5 1070190
QhTs 0.81107 861069 6930.5 1070190
QhTh 0.81107 861069 6930.5 1070190
Qc7d 0.808834 853978 11628 1070190
Qc7h 0.807931 853012 11628 1070190
Qc7s 0.807931 853012 11628 1070190
Qc6d 0.805546 849331 12756 1070190
Qc6s 0.804649 848371 12756 1070190
Qc6h 0.804649 848371 12756 1070190
Qs7c 0.803881 849042 11263.5 1070190
Qh7c 0.803881 849042 11263.5 1070190
Qc5d 0.802827 845537 13640 1070190
Qc5h 0.80193 844577 13640 1070190
Qc5s 0.80193 844577 13640 1070190
Qc4d 0.800901 842956 14160 1070190
Qc3d 0.800671 842674 14196 1070190
Qc4s 0.799998 841990 14160 1070190
Qc4h 0.799998 841990 14160 1070190
Qc3s 0.799768 841708 14196 1070190
Qc3h 0.799768 841708 14196 1070190
Qs6c 0.799385 843159 12334.5 1070190
Qh6c 0.799385 843159 12334.5 1070190
Qh8d 0.795826 841062 10623.5 1070190
Qs8d 0.795826 841062 10623.5 1070190
Qh5c 0.795495 838156 13174.5 1070190
Qs5c 0.795495 838156 13174.5 1070190
Qs8h 0.794959 840138 10619.5 1070190
Qh8h 0.794959 840138 10619.5 1070190
Qh8s 0.794959 840138 10619.5 1070190
Qs8s 0.794959 840138 10619.5 1070190
Qh4c 0.792424 834375 13669.5 1070190
Qs4c 0.792424 834375 13669.5 1070190
Qs3c 0.790944 832755 13705.5 1070190
Qh3c 0.790944 832755 13705.5 1070190
Qh7d 0.78613 830073 11235 1070190
Qs7d 0.78613 830073 11235 1070190
Qs7s 0.785227 829107 11235 1070190
Qs7h 0.785227 829107 11235 1070190
Qh7s 0.785227 829107 11235 1070190
Qh7h 0.785227 829107 11235 1070190
Qh6d 0.782944 825564 12334.5 1070190
Qs6d 0.782944 825564 12334.5 1070190
Qh6s 0.782047 824604 12334.5 1070190
Qh6h 0.782047 824604 12334.5 1070190
Qs6s 0.782047 824604 12334.5 1070190
Qs6h 0.782047 824604 12334.5 1070190
Qs5d 0.780293 821865 13197 1070190
Qh5d 0.780293 821865 13197 1070190
Qs5h 0.779396 820905 13197 1070190
Qs5s 0.779396 820905 13197 1070190
Qh5s 0.779396 820905 13197 1070190
Qh5h 0.779396 820905 13197 1070190
Qs4d 0.778397 819327 13705.5 1070190
Qh4d 0.778397 819327 13705.5 1070190
Qs3d 0.778168 819045 13743 1070190
Qh3d 0.778168 819045 13743 1070190
Qs4s 0.777494 818361 13705.5 1070190
Qs4h 0.777494 818361 13705.5 1070190
Qh4s 0.777494 818361 13705.5 1070190
Qh4h 0.777494 818361 13705.5 1070190
Qs3s 0.777266 818079 13743 1070190
Qs3h 0.777266 818079 13743 1070190
Qh3s 0.777266 818079 13743 1070190
Qh3h 0.777266 818079 13743 1070190
JdJc 0.76875 821066 1642.5 1070190
JsJc 0.767991 820262 1634.5 1070190
JhJc 0.767991 820262 1634.5 1070190
Kc9d 0.76487 813423 5133.5 1070190
Ac9d 0.764196 814299 3535.5 1070190
Kc9h 0.764127 812654 5107 1070190
Kc9s 0.764127 812654 5107 1070190
Ac9h 0.763421 813492 3513 1070190
Ac9s 0.763421 813492 3513 1070190
Jc9d 0.754073 796196 10805.5 1070190
Jc9s 0.753384 795513 10751 1070190
Jc9h 0.753384 795513 10751 1070190
TdTc 0.752184 803337 1642.5 1070190
TsTc 0.751431 802539 1634.5 1070190
ThTc 0.751431 802539 1634.5 1070190
Kd9d 0.750918 798600 5025 1070190
Ad9d 0.748952 798042 3478.5 1070190
Tc9d 0.747997 788940 11558.5 1070190
Tc9h 0.747336 788290 11501 1070190
Tc9s 0.747336 788290 11501 1070190
JsJd 0.745835 796559 1626.5 1070190
JhJd 0.745835 796559 1626.5 1070190
JsJh 0.745077 795755 1618.5 1070190
Jd9d 0.743231 784927 10471.5 1070190
Td9d 0.738398 778987 11239.5 1070190
Kd9s 0.737292 783799 5243.5 1070190
Kd9h 0.737292 783799 5243.5 1070190
Kh9d 0.737226 783728 5244 1070190
Ks9d 0.737226 783728 5244 1070190
Kh9h 0.736483 782959 5217.5 1070190
Kh9s 0.736483 782959 5217.5 1070190
Ks9s 0.736483 782959 5217.5 1070190
Ks9h 0.736483 782959 5217.5 1070190
Ad9h 0.734607 782556 3613.5 1070190
Ad9s 0.734607 782556 3613.5 1070190
As9d 0.734546 782490 3613.5 1070190
Ah9d 0.734546 782490 3613.5 1070190
Ah9h 0.733771 781683 3591 1070190
Ah9s 0.733771 781683 3591 1070190
As9h 0.733771 781683 3591 1070190
As9s 0.733771 781683 3591 1070190
TsTd 0.730203 779829 1626.5 1070190
ThTd 0.730203 779829 1626.5 1070190
Jd9s 0.729996 770293 10941.5 1070190
Jd9h 0.729996 770293 10941.5 1070190
Js9d 0.729915 770181 10966.5 1070190
Jh9d 0.729915 770181 10966.5 1070190
TsTh 0.729449 779031 1618.5 1070190
Jh9h 0.729226 769498 10912 1070190
Js9h 0.729226 769498 10912 1070190
Js9s 0.729226 769498 10912 1070190
Jh9s 0.729226 769498 10912 1070190
Td9h 0.725187 764357 11730.5 1070190
Td9s 0.725187 764357 11730.5 1070190
Th9d 0.725083 764218 11758.5 1070190
Ts9d 0.725083 764218 11758.5 1070190
Th9h 0.724422 763568 11701 1070190
Th9s 0.724422 763568 11701 1070190
Ts9h 0.724422 763568 11701 1070190
Ts9s 0.724422 763568 11701 1070190
9d8c 0.721313 760015 11926.5 1070190
9h8c 0.720686 759409 11861.5 1070190
9s8c 0.720686 759409 11861.5 1070190
JcTc 0.719147 760880 8744 1070190
AcKc 0.717731 764265 3843.5 1070190
KcJc 0.714618 758536 6241 1070190
9d8d 0.713127 751517 11664 1070190
KcTc 0.709342 752890 6241 1070190
9d7c 0.708789 745971 12567.5 1070190
9h7c 0.708194 745410 12492.5 1070190
9s7c 0.708194 745410 12492.5 1070190
AcJc 0.706779 750530 5858 1070190
9d6c 0.704155 739902 13677.5 1070190
9h6c 0.703584 739374 13595 1070190
9s6c 0.703584 739374 13595 1070190
9d7d 0.701931 738849 12350.5 1070190
AcTc 0.700641 743319 6500 1070190
9d5c 0.700164 734761 14547.5 1070190
9s5c 0.699611 734258 14459 1070190
9h5c 0.699611 734258 14459 1070190
9d6d 0.698652 734229 13461.5 1070190
9s8d 0.698354 735220 12152 1070190
9h8d 0.698354 735220 12152 1070190
9d8h 0.698184 734998 12191 1070190
9d8s 0.698184 734998 12191 1070190
9h8s 0.697557 734392 12126 1070190
9h8h 0.697557 734392 12126 1070190
9s8s 0.697557 734392 12126 1070190
9s8h 0.697557 734392 12126 1070190
9d4c 0.69704 730908 15057.5 1070190
9h4c 0.696497 730419 14965.5 1070190
9s4c 0.696497 730419 14965.5 1070190
9d5d 0.695969 730487 14332.5 1070190
9d3c 0.695566 729300 15087.5 1070190
9s3c 0.695023 728811 14995.5 1070190
9h3c 0.695023 728811 14995.5 1070190
9d4d 0.694103 727977 14845.5 1070190
9d3d 0.693869 727689 14882.5 1070190
9s7d 0.686287 721605 12853 1070190
9h7d 0.686287 721605 12853 1070190
9d7s 0.686051 721299 12905.5 1070190
9d7h 0.686051 721299 12905.5 1070190
9h7s 0.685456 720738 12830.5 1070190
9h7h 0.685456 720738 12830.5 1070190
9s7h 0.685456 720738 12830.5 1070190
9s7s 0.685456 720738 12830.5 1070190
9s6d 0.682892 716808 14016.5 1070190
9h6d 0.682892 716808 14016.5 1070190
9d6h 0.682637 716475 14076.5 1070190
9d6s 0.682637 716475 14076.5 1070190
9s6s 0.682067 715947 13994 1070190
9s6h 0.682067 715947 13994 1070190
9h6s 0.682067 715947 13994 1070190
9h6h 0.682067 715947 13994 1070190
9h5d 0.680085 712891 14929.5 1070190
9s5d 0.680085 712891 14929.5 1070190
9d5s 0.679812 712533 14995.5 1070190
9d5h 0.679812 712533 14995.5 1070190
9h5s 0.67926 712030 14907 1070190
9h5h 0.67926 712030 14907 1070190
9s5s 0.67926 712030 14907 1070190
9s5h 0.67926 712030 14907 1070190
9h4d 0.6781 710229 15467 1070190
9s4d 0.6781 710229 15467 1070190
9h3d 0.677866 709941 15504 1070190
9s3d 0.677866 709941 15504 1070190
9d4h 0.677812 709851 15536.5 1070190
9d4s 0.677812 709851 15536.5 1070190
9d3s 0.677577 709563 15573.5 1070190
9d3h 0.677577 709563 15573.5 1070190
Ac8c 0.677571 714564 10566 1070190
9s4s 0.677269 709362 15444.5 1070190
9h4s 0.677269 709362 15444.5 1070190
9h4h 0.677269 709362 15444.5 1070190
9s4h 0.677269 709362 15444.5 1070190
9h3h 0.677034 709074 15481.5 1070190
9s3h 0.677034 709074 15481.5 1070190
9h3s 0.677034 709074 15481.5 1070190
9s3s 0.677034 709074 15481.5 1070190
Ac7c 0.66755 702964 11441.5 1070190
Ac5c 0.665318 698771 13246 1070190
Ac6c 0.663226 697318 12460 1070190
Ac4c 0.66269 695512 13692.5 1070190
Ac3c 0.66142 694153 13692.5 1070190
Jc8c 0.648963 682930 11584 1070190
8d8c 0.646752 690883 1264.5 1070190
8h8c 0.646007 690090 1260.5 1070190
8s8c 0.646007 690090 1260.5 1070190
Kc8c 0.637495 671907 10333.5 1070190
Kc7c 0.632476 665392 11477.5 1070190
Kc6c 0.628152 659746 12496 1070190
Tc8c 0.624782 657266 11369 1070190
Kc5c 0.624275 654811 13282 1070190
8h8d 0.621852 664251 1249 1070190
8s8d 0.621852 664251 1249 1070190
Kc4c 0.621647 651552 13728.5 1070190
8s8h 0.621107 663458 1245 1070190
Kc3c 0.620377 650193 13728.5 1070190
7d7c 0.617003 659667 643.5 1070190
7h7c 0.616227 658836 643.5 1070190
7s7c 0.616227 658836 643.5 1070190
Kc2d 0.602984 639500 5807 1070190
Ac2d 0.602335 640317 4296 1070190
Kc2s 0.602241 638732 5780.5 1070190
Kc2h 0.602241 638732 5780.5 1070190
Ac2h 0.60156 639510 4273.5 1070190
Ac2s 0.60156 639510 4273.5 1070190
6d6c 0.597913 639273 607.5 1070190
6h6c 0.597142 638448 607.5 1070190
6s6c 0.597142 638448 607.5 1070190
Jc2d 0.593697 624175 11194 1070190
Jc2h 0.59301 623494 11139.5 1070190
Jc2s 0.59301 623494 11139.5 1070190
7h7d 0.592007 632922 637.5 1070190
7s7d 0.592007 632922 637.5 1070190
7s7h 0.59123 632091 637.5 1070190
Kd2d 0.590727 626507 5683.5 1070190
Jc7c 0.588901 617228 13007.5 1070190
Ad2d 0.588805 625908 4225.5 1070190
Tc2d 0.586811 616139 11860 1070190
JcTd 0.586741 616728 11196 1070190
Tc2s 0.586152 615491 11802.5 1070190
Tc2h 0.586152 615491 11802.5 1070190
JcTs 0.585997 615974 11154.5 1070190
JcTh 0.585997 615974 11154.5 1070190
JdTc 0.585317 615234 11166 1070190
JsTc 0.584576 614489 11118.5 1070190
JhTc 0.584576 614489 11118.5 1070190
Jd2d 0.584504 614687 10843.5 1070190
Jc6c 0.584462 611459 14026 1070190
Jc5c 0.580618 606560 14812 1070190
JdTd 0.579371 609456 10581 1070190
Td2d 0.578865 607973 11523 1070190
5d5c 0.578361 618385 571.5 1070190
Jc4c 0.57799 603301 15258.5 1070190
5h5c 0.57759 617560 571.5 1070190
5s5c 0.57759 617560 571.5 1070190
Jc3c 0.57672 601942 15258.5 1070190
6s6d 0.573672 613335 603 1070190
6h6d 0.573672 613335 603 1070190
6s6h 0.572901 612510 603 1070190
Kd2s 0.568407 602401 5902 1070190
Kd2h 0.568407 602401 5902 1070190
Ks2d 0.568373 602365 5902.5 1070190
Kh2d 0.568373 602365 5902.5 1070190
Ks2h 0.567631 601597 5876 1070190
Kh2h 0.567631 601597 5876 1070190
Kh2s 0.567631 601597 5876 1070190
Ks2s 0.567631 601597 5876 1070190
KcJd 0.566918 598223 8487 1070190
KcJh 0.566156 597438 8456.5 1070190
KcJs 0.566156 597438 8456.5 1070190
Ad2h 0.565698 601044 4360.5 1070190
Ad2s 0.565698 601044 4360.5 1070190
As2d 0.56567 601014 4360.5 1070190
Ah2d 0.56567 601014 4360.5 1070190
Ah2s 0.564895 600207 4338 1070190
As2s 0.564895 600207 4338 1070190
As2h 0.564895 600207 4338 1070190
Ah2h 0.564895 600207 4338 1070190
Tc7c 0.564323 591140 12792.5 1070190
8c2d 0.563153 584553 18127.5 1070190
KdJc 0.563029 594092 8455.5 1070190
Jd2h 0.562733 590918 11313.5 1070190
Jd2s 0.562733 590918 11313.5 1070190
Js2d 0.562684 590840 11338.5 1070190
Jh2d 0.562684 590840 11338.5 1070190
8c2s 0.562573 584037 18022.5 1070190
8c2h 0.562573 584037 18022.5 1070190
KsJc 0.562254 593304 8414.5 1070190
KhJc 0.562254 593304 8414.5 1070190
Jh2s 0.561996 590159 11284 1070190
Jh2h 0.561996 590159 11284 1070190
Js2s 0.561996 590159 11284 1070190
Js2h 0.561996 590159 11284 1070190
Tc6c 0.560034 585692 13650.5 1070190
JsTd 0.559484 587723 11031 1070190
JhTd 0.559484 587723 11031 1070190
JdTh 0.559481 587714 11037 1070190
JdTs 0.559481 587714 11037 1070190
AcKd 0.559338 592999 5598.5 1070190
KcTd 0.558898 589640 8487 1070190
JsTs 0.558741 586969 10989.5 1070190
JsTh 0.558741 586969 10989.5 1070190
JhTh 0.558741 586969 10989.5 1070190
JhTs 0.558741 586969 10989.5 1070190
AcKs 0.558548 592177 5576 1070190
AcKh 0.558548 592177 5576 1070190
4d4c 0.558348 597003 535.5 1070190
KcTh 0.558142 588861 8456.5 1070190
KcTs 0.558142 588861 8456.5 1070190
4h4c 0.557572 596172 535.5 1070190
4s4c 0.557572 596172 535.5 1070190
AdKc 0.557461 591011 5578.5 1070190
Td2s 0.557118 584208 12014 1070190
Td2h 0.557118 584208 12014 1070190
Ts2d 0.557046 584103 12042 1070190
Th2d 0.557046 584103 12042 1070190
AsKc 0.556649 590168 5552 1070190
AhKc 0.556649 590168 5552 1070190
Ts2h 0.556387 583455 11984.5 1070190
Ts2s 0.556387 583455 11984.5 1070190
Th2h 0.556387 583455 11984.5 1070190
Th2s 0.556387 583455 11984.5 1070190
8d2d 0.556376 577607 17820.5 1070190
KdJd 0.55634 587368 8022 1070190
5h5d 0.554768 593139 568.5 1070190
5s5d 0.554768 593139 568.5 1070190
5s5h 0.553997 592314 568.5 1070190
KdTc 0.553761 584174 8455.5 1070190
KhTc 0.553017 583419 8414.5 1070190
KsTc 0.553017 583419 8414.5 1070190
7c2d 0.552012 572553 18204.5 1070190
7c2s 0.551446 572061 18091.5 1070190
7c2h 0.551446 572061 18091.5 1070190
6c2d 0.549567 569631 18510.5 1070190
6c2h 0.549008 569148 18394.5 1070190
6c2s 0.549008 569148 18394.5 1070190
Tc5c 0.548829 572808 14543.5 1070190
KdTd 0.548693 579184 8022 1070190
AcJd 0.548625 578962 8171.5 1070190
AcJs 0.547875 578185 8145.5 1070190
AcJh 0.547875 578185 8145.5 1070190
AdKd 0.547483 580664 5247 1070190
5c2d 0.547449 567298 18576.5 1070190
5c2s 0.546891 566818 18459.5 1070190
5c2h 0.546891 566818 18459.5 1070190
7d2d 0.546493 566922 17929.5 1070190
Tc4c 0.546201 569549 14990 1070190
4c2d 0.545433 565194 18522.5 1070190
6d2d 0.545323 565368 18231 1070190
Tc3c 0.544931 568190 14990 1070190
4c2s 0.544875 564714 18405.5 1070190
4c2h 0.544875 564714 18405.5 1070190
5d2d 0.544454 564373 18296.5 1070190
3c2d 0.543852 563556 18468.5 1070190
4d2d 0.543667 563583 18244 1070190
3d2d 0.543335 563280 18191.5 1070190
3c2s 0.543294 563076 18351.5 1070190
3c2h 0.543294 563076 18351.5 1070190
AdJc 0.542711 572649 8155 1070190
AhJc 0.541935 571852 8121.5 1070190
AsJc 0.541935 571852 8121.5 1070190
AcTd 0.539606 568451 9029.5 1070190
3d3c 0.539109 576450 499.5 1070190
AcTs 0.538861 567680 9003.5 1070190
AcTh 0.538861 567680 9003.5 1070190
3s3c 0.538333 575619 499.5 1070190
3h3c 0.538333 575619 499.5 1070190
AdJd 0.536462 566419 7697.5 1070190
4h4d 0.535296 572334 534 1070190
4s4d 0.535296 572334 534 1070190
4s4h 0.534519 571503 534 1070190
KdJs 0.533966 563095 8350.5 1070190
KdJh 0.533966 563095 8350.5 1070190
KhJd 0.533954 563092 8340 1070190
KsJd 0.533954 563092 8340 1070190
8d2s 0.533621 552487 18588.5 1070190
8d2h 0.533621 552487 18588.5 1070190
8s2d 0.533445 552220 18667.5 1070190
8h2d 0.533445 552220 18667.5 1070190
KsJs 0.533192 562307 8309.5 1070190
KhJh 0.533192 562307 8309.5 1070190
KhJs 0.533192 562307 8309.5 1070190
KsJh 0.533192 562307 8309.5 1070190
8s2h 0.532865 551704 18562.5 1070190
8s2s 0.532865 551704 18562.5 1070190
8h2h 0.532865 551704 18562.5 1070190
8h2s 0.532865 551704 18562.5 1070190
AdTc 0.532382 560749 9001 1070190
AsTc 0.531643 559997 8961.5 1070190
AhTc 0.531643 559997 8961.5 1070190
8c7c 0.529088 550653 15571.5 1070190
AdTd 0.52784 556418 8471.5 1070190
KhTd 0.525976 554554 8340 1070190
KsTd 0.525976 554554 8340 1070190
KdTs 0.525963 554530 8350.5 1070190
KdTh 0.525963 554530 8350.5 1070190
KsTh 0.525219 553775 8309.5 1070190
KhTs 0.525219 553775 8309.5 1070190
KsTs 0.525219 553775 8309.5 1070190
KhTh 0.525219 553775 8309.5 1070190
8c6c 0.524665 545062 16429.5 1070190
AdKs 0.523093 554311 5497.5 1070190
AdKh 0.523093 554311 5497.5 1070190
AsKd 0.523069 554290 5493.5 1070190
AhKd 0.523069 554290 5493.5 1070190
7d2s 0.523036 541050 18698 1070190
7d2h 0.523036 541050 18698 1070190
7h2d 0.522812 540720 18788.5 1070190
7s2d 0.522812 540720 18788.5 1070190
AsKs 0.52228 553468 5471 1070190
AhKs 0.52228 553468 5471 1070190
AsKh 0.52228 553468 5471 1070190
AhKh 0.52228 553468 5471 1070190
7h2h 0.522247 540228 18675.5 1070190
7s2s 0.522247 540228 18675.5 1070190
7h2s 0.522247 540228 18675.5 1070190
7s2h 0.522247 540228 18675.5 1070190
6d2h 0.521955 539571 19020.5 1070190
6d2s 0.521955 539571 19020.5 1070190
6s2d 0.521732 539238 19114 1070190
6h2d 0.521732 539238 19114 1070190
6s2s 0.521172 538755 18998 1070190
6s2h 0.521172 538755 18998 1070190
6h2s 0.521172 538755 18998 1070190
6h2h 0.521172 538755 18998 1070190
5d2s 0.521126 538611 19093 1070190
5d2h 0.521126 538611 19093 1070190
5h2d 0.5209 538275 19187.5 1070190
5s2d 0.5209 538275 19187.5 1070190
5s2h 0.520343 537795 19070.5 1070190
5h2h 0.520343 537795 19070.5 1070190
5h2s 0.520343 537795 19070.5 1070190
5s2s 0.520343 537795 19070.5 1070190
4d2s 0.520315 537795 19040.5 1070190
4d2h 0.520315 537795 19040.5 1070190
4h2d 0.520083 537453 19135 1070190
4s2d 0.520083 537453 19135 1070190
3d2s 0.519982 537492 18988 1070190
3d2h 0.519982 537492 18988 1070190
3s2d 0.519751 537150 19082.5 1070190
3h2d 0.519751 537150 19082.5 1070190
4s2h 0.519526 536973 19018 1070190
4s2s 0.519526 536973 19018 1070190
4h2h 0.519526 536973 19018 1070190
4h2s 0.519526 536973 19018 1070190
3s2h 0.519193 536670 18965.5 1070190
3h2h 0.519193 536670 18965.5 1070190
3s2s 0.519193 536670 18965.5 1070190
3h2s 0.519193 536670 18965.5 1070190
3s3d 0.516655 552420 499.5 1070190
3h3d 0.516655 552420 499.5 1070190
3s3h 0.515879 551589 499.5 1070190
8c5c 0.513694 532535 17215.5 1070190
AdJs 0.512451 540337 8082.5 1070190
AdJh 0.512451 540337 8082.5 1070190
AhJd 0.512425 540317 8075 1070190
AsJd 0.512425 540317 8075 1070190
AhJh 0.511675 539540 8049 1070190
AhJs 0.511675 539540 8049 1070190
AsJs 0.511675 539540 8049 1070190
AsJh 0.511675 539540 8049 1070190
Ac8d 0.504758 524793 15393.5 1070190
Ac8s 0.50405 524062 15367.5 1070190
Ac8h 0.50405 524062 15367.5 1070190
AsTd 0.503439 529860 8915 1070190
AhTd 0.503439 529860 8915 1070190
AdTs 0.503434 529841 8928.5 1070190
AdTh 0.503434 529841 8928.5 1070190
8c4c 0.503384 521001 17715.5 1070190
AsTs 0.502694 529089 8889 1070190
AsTh 0.502694 529089 8889 1070190
AhTh 0.502694 529089 8889 1070190
AhTs 0.502694 529089 8889 1070190
8c3c 0.502114 519642 17715.5 1070190
7c6c 0.499957 519430 15618.5 1070190
Ad8c 0.496165 515882 15109 1070190
As8c 0.495483 515211 15049.5 1070190
Ah8c 0.495483 515211 15049.5 1070190
Ad8d 0.493525 513685 14480.5 1070190
7c5c 0.490174 508175 16404.5 1070190
Ac7d 0.487902 505369 16778.5 1070190
Ac7s 0.487163 504601 16756 1070190
Ac7h 0.487163 504601 16756 1070190
Ac5d 0.485746 500165 19675 1070190
Ac5s 0.48501 499400 19652.5 1070190
Ac5h 0.48501 499400 19652.5 1070190
6c5c 0.482795 501249 15433 1070190
Ac4d 0.481867 495292 20397.5 1070190
Ac6d 0.481655 497053 18409 1070190
Ac4s 0.481126 494521 20375 1070190
Ac4h 0.481126 494521 20375 1070190
Ac6s 0.480922 496291 18386.5 1070190
Ac6h 0.480922 496291 18386.5 1070190
Ac3d 0.480353 493672 20397.5 1070190
7c4c 0.479997 496784 16904.5 1070190
Ac3h 0.479612 492901 20375 1070190
Ac3s 0.479612 492901 20375 1070190
7c3c 0.478728 495425 16904.5 1070190
Jc8d 0.478432 496110 15903 1070190
Ad7c 0.478401 495577 16402.5 1070190
As7c 0.477749 494949 16333 1070190
Ah7c 0.477749 494949 16333 1070190
Jc8s 0.477746 495409 15869.5 1070190
Jc8h 0.477746 495409 15869.5 1070190
Ad7d 0.477335 495071 15768 1070190
Jd8c 0.475753 493489 15657 1070190
Ad5d 0.475252 490109 18501 1070190
Jh8c 0.475092 492842 15596.5 1070190
Js8c 0.475092 492842 15596.5 1070190
Ad5c 0.473532 487568 19201.5 1070190
Jd8d 0.473162 491416 14957.5 1070190
Ah5c 0.472914 486989 19118.5 1070190
As5c 0.472914 486989 19118.5 1070190
6c4c 0.472619 489859 15933 1070190
Ad4d 0.471448 485357 19182 1070190
6c3c 0.471349 488500 15933 1070190
Ad6d 0.471249 487019 17307 1070190
Ad6c 0.470793 485860 17977.5 1070190
As6c 0.470165 485265 17900.5 1070190
Ah6c 0.470165 485265 17900.5 1070190
5c4c 0.469874 488357 14497 1070190
Ad3d 0.46985 483647 19182 1070190
5c3c 0.468604 486998 14497 1070190
Ad4c 0.468359 481333 19900.5 1070190
Ah4c 0.467751 480768 19814 1070190
As4c 0.467751 480768 19814 1070190
As8d 0.467685 485368 15144 1070190
Ah8d 0.467685 485368 15144 1070190
Ad8h 0.46766 485308 15177.5 1070190
Ad8s 0.46766 485308 15177.5 1070190
Ah8h 0.466978 484637 15118 1070190
Ah8s 0.466978 484637 15118 1070190
As8s 0.466978 484637 15118 1070190
As8h 0.466978 484637 15118 1070190
Ad3c 0.46545 478219 19900.5 1070190
As3c 0.464841 477654 19814 1070190
Ah3c 0.464841 477654 19814 1070190
4c3c 0.461078 480880 12561 1070190
As7d 0.450434 465562 16487.5 1070190
Ah7d 0.450434 465562 16487.5 1070190
Ad7s 0.450347 465422 16534.5 1070190
Ad7h 0.450347 465422 16534.5 1070190
Ah7s 0.449695 464794 16465 1070190
Ah7h 0.449695 464794 16465 1070190
As7s 0.449695 464794 16465 1070190
As7h 0.449695 464794 16465 1070190
Kc8d 0.44857 464949 15106.5 1070190
Ah5d 0.448527 460640 19369 1070190
As5d 0.448527 460640 19369 1070190
Ad5h 0.44841 460454 19429.5 1070190
Ad5s 0.44841 460454 19429.5 1070190
Jh8d 0.447925 463714 15650.5 1070190
Js8d 0.447925 463714 15650.5 1070190
Jd8h 0.447899 463660 15677.5 1070190
Jd8s 0.447899 463660 15677.5 1070190
Kc8h 0.447891 464245 15084 1070190
Kc8s 0.447891 464245 15084 1070190
As5s 0.447791 459875 19346.5 1070190
As5h 0.447791 459875 19346.5 1070190
Ah5s 0.447791 459875 19346.5 1070190
Ah5h 0.447791 459875 19346.5 1070190
Js8s 0.447238 463013 15617 1070190
Js8h 0.447238 463013 15617 1070190
Jh8s 0.447238 463013 15617 1070190
Jh8h 0.447238 463013 15617 1070190
Ah4d 0.444565 455680 20088.5 1070190
As4d 0.444565 455680 20088.5 1070190
Ad4h 0.444432 455474 20152.5 1070190
Ad4s 0.444432 455474 20152.5 1070190
Tc8d 0.444268 459835 15616 1070190
Ah6d 0.444136 457201 18109 1070190
As6d 0.444136 457201 18109 1070190
Ad6h 0.444031 457034 18163.5 1070190
Ad6s 0.444031 457034 18163.5 1070190
Ah4h 0.443823 454909 20066 1070190
Ah4s 0.443823 454909 20066 1070190
As4s 0.443823 454909 20066 1070190
As4h 0.443823 454909 20066 1070190
Tc8h 0.44361 459165 15582.5 1070190
Tc8s 0.44361 459165 15582.5 1070190
As6s 0.443403 456439 18086.5 1070190
As6h 0.443403 456439 18086.5 1070190
Ah6h 0.443403 456439 18086.5 1070190
Ah6s 0.443403 456439 18086.5 1070190
As3d 0.442967 453970 20088.5 1070190
Ah3d 0.442967 453970 20088.5 1070190
Ad3s 0.442834 453764 20152.5 1070190
Ad3h 0.442834 453764 20152.5 1070190
Td8c 0.442811 458517 15375 1070190
Ah3h 0.442225 453199 20066 1070190
As3h 0.442225 453199 20066 1070190
As3s 0.442225 453199 20066 1070190
Ah3s 0.442225 453199 20066 1070190
Th8c 0.442151 457870 15315.5 1070190
Ts8c 0.442151 457870 15315.5 1070190
Kd8c 0.4417 457911 14791.5 1070190
Td8d 0.441194 457474 14687.5 1070190
Ks8c 0.441036 457262 14730 1070190
Kh8c 0.441036 457262 14730 1070190
Kd8d 0.440247 456949 14198.5 1070190
Kc7d 0.439906 453861 16922.5 1070190
Kc7s 0.439197 453124 16900 1070190
Kc7h 0.439197 453124 16900 1070190
Kc6d 0.433659 445545 18553 1070190
Kc6h 0.432955 444814 18530.5 1070190
Kc6s 0.432955 444814 18530.5 1070190
Kd7c 0.432111 445897 16543.5 1070190
Kd7d 0.432096 446510 15914.5 1070190
Kh7c 0.431475 445286 16474 1070190
Ks7c 0.431475 445286 16474 1070190
Kc5d 0.427939 438157 19819 1070190
Kc5h 0.427234 437425 19796.5 1070190
Kc5s 0.427234 437425 19796.5 1070190
Kd6d 0.42601 438458 17453.5 1070190
Kd6c 0.424503 436180 18118.5 1070190
Kc4d 0.424061 433284 20541.5 1070190
Kh6c 0.423891 435602 18041.5 1070190
Ks6c 0.423891 435602 18041.5 1070190
Kc4h 0.42335 432546 20519 1070190
Kc4s 0.42335 432546 20519 1070190
Kc3d 0.422547 431664 20541.5 1070190
Kc3s 0.421836 430926 20519 1070190
Kc3h 0.421836 430926 20519 1070190
Kd5d 0.420429 431291 18647.5 1070190
Kd5c 0.417464 427423 19342.5 1070190
Ks5c 0.416869 426870 19259.5 1070190
Kh5c 0.416869 426870 19259.5 1070190
Kd4d 0.416625 426539 19328.5 1070190
Kd3d 0.415027 424829 19328.5 1070190
Td8h 0.414646 428355 15395.5 1070190
Td8s 0.414646 428355 15395.5 1070190
Th8d 0.414644 428378 15369.5 1070190
Ts8d 0.414644 428378 15369.5 1070190
Th8h 0.413986 427708 15336 1070190
Th8s 0.413986 427708 15336 1070190
Ts8h 0.413986 427708 15336 1070190
Ts8s 0.413986 427708 15336 1070190
Kd4c 0.412291 421188 20041.5 1070190
Ks8d 0.412136 426222 14842 1070190
Kh8d 0.412136 426222 14842 1070190
Kd8h 0.412121 426167 14881 1070190
Kd8s 0.412121 426167 14881 1070190
Ks4c 0.411706 420649 19955 1070190
Kh4c 0.411706 420649 19955 1070190
Kh8h 0.411457 425518 14819.5 1070190
Ks8h 0.411457 425518 14819.5 1070190
Kh8s 0.411457 425518 14819.5 1070190
Ks8s 0.411457 425518 14819.5 1070190
Kd3c 0.409381 418074 20041.5 1070190
Kh3c 0.408797 417535 19955 1070190
Ks3c 0.408797 417535 19955 1070190
Kh7d 0.403433 415104 16646 1070190
Ks7d 0.403433 415104 16646 1070190
Kd7h 0.403359 414978 16693 1070190
Kd7s 0.403359 414978 16693 1070190
Ks7h 0.402723 414367 16623.5 1070190
Ks7s 0.402723 414367 16623.5 1070190
Kh7h 0.402723 414367 16623.5 1070190
Kh7s 0.402723 414367 16623.5 1070190
Kh6d 0.397136 406743 18267.5 1070190
Ks6d 0.397136 406743 18267.5 1070190
Kd6s 0.397044 406590 18322 1070190
Kd6h 0.397044 406590 18322 1070190
Kh6h 0.396431 406012 18245 1070190
Kh6s 0.396431 406012 18245 1070190
Ks6h 0.396431 406012 18245 1070190
Ks6s 0.396431 406012 18245 1070190
Ks5d 0.391328 399268 19527.5 1070190
Kh5d 0.391328 399268 19527.5 1070190
Kd5h 0.391217 399089 19588 1070190
Kd5s 0.391217 399089 19588 1070190
Kh5h 0.390623 398536 19505 1070190
Kh5s 0.390623 398536 19505 1070190
Ks5h 0.390623 398536 19505 1070190
Ks5s 0.390623 398536 19505 1070190
Kh4d 0.387366 394308 20247 1070190
Ks4d 0.387366 394308 20247 1070190
Kd4s 0.38724 394109 20311 1070190
Kd4h 0.38724 394109 20311 1070190
Kh4s 0.386655 393570 20224.5 1070190
Kh4h 0.386655 393570 20224.5 1070190
Ks4s 0.386655 393570 20224.5 1070190
Ks4h 0.386655 393570 20224.5 1070190
Kh3d 0.385768 392598 20247 1070190
Ks3d 0.385768 392598 20247 1070190
Kd3s 0.385642 392399 20311 1070190
Kd3h 0.385642 392399 20311 1070190
Kh3s 0.385057 391860 20224.5 1070190
Ks3s 0.385057 391860 20224.5 1070190
Kh3h 0.385057 391860 20224.5 1070190
Ks3h 0.385057 391860 20224.5 1070190
Jc7d 0.384383 392931 18431.5 1070190
Jc7h 0.383705 392231 18406 1070190
Jc7s 0.383705 392231 18406 1070190
Jd7d 0.381265 390726 17300 1070190
Jd7c 0.38056 389212 18060 1070190
Js7c 0.37995 388627 17992 1070190
Jh7c 0.37995 388627 17992 1070190
Jc6d 0.378136 384615 20062 1070190
Jc6h 0.377463 383921 20036.5 1070190
Jc6s 0.377463 383921 20036.5 1070190
Jd6d 0.375179 382674 18839 1070190
Jd6c 0.372952 379495 19635 1070190
Jc5d 0.37247 377286 21328 1070190
Jh6c 0.372366 378943 19559.5 1070190
Js6c 0.372366 378943 19559.5 1070190
Jc5h 0.371798 376592 21302.5 1070190
Jc5s 0.371798 376592 21302.5 1070190
Jd5d 0.369653 375566 20033 1070190
Jc4d 0.368592 372413 22050.5 1070190
Jc4s 0.367914 371713 22025 1070190
Jc4h 0.367914 371713 22025 1070190
Jc3d 0.367078 370793 22050.5 1070190
Jc3s 0.3664 370093 22025 1070190
Jc3h 0.3664 370093 22025 1070190
Jd5c 0.365964 370792 20859 1070190
Jd4d 0.365849 370814 20714 1070190
Jh5c 0.365395 370265 20777.5 1070190
Js5c 0.365395 370265 20777.5 1070190
Jd3d 0.364251 369104 20714 1070190
Jd4c 0.360791 364557 21558 1070190
Js4c 0.360232 364044 21473 1070190
Jh4c 0.360232 364044 21473 1070190
Jd3c 0.357881 361443 21558 1070190
Jh3c 0.357323 360930 21473 1070190
Js3c 0.357323 360930 21473 1070190
Jh7d 0.351014 357476 18175.5 1070190
Js7d 0.351014 357476 18175.5 1070190
Jd7h 0.350946 357361 18218 1070190
Jd7s 0.350946 357361 18218 1070190
Jh7h 0.350336 356776 18150 1070190
Js7s 0.350336 356776 18150 1070190
Js7h 0.350336 356776 18150 1070190
Jh7s 0.350336 356776 18150 1070190
Tc7d 0.349667 356066 18144.5 1070190
Tc7s 0.349017 355395 18119 1070190
Tc7h 0.349017 355395 18119 1070190
Td7d 0.348789 356241 17030 1070190
Td7c 0.347165 353755 17778 1070190
Th7c 0.346557 353171 17711 1070190
Ts7c 0.346557 353171 17711 1070190
Jh6d 0.344716 349115 19797 1070190
Js6d 0.344716 349115 19797 1070190
Jd6s 0.34463 348973 19847 1070190
Jd6h 0.34463 348973 19847 1070190
Js6s 0.344044 348421 19771.5 1070190
Jh6h 0.344044 348421 19771.5 1070190
Jh6s 0.344044 348421 19771.5 1070190
Js6h 0.344044 348421 19771.5 1070190
Tc6d 0.343671 348287 19506.5 1070190
Tc6s 0.343026 347622 19481 1070190
Tc6h 0.343026 347622 19481 1070190
Td6d 0.342939 348693 18317 1070190
Td6c 0.339801 344560 19092 1070190
Th6c 0.339215 344006 19019 1070190
Ts6c 0.339215 344006 19019 1070190
Js5d 0.338967 341702 21057 1070190
Jh5d 0.338967 341702 21057 1070190
Jd5h 0.338863 341535 21113 1070190
Jd5s 0.338863 341535 21113 1070190
Js5h 0.338295 341008 21031.5 1070190
Js5s 0.338295 341008 21031.5 1070190
Jh5s 0.338295 341008 21031.5 1070190
Jh5h 0.338295 341008 21031.5 1070190
Js4d 0.335005 336742 21776.5 1070190
Jh4d 0.335005 336742 21776.5 1070190
Jd4h 0.334885 336555 21836 1070190
Jd4s 0.334885 336555 21836 1070190
Jh4s 0.334327 336042 21751 1070190
Js4h 0.334327 336042 21751 1070190
Js4s 0.334327 336042 21751 1070190
Jh4h 0.334327 336042 21751 1070190
Js3d 0.333407 335032 21776.5 1070190
Jh3d 0.333407 335032 21776.5 1070190
Jd3h 0.333288 334845 21836 1070190
Jd3s 0.333288 334845 21836 1070190
Js3s 0.332729 334332 21751 1070190
Js3h 0.332729 334332 21751 1070190
Jh3h 0.332729 334332 21751 1070190
Jh3s 0.332729 334332 21751 1070190
Tc5d 0.326203 328148 20951.5 1070190
Td5d 0.325865 329058 19679 1070190
Tc5h 0.325564 327489 20926 1070190
Tc5s 0.325564 327489 20926 1070190
Tc4d 0.322325 323275 21674 1070190
Td4d 0.322061 324306 20360 1070190
Tc4s 0.32168 322610 21648.5 1070190
Tc4h 0.32168 322610 21648.5 1070190
Td5c 0.321001 323042 20490 1070190
Tc3d 0.320811 321655 21674 1070190
Td3d 0.320463 322596 20360 1070190
Th5c 0.320437 322518 20410 1070190
Ts5c 0.320437 322518 20410 1070190
Tc3s 0.320166 320990 21648.5 1070190
Tc3h 0.320166 320990 21648.5 1070190
Ts7d 0.317226 321598 17894.5 1070190
Th7d 0.317226 321598 17894.5 1070190
Td7h 0.317184 321511 17936 1070190
Td7s 0.317184 321511 17936 1070190
Ts7h 0.316576 320927 17869 1070190
Ts7s 0.316576 320927 17869 1070190
Th7s 0.316576 320927 17869 1070190
Th7h 0.316576 320927 17869 1070190
Td4c 0.315828 316807 21189 1070190
Th4c 0.315273 316297 21105.5 1070190
Ts4c 0.315273 316297 21105.5 1070190
Td3c 0.312918 313693 21189 1070190
Th3c 0.312364 313183 21105.5 1070190
Ts3c 0.312364 313183 21105.5 1070190
Ts6d 0.31118 313774 19247.5 1070190
Th6d 0.31118 313774 19247.5 1070190
Td6s 0.31112 313663 19295 1070190
Td6h 0.31112 313663 19295 1070190
Th6s 0.310535 313109 19222 1070190
Th6h 0.310535 313109 19222 1070190
Ts6h 0.310535 313109 19222 1070190
Ts6s 0.310535 313109 19222 1070190
8d7d 0.300846 301724 20238 1070190
8c7d 0.29938 298927 21466 1070190
8c7s 0.298775 298313 21432.5 1070190
8c7h 0.298775 298313 21432.5 1070190
8d7c 0.298465 298136 21278.5 1070190
8h7c 0.297905 297597 21217.5 1070190
8s7c 0.297905 297597 21217.5 1070190
8d6d 0.294783 293949 21525 1070190
8c6d 0.293166 290915 22828 1070190
Th5d 0.293134 293023 20686.5 1070190
Ts5d 0.293134 293023 20686.5 1070190
Td5s 0.293059 292888 20741 1070190
Td5h 0.293059 292888 20741 1070190
8c6h 0.292566 290307 22794.5 1070190
8c6s 0.292566 290307 22794.5 1070190
Ts5h 0.292495 292364 20661 1070190
Ts5s 0.292495 292364 20661 1070190
Th5s 0.292495 292364 20661 1070190
Th5h 0.292495 292364 20661 1070190
8d6c 0.290883 288708 22592.5 1070190
8h6c 0.290345 288199 22525.5 1070190
8s6c 0.290345 288199 22525.5 1070190
Ts4d 0.289172 288063 21406 1070190
Th4d 0.289172 288063 21406 1070190
Td4s 0.289081 287908 21464 1070190
Td4h 0.289081 287908 21464 1070190
Ts4h 0.288527 287398 21380.5 1070190
Ts4s 0.288527 287398 21380.5 1070190
Th4h 0.288527 287398 21380.5 1070190
Th4s 0.288527 287398 21380.5 1070190
Th3d 0.287574 286353 21406 1070190
Ts3d 0.287574 286353 21406 1070190
Td3s 0.287484 286198 21464 1070190
Td3h 0.287484 286198 21464 1070190
Th3s 0.286929 285688 21380.5 1070190
Th3h 0.286929 285688 21380.5 1070190
Ts3h 0.286929 285688 21380.5 1070190
Ts3s 0.286929 285688 21380.5 1070190
8d5d 0.278078 274877 22719 1070190
8c5d 0.276078 271362 24094 1070190
8c5h 0.275483 270759 24060.5 1070190
8c5s 0.275483 270759 24060.5 1070190
8d5c 0.272468 267776 23816.5 1070190
8s5c 0.271951 267296 23743.5 1070190
8h5c 0.271951 267296 23743.5 1070190
8h7d 0.267497 264972 21300.5 1070190
8s7d 0.267497 264972 21300.5 1070190
8d7h 0.267453 264897 21328 1070190
8d7s 0.267453 264897 21328 1070190
8h7h 0.266892 264358 21267 1070190
8s7s 0.266892 264358 21267 1070190
8s7h 0.266892 264358 21267 1070190
8h7s 0.266892 264358 21267 1070190
8d4d 0.262278 257203 23484 1070190
8s6d 0.261224 256906 22653.5 1070190
8h6d 0.261224 256906 22653.5 1070190
8d6s 0.261163 256807 22687 1070190
8d6h 0.261163 256807 22687 1070190
8d3d 0.26068 255493 23484 1070190
8h6h 0.260625 256298 22620 1070190
8s6s 0.260625 256298 22620 1070190
8h6s 0.260625 256298 22620 1070190
8s6h 0.260625 256298 22620 1070190
8c4d 0.259933 253272 24906 1070190
8c4s 0.259339 252670 24872.5 1070190
8c4h 0.259339 252670 24872.5 1070190
7d6d 0.258752 256777 20137 1070190
8c3d 0.25842 251652 24906 1070190
8c3h 0.257826 251050 24872.5 1070190
8c3s 0.257826 251050 24872.5 1070190
7c6d 0.255031 251573 21358.5 1070190
8d4c 0.255017 248314 24602.5 1070190
8h4c 0.254514 247853 24525.5 1070190
8s4c 0.254514 247853 24525.5 1070190
7c6h 0.254464 251001 21323.5 1070190
7c6s 0.254464 251001 21323.5 1070190
7d6c 0.253781 250400 21193.5 1070190
7s6c 0.25323 249870 21134.5 1070190
7h6c 0.25323 249870 21134.5 1070190
8d3c 0.252107 245200 24602.5 1070190
8h3c 0.251604 244739 24525.5 1070190
8s3c 0.251604 244739 24525.5 1070190
7d5d 0.243946 239738 21331 1070190
8h5d 0.243573 236756 23913.5 1070190
8s5d 0.243573 236756 23913.5 1070190
8d5s 0.243495 236633 23953 1070190
8d5h 0.243495 236633 23953 1070190
8h5s 0.242978 236153 23880 1070190
8h5h 0.242978 236153 23880 1070190
8s5s 0.242978 236153 23880 1070190
8s5h 0.242978 236153 23880 1070190
7c5d 0.239889 234102 22624.5 1070190
7c5s 0.239325 233534 22589.5 1070190
7c5h 0.239325 233534 22589.5 1070190
7d5c 0.237315 231555 22417.5 1070190
7s5c 0.236786 231054 22352.5 1070190
7h5c 0.236786 231054 22352.5 1070190
6d5d 0.235446 232202 19769.5 1070190
6c5d 0.229849 225015 20967.5 1070190
6c5h 0.229306 224470 20931.5 1070190
6c5s 0.229306 224470 20931.5 1070190
6d5c 0.228656 223878 20827.5 1070190
7d4d 0.228359 222291 22096 1070190
6h5c 0.228132 223374 20770.5 1070190
6s5c 0.228132 223374 20770.5 1070190
8h4d 0.226837 218036 24722.5 1070190
8s4d 0.226837 218036 24722.5 1070190
7d3d 0.226761 220581 22096 1070190
8d4s 0.226746 217895 24766 1070190
8d4h 0.226746 217895 24766 1070190
8h4s 0.226243 217434 24689 1070190
8h4h 0.226243 217434 24689 1070190
8s4h 0.226243 217434 24689 1070190
8s4s 0.226243 217434 24689 1070190
8s3d 0.225239 216326 24722.5 1070190
8h3d 0.225239 216326 24722.5 1070190
8d3h 0.225148 216185 24766 1070190
8d3s 0.225148 216185 24766 1070190
8s3h 0.224645 215724 24689 1070190
8s3s 0.224645 215724 24689 1070190
8h3h 0.224645 215724 24689 1070190
8h3s 0.224645 215724 24689 1070190
7c4d 0.223962 216245 23436.5 1070190
7c4h 0.223399 215678 23401.5 1070190
7c4s 0.223399 215678 23401.5 1070190
7s6d 0.223187 217647 21206 1070190
7h6d 0.223187 217647 21206 1070190
7d6s 0.223171 217605 21230 1070190
7d6h 0.223171 217605 21230 1070190
7h6h 0.22262 217075 21171 1070190
7h6s 0.22262 217075 21171 1070190
7s6h 0.22262 217075 21171 1070190
7s6s 0.22262 217075 21171 1070190
7c3d 0.222448 214625 23436.5 1070190
7c3s 0.221885 214058 23401.5 1070190
7c3h 0.221885 214058 23401.5 1070190
7d4c 0.220082 212326 23203.5 1070190
6d4d 0.219858 214755 20534.5 1070190
7h4c 0.219567 211844 23134.5 1070190
7s4c 0.219567 211844 23134.5 1070190
6d3d 0.21826 213045 20534.5 1070190
5d4d 0.217892 214896 18289.5 1070190
7d3c 0.217172 209212 23203.5 1070190
7s3c 0.216657 208730 23134.5 1070190
7h3c 0.216657 208730 23134.5 1070190
5d3d 0.216294 213186 18289.5 1070190
6c4d 0.213922 207158 21779.5 1070190
6c4s 0.21338 206614 21743.5 1070190
6c4h 0.21338 206614 21743.5 1070190
6c3d 0.212409 205538 21779.5 1070190
6c3h 0.211867 204994 21743.5 1070190
6c3s 0.211867 204994 21743.5 1070190
6d4c 0.211423 204649 21613.5 1070190
6s4c 0.210913 204164 21552.5 1070190
6h4c 0.210913 204164 21552.5 1070190
5c4d 0.210568 205946 19401.5 1070190
5c4s 0.210046 205424 19365 1070190
5c4h 0.210046 205424 19365 1070190
5d4c 0.209403 204790 19311.5 1070190
5c3d 0.209054 204326 19401.5 1070190
5h4c 0.208897 204299 19261 1070190
5s4c 0.208897 204299 19261 1070190
5c3h 0.208532 203804 19365 1070190
5c3s 0.208532 203804 19365 1070190
6d3c 0.208513 201535 21613.5 1070190
6h3c 0.208003 201050 21552.5 1070190
6s3c 0.208003 201050 21552.5 1070190
7h5d 0.207563 199666 22466 1070190
7s5d 0.207563 199666 22466 1070190
7d5h 0.207529 199599 22496 1070190
7d5s 0.207529 199599 22496 1070190
7s5h 0.207 199098 22431 1070190
7s5s 0.207 199098 22431 1070190
7h5h 0.207 199098 22431 1070190
7h5s 0.207 199098 22431 1070190
5d3c 0.206494 201676 19311.5 1070190
4d3d 0.206373 205579 15279.5 1070190
5h3c 0.205988 201185 19261 1070190
5s3c 0.205988 201185 19261 1070190
6h5d 0.199004 192136 20836 1070190
6s5d 0.199004 192136 20836 1070190
6d5s 0.198985 192095 20857 1070190
6d5h 0.198985 192095 20857 1070190
6s5h 0.198461 191591 20800 1070190
6s5s 0.198461 191591 20800 1070190
6h5s 0.198461 191591 20800 1070190
6h5h 0.198461 191591 20800 1070190
4c3d 0.197519 195165 16217.5 1070190
4c3h 0.197023 194671 16181 1070190
4c3s 0.197023 194671 16181 1070190
4d3c 0.196249 193806 16217.5 1070190
4h3c 0.195753 193312 16181 1070190
4s3c 0.195753 193312 16181 1070190
7h4d 0.191053 181188 23275 1070190
7s4d 0.191053 181188 23275 1070190
7d4s 0.191005 181103 23309 1070190
7d4h 0.191005 181103 23309 1070190
7h4h 0.19049 180621 23240 1070190
7h4s 0.19049 180621 23240 1070190
7s4h 0.19049 180621 23240 1070190
7s4s 0.19049 180621 23240 1070190
7h3d 0.189455 179478 23275 1070190
7s3d 0.189455 179478 23275 1070190
7d3s 0.189407 179393 23309 1070190
7d3h 0.189407 179393 23309 1070190
7h3h 0.188893 178911 23240 1070190
7h3s 0.188893 178911 23240 1070190
7s3s 0.188893 178911 23240 1070190
7s3h 0.188893 178911 23240 1070190
6s4d 0.182494 173658 21645 1070190
6h4d 0.182494 173658 21645 1070190
6d4s 0.182462 173599 21670 1070190
6d4h 0.182462 173599 21670 1070190
6s4s 0.181952 173114 21609 1070190
6h4s 0.181952 173114 21609 1070190
6h4h 0.181952 173114 21609 1070190
6s4h 0.181952 173114 21609 1070190
6s3d 0.180896 171948 21645 1070190
6h3d 0.180896 171948 21645 1070190
6d3h 0.180864 171889 21670 1070190
6d3s 0.180864 171889 21670 1070190
5s4d 0.18075 174146 19290.5 1070190
5h4d 0.18075 174146 19290.5 1070190
5d4h 0.180734 174115 19304.5 1070190
5d4s 0.180734 174115 19304.5 1070190
6h3h 0.180354 171404 21609 1070190
6h3s 0.180354 171404 21609 1070190
6s3s 0.180354 171404 21609 1070190
6s3h 0.180354 171404 21609 1070190
5s4h 0.180228 173624 19254 1070190
5s4s 0.180228 173624 19254 1070190
5h4h 0.180228 173624 19254 1070190
5h4s 0.180228 173624 19254 1070190
5h3d 0.179152 172436 19290.5 1070190
5s3d 0.179152 172436 19290.5 1070190
5d3s 0.179136 172405 19304.5 1070190
5d3h 0.179136 172405 19304.5 1070190
5s3s 0.17863 171914 19254 1070190
5s3h 0.17863 171914 19254 1070190
5h3s 0.17863 171914 19254 1070190
5h3h 0.17863 171914 19254 1070190
4d3h 0.168783 164503 16126.5 1070190
4d3s 0.168783 164503 16126.5 1070190
4h3d 0.168783 164503 16126.5 1070190
4s3d 0.168783 164503 16126.5 1070190
4h3h 0.168287 164009 16090 1070190
4h3s 0.168287 164009 16090 1070190
4s3h 0.168287 164009 16090 1070190
4s3s 0.168287 164009 16090 1070190
