TdTc 0.943669 1009905 0 1070190
TsTd 0.943302 1009512 0 1070190
TsTc 0.94329 1009500 0 1070190
9h9c 0.938714 1004538 64.5 1070190
9s9h 0.938347 1004145 64.5 1070190
9s9c 0.938336 1004133 64.5 1070190
2h2d 0.929602 994731 120 1070190
2s2d 0.929235 994338 120 1070190
2s2h 0.929235 994338 120 1070190
Tc9c 0.896058 956208 2744 1070190
Td9h 0.891501 951264 2811.5 1070190
Tc9h 0.891385 951117 2834 1070190
Td9c 0.891385 951117 2834 1070190
Ts9h 0.891039 950769 2811.5 1070190
Td9s 0.891039 950769 2811.5 1070190
Ts9c 0.890922 950622 2834 1070190
Tc9s 0.890922 950622 2834 1070190
Ts9s 0.890576 950274 2811.5 1070190
Td2d 0.878334 934047 5937.5 1070190
Td2h 0.873092 928347 6027.5 1070190
Tc2h 0.873081 928335 6027.5 1070190
Tc2d 0.872976 928200 6050 1070190
Ts2h 0.872735 927987 6005 1070190
Td2s 0.872641 927864 6027.5 1070190
Tc2s 0.87263 927852 6027.5 1070190
Ts2d 0.87263 927852 6027.5 1070190
Ts2s 0.872283 927504 6005 1070190
9h2h 0.86028 914682 5981 1070190
9h2d 0.854284 908175 6071 1070190
9c2d 0.854273 908163 6071 1070190
9c2h 0.85421 908073 6093.5 1070190
9s2d 0.853926 907815 6048.5 1070190
9h2s 0.853875 907737 6071 1070190
9s2h 0.853863 907725 6071 1070190
9c2s 0.853863 907725 6071 1070190
9s2s 0.853517 907377 6048.5 1070190
AdAc 0.844042 902790 495 1070190
AhAc 0.844042 902790 495 1070190
AhAd 0.844042 902790 495 1070190
AsAd 0.843229 901920 495 1070190
AsAc 0.843229 901920 495 1070190
AsAh 0.843229 901920 495 1070190
KhKd 0.834958 892449 1115 1070190
KhKc 0.834957 892448 1115 1070190
KdKc 0.834957 892448 1115 1070190
KsKh 0.834172 891612 1111 1070190
KsKd 0.834172 891612 1111 1070190
KsKc 0.834172 891611 1111 1070190
QhQd 0.825853 882085 1735 1070190
QdQc 0.825851 882083 1735 1070190
QhQc 0.825851 882083 1735 1070190
QsQh 0.8251 881287 1727 1070190
QsQd 0.8251 881287 1727 1070190
QsQc 0.825098 881285 1727 1070190
JhJd 0.817947 873004 2355 1070190
JhJc 0.817944 873001 2355 1070190
JdJc 0.817944 873001 2355 1070190
JsJd 0.817227 872245 2343 1070190
JsJh 0.817227 872245 2343 1070190
JsJc 0.817224 872242 2343 1070190
KdTd 0.815616 867988 4876.5 1070190
QdTd 0.815604 866473 6378 1070190
KcTc 0.815525 867893 4873.5 1070190
QcTc 0.815502 866370 6372 1070190
JdTd 0.814969 864384 7788 1070190
JcTc 0.814852 864267 7779 1070190
AdTd 0.81406 867915 3283.5 1070190
AcTc 0.813976 867825 3283.5 1070190
QhTd 0.806143 856041 6685 1070190
QhTc 0.806141 856039 6685 1070190
QcTd 0.806074 855946 6706.5 1070190
QdTc 0.806074 855946 6706.5 1070190
JhTd 0.805961 854356 8175 1070190
JhTc 0.805958 854353 8175 1070190
JcTd 0.805893 854263 8196 1070190
JdTc 0.805893 854263 8196 1070190
KhTd 0.805623 857070 5099.5 1070190
KhTc 0.805622 857069 5099.5 1070190
KdTc 0.805553 856973 5121.5 1070190
KcTd 0.805553 856973 5121.5 1070190
QhTs 0.805441 855320 6655 1070190
QdTs 0.805374 855227 6676.5 1070190
QcTs 0.805372 855225 6676.5 1070190
QsTd 0.805311 855159 6677 1070190
QsTc 0.805309 855157 6677 1070190
JhTs 0.805287 853668 8142 1070190
JdTs 0.805222 853578 8163 1070190
JcTs 0.80522 853575 8163 1070190
JsTd 0.805165 853516 8163 1070190
JsTc 0.805162 853513 8163 1070190
KhTs 0.804891 856313 5073 1070190
KdTs 0.804822 856217 5095 1070190
KcTs 0.804821 856216 5095 1070190
KsTd 0.804756 856146 5095.5 1070190
KsTc 0.804755 856145 5095.5 1070190
QsTs 0.804609 854438 6647 1070190
JsTs 0.804491 852828 8130 1070190
KsTs 0.804024 855389 5069 1070190
AhTd 0.803424 856398 3418.5 1070190
AhTc 0.803424 856398 3418.5 1070190
AcTd 0.803353 856299 3441 1070190
AdTc 0.803353 856299 3441 1070190
AhTs 0.80266 855603 3396 1070190
AdTs 0.802589 855504 3418.5 1070190
AcTs 0.802589 855504 3418.5 1070190
AsTc 0.802527 855438 3418.5 1070190
AsTd 0.802527 855438 3418.5 1070190
AsTs 0.801763 854643 3396 1070190
Td8d 0.789283 832315 12367.5 1070190
Tc8c 0.789075 832032 12428 1070190
Td8h 0.779048 820775 12954.5 1070190
Tc8h 0.77904 820774 12947 1070190
Tc8d 0.778976 820684 12968 1070190
Td8c 0.778966 820664 12978 1070190
Ts8h 0.778425 820166 12896.5 1070190
Ts8d 0.77836 820076 12917.5 1070190
Td7d 0.778345 820192 12785 1070190
Ts8c 0.778343 820055 12920 1070190
Td8s 0.778252 819935 12942.5 1070190
Tc8s 0.778244 819934 12935 1070190
Tc7c 0.778195 819991 12825 1070190
Ts8s 0.777629 819326 12884.5 1070190
Td6d 0.769071 809973 13079.5 1070190
Tc6c 0.768979 809851 13102.5 1070190
Td7h 0.767242 807715 13380 1070190
Tc7h 0.767229 807707 13374 1070190
Tc7d 0.767162 807614 13395.5 1070190
Td7c 0.767159 807602 13403.5 1070190
Ts7h 0.766651 807148 13314 1070190
Ts7d 0.766584 807055 13335.5 1070190
Ts7c 0.766567 807035 13337.5 1070190
Td7s 0.766411 806833 13372 1070190
Tc7s 0.766398 806825 13366 1070190
Ts7s 0.765819 806266 13306 1070190
Td5d 0.761298 801483 13251 1070190
Tc5c 0.761255 801427 13260.5 1070190
Td4d 0.759712 799269 13767.5 1070190
Tc4c 0.759689 799245 13767 1070190
Td3d 0.759477 798981 13804 1070190
Tc3c 0.75946 798969 13797 1070190
Td6h 0.757235 796707 13678.5 1070190
Tc6h 0.757218 796694 13673.5 1070190
Td6c 0.75715 796592 13702 1070190
Tc6d 0.757149 796598 13695.5 1070190
Ts6h 0.756672 796178 13605 1070190
Ts6d 0.756603 796082 13627 1070190
Ts6c 0.756587 796063 13628.5 1070190
Td6s 0.756374 795789 13674.5 1070190
Tc6s 0.756357 795776 13669.5 1070190
Ts6s 0.755811 795260 13601 1070190
Jh9h 0.7548 799762 8017.5 1070190
Qh9h 0.754646 801007 6607.5 1070190
Kh9h 0.753869 801677 5106 1070190
Jc9c 0.753499 798379 8008.5 1070190
Qc9c 0.753355 799632 6601.5 1070190
Kc9c 0.752584 800305 5103 1070190
Ah9h 0.751689 800937 3513 1070190
Ac9c 0.750408 799566 3513 1070190
Td5h 0.748821 787531 13850 1070190
Tc5h 0.748802 787515 13845.5 1070190
Td5c 0.748734 787414 13873.5 1070190
Tc5d 0.748731 787416 13868 1070190
Ts5h 0.748282 787034 13769.5 1070190
Ts5d 0.74821 786935 13792 1070190
Ts5c 0.748194 786917 13793 1070190
Td5s 0.74793 786577 13850 1070190
Tc5s 0.747911 786561 13845.5 1070190
Ts5s 0.74739 786080 13769.5 1070190
Td4h 0.747162 785211 14394.5 1070190
Tc4h 0.747141 785193 14390 1070190
Td4c 0.747074 785094 14417.5 1070190
Tc4d 0.74707 785094 14412.5 1070190
Td3h 0.746927 784923 14431 1070190
Tc3h 0.746906 784905 14426 1070190
Td3c 0.746839 784806 14453.5 1070190
Tc3d 0.746834 784806 14448.5 1070190
Ts4h 0.746632 784728 14310.5 1070190
Ts4d 0.746561 784629 14333 1070190
Ts4c 0.746545 784611 14333.5 1070190
Ts3h 0.746397 784440 14347 1070190
Ts3d 0.746326 784341 14369.5 1070190
Ts3c 0.746309 784323 14369.5 1070190
Td4s 0.746271 784257 14394.5 1070190
Tc4s 0.74625 784239 14390 1070190
Td3s 0.746036 783969 14431 1070190
Tc3s 0.746014 783951 14426 1070190
Ts4s 0.745741 783774 14310.5 1070190
Ts3s 0.745506 783486 14347 1070190
Jd9h 0.741969 785643 8404.5 1070190
Jd9c 0.741966 785640 8404.5 1070190
Jh9c 0.741941 785592 8425.5 1070190
Jc9h 0.74191 785559 8425.5 1070190
Qd9h 0.741307 786425 6914.5 1070190
Qd9c 0.741305 786423 6914.5 1070190
Jd9s 0.741295 784955 8371.5 1070190
Qh9c 0.741279 786373 6936 1070190
Jh9s 0.74127 784907 8392.5 1070190
Qc9h 0.741247 786339 6936 1070190
Jc9s 0.741236 784871 8392.5 1070190
Js9h 0.741212 784845 8392.5 1070190
Js9c 0.741209 784842 8392.5 1070190
Qd9s 0.740605 785704 6884.5 1070190
Qh9s 0.740579 785654 6906 1070190
Qc9s 0.740545 785618 6906 1070190
Js9s 0.740538 784157 8359.5 1070190
Qs9h 0.740516 785586 6906.5 1070190
Qs9c 0.740514 785584 6906.5 1070190
Kd9h 0.739943 786551 5329 1070190
Kd9c 0.739942 786550 5329 1070190
Kh9c 0.739914 786498 5351 1070190
Kc9h 0.739882 786463 5351 1070190
Qs9s 0.739814 784865 6876.5 1070190
Kd9s 0.739211 785794 5302.5 1070190
Kh9s 0.739183 785742 5324.5 1070190
Kc9s 0.73915 785706 5324.5 1070190
Ks9h 0.739117 785671 5325 1070190
Ks9c 0.739116 785670 5325 1070190
Ks9s 0.738385 784914 5298.5 1070190
Ad9h 0.737078 785166 3648 1070190
Ad9c 0.737078 785166 3648 1070190
Ah9c 0.737049 785112 3670.5 1070190
Ac9h 0.737015 785076 3670.5 1070190
Ad9s 0.736315 784371 3625.5 1070190
Ah9s 0.736285 784317 3648 1070190
Ac9s 0.736252 784281 3648 1070190
As9c 0.736223 784251 3648 1070190
As9h 0.736223 784251 3648 1070190
As9s 0.73546 783456 3625.5 1070190
9h8h 0.727359 766130 12282 1070190
9c8c 0.725851 764456 12342.5 1070190
9h7h 0.715632 753163 12699.5 1070190
9c7c 0.714176 751565 12739.5 1070190
9h8d 0.713299 750496 12869 1070190
9c8d 0.713291 750495 12861.5 1070190
9c8h 0.713282 750465 12882.5 1070190
9h8c 0.713242 750412 12892.5 1070190
9s8d 0.712675 749887 12811 1070190
9s8h 0.712667 749857 12832 1070190
9s8c 0.712619 749803 12834.5 1070190
9h8s 0.712559 749716 12857 1070190
9c8s 0.712551 749715 12849.5 1070190
9s8s 0.711935 749107 12799 1070190
9h6h 0.705569 742099 12994 1070190
9c6c 0.704167 740575 13017 1070190
9h7d 0.700649 736533 13294.5 1070190
9c7d 0.700636 736525 13288.5 1070190
9c7h 0.700626 736493 13310 1070190
9h7c 0.700591 736447 13318 1070190
9s7d 0.700057 735966 13228.5 1070190
9s7h 0.700048 735934 13250 1070190
9s7c 0.699999 735880 13252 1070190
9h7s 0.699874 735712 13286.5 1070190
9c7s 0.699861 735704 13280.5 1070190
9s7s 0.699283 735145 13220.5 1070190
9h5h 0.697173 732942 13165.5 1070190
9c5c 0.695816 731480 13175 1070190
9h4h 0.695592 730734 13682 1070190
9h3h 0.695357 730446 13718.5 1070190
9c4c 0.69425 729298 13681.5 1070190
9c3c 0.69402 729022 13711.5 1070190
9h6d 0.689798 724622 13593 1070190
9c6d 0.689781 724609 13588 1070190
9c6h 0.68977 724575 13610 1070190
9h6c 0.689738 724534 13616.5 1070190
9s6d 0.689235 724093 13519.5 1070190
9s6h 0.689224 724059 13541.5 1070190
9s6c 0.689175 724005 13543 1070190
9h6s 0.688994 723766 13589 1070190
9c6s 0.688978 723753 13584 1070190
9s6s 0.688431 723237 13515.5 1070190
9h5d 0.680718 714733 13764.5 1070190
9c5d 0.680699 714717 13760 1070190
9c5h 0.680686 714681 13782.5 1070190
9h5c 0.680656 714643 13788 1070190
9s5d 0.680178 714236 13684 1070190
9s5h 0.680166 714200 13706.5 1070190
9s5c 0.680116 714146 13707.5 1070190
9h5s 0.679885 713842 13764.5 1070190
9c5s 0.679866 713826 13760 1070190
9s5s 0.679346 713345 13684 1070190
9h4d 0.679059 712413 14309 1070190
9c4d 0.679038 712395 14304.5 1070190
9c4h 0.679025 712359 14327 1070190
9h4c 0.678996 712323 14332 1070190
9h3d 0.678824 712125 14345.5 1070190
9c3d 0.678802 712107 14340.5 1070190
9c3h 0.67879 712071 14363 1070190
9h3c 0.678761 712035 14368 1070190
9s4d 0.678529 711930 14225 1070190
9s4h 0.678516 711894 14247.5 1070190
9s4c 0.678466 711840 14248 1070190
9s3d 0.678294 711642 14261.5 1070190
9s3h 0.678281 711606 14284 1070190
9s3c 0.678231 711552 14284 1070190
9h4s 0.678226 711522 14309 1070190
9c4s 0.678205 711504 14304.5 1070190
9h3s 0.677991 711234 14345.5 1070190
9c3s 0.67797 711216 14340.5 1070190
9s4s 0.677696 711039 14225 1070190
9s3s 0.677461 710751 14261.5 1070190
8h8d 0.644356 687024 2559.5 1070190
8d8c 0.644308 686970 2562 1070190
8h8c 0.644308 686970 2562 1070190
8s8h 0.643675 686307 2547.5 1070190
8s8d 0.643675 686307 2547.5 1070190
8s8c 0.643627 686253 2550 1070190
7h7d 0.615684 656995 1904 1070190
7h7c 0.615636 656941 1906 1070190
7d7c 0.615636 656941 1906 1070190
7s7h 0.614971 656240 1896 1070190
7s7d 0.614971 656240 1896 1070190
7s7c 0.614923 656186 1898 1070190
QhJh 0.610933 646004 7810 1070190
QdJd 0.610927 645998 7810 1070190
QcJc 0.610744 645807 7805.5 1070190
Jh2h 0.596779 630234 8433 1070190
Jd2d 0.596773 630228 8433 1070190
Qh2h 0.594726 629357 7112.5 1070190
Qd2d 0.59472 629351 7112.5 1070190
Kh2h 0.592977 628898 5700.5 1070190
Kd2d 0.592972 628892 5700.5 1070190
QdJc 0.59175 625198 8087 1070190
QcJd 0.59175 625198 8087 1070190
QhJc 0.59175 625198 8087 1070190
QhJd 0.59175 625198 8087 1070190
QcJh 0.59175 625198 8087 1070190
QdJh 0.59175 625198 8087 1070190
QdJs 0.591022 624457 8048.5 1070190
QhJs 0.591022 624457 8048.5 1070190
QcJs 0.591022 624457 8048.5 1070190
QsJh 0.591007 624444 8045.5 1070190
QsJd 0.591007 624444 8045.5 1070190
QsJc 0.591007 624444 8045.5 1070190
Ah2h 0.590836 628110 4197 1070190
Ad2d 0.590831 628104 4197 1070190
QsJs 0.590278 623703 8007 1070190
6h6d 0.586417 626329 1248.5 1070190
6d6c 0.586368 626275 1250 1070190
6h6c 0.586368 626275 1250 1070190
6s6h 0.585678 625542 1244.5 1070190
6s6d 0.585678 625542 1244.5 1070190
6s6c 0.585629 625488 1246 1070190
Jc2h 0.575773 607364 8823 1070190
Jc2d 0.575773 607364 8823 1070190
Jh2d 0.575759 607331 8841 1070190
Jd2h 0.575759 607331 8841 1070190
KhQh 0.575195 608919 6649 1070190
KdQd 0.575189 608913 6649 1070190
Jc2s 0.575103 606679 8790 1070190
Jh2s 0.575089 606646 8808 1070190
Jd2s 0.575089 606646 8808 1070190
Js2d 0.575061 606617 8808 1070190
Js2h 0.575061 606617 8808 1070190
KcQc 0.575039 608757 6644.5 1070190
KhJh 0.57483 607725 7452 1070190
KdJd 0.574824 607719 7452 1070190
KcJc 0.574669 607558 7447.5 1070190
8h2h 0.574468 596599 18191 1070190
8d2d 0.574468 596599 18191 1070190
Js2s 0.574391 605932 8775 1070190
Qc2h 0.573023 605821 7423 1070190
Qc2d 0.573023 605821 7423 1070190
Qh2d 0.573009 605787 7441 1070190
Qd2h 0.573009 605787 7441 1070190
Qc2s 0.572324 605102 7393 1070190
Qd2s 0.572309 605068 7411 1070190
Qh2s 0.572309 605068 7411 1070190
Qs2d 0.572277 605034 7411.5 1070190
Qs2h 0.572277 605034 7411.5 1070190
Qs2s 0.571577 604315 7381.5 1070190
Kc2h 0.570557 604677 5927.5 1070190
Kc2d 0.570557 604677 5927.5 1070190
Kh2d 0.570541 604642 5945.5 1070190
Kd2h 0.570541 604642 5945.5 1070190
Kc2s 0.569826 603921 5901 1070190
Kh2s 0.56981 603886 5919 1070190
Kd2s 0.56981 603886 5919 1070190
Ks2d 0.569777 603850 5919.5 1070190
Ks2h 0.569777 603850 5919.5 1070190
Ks2s 0.569046 603094 5893 1070190
Ac2d 0.567663 603171 4336.5 1070190
Ac2h 0.567663 603171 4336.5 1070190
Ah2d 0.567646 603135 4354.5 1070190
Ad2h 0.567646 603135 4354.5 1070190
Ac2s 0.566899 602376 4314 1070190
Ah2s 0.566883 602340 4332 1070190
Ad2s 0.566883 602340 4332 1070190
As2d 0.566854 602310 4332 1070190
As2h 0.566854 602310 4332 1070190
As2s 0.566091 601515 4309.5 1070190
7d2d 0.563666 585144 18086 1070190
7h2h 0.563666 585144 18086 1070190
5h5d 0.556652 595130 593 1070190
5h5c 0.556602 595076 594 1070190
5d5c 0.556602 595076 594 1070190
5s5h 0.555886 594311 593 1070190
5s5d 0.555886 594311 593 1070190
5s5c 0.555837 594257 594 1070190
6d2d 0.553716 574898 17683.5 1070190
6h2h 0.553716 574898 17683.5 1070190
KdQh 0.553089 584986 6924 1070190
KdQc 0.553089 584986 6924 1070190
KhQd 0.553089 584986 6924 1070190
KcQh 0.553089 584986 6924 1070190
KcQd 0.553089 584986 6924 1070190
KhQc 0.553089 584986 6924 1070190
KcJd 0.553086 584126 7781 1070190
KhJd 0.553086 584126 7781 1070190
KcJh 0.553086 584126 7781 1070190
KhJc 0.553086 584126 7781 1070190
KdJh 0.553086 584126 7781 1070190
KdJc 0.553086 584126 7781 1070190
AhJh 0.553047 584771 7094 1070190
AdJd 0.553041 584765 7094 1070190
AcJc 0.552911 584630 7089.5 1070190
8d2h 0.552887 572591 19103 1070190
8h2d 0.552887 572591 19103 1070190
8c2h 0.552884 572606 19084.5 1070190
8c2d 0.552884 572606 19084.5 1070190
AhQh 0.552456 584942 6291 1070190
AdQd 0.55245 584936 6291 1070190
KhJs 0.552362 583385 7747 1070190
KcJs 0.552362 583385 7747 1070190
KdJs 0.552362 583385 7747 1070190
KsJh 0.552343 583365 7747 1070190
KsJd 0.552343 583365 7747 1070190
KsJc 0.552343 583365 7747 1070190
KcQs 0.552332 584207 6893.5 1070190
KdQs 0.552332 584207 6893.5 1070190
KhQs 0.552332 584207 6893.5 1070190
AcQc 0.552326 584807 6286.5 1070190
KsQc 0.552316 584193 6890 1070190
KsQd 0.552316 584193 6890 1070190
KsQh 0.552316 584193 6890 1070190
8d2s 0.55231 572070 19007 1070190
8h2s 0.55231 572070 19007 1070190
8c2s 0.552307 572085 18988.5 1070190
8s2h 0.552197 571886 19070 1070190
8s2d 0.552197 571886 19070 1070190
AhKh 0.552012 585270 5488 1070190
AdKd 0.552006 585263 5488 1070190
AcKc 0.551887 585140 5483.5 1070190
8s2s 0.551621 571365 18974 1070190
KsJs 0.551619 582624 7713 1070190
KsQs 0.55156 583414 6859.5 1070190
Jh8h 0.550629 574970 14308 1070190
Jd8d 0.550629 574970 14308 1070190
Jc8c 0.550306 574540 14391.5 1070190
5h2h 0.54518 566463 16983.5 1070190
5d2d 0.54518 566463 16983.5 1070190
4h2h 0.544685 565986 16930 1070190
4d2d 0.544685 565986 16930 1070190
3d2d 0.544349 565680 16876.5 1070190
3h2h 0.544349 565680 16876.5 1070190
7d2h 0.541322 560323 18994.5 1070190
7h2d 0.541322 560323 18994.5 1070190
7c2d 0.541319 560339 18975 1070190
7c2h 0.541319 560339 18975 1070190
7d2s 0.54076 559824 18892 1070190
7h2s 0.54076 559824 18892 1070190
7c2s 0.540757 559840 18872.5 1070190
7s2h 0.540599 559579 18965 1070190
7s2d 0.540599 559579 18965 1070190
7s2s 0.540037 559080 18862.5 1070190
4h4d 0.537367 574527 557.5 1070190
4h4c 0.537317 574473 558 1070190
4d4c 0.537317 574473 558 1070190
4s4h 0.536601 573708 557.5 1070190
4s4d 0.536601 573708 557.5 1070190
4s4c 0.536551 573654 558 1070190
6d2h 0.53066 549338 18568.5 1070190
6h2d 0.53066 549338 18568.5 1070190
6c2h 0.530656 549355 18548 1070190
6c2d 0.530656 549355 18548 1070190
6d2s 0.530109 548855 18462 1070190
6h2s 0.530109 548855 18462 1070190
6c2s 0.530105 548872 18441.5 1070190
6s2d 0.529909 548561 18542.5 1070190
6s2h 0.529909 548561 18542.5 1070190
Jc8h 0.529838 552156 14871 1070190
Jc8d 0.529838 552156 14871 1070190
Jh8d 0.529837 552147 14879 1070190
Jd8h 0.529837 552147 14879 1070190
Jh8c 0.529784 552091 14879 1070190
Jd8c 0.529784 552091 14879 1070190
AdJh 0.529544 559238 7475 1070190
AdJc 0.529544 559238 7475 1070190
AhJd 0.529544 559238 7475 1070190
AcJh 0.529544 559238 7475 1070190
AcJd 0.529544 559238 7475 1070190
AhJc 0.529544 559238 7475 1070190
6s2s 0.529358 548078 18436 1070190
Jc8s 0.529181 551492 14832.5 1070190
Jh8s 0.52918 551483 14840.5 1070190
Jd8s 0.52918 551483 14840.5 1070190
Js8d 0.529171 551499 14814 1070190
Js8h 0.529171 551499 14814 1070190
Js8c 0.529118 551443 14814 1070190
AhJs 0.528833 558506 7445.5 1070190
AdJs 0.528833 558506 7445.5 1070190
AcJs 0.528833 558506 7445.5 1070190
AsJh 0.5288 558468 7448.5 1070190
AsJd 0.5288 558468 7448.5 1070190
AsJc 0.5288 558468 7448.5 1070190
Js8s 0.528514 550835 14775.5 1070190
AhQc 0.528508 558986 6618 1070190
AhQd 0.528508 558986 6618 1070190
AdQc 0.528508 558986 6618 1070190
AdQh 0.528508 558986 6618 1070190
AcQd 0.528508 558986 6618 1070190
AcQh 0.528508 558986 6618 1070190
AsJs 0.528088 557736 7419 1070190
AdQs 0.527763 558215 6592 1070190
AcQs 0.527763 558215 6592 1070190
AhQs 0.527763 558215 6592 1070190
AsQc 0.527736 558186 6591.5 1070190
AsQd 0.527736 558186 6591.5 1070190
AsQh 0.527736 558186 6591.5 1070190
AhKc 0.527615 558887 5761 1070190
AdKh 0.527615 558887 5761 1070190
AcKh 0.527615 558887 5761 1070190
AcKd 0.527615 558887 5761 1070190
AhKd 0.527615 558887 5761 1070190
AdKc 0.527615 558887 5761 1070190
AsQs 0.526991 557415 6565.5 1070190
AcKs 0.526837 558077 5738.5 1070190
AdKs 0.526837 558077 5738.5 1070190
AhKs 0.526837 558077 5738.5 1070190
AsKc 0.526813 558056 5734.5 1070190
AsKh 0.526813 558056 5734.5 1070190
AsKd 0.526813 558056 5734.5 1070190
AsKs 0.526036 557246 5712 1070190
5h2d 0.521468 540245 17825 1070190
5d2h 0.521468 540245 17825 1070190
5c2d 0.521465 540263 17803.5 1070190
5c2h 0.521465 540263 17803.5 1070190
4h2d 0.520999 539796 17771.5 1070190
4d2h 0.520999 539796 17771.5 1070190
4c2d 0.520995 539814 17749.5 1070190
4c2h 0.520995 539814 17749.5 1070190
5d2s 0.520924 539771 17717 1070190
5h2s 0.520924 539771 17717 1070190
5c2s 0.520921 539789 17695.5 1070190
5s2h 0.52069 539435 17802.5 1070190
5s2d 0.52069 539435 17802.5 1070190
3h2d 0.520663 539490 17718 1070190
3d2h 0.520663 539490 17718 1070190
3c2d 0.520658 539508 17695.5 1070190
3c2h 0.520658 539508 17695.5 1070190
4h2s 0.520455 539322 17663.5 1070190
4d2s 0.520455 539322 17663.5 1070190
4c2s 0.520451 539340 17641.5 1070190
4s2h 0.520221 538986 17749 1070190
4s2d 0.520221 538986 17749 1070190
5s2s 0.520146 538961 17694.5 1070190
3d2s 0.520119 539016 17610 1070190
3h2s 0.520119 539016 17610 1070190
3c2s 0.520115 539034 17587.5 1070190
3s2d 0.519885 538680 17695.5 1070190
3s2h 0.519885 538680 17695.5 1070190
4s2s 0.519677 538512 17641 1070190
3s2s 0.519341 538206 17587.5 1070190
3h3d 0.518215 554067 522 1070190
3h3c 0.518165 554013 522 1070190
3d3c 0.518165 554013 522 1070190
3s3h 0.51745 553248 522 1070190
3s3d 0.51745 553248 522 1070190
3s3c 0.5174 553194 522 1070190
Ad8d 0.51491 535024 16028 1070190
Ah8h 0.51491 535024 16028 1070190
Ac8c 0.514612 534599 16133.5 1070190
Qd8d 0.500622 521405 14356 1070190
Qh8h 0.500622 521405 14356 1070190
Qc8c 0.500304 520959 14461.5 1070190
Ah7h 0.497751 515657 17031 1070190
Ad7d 0.497751 515657 17031 1070190
Ac7c 0.497518 515324 17114.5 1070190
8d7d 0.495651 511103 19338 1070190
8h7h 0.495628 511078 19338 1070190
8c7c 0.49494 510030 19649.5 1070190
Ac8d 0.490511 508127 16813 1070190
Ac8h 0.490511 508127 16813 1070190
Ad8h 0.49051 508116 16823 1070190
Ah8d 0.49051 508116 16823 1070190
Ad8c 0.490447 508049 16823 1070190
Ah8c 0.490447 508049 16823 1070190
Ac8s 0.489866 507470 16780 1070190
Ad8s 0.489865 507459 16790 1070190
Ah8s 0.489865 507459 16790 1070190
As8d 0.489831 507446 16766.5 1070190
As8h 0.489831 507446 16766.5 1070190
As8c 0.489769 507379 16766.5 1070190
As8s 0.489186 506789 16733.5 1070190
Ah6h 0.481542 497492 17849.5 1070190
Ad6d 0.481542 497492 17849.5 1070190
Ac6c 0.481365 497235 17916.5 1070190
Qc8h 0.476646 495109 14993 1070190
Qc8d 0.476646 495109 14993 1070190
Qh8d 0.476644 495097 15003 1070190
Qd8h 0.476644 495097 15003 1070190
Ah5h 0.476635 491606 18483.5 1070190
Ad5d 0.476635 491606 18483.5 1070190
Qh8c 0.476586 495035 15003 1070190
Qd8c 0.476586 495035 15003 1070190
Ac5c 0.476492 491397 18539.5 1070190
Qc8s 0.476005 494457 14959 1070190
Qh8s 0.476003 494445 14969 1070190
Qd8s 0.476003 494445 14969 1070190
Qs8d 0.475984 494450 14943.5 1070190
Qs8h 0.475984 494450 14943.5 1070190
Qs8c 0.475926 494388 14943.5 1070190
Qs8s 0.475343 493798 14909.5 1070190
8h7d 0.47315 486157 20203 1070190
8d7h 0.47315 486157 20203 1070190
8d7c 0.473097 486109 20195 1070190
8h7c 0.473097 486109 20195 1070190
8c7d 0.473095 486103 20198.5 1070190
8c7h 0.473095 486103 20198.5 1070190
Ah4h 0.472955 486950 19202 1070190
Ad4d 0.47295 486944 19202 1070190
Ac4c 0.472828 486763 19252.5 1070190
8s7d 0.472558 485590 20136.5 1070190
8s7h 0.472558 485590 20136.5 1070190
8d7s 0.472513 485522 20156.5 1070190
8h7s 0.472513 485522 20156.5 1070190
8s7c 0.472505 485542 20128.5 1070190
8c7s 0.472458 485468 20152 1070190
Ah7d 0.47221 487486 17868 1070190
Ad7h 0.47221 487486 17868 1070190
Ac7h 0.472205 487489 17860 1070190
Ac7d 0.472205 487489 17860 1070190
Ah7c 0.472145 487417 17868 1070190
Ad7c 0.472145 487417 17868 1070190
8s7s 0.471921 484955 20090 1070190
As7h 0.471561 486856 17803.5 1070190
As7d 0.471561 486856 17803.5 1070190
Ad7s 0.471534 486792 17838.5 1070190
Ah7s 0.471534 486792 17838.5 1070190
Ac7s 0.471529 486795 17830.5 1070190
As7c 0.471496 486787 17803.5 1070190
Ah3h 0.47129 485168 19202 1070190
Ad3d 0.471285 485162 19202 1070190
Ac3c 0.471163 484981 19252.5 1070190
As7s 0.470885 486162 17774 1070190
Kd8d 0.462235 478806 15873 1070190
Kh8h 0.462235 478806 15873 1070190
Kc8c 0.461939 478384 15978.5 1070190
Jh7h 0.456892 473666 15295 1070190
Jd7d 0.456892 473666 15295 1070190
Jc7c 0.45664 473313 15378.5 1070190
Ad6h 0.45495 468160 18722.5 1070190
Ah6d 0.45495 468160 18722.5 1070190
Ac6h 0.454941 468157 18716 1070190
Ac6d 0.454941 468157 18716 1070190
Ad6c 0.454883 468089 18722.5 1070190
Ah6c 0.454883 468089 18722.5 1070190
As6d 0.454327 467566 18650.5 1070190
As6h 0.454327 467566 18650.5 1070190
As6c 0.454261 467495 18650.5 1070190
Ah6s 0.454248 467435 18696.5 1070190
Ad6s 0.454248 467435 18696.5 1070190
Ac6s 0.454239 467432 18690 1070190
As6s 0.453626 466841 18624.5 1070190
Kh7h 0.453305 467800 17323 1070190
Kd7d 0.453305 467800 17323 1070190
Kc7c 0.453075 467470 17406.5 1070190
Ah5d 0.449704 461882 19386.5 1070190
Ad5h 0.449704 461882 19386.5 1070190
Ac5d 0.449692 461875 19381 1070190
Ac5h 0.449692 461875 19381 1070190
Ad5c 0.449636 461809 19386.5 1070190
Ah5c 0.449636 461809 19386.5 1070190
As5d 0.449095 461309 19307.5 1070190
As5h 0.449095 461309 19307.5 1070190
As5c 0.449026 461236 19307.5 1070190
Ad5s 0.448974 461123 19364 1070190
Ah5s 0.448974 461123 19364 1070190
Ac5s 0.448962 461116 19358.5 1070190
As5s 0.448364 460550 19285 1070190
Ad4h 0.445907 457058 20147 1070190
Ah4d 0.445907 457058 20147 1070190
Ac4d 0.445894 457049 20142 1070190
Ac4h 0.445894 457049 20142 1070190
Ad4c 0.445839 456985 20147 1070190
Ah4c 0.445839 456985 20147 1070190
As4h 0.445307 456499 20064.5 1070190
As4d 0.445307 456499 20064.5 1070190
As4c 0.445239 456426 20064.5 1070190
Ah4s 0.445177 456299 20124.5 1070190
Ad4s 0.445177 456299 20124.5 1070190
Ac4s 0.445163 456290 20119.5 1070190
As4s 0.444577 455740 20042 1070190
Ah3d 0.444242 455276 20147 1070190
Ad3h 0.444242 455276 20147 1070190
Ac3h 0.444229 455267 20142 1070190
Ac3d 0.444229 455267 20142 1070190
Ah3c 0.444173 455203 20147 1070190
Ad3c 0.444173 455203 20147 1070190
As3d 0.443642 454717 20064.5 1070190
As3h 0.443642 454717 20064.5 1070190
As3c 0.443574 454644 20064.5 1070190
Ah3s 0.443511 454517 20124.5 1070190
Ad3s 0.443511 454517 20124.5 1070190
Ac3s 0.443498 454508 20119.5 1070190
As3s 0.442912 453958 20042 1070190
Kh6h 0.436486 448981 18141.5 1070190
Kd6d 0.436486 448981 18141.5 1070190
Kc6c 0.436311 448727 18208.5 1070190
Kc8h 0.435709 449639 16652 1070190
Kc8d 0.435709 449639 16652 1070190
Kd8h 0.435708 449628 16662 1070190
Kh8d 0.435708 449628 16662 1070190
Kd8c 0.435645 449561 16662 1070190
Kh8c 0.435645 449561 16662 1070190
Kc8s 0.43509 449007 16622.5 1070190
Kd8s 0.43509 448996 16632.5 1070190
Kh8s 0.43509 448996 16632.5 1070190
Ks8h 0.435048 448981 16602.5 1070190
Ks8d 0.435048 448981 16602.5 1070190
Ks8c 0.434985 448914 16602.5 1070190
Ks8s 0.434429 448349 16573 1070190
Jd7h 0.431023 445293 15984 1070190
Jh7d 0.431023 445293 15984 1070190
Jc7d 0.43102 445297 15976 1070190
Jc7h 0.43102 445297 15976 1070190
Jd7c 0.430964 445229 15984 1070190
Jh7c 0.430964 445229 15984 1070190
Js7h 0.430409 444702 15917.5 1070190
Js7d 0.430409 444702 15917.5 1070190
Jd7s 0.430375 444630 15953.5 1070190
Jh7s 0.430375 444630 15953.5 1070190
Jc7s 0.430372 444634 15945.5 1070190
Js7c 0.430349 444638 15917.5 1070190
Js7s 0.429761 444039 15887 1070190
Kh7d 0.426147 437874 18184 1070190
Kd7h 0.426147 437874 18184 1070190
Kc7d 0.426142 437877 18176 1070190
Kc7h 0.426142 437877 18176 1070190
Kd7c 0.426082 437805 18184 1070190
Kh7c 0.426082 437805 18184 1070190
Ks7d 0.425513 437261 18118.5 1070190
Ks7h 0.425513 437261 18118.5 1070190
Kd7s 0.425498 437209 18154.5 1070190
Kh7s 0.425498 437209 18154.5 1070190
Kc7s 0.425493 437212 18146.5 1070190
Ks7c 0.425448 437192 18118.5 1070190
Ks7s 0.424864 436596 18089 1070190
Kh5h 0.421289 432084 18775.5 1070190
Kd5d 0.421289 432084 18775.5 1070190
Kc5c 0.421152 431881 18831.5 1070190
Kh4h 0.41761 427428 19494 1070190
Kd4d 0.417604 427422 19494 1070190
Kc4c 0.417488 427247 19544.5 1070190
Kh3h 0.415945 425646 19494 1070190
Kd3d 0.415939 425640 19494 1070190
Kc3c 0.415823 425465 19544.5 1070190
Kh6d 0.408236 417852 19038.5 1070190
Kd6h 0.408236 417852 19038.5 1070190
Kc6d 0.408228 417849 19032 1070190
Kc6h 0.408228 417849 19032 1070190
Kh6c 0.40817 417781 19038.5 1070190
Kd6c 0.40817 417781 19038.5 1070190
Ks6h 0.407629 417275 18965.5 1070190
Ks6d 0.407629 417275 18965.5 1070190
Kh6s 0.407563 417157 19012.5 1070190
Kd6s 0.407563 417157 19012.5 1070190
Ks6c 0.407563 417204 18965.5 1070190
Kc6s 0.407554 417154 19006 1070190
Ks6s 0.406955 416580 18939.5 1070190
Qd7d 0.404509 416108 16793 1070190
Qh7h 0.404509 416108 16793 1070190
Qc7c 0.404284 415784 16876.5 1070190
Qd6d 0.396892 406602 18147.5 1070190
Qh6h 0.396892 406602 18147.5 1070190
Qc6c 0.396723 406354 18214.5 1070190
8d6d 0.396036 402638 21196 1070190
8h6h 0.396013 402613 21196 1070190
8c6c 0.395327 401501 21574.5 1070190
Kh5d 0.392054 399870 19702.5 1070190
Kd5h 0.392054 399870 19702.5 1070190
Kc5h 0.392043 399863 19697 1070190
Kc5d 0.392043 399863 19697 1070190
Kh5c 0.391986 399797 19702.5 1070190
Kd5c 0.391986 399797 19702.5 1070190
Ks5d 0.391468 399323 19622.5 1070190
Ks5h 0.391468 399323 19622.5 1070190
Ks5c 0.3914 399250 19622.5 1070190
Kh5s 0.391355 399144 19680 1070190
Kd5s 0.391355 399144 19680 1070190
Kc5s 0.391343 399137 19674.5 1070190
Ks5s 0.390769 398597 19600 1070190
Kh4d 0.388257 395046 20463 1070190
Kd4h 0.388257 395046 20463 1070190
Kc4d 0.388244 395037 20458 1070190
Kc4h 0.388244 395037 20458 1070190
Kh4c 0.388189 394973 20463 1070190
Kd4c 0.388189 394973 20463 1070190
Ks4d 0.387681 394513 20379.5 1070190
Ks4h 0.387681 394513 20379.5 1070190
Ks4c 0.387613 394440 20379.5 1070190
Kd4s 0.387558 394320 20440.5 1070190
Kh4s 0.387558 394320 20440.5 1070190
Kc4s 0.387545 394311 20435.5 1070190
Ks4s 0.386982 393787 20357 1070190
Kd3h 0.386592 393264 20463 1070190
Kh3d 0.386592 393264 20463 1070190
Kc3d 0.386579 393255 20458 1070190
Kc3h 0.386579 393255 20458 1070190
Kd3c 0.386524 393191 20463 1070190
Kh3c 0.386524 393191 20463 1070190
Ks3h 0.386016 392731 20379.5 1070190
Ks3d 0.386016 392731 20379.5 1070190
Ks3c 0.385948 392658 20379.5 1070190
Kd3s 0.385893 392538 20440.5 1070190
Kh3s 0.385893 392538 20440.5 1070190
Kc3s 0.38588 392529 20435.5 1070190
Ks3s 0.385317 392005 20357 1070190
Qh5h 0.381529 389527 18781.5 1070190
Qd5d 0.381529 389527 18781.5 1070190
Qc5c 0.381397 389330 18837.5 1070190
Qh4h 0.37785 384871 19500 1070190
Qd4d 0.377844 384865 19500 1070190
Qc4c 0.377733 384696 19550.5 1070190
Qh3h 0.376185 383089 19500 1070190
Qd3d 0.376179 383083 19500 1070190
Qc3c 0.376068 382914 19550.5 1070190
Qh7d 0.375388 384106 17630 1070190
Qd7h 0.375388 384106 17630 1070190
Qc7d 0.375383 384109 17622 1070190
Qc7h 0.375383 384109 17622 1070190
Qh7c 0.375323 384037 17630 1070190
Qd7c 0.375323 384037 17630 1070190
Qs7d 0.374779 383522 17563 1070190
Qs7h 0.374779 383522 17563 1070190
Qd7s 0.374766 383467 17604 1070190
Qh7s 0.374766 383467 17604 1070190
Qc7s 0.374761 383470 17596 1070190
Qs7c 0.374715 383453 17563 1070190
Qs7s 0.374158 382883 17537 1070190
8h6d 0.368247 371846 22248 1070190
8d6h 0.368247 371846 22248 1070190
8h6c 0.368188 371793 22238 1070190
8d6c 0.368188 371793 22238 1070190
8c6h 0.368183 371782 22243.5 1070190
8c6d 0.368183 371782 22243.5 1070190
8s6d 0.367715 371345 22180 1070190
8s6h 0.367715 371345 22180 1070190
8s6c 0.367656 371292 22170 1070190
8h6s 0.36763 371226 22207.5 1070190
8d6s 0.36763 371226 22207.5 1070190
8c6s 0.367566 371162 22203 1070190
Qd6h 0.367251 373972 19056.5 1070190
Qh6d 0.367251 373972 19056.5 1070190
Qc6d 0.367242 373969 19050 1070190
Qc6h 0.367242 373969 19050 1070190
Qh6c 0.367185 373901 19056.5 1070190
Qd6c 0.367185 373901 19056.5 1070190
8s6s 0.367098 370725 22139.5 1070190
Qs6d 0.366665 373418 18983.5 1070190
Qs6h 0.366665 373418 18983.5 1070190
Qh6s 0.366605 373307 19030.5 1070190
Qd6s 0.366605 373307 19030.5 1070190
Qs6c 0.366599 373347 18983.5 1070190
Qc6s 0.366597 373304 19024 1070190
Qs6s 0.36602 372753 18957.5 1070190
7d6d 0.35739 362994 19481.5 1070190
7h6h 0.357367 362969 19481.5 1070190
7c6c 0.35699 362182 19865.5 1070190
Jh6h 0.354011 361432 17427 1070190
Jd6d 0.354011 361432 17427 1070190
Jc6c 0.353842 361190 17488.5 1070190
Qd5h 0.350891 355800 19720.5 1070190
Qh5d 0.350891 355800 19720.5 1070190
Qc5h 0.35088 355793 19715 1070190
Qc5d 0.35088 355793 19715 1070190
Qh5c 0.350823 355727 19720.5 1070190
Qd5c 0.350823 355727 19720.5 1070190
Qs5h 0.350327 355276 19640.5 1070190
Qs5d 0.350327 355276 19640.5 1070190
Qs5c 0.350259 355203 19640.5 1070190
Qd5s 0.350221 355105 19698 1070190
Qh5s 0.350221 355105 19698 1070190
Qc5s 0.350209 355098 19692.5 1070190
Qs5s 0.349657 354581 19618 1070190
Jd5d 0.348602 354384 18686 1070190
Jh5h 0.348602 354384 18686 1070190
Jc5c 0.34847 354193 18736.5 1070190
Qh4d 0.347094 350976 20481 1070190
Qd4h 0.347094 350976 20481 1070190
Qc4h 0.347081 350967 20476 1070190
Qc4d 0.347081 350967 20476 1070190
Qh4c 0.347026 350903 20481 1070190
Qd4c 0.347026 350903 20481 1070190
Qs4h 0.34654 350466 20397.5 1070190
Qs4d 0.34654 350466 20397.5 1070190
Qs4c 0.346472 350393 20397.5 1070190
Qh4s 0.346424 350281 20458.5 1070190
Qd4s 0.346424 350281 20458.5 1070190
Qc4s 0.346411 350272 20453.5 1070190
Qs4s 0.345869 349771 20375 1070190
Qh3d 0.345429 349194 20481 1070190
Qd3h 0.345429 349194 20481 1070190
Qc3d 0.345416 349185 20476 1070190
Qc3h 0.345416 349185 20476 1070190
Qh3c 0.345361 349121 20481 1070190
Qd3c 0.345361 349121 20481 1070190
Jh4h 0.344922 349728 19404.5 1070190
Jd4d 0.344917 349722 19404.5 1070190
Qs3d 0.344875 348684 20397.5 1070190
Qs3h 0.344875 348684 20397.5 1070190
Qs3c 0.344807 348611 20397.5 1070190
Jc4c 0.344807 349559 19449.5 1070190
Qd3s 0.344759 348499 20458.5 1070190
Qh3s 0.344759 348499 20458.5 1070190
Qc3s 0.344746 348490 20453.5 1070190
Qs3s 0.344204 347989 20375 1070190
Jh3h 0.343257 347946 19404.5 1070190
Jd3d 0.343252 347940 19404.5 1070190
Jc3c 0.343141 347777 19449.5 1070190
7h6d 0.327466 330007 20443.5 1070190
7d6h 0.327466 330007 20443.5 1070190
7h6c 0.327402 329949 20433.5 1070190
7d6c 0.327402 329949 20433.5 1070190
7c6h 0.327399 329941 20438.5 1070190
7c6d 0.327399 329941 20438.5 1070190
7s6h 0.32692 329485 20382 1070190
7s6d 0.32692 329485 20382 1070190
7h6s 0.32688 329421 20403 1070190
7d6s 0.32688 329421 20403 1070190
7s6c 0.326857 329427 20372 1070190
7c6s 0.326814 329355 20398 1070190
7s6s 0.326335 328899 20341.5 1070190
Jh6d 0.322665 327013 18300 1070190
Jd6h 0.322665 327013 18300 1070190
Jc6d 0.322657 327010 18294 1070190
Jc6h 0.322657 327010 18294 1070190
Jd6c 0.322599 326942 18300 1070190
Jh6c 0.322599 326942 18300 1070190
Js6d 0.322105 326487 18226.5 1070190
Js6h 0.322105 326487 18226.5 1070190
Jd6s 0.322048 326375 18277.5 1070190
Jh6s 0.322048 326375 18277.5 1070190
Jc6s 0.32204 326372 18271.5 1070190
Js6c 0.322039 326416 18226.5 1070190
Js6s 0.321488 325849 18204 1070190
Jd5h 0.316877 319488 19631 1070190
Jh5d 0.316877 319488 19631 1070190
Jc5h 0.316866 319481 19626 1070190
Jc5d 0.316866 319481 19626 1070190
Jd5c 0.316809 319415 19631 1070190
Jh5c 0.316809 319415 19631 1070190
Js5h 0.316335 318987 19551.5 1070190
Js5d 0.316335 318987 19551.5 1070190
Js5c 0.316267 318914 19551.5 1070190
Jd5s 0.316235 318823 19608.5 1070190
Jh5s 0.316235 318823 19608.5 1070190
Jc5s 0.316224 318816 19603.5 1070190
Js5s 0.315693 318322 19529 1070190
Jd4h 0.31308 314664 20391.5 1070190
Jh4d 0.31308 314664 20391.5 1070190
Jc4d 0.313068 314655 20387 1070190
Jc4h 0.313068 314655 20387 1070190
Jd4c 0.313012 314591 20391.5 1070190
Jh4c 0.313012 314591 20391.5 1070190
Js4d 0.312548 314177 20308.5 1070190
Js4h 0.312548 314177 20308.5 1070190
Js4c 0.31248 314104 20308.5 1070190
Jd4s 0.312438 313999 20369 1070190
Jh4s 0.312438 313999 20369 1070190
Jc4s 0.312425 313990 20364.5 1070190
Js4s 0.311905 313512 20286 1070190
Jh3d 0.311415 312882 20391.5 1070190
Jd3h 0.311415 312882 20391.5 1070190
Jc3d 0.311403 312873 20387 1070190
Jc3h 0.311403 312873 20387 1070190
Jd3c 0.311347 312809 20391.5 1070190
Jh3c 0.311347 312809 20391.5 1070190
Js3d 0.310883 312395 20308.5 1070190
Js3h 0.310883 312395 20308.5 1070190
Js3c 0.310814 312322 20308.5 1070190
Jh3s 0.310773 312217 20369 1070190
Jd3s 0.310773 312217 20369 1070190
Jc3s 0.31076 312208 20364.5 1070190
Js3s 0.31024 311730 20286 1070190
8d5d 0.289087 286610 22768.5 1070190
8h5h 0.289064 286585 22768.5 1070190
8c5c 0.288442 285557 23130.5 1070190
8h4h 0.285385 281929 23487 1070190
8d4d 0.285385 281929 23487 1070190
8c4c 0.284778 280923 23843.5 1070190
8d3d 0.28372 280147 23487 1070190
8h3h 0.28372 280147 23487 1070190
8c3c 0.283113 279141 23843.5 1070190
8h5d 0.255607 249568 23980.5 1070190
8d5h 0.255607 249568 23980.5 1070190
8d5c 0.25554 249506 23970.5 1070190
8h5c 0.25554 249506 23970.5 1070190
8c5d 0.255535 249494 23977.5 1070190
8c5h 0.255535 249494 23977.5 1070190
8s5d 0.255135 249135 23907.5 1070190
8s5h 0.255135 249135 23907.5 1070190
8s5c 0.255067 249073 23897.5 1070190
8d5s 0.255014 248965 23948 1070190
8h5s 0.255014 248965 23948 1070190
8c5s 0.254942 248891 23945 1070190
8s5s 0.254541 248532 23875 1070190
7d5d 0.252506 248471 21758.5 1070190
7h5h 0.252483 248446 21758.5 1070190
7c5c 0.252137 247664 22170.5 1070190
8h4d 0.25181 244744 24741 1070190
8d4h 0.25181 244744 24741 1070190
8h4c 0.251743 244682 24731 1070190
8d4c 0.251743 244682 24731 1070190
8c4d 0.251737 244668 24738.5 1070190
8c4h 0.251737 244668 24738.5 1070190
8s4h 0.251347 244325 24664.5 1070190
8s4d 0.251347 244325 24664.5 1070190
8s4c 0.25128 244263 24654.5 1070190
8h4s 0.251217 244141 24708.5 1070190
8d4s 0.251217 244141 24708.5 1070190
8c4s 0.251143 244065 24706 1070190
8s4s 0.250754 243722 24632 1070190
8h3d 0.250145 242962 24741 1070190
8d3h 0.250145 242962 24741 1070190
8h3c 0.250078 242900 24731 1070190
8d3c 0.250078 242900 24731 1070190
8c3d 0.250072 242886 24738.5 1070190
8c3h 0.250072 242886 24738.5 1070190
8s3h 0.249682 242543 24664.5 1070190
8s3d 0.249682 242543 24664.5 1070190
8s3c 0.249615 242481 24654.5 1070190
8h3s 0.249551 242359 24708.5 1070190
8d3s 0.249551 242359 24708.5 1070190
8c3s 0.249478 242283 24706 1070190
8s3s 0.249088 241940 24632 1070190
7d4d 0.248803 243790 22477 1070190
7h4h 0.248803 243790 22477 1070190
7c4c 0.248473 243030 22883.5 1070190
7d3d 0.247138 242008 22477 1070190
7h3h 0.247138 242008 22477 1070190
7c3c 0.246808 241248 22883.5 1070190
6d5d 0.235983 232589 19957.5 1070190
6h5h 0.23596 232565 19957.5 1070190
6c5c 0.235908 232064 20402.5 1070190
6h4h 0.232281 227909 20676 1070190
6d4d 0.232281 227909 20676 1070190
6c4c 0.232244 227430 21115.5 1070190
6d3d 0.230616 226127 20676 1070190
6h3h 0.230616 226127 20676 1070190
6c3c 0.230579 225648 21115.5 1070190
5c4c 0.22268 220204 18105.5 1070190
5h4h 0.222455 220440 17629.5 1070190
5d4d 0.222455 220440 17629.5 1070190
5c3c 0.221014 218422 18105.5 1070190
5h3h 0.22079 218658 17629.5 1070190
5d3d 0.22079 218658 17629.5 1070190
7d5h 0.217055 209363 22927 1070190
7h5d 0.217055 209363 22927 1070190
7d5c 0.216984 209299 22915.5 1070190
7h5c 0.216984 209299 22915.5 1070190
7c5h 0.21698 209287 22923 1070190
7c5d 0.21698 209287 22923 1070190
7s5d 0.216568 208909 22860 1070190
7s5h 0.216568 208909 22860 1070190
7s5c 0.216498 208845 22848.5 1070190
7d5s 0.216493 208796 22893 1070190
7h5s 0.216493 208796 22893 1070190
7c5s 0.216419 208720 22889 1070190
7s5s 0.216007 208342 22826 1070190
7d4h 0.213258 204539 23687.5 1070190
7h4d 0.213258 204539 23687.5 1070190
7h4c 0.213187 204475 23676 1070190
7d4c 0.213187 204475 23676 1070190
7c4h 0.213182 204461 23684 1070190
7c4d 0.213182 204461 23684 1070190
7s4h 0.212781 204099 23617 1070190
7s4d 0.212781 204099 23617 1070190
7s4c 0.21271 204035 23605.5 1070190
7d4s 0.212696 203972 23653.5 1070190
7h4s 0.212696 203972 23653.5 1070190
7c4s 0.21262 203894 23650 1070190
7s4s 0.212219 203532 23583 1070190
7d3h 0.211593 202757 23687.5 1070190
7h3d 0.211593 202757 23687.5 1070190
7d3c 0.211522 202693 23676 1070190
7h3c 0.211522 202693 23676 1070190
7c3h 0.211517 202679 23684 1070190
7c3d 0.211517 202679 23684 1070190
7s3d 0.211116 202317 23617 1070190
7s3h 0.211116 202317 23617 1070190
7s3c 0.211045 202253 23605.5 1070190
7d3s 0.211031 202190 23653.5 1070190
7h3s 0.211031 202190 23653.5 1070190
7c3s 0.210955 202112 23650 1070190
7s3s 0.210554 201750 23583 1070190
4c3c 0.210463 210252 14983.5 1070190
4h3h 0.210073 210354 14463.5 1070190
4d3d 0.210073 210354 14463.5 1070190
6d5h 0.199767 192759 21030 1070190
6h5d 0.199767 192759 21030 1070190
6h5c 0.199692 192691 21017.5 1070190
6d5c 0.199692 192691 21017.5 1070190
6c5d 0.199689 192681 21024 1070190
6c5h 0.199689 192681 21024 1070190
6s5d 0.199266 192281 20971 1070190
6s5h 0.199266 192281 20971 1070190
6h5s 0.199229 192218 20995 1070190
6d5s 0.199229 192218 20995 1070190
6s5c 0.19919 192213 20958.5 1070190
6c5s 0.199151 192140 20989 1070190
6s5s 0.198727 191740 20936 1070190
6d4h 0.19597 187935 21790.5 1070190
6h4d 0.19597 187935 21790.5 1070190
6h4c 0.195895 187867 21778 1070190
6d4c 0.195895 187867 21778 1070190
6c4d 0.19589 187855 21785 1070190
6c4h 0.19589 187855 21785 1070190
6s4d 0.195478 187471 21728 1070190
6s4h 0.195478 187471 21728 1070190
6d4s 0.195432 187394 21755.5 1070190
6h4s 0.195432 187394 21755.5 1070190
6s4c 0.195403 187403 21715.5 1070190
6c4s 0.195352 187314 21750 1070190
6s4s 0.19494 186930 21693 1070190
6d3h 0.194305 186153 21790.5 1070190
6h3d 0.194305 186153 21790.5 1070190
6d3c 0.19423 186085 21778 1070190
6h3c 0.19423 186085 21778 1070190
6c3d 0.194225 186073 21785 1070190
6c3h 0.194225 186073 21785 1070190
6s3h 0.193813 185689 21728 1070190
6s3d 0.193813 185689 21728 1070190
6h3s 0.193767 185612 21755.5 1070190
6d3s 0.193767 185612 21755.5 1070190
6s3c 0.193738 185621 21715.5 1070190
6c3s 0.193687 185532 21750 1070190
6s3s 0.193275 185148 21693 1070190
5d4h 0.185706 180166 18574.5 1070190
5h4d 0.185706 180166 18574.5 1070190
5h4c 0.185625 180092 18561.5 1070190
5d4c 0.185625 180092 18561.5 1070190
5c4d 0.185621 180084 18565.5 1070190
5c4h 0.185621 180084 18565.5 1070190
5s4d 0.185204 179678 18525 1070190
5s4h 0.185204 179678 18525 1070190
5d4s 0.18519 179650 18539 1070190
5h4s 0.18519 179650 18539 1070190
5s4c 0.185122 179604 18512 1070190
5c4s 0.185105 179568 18530 1070190
5s4s 0.184688 179162 18489.5 1070190
5d3h 0.184041 178384 18574.5 1070190
5h3d 0.184041 178384 18574.5 1070190
5d3c 0.183959 178310 18561.5 1070190
5h3c 0.183959 178310 18561.5 1070190
5c3d 0.183956 178302 18565.5 1070190
5c3h 0.183956 178302 18565.5 1070190
5s3d 0.183538 177896 18525 1070190
5s3h 0.183538 177896 18525 1070190
5h3s 0.183525 177868 18539 1070190
5d3s 0.183525 177868 18539 1070190
5s3c 0.183457 177822 18512 1070190
5c3s 0.18344 177786 18530 1070190
5s3s 0.183023 177380 18489.5 1070190
4d3h 0.172878 169772 15240.5 1070190
4h3d 0.172878 169772 15240.5 1070190
4c3h 0.172789 169690 15227.5 1070190
4h3c 0.172789 169690 15227.5 1070190
4d3c 0.172789 169690 15227.5 1070190
4c3d 0.172789 169690 15227.5 1070190
4s3d 0.172389 169284 15205 1070190
4s3h 0.172389 169284 15205 1070190
4h3s 0.172389 169284 15205 1070190
4d3s 0.172389 169284 15205 1070190
4s3c 0.1723 169202 15192 1070190
4c3s 0.1723 169202 15192 1070190
4s3s 0.1719 168796 15169.5 1070190
