AsAh 0.999736 1069908 0 1070190
As2d 0.990635 1056032 4136 1070190
Ah2d 0.990635 1056032 4136 1070190
As2s 0.99063 1056026 4136 1070190
As2h 0.99063 1056026 4136 1070190
Ah2s 0.99063 1056026 4136 1070190
Ah2h 0.99063 1056026 4136 1070190
AsKc 0.959319 1021602 5052 1070190
AhKc 0.959319 1021602 5052 1070190
AsQc 0.95579 1017825 5052 1070190
AhQc 0.95579 1017825 5052 1070190
AsJc 0.952063 1013596 5292 1070190
AhJc 0.952063 1013596 5292 1070190
2s2d 0.950385 1015332 1760 1070190
2h2d 0.950385 1015332 1760 1070190
2s2h 0.950379 1015326 1760 1070190
AsTc 0.948249 1009095 5712 1070190
AhTc 0.948249 1009095 5712 1070190
As9c 0.94366 1003644 6252 1070190
Ah9c 0.94366 1003644 6252 1070190
AhKd 0.941939 1002957 5097 1070190
AsKd 0.941939 1002957 5097 1070190
AhKh 0.941564 1002555 5097 1070190
AhKs 0.941564 1002555 5097 1070190
AsKs 0.941564 1002555 5097 1070190
AsKh 0.941564 1002555 5097 1070190
As8c 0.940012 999139 6852 1070190
Ah8c 0.940012 999139 6852 1070190
Ah5c 0.939853 996558 9263 1070190
As5c 0.939853 996558 9263 1070190
AsQd 0.939786 1000653 5097 1070190
AhQd 0.939786 1000653 5097 1070190
AsQs 0.939411 1000251 5097 1070190
AsQh 0.939411 1000251 5097 1070190
AhQh 0.939411 1000251 5097 1070190
AhQs 0.939411 1000251 5097 1070190
Ah4c 0.937876 994202 9503 1070190
As4c 0.937876 994202 9503 1070190
AsJd 0.937398 997845 5349 1070190
AhJd 0.937398 997845 5349 1070190
AsJh 0.937022 997443 5349 1070190
AsJs 0.937022 997443 5349 1070190
AhJs 0.937022 997443 5349 1070190
AhJh 0.937022 997443 5349 1070190
As7c 0.936613 994902 7452 1070190
Ah7c 0.936613 994902 7452 1070190
As3c 0.936597 992834 9503 1070190
Ah3c 0.936597 992834 9503 1070190
AsTd 0.934892 994722 5790 1070190
AhTd 0.934892 994722 5790 1070190
AsTs 0.934516 994320 5790 1070190
AhTh 0.934516 994320 5790 1070190
AhTs 0.934516 994320 5790 1070190
AsTh 0.934516 994320 5790 1070190
Ah6c 0.933577 991113 7992 1070190
As6c 0.933577 991113 7992 1070190
As5d 0.932573 988544 9486.5 1070190
Ah5d 0.932573 988544 9486.5 1070190
As5s 0.93221 988159 9482.5 1070190
As5h 0.93221 988159 9482.5 1070190
Ah5s 0.93221 988159 9482.5 1070190
Ah5h 0.93221 988159 9482.5 1070190
Ah4d 0.931833 987500 9738.5 1070190
As4d 0.931833 987500 9738.5 1070190
Ah3d 0.931799 987464 9738.5 1070190
As3d 0.931799 987464 9738.5 1070190
Ah9d 0.931536 990564 6357 1070190
As9d 0.931536 990564 6357 1070190
Ah4h 0.93147 987115 9734.5 1070190
Ah4s 0.93147 987115 9734.5 1070190
As4s 0.93147 987115 9734.5 1070190
As4h 0.93147 987115 9734.5 1070190
Ah3h 0.931436 987079 9734.5 1070190
Ah3s 0.931436 987079 9734.5 1070190
As3h 0.931436 987079 9734.5 1070190
As3s 0.931436 987079 9734.5 1070190
Ah9h 0.931161 990162 6357 1070190
As9s 0.931161 990162 6357 1070190
As9h 0.931161 990162 6357 1070190
Ah9s 0.931161 990162 6357 1070190
Ah8d 0.929148 987378 6987 1070190
As8d 0.929148 987378 6987 1070190
As8s 0.928772 986976 6987 1070190
As8h 0.928772 986976 6987 1070190
Ah8h 0.928772 986976 6987 1070190
Ah8s 0.928772 986976 6987 1070190
Ah7d 0.926995 984444 7617 1070190
As7d 0.926995 984444 7617 1070190
As7h 0.92662 984042 7617 1070190
As7s 0.92662 984042 7617 1070190
Ah7h 0.92662 984042 7617 1070190
Ah7s 0.92662 984042 7617 1070190
Ah6d 0.925196 981951 8184 1070190
As6d 0.925196 981951 8184 1070190
Ah6h 0.92482 981549 8184 1070190
As6s 0.92482 981549 8184 1070190
As6h 0.92482 981549 8184 1070190
Ah6s 0.92482 981549 8184 1070190
KdKc 0.876268 935882 1891.5 1070190
KsKc 0.875809 935390 1891.5 1070190
KhKc 0.875809 935390 1891.5 1070190
KsKd 0.855973 914162 1891.5 1070190
KhKd 0.855973 914162 1891.5 1070190
KsKh 0.855513 913670 1891.5 1070190
QdQc 0.852843 910583 2121.5 1070190
QsQc 0.852384 910091 2121.5 1070190
QhQc 0.852384 910091 2121.5 1070190
QsQd 0.83318 889553 2108 1070190
QhQd 0.83318 889553 2108 1070190
QsQh 0.83272 889061 2108 1070190
JdJc 0.828016 883831 2303.5 1070190
JsJc 0.827556 883339 2303.5 1070190
JhJc 0.827556 883339 2303.5 1070190
JsJd 0.80897 863472 2279.5 1070190
JhJd 0.80897 863472 2279.5 1070190
JsJh 0.80851 862980 2279.5 1070190
TdTc 0.802047 855905 2437.5 1070190
ThTc 0.801587 855413 2437.5 1070190
TsTc 0.801587 855413 2437.5 1070190
ThTd 0.783603 836198 2406 1070190
TsTd 0.783603 836198 2406 1070190
TsTh 0.783143 835706 2406 1070190
9d9c 0.774227 826046 2523.5 1070190
9s9c 0.773767 825554 2523.5 1070190
9h9c 0.773767 825554 2523.5 1070190
9s9d 0.756314 806912 2487.5 1070190
9h9d 0.756314 806912 2487.5 1070190
9s9h 0.755854 806420 2487.5 1070190
8d8c 0.746756 796609 2561.5 1070190
KcQc 0.746489 785895 12990 1070190
8s8c 0.746296 796117 2561.5 1070190
8h8c 0.746296 796117 2561.5 1070190
KcJc 0.740435 778822 13584 1070190
KcTc 0.734583 772037 14106 1070190
8s8d 0.729415 778089 2524 1070190
8h8d 0.729415 778089 2524 1070190
8s8h 0.728956 777597 2524 1070190
Kc9c 0.724371 759696 15519 1070190
7d7c 0.718925 766835 2551.5 1070190
Kc8c 0.718473 752203 16699.5 1070190
7h7c 0.718465 766343 2551.5 1070190
7s7c 0.718465 766343 2551.5 1070190
Kc7c 0.713026 745212 17861.5 1070190
Kc5c 0.709582 739203 20184.5 1070190
Kc6c 0.708231 739044 18898 1070190
Kc4c 0.706842 735806 20649 1070190
Kc3c 0.705353 734195 20667 1070190
7h7d 0.702142 748910 2515.5 1070190
7s7d 0.702142 748910 2515.5 1070190
7s7h 0.701682 748418 2515.5 1070190
6d6c 0.690996 737003 2493.5 1070190
6s6c 0.690536 736511 2493.5 1070190
6h6c 0.690536 736511 2493.5 1070190
QcJc 0.690181 722896 15728.5 1070190
QcTc 0.684328 716111 16250.5 1070190
6h6d 0.674755 719654 2462 1070190
6s6d 0.674755 719654 2462 1070190
5d5c 0.674607 718985 2972.5 1070190
6s6h 0.674295 719162 2462 1070190
5h5c 0.674163 718514 2968.5 1070190
5s5c 0.674163 718514 2968.5 1070190
Qc9c 0.674117 703770 17663.5 1070190
Kc2d 0.673933 705917 15319.5 1070190
Kc2s 0.673492 705467 15297 1070190
Kc2h 0.673492 705467 15297 1070190
Qc8c 0.668219 696277 18844 1070190
Qc7c 0.662772 689286 20006 1070190
Qc5c 0.659867 683854 22329 1070190
Kd2d 0.659118 690332 15049.5 1070190
5h5d 0.65888 702186 2940.5 1070190
5s5d 0.65888 702186 2940.5 1070190
5s5h 0.658436 701715 2936.5 1070190
Qc6c 0.657977 683118 21042.5 1070190
Qc4c 0.657127 680457 22793.5 1070190
Qc3c 0.655638 678846 22811.5 1070190
Qc2d 0.655323 682038 19282.5 1070190
Qc2h 0.654949 681696 19224 1070190
Qc2s 0.654949 681696 19224 1070190
4d4c 0.64894 691695 2794.5 1070190
4h4c 0.648497 691224 2790.5 1070190
4s4c 0.648497 691224 2790.5 1070190
Kd2s 0.641999 671876 15184.5 1070190
Kd2h 0.641999 671876 15184.5 1070190
Qd2d 0.641973 668079 18954 1070190
Kh2d 0.641673 671528 15184.5 1070190
Ks2d 0.641673 671528 15184.5 1070190
Kh2s 0.641232 671078 15162 1070190
Kh2h 0.641232 671078 15162 1070190
Ks2h 0.641232 671078 15162 1070190
Ks2s 0.641232 671078 15162 1070190
JcTc 0.640694 667842 17822.5 1070190
Jc2d 0.63921 661791 22285.5 1070190
Jc2s 0.638888 661533 22199 1070190
Jc2h 0.638888 661533 22199 1070190
4s4d 0.633811 675524 2774.5 1070190
4h4d 0.633811 675524 2774.5 1070190
4s4h 0.633367 675053 2770.5 1070190
KcQd 0.632661 659911 17157 1070190
KcQs 0.6318 659012 17134.5 1070190
KcQh 0.6318 659012 17134.5 1070190
KdQc 0.631327 658663 16977 1070190
KsQc 0.6305 657836 16918.5 1070190
KhQc 0.6305 657836 16918.5 1070190
Jc9c 0.630483 655501 19235.5 1070190
Jd2d 0.627295 649410 21914.5 1070190
Tc2d 0.62537 644816 24448.5 1070190
Tc2h 0.625087 644621 24341 1070190
Tc2s 0.625087 644621 24341 1070190
Qd2s 0.624618 649119 19341 1070190
Qd2h 0.624618 649119 19341 1070190
Jc8c 0.624584 648008 20416 1070190
Qs2d 0.624226 648663 19377 1070190
Qh2d 0.624226 648663 19377 1070190
KcJd 0.623885 649715 17961 1070190
3d3c 0.623876 665049 2616.5 1070190
Qs2s 0.623851 648321 19318.5 1070190
Qs2h 0.623851 648321 19318.5 1070190
Qh2s 0.623851 648321 19318.5 1070190
Qh2h 0.623851 648321 19318.5 1070190
3s3c 0.623432 664578 2612.5 1070190
3h3c 0.623432 664578 2612.5 1070190
KcJh 0.623024 648816 17938.5 1070190
KcJs 0.623024 648816 17938.5 1070190
KdJc 0.621192 647066 17727 1070190
KhJc 0.62039 646267 17668.5 1070190
KsJc 0.62039 646267 17668.5 1070190
Jc7c 0.619138 641017 21578 1070190
KdQd 0.618459 645625 16243.5 1070190
Jc5c 0.616637 636018 23901 1070190
KcTd 0.615379 639903 18669 1070190
Td2d 0.614863 633971 24049 1070190
KcTh 0.614518 639004 18646.5 1070190
KcTs 0.614518 639004 18646.5 1070190
Jc6c 0.614343 634849 22614.5 1070190
Jc4c 0.613897 632621 24365.5 1070190
9c2d 0.6133 630456 25891.5 1070190
9c2h 0.613045 630306 25769 1070190
9c2s 0.613045 630306 25769 1070190
Jc3c 0.612409 631010 24383.5 1070190
KdTc 0.611334 635857 18387 1070190
KhTc 0.610559 635086 18328.5 1070190
KsTc 0.610559 635086 18328.5 1070190
KdJd 0.609933 635719 17025.5 1070190
Jd2h 0.609783 630086 22497.5 1070190
Jd2s 0.609783 630086 22497.5 1070190
Jh2d 0.609338 629546 22561.5 1070190
Js2d 0.609338 629546 22561.5 1070190
3h3d 0.609318 649478 2608.5 1070190
3s3d 0.609318 649478 2608.5 1070190
Js2h 0.609016 629288 22475 1070190
Jh2h 0.609016 629288 22475 1070190
Js2s 0.609016 629288 22475 1070190
Jh2s 0.609016 629288 22475 1070190
3s3h 0.608875 649007 2604.5 1070190
9d2d 0.60416 621090 25475.5 1070190
8c2d 0.603332 618945 26734.5 1070190
8c2h 0.603096 618825 26602 1070190
8c2s 0.603096 618825 26602 1070190
KdTd 0.601668 626185 17714.5 1070190
KsQd 0.599585 624828 16842 1070190
KhQd 0.599585 624828 16842 1070190
KdQh 0.599551 624756 16878 1070190
KdQs 0.599551 624756 16878 1070190
Kc9d 0.599509 620697 20892 1070190
KsQs 0.598724 623929 16819.5 1070190
KhQs 0.598724 623929 16819.5 1070190
KsQh 0.598724 623929 16819.5 1070190
KhQh 0.598724 623929 16819.5 1070190
Kc9h 0.598645 619794 20869.5 1070190
Kc9s 0.598645 619794 20869.5 1070190
Td2h 0.597259 614402 24779 1070190
Td2s 0.597259 614402 24779 1070190
Th2d 0.596775 613799 24864 1070190
Ts2d 0.596775 613799 24864 1070190
Th2s 0.596493 613604 24756.5 1070190
Th2h 0.596493 613604 24756.5 1070190
Ts2h 0.596493 613604 24756.5 1070190
Ts2s 0.596493 613604 24756.5 1070190
8d2d 0.595559 611049 26312 1070190
7c2d 0.594963 609626 27097.5 1070190
7c2h 0.594738 609524 26959 1070190
7c2s 0.594738 609524 26959 1070190
Kd9c 0.594214 615399 20523 1070190
Kh9c 0.593473 614673 20455.5 1070190
Ks9c 0.593473 614673 20455.5 1070190
Tc9c 0.593134 614460 20306.5 1070190
Kc8d 0.590788 609505 22750.5 1070190
KsJd 0.590772 614614 17624 1070190
KhJd 0.590772 614614 17624 1070190
KdJs 0.590712 614514 17660 1070190
KdJh 0.590712 614514 17660 1070190
5c2d 0.590611 604494 27572.5 1070190
5c2h 0.590386 604395 27430 1070190
5c2s 0.590386 604395 27430 1070190
Kc8s 0.589923 608602 22728 1070190
Kc8h 0.589923 608602 22728 1070190
KhJs 0.589911 613715 17601.5 1070190
KhJh 0.589911 613715 17601.5 1070190
KsJs 0.589911 613715 17601.5 1070190
KsJh 0.589911 613715 17601.5 1070190
7d2d 0.588543 603176 26676.5 1070190
6c2d 0.58797 602139 27100.5 1070190
6c2h 0.587751 602046 26959 1070190
6c2s 0.587751 602046 26959 1070190
Tc8c 0.587236 606967 21487 1070190
5d2d 0.586472 600508 27129 1070190
9d2h 0.586466 601320 26310.5 1070190
9d2s 0.586466 601320 26310.5 1070190
Kd9d 0.586215 607539 19822.5 1070190
9h2d 0.585949 600666 26410.5 1070190
9s2d 0.585949 600666 26410.5 1070190
4c2d 0.585929 599804 27251.5 1070190
4c2h 0.585703 599705 27109 1070190
4c2s 0.585703 599705 27109 1070190
9h2s 0.585694 600516 26288 1070190
9h2h 0.585694 600516 26288 1070190
9s2s 0.585694 600516 26288 1070190
9s2h 0.585694 600516 26288 1070190
Kd8c 0.584182 602878 22308 1070190
Kh8c 0.583471 602192 22233 1070190
Ks8c 0.583471 602192 22233 1070190
4d2d 0.583113 597222 26820 1070190
6d2d 0.582891 597117 26687 1070190
Kc7d 0.582754 599055 24602.5 1070190
KsTd 0.582219 604772 18313 1070190
KhTd 0.582219 604772 18313 1070190
KdTs 0.582133 604644 18349 1070190
KdTh 0.582133 604644 18349 1070190
3c2d 0.581949 595866 26930.5 1070190
Kc7s 0.581889 598152 24580 1070190
Kc7h 0.581889 598152 24580 1070190
Tc7c 0.581789 599976 22649 1070190
3c2h 0.581724 595767 26788 1070190
3c2s 0.581724 595767 26788 1070190
KhTh 0.581358 603873 18290.5 1070190
KsTh 0.581358 603873 18290.5 1070190
KhTs 0.581358 603873 18290.5 1070190
KsTs 0.581358 603873 18290.5 1070190
3d2d 0.580457 594688 26511 1070190
Kc5d 0.579823 592161 28360 1070190
Tc5c 0.579559 595266 24972 1070190
Kc5s 0.578998 591304 28334 1070190
Kc5h 0.578998 591304 28334 1070190
8d2h 0.577866 591209 27217 1070190
8d2s 0.577866 591209 27217 1070190
Kd8d 0.577765 596733 21585.5 1070190
8s2d 0.577329 590525 27327 1070190
8h2d 0.577329 590525 27327 1070190
8h2h 0.577093 590405 27194.5 1070190
8s2s 0.577093 590405 27194.5 1070190
8s2h 0.577093 590405 27194.5 1070190
8h2s 0.577093 590405 27194.5 1070190
Tc6c 0.576994 593808 23685.5 1070190
Tc4c 0.576819 591869 25436.5 1070190
Kc4d 0.57604 587354 29118.5 1070190
Kc6d 0.575742 589884 26269 1070190
Tc3c 0.57533 590258 25454.5 1070190
Kc4s 0.575215 586497 29092.5 1070190
Kc4h 0.575215 586497 29092.5 1070190
Kc6s 0.574877 588981 26246.5 1070190
Kc6h 0.574877 588981 26246.5 1070190
Kd7c 0.574835 591093 24090 1070190
Kc3d 0.574283 585437 29154.5 1070190
Kh7c 0.574152 590445 24007 1070190
Ks7c 0.574152 590445 24007 1070190
Kc3s 0.573458 584580 29128.5 1070190
Kc3h 0.573458 584580 29128.5 1070190
7d2s 0.570876 583322 27623.5 1070190
7d2h 0.570876 583322 27623.5 1070190
7s2d 0.570328 582620 27739.5 1070190
7h2d 0.570328 582620 27739.5 1070190
7s2s 0.570103 582518 27601 1070190
7s2h 0.570103 582518 27601 1070190
7h2s 0.570103 582518 27601 1070190
7h2h 0.570103 582518 27601 1070190
Kd7d 0.569968 586635 23339.5 1070190
5d2h 0.569619 581441 28159.5 1070190
5d2s 0.569619 581441 28159.5 1070190
Kd5c 0.569141 581334 27755.5 1070190
5s2d 0.569107 580777 28276 1070190
5h2d 0.569107 580777 28276 1070190
5s2s 0.568882 580678 28133.5 1070190
5s2h 0.568882 580678 28133.5 1070190
5h2s 0.568882 580678 28133.5 1070190
5h2h 0.568882 580678 28133.5 1070190
Ks5c 0.568492 580735 27659 1070190
Kh5c 0.568492 580735 27659 1070190
Kd5d 0.566782 579651 26913 1070190
Kd6c 0.566498 580566 25695 1070190
4d2h 0.566286 578183 27850.5 1070190
4d2s 0.566286 578183 27850.5 1070190
Kh9d 0.566002 585210 20520 1070190
Ks9d 0.566002 585210 20520 1070190
Kd9h 0.565879 585033 20565 1070190
Kd9s 0.565879 585033 20565 1070190
Kh6c 0.565839 579951 25604.5 1070190
Ks6c 0.565839 579951 25604.5 1070190
4h2d 0.565774 577519 27967 1070190
4s2d 0.565774 577519 27967 1070190
4h2h 0.565549 577420 27824.5 1070190
4h2s 0.565549 577420 27824.5 1070190
4s2s 0.565549 577420 27824.5 1070190
4s2h 0.565549 577420 27824.5 1070190
6d2s 0.565263 577284 27655 1070190
6d2h 0.565263 577284 27655 1070190
Ks9s 0.565137 584307 20497.5 1070190
Kh9s 0.565137 584307 20497.5 1070190
Kh9h 0.565137 584307 20497.5 1070190
Ks9h 0.565137 584307 20497.5 1070190
6h2d 0.56471 576573 27774 1070190
6s2d 0.56471 576573 27774 1070190
6h2s 0.564491 576480 27632.5 1070190
6h2h 0.564491 576480 27632.5 1070190
6s2s 0.564491 576480 27632.5 1070190
6s2h 0.564491 576480 27632.5 1070190
Kd4c 0.563999 575102 28484.5 1070190
3d2h 0.563629 575649 27541.5 1070190
3d2s 0.563629 575649 27541.5 1070190
Kh4c 0.563359 574517 28384.5 1070190
Ks4c 0.563359 574517 28384.5 1070190
Kd6d 0.563139 577749 24916.5 1070190
3s2d 0.563118 574985 27658 1070190
3h2d 0.563118 574985 27658 1070190
Kd4d 0.563022 574908 27632 1070190
3s2s 0.562892 574886 27515.5 1070190
3s2h 0.562892 574886 27515.5 1070190
3h2h 0.562892 574886 27515.5 1070190
3h2s 0.562892 574886 27515.5 1070190
Kd3d 0.56117 572889 27670 1070190
Kd3c 0.560843 571694 28514.5 1070190
Ks3c 0.560203 571109 28414.5 1070190
Kh3c 0.560203 571109 28414.5 1070190
Ks8d 0.557218 573964 22365.5 1070190
Kh8d 0.557218 573964 22365.5 1070190
Kd8h 0.557065 573747 22418 1070190
Kd8s 0.557065 573747 22418 1070190
Ks8s 0.556354 573061 22343 1070190
Ks8h 0.556354 573061 22343 1070190
Kh8s 0.556354 573061 22343 1070190
Kh8h 0.556354 573061 22343 1070190
9c8c 0.55609 573154 21968 1070190
QcJd 0.550842 568865 20641 1070190
9c7c 0.550643 566163 23130 1070190
QcJs 0.550019 568010 20614.5 1070190
QcJh 0.550019 568010 20614.5 1070190
QdJc 0.549516 567605 20481 1070190
Kh7d 0.549113 563448 24207.5 1070190
Ks7d 0.549113 563448 24207.5 1070190
Kd7s 0.548931 563193 24268 1070190
Kd7h 0.548931 563193 24268 1070190
QhJc 0.548718 566806 20426.5 1070190
QsJc 0.548718 566806 20426.5 1070190
5c4c 0.548612 563824 23295.5 1070190
9c5c 0.548548 561598 25453 1070190
Ks7s 0.548248 562545 24185 1070190
Kh7h 0.548248 562545 24185 1070190
Kh7s 0.548248 562545 24185 1070190
Ks7h 0.548248 562545 24185 1070190
5c3c 0.548057 563230 23295.5 1070190
Ks5d 0.546315 556677 27983.5 1070190
Kh5d 0.546315 556677 27983.5 1070190
Kd5h 0.546139 556419 28054 1070190
Kd5s 0.546139 556419 28054 1070190
9c6c 0.545848 559995 24166.5 1070190
9c4c 0.545808 558201 25917.5 1070190
Ks5h 0.54549 555820 27957.5 1070190
Kh5s 0.54549 555820 27957.5 1070190
Ks5s 0.54549 555820 27957.5 1070190
Kh5h 0.54549 555820 27957.5 1070190
9c3c 0.54432 556590 25935.5 1070190
Kh4d 0.542447 551780 28741 1070190
Ks4d 0.542447 551780 28741 1070190
QcTd 0.542335 559053 21349 1070190
Kd4s 0.542262 551508 28815 1070190
Kd4h 0.542262 551508 28815 1070190
Ks6d 0.542022 554199 25867 1070190
Kh6d 0.542022 554199 25867 1070190
Kd6h 0.541816 553911 25935 1070190
Kd6s 0.541816 553911 25935 1070190
Kh4s 0.541622 550923 28715 1070190
Ks4h 0.541622 550923 28715 1070190
Ks4s 0.541622 550923 28715 1070190
Kh4h 0.541622 550923 28715 1070190
QcTs 0.541512 558198 21322.5 1070190
QcTh 0.541512 558198 21322.5 1070190
Kh6h 0.541157 553296 25844.5 1070190
Kh6s 0.541157 553296 25844.5 1070190
Ks6h 0.541157 553296 25844.5 1070190
Ks6s 0.541157 553296 25844.5 1070190
4c3c 0.540661 557250 21359.5 1070190
Kh3d 0.540596 549761 28779 1070190
Ks3d 0.540596 549761 28779 1070190
Kd3h 0.540411 549489 28853 1070190
Kd3s 0.540411 549489 28853 1070190
QdJd 0.540399 558787 19542.5 1070190
Kh3h 0.539771 548904 28753 1070190
Kh3s 0.539771 548904 28753 1070190
Ks3s 0.539771 548904 28753 1070190
Ks3h 0.539771 548904 28753 1070190
QdTc 0.539658 556396 21141 1070190
QsTc 0.538887 555625 21086.5 1070190
QhTc 0.538887 555625 21086.5 1070190
QdTd 0.532134 549253 20231.5 1070190
Qc9d 0.526466 539847 23572 1070190
Qc9s 0.525639 538988 23545.5 1070190
Qc9h 0.525639 538988 23545.5 1070190
8c7c 0.524564 538291 23092.5 1070190
Qd9c 0.522538 535938 23277 1070190
8c5c 0.52247 533727 25415.5 1070190
Qh9c 0.5218 535212 23213.5 1070190
Qs9c 0.5218 535212 23213.5 1070190
8c6c 0.519769 532123 24129 1070190
8c4c 0.51973 530330 25880 1070190
8c3c 0.518242 528719 25898 1070190
Qc8d 0.517745 528655 25430.5 1070190
QhJd 0.517689 533671 20355 1070190
QsJd 0.517689 533671 20355 1070190
QdJs 0.517663 533615 20383 1070190
QdJh 0.517663 533615 20383 1070190
Qc8h 0.516918 527796 25404 1070190
Qc8s 0.516918 527796 25404 1070190
QsJs 0.516866 532816 20328.5 1070190
QhJs 0.516866 532816 20328.5 1070190
QsJh 0.516866 532816 20328.5 1070190
QhJh 0.516866 532816 20328.5 1070190
Qd9d 0.516681 530607 22339.5 1070190
Qd8c 0.512506 523417 25062 1070190
Qs8c 0.511799 522731 24991 1070190
Qh8c 0.511799 522731 24991 1070190
Qc7d 0.509711 518205 27282.5 1070190
QsTd 0.509137 523829 21044 1070190
QhTd 0.509137 523829 21044 1070190
QdTh 0.509084 523745 21072 1070190
QdTs 0.509084 523745 21072 1070190
Qc7s 0.508883 517346 27256 1070190
Qc7h 0.508883 517346 27256 1070190
QhTh 0.508313 522974 21017.5 1070190
QhTs 0.508313 522974 21017.5 1070190
QsTs 0.508313 522974 21017.5 1070190
QsTh 0.508313 522974 21017.5 1070190
Qd8d 0.508231 519801 24102.5 1070190
Qc5d 0.507596 512184 31040 1070190
Qc5s 0.506807 511370 31010 1070190
Qc5h 0.506807 511370 31010 1070190
Qc4d 0.503813 507377 31798.5 1070190
Qd7c 0.503159 511632 26844 1070190
Qc4h 0.503024 506563 31768.5 1070190
Qc4s 0.503024 506563 31768.5 1070190
Qc6d 0.502699 509034 28949 1070190
Qh7c 0.50248 510984 26765 1070190
Qs7c 0.50248 510984 26765 1070190
Qc3d 0.502055 505460 31834.5 1070190
Qc6s 0.501871 508175 28922.5 1070190
Qc6h 0.501871 508175 28922.5 1070190
7c5c 0.501341 511653 24877.5 1070190
Qc3s 0.501267 504646 31804.5 1070190
Qc3h 0.501267 504646 31804.5 1070190
Qd7d 0.500434 509703 25856.5 1070190
7c6c 0.498774 510192 23591 1070190
7c4c 0.498601 508256 25342 1070190
Qd5c 0.498286 502751 30509.5 1070190
Qd5d 0.498041 503568 29430 1070190
Qs5c 0.49764 502152 30417 1070190
Qh5c 0.49764 502152 30417 1070190
7c3c 0.497113 506645 25360 1070190
Qd6c 0.494822 501105 28449 1070190
Qd4d 0.49428 498825 30149 1070190
Qh6c 0.494167 500490 28362.5 1070190
Qs6c 0.494167 500490 28362.5 1070190
Qd6d 0.493604 500817 27433.5 1070190
Qd4c 0.493144 496519 31238.5 1070190
Qs9d 0.49292 504267 23251 1070190
Qh9d 0.49292 504267 23251 1070190
Qd9h 0.49283 504134 23288 1070190
Qd9s 0.49283 504134 23288 1070190
Qs4c 0.492507 495934 31142.5 1070190
Qh4c 0.492507 495934 31142.5 1070190
Qd3d 0.492429 496806 30187 1070190
Qs9h 0.492093 503408 23224.5 1070190
Qh9h 0.492093 503408 23224.5 1070190
Qh9s 0.492093 503408 23224.5 1070190
Qs9s 0.492093 503408 23224.5 1070190
Qd3c 0.489987 493111 31268.5 1070190
Qs3c 0.489351 492526 31172.5 1070190
Qh3c 0.489351 492526 31172.5 1070190
6c5c 0.485328 496019 23374.5 1070190
Qh8d 0.484136 493021 25096.5 1070190
Qs8d 0.484136 493021 25096.5 1070190
Qd8s 0.484016 492848 25141 1070190
Qd8h 0.484016 492848 25141 1070190
Qs8h 0.483309 492162 25070 1070190
Qs8s 0.483309 492162 25070 1070190
Qh8s 0.483309 492162 25070 1070190
Qh8h 0.483309 492162 25070 1070190
6c4c 0.482588 492622 23839 1070190
6c3c 0.4811 491011 23857 1070190
JcTd 0.478719 489039 23281 1070190
JcTh 0.477931 488226 23251 1070190
JcTs 0.477931 488226 23251 1070190
JdTc 0.477399 487767 23141 1070190
JhTc 0.476631 486996 23090 1070190
JsTc 0.476631 486996 23090 1070190
Qs7d 0.476031 482505 26938.5 1070190
Qh7d 0.476031 482505 26938.5 1070190
Qd7h 0.475883 482294 26991 1070190
Qd7s 0.475883 482294 26991 1070190
Qs7h 0.475203 481646 26912 1070190
Qh7s 0.475203 481646 26912 1070190
Qs7s 0.475203 481646 26912 1070190
Qh7h 0.475203 481646 26912 1070190
Qs5d 0.474079 476640 30714.5 1070190
Qh5d 0.474079 476640 30714.5 1070190
Qd5s 0.473936 476425 30777 1070190
Qd5h 0.473936 476425 30777 1070190
Qs5s 0.47329 475826 30684.5 1070190
Qs5h 0.47329 475826 30684.5 1070190
Qh5h 0.47329 475826 30684.5 1070190
Qh5s 0.47329 475826 30684.5 1070190
JdTd 0.471649 482704 22050 1070190
Qs4d 0.470211 471743 31472 1070190
Qh4d 0.470211 471743 31472 1070190
Qd4s 0.470059 471514 31538 1070190
Qd4h 0.470059 471514 31538 1070190
Qh4s 0.469422 470929 31442 1070190
Qh4h 0.469422 470929 31442 1070190
Qs4h 0.469422 470929 31442 1070190
Qs4s 0.469422 470929 31442 1070190
Qh6d 0.468939 473256 28598 1070190
Qs6d 0.468939 473256 28598 1070190
Qd6h 0.468767 473012 28658 1070190
Qd6s 0.468767 473012 28658 1070190
Qs3d 0.46836 469724 31510 1070190
Qh3d 0.46836 469724 31510 1070190
Qd3s 0.468208 469495 31576 1070190
Qd3h 0.468208 469495 31576 1070190
Qh6s 0.468112 472397 28571.5 1070190
Qs6s 0.468112 472397 28571.5 1070190
Qh6h 0.468112 472397 28571.5 1070190
Qs6h 0.468112 472397 28571.5 1070190
Qs3s 0.467571 468910 31480 1070190
Qs3h 0.467571 468910 31480 1070190
Qh3s 0.467571 468910 31480 1070190
Qh3h 0.467571 468910 31480 1070190
Jc9d 0.46285 469833 25504 1070190
Jc9h 0.462058 469016 25474 1070190
Jc9s 0.462058 469016 25474 1070190
Jd9c 0.460279 467309 25277 1070190
Jh9c 0.459545 466583 25217 1070190
Js9c 0.459545 466583 25217 1070190
Jd9d 0.456196 464058 24158 1070190
Jc8d 0.454128 458641 27362.5 1070190
Jc8h 0.453337 457824 27332.5 1070190
Jc8s 0.453337 457824 27332.5 1070190
Jd8c 0.450247 454788 27062 1070190
Jh8c 0.449543 454102 26994.5 1070190
Js8c 0.449543 454102 26994.5 1070190
Jd8d 0.447746 453252 25921 1070190
Jc7d 0.446094 448191 29214.5 1070190
JhTd 0.445639 453895 23023.5 1070190
JsTd 0.445639 453895 23023.5 1070190
JdTs 0.445619 453853 23044.5 1070190
JdTh 0.445619 453853 23044.5 1070190
Jc7s 0.445303 447374 29184.5 1070190
Jc7h 0.445303 447374 29184.5 1070190
JsTh 0.444851 453082 22993.5 1070190
JhTh 0.444851 453082 22993.5 1070190
JhTs 0.444851 453082 22993.5 1070190
JsTs 0.444851 453082 22993.5 1070190
Jc5d 0.444577 442810 32972 1070190
Jc5h 0.443824 442037 32938.5 1070190
Jc5s 0.443824 442037 32938.5 1070190
Jd7c 0.4409 443003 28844 1070190
Jc4d 0.440794 438003 33730.5 1070190
Jh7c 0.440224 442355 28768.5 1070190
Js7c 0.440224 442355 28768.5 1070190
Jc4h 0.440041 437230 33697 1070190
Jc4s 0.440041 437230 33697 1070190
Jd7d 0.439949 443154 27675 1070190
Jc6d 0.439082 439020 30881 1070190
Jc3d 0.439037 436086 33766.5 1070190
Jc6s 0.43829 438203 30851 1070190
Jc6h 0.43829 438203 30851 1070190
Jc3h 0.438283 435313 33733 1070190
Jc3s 0.438283 435313 33733 1070190
Jd5d 0.438137 437641 31248.5 1070190
Jd5c 0.436629 434767 32509.5 1070190
Jh5c 0.435987 434168 32420.5 1070190
Js5c 0.435987 434168 32420.5 1070190
Jd4d 0.434377 432898 31967.5 1070190
Jd6d 0.433119 434268 29252 1070190
Jd6c 0.432563 432476 30449 1070190
Jd3d 0.432526 430879 32005.5 1070190
Js6c 0.431911 431861 30366 1070190
Jh6c 0.431911 431861 30366 1070190
Jd4c 0.431487 428535 33238.5 1070190
Jh4c 0.430854 427950 33146 1070190
Js4c 0.430854 427950 33146 1070190
Js9d 0.429422 434333 25230.5 1070190
Jh9d 0.429422 434333 25230.5 1070190
Jd9h 0.429365 434242 25260.5 1070190
Jd9s 0.429365 434242 25260.5 1070190
Jh9h 0.428631 433516 25200.5 1070190
Js9h 0.428631 433516 25200.5 1070190
Jh9s 0.428631 433516 25200.5 1070190
Js9s 0.428631 433516 25200.5 1070190
Jd3c 0.428331 425127 33268.5 1070190
Jh3c 0.427698 424542 33176 1070190
Js3c 0.427698 424542 33176 1070190
Jh8d 0.420638 423087 27076 1070190
Js8d 0.420638 423087 27076 1070190
Jd8h 0.420551 422956 27113.5 1070190
Jd8s 0.420551 422956 27113.5 1070190
Jh8s 0.419847 422270 27046 1070190
Js8s 0.419847 422270 27046 1070190
Jh8h 0.419847 422270 27046 1070190
Js8h 0.419847 422270 27046 1070190
Jh7d 0.412533 412571 28918 1070190
Js7d 0.412533 412571 28918 1070190
Jd7h 0.412418 412402 28963.5 1070190
Jd7s 0.412418 412402 28963.5 1070190
Jh7h 0.411742 411754 28888 1070190
Jh7s 0.411742 411754 28888 1070190
Js7h 0.411742 411754 28888 1070190
Js7s 0.411742 411754 28888 1070190
Js5d 0.411202 407370 32694 1070190
Jh5d 0.411202 407370 32694 1070190
Jd5s 0.411091 407196 32749.5 1070190
Jd5h 0.411091 407196 32749.5 1070190
Jh5h 0.410448 406597 32660.5 1070190
Js5h 0.410448 406597 32660.5 1070190
Js5s 0.410448 406597 32660.5 1070190
Jh5s 0.410448 406597 32660.5 1070190
Tc9d 0.40822 410091 26782 1070190
Tc9s 0.407463 409314 26749 1070190
Tc9h 0.407463 409314 26749 1070190
Js4d 0.407334 402473 33451.5 1070190
Jh4d 0.407334 402473 33451.5 1070190
Jd4s 0.407213 402285 33510.5 1070190
Jd4h 0.407213 402285 33510.5 1070190
Td9c 0.406998 408948 26617 1070190
Js4h 0.40658 401700 33418 1070190
Jh4s 0.40658 401700 33418 1070190
Jh4h 0.40658 401700 33418 1070190
Js4s 0.40658 401700 33418 1070190
Th9c 0.406266 408222 26560 1070190
Ts9c 0.406266 408222 26560 1070190
Jh3d 0.405483 400454 33489.5 1070190
Js3d 0.405483 400454 33489.5 1070190
Jh6d 0.405442 403322 30577.5 1070190
Js6d 0.405442 403322 30577.5 1070190
Jd3h 0.405362 400266 33548.5 1070190
Jd3s 0.405362 400266 33548.5 1070190
Jd6h 0.405302 403120 30630.5 1070190
Jd6s 0.405302 403120 30630.5 1070190
Jh3s 0.404729 399681 33456 1070190
Js3h 0.404729 399681 33456 1070190
Jh3h 0.404729 399681 33456 1070190
Js3s 0.404729 399681 33456 1070190
Jh6s 0.40465 402505 30547.5 1070190
Jh6h 0.40465 402505 30547.5 1070190
Js6s 0.40465 402505 30547.5 1070190
Js6h 0.40465 402505 30547.5 1070190
Td9d 0.404356 407373 25364.5 1070190
Tc8d 0.399499 398899 28640.5 1070190
Tc8h 0.398742 398122 28607.5 1070190
Tc8s 0.398742 398122 28607.5 1070190
Td8c 0.396966 396427 28402 1070190
Ts8c 0.396265 395741 28337.5 1070190
Th8c 0.396265 395741 28337.5 1070190
Td8d 0.395906 396567 27127.5 1070190
Tc7d 0.391465 388449 30492.5 1070190
Tc7s 0.390708 387672 30459.5 1070190
Tc7h 0.390708 387672 30459.5 1070190
Tc5d 0.390328 383475 34250 1070190
Tc5h 0.389608 382741 34213.5 1070190
Tc5s 0.389608 382741 34213.5 1070190
Td7d 0.388109 386469 28881.5 1070190
Td7c 0.387619 384642 30184 1070190
Ts7c 0.386946 383994 30111.5 1070190
Th7c 0.386946 383994 30111.5 1070190
Td5d 0.386666 381351 32455 1070190
Tc4d 0.386545 378668 35008.5 1070190
Tc4h 0.385825 377934 34972 1070190
Tc4s 0.385825 377934 34972 1070190
Tc3d 0.384787 376751 35044.5 1070190
Tc6d 0.384452 379278 32159 1070190
Tc3s 0.384067 376017 35008 1070190
Tc3h 0.384067 376017 35008 1070190
Td5c 0.383733 376818 33849.5 1070190
Tc6s 0.383695 378501 32126 1070190
Tc6h 0.383695 378501 32126 1070190
Th5c 0.383093 376219 33763.5 1070190
Ts5c 0.383093 376219 33763.5 1070190
Td4d 0.382906 376608 33174 1070190
Td6d 0.381279 377583 30458.5 1070190
Td3d 0.381055 374589 33212 1070190
Td6c 0.379282 374115 31789 1070190
Th6c 0.378633 373500 31709 1070190
Ts6c 0.378633 373500 31709 1070190
Td4c 0.378591 370586 34578.5 1070190
Ts4c 0.377961 370001 34489 1070190
Th4c 0.377961 370001 34489 1070190
Td3c 0.375435 367178 34608.5 1070190
Ts9d 0.37507 374844 26552.5 1070190
Th9d 0.37507 374844 26552.5 1070190
Td9h 0.375045 374793 26576.5 1070190
Td9s 0.375045 374793 26576.5 1070190
Th3c 0.374804 366593 34519 1070190
Ts3c 0.374804 366593 34519 1070190
Ts9h 0.374313 374067 26519.5 1070190
Ts9s 0.374313 374067 26519.5 1070190
Th9h 0.374313 374067 26519.5 1070190
Th9s 0.374313 374067 26519.5 1070190
Th8d 0.366286 363598 28398 1070190
Ts8d 0.366286 363598 28398 1070190
Td8s 0.366231 363507 28429.5 1070190
Td8h 0.366231 363507 28429.5 1070190
Ts8h 0.365529 362821 28365 1070190
Ts8s 0.365529 362821 28365 1070190
Th8s 0.365529 362821 28365 1070190
Th8h 0.365529 362821 28365 1070190
Th7d 0.358181 353082 30240 1070190
Ts7d 0.358181 353082 30240 1070190
Td7s 0.358098 352953 30279.5 1070190
Td7h 0.358098 352953 30279.5 1070190
Th7s 0.357424 352305 30207 1070190
Ts7s 0.357424 352305 30207 1070190
Ts7h 0.357424 352305 30207 1070190
Th7h 0.357424 352305 30207 1070190
Ts5d 0.357244 348303 34016 1070190
Th5d 0.357244 348303 34016 1070190
Td5h 0.357164 348168 34065.5 1070190
Td5s 0.357164 348168 34065.5 1070190
Ts5s 0.356524 347569 33979.5 1070190
Ts5h 0.356524 347569 33979.5 1070190
Th5h 0.356524 347569 33979.5 1070190
Th5s 0.356524 347569 33979.5 1070190
9c8d 0.353693 349429 29090 1070190
Th4d 0.353376 343406 34773.5 1070190
Ts4d 0.353376 343406 34773.5 1070190
Td4s 0.353286 343257 34826.5 1070190
Td4h 0.353286 343257 34826.5 1070190
9c8h 0.35297 348690 29054.5 1070190
9c8s 0.35297 348690 29054.5 1070190
Th4h 0.352656 342672 34737 1070190
Th4s 0.352656 342672 34737 1070190
Ts4s 0.352656 342672 34737 1070190
Ts4h 0.352656 342672 34737 1070190
9d8d 0.352576 349767 27556.5 1070190
9d8c 0.352459 348283 28915 1070190
9s8c 0.351759 347594 28854.5 1070190
9h8c 0.351759 347594 28854.5 1070190
Th3d 0.351525 341387 34811.5 1070190
Ts3d 0.351525 341387 34811.5 1070190
Td3s 0.351435 341238 34864.5 1070190
Td3h 0.351435 341238 34864.5 1070190
Th6d 0.35109 343833 31899.5 1070190
Ts6d 0.35109 343833 31899.5 1070190
Td6h 0.350982 343671 31946.5 1070190
Td6s 0.350982 343671 31946.5 1070190
Th3s 0.350805 340653 34775 1070190
Th3h 0.350805 340653 34775 1070190
Ts3h 0.350805 340653 34775 1070190
Ts3s 0.350805 340653 34775 1070190
Th6s 0.350333 343056 31866.5 1070190
Th6h 0.350333 343056 31866.5 1070190
Ts6h 0.350333 343056 31866.5 1070190
Ts6s 0.350333 343056 31866.5 1070190
5d4d 0.348673 344296 28850.5 1070190
5d3d 0.348006 343582 28850.5 1070190
9c7d 0.345659 338979 30942 1070190
5c4d 0.345155 339011 30370 1070190
9c7s 0.344935 338240 30906.5 1070190
9c7h 0.344935 338240 30906.5 1070190
9d7d 0.344779 339669 29310.5 1070190
9c5d 0.344685 334179 34699.5 1070190
5c4s 0.344511 338371 30321.5 1070190
5c4h 0.344511 338371 30321.5 1070190
5c3d 0.34451 338321 30370 1070190
9c5h 0.343997 333482 34660.5 1070190
9c5s 0.343997 333482 34660.5 1070190
5d4c 0.343945 337807 30280 1070190
5c3s 0.343867 337681 30321.5 1070190
5c3h 0.343867 337681 30321.5 1070190
9d5d 0.343493 334719 32884 1070190
5h4c 0.343315 337195 30217.5 1070190
5s4c 0.343315 337195 30217.5 1070190
9d7c 0.343112 336498 30697 1070190
9s7c 0.34244 335847 30628.5 1070190
9h7c 0.34244 335847 30628.5 1070190
5d3c 0.342011 335737 30280 1070190
5s3c 0.341381 335125 30217.5 1070190
5h3c 0.341381 335125 30217.5 1070190
9c4d 0.340902 329372 35458 1070190
9c4s 0.340214 328675 35419 1070190
9c4h 0.340214 328675 35419 1070190
9d4d 0.339733 329976 33603 1070190
9d5c 0.339393 328853 34362.5 1070190
9c3d 0.339144 327455 35494 1070190
9h5c 0.338754 328251 34280.5 1070190
9s5c 0.338754 328251 34280.5 1070190
9c6d 0.338647 329808 32608.5 1070190
9c3s 0.338457 326758 35455 1070190
9c3h 0.338457 326758 35455 1070190
4d3d 0.338051 335938 25840.5 1070190
9d6d 0.33795 330783 30887.5 1070190
9c6h 0.337923 329069 32573 1070190
9c6s 0.337923 329069 32573 1070190
9d3d 0.337882 327957 33641 1070190
9d6c 0.334775 325971 32302 1070190
9d4c 0.334251 322621 35091.5 1070190
9h6c 0.334127 325353 32226 1070190
9s6c 0.334127 325353 32226 1070190
9h4c 0.333622 322033 35006 1070190
9s4c 0.333622 322033 35006 1070190
4c3d 0.332968 329153 27186 1070190
4c3s 0.332351 328541 27137.5 1070190
4c3h 0.332351 328541 27137.5 1070190
4d3c 0.331701 327797 27186 1070190
9d3c 0.331095 319213 35121.5 1070190
4s3c 0.331084 327185 27137.5 1070190
4h3c 0.331084 327185 27137.5 1070190
9h3c 0.330466 318625 35036 1070190
9s3c 0.330466 318625 35036 1070190
9s8d 0.320892 314527 28888 1070190
9h8d 0.320892 314527 28888 1070190
9d8h 0.320868 314477 28913 1070190
9d8s 0.320868 314477 28913 1070190
9h8h 0.320168 313788 28852.5 1070190
9s8s 0.320168 313788 28852.5 1070190
9s8h 0.320168 313788 28852.5 1070190
9h8s 0.320168 313788 28852.5 1070190
5h4d 0.319268 311426 30251 1070190
5s4d 0.319268 311426 30251 1070190
5d4h 0.319255 311398 30265 1070190
5d4s 0.319255 311398 30265 1070190
5s4s 0.318624 310786 30202.5 1070190
5s4h 0.318624 310786 30202.5 1070190
5h4h 0.318624 310786 30202.5 1070190
5h4s 0.318624 310786 30202.5 1070190
5h3d 0.3186 310712 30251 1070190
5s3d 0.3186 310712 30251 1070190
5d3s 0.318587 310684 30265 1070190
5d3h 0.318587 310684 30265 1070190
5s3h 0.317957 310072 30202.5 1070190
5s3s 0.317957 310072 30202.5 1070190
5h3s 0.317957 310072 30202.5 1070190
5h3h 0.317957 310072 30202.5 1070190
9s7d 0.312787 304011 30730 1070190
9h7d 0.312787 304011 30730 1070190
9d7s 0.312735 303923 30763 1070190
9d7h 0.312735 303923 30763 1070190
9h7s 0.312063 303272 30694.5 1070190
9s7s 0.312063 303272 30694.5 1070190
9s7h 0.312063 303272 30694.5 1070190
9h7h 0.312063 303272 30694.5 1070190
9s5d 0.312017 299412 34506 1070190
9h5d 0.312017 299412 34506 1070190
9d5h 0.311969 299317 34549 1070190
9d5s 0.311969 299317 34549 1070190
9s5h 0.31133 298715 34467 1070190
9s5s 0.31133 298715 34467 1070190
9h5s 0.31133 298715 34467 1070190
9h5h 0.31133 298715 34467 1070190
8d7d 0.308547 301155 29048.5 1070190
4s3d 0.308213 302760 27087 1070190
4h3d 0.308213 302760 27087 1070190
4d3s 0.308213 302760 27087 1070190
4d3h 0.308213 302760 27087 1070190
9s4d 0.308149 294515 35263.5 1070190
9h4d 0.308149 294515 35263.5 1070190
9d4s 0.308091 294406 35310 1070190
9d4h 0.308091 294406 35310 1070190
4s3s 0.307596 302148 27038.5 1070190
4s3h 0.307596 302148 27038.5 1070190
4h3s 0.307596 302148 27038.5 1070190
4h3h 0.307596 302148 27038.5 1070190
9h4h 0.307462 293818 35224.5 1070190
9h4s 0.307462 293818 35224.5 1070190
9s4s 0.307462 293818 35224.5 1070190
9s4h 0.307462 293818 35224.5 1070190
8d5d 0.307205 296146 32622 1070190
8c7d 0.307185 298089 30657 1070190
8c7s 0.306493 297386 30619.5 1070190
8c7h 0.306493 297386 30619.5 1070190
9h3d 0.306298 292496 35301.5 1070190
9s3d 0.306298 292496 35301.5 1070190
9d3s 0.30624 292387 35348 1070190
9d3h 0.30624 292387 35348 1070190
8c5d 0.306155 293230 34414.5 1070190
8d7c 0.305981 296981 30477 1070190
9h6d 0.305695 294762 32389.5 1070190
9s6d 0.305695 294762 32389.5 1070190
9d6h 0.30562 294641 32430 1070190
9d6s 0.30562 294641 32430 1070190
9h3h 0.305611 291799 35262.5 1070190
9h3s 0.305611 291799 35262.5 1070190
9s3s 0.305611 291799 35262.5 1070190
9s3h 0.305611 291799 35262.5 1070190
8c5s 0.305499 292568 34373.5 1070190
8c5h 0.305499 292568 34373.5 1070190
8s7c 0.305314 296330 30413.5 1070190
8h7c 0.305314 296330 30413.5 1070190
9s6s 0.304971 294023 32354 1070190
9s6h 0.304971 294023 32354 1070190
9h6s 0.304971 294023 32354 1070190
9h6h 0.304971 294023 32354 1070190
8d4d 0.303445 291403 33341 1070190
8c4d 0.302372 288423 35173 1070190
8d5c 0.302212 289282 34142.5 1070190
8d6d 0.301717 292269 30625.5 1070190
8c4s 0.301716 287761 35132 1070190
8c4h 0.301716 287761 35132 1070190
8d3d 0.301594 289384 33379 1070190
8h5c 0.301578 288680 34065.5 1070190
8s5c 0.301578 288680 34065.5 1070190
8c3d 0.300615 286506 35209 1070190
8c6d 0.300172 288918 32323.5 1070190
8c3h 0.299958 285844 35168 1070190
8c3s 0.299958 285844 35168 1070190
8c6s 0.29948 288215 32286 1070190
8c6h 0.29948 288215 32286 1070190
8d6c 0.297644 286454 32082 1070190
8d4c 0.29707 283050 34871.5 1070190
8s6c 0.297001 285836 32011 1070190
8h6c 0.297001 285836 32011 1070190
8s4c 0.296445 282462 34791 1070190
8h4c 0.296445 282462 34791 1070190
8d3c 0.293914 279642 34901.5 1070190
8s3c 0.293289 279054 34821 1070190
8h3c 0.293289 279054 34821 1070190
7d5d 0.277824 265653 31671.5 1070190
8h7d 0.274906 263720 30482 1070190
8s7d 0.274906 263720 30482 1070190
8d7h 0.274882 263668 30508 1070190
8d7s 0.274882 263668 30508 1070190
7c5d 0.274743 260628 33399.5 1070190
8h7s 0.274214 263017 30444.5 1070190
8s7h 0.274214 263017 30444.5 1070190
8s7s 0.274214 263017 30444.5 1070190
8h7h 0.274214 263017 30444.5 1070190
7c5s 0.274116 259999 33357 1070190
7c5h 0.274116 259999 33357 1070190
8s5d 0.274079 259059 34258 1070190
8h5d 0.274079 259059 34258 1070190
7d4d 0.274064 260910 32390.5 1070190
8d5s 0.274057 258999 34294 1070190
8d5h 0.274057 258999 34294 1070190
8s5h 0.273422 258397 34217 1070190
8s5s 0.273422 258397 34217 1070190
8h5h 0.273422 258397 34217 1070190
8h5s 0.273422 258397 34217 1070190
7d6d 0.272603 262062 29675 1070190
7d3d 0.272213 258891 32428.5 1070190
7d5c 0.272148 258054 33196.5 1070190
7s5c 0.27152 257452 33126 1070190
7h5c 0.27152 257452 33126 1070190
7c4d 0.27096 255821 34158 1070190
7c4h 0.270333 255192 34115.5 1070190
7c4s 0.270333 255192 34115.5 1070190
8s4d 0.270211 254162 35015.5 1070190
8h4d 0.270211 254162 35015.5 1070190
8d4h 0.270179 254088 35055 1070190
8d4s 0.270179 254088 35055 1070190
8h4h 0.269554 253500 34974.5 1070190
8s4s 0.269554 253500 34974.5 1070190
8s4h 0.269554 253500 34974.5 1070190
8h4s 0.269554 253500 34974.5 1070190
7c3d 0.269203 253904 34194 1070190
7c6d 0.269033 256608 31308.5 1070190
7c3s 0.268575 253275 34151.5 1070190
7c3h 0.268575 253275 34151.5 1070190
7c6h 0.268372 255939 31269.5 1070190
7c6s 0.268372 255939 31269.5 1070190
8h3d 0.26836 252143 35053.5 1070190
8s3d 0.26836 252143 35053.5 1070190
8d3s 0.268328 252069 35093 1070190
8d3h 0.268328 252069 35093 1070190
7d6c 0.267849 255513 31136 1070190
8h6d 0.267815 254471 32141.5 1070190
8s6d 0.267815 254471 32141.5 1070190
8d6h 0.267766 254386 32175 1070190
8d6s 0.267766 254386 32175 1070190
8s3h 0.267703 251481 35012.5 1070190
8s3s 0.267703 251481 35012.5 1070190
8h3s 0.267703 251481 35012.5 1070190
8h3h 0.267703 251481 35012.5 1070190
7h6c 0.267211 254895 31071.5 1070190
7s6c 0.267211 254895 31071.5 1070190
8h6s 0.267123 253768 32104 1070190
8h6h 0.267123 253768 32104 1070190
8s6h 0.267123 253768 32104 1070190
8s6s 0.267123 253768 32104 1070190
7d4c 0.267006 251822 33925.5 1070190
7s4c 0.266388 251234 33851.5 1070190
7h4c 0.266388 251234 33851.5 1070190
7d3c 0.26385 248414 33955.5 1070190
7s3c 0.263231 247826 33881.5 1070190
7h3c 0.263231 247826 33881.5 1070190
6d5d 0.255738 244418 29270.5 1070190
6d4d 0.251978 239675 29989.5 1070190
6c5d 0.250826 237561 30870 1070190
6c5s 0.250222 236955 30830 1070190
6c5h 0.250222 236955 30830 1070190
6d3d 0.250127 237656 30027.5 1070190
6d5c 0.249602 236397 30725 1070190
6h5c 0.248982 235795 30663 1070190
6s5c 0.248982 235795 30663 1070190
6c4d 0.247043 232754 31628.5 1070190
6c4s 0.246439 232148 31588.5 1070190
6c4h 0.246439 232148 31588.5 1070190
6c3d 0.245285 230837 31664.5 1070190
6c3s 0.244681 230231 31624.5 1070190
6c3h 0.244681 230231 31624.5 1070190
6d4c 0.24446 230165 31454 1070190
6s4c 0.24385 229577 31388.5 1070190
6h4c 0.24385 229577 31388.5 1070190
7d5s 0.24341 227190 33304.5 1070190
7d5h 0.24341 227190 33304.5 1070190
7s5d 0.243409 227217 33276.5 1070190
7h5d 0.243409 227217 33276.5 1070190
7s5s 0.242781 226588 33234 1070190
7h5s 0.242781 226588 33234 1070190
7h5h 0.242781 226588 33234 1070190
7s5h 0.242781 226588 33234 1070190
6d3c 0.241304 226757 31484 1070190
6h3c 0.240693 226169 31418.5 1070190
6s3c 0.240693 226169 31418.5 1070190
7s4d 0.239541 222320 34034 1070190
7h4d 0.239541 222320 34034 1070190
7d4h 0.239532 222279 34065.5 1070190
7d4s 0.239532 222279 34065.5 1070190
7h4s 0.238913 221691 33991.5 1070190
7h4h 0.238913 221691 33991.5 1070190
7s4s 0.238913 221691 33991.5 1070190
7s4h 0.238913 221691 33991.5 1070190
7s3d 0.23769 220301 34072 1070190
7h3d 0.23769 220301 34072 1070190
7d3h 0.237681 220260 34103.5 1070190
7d3s 0.237681 220260 34103.5 1070190
7s6d 0.237428 222933 31160 1070190
7h6d 0.237428 222933 31160 1070190
7d6s 0.237404 222882 31185.5 1070190
7d6h 0.237404 222882 31185.5 1070190
7s3h 0.237062 219672 34029.5 1070190
7h3h 0.237062 219672 34029.5 1070190
7s3s 0.237062 219672 34029.5 1070190
7h3s 0.237062 219672 34029.5 1070190
7h6s 0.236766 222264 31121 1070190
7s6s 0.236766 222264 31121 1070190
7s6h 0.236766 222264 31121 1070190
7h6h 0.236766 222264 31121 1070190
6d5h 0.220432 205135 30769.5 1070190
6d5s 0.220432 205135 30769.5 1070190
6h5d 0.220416 205139 30747.5 1070190
6s5d 0.220416 205139 30747.5 1070190
6s5s 0.219812 204533 30707.5 1070190
6h5s 0.219812 204533 30707.5 1070190
6s5h 0.219812 204533 30707.5 1070190
6h5h 0.219812 204533 30707.5 1070190
6d4h 0.216555 200224 31530.5 1070190
6d4s 0.216555 200224 31530.5 1070190
6s4d 0.216548 200242 31505 1070190
6h4d 0.216548 200242 31505 1070190
6s4s 0.215944 199636 31465 1070190
6h4s 0.215944 199636 31465 1070190
6h4h 0.215944 199636 31465 1070190
6s4h 0.215944 199636 31465 1070190
6d3s 0.214703 198205 31568.5 1070190
6d3h 0.214703 198205 31568.5 1070190
6s3d 0.214696 198223 31543 1070190
6h3d 0.214696 198223 31543 1070190
6s3h 0.214093 197617 31503 1070190
6s3s 0.214093 197617 31503 1070190
6h3s 0.214093 197617 31503 1070190
6h3h 0.214093 197617 31503 1070190
