JsJh 0.999927 1070112 0 1070190
Js2d 0.987995 1053224 4118 1070190
Js2h 0.987995 1053224 4118 1070190
Js2s 0.987995 1053224 4118 1070190
Jh2d 0.987995 1053224 4118 1070190
Jh2h 0.987995 1053224 4118 1070190
Jh2s 0.987995 1053224 4118 1070190
AcJs 0.964096 1026726 5040 1070190
AcJh 0.964096 1026726 5040 1070190
KcJs 0.960564 1022946 5040 1070190
KcJh 0.960564 1022946 5040 1070190
QcJs 0.957641 1019578 5280 1070190
QcJh 0.957641 1019578 5280 1070190
JhTc 0.954209 1015491 5694 1070190
JsTc 0.954209 1015491 5694 1070190
2h2d 0.950586 1015548 1760 1070190
2s2h 0.950586 1015548 1760 1070190
2s2d 0.950586 1015548 1760 1070190
Js9c 0.949617 1010037 6234 1070190
Jh9c 0.949617 1010037 6234 1070190
AdJh 0.946837 1008210 5085 1070190
AdJs 0.946837 1008210 5085 1070190
AhJh 0.946461 1007808 5085 1070190
AhJs 0.946461 1007808 5085 1070190
AsJh 0.946461 1007808 5085 1070190
AsJs 0.946461 1007808 5085 1070190
Js8c 0.945164 1004671 6834 1070190
Jh8c 0.945164 1004671 6834 1070190
KdJs 0.944684 1005906 5085 1070190
KdJh 0.944684 1005906 5085 1070190
KhJh 0.944305 1005501 5085 1070190
KhJs 0.944305 1005501 5085 1070190
KsJh 0.944305 1005501 5085 1070190
KsJs 0.944305 1005501 5085 1070190
QdJs 0.943145 1004007 5337 1070190
QdJh 0.943145 1004007 5337 1070190
QsJh 0.942766 1003602 5337 1070190
QhJs 0.942766 1003602 5337 1070190
QsJs 0.942766 1003602 5337 1070190
QhJh 0.942766 1003602 5337 1070190
JsTd 0.941065 1001346 5772 1070190
JhTd 0.941065 1001346 5772 1070190
Js7c 0.940961 999573 7434 1070190
Jh7c 0.940961 999573 7434 1070190
JhTh 0.940686 1000941 5772 1070190
JsTs 0.940686 1000941 5772 1070190
JhTs 0.940686 1000941 5772 1070190
JsTh 0.940686 1000941 5772 1070190
Jh6c 0.937931 995790 7974 1070190
Js6c 0.937931 995790 7974 1070190
Jh9d 0.937709 997188 6339 1070190
Js9d 0.937709 997188 6339 1070190
Js9s 0.937331 996783 6339 1070190
Jh9s 0.937331 996783 6339 1070190
Jh9h 0.937331 996783 6339 1070190
Js9h 0.937331 996783 6339 1070190
Js5c 0.936174 993490 8394 1070190
Jh5c 0.936174 993490 8394 1070190
Jh8d 0.934471 993093 6969 1070190
Js8d 0.934471 993093 6969 1070190
Jh4c 0.934197 991134 8634 1070190
Js4c 0.934197 991134 8634 1070190
Jh8h 0.934093 992688 6969 1070190
Js8s 0.934093 992688 6969 1070190
Jh8s 0.934093 992688 6969 1070190
Js8h 0.934093 992688 6969 1070190
Jh3c 0.932918 989766 8634 1070190
Js3c 0.932918 989766 8634 1070190
Js7d 0.931469 989250 7599 1070190
Jh7d 0.931469 989250 7599 1070190
Js7s 0.931091 988845 7599 1070190
Js7h 0.931091 988845 7599 1070190
Jh7h 0.931091 988845 7599 1070190
Jh7s 0.931091 988845 7599 1070190
Jh6d 0.929669 986757 8166 1070190
Js6d 0.929669 986757 8166 1070190
Js6h 0.929294 986355 8166 1070190
Js6s 0.929294 986355 8166 1070190
Jh6h 0.929294 986355 8166 1070190
Jh6s 0.929294 986355 8166 1070190
Js5d 0.92919 985803 8607 1070190
Jh5d 0.92919 985803 8607 1070190
Jh5h 0.928817 985404 8607 1070190
Js5s 0.928817 985404 8607 1070190
Js5h 0.928817 985404 8607 1070190
Jh5s 0.928817 985404 8607 1070190
Js4d 0.92845 984759 8859 1070190
Jh4d 0.92845 984759 8859 1070190
Jh3d 0.928416 984723 8859 1070190
Js3d 0.928416 984723 8859 1070190
Js4h 0.928077 984360 8859 1070190
Jh4s 0.928077 984360 8859 1070190
Js4s 0.928077 984360 8859 1070190
Jh4h 0.928077 984360 8859 1070190
Js3h 0.928044 984324 8859 1070190
Jh3h 0.928044 984324 8859 1070190
Js3s 0.928044 984324 8859 1070190
Jh3s 0.928044 984324 8859 1070190
AdAc 0.885624 947270 515.5 1070190
AhAc 0.885164 946778 515.5 1070190
AsAc 0.885164 946778 515.5 1070190
AsAd 0.86544 925670 515.5 1070190
AhAd 0.86544 925670 515.5 1070190
AsAh 0.864981 925178 515.5 1070190
KdKc 0.862445 922469 511.5 1070190
KhKc 0.861983 921974 511.5 1070190
KsKc 0.861983 921974 511.5 1070190
KhKd 0.842882 901532 511.5 1070190
KsKd 0.842882 901532 511.5 1070190
KsKh 0.842419 901037 511.5 1070190
QdQc 0.840407 898888 507.5 1070190
QhQc 0.839945 898393 507.5 1070190
QsQc 0.839945 898393 507.5 1070190
QhQd 0.821499 878652 507.5 1070190
QsQd 0.821499 878652 507.5 1070190
QsQh 0.821036 878157 507.5 1070190
TdTc 0.810552 865034 2410.5 1070190
TsTc 0.810089 864539 2410.5 1070190
ThTc 0.810089 864539 2410.5 1070190
TsTd 0.792327 845561 2379 1070190
ThTd 0.792327 845561 2379 1070190
TsTh 0.791864 845066 2379 1070190
9d9c 0.782729 835172 2496.5 1070190
9s9c 0.782266 834677 2496.5 1070190
9h9c 0.782266 834677 2496.5 1070190
9s9d 0.765038 816275 2460.5 1070190
9h9d 0.765038 816275 2460.5 1070190
9s9h 0.764575 815780 2460.5 1070190
8d8c 0.754285 804694 2534.5 1070190
8h8c 0.753823 804199 2534.5 1070190
8s8c 0.753823 804199 2534.5 1070190
AcKc 0.750844 790925 12621 1070190
AcQc 0.744863 783921 13224 1070190
AcTc 0.738482 776287 14029.5 1070190
8s8d 0.737113 786354 2497 1070190
8h8d 0.737113 786354 2497 1070190
8s8h 0.736651 785859 2497 1070190
Ac9c 0.728171 763839 15442.5 1070190
7d7c 0.725482 773879 2524.5 1070190
7h7c 0.725019 773384 2524.5 1070190
7s7c 0.725019 773384 2524.5 1070190
Ac8c 0.722166 756232 16623 1070190
Ac7c 0.716613 749127 17785 1070190
Ac5c 0.712536 742923 19625.5 1070190
Ac6c 0.711818 742959 18821.5 1070190
Ac4c 0.709644 739364 20090 1070190
7s7d 0.708814 756077 2488.5 1070190
7h7d 0.708814 756077 2488.5 1070190
7s7h 0.708351 755582 2488.5 1070190
Ac3c 0.708004 737591 20108 1070190
KcQc 0.699662 733380 15391 1070190
6d6c 0.697555 744050 2466.5 1070190
6s6c 0.697095 743558 2466.5 1070190
6h6c 0.697095 743558 2466.5 1070190
KcTc 0.693147 725602 16196.5 1070190
Kc9c 0.683135 713796 17288.5 1070190
6s6d 0.681427 726821 2435 1070190
6h6d 0.681427 726821 2435 1070190
6s6h 0.680967 726329 2435 1070190
Ac2d 0.678805 711347 15103.5 1070190
Ac2h 0.678364 710897 15081 1070190
Ac2s 0.678364 710897 15081 1070190
Kc8c 0.672183 700627 18736.5 1070190
5d5c 0.670757 715477 2360.5 1070190
5h5c 0.6703 714988 2360.5 1070190
5s5c 0.6703 714988 2360.5 1070190
Kc7c 0.66663 693522 19898.5 1070190
Ad2d 0.663746 695501 14833.5 1070190
Kc6c 0.661835 687354 20935 1070190
Kc2d 0.660221 687468 19093.5 1070190
Kc2h 0.659846 687126 19035 1070190
Kc2s 0.659846 687126 19035 1070190
Kc5c 0.657694 682119 21739 1070190
5h5d 0.655212 698865 2336.5 1070190
5s5d 0.655212 698865 2336.5 1070190
QcTc 0.655058 683246 17791 1070190
Kc4c 0.654803 678560 22203.5 1070190
5s5h 0.654755 698376 2336.5 1070190
Kc3c 0.653163 676787 22221.5 1070190
Ad2s 0.646918 677357 14968.5 1070190
Ad2h 0.646918 677357 14968.5 1070190
Kd2d 0.646632 673254 18765 1070190
Ah2d 0.646593 677009 14968.5 1070190
As2d 0.646593 677009 14968.5 1070190
As2s 0.646152 676559 14946 1070190
Ah2s 0.646152 676559 14946 1070190
Ah2h 0.646152 676559 14946 1070190
As2h 0.646152 676559 14946 1070190
Qc9c 0.645047 671440 18883 1070190
Qc2d 0.644447 667557 22123.5 1070190
Qc2h 0.644125 667299 22037 1070190
Qc2s 0.644125 667299 22037 1070190
4d4c 0.643409 686363 2206.5 1070190
4s4c 0.642952 685874 2206.5 1070190
4h4c 0.642952 685874 2206.5 1070190
AcKd 0.638875 666930 16788 1070190
AcKh 0.638013 666030 16765.5 1070190
AcKs 0.638013 666030 16765.5 1070190
AdKc 0.637546 665687 16608 1070190
AhKc 0.636718 664860 16549.5 1070190
AsKc 0.636718 664860 16549.5 1070190
Qc8c 0.634345 658806 20063.5 1070190
Qd2d 0.632315 654945 21752.5 1070190
Tc2d 0.630545 650390 24412.5 1070190
AcQd 0.630333 656984 17592 1070190
Tc2s 0.630262 650195 24305 1070190
Tc2h 0.630262 650195 24305 1070190
Kd2h 0.629563 654600 19152 1070190
Kd2s 0.629563 654600 19152 1070190
AcQs 0.629477 656090 17569.5 1070190
AcQh 0.629477 656090 17569.5 1070190
Kh2d 0.629171 654144 19188 1070190
Ks2d 0.629171 654144 19188 1070190
Kh2h 0.628796 653802 19129.5 1070190
Kh2s 0.628796 653802 19129.5 1070190
Ks2h 0.628796 653802 19129.5 1070190
Ks2s 0.628796 653802 19129.5 1070190
4h4d 0.628379 670292 2193 1070190
4s4d 0.628379 670292 2193 1070190
4s4h 0.627922 669803 2193 1070190
AdQc 0.627588 654277 17361 1070190
AhQc 0.626786 653478 17302.5 1070190
AsQc 0.626786 653478 17302.5 1070190
AdKd 0.624371 652303 15892.5 1070190
Qc7c 0.622986 645274 21439.5 1070190
AcTd 0.621513 646563 18574.5 1070190
AcTs 0.620663 645675 18552 1070190
AcTh 0.620663 645675 18552 1070190
Td2d 0.619844 639338 24013 1070190
9c2d 0.618472 636027 25855.5 1070190
9c2h 0.618217 635877 25733 1070190
9c2s 0.618217 635877 25733 1070190
Qc6c 0.618191 639106 22476 1070190
AdTc 0.617362 642396 18298.5 1070190
3d3c 0.616743 658028 2004.5 1070190
AsTc 0.616587 641625 18240 1070190
AhTc 0.616587 641625 18240 1070190
3h3c 0.616286 657539 2004.5 1070190
3s3c 0.616286 657539 2004.5 1070190
AdQd 0.616051 642619 16672.5 1070190
Qd2s 0.615134 635975 22335.5 1070190
Qd2h 0.615134 635975 22335.5 1070190
Qs2d 0.614695 635441 22399.5 1070190
Qh2d 0.614695 635441 22399.5 1070190
Qh2h 0.614373 635183 22313 1070190
Qs2h 0.614373 635183 22313 1070190
Qs2s 0.614373 635183 22313 1070190
Qh2s 0.614373 635183 22313 1070190
Qc5c 0.614051 633871 23280 1070190
Tc9c 0.613649 636763 19958.5 1070190
Qc4c 0.611159 630312 23744.5 1070190
Qc3c 0.609519 628539 23762.5 1070190
9d2d 0.609141 626457 25439.5 1070190
8c2d 0.608223 624216 26698.5 1070190
8c2s 0.607987 624096 26566 1070190
8c2h 0.607987 624096 26566 1070190
AdTd 0.607456 632473 17620 1070190
AhKd 0.605821 631853 16491 1070190
AsKd 0.605821 631853 16491 1070190
AdKh 0.605787 631780 16527 1070190
AdKs 0.605787 631780 16527 1070190
Ac9d 0.605482 627183 20797.5 1070190
AhKs 0.604959 630953 16468.5 1070190
AsKh 0.604959 630953 16468.5 1070190
AsKs 0.604959 630953 16468.5 1070190
AhKh 0.604959 630953 16468.5 1070190
Ac9h 0.604628 626292 20775 1070190
Ac9s 0.604628 626292 20775 1070190
Tc8c 0.602947 624129 21139 1070190
Td2s 0.602616 620171 24743 1070190
Td2h 0.602616 620171 24743 1070190
3h3d 0.602214 642479 2004.5 1070190
3s3d 0.602214 642479 2004.5 1070190
Th2d 0.602144 619580 24828 1070190
Ts2d 0.602144 619580 24828 1070190
Ts2h 0.601861 619385 24720.5 1070190
Th2s 0.601861 619385 24720.5 1070190
Th2h 0.601861 619385 24720.5 1070190
Ts2s 0.601861 619385 24720.5 1070190
3s3h 0.601757 641990 2004.5 1070190
8d2d 0.600243 616098 26276 1070190
Ad9c 0.600071 621756 20434.5 1070190
7c2d 0.599574 614597 27061.5 1070190
7c2s 0.59935 614495 26923 1070190
7c2h 0.59935 614495 26923 1070190
As9c 0.59933 621030 20367 1070190
Ah9c 0.59933 621030 20367 1070190
AhQd 0.597245 621895 17271 1070190
AsQd 0.597245 621895 17271 1070190
AdQh 0.59719 621800 17307 1070190
AdQs 0.59719 621800 17307 1070190
Ac8d 0.596421 615628 22656 1070190
AhQs 0.596389 621001 17248.5 1070190
AhQh 0.596389 621001 17248.5 1070190
AsQh 0.596389 621001 17248.5 1070190
AsQs 0.596389 621001 17248.5 1070190
Ac8h 0.595562 614731 22633.5 1070190
Ac8s 0.595562 614731 22633.5 1070190
7d2d 0.59293 607907 26640.5 1070190
6c2d 0.592584 607113 27064.5 1070190
6c2h 0.592365 607020 26923 1070190
6c2s 0.592365 607020 26923 1070190
Ad9d 0.591845 613659 19728 1070190
9d2h 0.591823 607089 26274.5 1070190
9d2s 0.591823 607089 26274.5 1070190
Tc7c 0.591788 611025 22301 1070190
9h2d 0.591317 606447 26374.5 1070190
9s2d 0.591317 606447 26374.5 1070190
9s2h 0.591062 606297 26252 1070190
9h2h 0.591062 606297 26252 1070190
9h2s 0.591062 606297 26252 1070190
9s2s 0.591062 606297 26252 1070190
Ad8c 0.589759 608935 22219.5 1070190
Ah8c 0.589048 608249 22144.5 1070190
As8c 0.589048 608249 22144.5 1070190
AsTd 0.588407 611489 18218.5 1070190
AhTd 0.588407 611489 18218.5 1070190
AdTs 0.588332 611372 18254.5 1070190
AdTh 0.588332 611372 18254.5 1070190
Ac7d 0.588048 604815 24508 1070190
AhTs 0.587556 610601 18196 1070190
AhTh 0.587556 610601 18196 1070190
AsTh 0.587556 610601 18196 1070190
AsTs 0.587556 610601 18196 1070190
6d2d 0.587278 601848 26651 1070190
Ac7s 0.587183 603912 24485.5 1070190
Ac7h 0.587183 603912 24485.5 1070190
5c2d 0.58702 601395 26827.5 1070190
5c2s 0.586802 601305 26685 1070190
5c2h 0.586802 601305 26685 1070190
Ac5d 0.583178 596635 27476.5 1070190
Ad8d 0.583093 602529 21491 1070190
5d2d 0.583067 597567 26425.5 1070190
8d2s 0.582875 596606 27181 1070190
8d2h 0.582875 596606 27181 1070190
8s2d 0.582344 595928 27291 1070190
8h2d 0.582344 595928 27291 1070190
Ac5s 0.582317 595736 27454 1070190
Ac5h 0.582317 595736 27454 1070190
8s2h 0.582108 595808 27158.5 1070190
8h2s 0.582108 595808 27158.5 1070190
8h2h 0.582108 595808 27158.5 1070190
8s2s 0.582108 595808 27158.5 1070190
4c2d 0.582102 596489 26470.5 1070190
4c2h 0.581885 596399 26328 1070190
4c2s 0.581885 596399 26328 1070190
Ac6d 0.581036 595644 26174.5 1070190
Tc6c 0.580564 597816 23498 1070190
Ac6s 0.580171 594741 26152 1070190
Ac6h 0.580171 594741 26152 1070190
Ad7c 0.580132 596850 24001.5 1070190
4d2d 0.579482 594074 26082 1070190
Ah7c 0.579449 596202 23918.5 1070190
As7c 0.579449 596202 23918.5 1070190
Ac4d 0.579213 591633 28235 1070190
Ac4h 0.578352 590734 28212.5 1070190
Ac4s 0.578352 590734 28212.5 1070190
3c2d 0.577887 592335 26113.5 1070190
3c2s 0.577669 592245 25971 1070190
3c2h 0.577669 592245 25971 1070190
Ac3d 0.577273 589521 28271 1070190
3d2d 0.5766 591333 25738.5 1070190
Tc5c 0.576424 592581 24302 1070190
Ac3s 0.576412 588622 28248.5 1070190
Ac3h 0.576412 588622 28248.5 1070190
7d2s 0.575538 588347 27587.5 1070190
7d2h 0.575538 588347 27587.5 1070190
Ad7d 0.574993 592107 23245 1070190
7h2d 0.57499 587645 27703.5 1070190
7s2d 0.57499 587645 27703.5 1070190
7h2s 0.574765 587543 27565 1070190
7s2s 0.574765 587543 27565 1070190
7s2h 0.574765 587543 27565 1070190
7h2h 0.574765 587543 27565 1070190
Tc4c 0.573532 589022 24766.5 1070190
Ad5c 0.572501 585824 26860.5 1070190
Ah9d 0.572022 591747 20425.5 1070190
As9d 0.572022 591747 20425.5 1070190
Ad9h 0.57191 591582 20470.5 1070190
Ad9s 0.57191 591582 20470.5 1070190
Tc3c 0.571892 587249 24784.5 1070190
Ah5c 0.571851 585225 26764 1070190
As5c 0.571851 585225 26764 1070190
Ad6c 0.571798 586326 25606.5 1070190
9c8c 0.571313 589740 21673.5 1070190
Ah9s 0.571169 590856 20403 1070190
As9h 0.571169 590856 20403 1070190
As9s 0.571169 590856 20403 1070190
Ah9h 0.571169 590856 20403 1070190
As6c 0.571139 585711 25516 1070190
Ah6c 0.571139 585711 25516 1070190
Ad5d 0.570189 584157 26054 1070190
6d2h 0.569925 582309 27619 1070190
6d2s 0.569925 582309 27619 1070190
6s2d 0.569372 581598 27738 1070190
6h2d 0.569372 581598 27738 1070190
6s2s 0.569153 581505 27596.5 1070190
6s2h 0.569153 581505 27596.5 1070190
6h2s 0.569153 581505 27596.5 1070190
6h2h 0.569153 581505 27596.5 1070190
Ad6d 0.568158 583215 24822 1070190
Ad4c 0.567157 579376 27589.5 1070190
As4c 0.566517 578791 27489.5 1070190
Ah4c 0.566517 578791 27489.5 1070190
Ad4d 0.566236 579207 26773 1070190
5d2s 0.565804 578117 27400.5 1070190
5d2h 0.565804 578117 27400.5 1070190
KcQd 0.565458 584848 20299 1070190
5h2d 0.565254 577409 27520.5 1070190
5s2d 0.565254 577409 27520.5 1070190
5s2s 0.565037 577319 27378 1070190
5s2h 0.565037 577319 27378 1070190
5h2s 0.565037 577319 27378 1070190
5h2h 0.565037 577319 27378 1070190
KcQh 0.564636 583995 20272.5 1070190
KcQs 0.564636 583995 20272.5 1070190
Ad3d 0.564191 576981 26811 1070190
KdQc 0.564076 583530 20139 1070190
Ad3c 0.563798 575752 27619.5 1070190
KhQc 0.563276 582728 20084.5 1070190
KsQc 0.563276 582728 20084.5 1070190
Ah3c 0.563158 575167 27519.5 1070190
As3c 0.563158 575167 27519.5 1070190
Ah8d 0.562891 580129 22271 1070190
As8d 0.562891 580129 22271 1070190
Ad8s 0.562743 579918 22323.5 1070190
Ad8h 0.562743 579918 22323.5 1070190
4d2s 0.562245 574652 27057 1070190
4d2h 0.562245 574652 27057 1070190
Ah8h 0.562032 579232 22248.5 1070190
Ah8s 0.562032 579232 22248.5 1070190
As8h 0.562032 579232 22248.5 1070190
As8s 0.562032 579232 22248.5 1070190
4h2d 0.561696 573944 27177 1070190
4s2d 0.561696 573944 27177 1070190
4h2s 0.561478 573854 27034.5 1070190
4h2h 0.561478 573854 27034.5 1070190
4s2s 0.561478 573854 27034.5 1070190
4s2h 0.561478 573854 27034.5 1070190
9c7c 0.560289 576780 22835.5 1070190
3d2s 0.559363 571911 26713.5 1070190
3d2h 0.559363 571911 26713.5 1070190
3h2d 0.558813 571203 26833.5 1070190
3s2d 0.558813 571203 26833.5 1070190
3h2h 0.558596 571113 26691 1070190
3h2s 0.558596 571113 26691 1070190
3s2h 0.558596 571113 26691 1070190
3s2s 0.558596 571113 26691 1070190
KcTd 0.55642 574194 21281.5 1070190
KcTs 0.555604 573347 21255 1070190
KcTh 0.555604 573347 21255 1070190
KdQd 0.554558 574266 19216.5 1070190
As7d 0.554438 569241 24113 1070190
Ah7d 0.554438 569241 24113 1070190
Ad7s 0.554256 568986 24173.5 1070190
Ad7h 0.554256 568986 24173.5 1070190
KdTc 0.553633 571416 21076.5 1070190
Ah7h 0.553573 568338 24090.5 1070190
Ah7s 0.553573 568338 24090.5 1070190
As7s 0.553573 568338 24090.5 1070190
As7h 0.553573 568338 24090.5 1070190
KhTc 0.552859 570642 21022 1070190
KsTc 0.552859 570642 21022 1070190
As5d 0.549694 561207 27070.5 1070190
Ah5d 0.549694 561207 27070.5 1070190
Ad5h 0.549483 560907 27144.5 1070190
Ad5s 0.549483 560907 27144.5 1070190
9c6c 0.549065 563571 24032.5 1070190
As5s 0.548833 560308 27048 1070190
Ah5h 0.548833 560308 27048 1070190
As5h 0.548833 560308 27048 1070190
Ah5s 0.548833 560308 27048 1070190
Ah6d 0.547346 559992 25772.5 1070190
As6d 0.547346 559992 25772.5 1070190
Ad6s 0.547141 559704 25840.5 1070190
Ad6h 0.547141 559704 25840.5 1070190
As6h 0.546481 559089 25750 1070190
Ah6h 0.546481 559089 25750 1070190
Ah6s 0.546481 559089 25750 1070190
As6s 0.546481 559089 25750 1070190
KdTd 0.54575 563892 20164 1070190
Ah4d 0.545633 556103 27828 1070190
As4d 0.545633 556103 27828 1070190
Ad4h 0.545412 555789 27905.5 1070190
Ad4s 0.545412 555789 27905.5 1070190
9c5c 0.544924 558336 24836.5 1070190
Ah4h 0.544772 555204 27805.5 1070190
As4s 0.544772 555204 27805.5 1070190
As4h 0.544772 555204 27805.5 1070190
Ah4s 0.544772 555204 27805.5 1070190
Ah3d 0.543589 553877 27866 1070190
As3d 0.543589 553877 27866 1070190
Ad3h 0.543368 553563 27943.5 1070190
Ad3s 0.543368 553563 27943.5 1070190
Ah3s 0.542727 552978 27843.5 1070190
As3s 0.542727 552978 27843.5 1070190
As3h 0.542727 552978 27843.5 1070190
Ah3h 0.542727 552978 27843.5 1070190
9c4c 0.542033 554777 25301 1070190
Kc9d 0.540886 555883 22967.5 1070190
9c3c 0.540393 553004 25319 1070190
Kc9s 0.540066 555032 22941 1070190
Kc9h 0.540066 555032 22941 1070190
Kd9c 0.536835 551825 22690.5 1070190
Kh9c 0.536093 551091 22630 1070190
Ks9c 0.536093 551091 22630 1070190
8c7c 0.534122 548761 22851.5 1070190
KsQd 0.53268 550040 20029 1070190
KhQd 0.53268 550040 20029 1070190
KdQs 0.532659 549989 20057 1070190
KdQh 0.532659 549989 20057 1070190
KhQs 0.531858 549187 20002.5 1070190
KhQh 0.531858 549187 20002.5 1070190
KsQs 0.531858 549187 20002.5 1070190
KsQh 0.531858 549187 20002.5 1070190
Kd9d 0.53061 546086 21768 1070190
Kc8d 0.523821 535315 25273.5 1070190
KhTd 0.523616 539392 20976.5 1070190
KsTd 0.523616 539392 20976.5 1070190
KdTs 0.523574 539319 21004.5 1070190
KdTh 0.523574 539319 21004.5 1070190
8c6c 0.523033 535696 24048.5 1070190
Kc8h 0.523 534462 25247 1070190
Kc8s 0.523 534462 25247 1070190
KsTh 0.5228 538545 20950 1070190
KhTs 0.5228 538545 20950 1070190
KhTh 0.5228 538545 20950 1070190
KsTs 0.5228 538545 20950 1070190
8c5c 0.518892 530461 24852.5 1070190
Kd8c 0.518512 529996 24910.5 1070190
Ks8c 0.517802 529307 24840 1070190
Kh8c 0.517802 529307 24840 1070190
8c4c 0.516001 526902 25317 1070190
Kc7d 0.515448 524502 27125.5 1070190
Kc7h 0.514621 523643 27099 1070190
Kc7s 0.514621 523643 27099 1070190
8c3c 0.514361 525129 25335 1070190
Kd8d 0.513982 526107 23951 1070190
Kd7c 0.508885 517911 26692.5 1070190
Kc6d 0.508436 515331 28792 1070190
Ks7c 0.508203 517260 26614 1070190
Kh7c 0.508203 517260 26614 1070190
Kh9d 0.507734 520725 22646.5 1070190
Ks9d 0.507734 520725 22646.5 1070190
Kd9s 0.507656 520608 22680.5 1070190
Kd9h 0.507656 520608 22680.5 1070190
Kc6s 0.507608 514472 28765.5 1070190
Kc6h 0.507608 514472 28765.5 1070190
Kh9h 0.506914 519874 22620 1070190
Ks9h 0.506914 519874 22620 1070190
Ks9s 0.506914 519874 22620 1070190
Kh9s 0.506914 519874 22620 1070190
Kd7d 0.505882 515685 25705 1070190
Kc5d 0.502629 507814 30094 1070190
7c6c 0.502085 513762 23564 1070190
QcTd 0.501833 513816 23240.5 1070190
Kc5h 0.501806 506960 30067.5 1070190
Kc5s 0.501806 506960 30067.5 1070190
QcTh 0.501049 513007 23210.5 1070190
QcTs 0.501049 513007 23210.5 1070190
Kd6c 0.500551 507387 28297.5 1070190
QdTc 0.500459 512486 23100.5 1070190
Ks6c 0.499893 506769 28211.5 1070190
Kh6c 0.499893 506769 28211.5 1070190
QhTc 0.49969 511714 23049.5 1070190
QsTc 0.49969 511714 23049.5 1070190
Kd6d 0.499047 506793 27282 1070190
Kc4d 0.498663 502812 30852.5 1070190
7c5c 0.497944 508527 24368 1070190
Kc4h 0.497841 501958 30826 1070190
Kc4s 0.497841 501958 30826 1070190
Kc3d 0.496723 500700 30888.5 1070190
Kc3s 0.495901 499846 30862 1070190
Kc3h 0.495901 499846 30862 1070190
7c4c 0.495053 504968 24832.5 1070190
QdTd 0.494168 506844 22009.5 1070190
7c3c 0.493413 503195 24850.5 1070190
Kd5c 0.493341 498417 29551.5 1070190
Kd5d 0.493316 499428 28514 1070190
Ks5c 0.492701 497824 29459.5 1070190
Kh5c 0.492701 497824 29459.5 1070190
Kh8d 0.490252 499723 24939.5 1070190
Ks8d 0.490252 499723 24939.5 1070190
Kd8s 0.49014 499559 24983.5 1070190
Kd8h 0.49014 499559 24983.5 1070190
6c5c 0.490081 501132 23347.5 1070190
Ks8h 0.48943 498870 24913 1070190
Ks8s 0.48943 498870 24913 1070190
Kh8h 0.48943 498870 24913 1070190
Kh8s 0.48943 498870 24913 1070190
Kd4d 0.489363 494478 29233 1070190
Kd4c 0.487997 491969 30280.5 1070190
Ks4c 0.487367 491390 30185 1070190
Kh4c 0.487367 491390 30185 1070190
Kd3d 0.487318 492252 29271 1070190
6c4c 0.487189 497573 23812 1070190
Qc9d 0.486298 495505 24926.5 1070190
6c3c 0.485549 495800 23830 1070190
Qc9h 0.485511 494692 24896.5 1070190
Qc9s 0.485511 494692 24896.5 1070190
Kd3c 0.484639 488345 30310.5 1070190
Ks3c 0.484008 487766 30215 1070190
Kh3c 0.484008 487766 30215 1070190
Qd9c 0.483661 492895 24714.5 1070190
5c4c 0.48314 494725 22327 1070190
Qs9c 0.482924 492163 24657.5 1070190
Qh9c 0.482924 492163 24657.5 1070190
Ks7d 0.481799 488835 26781.5 1070190
Kh7d 0.481799 488835 26781.5 1070190
Kd7s 0.481653 488627 26833.5 1070190
Kd7h 0.481653 488627 26833.5 1070190
5c3c 0.4815 492952 22345 1070190
Kh7h 0.480972 487976 26755 1070190
Kh7s 0.480972 487976 26755 1070190
Ks7h 0.480972 487976 26755 1070190
Ks7s 0.480972 487976 26755 1070190
Qd9d 0.479028 489038 23613.5 1070190
Kh6d 0.474707 479586 28441 1070190
Ks6d 0.474707 479586 28441 1070190
Kd6h 0.474538 479345 28500.5 1070190
Kd6s 0.474538 479345 28500.5 1070190
Ks6s 0.47388 478727 28414.5 1070190
Ks6h 0.47388 478727 28414.5 1070190
Kh6s 0.47388 478727 28414.5 1070190
Kh6h 0.47388 478727 28414.5 1070190
4c3c 0.473048 485838 20413.5 1070190
Qc8d 0.469647 475827 26785 1070190
QsTd 0.469584 479561 22983 1070190
QhTd 0.469584 479561 22983 1070190
QdTs 0.469569 479524 23004 1070190
QdTh 0.469569 479524 23004 1070190
Qc8h 0.468857 475011 26755 1070190
Qc8s 0.468857 475011 26755 1070190
Kh5d 0.468801 471967 29739 1070190
Ks5d 0.468801 471967 29739 1070190
QsTh 0.4688 478752 22953 1070190
QhTs 0.4688 478752 22953 1070190
QhTh 0.4688 478752 22953 1070190
QsTs 0.4688 478752 22953 1070190
Kd5h 0.468618 471706 29804.5 1070190
Kd5s 0.468618 471706 29804.5 1070190
Kh5s 0.467978 471113 29712.5 1070190
Kh5h 0.467978 471113 29712.5 1070190
Ks5s 0.467978 471113 29712.5 1070190
Ks5h 0.467978 471113 29712.5 1070190
Qd8c 0.46575 471941 26499.5 1070190
Qh8c 0.465044 471250 26435 1070190
Qs8c 0.465044 471250 26435 1070190
Kh4d 0.464739 466863 30496.5 1070190
Ks4d 0.464739 466863 30496.5 1070190
Kd4s 0.464547 466588 30565.5 1070190
Kd4h 0.464547 466588 30565.5 1070190
Kh4h 0.463917 466009 30470 1070190
Kh4s 0.463917 466009 30470 1070190
Ks4s 0.463917 466009 30470 1070190
Ks4h 0.463917 466009 30470 1070190
Qd8d 0.462792 469899 25376.5 1070190
Kh3d 0.462695 464637 30534.5 1070190
Ks3d 0.462695 464637 30534.5 1070190
Kd3h 0.462502 464362 30603.5 1070190
Kd3s 0.462502 464362 30603.5 1070190
Ks3s 0.461872 463783 30508 1070190
Ks3h 0.461872 463783 30508 1070190
Kh3h 0.461872 463783 30508 1070190
Kh3s 0.461872 463783 30508 1070190
Qs9d 0.453702 460894 24653 1070190
Qh9d 0.453702 460894 24653 1070190
Qd9h 0.453651 460813 24680 1070190
Qd9s 0.453651 460813 24680 1070190
Qs9h 0.452914 460081 24623 1070190
Qh9h 0.452914 460081 24623 1070190
Qh9s 0.452914 460081 24623 1070190
Qs9s 0.452914 460081 24623 1070190
Qc7d 0.451936 454662 28995 1070190
Qc7s 0.451144 453845 28965 1070190
Qc7h 0.451144 453845 28965 1070190
Qd7c 0.446774 449504 28629.5 1070190
Qh7c 0.446099 448856 28555 1070190
Qs7c 0.446099 448856 28555 1070190
Qd7d 0.445515 449319 27466.5 1070190
Qc6d 0.444923 445491 30661.5 1070190
Qc6h 0.444132 444674 30631.5 1070190
Qc6s 0.444132 444674 30631.5 1070190
Tc9d 0.441454 446222 26218 1070190
Tc9s 0.440697 445445 26185 1070190
Tc9h 0.440697 445445 26185 1070190
Td9c 0.44022 445051 26068 1070190
Th9c 0.439486 444320 26014 1070190
Ts9c 0.439486 444320 26014 1070190
Qc5d 0.439116 437974 31963.5 1070190
Qd6d 0.43868 440427 29043.5 1070190
Qd6c 0.43844 438980 30234.5 1070190
Qc5s 0.438329 437162 31933.5 1070190
Qc5h 0.438329 437162 31933.5 1070190
Qh6c 0.437789 438365 30152.5 1070190
Qs6c 0.437789 438365 30152.5 1070190
Td9d 0.43682 442647 24833.5 1070190
Qh8d 0.436639 440788 26498.5 1070190
Qs8d 0.436639 440788 26498.5 1070190
Qd8s 0.436554 440663 26533 1070190
Qd8h 0.436554 440663 26533 1070190
Qh8h 0.435848 439972 26468.5 1070190
Qh8s 0.435848 439972 26468.5 1070190
Qs8h 0.435848 439972 26468.5 1070190
Qs8s 0.435848 439972 26468.5 1070190
Qc4d 0.435151 432972 32722 1070190
Qc4s 0.434364 432160 32692 1070190
Qc4h 0.434364 432160 32692 1070190
Qc3d 0.433211 430860 32758 1070190
Qd5d 0.432949 433062 30275.5 1070190
Qc3s 0.432424 430048 32728 1070190
Qc3h 0.432424 430048 32728 1070190
Qd5c 0.43123 430010 31488.5 1070190
Qh5c 0.430597 429420 31400.5 1070190
Qs5c 0.430597 429420 31400.5 1070190
Qd4d 0.428995 428112 30994.5 1070190
Qd3d 0.426951 425886 31032.5 1070190
Qd4c 0.425887 423562 32217.5 1070190
Qh4c 0.425263 422986 32126 1070190
Qs4c 0.425263 422986 32126 1070190
Tc8d 0.424804 426544 28076.5 1070190
Tc8s 0.424044 425764 28043.5 1070190
Tc8h 0.424044 425764 28043.5 1070190
Qd3c 0.422528 419938 32247.5 1070190
Td8c 0.422308 424097 27853 1070190
Qh3c 0.421905 419362 32156 1070190
Qs3c 0.421905 419362 32156 1070190
Ts8c 0.421606 423407 27791.5 1070190
Th8c 0.421606 423407 27791.5 1070190
Td8d 0.420584 423508 26596.5 1070190
Qh7d 0.418453 419126 28698.5 1070190
Qs7d 0.418453 419126 28698.5 1070190
Qd7s 0.418337 418957 28743 1070190
Qd7h 0.418337 418957 28743 1070190
Qh7s 0.417662 418309 28668.5 1070190
Qs7h 0.417662 418309 28668.5 1070190
Qs7s 0.417662 418309 28668.5 1070190
Qh7h 0.417662 418309 28668.5 1070190
Qs6d 0.411362 409877 30358 1070190
Qh6d 0.411362 409877 30358 1070190
Qd6h 0.411221 409675 30410 1070190
Qd6s 0.411221 409675 30410 1070190
Qs6h 0.41057 409060 30328 1070190
Qs6s 0.41057 409060 30328 1070190
Qh6h 0.41057 409060 30328 1070190
Qh6s 0.41057 409060 30328 1070190
Th9d 0.409605 412367 25988.5 1070190
Ts9d 0.409605 412367 25988.5 1070190
Td9s 0.409582 412321 26009.5 1070190
Td9h 0.409582 412321 26009.5 1070190
Ts9h 0.408848 411590 25955.5 1070190
Ts9s 0.408848 411590 25955.5 1070190
Th9s 0.408848 411590 25955.5 1070190
Th9h 0.408848 411590 25955.5 1070190
Tc7d 0.407422 406090 29928.5 1070190
Tc7s 0.40666 405308 29895.5 1070190
Tc7h 0.40666 405308 29895.5 1070190
Qs5d 0.405455 402258 31656 1070190
Qh5d 0.405455 402258 31656 1070190
Qd5s 0.405302 402036 31714 1070190
Qd5h 0.405302 402036 31714 1070190
Qh5s 0.404668 401446 31626 1070190
Qh5h 0.404668 401446 31626 1070190
Qs5h 0.404668 401446 31626 1070190
Qs5s 0.404668 401446 31626 1070190
Td7c 0.403663 402361 29635 1070190
Td7d 0.40362 403600 28350.5 1070190
Ts7c 0.402991 401711 29565.5 1070190
Th7c 0.402991 401711 29565.5 1070190
Qh4d 0.401394 397154 32413.5 1070190
Qs4d 0.401394 397154 32413.5 1070190
Qd4h 0.401231 396918 32475 1070190
Qd4s 0.401231 396918 32475 1070190
Qh4h 0.400607 396342 32383.5 1070190
Qh4s 0.400607 396342 32383.5 1070190
Qs4s 0.400607 396342 32383.5 1070190
Qs4h 0.400607 396342 32383.5 1070190
Qh3d 0.399349 394928 32451.5 1070190
Qs3d 0.399349 394928 32451.5 1070190
Qd3h 0.399186 394692 32513 1070190
Qd3s 0.399186 394692 32513 1070190
Qh3h 0.398562 394116 32421.5 1070190
Qs3s 0.398562 394116 32421.5 1070190
Qs3h 0.398562 394116 32421.5 1070190
Qh3s 0.398562 394116 32421.5 1070190
Th8d 0.392542 392261 27834 1070190
Ts8d 0.392542 392261 27834 1070190
Td8s 0.392485 392171 27862.5 1070190
Td8h 0.392485 392171 27862.5 1070190
Th8h 0.391783 391481 27801 1070190
Ts8s 0.391783 391481 27801 1070190
Ts8h 0.391783 391481 27801 1070190
Th8s 0.391783 391481 27801 1070190
Tc6d 0.390116 385635 31863.5 1070190
Tc6h 0.389359 384858 31830.5 1070190
Tc6s 0.389359 384858 31830.5 1070190
Td6d 0.386676 383637 30179.5 1070190
Td6c 0.385029 380553 31501 1070190
Ts6c 0.384384 379941 31422.5 1070190
Th6c 0.384384 379941 31422.5 1070190
Tc5d 0.384309 378118 33165.5 1070190
Tc5h 0.383557 377346 33132.5 1070190
Tc5s 0.383557 377346 33132.5 1070190
Td5d 0.380945 376272 31411.5 1070190
Tc4d 0.380344 373116 33924 1070190
Tc4s 0.379591 372344 33891 1070190
Tc4h 0.379591 372344 33891 1070190
Tc3d 0.378404 371004 33960 1070190
9c8d 0.378208 376139 28615.5 1070190
Td5c 0.377819 371583 32755 1070190
Tc3s 0.377652 370232 33927 1070190
Tc3h 0.377652 370232 33927 1070190
9c8h 0.377482 375397 28580 1070190
9c8s 0.377482 375397 28580 1070190
Ts5c 0.377191 370996 32670.5 1070190
Th5c 0.377191 370996 32670.5 1070190
9d8c 0.377012 375021 28453 1070190
Td4d 0.376991 371322 32130.5 1070190
9d8d 0.376483 375799 27109.5 1070190
9h8c 0.37631 374328 28395 1070190
9s8c 0.37631 374328 28395 1070190
Td3d 0.374947 369096 32168.5 1070190
Ts7d 0.374692 371316 29676 1070190
Th7d 0.374692 371316 29676 1070190
Td7h 0.374603 371184 29712.5 1070190
Td7s 0.374603 371184 29712.5 1070190
Ts7h 0.373931 370534 29643 1070190
Th7h 0.373931 370534 29643 1070190
Th7s 0.373931 370534 29643 1070190
Ts7s 0.373931 370534 29643 1070190
Td4c 0.372475 365135 33484 1070190
Th4c 0.371857 364562 33396 1070190
Ts4c 0.371857 364562 33396 1070190
Td3c 0.369117 361511 33514 1070190
Th3c 0.368499 360938 33426 1070190
Ts3c 0.368499 360938 33426 1070190
9c7d 0.361044 355918 30467.5 1070190
9c7s 0.360315 355174 30432 1070190
9c7h 0.360315 355174 30432 1070190
9d7d 0.359733 356119 28863.5 1070190
9d7c 0.358584 353518 30235 1070190
9s7c 0.357912 352865 30169 1070190
9h7c 0.357912 352865 30169 1070190
Ts6d 0.35688 350325 31604 1070190
Th6d 0.35688 350325 31604 1070190
Td6h 0.356768 350160 31649.5 1070190
Td6s 0.356768 350160 31649.5 1070190
Ts6s 0.356123 349548 31571 1070190
Ts6h 0.356123 349548 31571 1070190
Th6s 0.356123 349548 31571 1070190
Th6h 0.356123 349548 31571 1070190
Ts5d 0.350973 342706 32902 1070190
Th5d 0.350973 342706 32902 1070190
Td5h 0.350848 342521 32953.5 1070190
Td5s 0.350848 342521 32953.5 1070190
Th5h 0.350221 341934 32869 1070190
Th5s 0.350221 341934 32869 1070190
Ts5h 0.350221 341934 32869 1070190
Ts5s 0.350221 341934 32869 1070190
Th4d 0.346912 337602 33659.5 1070190
Ts4d 0.346912 337602 33659.5 1070190
Td4s 0.346777 337403 33714.5 1070190
Td4h 0.346777 337403 33714.5 1070190
9h8d 0.346327 342222 28413.5 1070190
9s8d 0.346327 342222 28413.5 1070190
9d8h 0.346302 342173 28436 1070190
9d8s 0.346302 342173 28436 1070190
Ts4s 0.34616 336830 33626.5 1070190
Ts4h 0.34616 336830 33626.5 1070190
Th4h 0.34616 336830 33626.5 1070190
Th4s 0.34616 336830 33626.5 1070190
9h8s 0.3456 341480 28378 1070190
9h8h 0.3456 341480 28378 1070190
9s8h 0.3456 341480 28378 1070190
9s8s 0.3456 341480 28378 1070190
Ts3d 0.344867 335376 33697.5 1070190
Th3d 0.344867 335376 33697.5 1070190
Td3s 0.344733 335177 33752.5 1070190
Td3h 0.344733 335177 33752.5 1070190
Ts3h 0.344115 334604 33664.5 1070190
Ts3s 0.344115 334604 33664.5 1070190
Th3s 0.344115 334604 33664.5 1070190
Th3h 0.344115 334604 33664.5 1070190
9c6d 0.343738 335463 32402.5 1070190
9c6h 0.343015 334724 32367 1070190
9c6s 0.343015 334724 32367 1070190
9d6d 0.342788 336156 30692.5 1070190
9d6c 0.33995 331710 32101 1070190
9s6c 0.339305 331095 32026 1070190
9h6c 0.339305 331095 32026 1070190
9c5d 0.337931 327946 33704.5 1070190
9c5s 0.337212 327212 33669 1070190
9c5h 0.337212 327212 33669 1070190
9d5d 0.337057 328791 31924.5 1070190
9c4d 0.333966 322944 34463 1070190
9c4s 0.333247 322210 34427.5 1070190
9c4h 0.333247 322210 34427.5 1070190
9d4d 0.333104 323841 32643.5 1070190
9d5c 0.33274 322740 33355 1070190
9h5c 0.332113 322150 33274 1070190
9s5c 0.332113 322150 33274 1070190
9c3d 0.332026 320832 34499 1070190
9c3h 0.331307 320098 34463.5 1070190
9c3s 0.331307 320098 34463.5 1070190
9d3d 0.331059 321615 32681.5 1070190
9h7d 0.328703 321519 30255.5 1070190
9s7d 0.328703 321519 30255.5 1070190
9d7h 0.328646 321428 30286 1070190
9d7s 0.328646 321428 30286 1070190
9h7h 0.327974 320775 30220 1070190
9h7s 0.327974 320775 30220 1070190
9s7s 0.327974 320775 30220 1070190
9s7h 0.327974 320775 30220 1070190
9d4c 0.327396 316292 34084 1070190
9h4c 0.326779 315716 33999.5 1070190
9s4c 0.326779 315716 33999.5 1070190
9d3c 0.324038 312668 34114 1070190
9h3c 0.323421 312092 34029.5 1070190
9s3c 0.323421 312092 34029.5 1070190
8d7d 0.323234 317236 28685.5 1070190
8c7d 0.322306 314657 30272 1070190
8c7h 0.32161 313949 30234.5 1070190
8c7s 0.32161 313949 30234.5 1070190
8d7c 0.321143 313582 30102 1070190
8s7c 0.320473 312926 30040.5 1070190
8h7c 0.320473 312926 30040.5 1070190
9s6d 0.31089 300528 32183.5 1070190
9h6d 0.31089 300528 32183.5 1070190
9d6s 0.310811 300404 32223 1070190
9d6h 0.310811 300404 32223 1070190
9h6s 0.310166 299789 32148 1070190
9h6h 0.310166 299789 32148 1070190
9s6s 0.310166 299789 32148 1070190
9s6h 0.310166 299789 32148 1070190
8d6d 0.306502 297501 30514.5 1070190
8c6d 0.305219 294435 32207 1070190
9h5d 0.304984 292909 33481.5 1070190
9s5d 0.304984 292909 33481.5 1070190
9d5s 0.304892 292765 33527 1070190
9d5h 0.304892 292765 33527 1070190
8c6s 0.304527 293732 32169.5 1070190
8c6h 0.304527 293732 32169.5 1070190
9s5h 0.304265 292175 33446 1070190
9s5s 0.304265 292175 33446 1070190
9h5s 0.304265 292175 33446 1070190
9h5h 0.304265 292175 33446 1070190
8d6c 0.302727 292007 31968 1070190
8h6c 0.302083 291389 31897.5 1070190
8s6c 0.302083 291389 31897.5 1070190
9s4d 0.300922 287805 34239 1070190
9h4d 0.300922 287805 34239 1070190
9d4s 0.30082 287647 34288 1070190
9d4h 0.30082 287647 34288 1070190
8d5d 0.300771 290136 31746.5 1070190
9h4s 0.300203 287071 34203.5 1070190
9h4h 0.300203 287071 34203.5 1070190
9s4h 0.300203 287071 34203.5 1070190
9s4s 0.300203 287071 34203.5 1070190
8c5d 0.299411 286918 33509 1070190
9s3d 0.298878 285579 34277 1070190
9h3d 0.298878 285579 34277 1070190
9d3h 0.298776 285421 34326 1070190
9d3s 0.298776 285421 34326 1070190
8c5s 0.298724 286220 33471.5 1070190
8c5h 0.298724 286220 33471.5 1070190
9s3h 0.298159 284845 34241.5 1070190
9s3s 0.298159 284845 34241.5 1070190
9h3s 0.298159 284845 34241.5 1070190
9h3h 0.298159 284845 34241.5 1070190
8d4d 0.296818 285186 32465.5 1070190
8d5c 0.295517 283037 33222 1070190
8c4d 0.295446 281916 34267.5 1070190
8s5c 0.294891 282444 33145.5 1070190
8h5c 0.294891 282444 33145.5 1070190
8d3d 0.294773 282960 32503.5 1070190
8c4s 0.294759 281218 34230 1070190
8c4h 0.294759 281218 34230 1070190
8c3d 0.293506 279804 34303.5 1070190
8c3s 0.292819 279106 34266 1070190
8c3h 0.292819 279106 34266 1070190
8s7d 0.290504 280797 30097 1070190
8h7d 0.290504 280797 30097 1070190
8d7s 0.290477 280745 30121 1070190
8d7h 0.290477 280745 30121 1070190
8d4c 0.290173 276589 33951 1070190
8h7h 0.289807 280089 30059.5 1070190
8s7h 0.289807 280089 30059.5 1070190
8h7s 0.289807 280089 30059.5 1070190
8s7s 0.289807 280089 30059.5 1070190
8h4c 0.289557 276010 33871 1070190
8s4c 0.289557 276010 33871 1070190
8d3c 0.286814 272965 33981 1070190
8h3c 0.286199 272386 33901 1070190
8s3c 0.286199 272386 33901 1070190
7d6d 0.277335 267153 29648 1070190
7c6d 0.274034 261987 31281.5 1070190
7c6h 0.273372 261318 31242.5 1070190
7c6s 0.273372 261318 31242.5 1070190
8h6d 0.272917 260048 32025 1070190
8s6d 0.272917 260048 32025 1070190
8d6h 0.272868 259963 32058 1070190
8d6s 0.272868 259963 32058 1070190
7d6c 0.272838 260880 31109 1070190
8h6h 0.272225 259345 31987.5 1070190
8h6s 0.272225 259345 31987.5 1070190
8s6h 0.272225 259345 31987.5 1070190
8s6s 0.272225 259345 31987.5 1070190
7s6c 0.272198 260259 31044.5 1070190
7h6c 0.272198 260259 31044.5 1070190
7d5d 0.271604 259788 30880 1070190
7c5d 0.268227 254470 32583.5 1070190
7d4d 0.267651 254838 31599 1070190
7c5h 0.26757 253806 32544.5 1070190
7c5s 0.26757 253806 32544.5 1070190
8h5d 0.267011 252429 33323 1070190
8s5d 0.267011 252429 33323 1070190
8d5s 0.266949 252324 33362 1070190
8d5h 0.266949 252324 33362 1070190
8h5s 0.266323 251731 33285.5 1070190
8h5h 0.266323 251731 33285.5 1070190
8s5h 0.266323 251731 33285.5 1070190
8s5s 0.266323 251731 33285.5 1070190
7d5c 0.265629 251910 32363 1070190
7d3d 0.265606 252612 31637 1070190
7s5c 0.265006 251314 32292.5 1070190
7h5c 0.265006 251314 32292.5 1070190
7c4d 0.264261 249468 33342 1070190
7c4s 0.263605 248804 33303 1070190
7c4h 0.263605 248804 33303 1070190
8s4d 0.262949 247325 34080.5 1070190
8h4d 0.262949 247325 34080.5 1070190
8d4h 0.262878 247206 34123 1070190
8d4s 0.262878 247206 34123 1070190
7c3d 0.262322 247356 33378 1070190
8h4s 0.262262 246627 34043 1070190
8h4h 0.262262 246627 34043 1070190
8s4h 0.262262 246627 34043 1070190
8s4s 0.262262 246627 34043 1070190
6d5d 0.262128 251283 29243.5 1070190
7c3h 0.261665 246692 33339 1070190
7c3s 0.261665 246692 33339 1070190
8h3d 0.260905 245099 34118.5 1070190
8s3d 0.260905 245099 34118.5 1070190
8d3s 0.260833 244980 34161 1070190
8d3h 0.260833 244980 34161 1070190
7d4c 0.260285 245462 33092 1070190
8s3h 0.260217 244401 34081 1070190
8s3s 0.260217 244401 34081 1070190
8h3s 0.260217 244401 34081 1070190
8h3h 0.260217 244401 34081 1070190
7s4c 0.259672 244880 33018 1070190
7h4c 0.259672 244880 33018 1070190
6d4d 0.258174 246333 29962.5 1070190
6c5d 0.257223 244435 30843 1070190
7d3c 0.256926 241838 33122 1070190
6c5s 0.256587 243794 30803 1070190
6c5h 0.256587 243794 30803 1070190
7s3c 0.256313 241256 33048 1070190
7h3c 0.256313 241256 33048 1070190
6d3d 0.25613 244107 30000.5 1070190
6d5c 0.255983 243252 30698 1070190
6h5c 0.255362 242650 30636 1070190
6s5c 0.255362 242650 30636 1070190
5d4d 0.25419 244389 27642.5 1070190
6c4d 0.253258 239433 31601.5 1070190
6c4h 0.252622 238792 31561.5 1070190
6c4s 0.252622 238792 31561.5 1070190
5d3d 0.252145 242163 27680.5 1070190
6c3d 0.251318 237321 31637.5 1070190
6c3s 0.250682 236680 31597.5 1070190
6c3h 0.250682 236680 31597.5 1070190
6d4c 0.250639 236804 31427 1070190
6h4c 0.250028 236216 31361.5 1070190
6s4c 0.250028 236216 31361.5 1070190
5c4d 0.247852 236109 29140 1070190
6d3c 0.24728 233180 31457 1070190
5c4h 0.247236 235490 29099.5 1070190
5c4s 0.247236 235490 29099.5 1070190
6s3c 0.24667 232592 31391.5 1070190
6h3c 0.24667 232592 31391.5 1070190
5d4c 0.24664 234902 29050 1070190
5s4c 0.246037 234311 28995.5 1070190
5h4c 0.246037 234311 28995.5 1070190
5c3d 0.245912 233997 29176 1070190
5c3s 0.245296 233378 29135.5 1070190
5c3h 0.245296 233378 29135.5 1070190
5d3c 0.243282 231278 29080 1070190
5h3c 0.242679 230687 29025.5 1070190
5s3c 0.242679 230687 29025.5 1070190
7h6d 0.242437 228321 31133 1070190
7s6d 0.242437 228321 31133 1070190
7d6s 0.242416 228273 31158.5 1070190
7d6h 0.242416 228273 31158.5 1070190
7s6s 0.241776 227652 31094 1070190
7h6s 0.241776 227652 31094 1070190
7h6h 0.241776 227652 31094 1070190
7s6h 0.241776 227652 31094 1070190
4d3d 0.240856 233082 24679.5 1070190
7s5d 0.236531 220702 32431 1070190
7h5d 0.236531 220702 32431 1070190
7d5h 0.236497 220634 32462.5 1070190
7d5s 0.236497 220634 32462.5 1070190
7h5h 0.235874 220038 32392 1070190
7h5s 0.235874 220038 32392 1070190
7s5h 0.235874 220038 32392 1070190
7s5s 0.235874 220038 32392 1070190
4c3d 0.232986 223341 25998 1070190
7h4d 0.232469 215598 33188.5 1070190
7s4d 0.232469 215598 33188.5 1070190
7d4h 0.232426 215516 33223.5 1070190
7d4s 0.232426 215516 33223.5 1070190
4c3h 0.232396 222750 25957.5 1070190
4c3s 0.232396 222750 25957.5 1070190
7s4s 0.231813 214934 33149.5 1070190
7s4h 0.231813 214934 33149.5 1070190
7h4h 0.231813 214934 33149.5 1070190
7h4s 0.231813 214934 33149.5 1070190
4d3c 0.231716 221982 25998 1070190
4h3c 0.231126 221391 25957.5 1070190
4s3c 0.231126 221391 25957.5 1070190
7h3d 0.230425 213372 33226.5 1070190
7s3d 0.230425 213372 33226.5 1070190
7d3s 0.230381 213290 33261.5 1070190
7d3h 0.230381 213290 33261.5 1070190
7h3h 0.229768 212708 33187.5 1070190
7h3s 0.229768 212708 33187.5 1070190
7s3h 0.229768 212708 33187.5 1070190
7s3s 0.229768 212708 33187.5 1070190
6s5d 0.226962 212172 30720.5 1070190
6h5d 0.226962 212172 30720.5 1070190
6d5s 0.226946 212133 30742.5 1070190
6d5h 0.226946 212133 30742.5 1070190
6s5h 0.226326 211531 30680.5 1070190
6s5s 0.226326 211531 30680.5 1070190
6h5s 0.226326 211531 30680.5 1070190
6h5h 0.226326 211531 30680.5 1070190
6s4d 0.222901 207068 31478 1070190
6h4d 0.222901 207068 31478 1070190
6d4s 0.222875 207015 31503.5 1070190
6d4h 0.222875 207015 31503.5 1070190
6s4h 0.222264 206427 31438 1070190
6h4s 0.222264 206427 31438 1070190
6s4s 0.222264 206427 31438 1070190
6h4h 0.222264 206427 31438 1070190
6h3d 0.220856 204842 31516 1070190
6s3d 0.220856 204842 31516 1070190
6d3s 0.22083 204789 31541.5 1070190
6d3h 0.22083 204789 31541.5 1070190
6h3h 0.22022 204201 31476 1070190
6s3s 0.22022 204201 31476 1070190
6h3s 0.22022 204201 31476 1070190
6s3h 0.22022 204201 31476 1070190
5h4d 0.21911 205446 29043 1070190
5s4d 0.21911 205446 29043 1070190
5d4s 0.219097 205418 29057 1070190
5d4h 0.219097 205418 29057 1070190
5s4h 0.218493 204827 29002.5 1070190
5s4s 0.218493 204827 29002.5 1070190
5h4h 0.218493 204827 29002.5 1070190
5h4s 0.218493 204827 29002.5 1070190
5h3d 0.217065 203220 29081 1070190
5s3d 0.217065 203220 29081 1070190
5d3h 0.217052 203192 29095 1070190
5d3s 0.217052 203192 29095 1070190
5h3h 0.216449 202601 29040.5 1070190
5h3s 0.216449 202601 29040.5 1070190
5s3s 0.216449 202601 29040.5 1070190
5s3h 0.216449 202601 29040.5 1070190
4d3s 0.205344 193831 25926 1070190
4s3d 0.205344 193831 25926 1070190
4h3d 0.205344 193831 25926 1070190
4d3h 0.205344 193831 25926 1070190
4s3s 0.204754 193240 25885.5 1070190
4s3h 0.204754 193240 25885.5 1070190
4h3s 0.204754 193240 25885.5 1070190
4h3h 0.204754 193240 25885.5 1070190
