JhJc 0.953802 1020685 64.5 1070190
JsJc 0.953802 1020685 64.5 1070190
AsAd 0.944689 1010997 0 1070190
AhAd 0.944689 1010997 0 1070190
AsAh 0.944314 1010595 0 1070190
JsJh 0.938294 1004088 64.5 1070190
AdJc 0.92984 992590 2516 1070190
AhJc 0.929381 992098 2516 1070190
AsJc 0.929381 992098 2516 1070190
2h2d 0.928517 993570 120 1070190
2s2d 0.928517 993570 120 1070190
2s2h 0.928145 993171 120 1070190
AdJs 0.913441 974994 2561 1070190
AdJh 0.913441 974994 2561 1070190
AsJs 0.912981 974502 2561 1070190
AhJh 0.912981 974502 2561 1070190
AsJh 0.912981 974502 2561 1070190
AhJs 0.912981 974502 2561 1070190
Ad2d 0.89416 950538 6383 1070190
Ad2s 0.889694 945669 6473 1070190
Ad2h 0.889694 945669 6473 1070190
As2d 0.889692 945666 6473 1070190
Ah2d 0.889692 945666 6473 1070190
As2h 0.88934 945312 6450.5 1070190
As2s 0.88934 945312 6450.5 1070190
Ah2s 0.88934 945312 6450.5 1070190
Ah2h 0.88934 945312 6450.5 1070190
AdKc 0.883301 941075 4224.5 1070190
AhKc 0.882522 940264 4202 1070190
AsKc 0.882522 940264 4202 1070190
Jc2d 0.879664 934468 6939.5 1070190
Jc2s 0.879249 934024 6939.5 1070190
Jc2h 0.879249 934024 6939.5 1070190
AdQc 0.875917 932404 4993.5 1070190
AsQc 0.875175 931637 4967 1070190
AhQc 0.875175 931637 4967 1070190
KcJc 0.869554 923840 6748.5 1070190
AdKd 0.864386 920930 4127.5 1070190
QcJc 0.863105 916527 7159.5 1070190
AdTc 0.862972 913812 9731.5 1070190
Jh2d 0.862301 916044 6782 1070190
Js2d 0.862301 916044 6782 1070190
AsTc 0.862286 913129 9680.5 1070190
AhTc 0.862286 913129 9680.5 1070190
Js2s 0.861886 915600 6782 1070190
Js2h 0.861886 915600 6782 1070190
Jh2s 0.861886 915600 6782 1070190
Jh2h 0.861886 915600 6782 1070190
AdQd 0.858582 913954 4891.5 1070190
AsKd 0.857684 913561 4324 1070190
AhKd 0.857684 913561 4324 1070190
AdKs 0.857659 913538 4320 1070190
AdKh 0.857659 913538 4320 1070190
AsKh 0.85688 912727 4297.5 1070190
AsKs 0.85688 912727 4297.5 1070190
AhKh 0.85688 912727 4297.5 1070190
AhKs 0.85688 912727 4297.5 1070190
AsQd 0.85165 906311 5116 1070190
AhQd 0.85165 906311 5116 1070190
AdQs 0.851593 906250 5116 1070190
AdQh 0.851593 906250 5116 1070190
Ad9c 0.851469 900951 10283 1070190
AhQh 0.850851 905483 5089.5 1070190
AsQh 0.850851 905483 5089.5 1070190
AsQs 0.850851 905483 5089.5 1070190
AhQs 0.850851 905483 5089.5 1070190
Ah9c 0.850819 900315 10223 1070190
As9c 0.850819 900315 10223 1070190
AdTd 0.848785 898911 9450.5 1070190
JcTc 0.84876 900848 7486.5 1070190
Ad8c 0.845382 893206 11513 1070190
As8c 0.844762 892610 11445.5 1070190
Ah8c 0.844762 892610 11445.5 1070190
AsTd 0.841509 890728 9846.5 1070190
AhTd 0.841509 890728 9846.5 1070190
Jc9c 0.841449 892619 7891.5 1070190
AdTh 0.841402 890589 9871 1070190
AdTs 0.841402 890589 9871 1070190
AsTh 0.840716 889906 9820 1070190
AsTs 0.840716 889906 9820 1070190
AhTs 0.840716 889906 9820 1070190
AhTh 0.840716 889906 9820 1070190
Ad7c 0.839491 885672 12743 1070190
As7c 0.838899 885114 12667.5 1070190
Ah7c 0.838899 885114 12667.5 1070190
Ad9d 0.838588 887388 10061 1070190
Jc8c 0.838388 888545 8689.5 1070190
Ad5c 0.836485 879646 15552 1070190
Ah5c 0.835925 879136 15463 1070190
As5c 0.835925 879136 15463 1070190
Jc7c 0.835529 884699 9475.5 1070190
Jc5c 0.835156 882557 11219 1070190
Ad6c 0.8343 879006 13853 1070190
Jc4c 0.834114 881123 11537 1070190
Jc3c 0.833912 880889 11555 1070190
Ad8d 0.833882 881114 11298 1070190
As6c 0.833731 878481 13770 1070190
Ah6c 0.833731 878481 13770 1070190
Ad4c 0.833639 876090 16062 1070190
Jc6c 0.833107 881405 10177.5 1070190
Ah4c 0.833089 875594 15969.5 1070190
As4c 0.833089 875594 15969.5 1070190
Ad3c 0.832164 874482 16092 1070190
As3c 0.831614 873986 15999.5 1070190
Ah3c 0.831614 873986 15999.5 1070190
Ah9d 0.830497 878331 10458.5 1070190
As9d 0.830497 878331 10458.5 1070190
Ad9s 0.830316 878100 10496 1070190
Ad9h 0.830316 878100 10496 1070190
Ah9s 0.829666 877464 10436 1070190
As9s 0.829666 877464 10436 1070190
Ah9h 0.829666 877464 10436 1070190
As9h 0.829666 877464 10436 1070190
Ad7d 0.82933 875010 12531 1070190
Ad5d 0.828612 871477 15295.5 1070190
Ad4d 0.827043 869285 15808.5 1070190
Ad3d 0.826809 868997 15845.5 1070190
Ah8d 0.825583 871783 11748 1070190
As8d 0.825583 871783 11748 1070190
Ad6d 0.825452 869748 13642 1070190
Ad8h 0.825372 871512 11793 1070190
Ad8s 0.825372 871512 11793 1070190
As8h 0.824752 870916 11725.5 1070190
Ah8h 0.824752 870916 11725.5 1070190
As8s 0.824752 870916 11725.5 1070190
Ah8s 0.824752 870916 11725.5 1070190
Ah7d 0.820791 865365 13037 1070190
As7d 0.820791 865365 13037 1070190
Ad7s 0.820546 865050 13090 1070190
Ad7h 0.820546 865050 13090 1070190
Ah5d 0.82037 862000 15951.5 1070190
As5d 0.82037 862000 15951.5 1070190
Ad5h 0.820127 861677 16014.5 1070190
Ad5s 0.820127 861677 16014.5 1070190
As7h 0.819954 864492 13014.5 1070190
As7s 0.819954 864492 13014.5 1070190
Ah7s 0.819954 864492 13014.5 1070190
Ah7h 0.819954 864492 13014.5 1070190
Ah5h 0.819567 861167 15925.5 1070190
As5s 0.819567 861167 15925.5 1070190
Ah5s 0.819567 861167 15925.5 1070190
As5h 0.819567 861167 15925.5 1070190
Ah4d 0.818732 859710 16489 1070190
As4d 0.818732 859710 16489 1070190
Ah3d 0.818498 859422 16526 1070190
As3d 0.818498 859422 16526 1070190
Ad4s 0.818479 859373 16555.5 1070190
Ad4h 0.818479 859373 16555.5 1070190
Ad3h 0.818245 859085 16592.5 1070190
Ad3s 0.818245 859085 16592.5 1070190
As4h 0.81793 858877 16463 1070190
As4s 0.81793 858877 16463 1070190
Ah4h 0.81793 858877 16463 1070190
Ah4s 0.81793 858877 16463 1070190
As3s 0.817695 858589 16500 1070190
As3h 0.817695 858589 16500 1070190
Ah3h 0.817695 858589 16500 1070190
Ah3s 0.817695 858589 16500 1070190
As6d 0.8167 859824 14200.5 1070190
Ah6d 0.8167 859824 14200.5 1070190
Ad6s 0.816426 859470 14261 1070190
Ad6h 0.816426 859470 14261 1070190
Ah6s 0.815858 858945 14178 1070190
Ah6h 0.815858 858945 14178 1070190
As6h 0.815858 858945 14178 1070190
As6s 0.815858 858945 14178 1070190
KdKc 0.79984 854863 1117.5 1070190
KsKc 0.799089 854064 1113 1070190
KhKc 0.799089 854064 1113 1070190
KcJh 0.792181 838115 9669 1070190
KcJs 0.792181 838115 9669 1070190
KdJc 0.790412 836030 9861 1070190
KhJc 0.789597 835162 9856.5 1070190
KsJc 0.789597 835162 9856.5 1070190
QcJh 0.786065 831054 10185 1070190
QcJs 0.786065 831054 10185 1070190
QdJc 0.785603 830335 10409 1070190
QsJc 0.784793 829473 10404.5 1070190
QhJc 0.784793 829473 10404.5 1070190
QdQc 0.781942 835709 1117.5 1070190
QsQc 0.781197 834916 1113 1070190
QhQc 0.781197 834916 1113 1070190
KhKd 0.771466 824507 1108 1070190
KsKd 0.771466 824507 1108 1070190
KsKh 0.770715 823708 1103.5 1070190
JcTd 0.768094 811149 10857 1070190
JcTh 0.767289 810293 10852.5 1070190
JcTs 0.767289 810293 10852.5 1070190
JsTc 0.765814 808962 10605 1070190
JhTc 0.765814 808962 10605 1070190
KdJs 0.765485 809657 9557 1070190
KdJh 0.765485 809657 9557 1070190
KhJs 0.764669 808789 9552.5 1070190
KhJh 0.764669 808789 9552.5 1070190
KsJh 0.764669 808789 9552.5 1070190
KsJs 0.764669 808789 9552.5 1070190
QdJs 0.760801 804117 10085 1070190
QdJh 0.760801 804117 10085 1070190
QsJh 0.759992 803255 10080.5 1070190
QsJs 0.759992 803255 10080.5 1070190
QhJh 0.759992 803255 10080.5 1070190
QhJs 0.759992 803255 10080.5 1070190
Jc9d 0.754865 796390 11458.5 1070190
QsQd 0.754532 806385 1108 1070190
QhQd 0.754532 806385 1108 1070190
Jc9h 0.754021 795487 11458.5 1070190
Jc9s 0.754021 795487 11458.5 1070190
QsQh 0.753787 805592 1103.5 1070190
Jh9c 0.751969 793641 11109 1070190
Js9c 0.751969 793641 11109 1070190
Jc8d 0.750093 790028 12714.5 1070190
Jc8s 0.74925 789125 12714.5 1070190
Jc8h 0.74925 789125 12714.5 1070190
KcQc 0.746625 791269 7761.5 1070190
Js8c 0.746058 786124 12300 1070190
Jh8c 0.746058 786124 12300 1070190
Jc5d 0.746003 781575 16790 1070190
Jc7d 0.745443 783799 13966.5 1070190
Jc5s 0.745188 780707 16786 1070190
Jc5h 0.745188 780707 16786 1070190
Jc7h 0.744593 782890 13966.5 1070190
Jc7s 0.744593 782890 13966.5 1070190
Jc4d 0.744416 779357 17310 1070190
Jc3d 0.744187 779075 17346 1070190
Jc4h 0.743602 778489 17306 1070190
Jc4s 0.743602 778489 17306 1070190
Jc3h 0.743372 778207 17342 1070190
Jc3s 0.743372 778207 17342 1070190
JsTd 0.742933 784574 10505 1070190
JhTd 0.742933 784574 10505 1070190
JhTh 0.742129 783718 10500.5 1070190
JhTs 0.742129 783718 10500.5 1070190
JsTs 0.742129 783718 10500.5 1070190
JsTh 0.742129 783718 10500.5 1070190
Jc6d 0.741476 778426 15094.5 1070190
Jc6s 0.740621 777511 15094.5 1070190
Jc6h 0.740621 777511 15094.5 1070190
Jh7c 0.74033 778806 13488 1070190
Js7c 0.74033 778806 13488 1070190
Jh5c 0.738481 774088 16227.5 1070190
Js5c 0.738481 774088 16227.5 1070190
Jh4c 0.735689 770604 16722.5 1070190
Js4c 0.735689 770604 16722.5 1070190
Jh6c 0.735276 772326 14559 1070190
Js6c 0.735276 772326 14559 1070190
Jh3c 0.734208 768984 16758.5 1070190
Js3c 0.734208 768984 16758.5 1070190
KcTc 0.730365 770391 11238.5 1070190
Js9d 0.729562 769737 11032.5 1070190
Jh9d 0.729562 769737 11032.5 1070190
Js9s 0.728718 768834 11032.5 1070190
Js9h 0.728718 768834 11032.5 1070190
Jh9h 0.728718 768834 11032.5 1070190
Jh9s 0.728718 768834 11032.5 1070190
Jh8d 0.724918 763545 12255 1070190
Js8d 0.724918 763545 12255 1070190
Jh8h 0.724074 762642 12255 1070190
Js8s 0.724074 762642 12255 1070190
Js8h 0.724074 762642 12255 1070190
Jh8s 0.724074 762642 12255 1070190
Js5d 0.721262 755609 16278.5 1070190
Jh5d 0.721262 755609 16278.5 1070190
Js5h 0.720447 754741 16274.5 1070190
Js5s 0.720447 754741 16274.5 1070190
Jh5h 0.720447 754741 16274.5 1070190
Jh5s 0.720447 754741 16274.5 1070190
Jh7d 0.720373 757461 13474.5 1070190
Js7d 0.720373 757461 13474.5 1070190
Jh4d 0.719713 753443 16787 1070190
Js4d 0.719713 753443 16787 1070190
Jh7s 0.719523 756552 13474.5 1070190
Jh7h 0.719523 756552 13474.5 1070190
Js7s 0.719523 756552 13474.5 1070190
Js7h 0.719523 756552 13474.5 1070190
Js3d 0.719485 753161 16824.5 1070190
Jh3d 0.719485 753161 16824.5 1070190
Jh4h 0.718899 752575 16783 1070190
Js4h 0.718899 752575 16783 1070190
Jh4s 0.718899 752575 16783 1070190
Js4s 0.718899 752575 16783 1070190
Js3h 0.71867 752293 16820.5 1070190
Js3s 0.71867 752293 16820.5 1070190
Jh3s 0.71867 752293 16820.5 1070190
Jh3h 0.71867 752293 16820.5 1070190
Js6d 0.716491 752208 14574 1070190
Jh6d 0.716491 752208 14574 1070190
Jh6s 0.715636 751293 14574 1070190
Jh6h 0.715636 751293 14574 1070190
Js6h 0.715636 751293 14574 1070190
Js6s 0.715636 751293 14574 1070190
QcTc 0.694572 732199 11125 1070190
TdTc 0.688151 735056 1396.5 1070190
ThTc 0.687412 734269 1392 1070190
TsTc 0.687412 734269 1392 1070190
Kc9c 0.676648 711530 12611.5 1070190
Kc8c 0.671119 704451 13774 1070190
Kc7c 0.665975 697802 14918 1070190
Kc5c 0.664013 693415 17205 1070190
ThTd 0.661995 707084 1376.5 1070190
TsTd 0.661995 707084 1376.5 1070190
Kc4c 0.661643 690432 17651.5 1070190
Kc6c 0.661449 691940 15936.5 1070190
TsTh 0.661255 706297 1372 1070190
Kc3c 0.660524 689235 17651.5 1070190
9d9c 0.65684 702228 715.5 1070190
9s9c 0.656063 701397 715.5 1070190
9h9c 0.656063 701397 715.5 1070190
Qc9c 0.640357 672806 12498 1070190
8d8c 0.636814 680833 679.5 1070190
8h8c 0.636038 680002 679.5 1070190
8s8c 0.636038 680002 679.5 1070190
Qc8c 0.635079 666262 13393 1070190
9h9d 0.630526 674076 706.5 1070190
9s9d 0.630526 674076 706.5 1070190
9s9h 0.629749 673245 706.5 1070190
Qc7c 0.623962 653007 14751 1070190
Qc5c 0.622405 649054 17038 1070190
Qc4c 0.620035 646071 17484.5 1070190
Qc6c 0.619436 647145 15769.5 1070190
Qc3c 0.618917 644874 17484.5 1070190
7d7c 0.61633 658947 643.5 1070190
7s7c 0.615548 658110 643.5 1070190
7h7c 0.615548 658110 643.5 1070190
KcQd 0.611625 643709 10846 1070190
8h8d 0.611227 653457 672 1070190
8s8d 0.611227 653457 672 1070190
KcQs 0.610891 642955 10814.5 1070190
KcQh 0.610891 642955 10814.5 1070190
8s8h 0.61045 652626 672 1070190
KdQc 0.610104 642097 10830 1070190
KhQc 0.609371 641348 10794.5 1070190
KsQc 0.609371 641348 10794.5 1070190
Kc2d 0.60427 636465 10218.5 1070190
Kc2h 0.6035 635664 10196 1070190
Kc2s 0.6035 635664 10196 1070190
KdQd 0.597958 629459 10470 1070190
Qc2d 0.596837 628052 10676.5 1070190
Qc2h 0.596104 627295 10650 1070190
Qc2s 0.596104 627295 10650 1070190
6d6c 0.596004 637230 607.5 1070190
6s6c 0.595216 636387 607.5 1070190
6h6c 0.595216 636387 607.5 1070190
Tc9c 0.593674 618107 17237 1070190
7s7d 0.591359 632229 637.5 1070190
7h7d 0.591359 632229 637.5 1070190
7s7h 0.590577 631392 637.5 1070190
Kd2d 0.590411 621546 10306 1070190
KcTd 0.590229 615822 15835 1070190
KcTh 0.5895 615074 15803.5 1070190
KcTs 0.5895 615074 15803.5 1070190
Tc8c 0.588396 611563 18132 1070190
5d5c 0.587297 627363 1156.5 1070190
5s5c 0.586548 626565 1152.5 1070190
5h5c 0.586548 626565 1152.5 1070190
KdTc 0.58534 610711 15714 1070190
KhTc 0.584659 610039 15657.5 1070190
KsTc 0.584659 610039 15657.5 1070190
Qd2d 0.584428 614716 10733.5 1070190
Tc2d 0.57892 600805 18749 1070190
Tc2s 0.578282 600216 18656 1070190
Tc2h 0.578282 600216 18656 1070190
KhQd 0.578221 608090 10716.5 1070190
KsQd 0.578221 608090 10716.5 1070190
KdQh 0.57822 608085 10720.5 1070190
KdQs 0.57822 608085 10720.5 1070190
KsQh 0.577487 607336 10685 1070190
KsQs 0.577487 607336 10685 1070190
KhQs 0.577487 607336 10685 1070190
KhQh 0.577487 607336 10685 1070190
Tc7c 0.577479 598736 19276 1070190
KdTd 0.577032 602432 15102 1070190
6h6d 0.571623 611142 603 1070190
6s6d 0.571623 611142 603 1070190
6s6h 0.570835 610299 603 1070190
Tc5c 0.569706 587970 21723.5 1070190
Td2d 0.569687 591146 18527.5 1070190
4d4c 0.569142 607970 1120.5 1070190
Ks2d 0.568422 597821 10498.5 1070190
Kh2d 0.568422 597821 10498.5 1070190
Kd2s 0.568414 597809 10502.5 1070190
Kd2h 0.568414 597809 10502.5 1070190
4s4c 0.568393 607172 1116.5 1070190
4h4c 0.568393 607172 1116.5 1070190
Kh2s 0.567652 597020 10476 1070190
Kh2h 0.567652 597020 10476 1070190
Ks2s 0.567652 597020 10476 1070190
Ks2h 0.567652 597020 10476 1070190
Tc4c 0.567336 584987 22170 1070190
Tc6c 0.566429 585732 20455 1070190
Tc3c 0.566217 583790 22170 1070190
9c2d 0.564341 584016 19936.5 1070190
5h5d 0.564005 602447 1145.5 1070190
5s5d 0.564005 602447 1145.5 1070190
9c2s 0.563736 583479 19825.5 1070190
9c2h 0.563736 583479 19825.5 1070190
5s5h 0.563256 601649 1141.5 1070190
Qd2s 0.56241 590928 10958 1070190
Qd2h 0.56241 590928 10958 1070190
Qs2d 0.562386 590902 10958 1070190
Qh2d 0.562386 590902 10958 1070190
Qs2s 0.561654 590145 10931.5 1070190
Qh2h 0.561654 590145 10931.5 1070190
Qh2s 0.561654 590145 10931.5 1070190
Qs2h 0.561654 590145 10931.5 1070190
5c2d 0.560479 576869 22949.5 1070190
5c2h 0.559901 576382 22818.5 1070190
5c2s 0.559901 576382 22818.5 1070190
8c2d 0.559731 577936 21082.5 1070190
8c2s 0.559144 577429 20961.5 1070190
8c2h 0.559144 577429 20961.5 1070190
4c2d 0.55874 575062 22895.5 1070190
4c2h 0.558162 574575 22764.5 1070190
4c2s 0.558162 574575 22764.5 1070190
3c2d 0.557159 573424 22841.5 1070190
5d2d 0.557135 573575 22665 1070190
KhTd 0.556723 580220 15579.5 1070190
KsTd 0.556723 580220 15579.5 1070190
KdTs 0.556675 580144 15604.5 1070190
KdTh 0.556675 580144 15604.5 1070190
4d2d 0.556645 573103 22612.5 1070190
3c2h 0.556581 572937 22710.5 1070190
3c2s 0.556581 572937 22710.5 1070190
9d2d 0.5564 575721 19732.5 1070190
3d2d 0.556312 572800 22560 1070190
KhTs 0.555995 579472 15548 1070190
KhTh 0.555995 579472 15548 1070190
KsTh 0.555995 579472 15548 1070190
KsTs 0.555995 579472 15548 1070190
7c2d 0.555898 573168 21748.5 1070190
7c2h 0.555322 572679 21621.5 1070190
7c2s 0.555322 572679 21621.5 1070190
9c8c 0.553905 574390 18393.5 1070190
8d2d 0.553073 571033 20860 1070190
6c2d 0.552896 569649 22054.5 1070190
6c2s 0.552326 569169 21924.5 1070190
6c2h 0.552326 569169 21924.5 1070190
3d3c 0.551146 588746 1084.5 1070190
7d2d 0.550489 567612 21515.5 1070190
3s3c 0.550396 587948 1080.5 1070190
3h3c 0.550396 587948 1080.5 1070190
6d2d 0.548724 565422 21817 1070190
Td2s 0.547233 566426 19217.5 1070190
Td2h 0.547233 566426 19217.5 1070190
Ts2d 0.54712 566238 19284 1070190
Th2d 0.54712 566238 19284 1070190
4h4d 0.546534 583784 1111 1070190
4s4d 0.546534 583784 1111 1070190
Ts2h 0.546482 565649 19191 1070190
Th2h 0.546482 565649 19191 1070190
Th2s 0.546482 565649 19191 1070190
Ts2s 0.546482 565649 19191 1070190
4s4h 0.545784 582986 1107 1070190
5c4c 0.545599 563947 19948 1070190
5c3c 0.545112 563425 19948 1070190
9c7c 0.544309 562977 19537.5 1070190
QcTd 0.539994 562205 15691.5 1070190
QcTs 0.539298 561491 15660 1070190
QcTh 0.539298 561491 15660 1070190
4c3c 0.538102 557859 18012 1070190
9c5c 0.536806 552499 21985 1070190
QdTc 0.536425 558504 15572.5 1070190
QhTc 0.535746 557834 15516.5 1070190
QsTc 0.535746 557834 15516.5 1070190
5d2s 0.534679 548593 23615 1070190
5d2h 0.534679 548593 23615 1070190
5s2d 0.534495 548291 23720 1070190
5h2d 0.534495 548291 23720 1070190
9c4c 0.534435 549516 22431.5 1070190
4d2h 0.534215 548149 23562.5 1070190
4d2s 0.534215 548149 23562.5 1070190
4s2d 0.534031 547847 23667.5 1070190
4h2d 0.534031 547847 23667.5 1070190
5s2s 0.533917 547804 23589 1070190
5s2h 0.533917 547804 23589 1070190
5h2s 0.533917 547804 23589 1070190
5h2h 0.533917 547804 23589 1070190
3d2h 0.533883 547846 23510 1070190
3d2s 0.533883 547846 23510 1070190
3h2d 0.533699 547544 23615 1070190
3s2d 0.533699 547544 23615 1070190
4s2s 0.533453 547360 23536.5 1070190
4s2h 0.533453 547360 23536.5 1070190
4h2s 0.533453 547360 23536.5 1070190
4h2h 0.533453 547360 23536.5 1070190
9c6c 0.533394 550116 20716.5 1070190
9c3c 0.533317 548319 22431.5 1070190
3s2s 0.533121 547057 23484 1070190
3s2h 0.533121 547057 23484 1070190
3h2s 0.533121 547057 23484 1070190
3h2h 0.533121 547057 23484 1070190
9d2s 0.533073 550002 20487 1070190
9d2h 0.533073 550002 20487 1070190
9s2d 0.532889 549717 20575.5 1070190
9h2d 0.532889 549717 20575.5 1070190
9h2s 0.532284 549180 20464.5 1070190
9h2h 0.532284 549180 20464.5 1070190
9s2s 0.532284 549180 20464.5 1070190
9s2h 0.532284 549180 20464.5 1070190
8d2s 0.529746 545244 21684.5 1070190
8d2h 0.529746 545244 21684.5 1070190
QdTd 0.529628 551836 14966.5 1070190
8s2d 0.529543 544929 21783 1070190
8h2d 0.529543 544929 21783 1070190
3s3d 0.529194 565262 1076.5 1070190
3h3d 0.529194 565262 1076.5 1070190
8s2h 0.528957 544422 21662 1070190
8s2s 0.528957 544422 21662 1070190
8h2s 0.528957 544422 21662 1070190
8h2h 0.528957 544422 21662 1070190
3s3h 0.528445 564464 1072.5 1070190
7d2h 0.527137 541755 22382 1070190
7d2s 0.527137 541755 22382 1070190
7h2d 0.526918 541416 22486.5 1070190
7s2d 0.526918 541416 22486.5 1070190
7s2s 0.526343 540927 22359.5 1070190
7h2s 0.526343 540927 22359.5 1070190
7s2h 0.526343 540927 22359.5 1070190
7h2h 0.526343 540927 22359.5 1070190
6d2s 0.525361 539532 22704.5 1070190
6d2h 0.525361 539532 22704.5 1070190
6s2d 0.525131 539178 22812 1070190
6h2d 0.525131 539178 22812 1070190
6h2s 0.524561 538698 22682 1070190
6s2h 0.524561 538698 22682 1070190
6s2s 0.524561 538698 22682 1070190
6h2h 0.524561 538698 22682 1070190
8c7c 0.518873 535744 19549 1070190
8c5c 0.51137 525267 21996.5 1070190
8c4c 0.509 522284 22443 1070190
8c6c 0.507957 522883 20728 1070190
8c3c 0.507882 521087 22443 1070190
QhTd 0.50706 527212 15438.5 1070190
QsTd 0.50706 527212 15438.5 1070190
QdTs 0.507042 527168 15463 1070190
QdTh 0.507042 527168 15463 1070190
QsTs 0.506363 526498 15407 1070190
QsTh 0.506363 526498 15407 1070190
QhTs 0.506363 526498 15407 1070190
QhTh 0.506363 526498 15407 1070190
Kc9d 0.505528 522811 18199.5 1070190
Kc9h 0.504794 522049 18177 1070190
Kc9s 0.504794 522049 18177 1070190
Kd9c 0.499597 516722 17941.5 1070190
Kh9c 0.498969 516111 17881 1070190
Ks9c 0.498969 516111 17881 1070190
Kc8d 0.497232 512111 20022 1070190
Kc8s 0.496499 511349 19999.5 1070190
Kc8h 0.496499 511349 19999.5 1070190
Kd9d 0.494111 511499 17293.5 1070190
7c5c 0.491302 504279 21507.5 1070190
Kd8c 0.490013 504711 19696.5 1070190
Ks8c 0.489416 504140 19628.5 1070190
Kh8c 0.489416 504140 19628.5 1070190
Kc7d 0.48934 501849 21838 1070190
7c4c 0.488932 501296 21954 1070190
Kc7s 0.488602 501082 21815.5 1070190
Kc7h 0.488602 501082 21815.5 1070190
Kc5d 0.488323 497075 25523.5 1070190
7c6c 0.488023 502038 20239 1070190
7c3c 0.487813 500099 21954 1070190
Kc5s 0.487617 496345 25497.5 1070190
Kc5h 0.487617 496345 25497.5 1070190
Kd8d 0.486101 501202 19018.5 1070190
Kc4d 0.484966 492760 26246 1070190
Kc4h 0.48426 492030 26220 1070190
Kc4s 0.48426 492030 26220 1070190
Kc3d 0.483635 491335 26246 1070190
Kc3h 0.482928 490605 26220 1070190
Kc3s 0.482928 490605 26220 1070190
Kc6d 0.482415 492807 23468.5 1070190
Kc6s 0.481671 492034 23446 1070190
Kc6h 0.481671 492034 23446 1070190
Kd7c 0.480888 493193 21448.5 1070190
Ks7c 0.480319 492660 21372.5 1070190
Kh7c 0.480319 492660 21372.5 1070190
Kd7d 0.478503 491355 20734.5 1070190
Kd5d 0.477297 486566 24232 1070190
Kd5c 0.477217 485659 25054 1070190
Ks5c 0.476681 485175 24964.5 1070190
Kh5c 0.476681 485175 24964.5 1070190
6c5c 0.476316 489749 20000 1070190
Kd4d 0.473983 482339 24913 1070190
6c4c 0.473946 486766 20446.5 1070190
6c3c 0.472828 485569 20446.5 1070190
Kd6c 0.472722 482879 23023.5 1070190
Kd3d 0.472579 480836 24913 1070190
Kd4c 0.472524 479937 25753 1070190
Kh6c 0.472177 482379 22940 1070190
Ks6c 0.472177 482379 22940 1070190
Ks4c 0.471997 479467 25660 1070190
Kh4c 0.471997 479467 25660 1070190
Kd6d 0.471818 482661 22273.5 1070190
Kd3c 0.469816 477039 25753 1070190
Ks3c 0.46929 476569 25660 1070190
Kh3c 0.46929 476569 25660 1070190
Kh9d 0.469273 484285 17926 1070190
Ks9d 0.469273 484285 17926 1070190
Kd9h 0.469167 484134 17964 1070190
Kd9s 0.469167 484134 17964 1070190
Ks9s 0.46854 483523 17903.5 1070190
Kh9s 0.46854 483523 17903.5 1070190
Kh9h 0.46854 483523 17903.5 1070190
Ks9h 0.46854 483523 17903.5 1070190
Ks8d 0.460935 473555 19733.5 1070190
Kh8d 0.460935 473555 19733.5 1070190
Kd8h 0.460799 473364 19779 1070190
Kd8s 0.460799 473364 19779 1070190
Ks8h 0.460202 472793 19711 1070190
Ks8s 0.460202 472793 19711 1070190
Kh8s 0.460202 472793 19711 1070190
Kh8h 0.460202 472793 19711 1070190
Qc9d 0.454607 468460 18056 1070190
Qc9h 0.453904 467730 18033.5 1070190
Qc9s 0.453904 467730 18033.5 1070190
Ks7d 0.452987 463245 21537.5 1070190
Kh7d 0.452987 463245 21537.5 1070190
Kd7h 0.452819 463011 21591 1070190
Kd7s 0.452819 463011 21591 1070190
Ks7h 0.45225 462478 21515 1070190
Ks7s 0.45225 462478 21515 1070190
Kh7s 0.45225 462478 21515 1070190
Kh7h 0.45225 462478 21515 1070190
Kh5d 0.452209 458712 25237.5 1070190
Ks5d 0.452209 458712 25237.5 1070190
Kd5s 0.452038 458466 25301 1070190
Kd5h 0.452038 458466 25301 1070190
Ks5s 0.451503 457982 25211.5 1070190
Ks5h 0.451503 457982 25211.5 1070190
Kh5h 0.451503 457982 25211.5 1070190
Kh5s 0.451503 457982 25211.5 1070190
Qd9c 0.450108 463901 17800 1070190
Qh9c 0.449484 463293 17740 1070190
Qs9c 0.449484 463293 17740 1070190
Kh4d 0.448788 454331 25957 1070190
Ks4d 0.448788 454331 25957 1070190
Kd4s 0.448607 454071 26024 1070190
Kd4h 0.448607 454071 26024 1070190
Kh4s 0.448081 453601 25931 1070190
Kh4h 0.448081 453601 25931 1070190
Ks4s 0.448081 453601 25931 1070190
Ks4h 0.448081 453601 25931 1070190
Kh3d 0.447383 452828 25957 1070190
Ks3d 0.447383 452828 25957 1070190
Kd3h 0.447203 452568 26024 1070190
Kd3s 0.447203 452568 26024 1070190
Qc8d 0.44673 458655 19431 1070190
Ks3s 0.446677 452098 25931 1070190
Ks3h 0.446677 452098 25931 1070190
Kh3h 0.446677 452098 25931 1070190
Kh3s 0.446677 452098 25931 1070190
Qd9d 0.44607 460222 17158 1070190
Qc8h 0.446027 457925 19408.5 1070190
Qc8s 0.446027 457925 19408.5 1070190
Ks6d 0.445995 454140 23159 1070190
Kh6d 0.445995 454140 23159 1070190
Kd6s 0.445797 453867 23220 1070190
Kd6h 0.445797 453867 23220 1070190
Ks6s 0.445251 453367 23136.5 1070190
Ks6h 0.445251 453367 23136.5 1070190
Kh6s 0.445251 453367 23136.5 1070190
Kh6h 0.445251 453367 23136.5 1070190
Qd8c 0.440931 452760 19120 1070190
Qh8c 0.440335 452187 19055 1070190
Qs8c 0.440335 452187 19055 1070190
Qd8d 0.438453 450765 18463 1070190
Qc7d 0.429052 437562 21605 1070190
Qc5d 0.428633 433428 25290.5 1070190
Qc7s 0.428348 436831 21582.5 1070190
Qc7h 0.428348 436831 21582.5 1070190
Qc5h 0.427959 432733 25264.5 1070190
Qc5s 0.427959 432733 25264.5 1070190
Qc4d 0.425276 429113 26013 1070190
Qc4h 0.424602 428418 25987 1070190
Qc4s 0.424602 428418 25987 1070190
Qc3d 0.423944 427688 26013 1070190
Qc3s 0.423271 426993 25987 1070190
Qc3h 0.423271 426993 25987 1070190
Qc6d 0.422126 428520 23235.5 1070190
Qd7c 0.422015 430416 21220 1070190
Qs7c 0.421449 429886 21145 1070190
Qh7c 0.421449 429886 21145 1070190
Qc6h 0.421417 427783 23213 1070190
Qc6s 0.421417 427783 23213 1070190
Qd7d 0.421256 430309 20515 1070190
Qd5d 0.42063 426142 24012.5 1070190
Qh9d 0.418974 430597 17785 1070190
Qs9d 0.418974 430597 17785 1070190
Qd5c 0.418947 423527 24825.5 1070190
Qd9s 0.418895 430475 17822.5 1070190
Qd9h 0.418895 430475 17822.5 1070190
Qh5c 0.418414 423046 24737 1070190
Qs5c 0.418414 423046 24737 1070190
Qh9h 0.418271 429867 17762.5 1070190
Qh9s 0.418271 429867 17762.5 1070190
Qs9s 0.418271 429867 17762.5 1070190
Qs9h 0.418271 429867 17762.5 1070190
Qd4d 0.417317 421915 24693.5 1070190
Qd3d 0.415913 420412 24693.5 1070190
Qd6d 0.41457 421615 22054 1070190
Qd4c 0.414253 417805 25524.5 1070190
Qd6c 0.413849 420102 22795 1070190
Qh4c 0.413731 417338 25432.5 1070190
Qs4c 0.413731 417338 25432.5 1070190
Qh6c 0.413307 419605 22712.5 1070190
Qs6c 0.413307 419605 22712.5 1070190
Qd3c 0.411545 414907 25524.5 1070190
Qh8d 0.411055 420762 19145 1070190
Qs8d 0.411055 420762 19145 1070190
Qs3c 0.411023 414440 25432.5 1070190
Qh3c 0.411023 414440 25432.5 1070190
Qd8h 0.410948 420605 19187.5 1070190
Qd8s 0.410948 420605 19187.5 1070190
Qh8s 0.410352 420032 19122.5 1070190
Qs8h 0.410352 420032 19122.5 1070190
Qs8s 0.410352 420032 19122.5 1070190
Qh8h 0.410352 420032 19122.5 1070190
Tc9d 0.394245 398398 23519.5 1070190
Tc9s 0.393581 397718 23488 1070190
Tc9h 0.393581 397718 23488 1070190
Td9c 0.393313 397570 23349.5 1070190
Qs7d 0.392898 399168 21307 1070190
Qh7d 0.392898 399168 21307 1070190
Qd7s 0.392759 398967 21359.5 1070190
Qd7h 0.392759 398967 21359.5 1070190
Qh5d 0.39274 395299 25007 1070190
Qs5d 0.39274 395299 25007 1070190
Ts9c 0.392693 396963 23293 1070190
Th9c 0.392693 396963 23293 1070190
Qd5s 0.392598 395085 25069.5 1070190
Qd5h 0.392598 395085 25069.5 1070190
Qs7s 0.392193 398437 21284.5 1070190
Qh7s 0.392193 398437 21284.5 1070190
Qs7h 0.392193 398437 21284.5 1070190
Qh7h 0.392193 398437 21284.5 1070190
Qs5s 0.392066 394604 24981 1070190
Qh5s 0.392066 394604 24981 1070190
Qh5h 0.392066 394604 24981 1070190
Qs5h 0.392066 394604 24981 1070190
Td9d 0.390703 395855 22271 1070190
Qs4d 0.389318 390918 25726.5 1070190
Qh4d 0.389318 390918 25726.5 1070190
Qd4h 0.389167 390690 25792.5 1070190
Qd4s 0.389167 390690 25792.5 1070190
Qh4h 0.388645 390223 25700.5 1070190
Qh4s 0.388645 390223 25700.5 1070190
Qs4s 0.388645 390223 25700.5 1070190
Qs4h 0.388645 390223 25700.5 1070190
Qh3d 0.387914 389415 25726.5 1070190
Qs3d 0.387914 389415 25726.5 1070190
Qd3s 0.387762 389187 25792.5 1070190
Qd3h 0.387762 389187 25792.5 1070190
Qh3s 0.38724 388720 25700.5 1070190
Qh3h 0.38724 388720 25700.5 1070190
Qs3s 0.38724 388720 25700.5 1070190
Qs3h 0.38724 388720 25700.5 1070190
Tc8d 0.386368 388593 24894.5 1070190
Qs6d 0.385905 390063 22928.5 1070190
Qh6d 0.385905 390063 22928.5 1070190
Qd6s 0.385737 389823 22988.5 1070190
Qd6h 0.385737 389823 22988.5 1070190
Tc8s 0.385703 387913 24863 1070190
Tc8h 0.385703 387913 24863 1070190
Qs6h 0.385195 389326 22906 1070190
Qs6s 0.385195 389326 22906 1070190
Qh6h 0.385195 389326 22906 1070190
Qh6s 0.385195 389326 22906 1070190
Td8c 0.384136 386429 24669.5 1070190
Ts8c 0.383544 385857 24608 1070190
Th8c 0.383544 385857 24608 1070190
Td8d 0.383085 386398 23576 1070190
Tc7d 0.36902 368211 26710.5 1070190
Tc7s 0.368353 367529 26679 1070190
Tc7h 0.368353 367529 26679 1070190
Td7d 0.366202 366614 25292 1070190
Td7c 0.36555 364786 26421.5 1070190
Th7c 0.364988 364254 26352 1070190
Ts7c 0.364988 364254 26352 1070190
Th9d 0.36134 363397 23305 1070190
Ts9d 0.36134 363397 23305 1070190
Td9s 0.361295 363324 23330 1070190
Td9h 0.361295 363324 23330 1070190
Ts9s 0.360675 362717 23273.5 1070190
Th9s 0.360675 362717 23273.5 1070190
Th9h 0.360675 362717 23273.5 1070190
Ts9h 0.360675 362717 23273.5 1070190
Tc5d 0.358296 352780 30664.5 1070190
Tc5s 0.357663 352138 30629.5 1070190
Tc5h 0.357663 352138 30629.5 1070190
Td5d 0.35547 351379 29041.5 1070190
Tc4d 0.354939 348465 31387 1070190
Tc4s 0.354306 347823 31352 1070190
Tc4h 0.354306 347823 31352 1070190
Tc3d 0.353607 347040 31387 1070190
Th8d 0.35342 353562 24665 1070190
Ts8d 0.35342 353562 24665 1070190
Td8h 0.353348 353454 24695 1070190
Td8s 0.353348 353454 24695 1070190
Tc3h 0.352975 346398 31352 1070190
Tc3s 0.352975 346398 31352 1070190
Th8s 0.352756 352882 24633.5 1070190
Ts8s 0.352756 352882 24633.5 1070190
Ts8h 0.352756 352882 24633.5 1070190
Th8h 0.352756 352882 24633.5 1070190
Td5c 0.352174 346605 30288 1070190
Td4d 0.352157 347152 29722.5 1070190
Th5c 0.351648 346127 30203.5 1070190
Ts5c 0.351648 346127 30203.5 1070190
Tc6d 0.351409 347465 28609.5 1070190
Td3d 0.350752 345649 29722.5 1070190
Tc6h 0.350741 346782 28578 1070190
Tc6s 0.350741 346782 28578 1070190
Td6d 0.349041 346457 27083 1070190
Td4c 0.34748 340883 30987 1070190
Ts4c 0.346965 340419 30899 1070190
Th4c 0.346965 340419 30899 1070190
Td6c 0.346691 342768 28257.5 1070190
Ts6c 0.346156 342274 28179 1070190
Th6c 0.346156 342274 28179 1070190
Td3c 0.344772 337985 30987 1070190
Th3c 0.344257 337521 30899 1070190
Ts3c 0.344257 337521 30899 1070190
Th7d 0.335598 332685 26469 1070190
Ts7d 0.335598 332685 26469 1070190
Td7s 0.335494 332535 26507 1070190
Td7h 0.335494 332535 26507 1070190
Ts7h 0.334932 332003 26437.5 1070190
Th7h 0.334932 332003 26437.5 1070190
Th7s 0.334932 332003 26437.5 1070190
Ts7s 0.334932 332003 26437.5 1070190
9c8d 0.334143 332618 24979 1070190
9c8h 0.333513 331977 24945 1070190
9c8s 0.333513 331977 24945 1070190
9d8d 0.333384 333133 23651.5 1070190
9d8c 0.332897 331447 24816.5 1070190
9s8c 0.332288 330851 24760 1070190
9h8c 0.332288 330851 24760 1070190
5d4d 0.328903 326750 25238.5 1070190
5d3d 0.328303 326108 25238.5 1070190
5c4d 0.324844 321043 26601.5 1070190
Th5d 0.324695 317048 30437.5 1070190
Ts5d 0.324695 317048 30437.5 1070190
Td5s 0.324588 316884 30487 1070190
Td5h 0.324588 316884 30487 1070190
5c4h 0.32428 320487 26554.5 1070190
5c4s 0.32428 320487 26554.5 1070190
5c3d 0.324266 320425 26601.5 1070190
Ts5h 0.324063 316406 30402.5 1070190
Ts5s 0.324063 316406 30402.5 1070190
Th5h 0.324063 316406 30402.5 1070190
Th5s 0.324063 316406 30402.5 1070190
5c3h 0.323703 319869 26554.5 1070190
5c3s 0.323703 319869 26554.5 1070190
5d4c 0.323635 319839 26511.5 1070190
5s4c 0.323084 319311 26450.5 1070190
5h4c 0.323084 319311 26450.5 1070190
5d3c 0.321768 317841 26511.5 1070190
Th4d 0.321274 312667 31157 1070190
Ts4d 0.321274 312667 31157 1070190
5h3c 0.321217 317313 26450.5 1070190
5s3c 0.321217 317313 26450.5 1070190
Td4s 0.321157 312489 31210 1070190
Td4h 0.321157 312489 31210 1070190
Ts4h 0.320641 312025 31122 1070190
Th4s 0.320641 312025 31122 1070190
Ts4s 0.320641 312025 31122 1070190
Th4h 0.320641 312025 31122 1070190
Th3d 0.319869 311164 31157 1070190
Ts3d 0.319869 311164 31157 1070190
Td3h 0.319753 310986 31210 1070190
Td3s 0.319753 310986 31210 1070190
Th3h 0.319237 310522 31122 1070190
Th3s 0.319237 310522 31122 1070190
Ts3s 0.319237 310522 31122 1070190
Ts3h 0.319237 310522 31122 1070190
4d3d 0.319088 319256 22228.5 1070190
9c7d 0.318958 314551 26795 1070190
9d7d 0.318614 315610 25367.5 1070190
9c7s 0.318325 313907 26761 1070190
9c7h 0.318325 313907 26761 1070190
Ts6d 0.317466 311390 28359 1070190
Th6d 0.317466 311390 28359 1070190
Td6h 0.317333 311201 28406 1070190
Td6s 0.317333 311201 28406 1070190
Th6h 0.316798 310707 28327.5 1070190
Ts6h 0.316798 310707 28327.5 1070190
Ts6s 0.316798 310707 28327.5 1070190
Th6s 0.316798 310707 28327.5 1070190
9d7c 0.316479 312124 26568.5 1070190
9s7c 0.315899 311568 26504 1070190
9h7c 0.315899 311568 26504 1070190
4c3d 0.313464 312049 23417.5 1070190
4c3s 0.312927 311521 23370.5 1070190
4c3h 0.312927 311521 23370.5 1070190
4d3c 0.312197 310693 23417.5 1070190
4s3c 0.31166 310165 23370.5 1070190
4h3c 0.31166 310165 23370.5 1070190
9c5d 0.308614 299527 30749 1070190
9d5d 0.308251 300770 29117 1070190
9c5s 0.308014 298922 30711.5 1070190
9c5h 0.308014 298922 30711.5 1070190
9c4d 0.305257 295212 31471.5 1070190
9d4d 0.304937 296543 29798 1070190
9c4s 0.304657 294607 31434 1070190
9c4h 0.304657 294607 31434 1070190
9c3d 0.303926 293787 31471.5 1070190
9d3d 0.303533 295040 29798 1070190
9d5c 0.303488 294355 30435 1070190
9c3h 0.303326 293182 31434 1070190
9c3s 0.303326 293182 31434 1070190
9h5c 0.302945 293853 30355.5 1070190
9s5c 0.302945 293853 30355.5 1070190
9d6d 0.301665 295680 27158.5 1070190
9c6d 0.301565 294038 28694 1070190
9s8d 0.300963 297309 24778.5 1070190
9h8d 0.300963 297309 24778.5 1070190
9d8h 0.300942 297264 24801 1070190
9d8s 0.300942 297264 24801 1070190
9c6s 0.300931 293393 28660 1070190
9c6h 0.300931 293393 28660 1070190
9h8h 0.300332 296668 24744.5 1070190
9h8s 0.300332 296668 24744.5 1070190
9s8s 0.300332 296668 24744.5 1070190
9s8h 0.300332 296668 24744.5 1070190
9d4c 0.298795 288633 31134 1070190
9h4c 0.298261 288145 31051 1070190
9s4c 0.298261 288145 31051 1070190
5h4d 0.298042 292500 26462 1070190
5s4d 0.298042 292500 26462 1070190
5d4h 0.298029 292472 26476 1070190
5d4s 0.298029 292472 26476 1070190
9d6c 0.297838 290339 28404.5 1070190
5h4s 0.297479 291944 26415 1070190
5h4h 0.297479 291944 26415 1070190
5s4h 0.297479 291944 26415 1070190
5s4s 0.297479 291944 26415 1070190
5h3d 0.297443 291858 26462 1070190
5s3d 0.297443 291858 26462 1070190
5d3s 0.297429 291830 26476 1070190
5d3h 0.297429 291830 26476 1070190
9s6c 0.297286 289821 28331 1070190
9h6c 0.297286 289821 28331 1070190
5s3s 0.296879 291302 26415 1070190
5s3h 0.296879 291302 26415 1070190
5h3s 0.296879 291302 26415 1070190
5h3h 0.296879 291302 26415 1070190
9d3c 0.296087 285735 31134 1070190
9h3c 0.295553 285247 31051 1070190
9s3c 0.295553 285247 31051 1070190
4s3d 0.287796 284698 23298 1070190
4h3d 0.287796 284698 23298 1070190
4d3s 0.287796 284698 23298 1070190
4d3h 0.287796 284698 23298 1070190
4s3s 0.287258 284170 23251 1070190
4s3h 0.287258 284170 23251 1070190
4h3s 0.287258 284170 23251 1070190
4h3h 0.287258 284170 23251 1070190
9s7d 0.285394 278843 26582.5 1070190
9h7d 0.285394 278843 26582.5 1070190
9d7s 0.28534 278755 26613 1070190
9d7h 0.28534 278755 26613 1070190
9h7h 0.28476 278199 26548.5 1070190
9h7s 0.28476 278199 26548.5 1070190
9s7h 0.28476 278199 26548.5 1070190
9s7s 0.28476 278199 26548.5 1070190
8d7d 0.283401 278112 25180.5 1070190
8c7d 0.281515 274681 26593.5 1070190
8c7s 0.280913 274073 26557.5 1070190
8c7h 0.280913 274073 26557.5 1070190
8d7c 0.280354 273609 26423.5 1070190
8s7c 0.279779 273053 26363.5 1070190
8h7c 0.279779 273053 26363.5 1070190
9h5d 0.274885 263628 30551 1070190
9s5d 0.274885 263628 30551 1070190
9d5s 0.274828 263525 30593 1070190
9d5h 0.274828 263525 30593 1070190
9s5s 0.274284 263023 30513.5 1070190
9h5h 0.274284 263023 30513.5 1070190
9h5s 0.274284 263023 30513.5 1070190
9s5h 0.274284 263023 30513.5 1070190
8d5d 0.272983 263214 28930 1070190
9s4d 0.271463 259247 31270.5 1070190
9h4d 0.271463 259247 31270.5 1070190
9d4h 0.271397 259130 31316 1070190
9d4s 0.271397 259130 31316 1070190
8c5d 0.271116 259598 30547.5 1070190
9h4h 0.270863 258642 31233 1070190
9s4s 0.270863 258642 31233 1070190
9s4h 0.270863 258642 31233 1070190
9h4s 0.270863 258642 31233 1070190
8c5h 0.270546 259028 30508 1070190
8c5s 0.270546 259028 30508 1070190
9s3d 0.270059 257744 31270.5 1070190
9h3d 0.270059 257744 31270.5 1070190
9d3s 0.269992 257627 31316 1070190
9d3h 0.269992 257627 31316 1070190
8d4d 0.26967 258987 29611 1070190
9s3h 0.269459 257139 31233 1070190
9s3s 0.269459 257139 31233 1070190
9h3s 0.269459 257139 31233 1070190
9h3h 0.269459 257139 31233 1070190
8d3d 0.268265 257484 29611 1070190
8c4d 0.267759 255283 31270 1070190
9s6d 0.267488 257790 28472.5 1070190
9h6d 0.267488 257790 28472.5 1070190
9d6h 0.267406 257663 28512 1070190
9d6s 0.267406 257663 28512 1070190
8d5c 0.267313 255786 30290 1070190
8c4h 0.267189 254713 31230.5 1070190
8c4s 0.267189 254713 31230.5 1070190
9s6h 0.266853 257145 28438.5 1070190
9h6s 0.266853 257145 28438.5 1070190
9s6s 0.266853 257145 28438.5 1070190
9h6h 0.266853 257145 28438.5 1070190
8s5c 0.266774 255284 30215 1070190
8h5c 0.266774 255284 30215 1070190
8d6d 0.266452 258183 26971.5 1070190
8c3d 0.266427 253858 31270 1070190
8c3s 0.265858 253288 31230.5 1070190
8c3h 0.265858 253288 31230.5 1070190
8c6d 0.264122 254168 28492.5 1070190
8c6h 0.263519 253559 28456.5 1070190
8c6s 0.263519 253559 28456.5 1070190
8d4c 0.26262 250064 30989 1070190
8s4c 0.26209 249576 30910.5 1070190
8h4c 0.26209 249576 30910.5 1070190
8d6c 0.261714 251824 28259.5 1070190
8h6c 0.261165 251306 28190.5 1070190
8s6c 0.261165 251306 28190.5 1070190
8d3c 0.259912 247166 30989 1070190
8h3c 0.259382 246678 30910.5 1070190
8s3c 0.259382 246678 30910.5 1070190
8s7d 0.248539 239569 26415 1070190
8h7d 0.248539 239569 26415 1070190
8d7h 0.248513 239517 26439 1070190
8d7s 0.248513 239517 26439 1070190
8h7s 0.247937 238961 26379 1070190
8h7h 0.247937 238961 26379 1070190
8s7h 0.247937 238961 26379 1070190
8s7s 0.247937 238961 26379 1070190
7d5d 0.245161 234314 28054.5 1070190
7d4d 0.241847 230087 28735.5 1070190
7c5d 0.241295 228616 29616 1070190
7c5s 0.240755 228079 29575 1070190
7c5h 0.240755 228079 29575 1070190
7d3d 0.240443 228584 28735.5 1070190
7d6d 0.238897 229569 26096 1070190
7d5c 0.238769 226109 29419 1070190
7s5c 0.238232 225604 29350 1070190
7h5c 0.238232 225604 29350 1070190
8s5d 0.237972 224292 30383.5 1070190
8h5d 0.237972 224292 30383.5 1070190
8d5h 0.237942 224224 30419 1070190
8d5s 0.237942 224224 30419 1070190
7c4d 0.237939 224301 30338.5 1070190
8s5h 0.237403 223722 30344 1070190
8s5s 0.237403 223722 30344 1070190
8h5h 0.237403 223722 30344 1070190
8h5s 0.237403 223722 30344 1070190
7c4s 0.237398 223764 30297.5 1070190
7c4h 0.237398 223764 30297.5 1070190
7c3d 0.236607 222876 30338.5 1070190
7c3h 0.236067 222339 30297.5 1070190
7c3s 0.236067 222339 30297.5 1070190
7c6d 0.234574 223478 27561 1070190
8s4d 0.234551 219911 31103 1070190
8h4d 0.234551 219911 31103 1070190
8d4h 0.234511 219829 31142 1070190
8d4s 0.234511 219829 31142 1070190
7d4c 0.234075 220387 30118 1070190
7c6h 0.234002 222903 27523.5 1070190
7c6s 0.234002 222903 27523.5 1070190
8s4h 0.233981 219341 31063.5 1070190
8s4s 0.233981 219341 31063.5 1070190
8h4h 0.233981 219341 31063.5 1070190
8h4s 0.233981 219341 31063.5 1070190
7s4c 0.233549 219896 30045.5 1070190
7h4c 0.233549 219896 30045.5 1070190
7d6c 0.233438 222434 27388.5 1070190
8s3d 0.233146 218408 31103 1070190
8h3d 0.233146 218408 31103 1070190
8d3s 0.233106 218326 31142 1070190
8d3h 0.233106 218326 31142 1070190
7s6c 0.232892 221913 27325.5 1070190
7h6c 0.232892 221913 27325.5 1070190
8h3s 0.232577 217838 31063.5 1070190
8h3h 0.232577 217838 31063.5 1070190
8s3h 0.232577 217838 31063.5 1070190
8s3s 0.232577 217838 31063.5 1070190
7d3c 0.231367 217489 30118 1070190
7s3c 0.230841 216998 30045.5 1070190
7h3c 0.230841 216998 30045.5 1070190
8s6d 0.230633 218516 28305 1070190
8h6d 0.230633 218516 28305 1070190
8d6h 0.230579 218425 28338 1070190
8d6s 0.230579 218425 28338 1070190
8h6h 0.23003 217907 28269 1070190
8s6h 0.23003 217907 28269 1070190
8s6s 0.23003 217907 28269 1070190
8h6s 0.23003 217907 28269 1070190
6d5d 0.224589 214708 25644.5 1070190
6d4d 0.221275 210481 26325.5 1070190
6d3d 0.219871 208978 26325.5 1070190
6c5d 0.21892 207205 27080.5 1070190
6c5s 0.218403 206691 27042 1070190
6c5h 0.218403 206691 27042 1070190
6d5c 0.217695 206039 26935.5 1070190
6s5c 0.217163 205531 26875 1070190
6h5c 0.217163 205531 26875 1070190
6c4d 0.215563 202890 27803 1070190
6c4s 0.215046 202376 27764.5 1070190
6c4h 0.215046 202376 27764.5 1070190
6c3d 0.214231 201465 27803 1070190
6c3h 0.213715 200951 27764.5 1070190
6c3s 0.213715 200951 27764.5 1070190
6d4c 0.213001 200317 27634.5 1070190
6s4c 0.21248 199823 27570.5 1070190
6h4c 0.21248 199823 27570.5 1070190
6d3c 0.210293 197419 27634.5 1070190
6h3c 0.209772 196925 27570.5 1070190
6s3c 0.209772 196925 27570.5 1070190
7s5d 0.208862 194040 29482.5 1070190
7h5d 0.208862 194040 29482.5 1070190
7d5h 0.208859 194008 29510.5 1070190
7d5s 0.208859 194008 29510.5 1070190
7h5s 0.208322 193503 29441.5 1070190
7h5h 0.208322 193503 29441.5 1070190
7s5s 0.208322 193503 29441.5 1070190
7s5h 0.208322 193503 29441.5 1070190
7h4d 0.205441 189659 30202 1070190
7s4d 0.205441 189659 30202 1070190
7d4s 0.205428 189613 30233.5 1070190
7d4h 0.205428 189613 30233.5 1070190
7h4s 0.204901 189122 30161 1070190
7s4s 0.204901 189122 30161 1070190
7h4h 0.204901 189122 30161 1070190
7s4h 0.204901 189122 30161 1070190
7h3d 0.204037 188156 30202 1070190
7s3d 0.204037 188156 30202 1070190
7d3s 0.204023 188110 30233.5 1070190
7d3h 0.204023 188110 30233.5 1070190
7h3h 0.203497 187619 30161 1070190
7h3s 0.203497 187619 30161 1070190
7s3s 0.203497 187619 30161 1070190
7s3h 0.203497 187619 30161 1070190
7s6d 0.201807 188568 27404 1070190
7h6d 0.201807 188568 27404 1070190
7d6h 0.201781 188514 27429.5 1070190
7d6s 0.201781 188514 27429.5 1070190
7s6h 0.201235 187993 27366.5 1070190
7h6h 0.201235 187993 27366.5 1070190
7h6s 0.201235 187993 27366.5 1070190
7s6s 0.201235 187993 27366.5 1070190
6d5h 0.187395 173582 26966.5 1070190
6d5s 0.187395 173582 26966.5 1070190
6s5d 0.18738 173588 26944.5 1070190
6h5d 0.18738 173588 26944.5 1070190
6s5h 0.186864 173074 26906 1070190
6h5s 0.186864 173074 26906 1070190
6h5h 0.186864 173074 26906 1070190
6s5s 0.186864 173074 26906 1070190
6d4s 0.183964 169187 27689.5 1070190
6d4h 0.183964 169187 27689.5 1070190
6h4d 0.183959 169207 27664 1070190
6s4d 0.183959 169207 27664 1070190
6h4h 0.183443 168693 27625.5 1070190
6h4s 0.183443 168693 27625.5 1070190
6s4h 0.183443 168693 27625.5 1070190
6s4s 0.183443 168693 27625.5 1070190
6d3s 0.18256 167684 27689.5 1070190
6d3h 0.18256 167684 27689.5 1070190
6h3d 0.182554 167704 27664 1070190
6s3d 0.182554 167704 27664 1070190
6h3s 0.182038 167190 27625.5 1070190
6h3h 0.182038 167190 27625.5 1070190
6s3h 0.182038 167190 27625.5 1070190
6s3s 0.182038 167190 27625.5 1070190
