KdKc 0.964688 1032399 0 1070190
KsKd 0.964315 1032000 0 1070190
KsKc 0.964309 1031994 0 1070190
ThTc 0.958651 1025874 64.5 1070190
TsTh 0.958278 1025475 64.5 1070190
TsTc 0.958272 1025469 64.5 1070190
2h2d 0.948978 1015467 120 1070190
2s2d 0.948605 1015068 120 1070190
2s2h 0.948605 1015068 120 1070190
KcTc 0.932713 995526 2654 1070190
KdTh 0.929367 991878 2721.5 1070190
KdTc 0.929256 991737 2744 1070190
KcTh 0.929256 991737 2744 1070190
KdTs 0.928905 991383 2721.5 1070190
KsTh 0.928905 991383 2721.5 1070190
KsTc 0.928794 991242 2744 1070190
KcTs 0.928794 991242 2744 1070190
KsTs 0.928442 990888 2721.5 1070190
Kd2d 0.913963 971943 6171.5 1070190
Kd2h 0.909904 967509 6261.5 1070190
Kc2h 0.909899 967503 6261.5 1070190
Kc2d 0.909794 967368 6284 1070190
Ks2h 0.909547 967149 6239 1070190
Kd2s 0.909447 967020 6261.5 1070190
Kc2s 0.909442 967014 6261.5 1070190
Ks2d 0.909442 967014 6261.5 1070190
Ks2s 0.90909 966660 6239 1070190
AdKd 0.890042 948317 4197.5 1070190
AcKc 0.889962 948231 4197.5 1070190
Th2h 0.88464 940068 6665 1070190
AhKd 0.884114 941775 4394.5 1070190
AhKc 0.884113 941774 4394.5 1070190
AdKc 0.884043 941678 4416.5 1070190
AcKd 0.884043 941678 4416.5 1070190
AhKs 0.883334 940963 4372 1070190
AdKs 0.883265 940867 4394 1070190
AcKs 0.883264 940866 4394 1070190
AsKd 0.88324 940845 4390 1070190
AsKc 0.883239 940844 4390 1070190
AsKs 0.882461 940033 4367.5 1070190
Th2d 0.879754 934749 6755 1070190
Tc2d 0.879748 934743 6755 1070190
Tc2h 0.879685 934653 6777.5 1070190
Ts2d 0.879397 934389 6732.5 1070190
Th2s 0.879339 934305 6755 1070190
Ts2h 0.879334 934299 6755 1070190
Tc2s 0.879334 934299 6755 1070190
Ts2s 0.878982 933945 6732.5 1070190
AhAd 0.877447 937857 1178.5 1070190
AdAc 0.877447 937856 1178.5 1070190
AhAc 0.877447 937856 1178.5 1070190
AsAd 0.876656 937014 1174 1070190
AsAh 0.876656 937014 1174 1070190
AsAc 0.876655 937013 1174 1070190
KdQd 0.873546 929070 5790.5 1070190
KcQc 0.873453 928973 5787.5 1070190
KdJd 0.867956 922411 6467 1070190
KcJc 0.867861 922315 6461 1070190
KdQh 0.867173 921964 6075.5 1070190
KcQh 0.867171 921962 6075.5 1070190
KcQd 0.867104 921869 6097 1070190
KdQc 0.867104 921869 6097 1070190
KsQh 0.866427 921192 6049 1070190
KsQd 0.86636 921099 6070.5 1070190
KsQc 0.866358 921097 6070.5 1070190
KdQs 0.866335 921076 6067 1070190
KcQs 0.866333 921074 6067 1070190
KsQs 0.865589 920304 6040.5 1070190
KdJh 0.861326 915003 6780 1070190
KcJh 0.861325 915001 6780 1070190
KdJc 0.861258 914908 6801.5 1070190
KcJd 0.861258 914908 6801.5 1070190
KsJh 0.860616 914273 6750 1070190
KsJd 0.86055 914180 6771.5 1070190
KsJc 0.860548 914178 6771.5 1070190
KdJs 0.860494 914121 6771.5 1070190
KcJs 0.860493 914119 6771.5 1070190
KsJs 0.859784 913391 6741.5 1070190
Kd9d 0.852261 902013 10068 1070190
Kc9c 0.852057 901696 10167 1070190
Kd9h 0.844599 893370 10511 1070190
Kc9h 0.844598 893381 10499 1070190
Kc9d 0.844529 893285 10521 1070190
Kd9c 0.844515 893255 10536 1070190
Ks9h 0.843945 892724 10457 1070190
Ks9d 0.843875 892628 10479 1070190
Ks9c 0.84386 892609 10482 1070190
Kd9s 0.843731 892446 10507 1070190
Kc9s 0.843731 892457 10495 1070190
Ks9s 0.843077 891800 10453 1070190
Kd8d 0.842583 890937 10787 1070190
Kc8c 0.842441 890710 10862 1070190
Kd7d 0.838295 885105 12029.5 1070190
Kc7c 0.838203 884952 12084 1070190
Kd6d 0.834684 880122 13149 1070190
Kc6c 0.834638 880035 13186.5 1070190
Kd8h 0.834143 881437 11254 1070190
Kc8h 0.834135 881439 11244 1070190
Kc8d 0.834064 881340 11266.5 1070190
Kd8c 0.834057 881320 11279 1070190
Ks8h 0.833523 880838 11190 1070190
Ks8d 0.833452 880739 11212.5 1070190
Ks8c 0.833437 880721 11215 1070190
Kd8s 0.83324 880471 11254 1070190
Kc8s 0.833232 880473 11244 1070190
Ks8s 0.83262 879872 11190 1070190
Kd5d 0.831975 876345 14026.5 1070190
Kc5c 0.831962 876307 14050.5 1070190
Kc4c 0.830396 874125 14557 1070190
Kd4d 0.830395 874137 14543 1070190
Kc3c 0.830167 873849 14587 1070190
Kd3d 0.83016 873849 14579.5 1070190
Kd7h 0.829635 875307 12560.5 1070190
Kc7h 0.829622 875301 12552 1070190
Kc7d 0.82955 875202 12574.5 1070190
Kd7c 0.829549 875190 12585 1070190
Ks7h 0.829044 874746 12488.5 1070190
Ks7d 0.828972 874647 12511 1070190
Ks7c 0.828957 874629 12513 1070190
Kd7s 0.828733 874341 12560.5 1070190
Kc7s 0.828719 874335 12552 1070190
Ks7s 0.828141 873780 12488.5 1070190
Kd6h 0.82584 870066 13740 1070190
Kc6h 0.825822 870054 13732.5 1070190
Kd6c 0.825753 869949 13764 1070190
Kc6d 0.825751 869955 13755 1070190
Ks6h 0.825273 869538 13660.5 1070190
Ks6d 0.825201 869439 13683 1070190
Ks6c 0.825186 869421 13684.5 1070190
Kd6s 0.824938 869100 13740 1070190
Kc6s 0.824919 869088 13732.5 1070190
Ks6s 0.82437 868572 13660.5 1070190
Kd5h 0.822995 866095 14665.5 1070190
Kc5h 0.822973 866079 14658.5 1070190
Kd5c 0.822907 865978 14689 1070190
Kc5d 0.822902 865980 14681 1070190
Ks5h 0.822445 865592 14580 1070190
Ks5d 0.822373 865493 14602.5 1070190
Ks5c 0.822357 865475 14603.5 1070190
Kd5s 0.822092 865129 14665.5 1070190
Kc5s 0.82207 865113 14658.5 1070190
Ks5s 0.821542 864626 14580 1070190
Kd4h 0.821335 863775 15210 1070190
Kc4h 0.821312 863757 15203 1070190
Kd4c 0.821248 863658 15233 1070190
Kc4d 0.821241 863658 15225.5 1070190
Kd3h 0.8211 863487 15246.5 1070190
Kc3h 0.821077 863469 15239 1070190
Kd3c 0.821012 863370 15269 1070190
Kc3d 0.821005 863370 15261.5 1070190
Ks4h 0.820795 863286 15121 1070190
Ks4d 0.820724 863187 15143.5 1070190
Ks4c 0.820708 863169 15144 1070190
Ks3h 0.82056 862998 15157.5 1070190
Ks3d 0.820489 862899 15180 1070190
Ks3c 0.820472 862881 15180 1070190
Kd4s 0.820433 862809 15210 1070190
Kc4s 0.820409 862791 15203 1070190
Kd3s 0.820198 862521 15246.5 1070190
Kc3s 0.820174 862503 15239 1070190
Ks4s 0.819893 862320 15121 1070190
Ks3s 0.819658 862032 15157.5 1070190
AhTh 0.797024 848504 4463 1070190
AcTc 0.795726 847115 4463 1070190
QhQd 0.788688 842248 1798.5 1070190
QhQc 0.788687 842246 1798.5 1070190
QdQc 0.788646 842203 1798.5 1070190
QhTh 0.788164 833139 10346 1070190
QsQh 0.787969 841487 1790 1070190
QsQd 0.787929 841444 1790 1070190
QsQc 0.787927 841442 1790 1070190
QcTc 0.786463 831126 10539 1070190
AdTh 0.785277 835736 4660 1070190
AdTc 0.785276 835735 4660 1070190
AhTc 0.785248 835683 4682 1070190
AcTh 0.785216 835648 4682 1070190
AdTs 0.784498 834924 4637.5 1070190
AhTs 0.78447 834872 4659.5 1070190
AsTh 0.784445 834850 4655.5 1070190
AsTc 0.784444 834849 4655.5 1070190
AcTs 0.784436 834836 4659.5 1070190
AsTs 0.783666 834038 4633 1070190
JhTh 0.783305 827459 10826.5 1070190
JcTc 0.781702 825578 10992 1070190
QdTc 0.776683 820371 10827 1070190
QhTc 0.776673 820339 10848.5 1070190
QdTh 0.776667 820326 10855 1070190
QcTh 0.776615 820249 10876.5 1070190
QdTs 0.775947 819610 10800.5 1070190
QhTs 0.775937 819578 10822 1070190
QsTc 0.775902 819544 10818.5 1070190
QcTs 0.775895 819533 10822 1070190
QsTh 0.775886 819499 10846.5 1070190
QsTs 0.775166 818783 10792 1070190
JhJd 0.772631 825063 1798.5 1070190
JhJc 0.772629 825061 1798.5 1070190
JdJc 0.772589 825018 1798.5 1070190
JsJh 0.771917 824308 1790 1070190
JsJd 0.771877 824265 1790 1070190
JsJc 0.771875 824263 1790 1070190
JdTc 0.771851 814716 11311 1070190
JdTh 0.771845 814685 11335.5 1070190
JhTc 0.771841 814684 11332.5 1070190
JcTh 0.771793 814608 11357 1070190
JdTs 0.771151 813997 11281 1070190
JhTs 0.771141 813965 11302.5 1070190
JcTs 0.771099 813920 11302.5 1070190
JsTc 0.771076 813895 11302.5 1070190
JsTh 0.77107 813864 11327 1070190
JsTs 0.770376 813176 11272.5 1070190
Th9h 0.757266 799414 11004.5 1070190
Tc9c 0.755755 797652 11149 1070190
Th8h 0.745535 786141 11723.5 1070190
Th9d 0.744235 784973 11499.5 1070190
Tc9d 0.744228 784984 11481 1070190
Tc9h 0.744216 784950 11503 1070190
Th9c 0.744176 784885 11524.5 1070190
Tc8c 0.744082 784465 11844 1070190
Ts9d 0.743575 784327 11439 1070190
Ts9h 0.743563 784293 11461 1070190
Ts9c 0.743516 784239 11464 1070190
Th9s 0.743425 784111 11495.5 1070190
Tc9s 0.743418 784122 11477 1070190
Ts9s 0.742765 783465 11435 1070190
Th7h 0.741252 780315 12966 1070190
Tc7c 0.739843 778707 13066 1070190
Th6h 0.737648 775338 14085.5 1070190
Tc6c 0.736279 773790 14168.5 1070190
Th5h 0.734944 771567 14963 1070190
Tc5c 0.733603 770062 15032.5 1070190
Th4h 0.733364 769359 15479.5 1070190
Th3h 0.733129 769071 15516 1070190
Tc4c 0.732037 767880 15539 1070190
Tc3c 0.731807 767604 15569 1070190
Th8d 0.731587 770695 12242.5 1070190
Tc8d 0.731574 770697 12226 1070190
Tc8h 0.731561 770661 12248.5 1070190
Th8c 0.731527 770605 12267.5 1070190
Ts8d 0.730962 770096 12172 1070190
Ts8h 0.730949 770060 12194.5 1070190
Ts8c 0.730901 770006 12197 1070190
Th8s 0.730744 769792 12242.5 1070190
Tc8s 0.73073 769794 12226 1070190
Ts8s 0.730118 769193 12172 1070190
Th7d 0.72708 764565 13549 1070190
Tc7d 0.727061 764559 13534 1070190
Tc7h 0.727048 764523 13556.5 1070190
Th7c 0.727019 764475 13573.5 1070190
Ts7d 0.726483 764004 13470.5 1070190
Ts7h 0.72647 763968 13493 1070190
Ts7c 0.726421 763914 13495 1070190
Th7s 0.726236 763662 13549 1070190
Tc7s 0.726217 763656 13534 1070190
Ts7s 0.725639 763101 13470.5 1070190
Th6d 0.723285 759324 14728.5 1070190
Tc6d 0.723261 759312 14714.5 1070190
Tc6h 0.723248 759276 14737 1070190
Th6c 0.723223 759234 14752.5 1070190
Ts6d 0.722711 758796 14642.5 1070190
Ts6h 0.722699 758760 14665 1070190
Ts6c 0.72265 758706 14666.5 1070190
Th6s 0.722441 758421 14728.5 1070190
Tc6s 0.722417 758409 14714.5 1070190
Ts6s 0.721868 757893 14642.5 1070190
Th5d 0.720439 755353 15654 1070190
Tc5d 0.720412 755337 15640.5 1070190
Tc5h 0.720399 755301 15663 1070190
Th5c 0.720377 755263 15677.5 1070190
Ts5d 0.719883 754850 15562 1070190
Ts5h 0.719871 754814 15584.5 1070190
Ts5c 0.719821 754760 15585.5 1070190
Th5s 0.719596 754450 15654 1070190
Tc5s 0.719568 754434 15640.5 1070190
Ts5s 0.71904 753947 15562 1070190
Th4d 0.71878 753033 16198.5 1070190
Tc4d 0.718751 753015 16185 1070190
Tc4h 0.718738 752979 16207.5 1070190
Th4c 0.718718 752943 16221.5 1070190
Th3d 0.718545 752745 16235 1070190
Tc3d 0.718515 752727 16221 1070190
Tc3h 0.718503 752691 16243.5 1070190
Th3c 0.718482 752655 16257.5 1070190
Ts4d 0.718234 752544 16103 1070190
Ts4h 0.718222 752508 16125.5 1070190
Ts4c 0.718172 752454 16126 1070190
Ts3d 0.717999 752256 16139.5 1070190
Ts3h 0.717987 752220 16162 1070190
Th4s 0.717937 752130 16198.5 1070190
Ts3c 0.717936 752166 16162 1070190
Tc4s 0.717907 752112 16185 1070190
Th3s 0.717702 751842 16235 1070190
Tc3s 0.717672 751824 16221 1070190
Ts4s 0.71739 751641 16103 1070190
Ts3s 0.717155 751353 16139.5 1070190
9h9d 0.663482 708697 1355 1070190
9d9c 0.663435 708643 1358 1070190
9h9c 0.663435 708643 1358 1070190
9s9h 0.662737 707904 1351 1070190
9s9d 0.662737 707904 1351 1070190
9s9c 0.66269 707850 1354 1070190
QhJh 0.639912 673726 11101 1070190
QdJd 0.639419 673003 11297 1070190
QcJc 0.639214 672788 11292.5 1070190
AhQh 0.634231 670911 7837 1070190
AdQd 0.63416 670835 7837 1070190
AcQc 0.633998 670666 7832.5 1070190
8h8d 0.632879 676601 699.5 1070190
8d8c 0.632831 676547 702 1070190
8h8c 0.632831 676547 702 1070190
8s8d 0.632102 675770 699.5 1070190
8s8h 0.632102 675770 699.5 1070190
8s8c 0.632054 675716 702 1070190
AhJh 0.625965 662065 7837 1070190
AdJd 0.6259 661995 7837 1070190
AcJc 0.625732 661820 7832.5 1070190
QhJd 0.622384 654488 11581 1070190
QhJc 0.622384 654488 11581 1070190
QcJh 0.622381 654481 11584.5 1070190
QdJh 0.622381 654481 11584.5 1070190
QdJc 0.622323 654423 11581 1070190
QcJd 0.622323 654423 11581 1070190
QhJs 0.621678 653772 11541.5 1070190
QsJh 0.621675 653769 11541.5 1070190
QsJc 0.621618 653711 11538 1070190
QsJd 0.621618 653711 11538 1070190
QdJs 0.621617 653707 11541.5 1070190
QcJs 0.621617 653707 11541.5 1070190
QsJs 0.620912 652995 11498.5 1070190
Ah2h 0.617705 655807 5255 1070190
Ad2d 0.617688 655789 5255 1070190
AcQh 0.615251 650317 8119 1070190
AdQh 0.615251 650317 8119 1070190
AhQd 0.615199 650261 8119 1070190
AhQc 0.615199 650261 8119 1070190
AcQd 0.615192 650253 8119 1070190
AdQc 0.615192 650253 8119 1070190
AhQs 0.61447 649512 8087.5 1070190
AdQs 0.614462 649504 8087.5 1070190
AcQs 0.614462 649504 8087.5 1070190
AsQh 0.614457 649502 8083.5 1070190
AsQd 0.614397 649438 8083.5 1070190
AsQc 0.614397 649438 8083.5 1070190
AsQs 0.613668 648689 8052 1070190
7h7d 0.613193 655569 664 1070190
7h7c 0.613144 655515 666 1070190
7d7c 0.613144 655515 666 1070190
7s7h 0.612416 654738 664 1070190
7s7d 0.612416 654738 664 1070190
7s7c 0.612368 654684 666 1070190
Qh2h 0.61031 642297 10850.5 1070190
Qd2d 0.609898 641660 11046.5 1070190
AdJh 0.606602 641060 8119 1070190
AcJh 0.606602 641060 8119 1070190
AhJd 0.606549 641004 8119 1070190
AhJc 0.606549 641004 8119 1070190
AdJc 0.606542 640996 8119 1070190
AcJd 0.606542 640996 8119 1070190
AsJh 0.60584 640280 8083.5 1070190
AhJs 0.605826 640261 8087.5 1070190
AdJs 0.605818 640253 8087.5 1070190
AcJs 0.605818 640253 8087.5 1070190
AsJd 0.60578 640216 8083.5 1070190
AsJc 0.60578 640216 8083.5 1070190
AsJs 0.605056 639473 8052 1070190
Jh2h 0.6045 635688 11241.5 1070190
Jd2d 0.604188 635183 11413 1070190
Ac2d 0.596255 632650 5456.5 1070190
Ac2h 0.596255 632650 5456.5 1070190
Ad2h 0.596239 632615 5474 1070190
Ah2d 0.596239 632615 5474 1070190
Ac2s 0.595477 631839 5434 1070190
As2h 0.595469 631817 5447.5 1070190
As2d 0.595469 631817 5447.5 1070190
Ah2s 0.59546 631804 5451.5 1070190
Ad2s 0.59546 631804 5451.5 1070190
As2s 0.59469 631006 5425 1070190
6h6d 0.593641 634680 628.5 1070190
6d6c 0.593592 634626 630 1070190
6h6c 0.593592 634626 630 1070190
6s6h 0.592864 633849 628.5 1070190
6s6d 0.592864 633849 628.5 1070190
6s6c 0.592815 633795 630 1070190
Qh2d 0.589287 619296 11353 1070190
Qc2d 0.589286 619312 11335.5 1070190
Qc2h 0.589268 619265 11363.5 1070190
Qd2h 0.589261 619240 11381 1070190
Qh2s 0.588551 618535 11326.5 1070190
Qc2s 0.58855 618551 11309 1070190
Qs2d 0.58855 618537 11323 1070190
Qd2s 0.588543 618526 11326.5 1070190
Qs2h 0.588532 618490 11351 1070190
Qs2s 0.587814 617776 11296.5 1070190
Jh2d 0.583503 612712 11747.5 1070190
Jc2d 0.583502 612728 11729.5 1070190
Jc2h 0.583494 612695 11754 1070190
Jd2h 0.583487 612670 11772 1070190
Jh2s 0.582804 611993 11717.5 1070190
Jc2s 0.582802 612009 11699.5 1070190
Jd2s 0.582795 611984 11717.5 1070190
Js2d 0.582772 611959 11717.5 1070190
Js2h 0.582764 611926 11742 1070190
Js2s 0.582072 611240 11687.5 1070190
9d2d 0.580047 602135 18625 1070190
9h2h 0.580004 602135 18579.5 1070190
5h5d 0.574222 613934 593 1070190
5d5c 0.574173 613880 594 1070190
5h5c 0.574173 613880 594 1070190
5s5d 0.573446 613103 593 1070190
5s5h 0.573446 613103 593 1070190
5s5c 0.573396 613049 594 1070190
8d2d 0.568949 589650 19234 1070190
8h2h 0.568907 589650 19188.5 1070190
7d2d 0.56664 586518 19894.5 1070190
7h2h 0.566598 586518 19849 1070190
6d2d 0.565158 584628 20198 1070190
6h2h 0.565115 584628 20152.5 1070190
5d2d 0.56428 583623 20263.5 1070190
5h2h 0.564237 583623 20218 1070190
4d2d 0.563784 583146 20210 1070190
4h2h 0.563741 583146 20164.5 1070190
3d2d 0.563448 582840 20156.5 1070190
3h2h 0.563406 582840 20111 1070190
9d2h 0.557927 577631 19456.5 1070190
9c2h 0.557925 577648 19437.5 1070190
9h2d 0.557921 577631 19450 1070190
9c2d 0.557919 577648 19431 1070190
9h2s 0.557318 577085 19351 1070190
9d2s 0.557318 577085 19351 1070190
9c2s 0.557316 577102 19332 1070190
9s2h 0.557171 576848 19430.5 1070190
9s2d 0.557165 576848 19424 1070190
9s2s 0.556562 576302 19325 1070190
4h4d 0.554937 593331 557.5 1070190
4h4c 0.554887 593277 558 1070190
4d4c 0.554887 593277 558 1070190
4s4d 0.554161 592500 557.5 1070190
4s4h 0.554161 592500 557.5 1070190
4s4c 0.554111 592446 558 1070190
8d2h 0.546082 564302 20110 1070190
8c2h 0.546081 564320 20090 1070190
8h2d 0.546076 564302 20103.5 1070190
8c2d 0.546075 564320 20083.5 1070190
8d2s 0.545496 563792 19992 1070190
8h2s 0.545496 563792 19992 1070190
8c2s 0.545494 563810 19972 1070190
8s2h 0.545293 563480 20087.5 1070190
8s2d 0.545287 563480 20081 1070190
8s2s 0.544707 562970 19969.5 1070190
7d2h 0.543788 561138 20818.5 1070190
7c2h 0.543786 561156 20798 1070190
7h2d 0.543782 561138 20812 1070190
7c2d 0.54378 561156 20791.5 1070190
7h2s 0.543212 560646 20694.5 1070190
7d2s 0.543212 560646 20694.5 1070190
7c2s 0.54321 560664 20674 1070190
7s2h 0.542999 560316 20796 1070190
7s2d 0.542993 560316 20789.5 1070190
7s2s 0.542423 559824 20672 1070190
6d2h 0.542339 559260 21146 1070190
6c2h 0.542336 559278 21125 1070190
6h2d 0.542333 559260 21139.5 1070190
6c2d 0.54233 559278 21118.5 1070190
6h2s 0.541769 558777 21019 1070190
6d2s 0.541769 558777 21019 1070190
6c2s 0.541766 558795 20998 1070190
Qh9h 0.541559 563861 15710 1070190
6s2h 0.54155 558438 21123.5 1070190
6s2d 0.541544 558438 21117 1070190
5d2h 0.541499 558287 21219.5 1070190
5c2h 0.541495 558305 21198 1070190
5h2d 0.541493 558287 21213 1070190
5c2d 0.541489 558305 21191.5 1070190
Qd9d 0.541118 563193 15906 1070190
4d2h 0.541029 557838 21166 1070190
4c2h 0.541025 557856 21144 1070190
4h2d 0.541023 557838 21159.5 1070190
4c2d 0.541019 557856 21137.5 1070190
6s2s 0.54098 557955 20996.5 1070190
5d2s 0.540931 557807 21091.5 1070190
5h2s 0.540931 557807 21091.5 1070190
5c2s 0.540927 557825 21070 1070190
Qc9c 0.540722 562609 16066.5 1070190
5s2h 0.54071 557465 21197 1070190
5s2d 0.540704 557465 21190.5 1070190
3d2h 0.540693 557532 21112.5 1070190
3c2h 0.540689 557550 21090 1070190
3h2d 0.540687 557532 21106 1070190
3c2d 0.540683 557550 21083.5 1070190
4h2s 0.540461 557358 21038 1070190
4d2s 0.540461 557358 21038 1070190
4c2s 0.540457 557376 21016 1070190
4s2h 0.54024 557016 21143.5 1070190
4s2d 0.540234 557016 21137 1070190
5s2s 0.540141 556985 21069 1070190
3h2s 0.540125 557052 20984.5 1070190
3d2s 0.540125 557052 20984.5 1070190
3c2s 0.540121 557070 20962 1070190
3s2h 0.539904 556710 21090 1070190
3s2d 0.539898 556710 21083.5 1070190
4s2s 0.539672 556536 21015.5 1070190
3s2s 0.539336 556230 20962 1070190
3h3d 0.535786 572871 522 1070190
3d3c 0.535736 572817 522 1070190
3h3c 0.535736 572817 522 1070190
3s3h 0.53501 572040 522 1070190
3s3d 0.53501 572040 522 1070190
3s3c 0.534959 571986 522 1070190
Ad9d 0.526138 548906 14162 1070190
Ah9h 0.526138 548906 14162 1070190
Ac9c 0.525773 548355 14322.5 1070190
Qh9d 0.519224 539175 16493 1070190
Qc9h 0.519175 539134 16481.5 1070190
Qc9d 0.519169 539132 16478 1070190
Qd9h 0.519168 539112 16496.5 1070190
Qh9c 0.519163 539110 16493 1070190
Qd9c 0.519102 539045 16493 1070190
Qs9h 0.518541 538500 16437.5 1070190
Qs9d 0.518536 538498 16434 1070190
Qh9s 0.518517 538449 16462.5 1070190
Qs9c 0.518475 538433 16434 1070190
Qc9s 0.518463 538406 16447.5 1070190
Qd9s 0.518456 538384 16462.5 1070190
Qs9s 0.517829 537772 16403.5 1070190
Ah8h 0.516488 536766 15974.5 1070190
Ad8d 0.516488 536766 15974.5 1070190
Ac8c 0.516204 536329 16107.5 1070190
Ah7h 0.508762 526692 17780.5 1070190
Ad7d 0.508757 526686 17780.5 1070190
Ac7c 0.50854 526343 17891.5 1070190
Ah5h 0.506091 520953 20661 1070190
Ad5d 0.506075 520935 20661 1070190
Ac5c 0.505952 520720 20744.5 1070190
Ah4h 0.502412 516297 21379.5 1070190
Ad4d 0.502395 516279 21379.5 1070190
Ac4c 0.502288 516086 21457.5 1070190
Ah6h 0.502053 517890 19402 1070190
Ad6d 0.502042 517878 19402 1070190
Ac9h 0.501944 522371 14804 1070190
Ac9d 0.501944 522371 14804 1070190
Ah9d 0.501938 522350 14819 1070190
Ad9h 0.501938 522350 14819 1070190
Ac6c 0.501882 517613 19496.5 1070190
Ah9c 0.501872 522279 14819 1070190
Ad9c 0.501872 522279 14819 1070190
As9h 0.501246 521667 14761.5 1070190
As9d 0.501246 521667 14761.5 1070190
Ac9s 0.501232 521632 14781.5 1070190
Ah9s 0.501226 521611 14796.5 1070190
Ad9s 0.501226 521611 14796.5 1070190
As9c 0.50118 521596 14761.5 1070190
Ah3h 0.500747 514515 21379.5 1070190
Ad3d 0.50073 514497 21379.5 1070190
Ac3c 0.500623 514304 21457.5 1070190
As9s 0.500534 520928 14739 1070190
Jh9h 0.500153 519692 15567 1070190
Jd9d 0.499855 519171 15768.5 1070190
Jc9c 0.499453 518581 15929 1070190
Ah8d 0.491651 509439 16721.5 1070190
Ad8h 0.491651 509439 16721.5 1070190
Ac8d 0.49165 509450 16709 1070190
Ac8h 0.49165 509450 16709 1070190
Ad8c 0.491583 509366 16721.5 1070190
Ah8c 0.491583 509366 16721.5 1070190
As8h 0.49099 508796 16656.5 1070190
As8d 0.49099 508796 16656.5 1070190
As8c 0.490922 508723 16656.5 1070190
Ad8s 0.490909 508667 16699 1070190
Ah8s 0.490909 508667 16699 1070190
Ac8s 0.490908 508678 16686.5 1070190
As8s 0.490248 508024 16634 1070190
Ad7h 0.483589 498909 18623.5 1070190
Ah7d 0.483589 498909 18623.5 1070190
Ac7h 0.483582 498912 18613 1070190
Ac7d 0.483582 498912 18613 1070190
Ad7c 0.483521 498836 18623.5 1070190
Ah7c 0.483521 498836 18623.5 1070190
As7d 0.482956 498304 18550.5 1070190
As7h 0.482956 498304 18550.5 1070190
As7c 0.482888 498231 18550.5 1070190
Ad7s 0.482847 498137 18601 1070190
Ah7s 0.482847 498137 18601 1070190
Ac7s 0.48284 498140 18590.5 1070190
As7s 0.482213 497532 18528 1070190
Ah5d 0.481011 493107 21666 1070190
Ad5h 0.481011 493107 21666 1070190
Ac5h 0.480997 493100 21658 1070190
Ac5d 0.480997 493100 21658 1070190
Ah5c 0.480943 493034 21666 1070190
Ad5c 0.480943 493034 21666 1070190
As5d 0.48041 492551 21579.5 1070190
As5h 0.48041 492551 21579.5 1070190
As5c 0.480342 492478 21579.5 1070190
Ad5s 0.480266 492332 21643.5 1070190
Ah5s 0.480266 492332 21643.5 1070190
Ac5s 0.480252 492325 21635.5 1070190
As5s 0.479665 491776 21557 1070190
Ad4h 0.477214 488283 22426.5 1070190
Ah4d 0.477214 488283 22426.5 1070190
Ac4h 0.477198 488274 22419 1070190
Ac4d 0.477198 488274 22419 1070190
Ad4c 0.477146 488210 22426.5 1070190
Ah4c 0.477146 488210 22426.5 1070190
As4d 0.476623 487741 22336.5 1070190
As4h 0.476623 487741 22336.5 1070190
Ad6h 0.476594 489711 20335 1070190
Ah6d 0.476594 489711 20335 1070190
Ac6h 0.476583 489708 20326 1070190
Ac6d 0.476583 489708 20326 1070190
As4c 0.476555 487668 22336.5 1070190
Ah6c 0.476526 489638 20335 1070190
Ad6c 0.476526 489638 20335 1070190
Ah4s 0.476469 487508 22404 1070190
Ad4s 0.476469 487508 22404 1070190
Ac4s 0.476453 487499 22396.5 1070190
Jh9d 0.476098 493165 16350 1070190
Jc9h 0.476049 493125 16338 1070190
Jc9d 0.476043 493122 16334.5 1070190
Jd9h 0.476043 493103 16353 1070190
Jh9c 0.476037 493100 16350 1070190
As6d 0.475984 489139 20254.5 1070190
As6h 0.475984 489139 20254.5 1070190
Jd9c 0.475976 493035 16349.5 1070190
As6c 0.475916 489066 20254.5 1070190
As4s 0.475878 486966 22314 1070190
Ad6s 0.475851 488939 20312.5 1070190
Ah6s 0.475851 488939 20312.5 1070190
Ac6s 0.47584 488936 20303.5 1070190
Ad3h 0.475549 486501 22426.5 1070190
Ah3d 0.475549 486501 22426.5 1070190
Ac3h 0.475533 486492 22419 1070190
Ac3d 0.475533 486492 22419 1070190
Ad3c 0.475481 486428 22426.5 1070190
Ah3c 0.475481 486428 22426.5 1070190
Jh9s 0.475422 492472 16319.5 1070190
Js9h 0.475417 492492 16294.5 1070190
Js9d 0.475411 492489 16291 1070190
Jc9s 0.475367 492429 16304 1070190
Jd9s 0.47536 492407 16319 1070190
Js9c 0.47535 492424 16291 1070190
As6s 0.475242 488367 20232 1070190
As3h 0.474958 485959 22336.5 1070190
As3d 0.474958 485959 22336.5 1070190
As3c 0.47489 485886 22336.5 1070190
Ah3s 0.474804 485726 22404 1070190
Ad3s 0.474804 485726 22404 1070190
Ac3s 0.474788 485717 22396.5 1070190
Js9s 0.474735 491796 16260.5 1070190
As3s 0.474213 485184 22314 1070190
Qh8h 0.455567 469549 17994.5 1070190
Qd8d 0.455122 468876 18190.5 1070190
Qc8c 0.454828 468429 18323.5 1070190
Qh7h 0.447842 459475 19800.5 1070190
Qd7d 0.447384 458789 19996.5 1070190
Qc7c 0.447164 458443 20107.5 1070190
Qh6h 0.441188 450733 21422 1070190
Qd6d 0.440725 450041 21618 1070190
Qc6c 0.440562 449773 21712.5 1070190
Qh5h 0.435326 443201 22681 1070190
Qd5d 0.434857 442503 22877 1070190
Qc5c 0.434734 442288 22960.5 1070190
Qh4h 0.431647 438545 23399.5 1070190
Qd4d 0.431178 437847 23595.5 1070190
Qc4c 0.431071 437654 23673.5 1070190
Qh3h 0.429982 436763 23399.5 1070190
Qd3d 0.429513 436065 23595.5 1070190
Qc3c 0.429406 435872 23673.5 1070190
Qh8d 0.42866 439804 18943.5 1070190
Qd8h 0.428601 439737 18947 1070190
Qc8h 0.428599 439748 18934.5 1070190
Qc8d 0.428593 439745 18931 1070190
Qh8c 0.428592 439731 18943.5 1070190
Qd8c 0.428526 439661 18943.5 1070190
Qs8h 0.428024 439184 18882.5 1070190
Qs8d 0.428017 439181 18879 1070190
Qh8s 0.427957 439074 18921 1070190
Qs8c 0.427949 439108 18879 1070190
Qd8s 0.427891 439004 18921 1070190
Qc8s 0.42789 439015 18908.5 1070190
Qs8s 0.427314 438451 18856.5 1070190
Qh7d 0.420598 429274 20845.5 1070190
Qd7h 0.420538 429207 20849 1070190
Qc7h 0.420531 429210 20838.5 1070190
Qh7c 0.42053 429201 20845.5 1070190
Qc7d 0.420525 429207 20835 1070190
Qd7c 0.420464 429131 20845.5 1070190
Qs7h 0.419989 428692 20776.5 1070190
Qs7d 0.419983 428689 20773 1070190
Qs7c 0.419915 428616 20773 1070190
Qh7s 0.419895 428544 20823 1070190
Qd7s 0.419829 428474 20823 1070190
Qc7s 0.419822 428477 20812.5 1070190
Qs7s 0.41928 427959 20750.5 1070190
Qh6d 0.413661 420139 22557 1070190
Jh8h 0.413633 424814 17851.5 1070190
Qd6h 0.413602 420072 22560.5 1070190
Qh6c 0.413593 420066 22557 1070190
Qc6h 0.413591 420069 22551.5 1070190
Qc6d 0.413585 420066 22548 1070190
Qd6c 0.413528 419996 22557 1070190
Jd8d 0.413329 424288 18053 1070190
Qs6h 0.413077 419590 22480.5 1070190
Qs6d 0.413071 419587 22477 1070190
Jc8c 0.41303 423835 18186 1070190
Qs6c 0.413002 419514 22477 1070190
Qh6s 0.412959 419410 22534.5 1070190
Qd6s 0.412894 419340 22534.5 1070190
Qc6s 0.412882 419337 22525.5 1070190
Qs6s 0.412368 418858 22454.5 1070190
Qh5d 0.407556 412274 23888 1070190
Qd5h 0.407496 412207 23891.5 1070190
Qh5c 0.407487 412201 23888 1070190
Qc5h 0.407482 412200 23883.5 1070190
Qc5d 0.407476 412197 23880 1070190
Qd5c 0.407422 412131 23888 1070190
Qs5h 0.406989 411750 23805.5 1070190
Qs5d 0.406983 411747 23802 1070190
Qs5c 0.406915 411674 23802 1070190
Qh5s 0.406853 411544 23865.5 1070190
Qd5s 0.406787 411474 23865.5 1070190
Qc5s 0.406773 411467 23857.5 1070190
Qs5s 0.40628 411017 23779.5 1070190
Jh7h 0.40624 415452 19301.5 1070190
Jd7d 0.405924 414913 19503 1070190
Jc7c 0.405699 414561 19614 1070190
Qh4d 0.403759 407450 24648.5 1070190
Qd4h 0.403699 407383 24652 1070190
Qh4c 0.40369 407377 24648.5 1070190
Qc4h 0.403684 407374 24644.5 1070190
Qc4d 0.403678 407371 24641 1070190
Qd4c 0.403625 407307 24648.5 1070190
Qs4h 0.403202 406940 24562.5 1070190
Qs4d 0.403196 406937 24559 1070190
Qs4c 0.403127 406864 24559 1070190
Qh4s 0.403056 406720 24626 1070190
Qd4s 0.40299 406650 24626 1070190
Qc4s 0.402975 406641 24618.5 1070190
Qs4s 0.402493 406207 24536.5 1070190
Qh3d 0.402094 405668 24648.5 1070190
Qd3h 0.402034 405601 24652 1070190
Qh3c 0.402025 405595 24648.5 1070190
Qc3h 0.402019 405592 24644.5 1070190
Qc3d 0.402013 405589 24641 1070190
Qd3c 0.40196 405525 24648.5 1070190
Qs3h 0.401537 405158 24562.5 1070190
Qs3d 0.401531 405155 24559 1070190
Qs3c 0.401462 405082 24559 1070190
Qh3s 0.40139 404938 24626 1070190
Qd3s 0.401325 404868 24626 1070190
Qc3s 0.40131 404859 24618.5 1070190
Qs3s 0.400827 404425 24536.5 1070190
Jh6h 0.388545 394627 21190 1070190
Jd6d 0.388213 394070 21391.5 1070190
Jc6c 0.388056 393808 21486 1070190
Jh8d 0.385005 393228 18800.5 1070190
Jd8h 0.384946 393162 18803.5 1070190
Jc8h 0.384945 393173 18791 1070190
Jc8d 0.384938 393169 18787.5 1070190
Jh8c 0.384937 393155 18800.5 1070190
Jd8c 0.384871 393085 18800 1070190
Js8h 0.384371 392611 18739.5 1070190
Js8d 0.384364 392607 18736 1070190
Jh8s 0.384331 392529 18778 1070190
Js8c 0.384296 392534 18736 1070190
Jd8s 0.384265 392459 18777.5 1070190
Jc8s 0.384264 392470 18765 1070190
Js8s 0.38369 391908 18713.5 1070190
Jh5h 0.382683 387095 22449 1070190
Jd5d 0.382346 386532 22650.5 1070190
Jc5c 0.382228 386323 22734 1070190
Jh4h 0.379004 382439 23167.5 1070190
Jd4d 0.378666 381876 23369 1070190
Jc4c 0.378565 381689 23447 1070190
Jh3h 0.377339 380657 23167.5 1070190
Jh7d 0.377298 383458 20322.5 1070190
Jd7h 0.377239 383392 20325.5 1070190
Jc7h 0.377232 383395 20315 1070190
Jh7c 0.37723 383385 20322.5 1070190
Jc7d 0.377225 383391 20311.5 1070190
Jd7c 0.377164 383315 20322 1070190
Jd3d 0.377001 380094 23369 1070190
Jc3c 0.376899 379907 23447 1070190
Js7h 0.376691 382875 20255.5 1070190
Js7d 0.376684 382871 20252 1070190
Jh7s 0.376624 382759 20300 1070190
Js7c 0.376615 382798 20252 1070190
Jd7s 0.376558 382689 20299.5 1070190
Jc7s 0.376551 382692 20289 1070190
Js7s 0.376009 382172 20229.5 1070190
Jh6d 0.358628 361481 22319 1070190
Jd6h 0.358569 361415 22322 1070190
Jh6c 0.35856 361408 22319 1070190
Jc6h 0.358558 361412 22313 1070190
Jc6d 0.358551 361408 22309.5 1070190
Jd6c 0.358494 361338 22318.5 1070190
Js6h 0.358048 360936 22243 1070190
Js6d 0.358041 360932 22239.5 1070190
Js6c 0.357972 360859 22239.5 1070190
Jh6s 0.357959 360788 22296.5 1070190
Jd6s 0.357893 360718 22296 1070190
Jc6s 0.357882 360715 22287 1070190
Js6s 0.357372 360239 22217 1070190
9d8d 0.356754 359419 22376 1070190
9h8h 0.356608 359367 22271.5 1070190
9c8c 0.355845 357932 22890 1070190
Jh5d 0.352522 353616 23650 1070190
Jd5h 0.352464 353550 23653 1070190
Jh5c 0.352454 353543 23650 1070190
Jc5h 0.35245 353543 23645 1070190
Jc5d 0.352443 353539 23641.5 1070190
Jd5c 0.352388 353473 23649.5 1070190
Js5h 0.35196 353096 23568 1070190
Js5d 0.351953 353092 23564.5 1070190
Js5c 0.351885 353019 23564.5 1070190
Jh5s 0.351853 352922 23627.5 1070190
Jd5s 0.351787 352852 23627 1070190
Jc5s 0.351773 352845 23619 1070190
Js5s 0.351283 352398 23542 1070190
9d7d 0.34935 350045 23826 1070190
9h7h 0.349215 350005 23721.5 1070190
Jh4d 0.348725 348792 24410.5 1070190
Jd4h 0.348667 348726 24413.5 1070190
Jh4c 0.348657 348719 24410.5 1070190
Jc4h 0.348651 348717 24406 1070190
Jc4d 0.348644 348713 24402.5 1070190
Jd4c 0.348591 348649 24410 1070190
9c7c 0.348514 348658 24318 1070190
Js4h 0.348173 348286 24325 1070190
Js4d 0.348166 348282 24321.5 1070190
Js4c 0.348098 348209 24321.5 1070190
Jh4s 0.348056 348098 24388 1070190
Jd4s 0.34799 348028 24387.5 1070190
Jc4s 0.347975 348019 24380 1070190
Js4s 0.347496 347588 24299 1070190
Jh3d 0.34706 347010 24410.5 1070190
Jd3h 0.347001 346944 24413.5 1070190
Jh3c 0.346992 346937 24410.5 1070190
Jc3h 0.346986 346935 24406 1070190
Jc3d 0.346979 346931 24402.5 1070190
Jd3c 0.346926 346867 24410 1070190
Js3h 0.346508 346504 24325 1070190
Js3d 0.346501 346500 24321.5 1070190
Js3c 0.346432 346427 24321.5 1070190
Jh3s 0.346391 346316 24388 1070190
Jd3s 0.346325 346246 24387.5 1070190
Jc3s 0.34631 346237 24380 1070190
Js3s 0.345831 345806 24299 1070190
9d6d 0.332111 329974 25447.5 1070190
9h6h 0.331992 329952 25343 1070190
9c6c 0.331343 328677 25923 1070190
9d8h 0.325819 325222 23466 1070190
9h8d 0.325819 325222 23466 1070190
9c8h 0.325753 325162 23456 1070190
9c8d 0.325752 325162 23455 1070190
9h8c 0.325752 325160 23456 1070190
9d8c 0.325751 325160 23455 1070190
9s8h 0.325227 324647 23407.5 1070190
9s8d 0.325226 324647 23406.5 1070190
9h8s 0.325184 324575 23433.5 1070190
9d8s 0.325183 324575 23432.5 1070190
9s8c 0.325159 324585 23396.5 1070190
9c8s 0.325118 324515 23422.5 1070190
9s8s 0.324591 324000 23374 1070190
9d7h 0.318112 315452 24988 1070190
9h7d 0.318112 315452 24988 1070190
9h7c 0.318044 315390 24978 1070190
9d7c 0.318044 315390 24977 1070190
9c7h 0.318041 315384 24980 1070190
9c7d 0.31804 315384 24979 1070190
9s7h 0.317546 314911 24923.5 1070190
9s7d 0.317545 314911 24922.5 1070190
9s7c 0.317478 314849 24912.5 1070190
9h7s 0.317477 314805 24955.5 1070190
9d7s 0.317476 314805 24954.5 1070190
9c7s 0.317405 314737 24946.5 1070190
9s7s 0.31691 314264 24890 1070190
9d5d 0.314493 309683 26884.5 1070190
9h5h 0.314396 309683 26780 1070190
9c5c 0.31378 308455 27349 1070190
9d4d 0.310814 305027 27603 1070190
9h4h 0.310716 305027 27498.5 1070190
9c4c 0.310116 303821 28062 1070190
9d3d 0.309149 303245 27603 1070190
9h3h 0.309051 303245 27498.5 1070190
9c3c 0.308451 302039 28062 1070190
8d7d 0.305682 303971 23167 1070190
8h7h 0.305548 303932 23062.5 1070190
8c7c 0.305091 302779 23726 1070190
9h6d 0.299944 294298 26699.5 1070190
9d6h 0.299944 294298 26699.5 1070190
9h6c 0.299877 294236 26689.5 1070190
9d6c 0.299876 294236 26688.5 1070190
9c6h 0.299869 294224 26693 1070190
9c6d 0.299868 294224 26692 1070190
9s6h 0.299405 293793 26627.5 1070190
9s6d 0.299404 293793 26626.5 1070190
9s6c 0.299337 293731 26616.5 1070190
9h6s 0.299314 293656 26667 1070190
9d6s 0.299313 293656 26666 1070190
9c6s 0.299238 293582 26659.5 1070190
9s6s 0.298774 293151 26594 1070190
8d6d 0.290421 286017 24788.5 1070190
8h6h 0.290303 285995 24684 1070190
8c6c 0.289897 284914 25331 1070190
9h5d 0.281366 272895 28220.5 1070190
9d5h 0.281366 272895 28220.5 1070190
9h5c 0.281299 272833 28210.5 1070190
9d5c 0.281298 272833 28209.5 1070190
9c5h 0.281288 272817 28215 1070190
9c5d 0.281287 272817 28214 1070190
9s5h 0.280849 272420 28141.5 1070190
9s5d 0.280848 272420 28140.5 1070190
9s5c 0.280781 272358 28130.5 1070190
9h5s 0.280741 272258 28188 1070190
9d5s 0.28074 272258 28187 1070190
9c5s 0.280662 272180 28181.5 1070190
9s5s 0.280222 271783 28108 1070190
9h4d 0.277569 268071 28981 1070190
9d4h 0.277569 268071 28981 1070190
9h4c 0.277502 268009 28971 1070190
9d4c 0.277501 268009 28970 1070190
9c4h 0.27749 267991 28976 1070190
9c4d 0.277489 267991 28975 1070190
9s4h 0.277062 267610 28898.5 1070190
9s4d 0.277061 267610 28897.5 1070190
9s4c 0.276993 267548 28887.5 1070190
9h4s 0.276944 267434 28948.5 1070190
9d4s 0.276943 267434 28947.5 1070190
9c4s 0.276863 267354 28942.5 1070190
9s4s 0.276435 266973 28865 1070190
9d3h 0.275904 266289 28981 1070190
9h3d 0.275904 266289 28981 1070190
9h3c 0.275837 266227 28971 1070190
9d3c 0.275836 266227 28970 1070190
9c3h 0.275825 266209 28976 1070190
9c3d 0.275824 266209 28975 1070190
9s3h 0.275396 265828 28898.5 1070190
9s3d 0.275395 265828 28897.5 1070190
9s3c 0.275328 265766 28887.5 1070190
9h3s 0.275279 265652 28948.5 1070190
9d3s 0.275278 265652 28947.5 1070190
9c3s 0.275198 265572 28942.5 1070190
9s3s 0.27477 265191 28865 1070190
8d5d 0.273026 265964 26225.5 1070190
8h5h 0.272928 265964 26121 1070190
8c5c 0.272556 264930 26757 1070190
8h7d 0.272151 266939 24314 1070190
8d7h 0.272151 266939 24314 1070190
8h7c 0.272082 266877 24302 1070190
8d7c 0.272081 266877 24301 1070190
8c7h 0.272078 266869 24306 1070190
8c7d 0.272077 266869 24305 1070190
8s7h 0.271571 266377 24255.5 1070190
8s7d 0.27157 266377 24254.5 1070190
8h7s 0.271549 266329 24279.5 1070190
8d7s 0.271548 266329 24278.5 1070190
8s7c 0.271501 266315 24242.5 1070190
8c7s 0.271475 266259 24270.5 1070190
8s7s 0.270968 265767 24220 1070190
8d4d 0.269347 261308 26944 1070190
8h4h 0.269249 261308 26839.5 1070190
8c4c 0.268892 260296 27470 1070190
8d3d 0.267681 259526 26944 1070190
8h3h 0.267584 259526 26839.5 1070190
8c3c 0.267227 258514 27470 1070190
7d6d 0.260541 254966 23862.5 1070190
7h6h 0.260424 254945 23758 1070190
7c6c 0.260297 254112 24455 1070190
8h6d 0.256088 248037 26025.5 1070190
8d6h 0.256088 248037 26025.5 1070190
8h6c 0.256019 247975 26013.5 1070190
8d6c 0.256018 247975 26012.5 1070190
8c6h 0.256011 247961 26019 1070190
8c6d 0.25601 247961 26018 1070190
8s6h 0.255535 247511 25959.5 1070190
8s6d 0.255534 247511 25958.5 1070190
8h6s 0.255489 247431 25991 1070190
8d6s 0.255488 247431 25990 1070190
8s6c 0.255464 247449 25946.5 1070190
8c6s 0.255411 247355 25983.5 1070190
8s6s 0.254935 246905 25924 1070190
7d5d 0.243147 234914 25299.5 1070190
7h5h 0.243049 234914 25195 1070190
7c5c 0.242956 234128 25881 1070190
7d4d 0.239468 230258 26018 1070190
7h4h 0.23937 230258 25913.5 1070190
7c4c 0.239292 229494 26594 1070190
7d3d 0.237803 228476 26018 1070190
8h5d 0.237746 226887 27546.5 1070190
8d5h 0.237746 226887 27546.5 1070190
7h3h 0.237705 228476 25913.5 1070190
8h5c 0.237677 226825 27534.5 1070190
8d5c 0.237676 226825 27533.5 1070190
8c5h 0.237666 226807 27541 1070190
8c5d 0.237665 226807 27540 1070190
7c3c 0.237627 227712 26594 1070190
8s5h 0.237214 226391 27473.5 1070190
8s5d 0.237213 226391 27472.5 1070190
8h5s 0.237152 226286 27512 1070190
8d5s 0.237151 226286 27511 1070190
8s5c 0.237144 226329 27460.5 1070190
8c5s 0.237071 226206 27505.5 1070190
8s5s 0.23662 225790 27438 1070190
6c5c 0.234855 227059 24280 1070190
6d5d 0.234743 227562 23658 1070190
6h5h 0.234646 227562 23553.5 1070190
8d4h 0.233949 222063 28307 1070190
8h4d 0.233949 222063 28307 1070190
8h4c 0.23388 222001 28295 1070190
8d4c 0.233879 222001 28294 1070190
8c4h 0.233868 221981 28302 1070190
8c4d 0.233867 221981 28301 1070190
8s4h 0.233427 221581 28230.5 1070190
8s4d 0.233426 221581 28229.5 1070190
8s4c 0.233357 221519 28217.5 1070190
8h4s 0.233355 221462 28272.5 1070190
8d4s 0.233354 221462 28271.5 1070190
8c4s 0.233273 221380 28266.5 1070190
8s4s 0.232832 220980 28195 1070190
8d3h 0.232284 220281 28307 1070190
8h3d 0.232284 220281 28307 1070190
8h3c 0.232215 220219 28295 1070190
8d3c 0.232214 220219 28294 1070190
8c3h 0.232203 220199 28302 1070190
8c3d 0.232202 220199 28301 1070190
8s3h 0.231762 219799 28230.5 1070190
8s3d 0.231761 219799 28229.5 1070190
8s3c 0.231692 219737 28217.5 1070190
8h3s 0.23169 219680 28272.5 1070190
8d3s 0.231689 219680 28271.5 1070190
8c3s 0.231608 219598 28266.5 1070190
6c4c 0.231191 222425 24993 1070190
8s3s 0.231167 219198 28195 1070190
6d4d 0.231064 222906 24376.5 1070190
6h4h 0.230966 222906 24272 1070190
6c3c 0.229526 220643 24993 1070190
6d3d 0.229399 221124 24376.5 1070190
6h3h 0.229301 221124 24272 1070190
5c4c 0.228995 222484 22584 1070190
5d4d 0.228603 222720 21929 1070190
5h4h 0.228506 222720 21824.5 1070190
5c3c 0.22733 220702 22584 1070190
5d3d 0.226938 220938 21929 1070190
5h3h 0.226841 220938 21824.5 1070190
7h6d 0.224894 215611 25068 1070190
7d6h 0.224894 215611 25068 1070190
7h6c 0.224821 215547 25054.5 1070190
7d6c 0.22482 215547 25053.5 1070190
7c6h 0.224816 215535 25060.5 1070190
7c6d 0.224815 215535 25059.5 1070190
7s6h 0.224346 215085 25008 1070190
7s6d 0.224345 215085 25007 1070190
7h6s 0.224326 215039 25032 1070190
7d6s 0.224325 215039 25031 1070190
7s6c 0.224273 215021 24993.5 1070190
7c6s 0.224247 214963 25023.5 1070190
7s6s 0.223777 214513 24971 1070190
4c3c 0.216778 212532 19462 1070190
4d3d 0.21622 212634 18763 1070190
4h3h 0.216123 212634 18658.5 1070190
7d5h 0.206552 194461 26589 1070190
7h5d 0.206552 194461 26589 1070190
7h5c 0.20648 194397 26575.5 1070190
7d5c 0.206479 194397 26574.5 1070190
7c5h 0.206471 194381 26582.5 1070190
7c5d 0.20647 194381 26581.5 1070190
7s5h 0.206026 193965 26522 1070190
7s5d 0.206025 193965 26521 1070190
7h5s 0.205989 193894 26553 1070190
7d5s 0.205988 193894 26552 1070190
7s5c 0.205953 193901 26507.5 1070190
7c5s 0.205907 193814 26545.5 1070190
7s5s 0.205462 193398 26485 1070190
7d4h 0.202755 189637 27349.5 1070190
7h4d 0.202755 189637 27349.5 1070190
7h4c 0.202683 189573 27336 1070190
7d4c 0.202682 189573 27335 1070190
7c4h 0.202673 189555 27343.5 1070190
7c4d 0.202672 189555 27342.5 1070190
7s4h 0.202239 189155 27279 1070190
7s4d 0.202238 189155 27278 1070190
7h4s 0.202192 189070 27313.5 1070190
7d4s 0.202191 189070 27312.5 1070190
7s4c 0.202166 189091 27264.5 1070190
7c4s 0.202109 188988 27306.5 1070190
7s4s 0.201674 188588 27242 1070190
7h3d 0.20109 187855 27349.5 1070190
7d3h 0.20109 187855 27349.5 1070190
7h3c 0.201018 187791 27336 1070190
7d3c 0.201017 187791 27335 1070190
7c3h 0.201008 187773 27343.5 1070190
7c3d 0.201007 187773 27342.5 1070190
7s3h 0.200574 187373 27279 1070190
7s3d 0.200573 187373 27278 1070190
7h3s 0.200527 187288 27313.5 1070190
7d3s 0.200526 187288 27312.5 1070190
7s3c 0.2005 187309 27264.5 1070190
7c3s 0.200443 187206 27306.5 1070190
7s3s 0.200009 186806 27242 1070190
6d5h 0.198085 187118 24871 1070190
6h5d 0.198085 187118 24871 1070190
6h5c 0.198008 187050 24856.5 1070190
6d5c 0.198007 187050 24855.5 1070190
6c5h 0.198003 187038 24862.5 1070190
6c5d 0.198002 187038 24861.5 1070190
6s5h 0.197561 186616 24812 1070190
6s5d 0.19756 186616 24811 1070190
6h5s 0.197542 186574 24834 1070190
6d5s 0.197542 186574 24833 1070190
6s5c 0.197483 186548 24796.5 1070190
6c5s 0.197459 186494 24824.5 1070190
6s5s 0.197017 186072 24774 1070190
6h4d 0.194288 182294 25631.5 1070190
6d4h 0.194288 182294 25631.5 1070190
6h4c 0.194211 182226 25617 1070190
6d4c 0.19421 182226 25616 1070190
6c4h 0.194204 182212 25623.5 1070190
6c4d 0.194203 182212 25622.5 1070190
6s4h 0.193774 181806 25569 1070190
6s4d 0.193773 181806 25568 1070190
6h4s 0.193746 181750 25594.5 1070190
6d4s 0.193745 181750 25593.5 1070190
6s4c 0.193696 181738 25553.5 1070190
6c4s 0.19366 181668 25585.5 1070190
6s4s 0.19323 181262 25531 1070190
6d3h 0.192623 180512 25631.5 1070190
6h3d 0.192623 180512 25631.5 1070190
6h3c 0.192546 180444 25617 1070190
6d3c 0.192545 180444 25616 1070190
6c3h 0.192539 180430 25623.5 1070190
6c3d 0.192538 180430 25622.5 1070190
6s3h 0.192109 180024 25569 1070190
6s3d 0.192108 180024 25568 1070190
6h3s 0.19208 179968 25594.5 1070190
6d3s 0.192079 179968 25593.5 1070190
6s3c 0.192031 179956 25553.5 1070190
5h4d 0.192026 182446 23058 1070190
5d4h 0.192026 182446 23058 1070190
6c3s 0.191995 179886 25585.5 1070190
5h4c 0.191943 182372 23043 1070190
5d4c 0.191942 182372 23042 1070190
5c4h 0.191939 182364 23047 1070190
5c4d 0.191938 182364 23046 1070190
6s3s 0.191565 179480 25531 1070190
5s4h 0.191516 181952 23006.5 1070190
5s4d 0.191515 181952 23005.5 1070190
5h4s 0.191503 181924 23020.5 1070190
5d4s 0.191502 181924 23019.5 1070190
5s4c 0.191432 181878 22990.5 1070190
5c4s 0.191415 181842 23008.5 1070190
5s4s 0.190992 181430 22968 1070190
5d3h 0.190361 180664 23058 1070190
5h3d 0.190361 180664 23058 1070190
5h3c 0.190277 180590 23043 1070190
5d3c 0.190276 180590 23042 1070190
5c3h 0.190274 180582 23047 1070190
5c3d 0.190273 180582 23046 1070190
5s3h 0.189851 180170 23006.5 1070190
5s3d 0.18985 180170 23005.5 1070190
5h3s 0.189838 180142 23020.5 1070190
5d3s 0.189837 180142 23019.5 1070190
5s3c 0.189767 180096 22990.5 1070190
5c3s 0.18975 180060 23008.5 1070190
5s3s 0.189327 179648 22968 1070190
4d3h 0.179198 172052 19724 1070190
4h3d 0.179198 172052 19724 1070190
4c3h 0.179107 171970 19709 1070190
4h3c 0.179107 171970 19709 1070190
4d3c 0.179107 171970 19708 1070190
4c3d 0.179107 171970 19708 1070190
4h3s 0.178701 171558 19686.5 1070190
4s3h 0.178701 171558 19686.5 1070190
4s3d 0.178701 171558 19685.5 1070190
4d3s 0.178701 171558 19685.5 1070190
4s3c 0.17861 171476 19670.5 1070190
4c3s 0.17861 171476 19670.5 1070190
4s3s 0.178204 171064 19648 1070190
