3s3h 0.999636 1069800 0 1070190
9s9d 0.989824 1059150 150 1070190
9d9c 0.989824 1059150 150 1070190
9s9c 0.989824 1059150 150 1070190
9c3h 0.983965 1049668 3362 1070190
9c3s 0.983965 1049668 3362 1070190
9d3h 0.983965 1049668 3362 1070190
9d3s 0.983965 1049668 3362 1070190
9s3h 0.983965 1049668 3362 1070190
9s3s 0.983965 1049668 3362 1070190
Ah3h 0.9518 1012410 6196.5 1070190
Ad3h 0.95001 1010427 6264 1070190
Ac3h 0.95001 1010427 6264 1070190
Ad3s 0.949652 1010067 6241.5 1070190
Ac3s 0.949652 1010067 6241.5 1070190
As3h 0.949631 1010022 6264 1070190
Ah3s 0.949629 1010019 6264 1070190
Kh3h 0.949523 1009974 6196.5 1070190
As3s 0.949274 1009662 6241.5 1070190
Qh3h 0.947879 1007974 6436.5 1070190
Kd3h 0.947823 1008087 6264 1070190
Kc3h 0.947823 1008087 6264 1070190
Kd3s 0.9475 1007763 6241.5 1070190
Kc3s 0.9475 1007763 6241.5 1070190
Kh3s 0.947481 1007721 6264 1070190
Ks3h 0.947448 1007685 6264 1070190
Ks3s 0.947124 1007361 6241.5 1070190
Qd3h 0.946281 1006180 6520 1070190
Qc3h 0.946281 1006180 6520 1070190
Jh3h 0.946148 1005702 6856.5 1070190
Qd3s 0.945994 1005900 6493.5 1070190
Qc3s 0.945994 1005900 6493.5 1070190
Qh3s 0.945979 1005861 6516 1070190
Qs3h 0.945908 1005781 6520 1070190
Qs3s 0.945621 1005501 6493.5 1070190
Jc3h 0.944618 1003953 6968 1070190
Jd3h 0.944618 1003953 6968 1070190
Th3h 0.944444 1003338 7396.5 1070190
Jc3s 0.944371 1003722 6934.5 1070190
Jd3s 0.944371 1003722 6934.5 1070190
Jh3s 0.944358 1003686 6957 1070190
Js3h 0.944248 1003557 6968 1070190
Js3s 0.944001 1003326 6934.5 1070190
Tc3h 0.942956 1001598 7544 1070190
Td3h 0.942956 1001598 7544 1070190
Td3s 0.942748 1001418 7501.5 1070190
Tc3s 0.942748 1001418 7501.5 1070190
Th3s 0.942738 1001385 7524 1070190
Ts3h 0.942589 1001205 7544 1070190
Ts3s 0.942381 1001025 7501.5 1070190
8h3h 0.938718 993439 11167.5 1070190
7h3h 0.937901 992205 11527.5 1070190
6h3h 0.937447 991539 11707.5 1070190
5h3h 0.937243 991261 11767.5 1070190
8d3h 0.937019 991233 11555 1070190
8c3h 0.937019 991233 11555 1070190
8d3s 0.936895 991203 11452.5 1070190
8c3s 0.936895 991203 11452.5 1070190
8h3s 0.936885 991170 11475 1070190
8s3h 0.936651 990840 11555 1070190
8s3s 0.936528 990810 11452.5 1070190
4h3h 0.936348 990303 11767.5 1070190
7c3h 0.936267 990045 11939 1070190
7d3h 0.936267 990045 11939 1070190
7c3s 0.936155 990033 11830.5 1070190
7d3s 0.936155 990033 11830.5 1070190
7h3s 0.936139 989994 11853 1070190
7s3h 0.935897 989649 11939 1070190
6d3h 0.935875 989433 12131 1070190
6c3h 0.935875 989433 12131 1070190
7s3s 0.935785 989637 11830.5 1070190
6c3s 0.935768 989430 12019.5 1070190
6d3s 0.935768 989430 12019.5 1070190
6h3s 0.935747 989385 12042 1070190
5d3h 0.935722 989205 12195 1070190
5c3h 0.935722 989205 12195 1070190
5d3s 0.935617 989205 12082.5 1070190
5c3s 0.935617 989205 12082.5 1070190
5h3s 0.93559 989154 12105 1070190
6s3h 0.935502 989034 12131 1070190
6s3s 0.935395 989031 12019.5 1070190
5s3h 0.935346 988803 12195 1070190
5s3s 0.935241 988803 12082.5 1070190
3h2h 0.935057 988932 11757 1070190
4c3h 0.934805 988224 12195 1070190
4d3h 0.934805 988224 12195 1070190
4d3s 0.9347 988224 12082.5 1070190
4c3s 0.9347 988224 12082.5 1070190
4h3s 0.93467 988170 12105 1070190
4s3h 0.934427 987819 12195 1070190
4s3s 0.934321 987819 12082.5 1070190
3h2d 0.933461 986796 12184.5 1070190
3h2c 0.933461 986796 12184.5 1070190
3s2d 0.933356 986796 12072 1070190
3s2c 0.933356 986796 12072 1070190
3s2h 0.933329 986745 12094.5 1070190
3h2s 0.933082 986391 12184.5 1070190
3s2s 0.932977 986391 12072 1070190
AdAc 0.885499 947114 538 1070190
AhAd 0.88537 946976 538 1070190
AhAc 0.88537 946976 538 1070190
AsAd 0.885036 946619 538 1070190
AsAc 0.885036 946619 538 1070190
AsAh 0.884907 946481 538 1070190
KdKc 0.862382 922379 534 1070190
KhKd 0.862259 922247 534 1070190
KhKc 0.862259 922247 534 1070190
KsKc 0.861923 921887 534 1070190
KsKd 0.861923 921887 534 1070190
KsKh 0.861799 921755 534 1070190
QdQc 0.840478 898941 530 1070190
QhQd 0.840357 898812 530 1070190
QhQc 0.840357 898812 530 1070190
QsQc 0.840021 898452 530 1070190
QsQd 0.840021 898452 530 1070190
QsQh 0.8399 898323 530 1070190
JdJc 0.818723 875663 526 1070190
JhJd 0.818605 875537 526 1070190
JhJc 0.818605 875537 526 1070190
JsJc 0.818269 875177 526 1070190
JsJd 0.818269 875177 526 1070190
JsJh 0.818151 875051 526 1070190
Ac9c 0.808898 857925 7750 1070190
Ad9d 0.808898 857925 7750 1070190
Ac9d 0.798974 847146 7907.5 1070190
Ad9c 0.798974 847146 7907.5 1070190
Ah9c 0.798868 847056 7885 1070190
Ah9d 0.798868 847056 7885 1070190
Ac9s 0.798532 846696 7885 1070190
Ad9s 0.798532 846696 7885 1070190
Ah9s 0.798427 846606 7862.5 1070190
As9c 0.798201 846342 7885 1070190
As9d 0.798201 846342 7885 1070190
Kd9d 0.798138 842086 12073 1070190
Kc9c 0.798138 842086 12073 1070190
As9s 0.79776 845892 7862.5 1070190
TdTc 0.797117 852545 522 1070190
ThTc 0.797002 852422 522 1070190
ThTd 0.797002 852422 522 1070190
TsTd 0.796666 852062 522 1070190
TsTc 0.796666 852062 522 1070190
TsTh 0.796551 851939 522 1070190
Qd9d 0.789503 829474 15444 1070190
Qc9c 0.789503 829474 15444 1070190
Kc9d 0.78791 830692 12521.5 1070190
Kd9c 0.78791 830692 12521.5 1070190
Kh9c 0.787805 830602 12499 1070190
Kh9d 0.787805 830602 12499 1070190
Kc9s 0.787536 830350 12463 1070190
Kd9s 0.787536 830350 12463 1070190
Kh9s 0.787431 830260 12440.5 1070190
Ks9d 0.787138 829888 12499 1070190
Ks9c 0.787138 829888 12499 1070190
Ks9s 0.786764 829546 12440.5 1070190
Jc9c 0.782466 819405 17982 1070190
Jd9d 0.782466 819405 17982 1070190
Qc9d 0.779114 817680 16119.5 1070190
Qd9c 0.779114 817680 16119.5 1070190
Qh9c 0.779008 817590 16097 1070190
Qh9d 0.779008 817590 16097 1070190
Qd9s 0.778792 817422 16033 1070190
Qc9s 0.778792 817422 16033 1070190
Qh9s 0.778686 817332 16010.5 1070190
Qs9c 0.778347 816882 16097 1070190
Qs9d 0.778347 816882 16097 1070190
Qs9s 0.778025 816624 16010.5 1070190
Tc9c 0.776804 811522 19806 1070190
Td9d 0.776804 811522 19806 1070190
Jc9d 0.771993 807351 18828.5 1070190
Jd9c 0.771993 807351 18828.5 1070190
Jh9c 0.771888 807261 18806 1070190
Jh9d 0.771888 807261 18806 1070190
Jd9s 0.771711 807156 18721 1070190
Jc9s 0.771711 807156 18721 1070190
Jh9s 0.771606 807066 18698.5 1070190
Js9c 0.771232 806559 18806 1070190
Js9d 0.771232 806559 18806 1070190
Js9s 0.77095 806364 18698.5 1070190
Tc9d 0.766312 799324 20775.5 1070190
Td9c 0.766312 799324 20775.5 1070190
Th9c 0.766207 799234 20753 1070190
Th9d 0.766207 799234 20753 1070190
Tc9s 0.766057 799174 20653 1070190
Td9s 0.766057 799174 20653 1070190
Th9s 0.765952 799084 20630.5 1070190
Ts9c 0.765557 798538 20753 1070190
Ts9d 0.765557 798538 20753 1070190
Ts9s 0.765302 798388 20630.5 1070190
9c8c 0.755576 787483 21126.5 1070190
9d8d 0.755576 787483 21126.5 1070190
9d7d 0.753734 784753 21885.5 1070190
9c7c 0.753734 784753 21885.5 1070190
9c6c 0.752559 783094 22287.5 1070190
9d6d 0.752559 783094 22287.5 1070190
9d5d 0.751827 782146 22451.5 1070190
9c5c 0.751827 782146 22451.5 1070190
9c4c 0.751011 781228 22496.5 1070190
9d4d 0.751011 781228 22496.5 1070190
9c8d 0.744061 774108 22179 1070190
9d8c 0.744061 774108 22179 1070190
9c8h 0.743956 774018 22156.5 1070190
9d8h 0.743956 774018 22156.5 1070190
9s8d 0.743825 773988 22046.5 1070190
9s8c 0.743825 773988 22046.5 1070190
9s8h 0.74372 773898 22024 1070190
9c2c 0.743475 771316 24343 1070190
9d2d 0.743475 771316 24343 1070190
9d8s 0.743306 773322 22156.5 1070190
9c8s 0.743306 773322 22156.5 1070190
9s8s 0.74307 773202 22024 1070190
9c7d 0.742121 771222 22989 1070190
9d7c 0.742121 771222 22989 1070190
9d7h 0.742016 771132 22966.5 1070190
9c7h 0.742016 771132 22966.5 1070190
9s7c 0.741897 771120 22850.5 1070190
9s7d 0.741897 771120 22850.5 1070190
9s7h 0.741792 771030 22828 1070190
9d7s 0.741366 770436 22966.5 1070190
9c7s 0.741366 770436 22966.5 1070190
9s7s 0.741141 770334 22828 1070190
9d6c 0.740894 769479 23418 1070190
9c6d 0.740894 769479 23418 1070190
9c6h 0.740789 769389 23395.5 1070190
9d6h 0.740789 769389 23395.5 1070190
9s6d 0.740675 769386 23276.5 1070190
9s6c 0.740675 769386 23276.5 1070190
9s6h 0.740569 769296 23254 1070190
9c5d 0.740141 768498 23593 1070190
9d5c 0.740141 768498 23593 1070190
9d6s 0.740138 768693 23395.5 1070190
9c6s 0.740138 768693 23395.5 1070190
9c5h 0.740035 768408 23570.5 1070190
9d5h 0.740035 768408 23570.5 1070190
9s5d 0.739923 768408 23450.5 1070190
9s5c 0.739923 768408 23450.5 1070190
9s6s 0.739919 768600 23254 1070190
9s5h 0.739818 768318 23428 1070190
9c5s 0.739385 767712 23570.5 1070190
9d5s 0.739385 767712 23570.5 1070190
9d4c 0.739272 767520 23641 1070190
9c4d 0.739272 767520 23641 1070190
9s5s 0.739168 767622 23428 1070190
9d4h 0.739166 767430 23618.5 1070190
9c4h 0.739166 767430 23618.5 1070190
9s4c 0.739054 767430 23498.5 1070190
9s4d 0.739054 767430 23498.5 1070190
9s4h 0.738949 767340 23476 1070190
9d4s 0.73851 766728 23618.5 1070190
9c4s 0.73851 766728 23618.5 1070190
9s4s 0.738293 766638 23476 1070190
9d2c 0.731602 757470 25483 1070190
9c2d 0.731602 757470 25483 1070190
9d2h 0.73156 757470 25438 1070190
9c2h 0.73156 757470 25438 1070190
9s2c 0.731448 757470 25318 1070190
9s2d 0.731448 757470 25318 1070190
9s2h 0.731406 757470 25273 1070190
9c2s 0.730898 756762 25438 1070190
9d2s 0.730898 756762 25438 1070190
9s2s 0.730744 756762 25273 1070190
8d8c 0.682184 726932 3134.5 1070190
8h8d 0.682111 726854 3134.5 1070190
8h8c 0.682111 726854 3134.5 1070190
8s8d 0.681775 726494 3134.5 1070190
8s8c 0.681775 726494 3134.5 1070190
8s8h 0.681702 726416 3134.5 1070190
7d7c 0.661213 704489 3134.5 1070190
7h7d 0.661134 704405 3134.5 1070190
7h7c 0.661134 704405 3134.5 1070190
7s7c 0.660801 704048 3134.5 1070190
7s7d 0.660801 704048 3134.5 1070190
7s7h 0.660722 703964 3134.5 1070190
6d6c 0.640376 682190 3134.5 1070190
6h6c 0.640292 682100 3134.5 1070190
6h6d 0.640292 682100 3134.5 1070190
6s6c 0.639962 681746 3134.5 1070190
6s6d 0.639962 681746 3134.5 1070190
6s6h 0.639877 681656 3134.5 1070190
AcKc 0.630463 658701 16014 1070190
AdKd 0.630463 658701 16014 1070190
AhKh 0.628572 656277 16414.5 1070190
AcQc 0.621999 648879 16778 1070190
AdQd 0.621999 648879 16778 1070190
AhQh 0.620237 646637 17134.5 1070190
5d5c 0.619675 660035 3134.5 1070190
5h5d 0.619585 659939 3134.5 1070190
5h5c 0.619585 659939 3134.5 1070190
5s5d 0.619257 659588 3134.5 1070190
5s5c 0.619257 659588 3134.5 1070190
5s5h 0.619167 659492 3134.5 1070190
AdJd 0.613221 638193 18069.5 1070190
AcJc 0.613221 638193 18069.5 1070190
AdKc 0.612229 638526 16675.5 1070190
AcKd 0.612229 638526 16675.5 1070190
AhKc 0.61212 638445 16639.5 1070190
AhKd 0.61212 638445 16639.5 1070190
AdKh 0.612086 638373 16675.5 1070190
AcKh 0.612086 638373 16675.5 1070190
AhJh 0.611572 636111 18387.5 1070190
AsKd 0.611398 637695 16617 1070190
AsKc 0.611398 637695 16617 1070190
AcKs 0.611364 637623 16653 1070190
AdKs 0.611364 637623 16653 1070190
AhKs 0.611255 637542 16617 1070190
AsKh 0.611255 637542 16617 1070190
AsKs 0.610533 636792 16594.5 1070190
AcTc 0.60446 627177 19710.5 1070190
AdTd 0.60446 627177 19710.5 1070190
AcQd 0.603502 628422 17439.5 1070190
AdQc 0.603502 628422 17439.5 1070190
AhQd 0.603381 628325 17407.5 1070190
AhQc 0.603381 628325 17407.5 1070190
AdQh 0.603359 628269 17439.5 1070190
AcQh 0.603359 628269 17439.5 1070190
AhTh 0.60291 625233 19995.5 1070190
AsQd 0.602697 627619 17381 1070190
AsQc 0.602697 627619 17381 1070190
AcQs 0.602643 627525 17417 1070190
AdQs 0.602643 627525 17417 1070190
AsQh 0.602554 627466 17381 1070190
AhQs 0.602522 627428 17385 1070190
AsQs 0.601838 626722 17358.5 1070190
4d4c 0.598045 636887 3134.5 1070190
4h4c 0.597952 636788 3134.5 1070190
4h4d 0.597952 636788 3134.5 1070190
4s4c 0.597624 636437 3134.5 1070190
4s4d 0.597624 636437 3134.5 1070190
4s4h 0.597532 636338 3134.5 1070190
AdJc 0.594421 617370 18773 1070190
AcJd 0.594421 617370 18773 1070190
AhJd 0.59429 617259 18744.5 1070190
AhJc 0.59429 617259 18744.5 1070190
AdJh 0.594278 617217 18773 1070190
AcJh 0.594278 617217 18773 1070190
AsJc 0.593645 616602 18711 1070190
AsJd 0.593645 616602 18711 1070190
AdJs 0.593567 616479 18750.5 1070190
AcJs 0.593567 616479 18750.5 1070190
AsJh 0.593502 616449 18711 1070190
AhJs 0.593437 616368 18722 1070190
AsJs 0.592791 615711 18688.5 1070190
AdTc 0.585341 605940 20486 1070190
AcTd 0.585341 605940 20486 1070190
AhTd 0.585202 605817 20460.5 1070190
AhTc 0.585202 605817 20460.5 1070190
AdTh 0.585198 605787 20486 1070190
AcTh 0.585198 605787 20486 1070190
AsTc 0.584596 605211 20418 1070190
AsTd 0.584596 605211 20418 1070190
AdTs 0.584493 605055 20463.5 1070190
AcTs 0.584493 605055 20463.5 1070190
AsTh 0.584453 605058 20418 1070190
AhTs 0.584354 604932 20438 1070190
AsTs 0.583748 604326 20395.5 1070190
Ac8c 0.575512 585345 30562 1070190
Ad8d 0.575512 585345 30562 1070190
Ah8h 0.574217 583812 30709.5 1070190
Ac5c 0.574128 582084 32342 1070190
Ad5d 0.574128 582084 32342 1070190
Ah5h 0.572779 580493 32489.5 1070190
Ac4c 0.571958 579762 32342 1070190
Ad4d 0.571958 579762 32342 1070190
Ad7d 0.571655 580149 31630 1070190
Ac7c 0.571655 580149 31630 1070190
Ah4h 0.570604 578165 32489.5 1070190
Ah7h 0.570349 578604 31777.5 1070190
Ad6d 0.568795 576555 32164 1070190
Ac6c 0.568795 576555 32164 1070190
Ah6h 0.567478 574998 32311.5 1070190
Ad2d 0.567096 573987 32913.5 1070190
Ac2c 0.567096 573987 32913.5 1070190
Ah2h 0.565629 572279 33052 1070190
KdQd 0.558813 578685 19351 1070190
KcQc 0.558813 578685 19351 1070190
KhQh 0.556795 575956 19920.5 1070190
Ad8c 0.555571 562659 31907.5 1070190
Ac8d 0.555571 562659 31907.5 1070190
Ad8h 0.555504 562587 31907.5 1070190
Ac8h 0.555504 562587 31907.5 1070190
Ah8c 0.555424 562515 31894.5 1070190
Ah8d 0.555424 562515 31894.5 1070190
As8d 0.554902 562059 31792 1070190
As8c 0.554902 562059 31792 1070190
As8h 0.554835 561987 31792 1070190
Ac8s 0.554799 561855 31885 1070190
Ad8s 0.554799 561855 31885 1070190
Ah8s 0.554652 561711 31872 1070190
Ac5d 0.554395 559501 33807.5 1070190
Ad5c 0.554395 559501 33807.5 1070190
Ac5h 0.554328 559429 33807.5 1070190
Ad5h 0.554328 559429 33807.5 1070190
Ah5d 0.554249 559357 33794.5 1070190
Ah5c 0.554249 559357 33794.5 1070190
As8s 0.55413 561255 31769.5 1070190
As5c 0.553737 558922 33682 1070190
As5d 0.553737 558922 33682 1070190
As5h 0.55367 558850 33682 1070190
Ac5s 0.553621 558695 33785 1070190
Ad5s 0.553621 558695 33785 1070190
Ah5s 0.553475 558551 33772 1070190
As5s 0.552963 558116 33659.5 1070190
Ad4c 0.552175 557125 33807.5 1070190
Ac4d 0.552175 557125 33807.5 1070190
Ad4h 0.552108 557053 33807.5 1070190
Ac4h 0.552108 557053 33807.5 1070190
Ah4d 0.552029 556981 33794.5 1070190
Ah4c 0.552029 556981 33794.5 1070190
Ad7c 0.551574 557241 33047.5 1070190
Ac7d 0.551574 557241 33047.5 1070190
As4c 0.551517 556546 33682 1070190
As4d 0.551517 556546 33682 1070190
Ad7h 0.551506 557169 33047.5 1070190
Ac7h 0.551506 557169 33047.5 1070190
As4h 0.55145 556474 33682 1070190
Ah7d 0.551427 557097 33034.5 1070190
Ah7c 0.551427 557097 33034.5 1070190
Ad4s 0.551396 556313 33785 1070190
Ac4s 0.551396 556313 33785 1070190
Ah4s 0.551249 556169 33772 1070190
As7c 0.550916 556659 32926 1070190
As7d 0.550916 556659 32926 1070190
As7h 0.550849 556587 32926 1070190
Ac7s 0.550801 556437 33025 1070190
Ad7s 0.550801 556437 33025 1070190
As4s 0.550737 555734 33659.5 1070190
Ah7s 0.550655 556293 33012 1070190
As7s 0.550144 555855 32903.5 1070190
KcJc 0.549812 567761 20642.5 1070190
KdJd 0.549812 567761 20642.5 1070190
Ac6d 0.548641 553533 33617.5 1070190
Ad6c 0.548641 553533 33617.5 1070190
Ad6h 0.548574 553461 33617.5 1070190
Ac6h 0.548574 553461 33617.5 1070190
Ah6d 0.548495 553389 33604.5 1070190
Ah6c 0.548495 553389 33604.5 1070190
As6c 0.54799 552960 33493 1070190
As6d 0.54799 552960 33493 1070190
As6h 0.547922 552888 33493 1070190
KhJh 0.547907 565191 21173.5 1070190
Ac6s 0.547869 552729 33595 1070190
Ad6s 0.547869 552729 33595 1070190
Ah6s 0.547722 552585 33582 1070190
As6s 0.547217 552156 33470.5 1070190
Ac2d 0.547142 551167 34379 1070190
Ad2c 0.547142 551167 34379 1070190
Ad2h 0.547079 551104 34374.5 1070190
Ac2h 0.547079 551104 34374.5 1070190
Ah2c 0.547 551032 34361.5 1070190
Ah2d 0.547 551032 34361.5 1070190
As2c 0.546488 550597 34249 1070190
As2d 0.546488 550597 34249 1070190
As2h 0.546425 550534 34244.5 1070190
Ad2s 0.546361 550358 34352 1070190
Ac2s 0.546361 550358 34352 1070190
Ah2s 0.546218 550223 34334.5 1070190
As2s 0.545707 549788 34222 1070190
KdTd 0.541551 557813 21749.5 1070190
KcTc 0.541551 557813 21749.5 1070190
KhTh 0.539744 555381 22247.5 1070190
KcQd 0.537276 554762 20225.5 1070190
KdQc 0.537276 554762 20225.5 1070190
KhQd 0.537159 554665 20197.5 1070190
KhQc 0.537159 554665 20197.5 1070190
KcQh 0.537137 554617 20221.5 1070190
KdQh 0.537137 554617 20221.5 1070190
KsQd 0.536472 553956 20171 1070190
KsQc 0.536472 553956 20171 1070190
KcQs 0.536451 553905 20199 1070190
KdQs 0.536451 553905 20199 1070190
KhQs 0.536334 553808 20171 1070190
KsQh 0.536333 553811 20167 1070190
KsQs 0.535646 553099 20144.5 1070190
KdJc 0.527959 543457 21559 1070190
KcJd 0.527959 543457 21559 1070190
KhJc 0.527832 543346 21534.5 1070190
KhJd 0.527832 543346 21534.5 1070190
KdJh 0.527819 543312 21555 1070190
KcJh 0.527819 543312 21555 1070190
KsJd 0.527184 542686 21501 1070190
KsJc 0.527184 542686 21501 1070190
KcJs 0.527139 542606 21532.5 1070190
KdJs 0.527139 542606 21532.5 1070190
KsJh 0.527045 542541 21497 1070190
KhJs 0.527012 542495 21508 1070190
KsJs 0.526364 541835 21474.5 1070190
KcTd 0.519412 533167 22702 1070190
KdTc 0.519412 533167 22702 1070190
KhTd 0.519276 533044 22680.5 1070190
KhTc 0.519276 533044 22680.5 1070190
KcTh 0.519272 533022 22698 1070190
KdTh 0.519272 533022 22698 1070190
KsTd 0.518665 532429 22641 1070190
KsTc 0.518665 532429 22641 1070190
KcTs 0.518597 532322 22675.5 1070190
KdTs 0.518597 532322 22675.5 1070190
KsTh 0.518526 532284 22637 1070190
KhTs 0.518462 532199 22654 1070190
KsTs 0.517851 531584 22614.5 1070190
Kc8c 0.504344 506698 33046 1070190
Kd8d 0.504344 506698 33046 1070190
Kh8h 0.502765 504648 33406.5 1070190
Kc7c 0.500487 501502 34114 1070190
Kd7d 0.500487 501502 34114 1070190
Kh7h 0.498897 499440 34474.5 1070190
Kc6c 0.497628 497908 34648 1070190
Kd6d 0.497628 497908 34648 1070190
QcJc 0.496909 509280 22507.5 1070190
QdJd 0.496909 509280 22507.5 1070190
Kh6h 0.496026 495834 35008.5 1070190
Kd5d 0.49493 494843 34826 1070190
Kc5c 0.49493 494843 34826 1070190
QhJh 0.494924 506458 23204.5 1070190
Kh5h 0.49332 492760 35186.5 1070190
Kd4d 0.49276 492521 34826 1070190
Kc4c 0.49276 492521 34826 1070190
Kh4h 0.491145 490432 35186.5 1070190
QdTd 0.488426 499094 23614.5 1070190
QcTc 0.488426 499094 23614.5 1070190
Kd2d 0.486918 485767 35327.5 1070190
Kc2c 0.486918 485767 35327.5 1070190
QhTh 0.486537 496409 24278.5 1070190
Kh2h 0.485211 483590 35678 1070190
2d2c 0.48197 492779 23020.5 1070190
2h2c 0.481943 492773 22998 1070190
2h2d 0.481943 492773 22998 1070190
2s2c 0.481613 492419 22998 1070190
2s2d 0.481613 492419 22998 1070190
2s2h 0.481586 492413 22975.5 1070190
Kd8c 0.480868 480022 34598.5 1070190
Kc8d 0.480868 480022 34598.5 1070190
Kd8h 0.480805 479958 34594.5 1070190
Kc8h 0.480805 479958 34594.5 1070190
Kh8d 0.480725 479878 34589.5 1070190
Kh8c 0.480725 479878 34589.5 1070190
Ks8d 0.480201 479419 34487.5 1070190
Ks8c 0.480201 479419 34487.5 1070190
Ks8h 0.480138 479355 34483.5 1070190
Kc8s 0.480133 479262 34572 1070190
Kd8s 0.480133 479262 34572 1070190
Kh8s 0.47999 479118 34563 1070190
Ks8s 0.479466 478659 34461 1070190
Kc7d 0.476871 474604 35738.5 1070190
Kd7c 0.476871 474604 35738.5 1070190
Kd7h 0.476807 474540 35734.5 1070190
Kc7h 0.476807 474540 35734.5 1070190
Kh7d 0.476728 474460 35729.5 1070190
Kh7c 0.476728 474460 35729.5 1070190
Ks7d 0.476215 474019 35621.5 1070190
Ks7c 0.476215 474019 35621.5 1070190
Ks7h 0.476151 473955 35617.5 1070190
Kc7s 0.476136 473844 35712 1070190
Kd7s 0.476136 473844 35712 1070190
Kh7s 0.475993 473700 35703 1070190
Ks7s 0.47548 473259 35595 1070190
Kc6d 0.473939 470896 36308.5 1070190
Kd6c 0.473939 470896 36308.5 1070190
Kc6h 0.473875 470832 36304.5 1070190
Kd6h 0.473875 470832 36304.5 1070190
Kh6c 0.473796 470752 36299.5 1070190
Kh6d 0.473796 470752 36299.5 1070190
Ks6c 0.473288 470320 36188.5 1070190
Ks6d 0.473288 470320 36188.5 1070190
Ks6h 0.473225 470256 36184.5 1070190
Kd6s 0.473204 470136 36282 1070190
Kc6s 0.473204 470136 36282 1070190
Kh6s 0.473061 469992 36273 1070190
QdJc 0.472639 482229 23584.5 1070190
QcJd 0.472639 482229 23584.5 1070190
Ks6s 0.472553 469560 36162 1070190
QhJd 0.472515 482118 23563 1070190
QhJc 0.472515 482118 23563 1070190
QdJh 0.472502 482090 23577 1070190
QcJh 0.472502 482090 23577 1070190
QsJc 0.471869 481460 23530 1070190
QsJd 0.471869 481460 23530 1070190
QdJs 0.471851 481416 23554.5 1070190
QcJs 0.471851 481416 23554.5 1070190
QsJh 0.471733 481321 23522.5 1070190
QhJs 0.471727 481305 23533 1070190
Kd5c 0.471185 467759 36498.5 1070190
Kc5d 0.471185 467759 36498.5 1070190
Kc5h 0.471121 467695 36494.5 1070190
Kd5h 0.471121 467695 36494.5 1070190
QsJs 0.471082 480647 23500 1070190
Kh5c 0.471042 467615 36489.5 1070190
Kh5d 0.471042 467615 36489.5 1070190
Ks5c 0.470537 467186 36377.5 1070190
Ks5d 0.470537 467186 36377.5 1070190
Ks5h 0.470473 467122 36373.5 1070190
Kc5s 0.470449 466998 36472 1070190
Kd5s 0.470449 466998 36472 1070190
Kh5s 0.470306 466854 36463 1070190
Ks5s 0.469801 466425 36351 1070190
Kc4d 0.468965 465383 36498.5 1070190
Kd4c 0.468965 465383 36498.5 1070190
Kd4h 0.468901 465319 36494.5 1070190
Kc4h 0.468901 465319 36494.5 1070190
Kh4c 0.468822 465239 36489.5 1070190
Kh4d 0.468822 465239 36489.5 1070190
Ks4c 0.468316 464810 36377.5 1070190
Ks4d 0.468316 464810 36377.5 1070190
Ks4h 0.468253 464746 36373.5 1070190
Kd4s 0.468223 464616 36472 1070190
Kc4s 0.468223 464616 36472 1070190
Kh4s 0.46808 464472 36463 1070190
Ks4s 0.467575 464043 36351 1070190
QcTd 0.463855 471686 24727.5 1070190
QdTc 0.463855 471686 24727.5 1070190
QhTd 0.463723 471563 24709 1070190
QhTc 0.463723 471563 24709 1070190
QdTh 0.463719 471547 24720 1070190
QcTh 0.463719 471547 24720 1070190
QsTd 0.463114 470950 24670 1070190
QsTc 0.463114 470950 24670 1070190
QdTs 0.463073 470879 24697.5 1070190
QcTs 0.463073 470879 24697.5 1070190
QsTh 0.462977 470811 24662.5 1070190
Kd2c 0.462964 458461 36998 1070190
Kc2d 0.462964 458461 36998 1070190
QhTs 0.462941 470756 24679 1070190
Kd2h 0.462912 458414 36990 1070190
Kc2h 0.462912 458414 36990 1070190
Kh2c 0.462825 458326 36985 1070190
Kh2d 0.462825 458326 36985 1070190
QsTs 0.462332 470143 24640 1070190
Ks2c 0.46232 457897 36873 1070190
Ks2d 0.46232 457897 36873 1070190
Ks2h 0.462268 457850 36865 1070190
Kd2s 0.462229 457705 36967.5 1070190
Kc2s 0.462229 457705 36967.5 1070190
Kh2s 0.46209 457570 36954.5 1070190
Ks2s 0.461585 457141 36842.5 1070190
Qd8d 0.451635 448869 34466 1070190
Qc8c 0.451635 448869 34466 1070190
Qh8h 0.449975 446566 34992.5 1070190
JdTd 0.44562 452128 24770 1070190
JcTc 0.44562 452128 24770 1070190
JhTh 0.443794 449383 25560.5 1070190
Qd7d 0.438324 433200 35890 1070190
Qc7c 0.438324 433200 35890 1070190
Qh7h 0.43662 430850 36416.5 1070190
Qd6d 0.435465 429606 36424 1070190
Qc6c 0.435465 429606 36424 1070190
Qh6h 0.43375 427244 36950.5 1070190
Qc5c 0.432767 426541 36602 1070190
Qd5d 0.432767 426541 36602 1070190
Qh5h 0.431044 424170 37128.5 1070190
Qd4d 0.430597 424219 36602 1070190
Qc4c 0.430597 424219 36602 1070190
Qh4h 0.428868 421842 37128.5 1070190
Qc8d 0.425756 419491 36149 1070190
Qd8c 0.425756 419491 36149 1070190
Qd8h 0.425695 419433 36141.5 1070190
Qc8h 0.425695 419433 36141.5 1070190
Qh8d 0.425616 419347 36143 1070190
Qh8c 0.425616 419347 36143 1070190
Qs8d 0.425093 418886 36044 1070190
Qs8c 0.425093 418886 36044 1070190
Qd8s 0.425053 418768 36119 1070190
Qc8s 0.425053 418768 36119 1070190
Qs8h 0.425032 418828 36036.5 1070190
Qh8s 0.424912 418624 36113 1070190
Qs8s 0.424389 418163 36014 1070190
Qc2c 0.423908 416629 37033.5 1070190
Qd2d 0.423908 416629 37033.5 1070190
Qh2h 0.422107 414186 37549 1070190
JdTc 0.419206 422638 25992.5 1070190
JcTd 0.419206 422638 25992.5 1070190
JhTc 0.419076 422515 25976 1070190
JhTd 0.419076 422515 25976 1070190
JdTh 0.41907 422503 25982 1070190
JcTh 0.41907 422503 25982 1070190
JsTd 0.418469 421903 25938.5 1070190
JsTc 0.418469 421903 25938.5 1070190
JdTs 0.418454 421866 25959.5 1070190
JcTs 0.418454 421866 25959.5 1070190
JsTh 0.418333 421768 25928 1070190
JhTs 0.418324 421743 25943 1070190
JsTs 0.417717 421131 25905.5 1070190
Qd7c 0.411715 402944 37669 1070190
Qc7d 0.411715 402944 37669 1070190
Qc7h 0.411654 402886 37661.5 1070190
Qd7h 0.411654 402886 37661.5 1070190
Qh7c 0.411575 402800 37663 1070190
Qh7d 0.411575 402800 37663 1070190
Qs7d 0.411065 402362 37556 1070190
Qs7c 0.411065 402362 37556 1070190
Qc7s 0.411016 402226 37639 1070190
Qd7s 0.411016 402226 37639 1070190
Qs7h 0.411004 402304 37548.5 1070190
Qh7s 0.410876 402082 37633 1070190
Qs7s 0.410366 401644 37526 1070190
Jc8c 0.408939 402377 35265.5 1070190
Jd8d 0.408939 402377 35265.5 1070190
Qc6d 0.408783 399236 38239 1070190
Qd6c 0.408783 399236 38239 1070190
Qd6h 0.408721 399178 38231.5 1070190
Qc6h 0.408721 399178 38231.5 1070190
Qh6d 0.408642 399092 38233 1070190
Qh6c 0.408642 399092 38233 1070190
Qs6c 0.408139 398663 38123 1070190
Qs6d 0.408139 398663 38123 1070190
Qd6s 0.408084 398518 38209 1070190
Qc6s 0.408084 398518 38209 1070190
Qs6h 0.408078 398605 38115.5 1070190
Qh6s 0.407943 398374 38203 1070190
Qs6s 0.40744 397945 38093 1070190
Jh8h 0.40734 400013 35918.5 1070190
Qc5d 0.406029 396099 38429 1070190
Qd5c 0.406029 396099 38429 1070190
Qd5h 0.405968 396041 38421.5 1070190
Qc5h 0.405968 396041 38421.5 1070190
Qh5c 0.405889 395955 38423 1070190
Qh5d 0.405889 395955 38423 1070190
Qs5c 0.405387 395529 38312 1070190
Qs5d 0.405387 395529 38312 1070190
Qd5s 0.405329 395380 38399 1070190
Qc5s 0.405329 395380 38399 1070190
Qs5h 0.405326 395471 38304.5 1070190
Qh5s 0.405189 395236 38393 1070190
Qs5s 0.404687 394810 38282 1070190
Qc4d 0.403809 393723 38429 1070190
Qd4c 0.403809 393723 38429 1070190
Qd4h 0.403747 393665 38421.5 1070190
Qc4h 0.403747 393665 38421.5 1070190
Qh4d 0.403669 393579 38423 1070190
Qh4c 0.403669 393579 38423 1070190
Qs4d 0.403167 393153 38312 1070190
Qs4c 0.403167 393153 38312 1070190
Qs4h 0.403106 393095 38304.5 1070190
Qd4s 0.403103 392998 38399 1070190
Qc4s 0.403103 392998 38399 1070190
Qh4s 0.402963 392854 38393 1070190
Qs4s 0.402461 392428 38282 1070190
Qc2d 0.396973 385980 38856.5 1070190
Qd2c 0.396973 385980 38856.5 1070190
Qd2h 0.396931 385946 38845.5 1070190
Qc2h 0.396931 385946 38845.5 1070190
Qh2c 0.396838 385845 38847 1070190
Qh2d 0.396838 385845 38847 1070190
Qs2c 0.396336 385419 38736 1070190
Qs2d 0.396336 385419 38736 1070190
Qs2h 0.396294 385385 38725 1070190
Qd2s 0.396281 385273 38823 1070190
Qc2s 0.396281 385273 38823 1070190
Qh2s 0.396146 385138 38813.5 1070190
Qs2s 0.395644 384712 38702.5 1070190
Jc7c 0.395628 386708 36689.5 1070190
Jd7d 0.395628 386708 36689.5 1070190
Jh7h 0.393986 384297 37342.5 1070190
Jc6c 0.382093 371511 37401.5 1070190
Jd6d 0.382093 371511 37401.5 1070190
Jc8d 0.381226 370950 37034 1070190
Jd8c 0.381226 370950 37034 1070190
Jc8h 0.381165 370896 37023.5 1070190
Jd8h 0.381165 370896 37023.5 1070190
Jh8d 0.381087 370806 37030 1070190
Jh8c 0.381087 370806 37030 1070190
Js8c 0.380565 370342 36934.5 1070190
Js8d 0.380565 370342 36934.5 1070190
Jc8s 0.380552 370262 37001 1070190
Jd8s 0.380552 370262 37001 1070190
Js8h 0.380504 370288 36924 1070190
Jh8s 0.380414 370118 36997 1070190
Jh6h 0.380402 369048 38054.5 1070190
Js8s 0.379891 369654 36901.5 1070190
Jd5d 0.379396 368446 37579.5 1070190
Jc5c 0.379396 368446 37579.5 1070190
Jh5h 0.377696 365974 38232.5 1070190
Jd4d 0.377226 366124 37579.5 1070190
Jc4c 0.377226 366124 37579.5 1070190
Tc8c 0.375599 366163 35799 1070190
Td8d 0.375599 366163 35799 1070190
Jh4h 0.375521 363646 38232.5 1070190
Th8h 0.374168 363884 36546.5 1070190
Jc2c 0.369824 357841 37941 1070190
Jd2d 0.369824 357841 37941 1070190
Jh2h 0.368065 355318 38582 1070190
Jd7c 0.367184 354403 38554 1070190
Jc7d 0.367184 354403 38554 1070190
Jd7h 0.367124 354349 38543.5 1070190
Jc7h 0.367124 354349 38543.5 1070190
Jh7c 0.367046 354259 38550 1070190
Jh7d 0.367046 354259 38550 1070190
Js7d 0.366538 353819 38446.5 1070190
Js7c 0.366538 353819 38446.5 1070190
Jc7s 0.366514 353719 38521 1070190
Jd7s 0.366514 353719 38521 1070190
Js7h 0.366478 353765 38436 1070190
Jh7s 0.366376 353575 38517 1070190
Js7s 0.365868 353135 38413.5 1070190
Td7d 0.362315 350790 36956 1070190
Tc7c 0.362315 350790 36956 1070190
Th7h 0.36084 348464 37703.5 1070190
Jc6d 0.352907 338364 39314 1070190
Jd6c 0.352907 338364 39314 1070190
Jd6h 0.352847 338310 39303.5 1070190
Jc6h 0.352847 338310 39303.5 1070190
Jh6d 0.352769 338220 39310 1070190
Jh6c 0.352769 338220 39310 1070190
Js6d 0.352271 337794 39202.5 1070190
Js6c 0.352271 337794 39202.5 1070190
Jd6s 0.352243 337686 39281 1070190
Jc6s 0.352243 337686 39281 1070190
Js6h 0.35221 337740 39192 1070190
Jh6s 0.352105 337542 39277 1070190
Js6s 0.351606 337116 39169.5 1070190
Jd5c 0.350154 335227 39504 1070190
Jc5d 0.350154 335227 39504 1070190
Jd5h 0.350093 335173 39493.5 1070190
Jc5h 0.350093 335173 39493.5 1070190
Jh5d 0.350015 335083 39500 1070190
Jh5c 0.350015 335083 39500 1070190
Js5d 0.349519 334660 39391.5 1070190
Js5c 0.349519 334660 39391.5 1070190
Jd5s 0.349488 334548 39471 1070190
Jc5s 0.349488 334548 39471 1070190
Js5h 0.349459 334606 39381 1070190
Jh5s 0.34935 334404 39467 1070190
Js5s 0.348853 333981 39358.5 1070190
Tc6c 0.34878 335593 37668 1070190
Td6d 0.34878 335593 37668 1070190
Jc4d 0.347934 332851 39504 1070190
Jd4c 0.347934 332851 39504 1070190
Jc4h 0.347873 332797 39493.5 1070190
Jd4h 0.347873 332797 39493.5 1070190
Jh4d 0.347795 332707 39500 1070190
Jh4c 0.347795 332707 39500 1070190
Js4c 0.347299 332284 39391.5 1070190
Js4d 0.347299 332284 39391.5 1070190
Jc4s 0.347263 332166 39471 1070190
Jd4s 0.347263 332166 39471 1070190
Th6h 0.347257 333215 38415.5 1070190
Js4h 0.347238 332230 39381 1070190
Jh4s 0.347124 332022 39467 1070190
Js4s 0.346628 331599 39358.5 1070190
Td8c 0.346567 333259 37633.5 1070190
Tc8d 0.346567 333259 37633.5 1070190
Td8h 0.346506 333207 37620.5 1070190
Tc8h 0.346506 333207 37620.5 1070190
Th8c 0.34643 333115 37630.5 1070190
Th8d 0.34643 333115 37630.5 1070190
Td8s 0.345921 332603 37598 1070190
Tc8s 0.345921 332603 37598 1070190
Ts8c 0.345909 332651 37537.5 1070190
Ts8d 0.345909 332651 37537.5 1070190
Ts8h 0.345848 332599 37524.5 1070190
Th8s 0.345783 332459 37595 1070190
Ts8s 0.345263 331995 37502 1070190
Jd2c 0.340397 324430 39859.5 1070190
Jc2d 0.340397 324430 39859.5 1070190
Jd2h 0.340362 324406 39846 1070190
Jc2h 0.340362 324406 39846 1070190
Jh2c 0.340264 324295 39852.5 1070190
Jh2d 0.340264 324295 39852.5 1070190
Js2d 0.339768 323872 39744 1070190
Js2c 0.339768 323872 39744 1070190
Jd2s 0.339746 323769 39823.5 1070190
Jc2s 0.339746 323769 39823.5 1070190
Js2h 0.339733 323848 39730.5 1070190
Jh2s 0.339613 323634 39816.5 1070190
Js2s 0.339116 323211 39708 1070190
Tc5c 0.33449 320033 37935 1070190
Td5d 0.33449 320033 37935 1070190
Th5h 0.332917 317602 38682.5 1070190
Td7c 0.332555 317029 38868.5 1070190
Tc7d 0.332555 317029 38868.5 1070190
Tc7h 0.332495 316977 38855.5 1070190
Td7h 0.332495 316977 38855.5 1070190
Th7d 0.332418 316885 38865.5 1070190
Th7c 0.332418 316885 38865.5 1070190
Td4d 0.33232 317711 37935 1070190
Tc4c 0.33232 317711 37935 1070190
Td7s 0.331913 316377 38833 1070190
Tc7s 0.331913 316377 38833 1070190
Ts7c 0.331911 316442 38766 1070190
Ts7d 0.331911 316442 38766 1070190
Ts7h 0.33185 316390 38753 1070190
Th7s 0.331776 316233 38830 1070190
Ts7s 0.331269 315790 38730.5 1070190
Th4h 0.330742 315274 38682.5 1070190
Tc2c 0.324339 308878 38226.5 1070190
Td2d 0.324339 308878 38226.5 1070190
Th2h 0.322725 306416 38961 1070190
Td6c 0.318279 300990 39628.5 1070190
Tc6d 0.318279 300990 39628.5 1070190
Td6h 0.318218 300938 39615.5 1070190
Tc6h 0.318218 300938 39615.5 1070190
Th6d 0.318141 300846 39625.5 1070190
Th6c 0.318141 300846 39625.5 1070190
Ts6c 0.317645 300418 39522 1070190
Ts6d 0.317645 300418 39522 1070190
Tc6s 0.317641 300343 39593 1070190
Td6s 0.317641 300343 39593 1070190
Ts6h 0.317584 300366 39509 1070190
Th6s 0.317503 300199 39590 1070190
Ts6s 0.317007 299771 39486.5 1070190
8c7c 0.308156 278317 51468.5 1070190
8d7d 0.308156 278317 51468.5 1070190
8h7h 0.307441 277047 51973 1070190
Tc5d 0.303205 284573 39913.5 1070190
Td5c 0.303205 284573 39913.5 1070190
Tc5h 0.303144 284521 39900.5 1070190
Td5h 0.303144 284521 39900.5 1070190
Th5c 0.303067 284429 39910.5 1070190
Th5d 0.303067 284429 39910.5 1070190
Ts5c 0.302577 284009 39805.5 1070190
Ts5d 0.302577 284009 39805.5 1070190
Tc5s 0.302572 283932 39878 1070190
Td5s 0.302572 283932 39878 1070190
Ts5h 0.302516 283957 39792.5 1070190
Th5s 0.302435 283788 39875 1070190
Ts5s 0.301945 283368 39770 1070190
Tc4d 0.300984 282197 39913.5 1070190
Td4c 0.300984 282197 39913.5 1070190
Td4h 0.300924 282145 39900.5 1070190
Tc4h 0.300924 282145 39900.5 1070190
Th4d 0.300847 282053 39910.5 1070190
Th4c 0.300847 282053 39910.5 1070190
Ts4c 0.300356 281633 39805.5 1070190
Ts4d 0.300356 281633 39805.5 1070190
Td4s 0.300347 281550 39878 1070190
Tc4s 0.300347 281550 39878 1070190
Ts4h 0.300296 281581 39792.5 1070190
Th4s 0.300209 281406 39875 1070190
Ts4s 0.299719 280986 39770 1070190
8c6c 0.293871 261336 53161.5 1070190
8d6d 0.293871 261336 53161.5 1070190
8h6h 0.293108 260015 53666 1070190
Td2c 0.292881 273241 40197 1070190
Tc2d 0.292881 273241 40197 1070190
Td2h 0.29285 273224 40181.5 1070190
Tc2h 0.29285 273224 40181.5 1070190
Th2c 0.292749 273106 40191.5 1070190
Th2d 0.292749 273106 40191.5 1070190
Td2s 0.292268 272623 40159 1070190
Tc2s 0.292268 272623 40159 1070190
Ts2c 0.292259 272686 40086.5 1070190
Ts2d 0.292259 272686 40086.5 1070190
Ts2h 0.292228 272669 40071 1070190
Th2s 0.292136 272488 40153.5 1070190
Ts2s 0.291646 272068 40048.5 1070190
7c6c 0.288098 253511 54808.5 1070190
7d6d 0.288098 253511 54808.5 1070190
7h6h 0.287242 252087 55316 1070190
8d5d 0.279581 245776 53428.5 1070190
8c5c 0.279581 245776 53428.5 1070190
8h5h 0.278768 244402 53933 1070190
8c7d 0.276946 242461 53924 1070190
8d7c 0.276946 242461 53924 1070190
8h7d 0.276891 242407 53919 1070190
8c7h 0.276891 242407 53919 1070190
8d7h 0.276891 242407 53919 1070190
8h7c 0.276891 242407 53919 1070190
6d5d 0.276535 239674 56270.5 1070190
6c5c 0.276535 239674 56270.5 1070190
8s7d 0.276394 241960 53834 1070190
8s7c 0.276394 241960 53834 1070190
8c7s 0.276363 241892 53868.5 1070190
8d7s 0.276363 241892 53868.5 1070190
8s7h 0.276339 241906 53829 1070190
8h7s 0.276307 241838 53863.5 1070190
8s7s 0.27581 241391 53778.5 1070190
6h5h 0.275536 238095 56781 1070190
7d5d 0.273614 237119 55699.5 1070190
7c5c 0.273614 237119 55699.5 1070190
7h5h 0.272709 235643 56207 1070190
5d4d 0.271152 233614 56570.5 1070190
5c4c 0.271152 233614 56570.5 1070190
5h4h 0.270013 231881 57084 1070190
8c4c 0.265124 230305 53428.5 1070190
8d4d 0.265124 230305 53428.5 1070190
8h4h 0.264262 228878 53933 1070190
6d4d 0.262106 223847 56656.5 1070190
6c4c 0.262106 223847 56656.5 1070190
8d6c 0.261871 224524 55728 1070190
8c6d 0.261871 224524 55728 1070190
8h6c 0.261816 224470 55723 1070190
8d6h 0.261816 224470 55723 1070190
8h6d 0.261816 224470 55723 1070190
8c6h 0.261816 224470 55723 1070190
8s6c 0.261328 224036 55634.5 1070190
8s6d 0.261328 224036 55634.5 1070190
8c6s 0.261294 223964 55670.5 1070190
8d6s 0.261294 223964 55670.5 1070190
8s6h 0.261273 223982 55629.5 1070190
8h6s 0.261239 223910 55665.5 1070190
6h4h 0.261059 222216 57167 1070190
8s6s 0.260751 223476 55577 1070190
7c4c 0.259157 221648 55699.5 1070190
7d4d 0.259157 221648 55699.5 1070190
7h4h 0.258203 220119 56207 1070190
8c2c 0.256756 221263 53515 1070190
8d2d 0.256756 221263 53515 1070190
7d6c 0.255895 216384 57472.5 1070190
7c6d 0.255895 216384 57472.5 1070190
8h2h 0.255876 219830 54005.5 1070190
7c6h 0.25584 216330 57467.5 1070190
7h6d 0.25584 216330 57467.5 1070190
7h6c 0.25584 216330 57467.5 1070190
7d6h 0.25584 216330 57467.5 1070190
7s6c 0.255356 215891 57388 1070190
7s6d 0.255356 215891 57388 1070190
7d6s 0.255337 215852 57407.5 1070190
7c6s 0.255337 215852 57407.5 1070190
7s6h 0.2553 215837 57383 1070190
7h6s 0.255282 215798 57402.5 1070190
7s6s 0.254798 215359 57323 1070190
5c2c 0.249666 210654 56536 1070190
5d2d 0.249666 210654 56536 1070190
5h2h 0.248599 209016 57032.5 1070190
4d2d 0.247965 208901 56469 1070190
4c2c 0.247965 208901 56469 1070190
4h2h 0.246872 207232 56967.5 1070190
8c5d 0.246797 208107 56013 1070190
8d5c 0.246797 208107 56013 1070190
8h5c 0.246742 208053 56008 1070190
8h5d 0.246742 208053 56008 1070190
8d5h 0.246742 208053 56008 1070190
8c5h 0.246742 208053 56008 1070190
8s5c 0.246261 207628 55918 1070190
8s5d 0.246261 207628 55918 1070190
8c5s 0.246225 207552 55955.5 1070190
8d5s 0.246225 207552 55955.5 1070190
8s5h 0.246206 207574 55913 1070190
8h5s 0.24617 207498 55950.5 1070190
8s5s 0.245689 207073 55860.5 1070190
6c5d 0.243836 201923 59027.5 1070190
6d5c 0.243836 201923 59027.5 1070190
6d5h 0.243781 201869 59022.5 1070190
6h5c 0.243781 201869 59022.5 1070190
6h5d 0.243781 201869 59022.5 1070190
6c5h 0.243781 201869 59022.5 1070190
6s5c 0.243303 201432 58948 1070190
6s5d 0.243303 201432 58948 1070190
6d5s 0.243296 201418 58955 1070190
6c5s 0.243296 201418 58955 1070190
6s5h 0.243247 201378 58943 1070190
6h5s 0.243241 201364 58950 1070190
6s5s 0.242763 200927 58875.5 1070190
7c5d 0.240614 199081 58422 1070190
7d5c 0.240614 199081 58422 1070190
7c5h 0.240559 199027 58417 1070190
7h5d 0.240559 199027 58417 1070190
7d5h 0.240559 199027 58417 1070190
7h5c 0.240559 199027 58417 1070190
6c2c 0.240442 200805 56514 1070190
6d2d 0.240442 200805 56514 1070190
7s5d 0.240081 198596 58336 1070190
7s5c 0.240081 198596 58336 1070190
7d5s 0.240063 198557 58355.5 1070190
7c5s 0.240063 198557 58355.5 1070190
7s5h 0.240026 198542 58331 1070190
7h5s 0.240007 198503 58350.5 1070190
7s5s 0.239529 198072 58269.5 1070190
6h2h 0.239454 199253 57008.5 1070190
5c4d 0.238284 195661 59348.5 1070190
5d4c 0.238284 195661 59348.5 1070190
5h4d 0.238229 195607 59343.5 1070190
5h4c 0.238229 195607 59343.5 1070190
5c4h 0.238229 195607 59343.5 1070190
5d4h 0.238229 195607 59343.5 1070190
5s4c 0.237754 195170 59272 1070190
5s4d 0.237754 195170 59272 1070190
5d4s 0.23775 195166 59271.5 1070190
5c4s 0.23775 195166 59271.5 1070190
5s4h 0.237699 195116 59267 1070190
5h4s 0.237695 195112 59266.5 1070190
7c2c 0.237672 198727 55627 1070190
7d2d 0.237672 198727 55627 1070190
5s4s 0.23722 194675 59195 1070190
7h2h 0.236761 197260 56119.5 1070190
8c4d 0.231518 191755 56013 1070190
8d4c 0.231518 191755 56013 1070190
8h4c 0.231463 191701 56008 1070190
8h4d 0.231463 191701 56008 1070190
8c4h 0.231463 191701 56008 1070190
8d4h 0.231463 191701 56008 1070190
8s4c 0.230986 191281 55918 1070190
8s4d 0.230986 191281 55918 1070190
8d4s 0.230947 191202 55955.5 1070190
8c4s 0.230947 191202 55955.5 1070190
8s4h 0.230931 191227 55913 1070190
8h4s 0.230892 191148 55950.5 1070190
8s4s 0.230416 190728 55860.5 1070190
6c4d 0.228586 185191 59439 1070190
6d4c 0.228586 185191 59439 1070190
6h4d 0.22853 185137 59434 1070190
6h4c 0.22853 185137 59434 1070190
6c4h 0.22853 185137 59434 1070190
6d4h 0.22853 185137 59434 1070190
6s4d 0.228058 184706 59359 1070190
6s4c 0.228058 184706 59359 1070190
6d4s 0.228048 184689 59365.5 1070190
6c4s 0.228048 184689 59365.5 1070190
6s4h 0.228003 184652 59354 1070190
6h4s 0.227993 184635 59360.5 1070190
6s4s 0.22752 184204 59285.5 1070190
7d4c 0.225335 182729 58422 1070190
7c4d 0.225335 182729 58422 1070190
7h4c 0.22528 182675 58417 1070190
7h4d 0.22528 182675 58417 1070190
7d4h 0.22528 182675 58417 1070190
7c4h 0.22528 182675 58417 1070190
7s4d 0.224807 182250 58336 1070190
7s4c 0.224807 182250 58336 1070190
7d4s 0.224784 182206 58355.5 1070190
7c4s 0.224784 182206 58355.5 1070190
7s4h 0.224752 182196 58331 1070190
7h4s 0.224729 182152 58350.5 1070190
7s4s 0.224256 181727 58269.5 1070190
8c2d 0.223039 182605 56089.5 1070190
8d2c 0.223039 182605 56089.5 1070190
8c2h 0.223019 182590 56082.5 1070190
8d2h 0.223019 182590 56082.5 1070190
8h2c 0.222991 182560 56082.5 1070190
8h2d 0.222991 182560 56082.5 1070190
8s2c 0.222514 182140 55992.5 1070190
8s2d 0.222514 182140 55992.5 1070190
8c2s 0.222498 182085 56030 1070190
8d2s 0.222498 182085 56030 1070190
8s2h 0.222494 182125 55985.5 1070190
8h2s 0.222449 182040 56023 1070190
8s2s 0.221973 181620 55933 1070190
5d2c 0.215981 171837 59304 1070190
5c2d 0.215981 171837 59304 1070190
5d2h 0.215968 171828 59298.5 1070190
5c2h 0.215968 171828 59298.5 1070190
5h2d 0.215934 171792 59298.5 1070190
5h2c 0.215934 171792 59298.5 1070190
5d2s 0.215491 171390 59226 1070190
5c2s 0.215491 171390 59226 1070190
5s2d 0.215465 171361 59227 1070190
5s2c 0.215465 171361 59227 1070190
5s2h 0.215451 171352 59221.5 1070190
5h2s 0.215444 171345 59220.5 1070190
5s2s 0.214974 170914 59149 1070190
4d2c 0.214263 170066 59236.5 1070190
4c2d 0.214263 170066 59236.5 1070190
4d2h 0.21425 170057 59231.5 1070190
4c2h 0.21425 170057 59231.5 1070190
4h2c 0.214217 170021 59231.5 1070190
4h2d 0.214217 170021 59231.5 1070190
4d2s 0.213773 169619 59159 1070190
4c2s 0.213773 169619 59159 1070190
4s2c 0.213744 169587 59159.5 1070190
4s2d 0.213744 169587 59159.5 1070190
4s2h 0.213731 169578 59154.5 1070190
4h2s 0.213727 169574 59154 1070190
4s2s 0.213254 169140 59082 1070190
6c2d 0.206079 161267 59276.5 1070190
6d2c 0.206079 161267 59276.5 1070190
6c2h 0.206064 161257 59270.5 1070190
6d2h 0.206064 161257 59270.5 1070190
6h2d 0.206031 161222 59270.5 1070190
6h2c 0.206031 161222 59270.5 1070190
6d2s 0.205583 160811 59202 1070190
6c2s 0.205583 160811 59202 1070190
6s2d 0.205564 160797 59196 1070190
6s2c 0.205564 160797 59196 1070190
6s2h 0.205549 160787 59190 1070190
6h2s 0.205535 160766 59196 1070190
6s2s 0.205069 160341 59121.5 1070190
7c2d 0.202994 158911 58331.5 1070190
7d2c 0.202994 158911 58331.5 1070190
7d2h 0.202977 158899 58325 1070190
7c2h 0.202977 158899 58325 1070190
7h2d 0.202946 158866 58325 1070190
7h2c 0.202946 158866 58325 1070190
7d2s 0.202484 158433 58263.5 1070190
7c2s 0.202484 158433 58263.5 1070190
7s2d 0.202479 158446 58244.5 1070190
7s2c 0.202479 158446 58244.5 1070190
7s2h 0.202461 158434 58238 1070190
7h2s 0.202436 158388 58257 1070190
7s2s 0.201968 157968 58176.5 1070190
