Ac5c 0.982956 1051950 0 1070190
Ac2c 0.98271 1051686 0 1070190
Ac6c 0.982648 1051620 0 1070190
Ac7c 0.982448 1051406 0 1070190
AcTc 0.982177 1051116 0 1070190
Ac8c 0.982171 1051110 0 1070190
AcJc 0.982171 1051110 0 1070190
AcQc 0.982166 1051104 0 1070190
AcKc 0.98216 1051098 0 1070190
Kc5c 0.965796 1033585 0 1070190
Kc6c 0.965678 1033459 0 1070190
Kc2c 0.96551 1033279 0 1070190
Kc7c 0.965442 1033206 0 1070190
KcTc 0.965169 1032914 0 1070190
KcJc 0.965163 1032908 0 1070190
KcQc 0.965159 1032903 0 1070190
Kc8c 0.965128 1032870 0 1070190
Qc5c 0.949914 1016588 0 1070190
Qc6c 0.949757 1016420 0 1070190
Qc2c 0.949589 1016241 0 1070190
Qc7c 0.949482 1016126 0 1070190
QcTc 0.949248 1015876 0 1070190
QcJc 0.949244 1015871 0 1070190
Qc8c 0.949207 1015832 0 1070190
Jc5c 0.934954 1000578 0 1070190
Jc6c 0.934758 1000369 0 1070190
Jc2c 0.934592 1000191 0 1070190
Jc7c 0.934561 1000158 0 1070190
JcTc 0.934293 999871 0 1070190
Jc8c 0.934252 999827 0 1070190
Tc5c 0.920916 985555 0 1070190
Tc6c 0.920836 985470 0 1070190
Tc7c 0.920604 985221 0 1070190
Tc2c 0.920518 985129 0 1070190
Tc8c 0.920296 984892 0 1070190
8c5c 0.907795 971513 0 1070190
8c6c 0.907679 971389 0 1070190
8c7c 0.90741 971101 0 1070190
8c2c 0.907361 971049 0 1070190
6c5c 0.906515 970143 0 1070190
7c5c 0.905929 969516 0 1070190
7c6c 0.905813 969392 0 1070190
5c2c 0.897659 960666 0 1070190
6c2c 0.895952 958839 0 1070190
7c2c 0.895363 958209 0 1070190
AhAc 0.892507 954486 666 1070190
AdAc 0.892507 954486 666 1070190
AsAc 0.892507 954486 666 1070190
KsKc 0.863647 923951 315 1070190
KdKc 0.863647 923951 315 1070190
KhKc 0.863647 923951 315 1070190
Ac9d 0.857989 915351 2860.5 1070190
Ac9h 0.857989 915351 2860.5 1070190
Ac9s 0.857989 915351 2860.5 1070190
QsQc 0.839194 897782 315 1070190
QhQc 0.839194 897782 315 1070190
QdQc 0.839194 897782 315 1070190
Kc9d 0.838022 893879 2964 1070190
Kc9h 0.838022 893879 2964 1070190
Kc9s 0.838022 893879 2964 1070190
9s9h 0.831533 874284 15614 1070190
9s9d 0.831533 874284 15614 1070190
9h9d 0.831533 874284 15614 1070190
4h4d 0.824725 866934 15678.5 1070190
4s4d 0.824725 866934 15678.5 1070190
4s4h 0.824725 866934 15678.5 1070190
Qc9d 0.820679 874787 3495 1070190
Qc9h 0.820679 874787 3495 1070190
Qc9s 0.820679 874787 3495 1070190
3s3h 0.819165 860928 15734 1070190
3s3d 0.819165 860928 15734 1070190
3h3d 0.819165 860928 15734 1070190
JhJc 0.815009 871900 315 1070190
JdJc 0.815009 871900 315 1070190
JsJc 0.815009 871900 315 1070190
Jc9s 0.803805 856270 3954 1070190
Jc9h 0.803805 856270 3954 1070190
Jc9d 0.803805 856270 3954 1070190
ThTc 0.791093 846305 315 1070190
TdTc 0.791093 846305 315 1070190
TsTc 0.791093 846305 315 1070190
Tc9s 0.787401 838328 4341 1070190
Tc9h 0.787401 838328 4341 1070190
Tc9d 0.787401 838328 4341 1070190
Ac4s 0.779808 831633 2910 1070190
Ac4h 0.779808 831633 2910 1070190
Ac4d 0.779808 831633 2910 1070190
9s8c 0.762736 811616 4656 1070190
9d8c 0.762736 811616 4656 1070190
9h8c 0.762736 811616 4656 1070190
Kc4s 0.758967 809225 3013.5 1070190
Kc4h 0.758967 809225 3013.5 1070190
Kc4d 0.758967 809225 3013.5 1070190
9s7c 0.751884 799260 5398.5 1070190
9h7c 0.751884 799260 5398.5 1070190
9d7c 0.751884 799260 5398.5 1070190
9d4h 0.751864 786576 18061 1070190
9d4s 0.751864 786576 18061 1070190
9h4d 0.751864 786576 18061 1070190
9s4s 0.751864 786576 18061 1070190
9s4h 0.751864 786576 18061 1070190
9h4h 0.751864 786576 18061 1070190
9s4d 0.751864 786576 18061 1070190
9h4s 0.751864 786576 18061 1070190
9d4d 0.751864 786576 18061 1070190
Qc4s 0.741623 790133 3544.5 1070190
Qc4d 0.741623 790133 3544.5 1070190
Qc4h 0.741623 790133 3544.5 1070190
9h3d 0.741284 773073 20242 1070190
9h3s 0.741284 773073 20242 1070190
9h3h 0.741284 773073 20242 1070190
9d3s 0.741284 773073 20242 1070190
9s3d 0.741284 773073 20242 1070190
9s3h 0.741284 773073 20242 1070190
9s3s 0.741284 773073 20242 1070190
9d3h 0.741284 773073 20242 1070190
9d3d 0.741284 773073 20242 1070190
9h6c 0.740278 786169 6069 1070190
9d6c 0.740278 786169 6069 1070190
9s6c 0.740278 786169 6069 1070190
Ac3h 0.739471 787812 3562.5 1070190
Ac3d 0.739471 787812 3562.5 1070190
Ac3s 0.739471 787812 3562.5 1070190
9d5c 0.728227 772674 6667.5 1070190
9s5c 0.728227 772674 6667.5 1070190
9h5c 0.728227 772674 6667.5 1070190
Jc4s 0.724749 771616 4003.5 1070190
Jc4h 0.724749 771616 4003.5 1070190
Jc4d 0.724749 771616 4003.5 1070190
8s8c 0.718147 768239 315 1070190
8h8c 0.718147 768239 315 1070190
8d8c 0.718147 768239 315 1070190
Kc3s 0.717217 763973 3585 1070190
Kc3h 0.717217 763973 3585 1070190
Kc3d 0.717217 763973 3585 1070190
4s3d 0.71438 743655 20867.5 1070190
4s3s 0.71438 743655 20867.5 1070190
4s3h 0.71438 743655 20867.5 1070190
4h3s 0.71438 743655 20867.5 1070190
4h3h 0.71438 743655 20867.5 1070190
4h3d 0.71438 743655 20867.5 1070190
4d3s 0.71438 743655 20867.5 1070190
4d3h 0.71438 743655 20867.5 1070190
4d3d 0.71438 743655 20867.5 1070190
AsAd 0.710807 744359 16340 1070190
AsAh 0.710807 744359 16340 1070190
AhAd 0.710807 744359 16340 1070190
Tc4d 0.708346 753674 4390.5 1070190
Tc4h 0.708346 753674 4390.5 1070190
Tc4s 0.708346 753674 4390.5 1070190
7d7c 0.701004 749541 666 1070190
7s7c 0.701004 749541 666 1070190
7h7c 0.701004 749541 666 1070190
Ac5s 0.700677 741087 8770.5 1070190
Ac5h 0.700677 741087 8770.5 1070190
Ac5d 0.700677 741087 8770.5 1070190
Qc3h 0.698965 743990 4035 1070190
Qc3s 0.698965 743990 4035 1070190
Qc3d 0.698965 743990 4035 1070190
9s2c 0.697728 728367 18335 1070190
9d2c 0.697728 728367 18335 1070190
9h2c 0.697728 728367 18335 1070190
KsKh 0.689125 721566 15929 1070190
KhKd 0.689125 721566 15929 1070190
KsKd 0.689125 721566 15929 1070190
8c4d 0.687408 728357 7300.5 1070190
8c4h 0.687408 728357 7300.5 1070190
8c4s 0.687408 728357 7300.5 1070190
AcKd 0.685806 729231 4711.5 1070190
AcKh 0.685806 729231 4711.5 1070190
AcKs 0.685806 729231 4711.5 1070190
6d6c 0.68372 730693 1017 1070190
6h6c 0.68372 730693 1017 1070190
6s6c 0.68372 730693 1017 1070190
Jc3d 0.681309 724717 4413 1070190
Jc3h 0.681309 724717 4413 1070190
Jc3s 0.681309 724717 4413 1070190
AcQd 0.680056 723078 4711.5 1070190
AcQh 0.680056 723078 4711.5 1070190
AcQs 0.680056 723078 4711.5 1070190
Ac2d 0.679009 718299 8370 1070190
Ac2s 0.679009 718299 8370 1070190
Ac2h 0.679009 718299 8370 1070190
7c4s 0.678118 717204 8511 1070190
7c4d 0.678118 717204 8511 1070190
7c4h 0.678118 717204 8511 1070190
QhQd 0.67445 705861 15929 1070190
QsQd 0.67445 705861 15929 1070190
QsQh 0.67445 705861 15929 1070190
AcJd 0.674307 716925 4711.5 1070190
AcJh 0.674307 716925 4711.5 1070190
AcJs 0.674307 716925 4711.5 1070190
AdKc 0.673211 715892 4572 1070190
AsKc 0.673211 715892 4572 1070190
AhKc 0.673211 715892 4572 1070190
AcTh 0.668557 710772 4711.5 1070190
AcTd 0.668557 710772 4711.5 1070190
AcTs 0.668557 710772 4711.5 1070190
6c4d 0.668385 705733 9565.5 1070190
6c4h 0.668385 705733 9565.5 1070190
6c4s 0.668385 705733 9565.5 1070190
5d5c 0.66674 712170 1368 1070190
5h5c 0.66674 712170 1368 1070190
5s5c 0.66674 712170 1368 1070190
Tc3s 0.664249 706154 4719 1070190
Tc3d 0.664249 706154 4719 1070190
Tc3h 0.664249 706154 4719 1070190
Ad9s 0.661803 689009 19245.5 1070190
Ad9h 0.661803 689009 19245.5 1070190
Ad9d 0.661803 689009 19245.5 1070190
Ah9h 0.661803 689009 19245.5 1070190
As9s 0.661803 689009 19245.5 1070190
As9h 0.661803 689009 19245.5 1070190
As9d 0.661803 689009 19245.5 1070190
Ah9s 0.661803 689009 19245.5 1070190
Ah9d 0.661803 689009 19245.5 1070190
JsJh 0.659775 690156 15929 1070190
JsJd 0.659775 690156 15929 1070190
JhJd 0.659775 690156 15929 1070190
5c4d 0.658408 694266 10356 1070190
5c4h 0.658408 694266 10356 1070190
5c4s 0.658408 694266 10356 1070190
Ac7s 0.656525 694929 7677 1070190
Ac7h 0.656525 694929 7677 1070190
Ac7d 0.656525 694929 7677 1070190
Ac8s 0.654827 693891 6898.5 1070190
Ac8h 0.654827 693891 6898.5 1070190
Ac8d 0.654827 693891 6898.5 1070190
AhQc 0.654203 695549 4572 1070190
AdQc 0.654203 695549 4572 1070190
AsQc 0.654203 695549 4572 1070190
Ac6s 0.652901 690867 7861.5 1070190
Ac6h 0.652901 690867 7861.5 1070190
Ac6d 0.652901 690867 7861.5 1070190
Ks9h 0.651845 678237 19361 1070190
Kd9d 0.651845 678237 19361 1070190
Kh9d 0.651845 678237 19361 1070190
Kh9h 0.651845 678237 19361 1070190
Kh9s 0.651845 678237 19361 1070190
Kd9h 0.651845 678237 19361 1070190
Kd9s 0.651845 678237 19361 1070190
Ks9s 0.651845 678237 19361 1070190
Ks9d 0.651845 678237 19361 1070190
Qs9s 0.646609 671967 20027 1070190
Qs9h 0.646609 671967 20027 1070190
Qs9d 0.646609 671967 20027 1070190
Qd9d 0.646609 671967 20027 1070190
Qd9h 0.646609 671967 20027 1070190
Qd9s 0.646609 671967 20027 1070190
Qh9s 0.646609 671967 20027 1070190
Qh9h 0.646609 671967 20027 1070190
Qh9d 0.646609 671967 20027 1070190
TsTh 0.6451 674451 15929 1070190
TsTd 0.6451 674451 15929 1070190
ThTd 0.6451 674451 15929 1070190
8c3s 0.642816 680495 7440 1070190
8c3h 0.642816 680495 7440 1070190
8c3d 0.642816 680495 7440 1070190
Jh9d 0.641624 666057 20603 1070190
Js9h 0.641624 666057 20603 1070190
Js9d 0.641624 666057 20603 1070190
Jh9h 0.641624 666057 20603 1070190
Jd9d 0.641624 666057 20603 1070190
Js9s 0.641624 666057 20603 1070190
Jh9s 0.641624 666057 20603 1070190
Jd9h 0.641624 666057 20603 1070190
Jd9s 0.641624 666057 20603 1070190
Ts9s 0.636893 660507 21089 1070190
Ts9h 0.636893 660507 21089 1070190
Td9d 0.636893 660507 21089 1070190
Td9h 0.636893 660507 21089 1070190
Td9s 0.636893 660507 21089 1070190
Ts9d 0.636893 660507 21089 1070190
Th9s 0.636893 660507 21089 1070190
Th9d 0.636893 660507 21089 1070190
Th9h 0.636893 660507 21089 1070190
AsJc 0.635462 675493 4572 1070190
AdJc 0.635462 675493 4572 1070190
AhJc 0.635462 675493 4572 1070190
7c3h 0.6335 669396 8569.5 1070190
7c3d 0.6335 669396 8569.5 1070190
7c3s 0.6335 669396 8569.5 1070190
KcQs 0.630811 671024 4063.5 1070190
KcQh 0.630811 671024 4063.5 1070190
KcQd 0.630811 671024 4063.5 1070190
KcJs 0.624834 664628 4063.5 1070190
KcJh 0.624834 664628 4063.5 1070190
KcJd 0.624834 664628 4063.5 1070190
9s5s 0.624557 644340 24054.5 1070190
9s5h 0.624557 644340 24054.5 1070190
9h5h 0.624557 644340 24054.5 1070190
9d5s 0.624557 644340 24054.5 1070190
9h5d 0.624557 644340 24054.5 1070190
9d5h 0.624557 644340 24054.5 1070190
9h5s 0.624557 644340 24054.5 1070190
9d5d 0.624557 644340 24054.5 1070190
9s5d 0.624557 644340 24054.5 1070190
6c3d 0.623969 658222 9543 1070190
6c3h 0.623969 658222 9543 1070190
6c3s 0.623969 658222 9543 1070190
9s6d 0.623956 644464 23288 1070190
9h6d 0.623956 644464 23288 1070190
9h6s 0.623956 644464 23288 1070190
9d6d 0.623956 644464 23288 1070190
9h6h 0.623956 644464 23288 1070190
9d6h 0.623956 644464 23288 1070190
9s6s 0.623956 644464 23288 1070190
9d6s 0.623956 644464 23288 1070190
9s6h 0.623956 644464 23288 1070190
9h7s 0.622627 643898 22431.5 1070190
9h7d 0.622627 643898 22431.5 1070190
9h7h 0.622627 643898 22431.5 1070190
9d7s 0.622627 643898 22431.5 1070190
9d7h 0.622627 643898 22431.5 1070190
9d7d 0.622627 643898 22431.5 1070190
9s7s 0.622627 643898 22431.5 1070190
9s7h 0.622627 643898 22431.5 1070190
9s7d 0.622627 643898 22431.5 1070190
4h2c 0.622586 644361 21924.5 1070190
4d2c 0.622586 644361 21924.5 1070190
4s2c 0.622586 644361 21924.5 1070190
9s8s 0.61986 641883 21485 1070190
9s8h 0.61986 641883 21485 1070190
9h8d 0.61986 641883 21485 1070190
9s8d 0.61986 641883 21485 1070190
9h8s 0.61986 641883 21485 1070190
9h8h 0.61986 641883 21485 1070190
9d8s 0.61986 641883 21485 1070190
9d8d 0.61986 641883 21485 1070190
9d8h 0.61986 641883 21485 1070190
KcTd 0.618984 658367 4063.5 1070190
KcTh 0.618984 658367 4063.5 1070190
KcTs 0.618984 658367 4063.5 1070190
KsQc 0.617295 656654 3969 1070190
KdQc 0.617295 656654 3969 1070190
KhQc 0.617295 656654 3969 1070190
AsTc 0.61699 655724 4572 1070190
AdTc 0.61699 655724 4572 1070190
AhTc 0.61699 655724 4572 1070190
5c3d 0.614421 647295 10252.5 1070190
5c3h 0.614421 647295 10252.5 1070190
5c3s 0.614421 647295 10252.5 1070190
9h2h 0.612671 631873 23801 1070190
9s2s 0.612671 631873 23801 1070190
9s2h 0.612671 631873 23801 1070190
9s2d 0.612671 631873 23801 1070190
9h2s 0.612671 631873 23801 1070190
9d2d 0.612671 631873 23801 1070190
9d2h 0.612671 631873 23801 1070190
9d2s 0.612671 631873 23801 1070190
9h2d 0.612671 631873 23801 1070190
Kc5d 0.602858 636911 8262 1070190
Kc5h 0.602858 636911 8262 1070190
Kc5s 0.602858 636911 8262 1070190
Kc6d 0.602798 637409 7699.5 1070190
Kc6h 0.602798 637409 7699.5 1070190
Kc6s 0.602798 637409 7699.5 1070190
Kc7d 0.601409 636593 7029 1070190
Kc7s 0.601409 636593 7029 1070190
Kc7h 0.601409 636593 7029 1070190
Kc8d 0.599594 635429 6250.5 1070190
Kc8h 0.599594 635429 6250.5 1070190
Kc8s 0.599594 635429 6250.5 1070190
KhJc 0.598336 636364 3969 1070190
KsJc 0.598336 636364 3969 1070190
KdJc 0.598336 636364 3969 1070190
As5c 0.596371 629844 8386.5 1070190
Ad5c 0.596371 629844 8386.5 1070190
Ah5c 0.596371 629844 8386.5 1070190
Ad8c 0.588643 623486 6474 1070190
Ah8c 0.588643 623486 6474 1070190
As8c 0.588643 623486 6474 1070190
QcJd 0.583288 620327 3901.5 1070190
QcJh 0.583288 620327 3901.5 1070190
QcJs 0.583288 620327 3901.5 1070190
Kc2d 0.580395 613271 7861.5 1070190
Kc2h 0.580395 613271 7861.5 1070190
Kc2s 0.580395 613271 7861.5 1070190
KsTc 0.579771 616496 3969 1070190
KdTc 0.579771 616496 3969 1070190
KhTc 0.579771 616496 3969 1070190
Ad7c 0.577549 610830 7257 1070190
Ah7c 0.577549 610830 7257 1070190
As7c 0.577549 610830 7257 1070190
3s2c 0.577535 596499 21573.5 1070190
3h2c 0.577535 596499 21573.5 1070190
3d2c 0.577535 596499 21573.5 1070190
QcTd 0.577311 613931 3901.5 1070190
QcTh 0.577311 613931 3901.5 1070190
QcTs 0.577311 613931 3901.5 1070190
QhJc 0.570027 606217 3820.5 1070190
QdJc 0.570027 606217 3820.5 1070190
QsJc 0.570027 606217 3820.5 1070190
Ah6c 0.561399 593317 7486.5 1070190
Ad6c 0.561399 593317 7486.5 1070190
As6c 0.561399 593317 7486.5 1070190
8s8h 0.560849 584286 15929 1070190
8h8d 0.560849 584286 15929 1070190
8s8d 0.560849 584286 15929 1070190
Qc8s 0.557913 590984 6088.5 1070190
Qc8h 0.557913 590984 6088.5 1070190
Qc8d 0.557913 590984 6088.5 1070190
Qc5s 0.555929 586850 8100 1070190
Qc5d 0.555929 586850 8100 1070190
Qc5h 0.555929 586850 8100 1070190
Qc6d 0.555398 586844 7537.5 1070190
Qc6h 0.555398 586844 7537.5 1070190
Qc6s 0.555398 586844 7537.5 1070190
7s7h 0.555284 577919 16340 1070190
7s7d 0.555284 577919 16340 1070190
7h7d 0.555284 577919 16340 1070190
Qc7h 0.553664 585659 6867 1070190
Qc7s 0.553664 585659 6867 1070190
Qc7d 0.553664 585659 6867 1070190
Ah4d 0.552267 571742 19289 1070190
Ad4d 0.552267 571742 19289 1070190
As4s 0.552267 571742 19289 1070190
As4h 0.552267 571742 19289 1070190
As4d 0.552267 571742 19289 1070190
Ah4h 0.552267 571742 19289 1070190
Ad4s 0.552267 571742 19289 1070190
Ah4s 0.552267 571742 19289 1070190
Ad4h 0.552267 571742 19289 1070190
QdTc 0.551336 586214 3820.5 1070190
QhTc 0.551336 586214 3820.5 1070190
QsTc 0.551336 586214 3820.5 1070190
6s6h 0.549194 570991 16751 1070190
6h6d 0.549194 570991 16751 1070190
6s6d 0.549194 570991 16751 1070190
Ah2c 0.548609 567228 19887.5 1070190
Ad2c 0.548609 567228 19887.5 1070190
As2c 0.548609 567228 19887.5 1070190
Kd8c 0.54574 578174 5871 1070190
Ks8c 0.54574 578174 5871 1070190
Kh8c 0.54574 578174 5871 1070190
5s5h 0.543452 564435 17162 1070190
5s5d 0.543452 564435 17162 1070190
5h5d 0.543452 564435 17162 1070190
JcTh 0.541524 575794 3739.5 1070190
JcTs 0.541524 575794 3739.5 1070190
JcTd 0.541524 575794 3739.5 1070190
Ks4h 0.541046 559617 19404.5 1070190
Kd4s 0.541046 559617 19404.5 1070190
Kd4h 0.541046 559617 19404.5 1070190
Ks4s 0.541046 559617 19404.5 1070190
Kd4d 0.541046 559617 19404.5 1070190
Ks4d 0.541046 559617 19404.5 1070190
Kh4s 0.541046 559617 19404.5 1070190
Kh4h 0.541046 559617 19404.5 1070190
Kh4d 0.541046 559617 19404.5 1070190
Qs4s 0.535809 553347 20070.5 1070190
Qd4h 0.535809 553347 20070.5 1070190
Qd4s 0.535809 553347 20070.5 1070190
Qd4d 0.535809 553347 20070.5 1070190
Qs4h 0.535809 553347 20070.5 1070190
Qs4d 0.535809 553347 20070.5 1070190
Qh4d 0.535809 553347 20070.5 1070190
Qh4s 0.535809 553347 20070.5 1070190
Qh4h 0.535809 553347 20070.5 1070190
Ks7c 0.53478 565662 6654 1070190
Kd7c 0.53478 565662 6654 1070190
Kh7c 0.53478 565662 6654 1070190
Qc2d 0.533121 562841 7699.5 1070190
Qc2s 0.533121 562841 7699.5 1070190
Qc2h 0.533121 562841 7699.5 1070190
Jh4d 0.530825 547437 20646.5 1070190
Jh4h 0.530825 547437 20646.5 1070190
Jh4s 0.530825 547437 20646.5 1070190
Js4s 0.530825 547437 20646.5 1070190
Js4h 0.530825 547437 20646.5 1070190
Js4d 0.530825 547437 20646.5 1070190
Jd4d 0.530825 547437 20646.5 1070190
Jd4h 0.530825 547437 20646.5 1070190
Jd4s 0.530825 547437 20646.5 1070190
JdTc 0.528519 561944 3672 1070190
JhTc 0.528519 561944 3672 1070190
JsTc 0.528519 561944 3672 1070190
5s4s 0.527799 535293 29552 1070190
5h4s 0.527799 535293 29552 1070190
5s4d 0.527799 535293 29552 1070190
5d4h 0.527799 535293 29552 1070190
5d4s 0.527799 535293 29552 1070190
5h4d 0.527799 535293 29552 1070190
5h4h 0.527799 535293 29552 1070190
5s4h 0.527799 535293 29552 1070190
5d4d 0.527799 535293 29552 1070190
6c5d 0.526288 556978 6250.5 1070190
6c5s 0.526288 556978 6250.5 1070190
6c5h 0.526288 556978 6250.5 1070190
Th4s 0.526093 541887 21132.5 1070190
Th4d 0.526093 541887 21132.5 1070190
Td4s 0.526093 541887 21132.5 1070190
Th4h 0.526093 541887 21132.5 1070190
Td4h 0.526093 541887 21132.5 1070190
Td4d 0.526093 541887 21132.5 1070190
Ts4d 0.526093 541887 21132.5 1070190
Ts4h 0.526093 541887 21132.5 1070190
Ts4s 0.526093 541887 21132.5 1070190
6s4s 0.524031 532321 28491.5 1070190
6s4h 0.524031 532321 28491.5 1070190
6s4d 0.524031 532321 28491.5 1070190
6h4s 0.524031 532321 28491.5 1070190
6h4h 0.524031 532321 28491.5 1070190
6h4d 0.524031 532321 28491.5 1070190
6d4s 0.524031 532321 28491.5 1070190
6d4h 0.524031 532321 28491.5 1070190
6d4d 0.524031 532321 28491.5 1070190
Ks6c 0.523646 553063 7338 1070190
Kh6c 0.523646 553063 7338 1070190
Kd6c 0.523646 553063 7338 1070190
Jc8s 0.522126 552847 5926.5 1070190
Jc8d 0.522126 552847 5926.5 1070190
Jc8h 0.522126 552847 5926.5 1070190
2s2c 0.520942 543963 13544 1070190
2h2c 0.520942 543963 13544 1070190
2d2c 0.520942 543963 13544 1070190
7d4d 0.519876 529319 27047 1070190
7d4h 0.519876 529319 27047 1070190
7d4s 0.519876 529319 27047 1070190
7h4d 0.519876 529319 27047 1070190
7h4h 0.519876 529319 27047 1070190
7h4s 0.519876 529319 27047 1070190
7s4d 0.519876 529319 27047 1070190
7s4h 0.519876 529319 27047 1070190
7s4s 0.519876 529319 27047 1070190
Jc7s 0.517709 547342 6705 1070190
Jc7d 0.517709 547342 6705 1070190
Jc7h 0.517709 547342 6705 1070190
Qd8c 0.517313 547901 5722.5 1070190
Qs8c 0.517313 547901 5722.5 1070190
Qh8c 0.517313 547901 5722.5 1070190
8s4s 0.514776 525528 25380.5 1070190
8s4h 0.514776 525528 25380.5 1070190
8d4d 0.514776 525528 25380.5 1070190
8d4h 0.514776 525528 25380.5 1070190
8d4s 0.514776 525528 25380.5 1070190
8h4d 0.514776 525528 25380.5 1070190
8h4h 0.514776 525528 25380.5 1070190
8h4s 0.514776 525528 25380.5 1070190
8s4d 0.514776 525528 25380.5 1070190
6d5c 0.514225 544134 6184.5 1070190
6h5c 0.514225 544134 6184.5 1070190
6s5c 0.514225 544134 6184.5 1070190
Jc5d 0.51381 541936 7938 1070190
Jc5h 0.51381 541936 7938 1070190
Jc5s 0.51381 541936 7938 1070190
Jc6d 0.512934 541561 7375.5 1070190
Jc6h 0.512934 541561 7375.5 1070190
Jc6s 0.512934 541561 7375.5 1070190
Kh5c 0.511387 539358 7923 1070190
Ks5c 0.511387 539358 7923 1070190
Kd5c 0.511387 539358 7923 1070190
4h2d 0.508349 514999 29031.5 1070190
4s2s 0.508349 514999 29031.5 1070190
4h2h 0.508349 514999 29031.5 1070190
4h2s 0.508349 514999 29031.5 1070190
4s2d 0.508349 514999 29031.5 1070190
4s2h 0.508349 514999 29031.5 1070190
4d2h 0.508349 514999 29031.5 1070190
4d2d 0.508349 514999 29031.5 1070190
4d2s 0.508349 514999 29031.5 1070190
Qs7c 0.500256 528864 6505.5 1070190
Qd7c 0.500256 528864 6505.5 1070190
Qh7c 0.500256 528864 6505.5 1070190
5c2s 0.495487 524298 5967 1070190
5c2h 0.495487 524298 5967 1070190
5c2d 0.495487 524298 5967 1070190
Jd8c 0.494496 523631 5574 1070190
Js8c 0.494496 523631 5574 1070190
Jh8c 0.494496 523631 5574 1070190
As3d 0.494456 509291 19871 1070190
As3h 0.494456 509291 19871 1070190
Ah3d 0.494456 509291 19871 1070190
Ah3h 0.494456 509291 19871 1070190
As3s 0.494456 509291 19871 1070190
Ah3s 0.494456 509291 19871 1070190
Ad3d 0.494456 509291 19871 1070190
Ad3h 0.494456 509291 19871 1070190
Ad3s 0.494456 509291 19871 1070190
Tc8d 0.492073 520847 5764.5 1070190
Tc8h 0.492073 520847 5764.5 1070190
Tc8s 0.492073 520847 5764.5 1070190
Jc2s 0.490782 517693 7537.5 1070190
Jc2h 0.490782 517693 7537.5 1070190
Jc2d 0.490782 517693 7537.5 1070190
Qd6c 0.489476 516643 7189.5 1070190
Qs6c 0.489476 516643 7189.5 1070190
Qh6c 0.489476 516643 7189.5 1070190
Tc7s 0.487396 515063 6543 1070190
Tc7h 0.487396 515063 6543 1070190
Tc7d 0.487396 515063 6543 1070190
7c6d 0.484365 512121 6241.5 1070190
7c6h 0.484365 512121 6241.5 1070190
7c6s 0.484365 512121 6241.5 1070190
Tc6s 0.482578 509237 7213.5 1070190
Tc6h 0.482578 509237 7213.5 1070190
Tc6d 0.482578 509237 7213.5 1070190
Kh3d 0.481649 495555 19901 1070190
Kh3h 0.481649 495555 19901 1070190
Kh3s 0.481649 495555 19901 1070190
Kd3d 0.481649 495555 19901 1070190
Ks3d 0.481649 495555 19901 1070190
Ks3h 0.481649 495555 19901 1070190
Ks3s 0.481649 495555 19901 1070190
Kd3h 0.481649 495555 19901 1070190
Kd3s 0.481649 495555 19901 1070190
7c5s 0.478561 505455 6696 1070190
7c5d 0.478561 505455 6696 1070190
7c5h 0.478561 505455 6696 1070190
Qs5c 0.477696 503451 7774.5 1070190
Qh5c 0.477696 503451 7774.5 1070190
Qd5c 0.477696 503451 7774.5 1070190
Jd7c 0.477297 504441 6357 1070190
Jh7c 0.477297 504441 6357 1070190
Js7c 0.477297 504441 6357 1070190
Th8c 0.477137 505202 5425.5 1070190
Ts8c 0.477137 505202 5425.5 1070190
Td8c 0.477137 505202 5425.5 1070190
Tc5h 0.476399 502061 7776 1070190
Tc5s 0.476399 502061 7776 1070190
Tc5d 0.476399 502061 7776 1070190
Qs3h 0.475517 488412 20481.5 1070190
Qh3d 0.475517 488412 20481.5 1070190
Qh3h 0.475517 488412 20481.5 1070190
Qh3s 0.475517 488412 20481.5 1070190
Qs3s 0.475517 488412 20481.5 1070190
Qd3d 0.475517 488412 20481.5 1070190
Qd3h 0.475517 488412 20481.5 1070190
Qd3s 0.475517 488412 20481.5 1070190
Qs3d 0.475517 488412 20481.5 1070190
7d6c 0.472172 499204 6109.5 1070190
7s6c 0.472172 499204 6109.5 1070190
7h6c 0.472172 499204 6109.5 1070190
Js3h 0.469763 481764 20972 1070190
Js3d 0.469763 481764 20972 1070190
Jh3s 0.469763 481764 20972 1070190
Jh3h 0.469763 481764 20972 1070190
Jh3d 0.469763 481764 20972 1070190
Jd3d 0.469763 481764 20972 1070190
Jd3h 0.469763 481764 20972 1070190
Jd3s 0.469763 481764 20972 1070190
Js3s 0.469763 481764 20972 1070190
5d2c 0.469389 484476 17859.5 1070190
5s2c 0.469389 484476 17859.5 1070190
5h2c 0.469389 484476 17859.5 1070190
5h3h 0.467033 470538 29276 1070190
5d3d 0.467033 470538 29276 1070190
5s3h 0.467033 470538 29276 1070190
5d3s 0.467033 470538 29276 1070190
5d3h 0.467033 470538 29276 1070190
5h3s 0.467033 470538 29276 1070190
5s3s 0.467033 470538 29276 1070190
5h3d 0.467033 470538 29276 1070190
5s3d 0.467033 470538 29276 1070190
Td3s 0.464388 475611 21372.5 1070190
Td3h 0.464388 475611 21372.5 1070190
Ts3s 0.464388 475611 21372.5 1070190
Th3s 0.464388 475611 21372.5 1070190
Th3h 0.464388 475611 21372.5 1070190
Th3d 0.464388 475611 21372.5 1070190
Ts3h 0.464388 475611 21372.5 1070190
Td3d 0.464388 475611 21372.5 1070190
Ts3d 0.464388 475611 21372.5 1070190
6h3s 0.462537 466702 28301 1070190
6h3h 0.462537 466702 28301 1070190
6h3d 0.462537 466702 28301 1070190
6s3d 0.462537 466702 28301 1070190
6d3d 0.462537 466702 28301 1070190
6d3s 0.462537 466702 28301 1070190
6d3h 0.462537 466702 28301 1070190
6s3s 0.462537 466702 28301 1070190
6s3h 0.462537 466702 28301 1070190
Ks2c 0.462338 475365 19424 1070190
Kh2c 0.462338 475365 19424 1070190
Kd2c 0.462338 475365 19424 1070190
Js6c 0.459973 485218 7041 1070190
Jd6c 0.459973 485218 7041 1070190
Jh6c 0.459973 485218 7041 1070190
Ts7c 0.459694 485751 6208.5 1070190
Th7c 0.459694 485751 6208.5 1070190
Td7c 0.459694 485751 6208.5 1070190
7h3d 0.457933 463133 26942 1070190
7s3d 0.457933 463133 26942 1070190
7s3h 0.457933 463133 26942 1070190
7s3s 0.457933 463133 26942 1070190
7d3h 0.457933 463133 26942 1070190
7d3d 0.457933 463133 26942 1070190
7d3s 0.457933 463133 26942 1070190
7h3h 0.457933 463133 26942 1070190
7h3s 0.457933 463133 26942 1070190
Ah5s 0.455621 462450 25151.5 1070190
Ad5h 0.455621 462450 25151.5 1070190
Ad5s 0.455621 462450 25151.5 1070190
As5d 0.455621 462450 25151.5 1070190
As5h 0.455621 462450 25151.5 1070190
Ad5d 0.455621 462450 25151.5 1070190
Ah5h 0.455621 462450 25151.5 1070190
Ah5d 0.455621 462450 25151.5 1070190
As5s 0.455621 462450 25151.5 1070190
7s5c 0.454269 479559 6595.5 1070190
7d5c 0.454269 479559 6595.5 1070190
7h5c 0.454269 479559 6595.5 1070190
Tc2s 0.45338 477827 7375.5 1070190
Tc2h 0.45338 477827 7375.5 1070190
Tc2d 0.45338 477827 7375.5 1070190
8h3h 0.452661 459072 25361 1070190
8d3s 0.452661 459072 25361 1070190
8d3h 0.452661 459072 25361 1070190
8d3d 0.452661 459072 25361 1070190
8s3d 0.452661 459072 25361 1070190
8s3h 0.452661 459072 25361 1070190
8s3s 0.452661 459072 25361 1070190
8h3s 0.452661 459072 25361 1070190
8h3d 0.452661 459072 25361 1070190
Js5c 0.448547 472404 7626 1070190
Jd5c 0.448547 472404 7626 1070190
Jh5c 0.448547 472404 7626 1070190
3d2s 0.44626 449065 28518.5 1070190
3h2d 0.44626 449065 28518.5 1070190
3h2h 0.44626 449065 28518.5 1070190
3h2s 0.44626 449065 28518.5 1070190
3s2d 0.44626 449065 28518.5 1070190
3s2h 0.44626 449065 28518.5 1070190
3s2s 0.44626 449065 28518.5 1070190
3d2h 0.44626 449065 28518.5 1070190
3d2d 0.44626 449065 28518.5 1070190
8c7s 0.44592 471311 5908.5 1070190
8c7h 0.44592 471311 5908.5 1070190
8c7d 0.44592 471311 5908.5 1070190
Td6c 0.442354 466510 6892.5 1070190
Ts6c 0.442354 466510 6892.5 1070190
Th6c 0.442354 466510 6892.5 1070190
8c6s 0.441195 465584 6579 1070190
8c6h 0.441195 465584 6579 1070190
8c6d 0.441195 465584 6579 1070190
8c5d 0.435108 458507 7141.5 1070190
8c5s 0.435108 458507 7141.5 1070190
8c5h 0.435108 458507 7141.5 1070190
6c2d 0.434293 458818 5958 1070190
6c2h 0.434293 458818 5958 1070190
6c2s 0.434293 458818 5958 1070190
8s7c 0.43311 457773 5737.5 1070190
8d7c 0.43311 457773 5737.5 1070190
8h7c 0.43311 457773 5737.5 1070190
AsKd 0.428457 437906 20624 1070190
AdKh 0.428457 437906 20624 1070190
AdKs 0.428457 437906 20624 1070190
AsKh 0.428457 437906 20624 1070190
AdKd 0.428457 437906 20624 1070190
AhKs 0.428457 437906 20624 1070190
AhKh 0.428457 437906 20624 1070190
AsKs 0.428457 437906 20624 1070190
AhKd 0.428457 437906 20624 1070190
Qs2c 0.428294 439080 19275.5 1070190
Qd2c 0.428294 439080 19275.5 1070190
Qh2c 0.428294 439080 19275.5 1070190
As2s 0.424611 429840 24574 1070190
Ad2d 0.424611 429840 24574 1070190
Ah2s 0.424611 429840 24574 1070190
Ad2h 0.424611 429840 24574 1070190
Ah2h 0.424611 429840 24574 1070190
Ah2d 0.424611 429840 24574 1070190
As2d 0.424611 429840 24574 1070190
Ad2s 0.424611 429840 24574 1070190
As2h 0.424611 429840 24574 1070190
Th5c 0.423846 446118 7477.5 1070190
Td5c 0.423846 446118 7477.5 1070190
Ts5c 0.423846 446118 7477.5 1070190
AhQh 0.421712 430688 20624 1070190
AdQs 0.421712 430688 20624 1070190
AhQd 0.421712 430688 20624 1070190
AdQh 0.421712 430688 20624 1070190
AsQd 0.421712 430688 20624 1070190
AsQh 0.421712 430688 20624 1070190
AhQs 0.421712 430688 20624 1070190
AdQd 0.421712 430688 20624 1070190
AsQs 0.421712 430688 20624 1070190
8s6c 0.415871 438640 6421.5 1070190
8d6c 0.415871 438640 6421.5 1070190
8h6c 0.415871 438640 6421.5 1070190
AdJs 0.414967 423470 20624 1070190
AhJs 0.414967 423470 20624 1070190
AdJh 0.414967 423470 20624 1070190
AdJd 0.414967 423470 20624 1070190
AsJd 0.414967 423470 20624 1070190
AsJh 0.414967 423470 20624 1070190
AsJs 0.414967 423470 20624 1070190
AhJh 0.414967 423470 20624 1070190
AhJd 0.414967 423470 20624 1070190
8c2s 0.411635 433364 7164 1070190
8c2h 0.411635 433364 7164 1070190
8c2d 0.411635 433364 7164 1070190
AhTs 0.408223 416252 20624 1070190
AdTd 0.408223 416252 20624 1070190
AsTd 0.408223 416252 20624 1070190
AdTh 0.408223 416252 20624 1070190
AdTs 0.408223 416252 20624 1070190
AsTh 0.408223 416252 20624 1070190
AhTh 0.408223 416252 20624 1070190
AsTs 0.408223 416252 20624 1070190
AhTd 0.408223 416252 20624 1070190
Js2c 0.398917 407790 19127 1070190
Jd2c 0.398917 407790 19127 1070190
Jh2c 0.398917 407790 19127 1070190
8d5c 0.397464 418356 7006.5 1070190
8s5c 0.397464 418356 7006.5 1070190
8h5c 0.397464 418356 7006.5 1070190
6s2c 0.396042 406056 17784.5 1070190
6h2c 0.396042 406056 17784.5 1070190
6d2c 0.396042 406056 17784.5 1070190
Ah7s 0.3936 397349 23877.5 1070190
Ah7d 0.3936 397349 23877.5 1070190
Ah7h 0.3936 397349 23877.5 1070190
Ad7d 0.3936 397349 23877.5 1070190
As7h 0.3936 397349 23877.5 1070190
As7d 0.3936 397349 23877.5 1070190
Ad7h 0.3936 397349 23877.5 1070190
Ad7s 0.3936 397349 23877.5 1070190
As7s 0.3936 397349 23877.5 1070190
Ah8d 0.390195 394688 22895 1070190
Ah8h 0.390195 394688 22895 1070190
Ah8s 0.390195 394688 22895 1070190
Ad8s 0.390195 394688 22895 1070190
Ad8h 0.390195 394688 22895 1070190
As8s 0.390195 394688 22895 1070190
As8h 0.390195 394688 22895 1070190
Ad8d 0.390195 394688 22895 1070190
As8d 0.390195 394688 22895 1070190
Ad6s 0.389227 392435 24111.5 1070190
As6d 0.389227 392435 24111.5 1070190
As6s 0.389227 392435 24111.5 1070190
As6h 0.389227 392435 24111.5 1070190
Ad6h 0.389227 392435 24111.5 1070190
Ah6d 0.389227 392435 24111.5 1070190
Ah6h 0.389227 392435 24111.5 1070190
Ad6d 0.389227 392435 24111.5 1070190
Ah6s 0.389227 392435 24111.5 1070190
7c2d 0.385455 406107 6403.5 1070190
7c2h 0.385455 406107 6403.5 1070190
7c2s 0.385455 406107 6403.5 1070190
2s2d 0.376587 385711 17309 1070190
2s2h 0.376587 385711 17309 1070190
2h2d 0.376587 385711 17309 1070190
KsQs 0.375983 382529 19844 1070190
KsQh 0.375983 382529 19844 1070190
KsQd 0.375983 382529 19844 1070190
KdQd 0.375983 382529 19844 1070190
KdQs 0.375983 382529 19844 1070190
KhQs 0.375983 382529 19844 1070190
KdQh 0.375983 382529 19844 1070190
KhQh 0.375983 382529 19844 1070190
KhQd 0.375983 382529 19844 1070190
Ts2c 0.374208 381495 18978.5 1070190
Th2c 0.374208 381495 18978.5 1070190
Td2c 0.374208 381495 18978.5 1070190
KhJd 0.368935 374987 19844 1070190
KsJs 0.368935 374987 19844 1070190
KsJh 0.368935 374987 19844 1070190
KdJs 0.368935 374987 19844 1070190
KhJs 0.368935 374987 19844 1070190
KhJh 0.368935 374987 19844 1070190
KsJd 0.368935 374987 19844 1070190
KdJh 0.368935 374987 19844 1070190
KdJd 0.368935 374987 19844 1070190
KsTs 0.362065 367634 19844 1070190
KhTs 0.362065 367634 19844 1070190
KdTs 0.362065 367634 19844 1070190
KhTd 0.362065 367634 19844 1070190
KsTh 0.362065 367634 19844 1070190
KsTd 0.362065 367634 19844 1070190
KhTh 0.362065 367634 19844 1070190
KdTd 0.362065 367634 19844 1070190
KdTh 0.362065 367634 19844 1070190
6h5h 0.360498 363376 22425 1070190
6h5d 0.360498 363376 22425 1070190
6h5s 0.360498 363376 22425 1070190
6s5s 0.360498 363376 22425 1070190
6s5h 0.360498 363376 22425 1070190
6s5d 0.360498 363376 22425 1070190
6d5s 0.360498 363376 22425 1070190
6d5h 0.360498 363376 22425 1070190
6d5d 0.360498 363376 22425 1070190
8d2c 0.347335 352761 18953 1070190
8s2c 0.347335 352761 18953 1070190
8h2c 0.347335 352761 18953 1070190
Ks5h 0.343326 342713 24711.5 1070190
Kd5d 0.343326 342713 24711.5 1070190
Kh5s 0.343326 342713 24711.5 1070190
Kd5h 0.343326 342713 24711.5 1070190
Ks5d 0.343326 342713 24711.5 1070190
Kd5s 0.343326 342713 24711.5 1070190
Kh5h 0.343326 342713 24711.5 1070190
Kh5d 0.343326 342713 24711.5 1070190
Ks5s 0.343326 342713 24711.5 1070190
Ks6d 0.342293 342356 23963 1070190
Kh6h 0.342293 342356 23963 1070190
Kh6d 0.342293 342356 23963 1070190
Kd6d 0.342293 342356 23963 1070190
Kh6s 0.342293 342356 23963 1070190
Kd6h 0.342293 342356 23963 1070190
Kd6s 0.342293 342356 23963 1070190
Ks6h 0.342293 342356 23963 1070190
Ks6s 0.342293 342356 23963 1070190
Kh7d 0.339377 340100 23097.5 1070190
Kh7s 0.339377 340100 23097.5 1070190
Kh7h 0.339377 340100 23097.5 1070190
Kd7d 0.339377 340100 23097.5 1070190
Kd7h 0.339377 340100 23097.5 1070190
Kd7s 0.339377 340100 23097.5 1070190
Ks7d 0.339377 340100 23097.5 1070190
Ks7s 0.339377 340100 23097.5 1070190
Ks7h 0.339377 340100 23097.5 1070190
Ks8h 0.335796 337250 22115 1070190
Kh8d 0.335796 337250 22115 1070190
Ks8s 0.335796 337250 22115 1070190
Kh8h 0.335796 337250 22115 1070190
Kh8s 0.335796 337250 22115 1070190
Ks8d 0.335796 337250 22115 1070190
Kd8s 0.335796 337250 22115 1070190
Kd8h 0.335796 337250 22115 1070190
Kd8d 0.335796 337250 22115 1070190
5s2d 0.335243 336538 22236 1070190
5h2s 0.335243 336538 22236 1070190
5h2h 0.335243 336538 22236 1070190
5h2d 0.335243 336538 22236 1070190
5s2s 0.335243 336538 22236 1070190
5s2h 0.335243 336538 22236 1070190
5d2d 0.335243 336538 22236 1070190
5d2h 0.335243 336538 22236 1070190
5d2s 0.335243 336538 22236 1070190
QdJh 0.334771 338573 19695.5 1070190
QsJh 0.334771 338573 19695.5 1070190
QsJd 0.334771 338573 19695.5 1070190
QsJs 0.334771 338573 19695.5 1070190
QdJs 0.334771 338573 19695.5 1070190
QhJd 0.334771 338573 19695.5 1070190
QhJh 0.334771 338573 19695.5 1070190
QhJs 0.334771 338573 19695.5 1070190
QdJd 0.334771 338573 19695.5 1070190
7h2c 0.333777 339009 18195.5 1070190
7s2c 0.333777 339009 18195.5 1070190
7d2c 0.333777 339009 18195.5 1070190
QhTh 0.327724 331031 19695.5 1070190
QhTd 0.327724 331031 19695.5 1070190
QdTh 0.327724 331031 19695.5 1070190
QsTs 0.327724 331031 19695.5 1070190
QhTs 0.327724 331031 19695.5 1070190
QsTh 0.327724 331031 19695.5 1070190
QsTd 0.327724 331031 19695.5 1070190
QdTs 0.327724 331031 19695.5 1070190
QdTd 0.327724 331031 19695.5 1070190
Kd2d 0.311049 308747 24134 1070190
Kh2d 0.311049 308747 24134 1070190
Kd2h 0.311049 308747 24134 1070190
Kd2s 0.311049 308747 24134 1070190
Kh2s 0.311049 308747 24134 1070190
Ks2d 0.311049 308747 24134 1070190
Ks2h 0.311049 308747 24134 1070190
Ks2s 0.311049 308747 24134 1070190
Kh2h 0.311049 308747 24134 1070190
Qs8d 0.301454 300647 21966.5 1070190
Qs8h 0.301454 300647 21966.5 1070190
Qs8s 0.301454 300647 21966.5 1070190
Qh8d 0.301454 300647 21966.5 1070190
Qh8h 0.301454 300647 21966.5 1070190
Qd8s 0.301454 300647 21966.5 1070190
Qd8h 0.301454 300647 21966.5 1070190
Qd8d 0.301454 300647 21966.5 1070190
Qh8s 0.301454 300647 21966.5 1070190
Qs5d 0.301299 297884 24563 1070190
Qs5s 0.301299 297884 24563 1070190
Qs5h 0.301299 297884 24563 1070190
Qd5d 0.301299 297884 24563 1070190
Qh5s 0.301299 297884 24563 1070190
Qh5h 0.301299 297884 24563 1070190
Qh5d 0.301299 297884 24563 1070190
Qd5h 0.301299 297884 24563 1070190
Qd5s 0.301299 297884 24563 1070190
JdTh 0.300623 302177 19547 1070190
JdTd 0.300623 302177 19547 1070190
JdTs 0.300623 302177 19547 1070190
JhTd 0.300623 302177 19547 1070190
JsTd 0.300623 302177 19547 1070190
JsTh 0.300623 302177 19547 1070190
JsTs 0.300623 302177 19547 1070190
JhTs 0.300623 302177 19547 1070190
JhTh 0.300623 302177 19547 1070190
Qh6s 0.29961 296825 23814.5 1070190
Qh6h 0.29961 296825 23814.5 1070190
Qs6d 0.29961 296825 23814.5 1070190
Qs6s 0.29961 296825 23814.5 1070190
Qd6d 0.29961 296825 23814.5 1070190
Qs6h 0.29961 296825 23814.5 1070190
Qh6d 0.29961 296825 23814.5 1070190
Qd6h 0.29961 296825 23814.5 1070190
Qd6s 0.29961 296825 23814.5 1070190
Qd7d 0.296214 294056 22949 1070190
Qs7s 0.296214 294056 22949 1070190
Qh7d 0.296214 294056 22949 1070190
Qh7h 0.296214 294056 22949 1070190
Qs7d 0.296214 294056 22949 1070190
Qh7s 0.296214 294056 22949 1070190
Qd7h 0.296214 294056 22949 1070190
Qd7s 0.296214 294056 22949 1070190
Qs7h 0.296214 294056 22949 1070190
7h6h 0.285452 283152 22336 1070190
7h6d 0.285452 283152 22336 1070190
7d6d 0.285452 283152 22336 1070190
7s6d 0.285452 283152 22336 1070190
7s6h 0.285452 283152 22336 1070190
7s6s 0.285452 283152 22336 1070190
7d6s 0.285452 283152 22336 1070190
7d6h 0.285452 283152 22336 1070190
7h6s 0.285452 283152 22336 1070190
7s5h 0.278067 274617 22967.5 1070190
7d5d 0.278067 274617 22967.5 1070190
7d5h 0.278067 274617 22967.5 1070190
7d5s 0.278067 274617 22967.5 1070190
7h5d 0.278067 274617 22967.5 1070190
7h5h 0.278067 274617 22967.5 1070190
7h5s 0.278067 274617 22967.5 1070190
7s5s 0.278067 274617 22967.5 1070190
7s5d 0.278067 274617 22967.5 1070190
Jd8s 0.274354 271793 21818 1070190
Jd8h 0.274354 271793 21818 1070190
Js8s 0.274354 271793 21818 1070190
Jd8d 0.274354 271793 21818 1070190
Jh8d 0.274354 271793 21818 1070190
Jh8s 0.274354 271793 21818 1070190
Js8h 0.274354 271793 21818 1070190
Js8d 0.274354 271793 21818 1070190
Jh8h 0.274354 271793 21818 1070190
Js7s 0.268886 264959 22800.5 1070190
Jd7d 0.268886 264959 22800.5 1070190
Jd7h 0.268886 264959 22800.5 1070190
Jd7s 0.268886 264959 22800.5 1070190
Js7h 0.268886 264959 22800.5 1070190
Js7d 0.268886 264959 22800.5 1070190
Jh7d 0.268886 264959 22800.5 1070190
Jh7h 0.268886 264959 22800.5 1070190
Jh7s 0.268886 264959 22800.5 1070190
Qs2d 0.268542 263405 23985.5 1070190
Qh2s 0.268542 263405 23985.5 1070190
Qh2h 0.268542 263405 23985.5 1070190
Qd2d 0.268542 263405 23985.5 1070190
Qd2h 0.268542 263405 23985.5 1070190
Qs2h 0.268542 263405 23985.5 1070190
Qd2s 0.268542 263405 23985.5 1070190
Qs2s 0.268542 263405 23985.5 1070190
Qh2d 0.268542 263405 23985.5 1070190
Js5d 0.265024 259211 24414.5 1070190
Jd5s 0.265024 259211 24414.5 1070190
Jd5h 0.265024 259211 24414.5 1070190
Jd5d 0.265024 259211 24414.5 1070190
Jh5s 0.265024 259211 24414.5 1070190
Jh5h 0.265024 259211 24414.5 1070190
Jh5d 0.265024 259211 24414.5 1070190
Js5s 0.265024 259211 24414.5 1070190
Js5h 0.265024 259211 24414.5 1070190
Jd6d 0.262855 257639 23666 1070190
Jd6h 0.262855 257639 23666 1070190
Js6s 0.262855 257639 23666 1070190
Js6h 0.262855 257639 23666 1070190
Js6d 0.262855 257639 23666 1070190
Jh6s 0.262855 257639 23666 1070190
Jd6s 0.262855 257639 23666 1070190
Jh6d 0.262855 257639 23666 1070190
Jh6h 0.262855 257639 23666 1070190
Ts8s 0.254267 250445 21669.5 1070190
Ts8h 0.254267 250445 21669.5 1070190
Ts8d 0.254267 250445 21669.5 1070190
Td8d 0.254267 250445 21669.5 1070190
Th8s 0.254267 250445 21669.5 1070190
Th8h 0.254267 250445 21669.5 1070190
Th8d 0.254267 250445 21669.5 1070190
Td8h 0.254267 250445 21669.5 1070190
Td8s 0.254267 250445 21669.5 1070190
Th7d 0.248447 243233 22652 1070190
Td7d 0.248447 243233 22652 1070190
Td7h 0.248447 243233 22652 1070190
Td7s 0.248447 243233 22652 1070190
Th7h 0.248447 243233 22652 1070190
Th7s 0.248447 243233 22652 1070190
Ts7d 0.248447 243233 22652 1070190
Ts7h 0.248447 243233 22652 1070190
Ts7s 0.248447 243233 22652 1070190
Th6s 0.242365 235859 23517.5 1070190
Th6h 0.242365 235859 23517.5 1070190
Th6d 0.242365 235859 23517.5 1070190
Ts6d 0.242365 235859 23517.5 1070190
Ts6h 0.242365 235859 23517.5 1070190
Ts6s 0.242365 235859 23517.5 1070190
Td6s 0.242365 235859 23517.5 1070190
Td6h 0.242365 235859 23517.5 1070190
Td6d 0.242365 235859 23517.5 1070190
6h2h 0.234486 228798 22147 1070190
6h2d 0.234486 228798 22147 1070190
6d2d 0.234486 228798 22147 1070190
6d2h 0.234486 228798 22147 1070190
6d2s 0.234486 228798 22147 1070190
6s2s 0.234486 228798 22147 1070190
6s2h 0.234486 228798 22147 1070190
6s2d 0.234486 228798 22147 1070190
6h2s 0.234486 228798 22147 1070190
Th5d 0.234374 226559 24266 1070190
Th5h 0.234374 226559 24266 1070190
Th5s 0.234374 226559 24266 1070190
Td5s 0.234374 226559 24266 1070190
Td5h 0.234374 226559 24266 1070190
Td5d 0.234374 226559 24266 1070190
Ts5d 0.234374 226559 24266 1070190
Ts5h 0.234374 226559 24266 1070190
Ts5s 0.234374 226559 24266 1070190
Js2h 0.231963 224408 23837 1070190
Jd2h 0.231963 224408 23837 1070190
Js2d 0.231963 224408 23837 1070190
Js2s 0.231963 224408 23837 1070190
Jd2s 0.231963 224408 23837 1070190
Jh2s 0.231963 224408 23837 1070190
Jh2h 0.231963 224408 23837 1070190
Jh2d 0.231963 224408 23837 1070190
Jd2d 0.231963 224408 23837 1070190
8h7d 0.214076 207206 21896 1070190
8s7s 0.214076 207206 21896 1070190
8s7h 0.214076 207206 21896 1070190
8s7d 0.214076 207206 21896 1070190
8h7h 0.214076 207206 21896 1070190
8h7s 0.214076 207206 21896 1070190
8d7s 0.214076 207206 21896 1070190
8d7h 0.214076 207206 21896 1070190
8d7d 0.214076 207206 21896 1070190
8h6h 0.208121 199967 22761.5 1070190
8d6h 0.208121 199967 22761.5 1070190
8h6d 0.208121 199967 22761.5 1070190
8h6s 0.208121 199967 22761.5 1070190
8s6d 0.208121 199967 22761.5 1070190
8s6h 0.208121 199967 22761.5 1070190
8s6s 0.208121 199967 22761.5 1070190
8d6d 0.208121 199967 22761.5 1070190
8d6s 0.208121 199967 22761.5 1070190
Ts2d 0.201314 191756 23688.5 1070190
Th2s 0.201314 191756 23688.5 1070190
Th2h 0.201314 191756 23688.5 1070190
Th2d 0.201314 191756 23688.5 1070190
Td2d 0.201314 191756 23688.5 1070190
Td2h 0.201314 191756 23688.5 1070190
Td2s 0.201314 191756 23688.5 1070190
Ts2s 0.201314 191756 23688.5 1070190
Ts2h 0.201314 191756 23688.5 1070190
8s5s 0.200256 190802 23510 1070190
8s5h 0.200256 190802 23510 1070190
8s5d 0.200256 190802 23510 1070190
8d5d 0.200256 190802 23510 1070190
8d5h 0.200256 190802 23510 1070190
8d5s 0.200256 190802 23510 1070190
8h5s 0.200256 190802 23510 1070190
8h5h 0.200256 190802 23510 1070190
8h5d 0.200256 190802 23510 1070190
8h2h 0.166568 154736 23523.5 1070190
8s2s 0.166568 154736 23523.5 1070190
8s2h 0.166568 154736 23523.5 1070190
8s2d 0.166568 154736 23523.5 1070190
8d2d 0.166568 154736 23523.5 1070190
8d2h 0.166568 154736 23523.5 1070190
8d2s 0.166568 154736 23523.5 1070190
8h2s 0.166568 154736 23523.5 1070190
8h2d 0.166568 154736 23523.5 1070190
7d2h 0.14985 137678 22689.5 1070190
7d2s 0.14985 137678 22689.5 1070190
7d2d 0.14985 137678 22689.5 1070190
7h2d 0.14985 137678 22689.5 1070190
7h2h 0.14985 137678 22689.5 1070190
7h2s 0.14985 137678 22689.5 1070190
7s2d 0.14985 137678 22689.5 1070190
7s2h 0.14985 137678 22689.5 1070190
7s2s 0.14985 137678 22689.5 1070190
