7h5h 0.950789 995846 21678.5 1070190
7d5d 0.950765 995821 21678.5 1070190
7c5c 0.950714 995766 21678.5 1070190
7c5d 0.950337 995040 22001.5 1070190
7h5d 0.950337 995040 22001.5 1070190
7h5c 0.950337 995040 22001.5 1070190
7c5h 0.950337 995040 22001.5 1070190
7d5h 0.950337 995040 22001.5 1070190
7d5c 0.950337 995040 22001.5 1070190
7s5h 0.949558 994326 21881 1070190
7s5d 0.949558 994326 21881 1070190
7s5c 0.949558 994326 21881 1070190
7d5s 0.949552 994320 21881 1070190
7c5s 0.949552 994320 21881 1070190
7h5s 0.949552 994320 21881 1070190
7s5s 0.948772 993606 21760.5 1070190
5c2c 0.912153 942542 33635.5 1070190
5d2d 0.912153 942542 33635.5 1070190
5h2h 0.912127 942514 33635.5 1070190
5c2h 0.910794 940278 34444.5 1070190
5d2h 0.910794 940278 34444.5 1070190
5c2d 0.910794 940278 34444.5 1070190
5d2c 0.910794 940278 34444.5 1070190
5h2c 0.910794 940278 34444.5 1070190
5h2d 0.910794 940278 34444.5 1070190
5s2h 0.910168 939774 34278.5 1070190
5s2d 0.910168 939774 34278.5 1070190
5s2c 0.910168 939774 34278.5 1070190
5c2s 0.910009 939558 34324 1070190
5h2s 0.910009 939558 34324 1070190
5d2s 0.910009 939558 34324 1070190
5s2s 0.909382 939054 34158 1070190
6d6c 0.890236 939694 13028 1070190
6s6d 0.889885 939326 13020 1070190
6s6c 0.889882 939323 13020 1070190
4h4c 0.88483 933844 13092.5 1070190
4s4c 0.884476 933473 13084.5 1070190
4s4h 0.884476 933473 13084.5 1070190
3h3d 0.879231 927796 13148 1070190
3s3d 0.878879 927428 13140 1070190
3s3h 0.878877 927425 13140 1070190
6c4c 0.812698 855123 14618 1070190
6d4h 0.804487 845471 15482.5 1070190
6d4c 0.80439 845346 15504 1070190
6c4h 0.804387 845343 15504 1070190
6s4h 0.804056 845018 15474.5 1070190
6d4s 0.804056 845018 15474.5 1070190
6s4c 0.803959 844893 15496 1070190
6c4s 0.803956 844890 15496 1070190
6s4s 0.803625 844565 15466.5 1070190
6d3d 0.802283 841779 16816.5 1070190
6d3h 0.793729 831738 17702.5 1070190
6c3h 0.793722 831731 17702.5 1070190
6c3d 0.793628 831609 17724 1070190
6s3h 0.793395 831410 17673 1070190
6s3d 0.793301 831288 17694.5 1070190
6d3s 0.793301 831288 17694.5 1070190
6c3s 0.793294 831281 17694.5 1070190
6s3s 0.792967 830960 17665 1070190
4h3h 0.787253 825572 16938 1070190
4h3d 0.778284 815088 17824 1070190
4c3d 0.77828 815084 17824 1070190
4c3h 0.778221 814999 17845.5 1070190
4s3d 0.77795 814760 17794.5 1070190
4h3s 0.777894 814678 17816 1070190
4s3h 0.777891 814675 17816 1070190
4c3s 0.77789 814674 17816 1070190
4s3s 0.77756 814350 17786.5 1070190
AdAc 0.774693 815562 13507 1070190
AhAd 0.774692 815561 13507 1070190
AhAc 0.774692 815561 13507 1070190
AsAd 0.773935 814759 13499 1070190
AsAc 0.773935 814759 13499 1070190
AsAh 0.773935 814758 13499 1070190
KhKc 0.756169 795738 13507 1070190
KhKd 0.756169 795738 13507 1070190
KdKc 0.756169 795738 13507 1070190
KsKc 0.755413 794936 13499 1070190
KsKd 0.755413 794936 13499 1070190
KsKh 0.755413 794936 13499 1070190
6d5d 0.742253 761419 32933 1070190
6c5c 0.742207 761391 32912 1070190
QhQd 0.737646 775914 13507 1070190
QdQc 0.737646 775914 13507 1070190
QhQc 0.737646 775914 13507 1070190
QsQh 0.736889 775112 13499 1070190
QsQd 0.736889 775112 13499 1070190
QsQc 0.736889 775112 13499 1070190
7h7d 0.732946 774044 10347 1070190
7d7c 0.732945 774043 10347 1070190
7h7c 0.732945 774043 10347 1070190
7s7h 0.732289 773399 10289 1070190
7s7d 0.732289 773399 10289 1070190
7s7c 0.732288 773398 10289 1070190
6d5h 0.731446 748610 34176 1070190
6c5h 0.731445 748609 34176 1070190
6c5d 0.731404 748551 34190 1070190
6d5c 0.731404 748551 34190 1070190
6d5s 0.73087 748106 34064 1070190
6c5s 0.730869 748105 34064 1070190
6s5h 0.730841 748019 34120 1070190
6s5d 0.7308 747961 34134 1070190
6s5c 0.730799 747960 34134 1070190
6s5s 0.730266 747515 34008 1070190
7d6d 0.720004 750293 20248 1070190
7c6c 0.719953 750259 20227 1070190
JdJc 0.719122 756090 13507 1070190
JhJc 0.719122 756090 13507 1070190
JhJd 0.719122 756090 13507 1070190
JsJh 0.718365 755288 13499 1070190
JsJc 0.718365 755288 13499 1070190
JsJd 0.718365 755288 13499 1070190
5h5d 0.714824 745418 19579 1070190
5h5c 0.714823 745417 19579 1070190
5d5c 0.714797 745390 19579 1070190
5s5h 0.714321 744992 19467 1070190
5s5d 0.714296 744965 19467 1070190
5s5c 0.714295 744964 19467 1070190
7h6d 0.706871 735451 21035 1070190
7h6c 0.70687 735450 21035 1070190
7d6c 0.706815 735373 21053 1070190
7c6d 0.706815 735373 21053 1070190
7h6s 0.7063 734888 20987 1070190
7d6s 0.706245 734811 21005 1070190
7c6s 0.706244 734810 21005 1070190
7s6d 0.706149 734737 20977 1070190
7s6c 0.706148 734736 20977 1070190
7s6s 0.705578 734174 20929 1070190
ThTd 0.701304 737022 13507 1070190
ThTc 0.701304 737022 13507 1070190
TdTc 0.701304 737022 13507 1070190
TsTh 0.700553 736226 13499 1070190
TsTd 0.700553 736226 13499 1070190
TsTc 0.700553 736226 13499 1070190
5h4h 0.696132 710391 34602 1070190
5c4c 0.695237 709455 34581 1070190
Ad6d 0.686561 719328 15422.5 1070190
Ac6c 0.68651 719274 15422.5 1070190
9h9d 0.682781 717198 13507 1070190
9h9c 0.682781 717198 13507 1070190
9d9c 0.682781 717198 13507 1070190
5d4h 0.682617 694601 35929 1070190
5d4c 0.682611 694594 35929 1070190
5h4c 0.682609 694578 35943 1070190
5c4h 0.682589 694557 35943 1070190
5s4h 0.682081 694139 35817 1070190
5s4c 0.682074 694132 35817 1070190
9s9c 0.682029 716402 13499 1070190
9s9d 0.682029 716402 13499 1070190
9s9h 0.682029 716402 13499 1070190
5d4s 0.682022 694031 35862.5 1070190
5h4s 0.68202 694015 35876.5 1070190
5c4s 0.681994 693987 35876.5 1070190
5s4s 0.681486 693569 35750.5 1070190
Kd6d 0.680311 711871 16190.5 1070190
Kc6c 0.680263 711823 16187.5 1070190
Qd6d 0.674346 704811 16867 1070190
Qc6c 0.674301 704769 16861 1070190
8h8d 0.672156 711714 7621 1070190
8h8c 0.672155 711713 7621 1070190
8d8c 0.672155 711713 7621 1070190
6d2d 0.671524 692815 25843.5 1070190
6c2c 0.671502 692815 25819.5 1070190
8s8d 0.671404 710917 7613 1070190
8s8h 0.671404 710917 7613 1070190
8s8c 0.671403 710916 7613 1070190
Ah6c 0.669329 699958 16351.5 1070190
Ah6d 0.669329 699958 16351.5 1070190
Ad6c 0.669261 699863 16373 1070190
Ac6d 0.669261 699863 16373 1070190
Jd6d 0.668664 698145 17452 1070190
Ah6s 0.668622 699231 16322 1070190
Jc6c 0.668621 698109 17443 1070190
Ac6s 0.668554 699136 16343.5 1070190
Ad6s 0.668554 699136 16343.5 1070190
As6d 0.668492 699070 16343.5 1070190
As6c 0.668492 699070 16343.5 1070190
As6s 0.667785 698343 16314 1070190
7h4h 0.666313 692784 20297.5 1070190
7c4c 0.665277 691696 20276.5 1070190
Td6d 0.663567 692197 17945.5 1070190
Tc6c 0.663528 692167 17933.5 1070190
Kh6c 0.663033 692420 17151.5 1070190
Kh6d 0.663033 692420 17151.5 1070190
Kd6c 0.662965 692325 17173 1070190
Kc6d 0.662965 692325 17173 1070190
Kh6s 0.662362 691735 17118 1070190
Kc6s 0.662293 691640 17139.5 1070190
Kd6s 0.662293 691640 17139.5 1070190
Ks6d 0.662196 691532 17143.5 1070190
Ks6c 0.662196 691532 17143.5 1070190
Ks6s 0.661525 690847 17110 1070190
8d6d 0.660741 693705 13413.5 1070190
8c6c 0.660681 693659 13395.5 1070190
9d6d 0.65845 686319 18347.5 1070190
9c6c 0.658413 686295 18332.5 1070190
Qh6c 0.657005 685264 17856 1070190
Qh6d 0.657005 685264 17856 1070190
Qd6c 0.656936 685169 17877.5 1070190
Qc6d 0.656936 685169 17877.5 1070190
Qh6s 0.656368 684619 17819 1070190
Qd6s 0.656299 684524 17840.5 1070190
Qc6s 0.656299 684524 17840.5 1070190
Qs6d 0.656168 684376 17848 1070190
Qs6c 0.656168 684376 17848 1070190
6d2h 0.655826 674887 26971.5 1070190
6c2h 0.655826 674887 26971.5 1070190
6c2d 0.655755 674793 26989.5 1070190
6d2c 0.655755 674793 26989.5 1070190
Qs6s 0.65553 683731 17811 1070190
6s2h 0.655329 674407 26920 1070190
6s2c 0.655258 674313 26938 1070190
6s2d 0.655258 674313 26938 1070190
6c2s 0.655099 674167 26913.5 1070190
6d2s 0.655099 674167 26913.5 1070190
6s2s 0.654602 673687 26862 1070190
Jh6d 0.651244 678490 18465 1070190
Jh6c 0.651244 678490 18465 1070190
Jd6c 0.651175 678395 18486.5 1070190
Jc6d 0.651175 678395 18486.5 1070190
Jh6s 0.65064 677883 18425 1070190
Jd6s 0.650571 677788 18446.5 1070190
Jc6s 0.650571 677788 18446.5 1070190
Js6c 0.650407 677602 18457 1070190
Js6d 0.650407 677602 18457 1070190
7d4h 0.64985 674378 21084.5 1070190
7d4c 0.649849 674377 21084.5 1070190
7h4c 0.649827 674336 21102.5 1070190
Js6s 0.649802 676995 18417 1070190
7c4h 0.649801 674308 21102.5 1070190
7d4s 0.649279 673815 21036.5 1070190
7h4s 0.649257 673774 21054.5 1070190
7c4s 0.64923 673745 21054.5 1070190
7s4h 0.649162 673700 21026.5 1070190
7s4c 0.649161 673699 21026.5 1070190
5h3h 0.64892 660257 34210.5 1070190
5d3d 0.648914 660251 34210.5 1070190
7s4s 0.648591 673137 20978.5 1070190
Th6c 0.646104 672476 18978.5 1070190
Th6d 0.646104 672476 18978.5 1070190
Tc6d 0.646036 672381 19000 1070190
Td6c 0.646036 672381 19000 1070190
Th6s 0.645531 671905 18936 1070190
Tc6s 0.645462 671810 18957.5 1070190
Td6s 0.645462 671810 18957.5 1070190
Ts6d 0.645273 671594 18970.5 1070190
Ts6c 0.645273 671594 18970.5 1070190
Ts6s 0.6447 671023 18928 1070190
8h6d 0.643482 674514 14133.5 1070190
8h6c 0.643481 674513 14133.5 1070190
8c6d 0.643413 674419 14155 1070190
8d6c 0.643413 674419 14155 1070190
8h6s 0.642962 674000 14091 1070190
8d6s 0.642894 673906 14112.5 1070190
8c6s 0.642893 673905 14112.5 1070190
8s6d 0.64265 673632 14125.5 1070190
8s6c 0.642649 673631 14125.5 1070190
8s6s 0.64213 673118 14083 1070190
9h6d 0.640879 666466 19396.5 1070190
9h6c 0.640879 666466 19396.5 1070190
9c6d 0.640811 666371 19418 1070190
9d6c 0.640811 666371 19418 1070190
9h6s 0.640336 665929 19352 1070190
9d6s 0.640267 665834 19373.5 1070190
9c6s 0.640267 665834 19373.5 1070190
9s6c 0.640048 665584 19388.5 1070190
9s6d 0.640048 665584 19388.5 1070190
9s6s 0.639504 665047 19344 1070190
5d3h 0.633734 642664 35551.5 1070190
5h3d 0.633734 642664 35551.5 1070190
5c3h 0.633729 642673 35537.5 1070190
5c3d 0.633723 642667 35537.5 1070190
5s3h 0.633225 642246 35425.5 1070190
5s3d 0.63322 642240 35425.5 1070190
5h3s 0.633146 642101 35485 1070190
5d3s 0.63314 642095 35485 1070190
5c3s 0.633135 642104 35471 1070190
5s3s 0.632632 641677 35359 1070190
Ah4h 0.619671 647694 15472 1070190
Ac4c 0.618556 646500 15472 1070190
4h2h 0.618356 634543 27215.5 1070190
4c2c 0.617384 633527 27191.5 1070190
Kh4h 0.613425 640241 16240 1070190
Kc4c 0.612311 639052 16237 1070190
7d3d 0.609339 631987 20121.5 1070190
7h3h 0.609339 631987 20121.5 1070190
Qh4h 0.60746 633181 16916.5 1070190
Qc4c 0.606349 631998 16910.5 1070190
Jh4h 0.601778 626515 17501.5 1070190
Jc4c 0.60067 625338 17492.5 1070190
Ah5h 0.599812 609761 32152 1070190
Ad5d 0.599773 609686 32185 1070190
Ac5c 0.599671 609581 32180.5 1070190
4c2d 0.59943 613076 28427.5 1070190
4h2d 0.599429 613075 28427.5 1070190
4c2h 0.599407 613034 28445.5 1070190
4h2c 0.599381 613006 28445.5 1070190
4s2d 0.598922 612595 28365.5 1070190
4s2h 0.5989 612553 28383.5 1070190
4s2c 0.598874 612526 28383.5 1070190
4c2s 0.598751 612408 28369.5 1070190
4h2s 0.59875 612407 28369.5 1070190
Ad4c 0.598302 623896 16401 1070190
Ad4h 0.598301 623895 16401 1070190
Ah4c 0.598274 623844 16422.5 1070190
4s2s 0.598244 611927 28307.5 1070190
Ac4h 0.598242 623810 16422.5 1070190
Ad4s 0.597594 623168 16371.5 1070190
Ah4s 0.597566 623116 16393 1070190
Ac4s 0.597535 623083 16393 1070190
As4c 0.597505 623051 16393 1070190
As4h 0.597504 623050 16393 1070190
As4s 0.596797 622323 16363.5 1070190
Th4h 0.596687 620573 17995 1070190
Tc4c 0.595576 619396 17983 1070190
8h4h 0.593867 622087 13463 1070190
8c4c 0.592729 620888 13445 1070190
Kd4c 0.592006 616358 17201 1070190
Kd4h 0.592006 616358 17201 1070190
Kh4c 0.591978 616306 17222.5 1070190
Kc4h 0.591946 616272 17222.5 1070190
9h4h 0.591575 614701 18397 1070190
Kd4s 0.591335 615673 17167.5 1070190
Kh4s 0.591306 615621 17189 1070190
Kc4s 0.591274 615587 17189 1070190
Ks4c 0.591209 615513 17193 1070190
Ks4h 0.591209 615513 17193 1070190
7c3d 0.590708 611261 20909 1070190
7c3h 0.590708 611261 20909 1070190
7d3h 0.5907 611235 20926.5 1070190
7h3d 0.5907 611235 20926.5 1070190
Ks4s 0.590538 614828 17159.5 1070190
9c4c 0.590462 613524 18382 1070190
7c3s 0.590138 610699 20861 1070190
7h3s 0.59013 610673 20878.5 1070190
7d3s 0.59013 610673 20878.5 1070190
7s3h 0.590061 610627 20850.5 1070190
7s3d 0.590061 610627 20850.5 1070190
7s3s 0.589491 610065 20802.5 1070190
Qd4h 0.585978 609202 17905.5 1070190
Qd4c 0.585978 609202 17905.5 1070190
Qh4c 0.585949 609150 17927 1070190
Qc4h 0.585917 609116 17927 1070190
Qd4s 0.58534 608557 17868.5 1070190
Qh4s 0.585312 608505 17890 1070190
Qc4s 0.58528 608471 17890 1070190
Qs4c 0.585181 608357 17897.5 1070190
Qs4h 0.585181 608357 17897.5 1070190
Qs4s 0.584543 607712 17860.5 1070190
Ad5h 0.5818 589209 33428 1070190
Ac5h 0.5818 589209 33428 1070190
Ah5c 0.581764 589167 33431 1070190
Ah5d 0.581764 589167 33431 1070190
Ad5c 0.58176 589166 33428 1070190
Ac5d 0.58176 589166 33428 1070190
Ah5s 0.581287 588782 33305 1070190
Ad5s 0.581283 588781 33302 1070190
Ac5s 0.581283 588781 33302 1070190
As5h 0.581156 588565 33382.5 1070190
As5c 0.581116 588522 33382.5 1070190
As5d 0.581116 588522 33382.5 1070190
As5s 0.580638 588137 33256.5 1070190
Jd4h 0.580217 602428 18514.5 1070190
Jd4c 0.580217 602428 18514.5 1070190
Jh4c 0.580189 602376 18536 1070190
Jc4h 0.580157 602342 18536 1070190
Jd4s 0.579612 601821 18474.5 1070190
Jh4s 0.579584 601769 18496 1070190
Jc4s 0.579552 601735 18496 1070190
Js4c 0.57942 601583 18506.5 1070190
Js4h 0.57942 601583 18506.5 1070190
Js4s 0.578815 600976 18466.5 1070190
Td4c 0.575077 596414 19028 1070190
Td4h 0.575077 596414 19028 1070190
Th4c 0.575049 596362 19049.5 1070190
Tc4h 0.575017 596328 19049.5 1070190
Td4s 0.574504 595843 18985.5 1070190
Th4s 0.574476 595791 19007 1070190
Tc4s 0.574444 595757 19007 1070190
Ts4c 0.574286 595575 19020 1070190
Ts4h 0.574286 595575 19020 1070190
Ts4s 0.573713 595004 18977.5 1070190
8d4h 0.572454 598452 14183 1070190
8d4c 0.572453 598451 14183 1070190
8h4c 0.572426 598400 14204.5 1070190
8c4h 0.572394 598366 14204.5 1070190
8d4s 0.571934 597938 14140.5 1070190
8h4s 0.571907 597887 14162 1070190
8c4s 0.571874 597852 14162 1070190
8s4h 0.571663 597613 14175 1070190
8s4c 0.571662 597612 14175 1070190
8s4s 0.571143 597099 14132.5 1070190
9d4h 0.569852 590404 19446 1070190
9d4c 0.569852 590404 19446 1070190
9h4c 0.569824 590352 19467.5 1070190
9c4h 0.569792 590318 19467.5 1070190
9d4s 0.569309 589867 19401.5 1070190
9h4s 0.56928 589815 19423 1070190
9c4s 0.569248 589781 19423 1070190
9s4c 0.569061 589565 19438 1070190
9s4h 0.569061 589565 19438 1070190
9s4s 0.568517 589028 19393.5 1070190
Ad3d 0.561348 584737 16012 1070190
Ah3h 0.561336 584724 16012 1070190
3d2d 0.561235 573872 26756.5 1070190
3h2h 0.561208 573843 26756.5 1070190
Kh5h 0.560263 567591 31997 1070190
Kd5d 0.560198 567488 32030 1070190
Kc5c 0.560107 567395 32025.5 1070190
Kd3d 0.554015 576211 16690.5 1070190
Kh3h 0.554004 576199 16690.5 1070190
Qd3d 0.547099 568222 17277.5 1070190
Qh3h 0.547087 568210 17277.5 1070190
Ad7d 0.546477 566073 18761 1070190
Ah7h 0.546477 566073 18761 1070190
Ac7c 0.546374 565968 18756.5 1070190
Kc5h 0.540606 545284 33267 1070190
Kd5h 0.540606 545284 33267 1070190
Jd3d 0.540598 560770 17773 1070190
Jh3h 0.540587 560758 17773 1070190
Kh5c 0.540569 545242 33270 1070190
Kh5d 0.540569 545242 33270 1070190
Kd5c 0.540566 545241 33267 1070190
Kc5d 0.540566 545241 33267 1070190
Kh5s 0.540112 544878 33144 1070190
Kd5s 0.540108 544877 33141 1070190
Kc5s 0.540108 544877 33141 1070190
3h2d 0.540082 550004 27986.5 1070190
3d2h 0.540082 550004 27986.5 1070190
3d2c 0.540082 550022 27968.5 1070190
3h2c 0.540081 550021 27968.5 1070190
Ks5h 0.539962 544640 33222 1070190
Ks5d 0.539922 544597 33222 1070190
Ks5c 0.539922 544597 33222 1070190
3s2d 0.539576 549524 27924.5 1070190
3s2h 0.539575 549523 27924.5 1070190
3s2c 0.539575 549541 27906.5 1070190
Ks5s 0.539464 544233 33096 1070190
3d2s 0.539452 549406 27910.5 1070190
3h2s 0.539451 549405 27910.5 1070190
3s2s 0.538945 548925 27848.5 1070190
Ac3d 0.537484 558265 16945.5 1070190
Ac3h 0.537484 558264 16945.5 1070190
Ad3h 0.537469 558231 16962.5 1070190
Ah3d 0.537469 558231 16962.5 1070190
Ac3s 0.536777 557537 16916 1070190
Ad3s 0.536762 557504 16933 1070190
Ah3s 0.536761 557503 16933 1070190
As3d 0.536732 557472 16933 1070190
As3h 0.536731 557471 16933 1070190
As3s 0.536024 556744 16903.5 1070190
Td3d 0.534817 554179 18177 1070190
Th3h 0.534812 554173 18177 1070190
8h3h 0.531004 554809 13466 1070190
8d3d 0.531004 554809 13466 1070190
Kc3h 0.530103 549655 17655.5 1070190
Kc3d 0.530103 549655 17655.5 1070190
Kd3h 0.530087 549621 17673 1070190
Kh3d 0.530087 549621 17673 1070190
Kc3s 0.529431 548970 17622 1070190
Kh3s 0.529416 548936 17639.5 1070190
Kd3s 0.529416 548936 17639.5 1070190
Ks3d 0.52935 548862 17643.5 1070190
Ks3h 0.52935 548862 17643.5 1070190
9h3h 0.529149 547801 18489.5 1070190
9d3d 0.529149 547801 18489.5 1070190
Ks3s 0.528679 548177 17610 1070190
Qh5h 0.524973 529979 31842 1070190
Qd5d 0.524908 529876 31875 1070190
Qc5c 0.524828 529795 31870.5 1070190
Ah7c 0.523995 541246 19528 1070190
Ah7d 0.523995 541246 19528 1070190
Ad7c 0.523995 541246 19528 1070190
Ad7h 0.523995 541246 19528 1070190
Ac7d 0.523995 541246 19528 1070190
Ac7h 0.523995 541246 19528 1070190
As7h 0.523362 540603 19493.5 1070190
As7d 0.523362 540603 19493.5 1070190
As7c 0.523362 540603 19493.5 1070190
Ah7s 0.523349 540631 19452 1070190
Ac7s 0.523349 540631 19452 1070190
Ad7s 0.523349 540631 19452 1070190
Qc3d 0.523122 541570 18270 1070190
Qc3h 0.523122 541570 18270 1070190
Qd3h 0.523107 541536 18288 1070190
Qh3d 0.523107 541536 18288 1070190
As7s 0.522716 539988 19417.5 1070190
Qc3s 0.522485 540925 18233 1070190
Qd3s 0.52247 540891 18251 1070190
Qh3s 0.52247 540891 18251 1070190
Qs3d 0.52237 540777 18258.5 1070190
Qs3h 0.52237 540777 18258.5 1070190
Qs3s 0.521733 540132 18221.5 1070190
Jc3d 0.516543 534010 18789 1070190
Jc3h 0.516543 534010 18789 1070190
Jd3h 0.516528 533976 18807.5 1070190
Jh3d 0.516528 533976 18807.5 1070190
Jc3s 0.515938 533403 18749 1070190
Jh3s 0.515924 533369 18767.5 1070190
Jd3s 0.515924 533369 18767.5 1070190
Js3d 0.515792 533217 18778 1070190
Js3h 0.515792 533217 18778 1070190
Js3s 0.515187 532610 18738 1070190
Tc3h 0.510718 527353 19212.5 1070190
Tc3d 0.510718 527353 19212.5 1070190
Td3h 0.510704 527319 19231.5 1070190
Th3d 0.510704 527319 19231.5 1070190
Tc3s 0.510145 526782 19170 1070190
Th3s 0.510131 526748 19189 1070190
Td3s 0.510131 526748 19189 1070190
Ts3d 0.509973 526566 19202 1070190
Ts3h 0.509973 526566 19202 1070190
Ts3s 0.5094 525995 19159.5 1070190
8c3h 0.507126 528534 14187.5 1070190
8c3d 0.507126 528534 14187.5 1070190
8d3h 0.507113 528500 14207.5 1070190
8h3d 0.507113 528500 14207.5 1070190
8c3s 0.506607 528021 14145 1070190
8d3s 0.506594 527987 14165 1070190
8h3s 0.506594 527987 14165 1070190
8s3h 0.506382 527747 14178 1070190
8s3d 0.506382 527747 14178 1070190
8s3s 0.505863 527234 14135.5 1070190
9c3h 0.504942 520843 19540.5 1070190
9c3d 0.504942 520843 19540.5 1070190
9d3h 0.504928 520809 19560 1070190
9h3d 0.504928 520809 19560 1070190
9c3s 0.504398 520306 19496 1070190
9d3s 0.504385 520272 19515.5 1070190
9h3s 0.504385 520272 19515.5 1070190
9s3d 0.504197 520056 19530.5 1070190
9s3h 0.504197 520056 19530.5 1070190
Qd5h 0.503854 506114 33106 1070190
Qc5h 0.503854 506114 33106 1070190
Qh5d 0.503818 506072 33109 1070190
Qh5c 0.503818 506072 33109 1070190
Qc5d 0.503814 506071 33106 1070190
Qd5c 0.503814 506071 33106 1070190
9s3s 0.503654 519519 19486 1070190
Qh5s 0.50338 505729 32983 1070190
Qd5s 0.503376 505728 32980 1070190
Qc5s 0.503376 505728 32980 1070190
Qs5h 0.503211 505470 33061.5 1070190
Qs5d 0.503171 505427 33061.5 1070190
Qs5c 0.503171 505427 33061.5 1070190
Qs5s 0.502733 505084 32935.5 1070190
AdKd 0.502095 519754 17583 1070190
AhKh 0.502084 519742 17583 1070190
AcKc 0.501998 519655 17578.5 1070190
Kh7h 0.498075 514429 18606 1070190
Kd7d 0.498072 514426 18606 1070190
Kc7c 0.497981 514333 18601.5 1070190
Jh5h 0.493942 496925 31687 1070190
Jd5d 0.493877 496822 31720 1070190
Jc5c 0.493808 496753 31715.5 1070190
AdQd 0.493214 510250 17583 1070190
AhQh 0.493203 510238 17583 1070190
AcQc 0.493118 510151 17578.5 1070190
AdJd 0.484334 500746 17583 1070190
AhJh 0.484322 500734 17583 1070190
AcJc 0.484237 500647 17578.5 1070190
2d2c 0.481536 499075 16260 1070190
2h2c 0.481535 499074 16260 1070190
2h2d 0.481535 499074 16260 1070190
Ad2d 0.481405 490181 25013.5 1070190
Ah2h 0.481336 490141 24980.5 1070190
Ac2c 0.481308 490082 25009 1070190
2s2c 0.480948 498504 16202 1070190
2s2d 0.480948 498504 16202 1070190
2s2h 0.480947 498503 16202 1070190
AdTd 0.475756 491566 17583 1070190
AhTh 0.47575 491560 17583 1070190
AcTc 0.475659 491467 17578.5 1070190
AdKh 0.475562 490296 18646 1070190
AhKc 0.475562 490296 18646 1070190
AhKd 0.475562 490296 18646 1070190
AdKc 0.475562 490296 18646 1070190
AcKh 0.475562 490296 18646 1070190
AcKd 0.475562 490296 18646 1070190
AsKc 0.47482 489535 18612.5 1070190
AsKd 0.47482 489535 18612.5 1070190
AsKh 0.47482 489535 18612.5 1070190
AcKs 0.474816 489527 18616.5 1070190
AhKs 0.474816 489527 18616.5 1070190
AdKs 0.474816 489527 18616.5 1070190
AsKs 0.474074 488766 18583 1070190
Kh7c 0.473449 487313 19367 1070190
Kh7d 0.473449 487313 19367 1070190
Kd7h 0.473449 487313 19367 1070190
Kc7d 0.473449 487313 19367 1070190
Kc7h 0.473449 487313 19367 1070190
Kd7c 0.473449 487313 19367 1070190
Kd7s 0.472829 486726 19291 1070190
Kh7s 0.472829 486726 19291 1070190
Kc7s 0.472829 486726 19291 1070190
Ks7h 0.472816 486670 19333 1070190
Ks7d 0.472816 486670 19333 1070190
Ks7c 0.472816 486670 19333 1070190
Ks7s 0.472197 486083 19257 1070190
Jc5h 0.471546 471699 32945 1070190
Jd5h 0.471546 471699 32945 1070190
Jh5d 0.47151 471657 32948 1070190
Jh5c 0.47151 471657 32948 1070190
Jc5d 0.471506 471656 32945 1070190
Jd5c 0.471506 471656 32945 1070190
Jh5s 0.471091 471335 32822 1070190
Jd5s 0.471087 471334 32819 1070190
Jc5s 0.471087 471334 32819 1070190
Js5h 0.470903 471055 32901 1070190
Js5c 0.470863 471012 32901 1070190
Js5d 0.470863 471012 32901 1070190
Js5s 0.470445 470690 32775 1070190
Th5h 0.467645 468937 31532 1070190
Td5d 0.467574 468828 31565 1070190
Tc5c 0.467517 468771 31560.5 1070190
Ad9d 0.466875 482062 17583 1070190
Ah9h 0.466875 482062 17583 1070190
Ac9c 0.466778 481963 17578.5 1070190
AcQh 0.466312 480396 18646 1070190
AcQd 0.466312 480396 18646 1070190
AdQc 0.466312 480396 18646 1070190
AdQh 0.466312 480396 18646 1070190
AhQc 0.466312 480396 18646 1070190
AhQd 0.466312 480396 18646 1070190
AsQd 0.4656 479668 18612.5 1070190
AsQc 0.4656 479668 18612.5 1070190
AsQh 0.4656 479668 18612.5 1070190
AcQs 0.465565 479627 18616.5 1070190
AdQs 0.465565 479627 18616.5 1070190
AhQs 0.465565 479627 18616.5 1070190
Ad8d 0.4651 485407 12338.5 1070190
Ah8h 0.4651 485407 12338.5 1070190
Ac8c 0.464998 485302 12334 1070190
AsQs 0.464854 478899 18583 1070190
AhJc 0.457061 470496 18646 1070190
AhJd 0.457061 470496 18646 1070190
AdJc 0.457061 470496 18646 1070190
AdJh 0.457061 470496 18646 1070190
AcJh 0.457061 470496 18646 1070190
AcJd 0.457061 470496 18646 1070190
Ah2c 0.456676 462570 26160.5 1070190
Ah2d 0.456676 462570 26160.5 1070190
Ad2h 0.456674 462570 26157.5 1070190
Ac2d 0.456674 462570 26157.5 1070190
Ac2h 0.456674 462570 26157.5 1070190
Ad2c 0.456674 462570 26157.5 1070190
AsJc 0.45638 469801 18612.5 1070190
AsJd 0.45638 469801 18612.5 1070190
AsJh 0.45638 469801 18612.5 1070190
AcJs 0.456315 469727 18616.5 1070190
AdJs 0.456315 469727 18616.5 1070190
AhJs 0.456315 469727 18616.5 1070190
Ah2s 0.456132 462063 26084.5 1070190
Ac2s 0.456129 462063 26081.5 1070190
Ad2s 0.456129 462063 26081.5 1070190
As2h 0.456122 462021 26116.5 1070190
As2d 0.456122 462021 26116.5 1070190
As2c 0.456122 462021 26116.5 1070190
AsJs 0.455634 469032 18583 1070190
As2s 0.455578 461514 26040.5 1070190
Qh7h 0.455416 468931 18451 1070190
Qd7d 0.455414 468928 18451 1070190
Qc7c 0.455334 468847 18446.5 1070190
AdTc 0.448163 460974 18646 1070190
AcTd 0.448163 460974 18646 1070190
AcTh 0.448163 460974 18646 1070190
AhTd 0.448163 460974 18646 1070190
AdTh 0.448163 460974 18646 1070190
AhTc 0.448163 460974 18646 1070190
AsTh 0.447514 460312 18612.5 1070190
AsTd 0.447514 460312 18612.5 1070190
AsTc 0.447514 460312 18612.5 1070190
AhTs 0.447423 460211 18616.5 1070190
AdTs 0.447423 460211 18616.5 1070190
AcTs 0.447423 460211 18616.5 1070190
AsTs 0.446773 459549 18583 1070190
9h5h 0.446072 446808 30574 1070190
9d5d 0.445978 446674 30607 1070190
9c5c 0.445932 446629 30602.5 1070190
Tc5h 0.444212 442607 32784 1070190
Td5h 0.444212 442607 32784 1070190
Th5d 0.444175 442565 32787 1070190
Th5c 0.444175 442565 32787 1070190
Tc5d 0.444172 442564 32784 1070190
Td5c 0.444172 442564 32784 1070190
Th5s 0.443776 442264 32661 1070190
Tc5s 0.443773 442263 32658 1070190
Td5s 0.443773 442263 32658 1070190
Ts5h 0.443574 441968 32740.5 1070190
Ts5c 0.443534 441925 32740.5 1070190
Ts5d 0.443534 441925 32740.5 1070190
Ts5s 0.443135 441624 32614.5 1070190
8h5h 0.441492 453215 19265 1070190
8d5d 0.441397 453081 19298 1070190
8c5c 0.441311 452993 19293.5 1070190
KdQd 0.439981 453435 17428 1070190
KhQh 0.439972 453426 17428 1070190
KcQc 0.439895 453348 17423.5 1070190
Ah9d 0.438913 451074 18646 1070190
Ad9h 0.438913 451074 18646 1070190
Ad9c 0.438913 451074 18646 1070190
Ah9c 0.438913 451074 18646 1070190
Ac9h 0.438913 451074 18646 1070190
Ac9d 0.438913 451074 18646 1070190
As9c 0.438294 450445 18612.5 1070190
As9d 0.438294 450445 18612.5 1070190
As9h 0.438294 450445 18612.5 1070190
Ah9s 0.438172 450311 18616.5 1070190
Ad9s 0.438172 450311 18616.5 1070190
Ac9s 0.438172 450311 18616.5 1070190
As9s 0.437553 449682 18583 1070190
Ad8c 0.437222 454850 13060.5 1070190
Ad8h 0.437222 454850 13060.5 1070190
Ah8d 0.437222 454850 13060.5 1070190
Ah8c 0.437222 454850 13060.5 1070190
Ac8h 0.437222 454850 13060.5 1070190
Ac8d 0.437222 454850 13060.5 1070190
As8c 0.436629 454246 13030.5 1070190
As8h 0.436629 454246 13030.5 1070190
As8d 0.436629 454246 13030.5 1070190
Ac8s 0.436481 454087 13031 1070190
Ah8s 0.436481 454087 13031 1070190
Ad8s 0.436481 454087 13031 1070190
As8s 0.435889 453483 13001 1070190
Kd2d 0.432977 438509 24858.5 1070190
Kh2h 0.432935 438497 24825.5 1070190
Kc2c 0.432891 438422 24854 1070190
KdJd 0.4311 443931 17428 1070190
KhJh 0.431092 443922 17428 1070190
KcJc 0.431015 443844 17423.5 1070190
Qc7h 0.428914 439813 19206 1070190
Qc7d 0.428914 439813 19206 1070190
Qd7h 0.428914 439813 19206 1070190
Qd7c 0.428914 439813 19206 1070190
Qh7c 0.428914 439813 19206 1070190
Qh7d 0.428914 439813 19206 1070190
Qd7s 0.42832 439254 19130 1070190
Qc7s 0.42832 439254 19130 1070190
Qh7s 0.42832 439254 19130 1070190
Qs7c 0.428281 439170 19172.5 1070190
Qs7h 0.428281 439170 19172.5 1070190
Qs7d 0.428281 439170 19172.5 1070190
Qs7s 0.427688 438611 19096.5 1070190
KdTd 0.422522 434751 17428 1070190
KhTh 0.422519 434748 17428 1070190
KcTc 0.422437 434664 17423.5 1070190
9d5h 0.421768 419606 31766 1070190
9c5h 0.421768 419606 31766 1070190
9h5d 0.421732 419564 31769 1070190
9h5c 0.421732 419564 31769 1070190
9c5d 0.421728 419563 31766 1070190
9d5c 0.421728 419563 31766 1070190
9h5s 0.421348 419276 31646.5 1070190
9d5s 0.421344 419275 31643.5 1070190
9c5s 0.421344 419275 31643.5 1070190
9s5h 0.421131 418967 31723 1070190
9s5d 0.421091 418924 31723 1070190
9s5c 0.421091 418924 31723 1070190
9s5s 0.420707 418636 31600.5 1070190
Jh7h 0.4185 429579 18296 1070190
Jd7d 0.418498 429576 18296 1070190
Jc7c 0.418429 429507 18291.5 1070190
8c5h 0.416904 426148 20019 1070190
8d5h 0.416904 426148 20019 1070190
8h5d 0.416868 426106 20022 1070190
8h5c 0.416868 426106 20022 1070190
8c5d 0.416864 426105 20019 1070190
8d5c 0.416864 426105 20019 1070190
8h5s 0.41645 425739 19941.5 1070190
8c5s 0.416446 425738 19938.5 1070190
8d5s 0.416446 425738 19938.5 1070190
8s5h 0.416268 425509 19976.5 1070190
8s5d 0.416227 425466 19976.5 1070190
8s5c 0.416227 425466 19976.5 1070190
8s5s 0.415809 425099 19896 1070190
Kh9h 0.413644 425250 17428 1070190
Kd9d 0.413642 425247 17428 1070190
Kc9c 0.413556 425160 17423.5 1070190
Kh8h 0.411869 428595 12183.5 1070190
Kd8d 0.411867 428592 12183.5 1070190
Kc8c 0.411775 428499 12179 1070190
KhQc 0.410673 421013 18485 1070190
KhQd 0.410673 421013 18485 1070190
KdQh 0.410673 421013 18485 1070190
KcQd 0.410673 421013 18485 1070190
KcQh 0.410673 421013 18485 1070190
KdQc 0.410673 421013 18485 1070190
KsQd 0.409962 420285 18452 1070190
KsQh 0.409962 420285 18452 1070190
KsQc 0.409962 420285 18452 1070190
KcQs 0.409959 420278 18455.5 1070190
KdQs 0.409959 420278 18455.5 1070190
KhQs 0.409959 420278 18455.5 1070190
KsQs 0.409247 419550 18422.5 1070190
Kh2d 0.40613 408637 25999.5 1070190
Kh2c 0.40613 408637 25999.5 1070190
Kc2d 0.406127 408637 25996.5 1070190
Kd2h 0.406127 408637 25996.5 1070190
Kc2h 0.406127 408637 25996.5 1070190
Kd2c 0.406127 408637 25996.5 1070190
Kh2s 0.405612 408158 25923.5 1070190
Kc2s 0.405609 408158 25920.5 1070190
Kd2s 0.405609 408158 25920.5 1070190
Ks2c 0.405577 408088 25956 1070190
Ks2h 0.405577 408088 25956 1070190
Ks2d 0.405577 408088 25956 1070190
Ks2s 0.405058 407609 25880 1070190
KhJd 0.401422 411113 18485 1070190
KhJc 0.401422 411113 18485 1070190
KdJh 0.401422 411113 18485 1070190
KdJc 0.401422 411113 18485 1070190
KcJh 0.401422 411113 18485 1070190
KcJd 0.401422 411113 18485 1070190
Th7h 0.400885 410882 18141 1070190
Td7d 0.400862 410857 18141 1070190
Tc7c 0.400804 410800 18136.5 1070190
KsJd 0.400742 410418 18452 1070190
KsJh 0.400742 410418 18452 1070190
KsJc 0.400742 410418 18452 1070190
KcJs 0.400708 410378 18455.5 1070190
KdJs 0.400708 410378 18455.5 1070190
KhJs 0.400708 410378 18455.5 1070190
KsJs 0.400028 409683 18422.5 1070190
KcTh 0.392525 401591 18485 1070190
KhTd 0.392525 401591 18485 1070190
KhTc 0.392525 401591 18485 1070190
KdTh 0.392525 401591 18485 1070190
KdTc 0.392525 401591 18485 1070190
KcTd 0.392525 401591 18485 1070190
KsTh 0.391875 400929 18452 1070190
KsTc 0.391875 400929 18452 1070190
KsTd 0.391875 400929 18452 1070190
KhTs 0.391816 400862 18455.5 1070190
KdTs 0.391816 400862 18455.5 1070190
KcTs 0.391816 400862 18455.5 1070190
KsTs 0.391167 400200 18422.5 1070190
Jh7c 0.39039 398746 19045 1070190
Jh7d 0.39039 398746 19045 1070190
Jc7h 0.39039 398746 19045 1070190
Jc7d 0.39039 398746 19045 1070190
Jd7c 0.39039 398746 19045 1070190
Jd7h 0.39039 398746 19045 1070190
Qd2d 0.390318 393011 24703.5 1070190
Qh2h 0.390276 392999 24670.5 1070190
Qc2c 0.390244 392936 24699 1070190
Jh7s 0.389822 398215 18969 1070190
Jd7s 0.389822 398215 18969 1070190
Jc7s 0.389822 398215 18969 1070190
Js7c 0.389758 398103 19012 1070190
Js7d 0.389758 398103 19012 1070190
Js7h 0.389758 398103 19012 1070190
Js7s 0.389191 397572 18936 1070190
QdJd 0.384874 394615 17273 1070190
QhJh 0.384865 394606 17273 1070190
QcJc 0.384799 394540 17268.5 1070190
Kh9d 0.383274 391691 18485 1070190
Kd9c 0.383274 391691 18485 1070190
Kh9c 0.383274 391691 18485 1070190
Kc9d 0.383274 391691 18485 1070190
Kc9h 0.383274 391691 18485 1070190
Kd9h 0.383274 391691 18485 1070190
Ks9h 0.382655 391062 18452 1070190
Ks9d 0.382655 391062 18452 1070190
Ks9c 0.382655 391062 18452 1070190
Kd9s 0.382565 390962 18455.5 1070190
Kc9s 0.382565 390962 18455.5 1070190
Kh9s 0.382565 390962 18455.5 1070190
Ks9s 0.381947 390333 18422.5 1070190
Kc8h 0.381583 395467 12899.5 1070190
Kc8d 0.381583 395467 12899.5 1070190
Kh8d 0.381583 395467 12899.5 1070190
Kh8c 0.381583 395467 12899.5 1070190
Kd8c 0.381583 395467 12899.5 1070190
Kd8h 0.381583 395467 12899.5 1070190
Ks8c 0.380991 394863 12870 1070190
Ks8d 0.380991 394863 12870 1070190
Ks8h 0.380991 394863 12870 1070190
Kh8s 0.380874 394738 12870 1070190
Kc8s 0.380874 394738 12870 1070190
Kd8s 0.380874 394738 12870 1070190
Ks8s 0.380282 394134 12840.5 1070190
9h7h 0.376395 385631 17183 1070190
9d7d 0.376348 385581 17183 1070190
9c7c 0.376302 385536 17178.5 1070190
QdTd 0.376296 385435 17273 1070190
QhTh 0.376293 385432 17273 1070190
QcTc 0.376222 385360 17268.5 1070190
Td7c 0.372299 379547 18884 1070190
Td7h 0.372299 379547 18884 1070190
Th7d 0.372299 379547 18884 1070190
Th7c 0.372299 379547 18884 1070190
Tc7h 0.372299 379547 18884 1070190
Tc7d 0.372299 379547 18884 1070190
Td7s 0.371751 379036 18808 1070190
Th7s 0.371751 379036 18808 1070190
Tc7s 0.371751 379036 18808 1070190
Ts7d 0.371667 378903 18851.5 1070190
Ts7h 0.371667 378903 18851.5 1070190
Ts7c 0.371667 378903 18851.5 1070190
Ts7s 0.371119 378392 18775.5 1070190
8h7h 0.370382 390505 5874 1070190
8d7d 0.370335 390455 5874 1070190
8c7c 0.370248 390366 5869.5 1070190
Qh9h 0.367418 375934 17273 1070190
Qd9d 0.367415 375931 17273 1070190
Qc9c 0.367341 375856 17268.5 1070190
Qh8h 0.365643 379279 12028.5 1070190
Qd8d 0.36564 379276 12028.5 1070190
Qc8c 0.36556 379195 12024 1070190
Qh2c 0.361595 361137 25838.5 1070190
Qh2d 0.361595 361137 25838.5 1070190
Qc2h 0.361592 361137 25835.5 1070190
Qc2d 0.361592 361137 25835.5 1070190
Qd2c 0.361592 361137 25835.5 1070190
Qd2h 0.361592 361137 25835.5 1070190
Qh2s 0.361103 360686 25762.5 1070190
Qc2s 0.3611 360686 25759.5 1070190
Qd2s 0.3611 360686 25759.5 1070190
Qs2h 0.361042 360588 25795.5 1070190
Qs2c 0.361042 360588 25795.5 1070190
Qs2d 0.361042 360588 25795.5 1070190
Qs2s 0.36055 360137 25719.5 1070190
Jd2d 0.353402 353659 24548.5 1070190
Jh2h 0.35336 353647 24515.5 1070190
Jc2c 0.353339 353596 24544 1070190
QdJh 0.353126 359588 18324 1070190
QdJc 0.353126 359588 18324 1070190
QcJh 0.353126 359588 18324 1070190
QhJd 0.353126 359588 18324 1070190
QcJd 0.353126 359588 18324 1070190
QhJc 0.353126 359588 18324 1070190
QsJh 0.352446 358893 18291.5 1070190
QsJd 0.352446 358893 18291.5 1070190
QsJc 0.352446 358893 18291.5 1070190
QcJs 0.352443 358887 18294.5 1070190
QhJs 0.352443 358887 18294.5 1070190
QdJs 0.352443 358887 18294.5 1070190
QsJs 0.351764 358192 18262 1070190
9c7d 0.346776 353250 17866 1070190
9d7c 0.346776 353250 17866 1070190
9d7h 0.346776 353250 17866 1070190
9c7h 0.346776 353250 17866 1070190
9h7d 0.346776 353250 17866 1070190
9h7c 0.346776 353250 17866 1070190
9d7s 0.346249 352759 17793.5 1070190
9c7s 0.346249 352759 17793.5 1070190
9h7s 0.346249 352759 17793.5 1070190
9s7d 0.346144 352606 17834 1070190
9s7c 0.346144 352606 17834 1070190
9s7h 0.346144 352606 17834 1070190
9s7s 0.345618 352115 17761.5 1070190
QcTh 0.344229 350066 18324 1070190
QhTc 0.344229 350066 18324 1070190
QdTc 0.344229 350066 18324 1070190
QdTh 0.344229 350066 18324 1070190
QhTd 0.344229 350066 18324 1070190
QcTd 0.344229 350066 18324 1070190
QsTc 0.34358 349404 18291.5 1070190
QsTd 0.34358 349404 18291.5 1070190
QsTh 0.34358 349404 18291.5 1070190
QdTs 0.343552 349371 18294.5 1070190
QcTs 0.343552 349371 18294.5 1070190
QhTs 0.343552 349371 18294.5 1070190
QsTs 0.342903 348709 18262 1070190
8c7d 0.3404 358174 6119 1070190
8c7h 0.3404 358174 6119 1070190
8d7c 0.3404 358174 6119 1070190
8h7c 0.3404 358174 6119 1070190
8h7d 0.3404 358174 6119 1070190
8d7h 0.3404 358174 6119 1070190
8c7s 0.339846 357611 6088.5 1070190
8h7s 0.339846 357611 6088.5 1070190
8d7s 0.339846 357611 6088.5 1070190
8s7h 0.339769 357530 6087.5 1070190
8s7d 0.339769 357530 6087.5 1070190
8s7c 0.339769 357530 6087.5 1070190
8s7s 0.339215 356967 6057 1070190
JdTd 0.337074 343615 17118 1070190
JhTh 0.337071 343612 17118 1070190
JcTc 0.337011 343552 17113.5 1070190
Qc9d 0.334978 340166 18324 1070190
Qc9h 0.334978 340166 18324 1070190
Qh9c 0.334978 340166 18324 1070190
Qh9d 0.334978 340166 18324 1070190
Qd9h 0.334978 340166 18324 1070190
Qd9c 0.334978 340166 18324 1070190
Qs9c 0.33436 339537 18291.5 1070190
Qs9d 0.33436 339537 18291.5 1070190
Qs9h 0.33436 339537 18291.5 1070190
Qd9s 0.334301 339471 18294.5 1070190
Qc9s 0.334301 339471 18294.5 1070190
Qh9s 0.334301 339471 18294.5 1070190
Qs9s 0.333683 338842 18262 1070190
Qh8c 0.333287 343942 12738.5 1070190
Qh8d 0.333287 343942 12738.5 1070190
Qd8h 0.333287 343942 12738.5 1070190
Qd8c 0.333287 343942 12738.5 1070190
Qc8h 0.333287 343942 12738.5 1070190
Qc8d 0.333287 343942 12738.5 1070190
Qs8c 0.332696 343338 12709.5 1070190
Qs8h 0.332696 343338 12709.5 1070190
Qs8d 0.332696 343338 12709.5 1070190
Qc8s 0.33261 343247 12709 1070190
Qh8s 0.33261 343247 12709 1070190
Qd8s 0.33261 343247 12709 1070190
Qs8s 0.332019 342643 12680 1070190
Jh9h 0.328196 334114 17118 1070190
Jd9d 0.328193 334111 17118 1070190
Jc9c 0.32813 334048 17113.5 1070190
Jh8h 0.326421 337459 11873.5 1070190
Jd8d 0.326418 337456 11873.5 1070190
Jc8c 0.32635 337387 11869 1070190
Jh2d 0.323071 320070 25677.5 1070190
Jh2c 0.323071 320070 25677.5 1070190
Jd2h 0.323068 320070 25674.5 1070190
Jd2c 0.323068 320070 25674.5 1070190
Jc2h 0.323068 320070 25674.5 1070190
Jc2d 0.323068 320070 25674.5 1070190
Td2d 0.323031 321311 24393.5 1070190
Th2h 0.322995 321305 24360.5 1070190
Tc2c 0.322979 321260 24389 1070190
Jh2s 0.322605 319647 25601.5 1070190
Jc2s 0.322602 319647 25598.5 1070190
Jd2s 0.322602 319647 25598.5 1070190
Js2c 0.322518 319521 25635 1070190
Js2d 0.322518 319521 25635 1070190
Js2h 0.322518 319521 25635 1070190
Js2s 0.322052 319098 25559 1070190
Th9h 0.309703 314478 16963 1070190
Td9d 0.309679 314452 16963 1070190
Tc9c 0.309627 314401 16958.5 1070190
Th8h 0.307927 317822 11718.5 1070190
Td8d 0.307904 317797 11718.5 1070190
Tc8c 0.307846 317740 11714 1070190
JcTh 0.303275 306399 18163 1070190
JcTd 0.303275 306399 18163 1070190
JdTc 0.303275 306399 18163 1070190
JhTc 0.303275 306399 18163 1070190
JhTd 0.303275 306399 18163 1070190
JdTh 0.303275 306399 18163 1070190
JhTs 0.30263 305738 18133.5 1070190
JcTs 0.30263 305738 18133.5 1070190
JdTs 0.30263 305738 18133.5 1070190
JsTc 0.302627 305737 18131 1070190
JsTd 0.302627 305737 18131 1070190
JsTh 0.302627 305737 18131 1070190
JsTs 0.301981 305076 18101.5 1070190
9d2d 0.297601 294251 24238.5 1070190
9h2h 0.29757 294251 24205.5 1070190
9c2c 0.29756 294212 24234 1070190
Jd9h 0.294024 296499 18163 1070190
Jh9d 0.294024 296499 18163 1070190
Jh9c 0.294024 296499 18163 1070190
Jd9c 0.294024 296499 18163 1070190
Jc9h 0.294024 296499 18163 1070190
Jc9d 0.294024 296499 18163 1070190
Js9d 0.293407 295870 18131 1070190
Js9c 0.293407 295870 18131 1070190
Js9h 0.293407 295870 18131 1070190
Jc9s 0.293379 295838 18133.5 1070190
Jh9s 0.293379 295838 18133.5 1070190
Jd9s 0.293379 295838 18133.5 1070190
Js9s 0.292762 295209 18101.5 1070190
Jd8h 0.292334 300275 12577.5 1070190
Jh8c 0.292334 300275 12577.5 1070190
Jd8c 0.292334 300275 12577.5 1070190
Jc8d 0.292334 300275 12577.5 1070190
Jh8d 0.292334 300275 12577.5 1070190
Jc8h 0.292334 300275 12577.5 1070190
Js8c 0.291743 299671 12549 1070190
Js8d 0.291743 299671 12549 1070190
Js8h 0.291743 299671 12549 1070190
Jc8s 0.291688 299614 12548 1070190
Jd8s 0.291688 299614 12548 1070190
Jh8s 0.291688 299614 12548 1070190
Th2d 0.291444 286384 25516.5 1070190
Th2c 0.291444 286384 25516.5 1070190
Tc2d 0.291441 286384 25513.5 1070190
Tc2h 0.291441 286384 25513.5 1070190
Td2c 0.291441 286384 25513.5 1070190
Td2h 0.291441 286384 25513.5 1070190
Js8s 0.291097 299010 12519.5 1070190
Th2s 0.291004 285989 25440.5 1070190
Td2s 0.291001 285989 25437.5 1070190
Tc2s 0.291001 285989 25437.5 1070190
Ts2c 0.290895 285838 25474.5 1070190
Ts2d 0.290895 285838 25474.5 1070190
Ts2h 0.290895 285838 25474.5 1070190
Ts2s 0.290454 285443 25398.5 1070190
7d2d 0.285082 287490 17602 1070190
7h2h 0.285082 287490 17602 1070190
7c2c 0.285058 287469 17597.5 1070190
8d2d 0.285019 286186 18839 1070190
8h2h 0.284989 286186 18806 1070190
8c2c 0.284984 286153 18834.5 1070190
9h8h 0.283655 292804 10760.5 1070190
9d8d 0.283607 292753 10760.5 1070190
9c8c 0.283561 292708 10756 1070190
Td9c 0.275014 276315 18002 1070190
Td9h 0.275014 276315 18002 1070190
Tc9h 0.275014 276315 18002 1070190
Tc9d 0.275014 276315 18002 1070190
Th9d 0.275014 276315 18002 1070190
Th9c 0.275014 276315 18002 1070190
Ts9c 0.274395 275684 17970.5 1070190
Ts9d 0.274395 275684 17970.5 1070190
Ts9h 0.274395 275684 17970.5 1070190
Th9s 0.274393 275680 17972.5 1070190
Tc9s 0.274393 275680 17972.5 1070190
Td9s 0.274393 275680 17972.5 1070190
Ts9s 0.273774 275049 17941 1070190
Td8c 0.273323 280091 12416.5 1070190
Th8c 0.273323 280091 12416.5 1070190
Th8d 0.273323 280091 12416.5 1070190
Tc8h 0.273323 280091 12416.5 1070190
Td8h 0.273323 280091 12416.5 1070190
Tc8d 0.273323 280091 12416.5 1070190
Ts8c 0.272731 279485 12388.5 1070190
Ts8d 0.272731 279485 12388.5 1070190
Ts8h 0.272731 279485 12388.5 1070190
Td8s 0.272702 279456 12387 1070190
Th8s 0.272702 279456 12387 1070190
Tc8s 0.272702 279456 12387 1070190
Ts8s 0.27211 278850 12359 1070190
9h2d 0.264942 258183 25355.5 1070190
9h2c 0.264942 258183 25355.5 1070190
9d2h 0.264939 258183 25352.5 1070190
9d2c 0.264939 258183 25352.5 1070190
9c2d 0.264939 258183 25352.5 1070190
9c2h 0.264939 258183 25352.5 1070190
9h2s 0.264528 257816 25279.5 1070190
9d2s 0.264525 257816 25276.5 1070190
9c2s 0.264525 257816 25276.5 1070190
9s2c 0.264393 257637 25314 1070190
9s2d 0.264393 257637 25314 1070190
9s2h 0.264393 257637 25314 1070190
9s2s 0.263979 257270 25238 1070190
7h2d 0.252914 252345 18321 1070190
7c2h 0.252914 252345 18321 1070190
7c2d 0.252914 252345 18321 1070190
7d2c 0.252914 252345 18321 1070190
7d2h 0.252914 252345 18321 1070190
7h2c 0.252914 252345 18321 1070190
7h2s 0.252494 251926 18290.5 1070190
7d2s 0.252494 251926 18290.5 1070190
7c2s 0.252494 251926 18290.5 1070190
7s2d 0.252464 251939 18245 1070190
7s2c 0.252464 251939 18245 1070190
7s2h 0.252464 251939 18245 1070190
7s2s 0.252044 251520 18214.5 1070190
8h2d 0.252011 250091 19609 1070190
8h2c 0.252011 250091 19609 1070190
8c2d 0.252009 250091 19606 1070190
8c2h 0.252009 250091 19606 1070190
8d2c 0.252009 250091 19606 1070190
8d2h 0.252009 250091 19606 1070190
8h2s 0.251619 249744 19536.5 1070190
8c2s 0.251617 249744 19533.5 1070190
8d2s 0.251617 249744 19533.5 1070190
8s2c 0.251463 249545 19568 1070190
8s2d 0.251463 249545 19568 1070190
8s2h 0.251463 249545 19568 1070190
8s2s 0.251071 249198 19495.5 1070190
9c8h 0.248033 254044 11398.5 1070190
9h8d 0.248033 254044 11398.5 1070190
9d8h 0.248033 254044 11398.5 1070190
9d8c 0.248033 254044 11398.5 1070190
9c8d 0.248033 254044 11398.5 1070190
9h8c 0.248033 254044 11398.5 1070190
9s8c 0.247441 253438 11371 1070190
9s8d 0.247441 253438 11371 1070190
9s8h 0.247441 253438 11371 1070190
9h8s 0.24744 253435 11372.5 1070190
9d8s 0.24744 253435 11372.5 1070190
9c8s 0.24744 253435 11372.5 1070190
9s8s 0.246848 252829 11345 1070190
