6c4c 0.944044 992439 17867 1070190
6c4d 0.923634 966360 22103.5 1070190
6d4c 0.923273 965991 22086 1070190
6c4s 0.922848 965640 21983 1070190
6c4h 0.922848 965640 21983 1070190
6h4c 0.922529 965319 21962 1070190
6s4c 0.922529 965319 21962 1070190
6d4d 0.913796 956605 21330 1070190
6s4d 0.912332 954786 21583 1070190
6h4d 0.912332 954786 21583 1070190
6d4h 0.912291 954738 21586.5 1070190
6d4s 0.912291 954738 21586.5 1070190
6h4s 0.911547 954066 21462.5 1070190
6h4h 0.911547 954066 21462.5 1070190
6s4h 0.911547 954066 21462.5 1070190
6s4s 0.911547 954066 21462.5 1070190
7s7c 0.901875 959130 6048 1070190
7h7c 0.901875 959130 6048 1070190
7s7h 0.891031 947285 6288 1070190
5s5d 0.885995 941827 6356.5 1070190
5h5d 0.885995 941827 6356.5 1070190
5s5h 0.885632 941442 6352.5 1070190
3h3d 0.879827 935170 6412 1070190
3s3d 0.879827 935170 6412 1070190
3s3h 0.879469 934791 6408 1070190
7c5d 0.82657 875965 8622 1070190
7c5s 0.826126 875494 8618 1070190
7c5h 0.826126 875494 8618 1070190
Ac7c 0.823797 875118 6501.5 1070190
7c3d 0.81471 860944 10950 1070190
7c3s 0.814271 860479 10946 1070190
7c3h 0.814271 860479 10946 1070190
Kc7c 0.814057 864587 6609 1070190
7h5d 0.81391 862155 8883.5 1070190
7s5d 0.81391 862155 8883.5 1070190
AdAc 0.813495 863492 7102 1070190
7s5s 0.813466 861684 8879.5 1070190
7s5h 0.813466 861684 8879.5 1070190
7h5s 0.813466 861684 8879.5 1070190
7h5h 0.813466 861684 8879.5 1070190
AsAc 0.812744 862696 7094 1070190
AhAc 0.812744 862696 7094 1070190
7c6c 0.812405 854745 14683 1070190
Qc7c 0.807246 856767 7140 1070190
7c4c 0.803783 844378 15823 1070190
7h3d 0.802132 847290 11144 1070190
7s3d 0.802132 847290 11144 1070190
7h3s 0.801694 846825 11140 1070190
7h3h 0.801694 846825 11140 1070190
7s3h 0.801694 846825 11140 1070190
7s3s 0.801694 846825 11140 1070190
Jc7c 0.801005 849629 7599 1070190
Tc7c 0.795133 842957 7986 1070190
9c7c 0.794367 841327 8796.5 1070190
8c7c 0.793696 843516 5890 1070190
5d3d 0.790284 834865 10889.5 1070190
KdKc 0.786781 835488 6517 1070190
AsAd 0.786581 834457 7334 1070190
AhAd 0.786581 834457 7334 1070190
KsKc 0.785996 834652 6513 1070190
KhKc 0.785996 834652 6513 1070190
AsAh 0.78583 833661 7326 1070190
5d3h 0.782177 825704 11373.5 1070190
5d3s 0.782177 825704 11373.5 1070190
5h3d 0.782171 825698 11373.5 1070190
5s3d 0.782171 825698 11373.5 1070190
5s3h 0.781834 825363 11347.5 1070190
5s3s 0.781834 825363 11347.5 1070190
5h3h 0.781834 825363 11347.5 1070190
5h3s 0.781834 825363 11347.5 1070190
7c2c 0.770084 813705 10431.5 1070190
QdQc 0.767495 814848 6517 1070190
QsQc 0.76671 814012 6513 1070190
QhQc 0.76671 814012 6513 1070190
KhKd 0.760105 806700 6757 1070190
KsKd 0.760105 806700 6757 1070190
KsKh 0.75932 805864 6753 1070190
JdJc 0.748851 794896 6517 1070190
JhJc 0.748072 794066 6513 1070190
JsJc 0.748072 794066 6513 1070190
QsQd 0.741629 786927 6757 1070190
QhQd 0.741629 786927 6757 1070190
QsQh 0.740844 786091 6753 1070190
Ac4c 0.732901 767598 16745 1070190
TdTc 0.729617 774312 6517 1070190
TsTc 0.728838 773482 6513 1070190
ThTc 0.728838 773482 6513 1070190
7c6d 0.724923 755074 20731 1070190
7c6s 0.724237 754402 20669 1070190
7c6h 0.724237 754402 20669 1070190
JhJd 0.723854 767904 6757 1070190
JsJd 0.723854 767904 6757 1070190
JsJh 0.723074 767074 6753 1070190
Ac7s 0.722324 762873 10151 1070190
Ac7h 0.722324 762873 10151 1070190
7s6c 0.721891 751386 21175 1070190
7h6c 0.721891 751386 21175 1070190
9d9c 0.720782 764272 7102 1070190
9h9c 0.720036 763481 7094 1070190
9s9c 0.720036 763481 7094 1070190
Ad7c 0.714124 754115 10133.5 1070190
As7c 0.713292 753233 10125.5 1070190
Ah7c 0.713292 753233 10125.5 1070190
7c4d 0.711234 738534 22622 1070190
7c4h 0.710549 737862 22560 1070190
7c4s 0.710549 737862 22560 1070190
Kc7s 0.710081 749819 10102.5 1070190
Kc7h 0.710081 749819 10102.5 1070190
8d8c 0.709997 758189 1642.5 1070190
8h8c 0.709249 757397 1634.5 1070190
8s8c 0.709249 757397 1634.5 1070190
7h4c 0.707585 734275 22975 1070190
7s4c 0.707585 734275 22975 1070190
7h6d 0.706222 734804 20988 1070190
7s6d 0.706222 734804 20988 1070190
7s6s 0.705536 734132 20926 1070190
7h6s 0.705536 734132 20926 1070190
7h6h 0.705536 734132 20926 1070190
7s6h 0.705536 734132 20926 1070190
ThTd 0.705378 748131 6757 1070190
TsTd 0.705378 748131 6757 1070190
TsTh 0.704598 747301 6753 1070190
Qc7s 0.702924 741473 10789.5 1070190
Qc7h 0.702924 741473 10789.5 1070190
Kd7c 0.702719 741917 10126 1070190
Kh7c 0.701852 740993 10122 1070190
Ks7c 0.701852 740993 10122 1070190
Ac6c 0.700289 734620 14822 1070190
9s9d 0.698089 739754 7334 1070190
9h9d 0.698089 739754 7334 1070190
9s9h 0.697343 738963 7326 1070190
Qd7c 0.696761 734833 10834 1070190
Jc7s 0.696332 733824 11383.5 1070190
Jc7h 0.696332 733824 11383.5 1070190
Qs7c 0.695894 733909 10830 1070190
Qh7c 0.695894 733909 10830 1070190
Ad7h 0.693642 732044 10284.5 1070190
Ad7s 0.693642 732044 10284.5 1070190
As7h 0.69281 731162 10276.5 1070190
As7s 0.69281 731162 10276.5 1070190
Ah7h 0.69281 731162 10276.5 1070190
Ah7s 0.69281 731162 10276.5 1070190
8c7h 0.692579 732930 8261.5 1070190
8c7s 0.692579 732930 8261.5 1070190
7s4d 0.692429 718202 22828.5 1070190
7h4d 0.692429 718202 22828.5 1070190
7s4h 0.691743 717530 22766.5 1070190
7s4s 0.691743 717530 22766.5 1070190
7h4s 0.691743 717530 22766.5 1070190
7h4h 0.691743 717530 22766.5 1070190
8d7c 0.691622 731845 8322 1070190
9c7s 0.691591 727013 13121 1070190
9c7h 0.691591 727013 13121 1070190
Jd7c 0.691412 728496 11446 1070190
8s7c 0.690796 730969 8314 1070190
8h7c 0.690796 730969 8314 1070190
Jh7c 0.69055 727578 11442 1070190
Js7c 0.69055 727578 11442 1070190
6d6c 0.689808 727637 10588.5 1070190
Tc7h 0.689749 726278 11884.5 1070190
Tc7s 0.689749 726278 11884.5 1070190
9d7c 0.689481 724682 13193.5 1070190
6s6c 0.689184 727031 10526.5 1070190
6h6c 0.689184 727031 10526.5 1070190
AcKc 0.689138 729551 7958 1070190
9h7c 0.688655 723806 13185.5 1070190
9s7c 0.688655 723806 13185.5 1070190
8s8d 0.688384 735075 1626.5 1070190
8h8d 0.688384 735075 1626.5 1070190
8s8h 0.687636 734283 1618.5 1070190
Td7c 0.685992 722180 11962 1070190
Ts7c 0.685131 721262 11958 1070190
Th7c 0.685131 721262 11958 1070190
AcQc 0.683123 723113 7958 1070190
Kd7s 0.682258 719923 10222.5 1070190
Kd7h 0.682258 719923 10222.5 1070190
Kh7s 0.681391 718999 10218.5 1070190
Kh7h 0.681391 718999 10218.5 1070190
Ks7h 0.681391 718999 10218.5 1070190
Ks7s 0.681391 718999 10218.5 1070190
AcJc 0.677208 716783 7958 1070190
Qd7s 0.676455 713026 10909.5 1070190
Qd7h 0.676455 713026 10909.5 1070190
Qh7h 0.675588 712102 10905.5 1070190
Qh7s 0.675588 712102 10905.5 1070190
Qs7h 0.675588 712102 10905.5 1070190
Qs7s 0.675588 712102 10905.5 1070190
8d7h 0.672385 711417 8162.5 1070190
8d7s 0.672385 711417 8162.5 1070190
6s6d 0.672138 709029 10286.5 1070190
6h6d 0.672138 709029 10286.5 1070190
8s7h 0.671559 710541 8154.5 1070190
8s7s 0.671559 710541 8154.5 1070190
8h7h 0.671559 710541 8154.5 1070190
8h7s 0.671559 710541 8154.5 1070190
6s6h 0.671514 708423 10224.5 1070190
Jd7s 0.671261 706873 11503.5 1070190
Jd7h 0.671261 706873 11503.5 1070190
AcTc 0.671192 710345 7958 1070190
Ac9c 0.671137 709804 8440.5 1070190
Jh7s 0.670399 705955 11499.5 1070190
Jh7h 0.670399 705955 11499.5 1070190
Js7h 0.670399 705955 11499.5 1070190
Js7s 0.670399 705955 11499.5 1070190
9d7h 0.66984 703602 13254.5 1070190
9d7s 0.66984 703602 13254.5 1070190
Ac8c 0.669537 711241 5291 1070190
9h7h 0.669014 702726 13246.5 1070190
9h7s 0.669014 702726 13246.5 1070190
9s7s 0.669014 702726 13246.5 1070190
9s7h 0.669014 702726 13246.5 1070190
Ac2c 0.666568 701946 11408 1070190
Kc6c 0.66617 698232 14696.5 1070190
Td7s 0.665979 700720 12004.5 1070190
Td7h 0.665979 700720 12004.5 1070190
6c5d 0.665788 688156 24363.5 1070190
6c5h 0.665216 687612 24295 1070190
6c5s 0.665216 687612 24295 1070190
Th7s 0.665118 699802 12000.5 1070190
Th7h 0.665118 699802 12000.5 1070190
Ts7h 0.665118 699802 12000.5 1070190
Ts7s 0.665118 699802 12000.5 1070190
6d5d 0.662464 685380 23582.5 1070190
7c2d 0.65686 687203 15762.5 1070190
7c2h 0.656029 686321 15754.5 1070190
7c2s 0.656029 686321 15754.5 1070190
5d4c 0.65515 676712 24423.5 1070190
5s4c 0.654587 676178 24354.5 1070190
5h4c 0.654587 676178 24354.5 1070190
7s2c 0.653973 684291 15584 1070190
7h2c 0.653973 684291 15584 1070190
Ac5d 0.653708 689364 10227.5 1070190
Ac5s 0.652972 688603 10201.5 1070190
Ac5h 0.652972 688603 10201.5 1070190
5d4d 0.652823 675002 23642.5 1070190
Kc4c 0.650918 680495 16111 1070190
6d5s 0.646568 667409 24541.5 1070190
6d5h 0.646568 667409 24541.5 1070190
6s5d 0.646507 667355 24530.5 1070190
6h5d 0.646507 667355 24530.5 1070190
6h5s 0.645935 666811 24462 1070190
6h5h 0.645935 666811 24462 1070190
6s5h 0.645935 666811 24462 1070190
6s5s 0.645935 666811 24462 1070190
Ad5d 0.641162 676188 9977 1070190
KcQc 0.640985 678626 7350 1070190
Kc5d 0.640666 675467 10167.5 1070190
Kc5h 0.639969 674751 10137.5 1070190
Kc5s 0.639969 674751 10137.5 1070190
7s2d 0.636965 665916 15758 1070190
7h2d 0.636965 665916 15758 1070190
5h4d 0.636426 656492 24605 1070190
5s4d 0.636426 656492 24605 1070190
5d4h 0.636358 656429 24594.5 1070190
5d4s 0.636358 656429 24594.5 1070190
7s2h 0.636134 665034 15750 1070190
7s2s 0.636134 665034 15750 1070190
7h2h 0.636134 665034 15750 1070190
7h2s 0.636134 665034 15750 1070190
5h4h 0.635794 655895 24525.5 1070190
5h4s 0.635794 655895 24525.5 1070190
5s4h 0.635794 655895 24525.5 1070190
5s4s 0.635794 655895 24525.5 1070190
KcJc 0.63497 672189 7350 1070190
Qc6c 0.634885 664877 14571 1070190
9c6c 0.634372 664892 14006.5 1070190
Qc5d 0.633321 666929 10844.5 1070190
Qc5h 0.632659 666254 10811 1070190
Qc5s 0.632659 666254 10811 1070190
Kd5d 0.629476 663700 9958.5 1070190
Kc9c 0.628934 665246 7832.5 1070190
KcTc 0.628855 665644 7350 1070190
8c6c 0.628578 666312 6385.5 1070190
Kc8c 0.627233 666576 4683 1070190
Jc5d 0.626537 659084 11429.5 1070190
Jc5s 0.625908 658448 11393 1070190
Jc5h 0.625908 658448 11393 1070190
8c5d 0.623548 659031 8283.5 1070190
Qd5d 0.623443 656571 10631.5 1070190
8c5h 0.622997 658481 8244.5 1070190
8c5s 0.622997 658481 8244.5 1070190
9c5d 0.622755 653314 13152.5 1070190
9c5s 0.622181 652740 13111.5 1070190
9c5h 0.622181 652740 13111.5 1070190
Ad5h 0.621144 654182 10560.5 1070190
Ad5s 0.621144 654182 10560.5 1070190
Ah5d 0.621117 654156 10557 1070190
As5d 0.621117 654156 10557 1070190
Ah5h 0.620381 653395 10531 1070190
As5s 0.620381 653395 10531 1070190
As5h 0.620381 653395 10531 1070190
Ah5s 0.620381 653395 10531 1070190
Qc4c 0.619806 647325 15985.5 1070190
Tc5d 0.61976 651338 11922.5 1070190
Tc5s 0.619163 650739 11883.5 1070190
Tc5h 0.619163 650739 11883.5 1070190
8d5d 0.618778 654084 8126.5 1070190
Jd5d 0.617994 650158 11213.5 1070190
9d5d 0.616812 647219 12887 1070190
Td5d 0.61253 643819 11704.5 1070190
4d4c 0.612246 644568 10651.5 1070190
4s4c 0.611655 643998 10589.5 1070190
4h4c 0.611655 643998 10589.5 1070190
Kd5h 0.608858 641079 10514.5 1070190
Kd5s 0.608858 641079 10514.5 1070190
Kh5d 0.608758 640968 10518.5 1070190
Ks5d 0.608758 640968 10518.5 1070190
Kh5s 0.608061 640252 10488.5 1070190
Ks5s 0.608061 640252 10488.5 1070190
Ks5h 0.608061 640252 10488.5 1070190
Kh5h 0.608061 640252 10488.5 1070190
Jc6c 0.607797 636013 14445.5 1070190
6c3d 0.606337 624813 24083 1070190
6c3s 0.605767 624271 24014.5 1070190
6c3h 0.605767 624271 24014.5 1070190
6d3d 0.602867 621903 23279.5 1070190
Qd5s 0.602789 633887 11212 1070190
Qd5h 0.602789 633887 11212 1070190
Qs5d 0.602654 633735 11219.5 1070190
Qh5d 0.602654 633735 11219.5 1070190
Qh5s 0.601992 633060 11186 1070190
Qs5s 0.601992 633060 11186 1070190
Qh5h 0.601992 633060 11186 1070190
Qs5h 0.601992 633060 11186 1070190
Ac4d 0.601716 620020 23930.5 1070190
Ac4h 0.601127 619474 23846.5 1070190
Ac4s 0.601127 619474 23846.5 1070190
QcJc 0.599917 634801 7224.5 1070190
8d5s 0.599113 632677 8488 1070190
8d5h 0.599113 632677 8488 1070190
8s5d 0.598904 632444 8497.5 1070190
8h5d 0.598904 632444 8497.5 1070190
8h5s 0.598354 631894 8458.5 1070190
8h5h 0.598354 631894 8458.5 1070190
8s5s 0.598354 631894 8458.5 1070190
8s5h 0.598354 631894 8458.5 1070190
Jd5h 0.597333 627445 11815 1070190
Jd5s 0.597333 627445 11815 1070190
Jh5d 0.59717 627260 11825.5 1070190
Js5d 0.59717 627260 11825.5 1070190
9d5s 0.596818 625133 13575.5 1070190
9d5h 0.596818 625133 13575.5 1070190
9h5d 0.596634 624925 13587 1070190
9s5d 0.596634 624925 13587 1070190
Js5s 0.596542 626624 11789 1070190
Js5h 0.596542 626624 11789 1070190
Jh5s 0.596542 626624 11789 1070190
Jh5h 0.596542 626624 11789 1070190
9s5s 0.59606 624351 13546 1070190
9s5h 0.59606 624351 13546 1070190
9h5h 0.59606 624351 13546 1070190
9h5s 0.59606 624351 13546 1070190
4c3d 0.595693 613342 24162.5 1070190
9c8c 0.595584 633181 4207 1070190
4c3s 0.595138 612817 24093.5 1070190
4c3h 0.595138 612817 24093.5 1070190
Qc9c 0.593981 627965 7707 1070190
QcTc 0.593802 628256 7224.5 1070190
4d3d 0.593219 611496 23361 1070190
Jc4c 0.59299 618752 15860 1070190
4h4d 0.592802 624063 10348 1070190
4s4d 0.592802 624063 10348 1070190
Qc8c 0.59228 629295 4557.5 1070190
4s4h 0.592212 623493 10286 1070190
Td5s 0.591794 621009 12323.5 1070190
Td5h 0.591794 621009 12323.5 1070190
Th5d 0.591599 620787 12336.5 1070190
Ts5d 0.591599 620787 12336.5 1070190
Ts5h 0.591003 620188 12297.5 1070190
Ts5s 0.591003 620188 12297.5 1070190
Th5s 0.591003 620188 12297.5 1070190
Th5h 0.591003 620188 12297.5 1070190
Ad4d 0.588106 606143 23242 1070190
Ad4c 0.587839 604776 24323.5 1070190
Ah4c 0.587204 604158 24261.5 1070190
As4c 0.587204 604158 24261.5 1070190
Tc6c 0.584855 612068 13837.5 1070190
6d3h 0.584669 601468 24238.5 1070190
6d3s 0.584669 601468 24238.5 1070190
6s3d 0.584633 601441 24227.5 1070190
6h3d 0.584633 601441 24227.5 1070190
Kc2c 0.584172 614401 10774 1070190
6h3s 0.584063 600899 24159 1070190
6h3h 0.584063 600899 24159 1070190
6s3s 0.584063 600899 24159 1070190
6s3h 0.584063 600899 24159 1070190
5d2c 0.583915 607941 16959.5 1070190
5d2d 0.583785 608094 16667 1070190
5h2c 0.583433 607490 16894.5 1070190
5s2c 0.583433 607490 16894.5 1070190
Ac3d 0.582497 612574 10808 1070190
Ac3s 0.581761 611813 10782 1070190
Ac3h 0.581761 611813 10782 1070190
4c2c 0.575454 602844 13001.5 1070190
4d3s 0.574616 590625 24323.5 1070190
4d3h 0.574616 590625 24323.5 1070190
4h3d 0.574573 590589 24313 1070190
4s3d 0.574573 590589 24313 1070190
4h3h 0.574018 590064 24244 1070190
4h3s 0.574018 590064 24244 1070190
4s3s 0.574018 590064 24244 1070190
4s3h 0.574018 590064 24244 1070190
JcTc 0.571558 604577 7099 1070190
Jc9c 0.57147 604000 7581.5 1070190
Ad3d 0.569957 599418 10544 1070190
Jc8c 0.56977 605330 4432 1070190
Tc4c 0.569668 593918 15734.5 1070190
Ad4s 0.569568 585379 24167 1070190
Ad4h 0.569568 585379 24167 1070190
Ah4d 0.569521 585307 24189 1070190
As4d 0.569521 585307 24189 1070190
Ah4h 0.568933 584761 24105 1070190
As4s 0.568933 584761 24105 1070190
As4h 0.568933 584761 24105 1070190
Ah4s 0.568933 584761 24105 1070190
Kc3d 0.567051 596191 10661 1070190
Kc3h 0.566354 595475 10631 1070190
Kc3s 0.566354 595475 10631 1070190
5h2d 0.56247 584433 17516.5 1070190
5s2d 0.56247 584433 17516.5 1070190
5d2s 0.562205 584115 17551 1070190
5d2h 0.562205 584115 17551 1070190
5h2h 0.561723 583664 17486 1070190
5h2s 0.561723 583664 17486 1070190
5s2s 0.561723 583664 17486 1070190
5s2h 0.561723 583664 17486 1070190
Qc3d 0.558763 586732 11251 1070190
Qc3h 0.558101 586057 11217.5 1070190
Qc3s 0.558101 586057 11217.5 1070190
Kd3d 0.555892 584473 10437 1070190
9c4c 0.551719 574942 15502 1070190
Jc3d 0.551169 578107 11749 1070190
Jc3s 0.550541 577471 11712.5 1070190
Jc3h 0.550541 577471 11712.5 1070190
Qc2c 0.549562 577487 10648.5 1070190
Ac6d 0.549245 566700 21097 1070190
Qd3d 0.548922 576429 11021.5 1070190
Ac6h 0.548633 566124 21017.5 1070190
Ac6s 0.548633 566124 21017.5 1070190
8c3d 0.547167 577231 8342 1070190
9c3d 0.54679 571871 13298 1070190
Tc9c 0.546735 578137 6973.5 1070190
As3d 0.546689 573937 11124 1070190
Ah3d 0.546689 573937 11124 1070190
Ad3h 0.546685 573929 11127.5 1070190
Ad3s 0.546685 573929 11127.5 1070190
8c3s 0.546619 576683 8303 1070190
8c3h 0.546619 576683 8303 1070190
9c3h 0.546216 571298 13257 1070190
9c3s 0.546216 571298 13257 1070190
As3s 0.545954 573176 11098 1070190
As3h 0.545954 573176 11098 1070190
Ah3s 0.545954 573176 11098 1070190
Ah3h 0.545954 573176 11098 1070190
8c4c 0.545379 575778 7881 1070190
Tc8c 0.545035 579467 3824 1070190
Tc3d 0.543714 569722 12155 1070190
Tc3s 0.543118 569123 12116 1070190
Tc3h 0.543118 569123 12116 1070190
Jd3d 0.542667 569242 11515 1070190
8d3d 0.542406 572315 8162.5 1070190
9d3d 0.54087 565822 13011.5 1070190
Ad6d 0.537188 554382 20511.5 1070190
Td3d 0.536529 562270 11917.5 1070190
Ad6c 0.536474 552518 21611 1070190
Ah6c 0.535851 551898 21564.5 1070190
As6c 0.535851 551898 21564.5 1070190
Kd3s 0.531933 558276 10993 1070190
Kd3h 0.531933 558276 10993 1070190
Ks3d 0.531865 558200 10997 1070190
Kh3d 0.531865 558200 10997 1070190
Ks3s 0.531168 557484 10967 1070190
Kh3h 0.531168 557484 10967 1070190
Kh3s 0.531168 557484 10967 1070190
Ks3h 0.531168 557484 10967 1070190
Qd3h 0.524926 550169 11602 1070190
Qd3s 0.524926 550169 11602 1070190
Qh3d 0.524824 550052 11609.5 1070190
Qs3d 0.524824 550052 11609.5 1070190
Qs3s 0.524162 549377 11576 1070190
Qh3h 0.524162 549377 11576 1070190
Qs3h 0.524162 549377 11576 1070190
Qh3s 0.524162 549377 11576 1070190
Jc2c 0.520184 546173 10523 1070190
8d3s 0.519476 547414 8524 1070190
8d3h 0.519476 547414 8524 1070190
8h3d 0.519299 547215 8533.5 1070190
8s3d 0.519299 547215 8533.5 1070190
8h3s 0.51875 546667 8494.5 1070190
8s3s 0.51875 546667 8494.5 1070190
8h3h 0.51875 546667 8494.5 1070190
8s3h 0.51875 546667 8494.5 1070190
Jd3h 0.518664 542953 12116.5 1070190
Jd3s 0.518664 542953 12116.5 1070190
Js3d 0.518534 542803 12127 1070190
Jh3d 0.518534 542803 12127 1070190
Jh3h 0.517906 542167 12090.5 1070190
Js3s 0.517906 542167 12090.5 1070190
Jh3s 0.517906 542167 12090.5 1070190
Js3h 0.517906 542167 12090.5 1070190
9d3h 0.517591 540221 13700 1070190
9d3s 0.517591 540221 13700 1070190
9s3d 0.517439 540047 13711.5 1070190
9h3d 0.517439 540047 13711.5 1070190
AcKd 0.517168 541078 12389.5 1070190
9h3h 0.516866 539474 13670.5 1070190
9h3s 0.516866 539474 13670.5 1070190
9s3s 0.516866 539474 13670.5 1070190
9s3h 0.516866 539474 13670.5 1070190
AcKh 0.516391 540273 12363.5 1070190
AcKs 0.516391 540273 12363.5 1070190
AdKc 0.516071 539942 12352 1070190
AhKc 0.515334 539187 12318.5 1070190
AsKc 0.515334 539187 12318.5 1070190
Ad6h 0.515268 530038 21397 1070190
Ad6s 0.515268 530038 21397 1070190
Ah6d 0.515258 529994 21430 1070190
As6d 0.515258 529994 21430 1070190
Ah6s 0.514646 529418 21350.5 1070190
Ah6h 0.514646 529418 21350.5 1070190
As6s 0.514646 529418 21350.5 1070190
As6h 0.514646 529418 21350.5 1070190
6c2c 0.513483 537031 12493 1070190
Td3h 0.512452 535884 12536.5 1070190
Td3s 0.512452 535884 12536.5 1070190
Ts3d 0.512289 535697 12549.5 1070190
Th3d 0.512289 535697 12549.5 1070190
Th3s 0.511693 535098 12510.5 1070190
Th3h 0.511693 535098 12510.5 1070190
Ts3h 0.511693 535098 12510.5 1070190
Ts3s 0.511693 535098 12510.5 1070190
AcQd 0.508329 531619 12389.5 1070190
AcQs 0.507552 530814 12363.5 1070190
AcQh 0.507552 530814 12363.5 1070190
3d2c 0.507447 526588 16476.5 1070190
3d2d 0.507384 526844 16153 1070190
AdKd 0.507021 530763 11845.5 1070190
3s2c 0.506965 526137 16411.5 1070190
3h2c 0.506965 526137 16411.5 1070190
AdQc 0.505878 529034 12352 1070190
AsQc 0.505172 528312 12318.5 1070190
AhQc 0.505172 528312 12318.5 1070190
Kc6d 0.500729 514940 20935.5 1070190
Kc6h 0.500142 514391 20856 1070190
Kc6s 0.500142 514391 20856 1070190
AcJd 0.499829 522523 12389.5 1070190
AcJs 0.499059 521724 12363.5 1070190
AcJh 0.499059 521724 12363.5 1070190
AdQd 0.498521 521667 11845.5 1070190
AdJc 0.495989 518451 12352 1070190
AhJc 0.495314 517762 12318.5 1070190
AsJc 0.495314 517762 12318.5 1070190
Tc2c 0.495238 519601 10397.5 1070190
Ac2d 0.494748 512310 17164.5 1070190
Ac2s 0.494104 511655 17130.5 1070190
Ac2h 0.494104 511655 17130.5 1070190
Ac9d 0.493389 514841 13178.5 1070190
Ac9s 0.492651 514081 13149 1070190
Ac9h 0.492651 514081 13149 1070190
Ac8d 0.491755 518288 7983 1070190
Kd6d 0.491303 505429 20358.5 1070190
Ac8h 0.491017 517528 7953.5 1070190
Ac8s 0.491017 517528 7953.5 1070190
AcTd 0.490991 513064 12389.5 1070190
AdJd 0.490325 512895 11845.5 1070190
AcTs 0.49022 512265 12363.5 1070190
AcTh 0.49022 512265 12363.5 1070190
Kd6c 0.489184 502068 21452 1070190
Ks6c 0.488542 501427 21406 1070190
Kh6c 0.488542 501427 21406 1070190
Ad9c 0.486483 507471 13158.5 1070190
As9c 0.485862 506840 13125 1070190
Ah9c 0.485862 506840 13125 1070190
AdTc 0.485849 507599 12352 1070190
AsTc 0.485205 506943 12318.5 1070190
AhTc 0.485205 506943 12318.5 1070190
Ad9d 0.484012 505375 12610 1070190
Ad2d 0.48385 501444 16367 1070190
Ad8c 0.483599 509562 7980.5 1070190
As8c 0.483004 508956 7950.5 1070190
Ah8c 0.483004 508956 7950.5 1070190
3h2d 0.482829 499716 17002.5 1070190
3s2d 0.482829 499716 17002.5 1070190
3d2h 0.482596 499432 17037 1070190
3d2s 0.482596 499432 17037 1070190
Ad8d 0.482561 508891 7540.5 1070190
9c2c 0.482352 505561 10647.5 1070190
3s2s 0.482113 498981 16972 1070190
3h2h 0.482113 498981 16972 1070190
3h2s 0.482113 498981 16972 1070190
3s2h 0.482113 498981 16972 1070190
AdTd 0.481831 503805 11845.5 1070190
AsKd 0.480886 502105 12534 1070190
AhKd 0.480886 502105 12534 1070190
AdKs 0.480846 502055 12541.5 1070190
AdKh 0.480846 502055 12541.5 1070190
Ad2c 0.480422 497126 17017 1070190
AhKh 0.480109 501300 12508 1070190
AhKs 0.480109 501300 12508 1070190
AsKh 0.480109 501300 12508 1070190
AsKs 0.480109 501300 12508 1070190
Ah2c 0.479858 496580 16959.5 1070190
As2c 0.479858 496580 16959.5 1070190
Kc4d 0.478168 488439 23292 1070190
Kc4h 0.477627 487939 23212.5 1070190
Kc4s 0.477627 487939 23212.5 1070190
AhQd 0.472047 492646 12534 1070190
AsQd 0.472047 492646 12534 1070190
AdQh 0.471976 492563 12541.5 1070190
AdQs 0.471976 492563 12541.5 1070190
AsQh 0.471271 491841 12508 1070190
AhQh 0.471271 491841 12508 1070190
AsQs 0.471271 491841 12508 1070190
AhQs 0.471271 491841 12508 1070190
8c2c 0.471084 496777 7372.5 1070190
Kd4d 0.468822 479117 22611.5 1070190
Kd6s 0.467157 478709 21238 1070190
Kd6h 0.467157 478709 21238 1070190
Kh6d 0.467103 478617 21271.5 1070190
Ks6d 0.467103 478617 21271.5 1070190
9c6d 0.466884 479963 19691.5 1070190
Kh6h 0.466515 478068 21192 1070190
Kh6s 0.466515 478068 21192 1070190
Ks6h 0.466515 478068 21192 1070190
Ks6s 0.466515 478068 21192 1070190
9c6h 0.466327 479448 19611 1070190
9c6s 0.466327 479448 19611 1070190
Kd4c 0.465524 474494 23705 1070190
Kh4c 0.464918 473899 23651.5 1070190
Ks4c 0.464918 473899 23651.5 1070190
9d6d 0.464159 477537 19201.5 1070190
AsJd 0.463556 483559 12534 1070190
AhJd 0.463556 483559 12534 1070190
AdJh 0.46346 483449 12541.5 1070190
AdJs 0.46346 483449 12541.5 1070190
AsJh 0.462785 482760 12508 1070190
AhJh 0.462785 482760 12508 1070190
AsJs 0.462785 482760 12508 1070190
AhJs 0.462785 482760 12508 1070190
9d6c 0.461587 473799 20187 1070190
9s6c 0.460934 473150 20137 1070190
9h6c 0.460934 473150 20137 1070190
Ah2d 0.459046 474047 17219.5 1070190
As2d 0.459046 474047 17219.5 1070190
Ad2s 0.458966 473938 17243 1070190
Ad2h 0.458966 473938 17243 1070190
8c6d 0.458674 482034 8834.5 1070190
Ah2s 0.458402 473392 17185.5 1070190
Ah2h 0.458402 473392 17185.5 1070190
As2h 0.458402 473392 17185.5 1070190
As2s 0.458402 473392 17185.5 1070190
8c6s 0.45809 481447 8796 1070190
8c6h 0.45809 481447 8796 1070190
8d6d 0.457847 481637 8346 1070190
Ah9d 0.457494 476253 13352.5 1070190
As9d 0.457494 476253 13352.5 1070190
Ad9s 0.457377 476124 13356.5 1070190
Ad9h 0.457377 476124 13356.5 1070190
As9h 0.456756 475493 13323 1070190
Ah9h 0.456756 475493 13323 1070190
Ah9s 0.456756 475493 13323 1070190
As9s 0.456756 475493 13323 1070190
Qc6d 0.456614 467890 20774 1070190
Ah8d 0.456153 480225 7945.5 1070190
As8d 0.456153 480225 7945.5 1070190
Qc6s 0.456052 467368 20694.5 1070190
Qc6h 0.456052 467368 20694.5 1070190
Ad8h 0.45601 480071 7946 1070190
Ad8s 0.45601 480071 7946 1070190
Ah8s 0.455415 479465 7916 1070190
As8h 0.455415 479465 7916 1070190
As8s 0.455415 479465 7916 1070190
Ah8h 0.455415 479465 7916 1070190
8d6c 0.455237 478381 8809.5 1070190
AsTd 0.454717 474100 12534 1070190
AhTd 0.454717 474100 12534 1070190
AdTh 0.454591 473957 12541.5 1070190
AdTs 0.454591 473957 12541.5 1070190
8h6c 0.454585 477732 8760 1070190
8s6c 0.454585 477732 8760 1070190
AhTh 0.453946 473301 12508 1070190
AsTh 0.453946 473301 12508 1070190
AhTs 0.453946 473301 12508 1070190
AsTs 0.453946 473301 12508 1070190
Qd6d 0.449678 461035 20205.5 1070190
KcQd 0.446782 466720 11421.5 1070190
Qd6c 0.446459 456503 21293 1070190
KcQs 0.44604 465952 11395.5 1070190
KcQh 0.44604 465952 11395.5 1070190
Qs6c 0.445818 455862 21247.5 1070190
Qh6c 0.445818 455862 21247.5 1070190
KdQc 0.445327 465180 11404 1070190
KhQc 0.444588 464419 11374.5 1070190
KsQc 0.444588 464419 11374.5 1070190
Kd4h 0.44395 451530 23581 1070190
Kd4s 0.44395 451530 23581 1070190
Kh4d 0.443886 451435 23607 1070190
Ks4d 0.443886 451435 23607 1070190
Ks4h 0.443344 450935 23527.5 1070190
Kh4s 0.443344 450935 23527.5 1070190
Ks4s 0.443344 450935 23527.5 1070190
Kh4h 0.443344 450935 23527.5 1070190
9d6s 0.440133 451094 19932 1070190
9d6h 0.440133 451094 19932 1070190
9h6d 0.440036 450960 19962.5 1070190
9s6d 0.440036 450960 19962.5 1070190
KdQd 0.439823 459766 10928 1070190
9h6h 0.43948 450445 19882 1070190
9h6s 0.43948 450445 19882 1070190
9s6s 0.43948 450445 19882 1070190
9s6h 0.43948 450445 19882 1070190
KcJd 0.438115 457445 11421.5 1070190
KcJs 0.437379 456683 11395.5 1070190
KcJh 0.437379 456683 11395.5 1070190
KdJc 0.435275 454423 11404 1070190
KsJc 0.434568 453696 11374.5 1070190
KhJc 0.434568 453696 11374.5 1070190
Qc4d 0.434271 441622 23130.5 1070190
Qc4s 0.433755 441149 23051 1070190
Qc4h 0.433755 441149 23051 1070190
8d6h 0.433347 455083 8680.5 1070190
8d6s 0.433347 455083 8680.5 1070190
2d2c 0.433284 456459 7237 1070190
8s6d 0.433279 455021 8669.5 1070190
8h6d 0.433279 455021 8669.5 1070190
8s6s 0.432694 454434 8631 1070190
8s6h 0.432694 454434 8631 1070190
8h6s 0.432694 454434 8631 1070190
8h6h 0.432694 454434 8631 1070190
2h2c 0.43262 455758 7228 1070190
2s2c 0.43262 455758 7228 1070190
Kc9d 0.43172 449812 12210.5 1070190
KdJd 0.431469 450826 10928 1070190
Kc9h 0.431016 449088 12181 1070190
Kc9s 0.431016 449088 12181 1070190
Kc8d 0.429919 453080 7015 1070190
Kc8s 0.429215 452356 6985.5 1070190
Kc8h 0.429215 452356 6985.5 1070190
KcTd 0.429109 447807 11421.5 1070190
KcTs 0.428373 447045 11395.5 1070190
KcTh 0.428373 447045 11395.5 1070190
Qd4d 0.427409 434950 22458.5 1070190
Kd9c 0.425829 443507 12210.5 1070190
Kd9d 0.425212 443365 11692.5 1070190
Kh9c 0.425178 442840 12181 1070190
Ks9c 0.425178 442840 12181 1070190
KdTc 0.424972 443397 11404 1070190
KhTc 0.424297 442704 11374.5 1070190
KsTc 0.424297 442704 11374.5 1070190
Qd6s 0.423664 432322 21079 1070190
Qd6h 0.423664 432322 21079 1070190
Kd8d 0.423603 446713 6623 1070190
Qh6d 0.423585 432203 21113 1070190
Qs6d 0.423585 432203 21113 1070190
Qh6s 0.423023 431681 21033.5 1070190
Qh6h 0.423023 431681 21033.5 1070190
Qs6h 0.423023 431681 21033.5 1070190
Qs6s 0.423023 431681 21033.5 1070190
Qd4c 0.423016 429162 23546 1070190
KdTd 0.422818 441568 10928 1070190
Kd8c 0.422781 445424 7032.5 1070190
Qs4c 0.422411 428567 23493 1070190
Qh4c 0.422411 428567 23493 1070190
Ks8c 0.422158 444783 7006.5 1070190
Kh8c 0.422158 444783 7006.5 1070190
Jc6d 0.418617 427387 20612.5 1070190
Jc6h 0.41808 426892 20533 1070190
Jc6s 0.41808 426892 20533 1070190
Jd6d 0.414012 423019 20052.5 1070190
KhQd 0.410188 427419 11560.5 1070190
KsQd 0.410188 427419 11560.5 1070190
KdQh 0.410185 427412 11564 1070190
KdQs 0.410185 427412 11564 1070190
Jd6c 0.409878 417513 21134 1070190
KsQs 0.409446 426651 11534.5 1070190
KhQs 0.409446 426651 11534.5 1070190
KhQh 0.409446 426651 11534.5 1070190
KsQh 0.409446 426651 11534.5 1070190
Js6c 0.40924 416876 21089 1070190
Jh6c 0.40924 416876 21089 1070190
2h2d 0.407639 428784 7467.5 1070190
2s2d 0.407639 428784 7467.5 1070190
2s2h 0.406976 428083 7458.5 1070190
KsJd 0.40153 418153 11560.5 1070190
KhJd 0.40153 418153 11560.5 1070190
KdJs 0.401501 418118 11564 1070190
KdJh 0.401501 418118 11564 1070190
KsJs 0.400794 417391 11534.5 1070190
KsJh 0.400794 417391 11534.5 1070190
KhJh 0.400794 417391 11534.5 1070190
KhJs 0.400794 417391 11534.5 1070190
Qd4h 0.400683 405385 23422 1070190
Qd4s 0.400683 405385 23422 1070190
Qh4d 0.400594 405263 23448.5 1070190
Qs4d 0.400594 405263 23448.5 1070190
Qs4s 0.400078 404790 23369 1070190
Qs4h 0.400078 404790 23369 1070190
Qh4h 0.400078 404790 23369 1070190
Qh4s 0.400078 404790 23369 1070190
9d8d 0.397816 420015 5724 1070190
9c8d 0.397512 419356 6057 1070190
9c8s 0.396859 418688 6026.5 1070190
9c8h 0.396859 418688 6026.5 1070190
Jc4d 0.396659 401531 22969 1070190
Jc4h 0.396168 401085 22889.5 1070190
Jc4s 0.396168 401085 22889.5 1070190
9d8c 0.396154 417911 6049.5 1070190
Ks9d 0.395528 410911 12379 1070190
Kh9d 0.395528 410911 12379 1070190
9s8c 0.395503 417246 6017.5 1070190
9h8c 0.395503 417246 6017.5 1070190
Kd9s 0.395475 410854 12379 1070190
Kd9h 0.395475 410854 12379 1070190
Kh9s 0.394824 410187 12349.5 1070190
Kh9h 0.394824 410187 12349.5 1070190
Ks9s 0.394824 410187 12349.5 1070190
Ks9h 0.394824 410187 12349.5 1070190
Kh8d 0.39402 414704 6972 1070190
Ks8d 0.39402 414704 6972 1070190
Kd8s 0.393939 414621 6968.5 1070190
Kd8h 0.393939 414621 6968.5 1070190
Kh8h 0.393316 413980 6942.5 1070190
Kh8s 0.393316 413980 6942.5 1070190
Ks8s 0.393316 413980 6942.5 1070190
Ks8h 0.393316 413980 6942.5 1070190
KsTd 0.392524 408515 11560.5 1070190
KhTd 0.392524 408515 11560.5 1070190
KdTs 0.392463 408446 11564 1070190
KdTh 0.392463 408446 11564 1070190
Jd4d 0.392112 397329 22305.5 1070190
KsTh 0.391788 407753 11534.5 1070190
KsTs 0.391788 407753 11534.5 1070190
KhTh 0.391788 407753 11534.5 1070190
KhTs 0.391788 407753 11534.5 1070190
QcJd 0.388241 404232 11260 1070190
QcJh 0.387538 403505 11234 1070190
QcJs 0.387538 403505 11234 1070190
Jd4c 0.386815 390579 23387 1070190
QdJc 0.386748 402649 11245 1070190
Jd6s 0.386452 392657 20920 1070190
Jd6h 0.386452 392657 20920 1070190
Tc6d 0.386413 393873 19662 1070190
Jh6d 0.386351 392515 20954.5 1070190
Js6d 0.386351 392515 20954.5 1070190
Js4c 0.386213 389987 23334.5 1070190
Jh4c 0.386213 389987 23334.5 1070190
QhJc 0.386042 401922 11216 1070190
QsJc 0.386042 401922 11216 1070190
Tc6s 0.385897 393397 19586 1070190
Tc6h 0.385897 393397 19586 1070190
Js6h 0.385815 392020 20875 1070190
Jh6h 0.385815 392020 20875 1070190
Jh6s 0.385815 392020 20875 1070190
Js6s 0.385815 392020 20875 1070190
QdJd 0.384253 400449 10775 1070190
Td6d 0.383965 391780 19135 1070190
4d2d 0.38258 391246 18187 1070190
Qc9d 0.382009 396773 12049 1070190
Qc9s 0.381336 396083 12019.5 1070190
Qc9h 0.381336 396083 12019.5 1070190
Qc8d 0.380208 400041 6853.5 1070190
Qc8h 0.379535 399351 6824 1070190
Qc8s 0.379535 399351 6824 1070190
QcTd 0.379235 394594 11260 1070190
Td6c 0.379032 385468 20168.5 1070190
4c2d 0.378903 386414 19084 1070190
QcTs 0.378532 393867 11234 1070190
QcTh 0.378532 393867 11234 1070190
4c2h 0.378396 385911 19045 1070190
4c2s 0.378396 385911 19045 1070190
Th6c 0.378395 384831 20124 1070190
Ts6c 0.378395 384831 20124 1070190
4d2c 0.37837 386388 18540 1070190
Qd9d 0.378153 393156 11539.5 1070190
4h2c 0.377939 386011 18456 1070190
4s2c 0.377939 386011 18456 1070190
Qd9c 0.377469 391912 12051.5 1070190
Qs9c 0.376819 391245 12022.5 1070190
Qh9c 0.376819 391245 12022.5 1070190
Qd8d 0.376544 396504 6470 1070190
QdTc 0.376445 391623 11245 1070190
QsTc 0.375771 390930 11216 1070190
QhTc 0.375771 390930 11216 1070190
QdTd 0.375602 391191 10775 1070190
Qd8c 0.374422 393829 6873.5 1070190
Qh8c 0.373799 393188 6848 1070190
Qs8c 0.373799 393188 6848 1070190
Kc2d 0.371196 380724 16526 1070190
Kc2h 0.37061 380127 16496.5 1070190
Kc2s 0.37061 380127 16496.5 1070190
9s8d 0.368421 388338 5943 1070190
9h8d 0.368421 388338 5943 1070190
9d8h 0.36842 388335 5944.5 1070190
9d8s 0.36842 388335 5944.5 1070190
9s8h 0.367769 387670 5912.5 1070190
9h8s 0.367769 387670 5912.5 1070190
9s8s 0.367769 387670 5912.5 1070190
9h8h 0.367769 387670 5912.5 1070190
Kd2d 0.364443 374287 15736.5 1070190
Jd4s 0.363865 366142 23263 1070190
Jd4h 0.363865 366142 23263 1070190
Tc4d 0.363772 366498 22807.5 1070190
Jh4d 0.363754 365996 23290 1070190
Js4d 0.363754 365996 23290 1070190
Tc4s 0.363307 366079 22728 1070190
Tc4h 0.363307 366079 22728 1070190
Js4s 0.363263 365550 23210.5 1070190
Js4h 0.363263 365550 23210.5 1070190
Jh4s 0.363263 365550 23210.5 1070190
Jh4h 0.363263 365550 23210.5 1070190
Td4d 0.361391 364604 22152.5 1070190
Kd2c 0.357898 366620 16398.5 1070190
Kh2c 0.357358 366091 16349.5 1070190
Ks2c 0.357358 366091 16349.5 1070190
4s2d 0.356602 362794 18837.5 1070190
4h2d 0.356602 362794 18837.5 1070190
4d2h 0.356526 362668 18882.5 1070190
4d2s 0.356526 362668 18882.5 1070190
4s2s 0.356095 362291 18798.5 1070190
4s2h 0.356095 362291 18798.5 1070190
4h2h 0.356095 362291 18798.5 1070190
4h2s 0.356095 362291 18798.5 1070190
Td4c 0.355267 356975 23228 1070190
Td6s 0.355082 360059 19946 1070190
Td6h 0.355082 360059 19946 1070190
Ts6d 0.354961 359898 19977.5 1070190
Th6d 0.354961 359898 19977.5 1070190
Ts4c 0.354665 356383 23176 1070190
Th4c 0.354665 356383 23176 1070190
Ts6s 0.354445 359422 19901.5 1070190
Th6s 0.354445 359422 19901.5 1070190
Ts6h 0.354445 359422 19901.5 1070190
Th6h 0.354445 359422 19901.5 1070190
QdJs 0.352096 365405 11405 1070190
QdJh 0.352096 365405 11405 1070190
QsJd 0.352094 365405 11402 1070190
QhJd 0.352094 365405 11402 1070190
Jc9d 0.351849 364658 11887.5 1070190
QhJh 0.35139 364678 11376 1070190
QsJh 0.35139 364678 11376 1070190
QsJs 0.35139 364678 11376 1070190
QhJs 0.35139 364678 11376 1070190
Jc9h 0.351202 363995 11858 1070190
Jc9s 0.351202 363995 11858 1070190
Jd9d 0.350197 363391 11386.5 1070190
Jc8d 0.350048 367926 6692 1070190
JcTd 0.349516 362950 11098.5 1070190
Jc8h 0.349401 367263 6662.5 1070190
Jc8s 0.349401 367263 6662.5 1070190
JcTh 0.348839 362251 11072.5 1070190
JcTs 0.348839 362251 11072.5 1070190
Jd9c 0.348701 361284 11892.5 1070190
Jd8d 0.348589 366739 6317 1070190
JdTc 0.348108 361456 11086 1070190
JdTd 0.348072 361881 10622 1070190
Jh9c 0.348051 360617 11864 1070190
Js9c 0.348051 360617 11864 1070190
JhTc 0.347433 360762 11057.5 1070190
JsTc 0.347433 360762 11057.5 1070190
Qh9d 0.34626 358343 12220.5 1070190
Qs9d 0.34626 358343 12220.5 1070190
Qd9s 0.346238 358320 12220 1070190
Qd9h 0.346238 358320 12220 1070190
Jd8c 0.345654 363201 6714.5 1070190
Qs9h 0.345587 357653 12191 1070190
Qh9s 0.345587 357653 12191 1070190
Qh9h 0.345587 357653 12191 1070190
Qs9s 0.345587 357653 12191 1070190
Jh8c 0.345032 362560 6689.5 1070190
Js8c 0.345032 362560 6689.5 1070190
Qh8d 0.344751 362136 6813.5 1070190
Qs8d 0.344751 362136 6813.5 1070190
Qd8h 0.344702 362087 6809.5 1070190
Qd8s 0.344702 362087 6809.5 1070190
Qh8h 0.344079 361446 6784 1070190
Qh8s 0.344079 361446 6784 1070190
Qs8h 0.344079 361446 6784 1070190
Qs8s 0.344079 361446 6784 1070190
QsTd 0.343088 355767 11402 1070190
QhTd 0.343088 355767 11402 1070190
QdTs 0.343059 355733 11405 1070190
QdTh 0.343059 355733 11405 1070190
QhTs 0.342384 355040 11376 1070190
QsTh 0.342384 355040 11376 1070190
QsTs 0.342384 355040 11376 1070190
QhTh 0.342384 355040 11376 1070190
9c4d 0.339806 341137 22520.5 1070190
9d4d 0.339458 341414 21870.5 1070190
9c4s 0.339362 340737 22444.5 1070190
9c4h 0.339362 340737 22444.5 1070190
Kh2d 0.333378 340140 16637.5 1070190
Ks2d 0.333378 340140 16637.5 1070190
Kd2h 0.333332 340072 16657 1070190
Kd2s 0.333332 340072 16657 1070190
9d4c 0.333056 333523 22910.5 1070190
Kh2h 0.332792 339543 16608 1070190
Ks2h 0.332792 339543 16608 1070190
Kh2s 0.332792 339543 16608 1070190
Ks2s 0.332792 339543 16608 1070190
9s4c 0.332485 332966 22856.5 1070190
9h4c 0.332485 332966 22856.5 1070190
8d4d 0.332433 344752 11015 1070190
Td4s 0.331792 331977 23104 1070190
Td4h 0.331792 331977 23104 1070190
Ts4d 0.331657 331804 23131.5 1070190
Th4d 0.331657 331804 23131.5 1070190
Th4h 0.331191 331385 23052 1070190
Ts4h 0.331191 331385 23052 1070190
Ts4s 0.331191 331385 23052 1070190
Th4s 0.331191 331385 23052 1070190
8c4d 0.330851 342410 11663.5 1070190
8c4h 0.330377 341937 11629.5 1070190
8c4s 0.330377 341937 11629.5 1070190
8d4c 0.326058 337411 11533 1070190
8s4c 0.325488 336854 11479.5 1070190
8h4c 0.325488 336854 11479.5 1070190
Qc2d 0.32192 328151 16364.5 1070190
Qc2s 0.321366 327588 16335 1070190
Qc2h 0.321366 327588 16335 1070190
Qd2d 0.317809 324532 15583.5 1070190
Td9d 0.317571 329392 10469 1070190
Jd9s 0.317254 327461 12061 1070190
Jd9h 0.317254 327461 12061 1070190
Jh9d 0.317251 327457 12062 1070190
Js9d 0.317251 327457 12062 1070190
Tc9d 0.316987 328299 10937 1070190
Jh9s 0.316604 326794 12032.5 1070190
Jh9h 0.316604 326794 12032.5 1070190
Js9h 0.316604 326794 12032.5 1070190
Js9s 0.316604 326794 12032.5 1070190
Tc9s 0.316367 327662 10911 1070190
Tc9h 0.316367 327662 10911 1070190
Td8d 0.315961 332739 5399.5 1070190
Js8d 0.315743 331250 6655 1070190
Jh8d 0.315743 331250 6655 1070190
Jd8s 0.315718 331228 6650.5 1070190
Jd8h 0.315718 331228 6650.5 1070190
Tc8d 0.315186 331567 5741.5 1070190
Td9c 0.315159 326353 10927 1070190
Js8s 0.315096 330587 6625.5 1070190
Js8h 0.315096 330587 6625.5 1070190
Jh8h 0.315096 330587 6625.5 1070190
Jh8s 0.315096 330587 6625.5 1070190
Tc8s 0.314566 330930 5715.5 1070190
Tc8h 0.314566 330930 5715.5 1070190
JsTd 0.314531 325364 11243.5 1070190
JhTd 0.314531 325364 11243.5 1070190
JdTs 0.314528 325359 11246 1070190
JdTh 0.314528 325359 11246 1070190
Th9c 0.31451 325686 10899 1070190
Ts9c 0.31451 325686 10899 1070190
JhTs 0.313853 324665 11217.5 1070190
JhTh 0.313853 324665 11217.5 1070190
JsTh 0.313853 324665 11217.5 1070190
JsTs 0.313853 324665 11217.5 1070190
Td8c 0.312112 328270 5749 1070190
Th8c 0.31149 327629 5724.5 1070190
Ts8c 0.31149 327629 5724.5 1070190
Qd2c 0.309973 315491 16239.5 1070190
Qh2c 0.309434 314962 16191 1070190
Qs2c 0.309434 314962 16191 1070190
9d4h 0.309234 308132 22807.5 1070190
9d4s 0.309234 308132 22807.5 1070190
9h4d 0.309108 307975 22829.5 1070190
9s4d 0.309108 307975 22829.5 1070190
9s4s 0.308663 307575 22753.5 1070190
9s4h 0.308663 307575 22753.5 1070190
9h4h 0.308663 307575 22753.5 1070190
9h4s 0.308663 307575 22753.5 1070190
8d4h 0.301746 311370 11556 1070190
8d4s 0.301746 311370 11556 1070190
8h4d 0.30165 311286 11536.5 1070190
8s4d 0.30165 311286 11536.5 1070190
8h4h 0.301176 310813 11502.5 1070190
8h4s 0.301176 310813 11502.5 1070190
8s4h 0.301176 310813 11502.5 1070190
8s4s 0.301176 310813 11502.5 1070190
6d2d 0.290329 292998 17709.5 1070190
6c2d 0.285225 286620 18624.5 1070190
6c2s 0.284738 286130 18593.5 1070190
6c2h 0.284738 286130 18593.5 1070190
Qh2d 0.284562 288056 16479 1070190
Qs2d 0.284562 288056 16479 1070190
Qd2h 0.284548 288022 16498 1070190
Qd2s 0.284548 288022 16498 1070190
Qs2s 0.284008 287493 16449.5 1070190
Qs2h 0.284008 287493 16449.5 1070190
Qh2h 0.284008 287493 16449.5 1070190
Qh2s 0.284008 287493 16449.5 1070190
6d2c 0.283414 285247 18060 1070190
Td9s 0.283162 291950 11087 1070190
Td9h 0.283162 291950 11087 1070190
Th9d 0.283132 291920 11085 1070190
Ts9d 0.283132 291920 11085 1070190
6s2c 0.282982 284864 17980.5 1070190
6h2c 0.282982 284864 17980.5 1070190
Th9s 0.282512 291283 11059 1070190
Th9h 0.282512 291283 11059 1070190
Ts9h 0.282512 291283 11059 1070190
Ts9s 0.282512 291283 11059 1070190
Td8h 0.281626 295717 5676.5 1070190
Td8s 0.281626 295717 5676.5 1070190
Ts8d 0.281624 295713 5678 1070190
Th8d 0.281624 295713 5678 1070190
Th8s 0.281004 295076 5652 1070190
Ts8h 0.281004 295076 5652 1070190
Ts8s 0.281004 295076 5652 1070190
Th8h 0.281004 295076 5652 1070190
Jc2d 0.280398 283876 16203 1070190
Jc2s 0.279876 283347 16173.5 1070190
Jc2h 0.279876 283347 16173.5 1070190
Jd2d 0.278717 282850 15430.5 1070190
Jd2c 0.269825 272683 16080.5 1070190
Js2c 0.269288 272157 16032.5 1070190
Jh2c 0.269288 272157 16032.5 1070190
6h2d 0.258835 258592 18410.5 1070190
6s2d 0.258835 258592 18410.5 1070190
6d2s 0.25878 258485 18459 1070190
6d2h 0.25878 258485 18459 1070190
6h2s 0.258348 258102 18379.5 1070190
6s2s 0.258348 258102 18379.5 1070190
6h2h 0.258348 258102 18379.5 1070190
6s2h 0.258348 258102 18379.5 1070190
Td2d 0.245628 247591 15277.5 1070190
Tc2d 0.245071 246231 16041.5 1070190
Tc2h 0.244581 245736 16012 1070190
Tc2s 0.244581 245736 16012 1070190
Jd2h 0.243723 244491 16339 1070190
Jd2s 0.243723 244491 16339 1070190
Js2d 0.243709 244494 16320.5 1070190
Jh2d 0.243709 244494 16320.5 1070190
Js2h 0.243187 243965 16291 1070190
Jh2s 0.243187 243965 16291 1070190
Js2s 0.243187 243965 16291 1070190
Jh2h 0.243187 243965 16291 1070190
Td2c 0.235797 236426 15921.5 1070190
Ts2c 0.235261 235900 15874 1070190
Th2c 0.235261 235900 15874 1070190
9d2d 0.231875 232390 15760 1070190
9c2d 0.229509 229075 16543.5 1070190
9c2h 0.229043 228605 16514 1070190
9c2s 0.229043 228605 16514 1070190
9d2c 0.221906 221071 16410.5 1070190
9s2c 0.22139 220568 16361 1070190
9h2c 0.22139 220568 16361 1070190
8d2d 0.218731 223546 10537.5 1070190
8c2d 0.214682 218546 11204 1070190
8c2h 0.214242 218102 11178 1070190
8c2s 0.214242 218102 11178 1070190
Td2h 0.209154 207655 16180 1070190
Td2s 0.209154 207655 16180 1070190
Ts2d 0.209109 207624 16162 1070190
Th2d 0.209109 207624 16162 1070190
Ts2h 0.208619 207129 16132.5 1070190
Ts2s 0.208619 207129 16132.5 1070190
Th2h 0.208619 207129 16132.5 1070190
Th2s 0.208619 207129 16132.5 1070190
8d2c 0.208327 211893 11056 1070190
8s2c 0.207811 211390 11007 1070190
8h2c 0.207811 211390 11007 1070190
9d2s 0.195309 192319 16698.5 1070190
9d2h 0.195309 192319 16698.5 1070190
9s2d 0.195259 192286 16678.5 1070190
9h2d 0.195259 192286 16678.5 1070190
9s2h 0.194793 191816 16649 1070190
9s2s 0.194793 191816 16649 1070190
9h2s 0.194793 191816 16649 1070190
9h2h 0.194793 191816 16649 1070190
8d2s 0.181776 183402 11132.5 1070190
8d2h 0.181776 183402 11132.5 1070190
8s2d 0.181699 183343 11109.5 1070190
8h2d 0.181699 183343 11109.5 1070190
8s2s 0.18126 182899 11083.5 1070190
8s2h 0.18126 182899 11083.5 1070190
8h2s 0.18126 182899 11083.5 1070190
8h2h 0.18126 182899 11083.5 1070190
