5s5h 0.999187 1069320 0 1070190
5s3d 0.982198 1047170 3968 1070190
5h3d 0.982198 1047170 3968 1070190
5s3h 0.982181 1047152 3968 1070190
5h3s 0.982181 1047152 3968 1070190
5h3h 0.982181 1047152 3968 1070190
5s3s 0.982181 1047152 3968 1070190
3s3d 0.952189 1017246 1777 1070190
3h3d 0.952189 1017246 1777 1070190
3s3h 0.952172 1017228 1777 1070190
Ac5h 0.940502 1000652 5864 1070190
Ac5s 0.940502 1000652 5864 1070190
Kc5s 0.929785 990034 5013 1070190
Kc5h 0.929785 990034 5013 1070190
5s4c 0.928176 982195 11130 1070190
5h4c 0.928176 982195 11130 1070190
Qc5h 0.926063 985810 5253 1070190
Qc5s 0.926063 985810 5253 1070190
6c5s 0.924939 979786 10075 1070190
6c5h 0.924939 979786 10075 1070190
Ad5h 0.922647 981488 5919.5 1070190
Ad5s 0.922647 981488 5919.5 1070190
Ah5s 0.922286 981106 5915.5 1070190
As5s 0.922286 981106 5915.5 1070190
As5h 0.922286 981106 5915.5 1070190
Ah5h 0.922286 981106 5915.5 1070190
Jc5s 0.922254 981314 5673 1070190
Jc5h 0.922254 981314 5673 1070190
5h4d 0.921265 974544 11385 1070190
5s4d 0.921265 974544 11385 1070190
5h4h 0.920923 974190 11373 1070190
5h4s 0.920923 974190 11373 1070190
5s4h 0.920923 974190 11373 1070190
5s4s 0.920923 974190 11373 1070190
7c5h 0.919342 975067 8804 1070190
7c5s 0.919342 975067 8804 1070190
Tc5h 0.918471 976726 6213 1070190
Tc5s 0.918471 976726 6213 1070190
5h2c 0.917765 971728 10454.5 1070190
5s2c 0.917765 971728 10454.5 1070190
6d5h 0.91702 971077 10309 1070190
6d5s 0.91702 971077 10309 1070190
6s5s 0.916666 970706 10301 1070190
6h5h 0.916666 970706 10301 1070190
6s5h 0.916666 970706 10301 1070190
6h5s 0.916666 970706 10301 1070190
9c5s 0.915635 973090 6813 1070190
9c5h 0.915635 973090 6813 1070190
Kd5h 0.913167 972204 5058 1070190
Kd5s 0.913167 972204 5058 1070190
Ks5h 0.912797 971808 5058 1070190
Kh5h 0.912797 971808 5058 1070190
Kh5s 0.912797 971808 5058 1070190
Ks5s 0.912797 971808 5058 1070190
8c5s 0.912238 968855 7413 1070190
8c5h 0.912238 968855 7413 1070190
5s2d 0.912117 965440 10699 1070190
5h2d 0.912117 965440 10699 1070190
5h2s 0.911766 965072 10691 1070190
5h2h 0.911766 965072 10691 1070190
5s2h 0.911766 965072 10691 1070190
5s2s 0.911766 965072 10691 1070190
Qd5s 0.910778 969396 5310 1070190
Qd5h 0.910778 969396 5310 1070190
Qh5h 0.910408 969000 5310 1070190
Qh5s 0.910408 969000 5310 1070190
Qs5h 0.910408 969000 5310 1070190
Qs5s 0.910408 969000 5310 1070190
7d5s 0.910325 965214 9006.5 1070190
7d5h 0.910325 965214 9006.5 1070190
7h5h 0.909961 964829 9002.5 1070190
7h5s 0.909961 964829 9002.5 1070190
7s5h 0.909961 964829 9002.5 1070190
7s5s 0.909961 964829 9002.5 1070190
Jd5h 0.908272 966273 5751 1070190
Jd5s 0.908272 966273 5751 1070190
Js5s 0.907902 965877 5751 1070190
Js5h 0.907902 965877 5751 1070190
Jh5h 0.907902 965877 5751 1070190
Jh5s 0.907902 965877 5751 1070190
Td5s 0.905766 963024 6318 1070190
Td5h 0.905766 963024 6318 1070190
Ts5h 0.905396 962628 6318 1070190
Th5s 0.905396 962628 6318 1070190
Ts5s 0.905396 962628 6318 1070190
Th5h 0.905396 962628 6318 1070190
9d5h 0.904227 960747 6948 1070190
9d5s 0.904227 960747 6948 1070190
9s5s 0.903857 960351 6948 1070190
9s5h 0.903857 960351 6948 1070190
9h5s 0.903857 960351 6948 1070190
9h5h 0.903857 960351 6948 1070190
8d5s 0.902074 957813 7578 1070190
8d5h 0.902074 957813 7578 1070190
8s5h 0.901702 957414 7578 1070190
8h5s 0.901702 957414 7578 1070190
8s5s 0.901702 957414 7578 1070190
8h5h 0.901702 957414 7578 1070190
AdAc 0.865553 925206 1100.5 1070190
AhAc 0.865112 924738 1096.5 1070190
AsAc 0.865112 924738 1096.5 1070190
AhAd 0.844913 903125 1092.5 1070190
AsAd 0.844913 903125 1092.5 1070190
AsAh 0.844472 902657 1088.5 1070190
KdKc 0.833506 891498 511.5 1070190
KsKc 0.833052 891012 511.5 1070190
KhKc 0.833052 891012 511.5 1070190
KsKd 0.813263 869834 511.5 1070190
KhKd 0.813263 869834 511.5 1070190
KsKh 0.812808 869348 511.5 1070190
QdQc 0.8105 866881 507.5 1070190
QhQc 0.810045 866395 507.5 1070190
QsQc 0.810045 866395 507.5 1070190
QhQd 0.790853 845856 507.5 1070190
QsQd 0.790853 845856 507.5 1070190
QsQh 0.790399 845370 507.5 1070190
JdJc 0.787661 842443 503.5 1070190
JhJc 0.787206 841957 503.5 1070190
JsJc 0.787206 841957 503.5 1070190
JsJd 0.768594 822038 503.5 1070190
JhJd 0.768594 822038 503.5 1070190
JsJh 0.76814 821552 503.5 1070190
TdTc 0.764989 818184 499.5 1070190
ThTc 0.764535 817698 499.5 1070190
TsTc 0.764535 817698 499.5 1070190
TsTd 0.746484 798380 499.5 1070190
ThTd 0.746484 798380 499.5 1070190
TsTh 0.74603 797894 499.5 1070190
9d9c 0.74346 795148 495.5 1070190
9s9c 0.743006 794662 495.5 1070190
9h9c 0.743006 794662 495.5 1070190
Ac4c 0.74017 770896 21226.5 1070190
AcKc 0.734418 773015 12951.5 1070190
AcQc 0.728565 766148 13554.5 1070190
9s9d 0.725549 775980 495.5 1070190
9h9d 0.725549 775980 495.5 1070190
9s9h 0.725095 775494 495.5 1070190
Ac2c 0.724721 754444 21145 1070190
AcJc 0.722563 758820 14460 1070190
8d8c 0.721123 771247 491.5 1070190
8h8c 0.720666 770758 491.5 1070190
8s8c 0.720666 770758 491.5 1070190
AcTc 0.716614 751352 15561 1070190
7d7c 0.711382 760241 1072.5 1070190
Ac9c 0.711023 744179 16750.5 1070190
7s7c 0.710938 759770 1068.5 1070190
7h7c 0.710938 759770 1068.5 1070190
Ac7c 0.707213 737403 19449.5 1070190
Ac8c 0.705777 737394 17921.5 1070190
Ac6c 0.704383 733561 20262.5 1070190
8s8d 0.703738 752642 491.5 1070190
8h8d 0.703738 752642 491.5 1070190
8s8h 0.703281 752153 491.5 1070190
6d6c 0.701541 749129 1653.5 1070190
6s6c 0.701111 748676 1645.5 1070190
6h6c 0.701111 748676 1645.5 1070190
7h7d 0.694522 742206 1064.5 1070190
7s7d 0.694522 742206 1064.5 1070190
7s7h 0.694078 741735 1060.5 1070190
6h6d 0.685232 731691 1637.5 1070190
6s6d 0.685232 731691 1637.5 1070190
6s6h 0.684801 731238 1629.5 1070190
KcQc 0.677269 709469 15337.5 1070190
Ac3d 0.676639 708860 15272.5 1070190
Ac3s 0.676197 708409 15250 1070190
Ac3h 0.676197 708409 15250 1070190
KcJc 0.671168 702034 16243 1070190
KcTc 0.665118 694459 17344 1070190
Ad3d 0.662136 693638 14973 1070190
Kc9c 0.659427 687179 18533.5 1070190
Kc6c 0.657353 680965 22528 1070190
Kc4c 0.656986 679629 23471 1070190
Kc7c 0.655822 680622 21232.5 1070190
Kc8c 0.654082 680287 19704.5 1070190
Kc3d 0.653597 680995 18478.5 1070190
Kc3h 0.653221 680650 18421 1070190
Kc3s 0.653221 680650 18421 1070190
4d4c 0.652848 694812 3859.5 1070190
4s4c 0.652433 694380 3847.5 1070190
4h4c 0.652433 694380 3847.5 1070190
Ad3h 0.645493 675637 15163.5 1070190
Ad3s 0.645493 675637 15163.5 1070190
As3d 0.645204 675331 15160 1070190
Ah3d 0.645204 675331 15160 1070190
As3s 0.644762 674880 15137.5 1070190
As3h 0.644762 674880 15137.5 1070190
Ah3h 0.644762 674880 15137.5 1070190
Ah3s 0.644762 674880 15137.5 1070190
Kd3d 0.64061 667410 18164 1070190
Kc2c 0.638406 659876 23340 1070190
Qc3d 0.638148 661350 21589.5 1070190
Qc3h 0.637824 661089 21504 1070190
Qc3s 0.637824 661089 21504 1070190
4h4d 0.637333 678242 3825 1070190
4s4d 0.637333 678242 3825 1070190
4s4h 0.636918 677810 3813 1070190
Ac4d 0.628615 642834 29904 1070190
QcJc 0.628152 654377 17864.5 1070190
Ac4h 0.627853 642056 29866.5 1070190
Ac4s 0.627853 642056 29866.5 1070190
Qd3d 0.626589 649338 21231 1070190
Jc3d 0.624918 644920 23860.5 1070190
Jc3s 0.624633 644722 23754 1070190
Jc3h 0.624633 644722 23754 1070190
Kd3s 0.623184 648378 18547 1070190
Kd3h 0.623184 648378 18547 1070190
Ks3d 0.622799 647931 18582 1070190
Kh3d 0.622799 647931 18582 1070190
Ks3h 0.622423 647586 18524.5 1070190
Ks3s 0.622423 647586 18524.5 1070190
Kh3s 0.622423 647586 18524.5 1070190
Kh3h 0.622423 647586 18524.5 1070190
QcTc 0.622102 646802 18965.5 1070190
6c4c 0.619087 638924 23616.5 1070190
Ad4c 0.616544 630488 29331.5 1070190
Qc9c 0.616411 639522 20155 1070190
As4c 0.615872 629873 29227.5 1070190
Ah4c 0.615872 629873 29227.5 1070190
Qc4c 0.615453 633559 25092.5 1070190
Qc6c 0.615146 634174 24149.5 1070190
Jd3d 0.614761 634439 23472 1070190
Ad4d 0.614217 628890 28439 1070190
AcKd 0.61388 639598 17370.5 1070190
Tc3d 0.613682 631345 25411.5 1070190
Tc3s 0.613426 631192 25290 1070190
Tc3h 0.613426 631192 25290 1070190
Qc7c 0.613076 633254 22854 1070190
AcKh 0.613025 638705 17348 1070190
AcKs 0.613025 638705 17348 1070190
AdKc 0.61288 638720 17178 1070190
AsKc 0.612093 637939 17117 1070190
AhKc 0.612093 637939 17117 1070190
Qc8c 0.611065 632630 21326 1070190
Qd3h 0.609003 629936 21813 1070190
Qd3s 0.609003 629936 21813 1070190
Qh3d 0.608566 629405 21876 1070190
Qs3d 0.608566 629405 21876 1070190
Qs3s 0.608242 629144 21790.5 1070190
Qh3h 0.608242 629144 21790.5 1070190
Qh3s 0.608242 629144 21790.5 1070190
Qs3h 0.608242 629144 21790.5 1070190
Ac2d 0.606326 619364 29520 1070190
Ac2s 0.605594 618619 29482 1070190
Ac2h 0.605594 618619 29482 1070190
AcQd 0.605384 629701 18174.5 1070190
Td3d 0.604906 622359 25005 1070190
AcQs 0.604528 628808 18152 1070190
AcQh 0.604528 628808 18152 1070190
9c3d 0.604501 620568 26362.5 1070190
9c3s 0.604263 620445 26231 1070190
9c3h 0.604263 620445 26231 1070190
AdQc 0.603027 627422 17931 1070190
AsQc 0.602265 626668 17870 1070190
AhQc 0.602265 626668 17870 1070190
6c3d 0.601708 615696 28245.5 1070190
4c3d 0.601554 615297 28480.5 1070190
6c3s 0.601472 615585 28104.5 1070190
6c3h 0.601472 615585 28104.5 1070190
4c3s 0.601316 615180 28342.5 1070190
4c3h 0.601316 615180 28342.5 1070190
AdKd 0.600192 625874 16445.5 1070190
7c3d 0.599714 614154 27653.5 1070190
7c3s 0.599484 614049 27513 1070190
7c3h 0.599484 614049 27513 1070190
4d3d 0.598374 612403 27970.5 1070190
6d3d 0.597511 611688 27762 1070190
Ah4d 0.597307 609674 29558 1070190
As4d 0.597307 609674 29558 1070190
Ad4h 0.597217 609511 29624.5 1070190
Ad4s 0.597217 609511 29624.5 1070190
9d3d 0.597105 613068 25948 1070190
Jd3h 0.597081 614786 24204 1070190
Jd3s 0.597081 614786 24204 1070190
Jh3d 0.596604 614192 24288 1070190
Js3d 0.596604 614192 24288 1070190
8c3d 0.596582 611623 26833.5 1070190
AcJd 0.596571 618935 19509 1070190
Ah4s 0.596545 608896 29520.5 1070190
Ah4h 0.596545 608896 29520.5 1070190
As4s 0.596545 608896 29520.5 1070190
As4h 0.596545 608896 29520.5 1070190
8c3s 0.596356 611518 26696 1070190
8c3h 0.596356 611518 26696 1070190
Js3s 0.59632 613994 24181.5 1070190
Jh3h 0.59632 613994 24181.5 1070190
Jh3s 0.59632 613994 24181.5 1070190
Js3h 0.59632 613994 24181.5 1070190
AcJs 0.595715 618042 19486.5 1070190
AcJh 0.595715 618042 19486.5 1070190
Qc2c 0.595454 612381 24867.5 1070190
4c2c 0.594822 617520 19053 1070190
7d3d 0.594556 609084 27203.5 1070190
AdJc 0.592883 615294 19203 1070190
Ad2c 0.592374 605023 28930 1070190
AhJc 0.59215 614574 19138.5 1070190
AsJc 0.59215 614574 19138.5 1070190
AdQd 0.591939 616262 17225.5 1070190
Ad2d 0.591854 605329 28067.5 1070190
Ah2c 0.591721 604432 28822 1070190
As2c 0.591721 604432 28822 1070190
8d3d 0.590539 605570 26419 1070190
AcTd 0.587776 607837 21195 1070190
Td3h 0.587184 602553 25845 1070190
Td3s 0.587184 602553 25845 1070190
AcTh 0.586921 606944 21172.5 1070190
AcTs 0.586921 606944 21172.5 1070190
Th3d 0.586679 601914 25944 1070190
Ts3d 0.586679 601914 25944 1070190
Th3h 0.586423 601761 25822.5 1070190
Th3s 0.586423 601761 25822.5 1070190
Ts3h 0.586423 601761 25822.5 1070190
Ts3s 0.586423 601761 25822.5 1070190
JcTc 0.585339 606391 20032.5 1070190
AdJd 0.583398 605846 18500.5 1070190
AdTc 0.582773 602858 20820 1070190
4d3h 0.582668 594464 29101.5 1070190
4d3s 0.582668 594464 29101.5 1070190
4h3d 0.582239 593900 29206.5 1070190
4s3d 0.582239 593900 29206.5 1070190
AhTc 0.58207 602176 20749.5 1070190
AsTc 0.58207 602176 20749.5 1070190
4h3h 0.582001 593783 29068.5 1070190
4h3s 0.582001 593783 29068.5 1070190
4s3h 0.582001 593783 29068.5 1070190
4s3s 0.582001 593783 29068.5 1070190
6d3h 0.581329 593271 28861.5 1070190
6d3s 0.581329 593271 28861.5 1070190
6s3d 0.580868 592666 28973 1070190
6h3d 0.580868 592666 28973 1070190
AsKd 0.580693 604364 17088 1070190
AhKd 0.580693 604364 17088 1070190
6h3s 0.580632 592555 28832 1070190
6h3h 0.580632 592555 28832 1070190
6s3h 0.580632 592555 28832 1070190
6s3s 0.580632 592555 28832 1070190
AdKs 0.580624 604252 17126.5 1070190
AdKh 0.580624 604252 17126.5 1070190
AhKs 0.579838 603471 17065.5 1070190
AsKh 0.579838 603471 17065.5 1070190
AhKh 0.579838 603471 17065.5 1070190
AsKs 0.579838 603471 17065.5 1070190
Jc4c 0.579769 594303 26159.5 1070190
Ac9d 0.579673 597307 23053.5 1070190
Jc9c 0.579648 599111 21222 1070190
9d3s 0.579425 593234 26861 1070190
9d3h 0.579425 593234 26861 1070190
Jc6c 0.578923 594341 25216.5 1070190
9s3d 0.578907 592571 26970 1070190
9h3d 0.578907 592571 26970 1070190
Ac9s 0.578823 596420 23031 1070190
Ac9h 0.578823 596420 23031 1070190
9h3h 0.57867 592448 26838.5 1070190
9s3s 0.57867 592448 26838.5 1070190
9s3h 0.57867 592448 26838.5 1070190
9h3s 0.57867 592448 26838.5 1070190
7d3s 0.577712 590021 28241 1070190
7d3h 0.577712 590021 28241 1070190
7s3d 0.577216 589375 28355.5 1070190
7h3d 0.577216 589375 28355.5 1070190
7s3s 0.576986 589270 28215 1070190
7h3h 0.576986 589270 28215 1070190
7h3s 0.576986 589270 28215 1070190
7s3h 0.576986 589270 28215 1070190
Jc7c 0.576448 592988 23921 1070190
Ac7d 0.57589 588951 27361 1070190
Ac7s 0.575075 588104 27335 1070190
Ac7h 0.575075 588104 27335 1070190
AdTd 0.574882 595130 20102.5 1070190
Jc8c 0.574302 592219 22393 1070190
As2d 0.574 585157 29132.5 1070190
Ah2d 0.574 585157 29132.5 1070190
Ad2s 0.573922 585003 29202.5 1070190
Ad2h 0.573922 585003 29202.5 1070190
Ad9c 0.573307 590939 22608 1070190
As2s 0.573269 584412 29094.5 1070190
As2h 0.573269 584412 29094.5 1070190
Ah2s 0.573269 584412 29094.5 1070190
Ah2h 0.573269 584412 29094.5 1070190
Ac6d 0.572944 584513 28645.5 1070190
8d3s 0.572877 585710 27377 1070190
8d3h 0.572877 585710 27377 1070190
As9c 0.572633 590296 22530 1070190
Ah9c 0.572633 590296 22530 1070190
3d2c 0.572573 585752 27010 1070190
3h2c 0.572402 585728 26851 1070190
3s2c 0.572402 585728 26851 1070190
8h3d 0.572348 585029 27492 1070190
8s3d 0.572348 585029 27492 1070190
Ac6s 0.572164 583708 28616 1070190
Ac6h 0.572164 583708 28616 1070190
AsQd 0.572163 594455 17868 1070190
AhQd 0.572163 594455 17868 1070190
8h3h 0.572121 584924 27354.5 1070190
8h3s 0.572121 584924 27354.5 1070190
8s3h 0.572121 584924 27354.5 1070190
8s3s 0.572121 584924 27354.5 1070190
AdQs 0.572069 594316 17906.5 1070190
AdQh 0.572069 594316 17906.5 1070190
Ac8d 0.571919 587156 24905.5 1070190
AhQs 0.571307 593562 17845.5 1070190
AsQh 0.571307 593562 17845.5 1070190
AhQh 0.571307 593562 17845.5 1070190
AsQs 0.571307 593562 17845.5 1070190
3d2d 0.571126 584614 26599 1070190
Ac8s 0.571069 586269 24883 1070190
Ac8h 0.571069 586269 24883 1070190
Ad9d 0.567007 584942 21863.5 1070190
Ad7c 0.566858 579838 26807.5 1070190
As7c 0.566226 579255 26714 1070190
Ah7c 0.566226 579255 26714 1070190
7c6c 0.565358 580907 24133.5 1070190
Ad8c 0.564242 579453 24393 1070190
As8c 0.563595 578847 24307 1070190
Ah8c 0.563595 578847 24307 1070190
AhJd 0.563308 583665 19181.5 1070190
AsJd 0.563308 583665 19181.5 1070190
AdJh 0.563186 583492 19223.5 1070190
AdJs 0.563186 583492 19223.5 1070190
Ad7d 0.563099 576668 25955 1070190
Ad6c 0.562528 573930 28082 1070190
AhJh 0.562452 582772 19159 1070190
AhJs 0.562452 582772 19159 1070190
AsJh 0.562452 582772 19159 1070190
AsJs 0.562452 582772 19159 1070190
Ah6c 0.561909 573363 27986 1070190
As6c 0.561909 573363 27986 1070190
7c4c 0.560231 574844 24710 1070190
Ad6d 0.559909 572024 27185 1070190
Ad8d 0.559489 575144 23615.5 1070190
Jc2c 0.558618 571987 25840.5 1070190
AhTd 0.554463 572531 20849.5 1070190
AsTd 0.554463 572531 20849.5 1070190
AdTh 0.55431 572320 20897.5 1070190
AdTs 0.55431 572320 20897.5 1070190
3s2d 0.553877 565104 27650 1070190
3h2d 0.553877 565104 27650 1070190
AhTh 0.553607 571638 20827 1070190
AsTs 0.553607 571638 20827 1070190
AsTh 0.553607 571638 20827 1070190
AhTs 0.553607 571638 20827 1070190
3d2h 0.553406 564492 27758 1070190
3d2s 0.553406 564492 27758 1070190
3s2h 0.553235 564468 27599 1070190
3h2h 0.553235 564468 27599 1070190
3s2s 0.553235 564468 27599 1070190
3h2s 0.553235 564468 27599 1070190
Tc4c 0.549549 561432 26690 1070190
Tc9c 0.548753 565517 21752.5 1070190
Tc6c 0.548299 561037 25747 1070190
Ah9d 0.54631 561962 22693 1070190
As9d 0.54631 561962 22693 1070190
Ad9h 0.546133 561718 22748.5 1070190
Ad9s 0.546133 561718 22748.5 1070190
Tc7c 0.545554 559395 24451.5 1070190
Ah9h 0.54546 561075 22670.5 1070190
As9s 0.54546 561075 22670.5 1070190
As9h 0.54546 561075 22670.5 1070190
Ah9s 0.54546 561075 22670.5 1070190
Tc8c 0.543407 558625 22923.5 1070190
As7d 0.542725 553810 27009 1070190
Ah7d 0.542725 553810 27009 1070190
Ad7s 0.542542 553546 27076.5 1070190
Ad7h 0.542542 553546 27076.5 1070190
As7h 0.541909 552963 26983 1070190
Ah7s 0.541909 552963 26983 1070190
Ah7h 0.541909 552963 26983 1070190
As7s 0.541909 552963 26983 1070190
Ah6d 0.539703 549276 28308.5 1070190
As6d 0.539703 549276 28308.5 1070190
Ad6h 0.539543 549038 28375 1070190
Ad6s 0.539543 549038 28375 1070190
As6h 0.538923 548471 28279 1070190
As6s 0.538923 548471 28279 1070190
Ah6s 0.538923 548471 28279 1070190
Ah6h 0.538923 548471 28279 1070190
As8d 0.538488 551751 24533 1070190
Ah8d 0.538488 551751 24533 1070190
Ad8h 0.538284 551470 24596.5 1070190
Ad8s 0.538284 551470 24596.5 1070190
As8h 0.537638 550864 24510.5 1070190
As8s 0.537638 550864 24510.5 1070190
Ah8h 0.537638 550864 24510.5 1070190
Ah8s 0.537638 550864 24510.5 1070190
9c6c 0.53092 542533 25652 1070190
KcQd 0.529799 546754 20232 1070190
KcQs 0.528982 545906 20205.5 1070190
KcQh 0.528982 545906 20205.5 1070190
KdQc 0.528477 545499 20072 1070190
9c7c 0.528074 540676 24463.5 1070190
KsQc 0.527686 544707 20017.5 1070190
KhQc 0.527686 544707 20017.5 1070190
Tc2c 0.527516 538265 26277 1070190
6c2c 0.526222 540217 22941 1070190
9c8c 0.526196 540194 22935.5 1070190
9c4c 0.524667 534845 26648.5 1070190
KcJd 0.520819 535809 21566.5 1070190
KcJh 0.520002 534961 21540 1070190
KcJs 0.520002 534961 21540 1070190
KdQd 0.519836 537174 19149.5 1070190
KdJc 0.518171 533197 21344 1070190
KhJc 0.517409 532440 21286 1070190
KsJc 0.517409 532440 21286 1070190
KcTd 0.511857 524532 23252.5 1070190
KdJd 0.511138 526590 20424.5 1070190
KcTs 0.51104 523684 23226 1070190
KcTh 0.51104 523684 23226 1070190
8c6c 0.510893 522072 24681 1070190
8c7c 0.508047 520214 23492.5 1070190
KdTc 0.507899 520587 22961 1070190
KsTc 0.507168 519869 22897 1070190
KhTc 0.507168 519869 22897 1070190
Kc4d 0.505775 508269 33006.5 1070190
Kc4h 0.505058 507538 32970 1070190
Kc4s 0.505058 507538 32970 1070190
8c4c 0.504776 514529 25677.5 1070190
Kc6d 0.504155 508032 31509.5 1070190
Kc9d 0.503587 513823 25111 1070190
Kc6s 0.503411 507269 31476 1070190
Kc6h 0.503411 507269 31476 1070190
Kc9s 0.502776 512981 25084.5 1070190
Kc9h 0.502776 512981 25084.5 1070190
KdTd 0.502465 515706 22026.5 1070190
9c2c 0.502119 511221 26141.5 1070190
Kc7d 0.500068 505749 29418.5 1070190
Kc7h 0.499289 504946 29388.5 1070190
Kc7s 0.499289 504946 29388.5 1070190
Kd9c 0.498269 508494 24749 1070190
Ks9c 0.497569 507816 24677.5 1070190
Kh9c 0.497569 507816 24677.5 1070190
KhQd 0.49607 510927 19962 1070190
KsQd 0.49607 510927 19962 1070190
KdQh 0.496044 510871 19990 1070190
KdQs 0.496044 510871 19990 1070190
Kd4d 0.495784 499280 31303.5 1070190
Kc8d 0.495665 503493 26963 1070190
KhQh 0.495253 510079 19935.5 1070190
KsQs 0.495253 510079 19935.5 1070190
KhQs 0.495253 510079 19935.5 1070190
KsQh 0.495253 510079 19935.5 1070190
Kd4c 0.495078 497331 32496.5 1070190
Kc8h 0.494854 502651 26936.5 1070190
Kc8s 0.494854 502651 26936.5 1070190
Kd6c 0.4948 498518 31012 1070190
Kd6d 0.494502 499338 29873.5 1070190
Kd9d 0.494433 505350 23787.5 1070190
Ks4c 0.494433 496737 32400.5 1070190
Kh4c 0.494433 496737 32400.5 1070190
Kh6c 0.494153 497919 30919 1070190
Ks6c 0.494153 497919 30919 1070190
Kd7c 0.492098 497690 28948.5 1070190
Ks7c 0.491441 497074 28861.5 1070190
Kh7c 0.491441 497074 28861.5 1070190
Kd7d 0.490792 497362 27879 1070190
Kd8c 0.489042 496834 26534 1070190
Kh8c 0.48837 496194 26454.5 1070190
Ks8c 0.48837 496194 26454.5 1070190
KsJd 0.487048 499958 21275.5 1070190
KhJd 0.487048 499958 21275.5 1070190
KdJh 0.486992 499867 21307 1070190
KdJs 0.486992 499867 21307 1070190
Kd8d 0.486758 495384 25539.5 1070190
KhJs 0.48623 499110 21249 1070190
KsJh 0.48623 499110 21249 1070190
KsJs 0.48623 499110 21249 1070190
KhJh 0.48623 499110 21249 1070190
2d2c 0.484657 499657 19018 1070190
2h2c 0.484329 499336 18988.5 1070190
2s2c 0.484329 499336 18988.5 1070190
8c2c 0.48133 489556 25559 1070190
Kc2d 0.480062 481177 32580.5 1070190
Kc2s 0.479389 480494 32543.5 1070190
Kc2h 0.479389 480494 32543.5 1070190
KhTd 0.478035 488645 22943.5 1070190
KsTd 0.478035 488645 22943.5 1070190
KdTs 0.477949 488515 22981 1070190
KdTh 0.477949 488515 22981 1070190
KsTs 0.477218 487797 22917 1070190
KhTs 0.477218 487797 22917 1070190
KhTh 0.477218 487797 22917 1070190
KsTh 0.477218 487797 22917 1070190
Kh4d 0.472499 472928 32736 1070190
Ks4d 0.472499 472928 32736 1070190
Kd4h 0.472427 472791 32795.5 1070190
Kd4s 0.472427 472791 32795.5 1070190
Ks4s 0.471782 472197 32699.5 1070190
Ks4h 0.471782 472197 32699.5 1070190
Kh4s 0.471782 472197 32699.5 1070190
Kh4h 0.471782 472197 32699.5 1070190
Ks6d 0.47073 472553 31217.5 1070190
Kh6d 0.47073 472553 31217.5 1070190
Kd6h 0.470632 472389 31277 1070190
Kd6s 0.470632 472389 31277 1070190
Ks6h 0.469986 471790 31184 1070190
Kh6h 0.469986 471790 31184 1070190
Kh6s 0.469986 471790 31184 1070190
Ks6s 0.469986 471790 31184 1070190
Kd2d 0.46998 472073 30895 1070190
Kh9d 0.469715 477897 24787 1070190
Ks9d 0.469715 477897 24787 1070190
Kd9s 0.469604 477733 24832 1070190
Kd9h 0.469604 477733 24832 1070190
Ks9h 0.468903 477055 24760.5 1070190
Ks9s 0.468903 477055 24760.5 1070190
Kh9s 0.468903 477055 24760.5 1070190
Kh9h 0.468903 477055 24760.5 1070190
Kd2c 0.467304 468060 32044 1070190
2s2d 0.466751 480575 18937.5 1070190
2h2d 0.466751 480575 18937.5 1070190
Ks2c 0.466679 467491 31944 1070190
Kh2c 0.466679 467491 31944 1070190
2s2h 0.466424 480254 18908 1070190
Ks7d 0.466416 470051 29103 1070190
Kh7d 0.466416 470051 29103 1070190
Kd7s 0.466295 469864 29160 1070190
Kd7h 0.466295 469864 29160 1070190
7c2c 0.465978 474727 23958 1070190
Kh7s 0.465638 469248 29073 1070190
Ks7h 0.465638 469248 29073 1070190
Ks7s 0.465638 469248 29073 1070190
Kh7h 0.465638 469248 29073 1070190
Kh8d 0.461725 467507 26627 1070190
Ks8d 0.461725 467507 26627 1070190
Kd8s 0.461586 467305 26680 1070190
Kd8h 0.461586 467305 26680 1070190
Kh8s 0.460914 466665 26600.5 1070190
Kh8h 0.460914 466665 26600.5 1070190
Ks8s 0.460914 466665 26600.5 1070190
Ks8h 0.460914 466665 26600.5 1070190
QcJd 0.458254 466857 23561.5 1070190
QcJh 0.457473 466051 23531.5 1070190
QcJs 0.457473 466051 23531.5 1070190
QdJc 0.456955 465625 23404 1070190
QhJc 0.456197 464868 23349.5 1070190
QsJc 0.456197 464868 23349.5 1070190
QdJd 0.451685 461086 22303 1070190
6d4d 0.451542 454143 29093 1070190
6c4d 0.450944 451991 30604.5 1070190
6c4s 0.450298 451355 30549 1070190
6c4h 0.450298 451355 30549 1070190
6d4c 0.449921 450972 30528.5 1070190
QcTd 0.449292 455580 25247.5 1070190
6h4c 0.449269 450341 30462 1070190
6s4c 0.449269 450341 30462 1070190
QcTs 0.448511 454774 25217.5 1070190
QcTh 0.448511 454774 25217.5 1070190
QdTc 0.446683 453015 25021 1070190
QsTc 0.445956 452297 24960.5 1070190
QhTc 0.445956 452297 24960.5 1070190
Kh2d 0.445653 444666 32267.5 1070190
Ks2d 0.445653 444666 32267.5 1070190
Kd2h 0.445605 444552 32330.5 1070190
Kd2s 0.445605 444552 32330.5 1070190
Qc4d 0.445439 441703 35001.5 1070190
Ks2h 0.44498 443983 32230.5 1070190
Ks2s 0.44498 443983 32230.5 1070190
Kh2h 0.44498 443983 32230.5 1070190
Kh2s 0.44498 443983 32230.5 1070190
Qc4s 0.444755 441011 34961.5 1070190
Qc4h 0.444755 441011 34961.5 1070190
QdTd 0.443012 450202 23905 1070190
Qc6d 0.442785 440360 33504.5 1070190
Qc6h 0.442075 439637 33467.5 1070190
Qc6s 0.442075 439637 33467.5 1070190
Qc9d 0.441022 444871 27106 1070190
Qc9s 0.440246 444071 27076 1070190
Qc9h 0.440246 444071 27076 1070190
Qd4d 0.4385 436096 33182 1070190
Qc7d 0.437883 437204 31413.5 1070190
Qc7s 0.437139 436442 31380 1070190
Qc7h 0.437139 436442 31380 1070190
Qd9c 0.437054 440922 26809 1070190
Qh9c 0.436357 440244 26741 1070190
Qs9c 0.436357 440244 26741 1070190
Qd6d 0.436212 435078 31752 1070190
Qd4c 0.436106 432160 34556.5 1070190
Qh4c 0.435465 431566 34464 1070190
Qs4c 0.435465 431566 34464 1070190
Qd9d 0.434981 439846 25666 1070190
Qd6c 0.43479 432236 33072 1070190
Qs6c 0.434147 431637 32982.5 1070190
Qh6c 0.434147 431637 32982.5 1070190
Qc8d 0.4331 434541 28958 1070190
Qc8s 0.432324 433741 28928 1070190
Qc8h 0.432324 433741 28928 1070190
Qd7d 0.431709 432253 29757.5 1070190
Qd7c 0.431268 430530 31008.5 1070190
Qs7c 0.430614 429914 30925 1070190
Qh7c 0.430614 429914 30925 1070190
6d4s 0.428426 428028 30469.5 1070190
6d4h 0.428426 428028 30469.5 1070190
6s4d 0.428421 428033 30458.5 1070190
6h4d 0.428421 428033 30458.5 1070190
Qd8c 0.427827 429262 28594 1070190
6h4h 0.427775 427397 30403 1070190
6s4h 0.427775 427397 30403 1070190
6s4s 0.427775 427397 30403 1070190
6h4s 0.427775 427397 30403 1070190
Qd8d 0.427305 429880 27418 1070190
Qh8c 0.427158 428622 28518 1070190
Qs8c 0.427158 428622 28518 1070190
QsJd 0.424639 431126 23318 1070190
QhJd 0.424639 431126 23318 1070190
QdJs 0.424616 431077 23342.5 1070190
QdJh 0.424616 431077 23342.5 1070190
QsJh 0.423857 430320 23288 1070190
QsJs 0.423857 430320 23288 1070190
QhJs 0.423857 430320 23288 1070190
QhJh 0.423857 430320 23288 1070190
4d2d 0.421637 428020 23212 1070190
4c2d 0.419844 424970 24343 1070190
4c2s 0.4193 424440 24290.5 1070190
4c2h 0.4193 424440 24290.5 1070190
Qc2d 0.418052 412925 34470.5 1070190
4d2c 0.417982 423010 24310.5 1070190
Qc2s 0.417421 412289 34430.5 1070190
Qc2h 0.417421 412289 34430.5 1070190
4s2c 0.417388 422429 24255 1070190
4h2c 0.417388 422429 24255 1070190
QsTd 0.415626 419813 24986 1070190
QhTd 0.415626 419813 24986 1070190
QdTh 0.415572 419725 25016.5 1070190
QdTs 0.415572 419725 25016.5 1070190
QsTs 0.414845 419007 24956 1070190
QsTh 0.414845 419007 24956 1070190
QhTh 0.414845 419007 24956 1070190
QhTs 0.414845 419007 24956 1070190
Qh4d 0.412404 406572 34778.5 1070190
Qs4d 0.412404 406572 34778.5 1070190
Qd4s 0.412361 406474 34831 1070190
Qd4h 0.412361 406474 34831 1070190
Qs4s 0.41172 405880 34738.5 1070190
Qs4h 0.41172 405880 34738.5 1070190
Qh4h 0.41172 405880 34738.5 1070190
Qh4s 0.41172 405880 34738.5 1070190
Qd2d 0.411036 407218 32668.5 1070190
Qs6d 0.409562 405049 33260 1070190
Qh6d 0.409562 405049 33260 1070190
Qd6s 0.409495 404925 33312.5 1070190
Qd6h 0.409495 404925 33312.5 1070190
Qh6s 0.408852 404326 33223 1070190
Qh6h 0.408852 404326 33223 1070190
Qs6h 0.408852 404326 33223 1070190
Qs6s 0.408852 404326 33223 1070190
Qs9d 0.407306 409065 26829.5 1070190
Qh9d 0.407306 409065 26829.5 1070190
Qd9h 0.407227 408943 26867.5 1070190
Qd9s 0.407227 408943 26867.5 1070190
Qd2c 0.406644 401190 33996 1070190
Qs9s 0.40653 408265 26799.5 1070190
Qs9h 0.40653 408265 26799.5 1070190
Qh9h 0.40653 408265 26799.5 1070190
Qh9s 0.40653 408265 26799.5 1070190
Qs2c 0.406022 400621 33900 1070190
Qh2c 0.406022 400621 33900 1070190
Qh7d 0.404402 401641 31145.5 1070190
Qs7d 0.404402 401641 31145.5 1070190
Qd7s 0.404312 401495 31195.5 1070190
Qd7h 0.404312 401495 31195.5 1070190
Qs7s 0.403658 400879 31112 1070190
Qs7h 0.403658 400879 31112 1070190
Qh7h 0.403658 400879 31112 1070190
Qh7s 0.403658 400879 31112 1070190
Qs8d 0.399316 398675 28669.5 1070190
Qh8d 0.399316 398675 28669.5 1070190
Qd8h 0.39921 398515 28715.5 1070190
Qd8s 0.39921 398515 28715.5 1070190
Qs8h 0.398541 397875 28639.5 1070190
Qh8s 0.398541 397875 28639.5 1070190
Qh8h 0.398541 397875 28639.5 1070190
Qs8s 0.398541 397875 28639.5 1070190
4d2s 0.397935 401651 24215 1070190
4d2h 0.397935 401651 24215 1070190
4h2d 0.397884 401600 24212 1070190
4s2d 0.397884 401600 24212 1070190
4h2h 0.39734 401070 24159.5 1070190
4h2s 0.39734 401070 24159.5 1070190
4s2h 0.39734 401070 24159.5 1070190
4s2s 0.39734 401070 24159.5 1070190
JcTd 0.395663 396936 26499 1070190
JcTs 0.394917 396170 26466 1070190
JcTh 0.394917 396170 26466 1070190
JdTc 0.394398 395747 26334 1070190
JhTc 0.393674 395029 26277 1070190
JsTc 0.393674 395029 26277 1070190
Jc4d 0.393387 384746 36253 1070190
Jc4h 0.392735 384091 36210 1070190
Jc4s 0.392735 384091 36210 1070190
JdTd 0.39216 394598 25087.5 1070190
Jc6d 0.389918 382530 34756 1070190
Jc6s 0.38924 381845 34716 1070190
Jc6h 0.38924 381845 34716 1070190
Jd4d 0.389179 382131 34364.5 1070190
Jc9d 0.387393 386227 28357.5 1070190
Jc9h 0.386652 385467 28324.5 1070190
Jc9s 0.386652 385467 28324.5 1070190
Jd6d 0.386098 380264 32934.5 1070190
Jd4c 0.385411 376594 35869.5 1070190
Jh4c 0.384773 376000 35780.5 1070190
Js4c 0.384773 376000 35780.5 1070190
Jd9c 0.384769 383654 28122 1070190
Jc7d 0.384417 378734 32665 1070190
Jd9d 0.384129 384242 26848.5 1070190
Jh9c 0.384075 382976 28057.5 1070190
Js9c 0.384075 382976 28057.5 1070190
Qs2d 0.383858 376597 34203.5 1070190
Qh2d 0.383858 376597 34203.5 1070190
Qd2s 0.383847 376530 34259.5 1070190
Qd2h 0.383847 376530 34259.5 1070190
Jc7s 0.383707 378011 32628.5 1070190
Jc7h 0.383707 378011 32628.5 1070190
Jd6c 0.383275 375792 34385 1070190
Qs2h 0.383226 375961 34163.5 1070190
Qs2s 0.383226 375961 34163.5 1070190
Qh2s 0.383226 375961 34163.5 1070190
Qh2h 0.383226 375961 34163.5 1070190
Js6c 0.382635 375193 34299 1070190
Jh6c 0.382635 375193 34299 1070190
Jd7d 0.381014 376817 30940 1070190
Jc8d 0.379471 375897 30209.5 1070190
Jd7c 0.37915 373441 32321.5 1070190
Jc8s 0.37873 375137 30176.5 1070190
Jc8h 0.37873 375137 30176.5 1070190
Js7c 0.3785 372825 32241.5 1070190
Jh7c 0.3785 372825 32241.5 1070190
Jd8d 0.376453 374276 28600.5 1070190
Jd8c 0.375542 371994 29907 1070190
Js8c 0.374876 371354 29834.5 1070190
Jh8c 0.374876 371354 29834.5 1070190
7d6d 0.372863 368861 30173.5 1070190
7c6d 0.371056 365309 31791.5 1070190
7c6s 0.370414 364670 31743.5 1070190
7c6h 0.370414 364670 31743.5 1070190
7d6c 0.370019 364337 31654 1070190
7h6c 0.369377 363718 31585.5 1070190
7s6c 0.369377 363718 31585.5 1070190
7d4d 0.366231 360882 31054.5 1070190
Jc2d 0.364676 354656 35617 1070190
7c4d 0.364544 357422 32709 1070190
Jc2s 0.364083 354064 35574.5 1070190
Jc2h 0.364083 354064 35574.5 1070190
7c4s 0.36393 356816 32658 1070190
7c4h 0.36393 356816 32658 1070190
JhTd 0.362313 361462 26281.5 1070190
JsTd 0.362313 361462 26281.5 1070190
JdTh 0.36229 361414 26305.5 1070190
JdTs 0.36229 361414 26305.5 1070190
7d4c 0.362288 355137 32580.5 1070190
7s4c 0.361654 354527 32511.5 1070190
7h4c 0.361654 354527 32511.5 1070190
JsTh 0.361566 360696 26248.5 1070190
JsTs 0.361566 360696 26248.5 1070190
JhTh 0.361566 360696 26248.5 1070190
JhTs 0.361566 360696 26248.5 1070190
Js4d 0.360726 349971 36074 1070190
Jh4d 0.360726 349971 36074 1070190
Jd4h 0.360712 349910 36120 1070190
Jd4s 0.360712 349910 36120 1070190
Jd2d 0.3604 351950 33746 1070190
Jh4s 0.360073 349316 36031 1070190
Js4s 0.360073 349316 36031 1070190
Js4h 0.360073 349316 36031 1070190
Jh4h 0.360073 349316 36031 1070190
Jh6d 0.357037 347542 34555.5 1070190
Js6d 0.357037 347542 34555.5 1070190
Jd6s 0.357 347456 34601.5 1070190
Jd6h 0.357 347456 34601.5 1070190
Js6h 0.35636 346857 34515.5 1070190
Jh6h 0.35636 346857 34515.5 1070190
Jh6s 0.35636 346857 34515.5 1070190
Js6s 0.35636 346857 34515.5 1070190
Jd2c 0.354612 344301 35201 1070190
Js2c 0.353994 343732 35109 1070190
Jh2c 0.353994 343732 35109 1070190
Jh9d 0.353992 350714 28125 1070190
Js9d 0.353992 350714 28125 1070190
Jd9s 0.353945 350632 28156.5 1070190
Jd9h 0.353945 350632 28156.5 1070190
Jh9h 0.353251 349954 28092 1070190
Js9s 0.353251 349954 28092 1070190
Js9h 0.353251 349954 28092 1070190
Jh9s 0.353251 349954 28092 1070190
Jh7d 0.351256 343470 32441 1070190
Js7d 0.351256 343470 32441 1070190
Jd7h 0.351197 343363 32484.5 1070190
Jd7s 0.351197 343363 32484.5 1070190
Js7h 0.350547 342747 32404.5 1070190
Js7s 0.350547 342747 32404.5 1070190
Jh7h 0.350547 342747 32404.5 1070190
Jh7s 0.350547 342747 32404.5 1070190
Tc4d 0.349096 336834 36765.5 1070190
Tc4h 0.348475 336214 36720 1070190
Tc4s 0.348475 336214 36720 1070190
Td4d 0.34734 336866 34853.5 1070190
Jh8d 0.346003 340324 29965 1070190
Js8d 0.346003 340324 29965 1070190
Jd8s 0.345928 340204 30004.5 1070190
Jd8h 0.345928 340204 30004.5 1070190
Jh8h 0.345262 339564 29932 1070190
Jh8s 0.345262 339564 29932 1070190
Js8h 0.345262 339564 29932 1070190
Js8s 0.345262 339564 29932 1070190
Tc6d 0.345029 333978 35268.5 1070190
7d6h 0.344651 337170 31672.5 1070190
7d6s 0.344651 337170 31672.5 1070190
7h6d 0.344651 337190 31652 1070190
7s6d 0.344651 337190 31652 1070190
Tc6s 0.344383 333329 35226 1070190
Tc6h 0.344383 333329 35226 1070190
7h6h 0.344009 336551 31604 1070190
7h6s 0.344009 336551 31604 1070190
7s6s 0.344009 336551 31604 1070190
7s6h 0.344009 336551 31604 1070190
Td6d 0.343678 334377 33423.5 1070190
Td4c 0.342473 330069 36442.5 1070190
Tc9d 0.342179 337327 28870 1070190
Ts4c 0.341839 329475 36357.5 1070190
Th4c 0.341839 329475 36357.5 1070190
Tc9s 0.341472 336605 28834.5 1070190
Tc9h 0.341472 336605 28834.5 1070190
Td9d 0.341394 338019 27337.5 1070190
Td9c 0.340894 336126 28695 1070190
Th9c 0.340204 335448 28634.5 1070190
Ts9c 0.340204 335448 28634.5 1070190
Td6c 0.339734 328622 34958 1070190
Tc7d 0.339148 329775 33177.5 1070190
Th6c 0.339098 328023 34876 1070190
Ts6c 0.339098 328023 34876 1070190
Tc7s 0.33847 329089 33138.5 1070190
Tc7h 0.33847 329089 33138.5 1070190
Td7d 0.338224 330535 31429 1070190
7d4h 0.338003 329115 32612 1070190
7d4s 0.338003 329115 32612 1070190
7h4d 0.337982 329111 32594 1070190
7s4d 0.337982 329111 32594 1070190
7s4s 0.337368 328505 32543 1070190
7h4s 0.337368 328505 32543 1070190
7h4h 0.337368 328505 32543 1070190
7s4h 0.337368 328505 32543 1070190
Td7c 0.335224 325859 32894.5 1070190
Th7c 0.334578 325243 32818.5 1070190
Ts7c 0.334578 325243 32818.5 1070190
Tc8d 0.334257 326997 30722 1070190
Td8d 0.333719 328053 29089.5 1070190
Tc8s 0.33355 326275 30686.5 1070190
Tc8h 0.33355 326275 30686.5 1070190
Td8c 0.331666 324466 30480 1070190
Ts8c 0.331004 323826 30411.5 1070190
Th8c 0.331004 323826 30411.5 1070190
Jd2s 0.330862 318643 35442 1070190
Jd2h 0.330862 318643 35442 1070190
Jh2d 0.330837 318666 35392.5 1070190
Js2d 0.330837 318666 35392.5 1070190
Js2s 0.330244 318074 35350 1070190
Jh2s 0.330244 318074 35350 1070190
Jh2h 0.330244 318074 35350 1070190
Js2h 0.330244 318074 35350 1070190
9d6d 0.321125 310611 33053.5 1070190
6d2d 0.32097 315088 28411 1070190
9c6d 0.320501 308130 34867.5 1070190
9c6s 0.319878 307507 34823 1070190
9c6h 0.319878 307507 34823 1070190
Tc2d 0.319411 305806 36024.5 1070190
Tc2h 0.318855 305255 35980 1070190
Tc2s 0.318855 305255 35980 1070190
6c2d 0.317979 310342 29955.5 1070190
Td2d 0.317588 305750 34130 1070190
6c2s 0.317464 309839 29907.5 1070190
6c2h 0.317464 309839 29907.5 1070190
Td4s 0.316954 302535 36666.5 1070190
Td4h 0.316954 302535 36666.5 1070190
Ts4d 0.316942 302561 36627 1070190
Th4d 0.316942 302561 36627 1070190
9d6c 0.316608 304207 34624 1070190
Th4s 0.31632 301941 36581.5 1070190
Ts4h 0.31632 301941 36581.5 1070190
Ts4s 0.31632 301941 36581.5 1070190
Th4h 0.31632 301941 36581.5 1070190
9s6c 0.315975 303605 34548 1070190
9h6c 0.315975 303605 34548 1070190
9d7d 0.315569 306492 31227 1070190
6d2c 0.314998 307264 29844 1070190
9c7d 0.314508 303628 32955.5 1070190
6s2c 0.314424 306711 29782 1070190
6h2c 0.314424 306711 29782 1070190
9c7h 0.313854 302969 32914.5 1070190
9c7s 0.313854 302969 32914.5 1070190
9d4d 0.313037 300442 34567.5 1070190
Ts6d 0.312633 299468 35108.5 1070190
Th6d 0.312633 299468 35108.5 1070190
Td6h 0.312623 299418 35148 1070190
Td6s 0.312623 299418 35148 1070190
9c4d 0.312578 298064 36454 1070190
Ts6s 0.311987 298819 35066 1070190
Th6s 0.311987 298819 35066 1070190
Ts6h 0.311987 298819 35066 1070190
Th6h 0.311987 298819 35066 1070190
9d7c 0.311986 301150 32734.5 1070190
9c4h 0.311985 297477 36406.5 1070190
9c4s 0.311985 297477 36406.5 1070190
9d8d 0.311489 304465 28887.5 1070190
9h7c 0.311343 300533 32663.5 1070190
9s7c 0.311343 300533 32663.5 1070190
Td2c 0.310688 296829 35666 1070190
Ts2c 0.310074 296260 35578.5 1070190
Th2c 0.310074 296260 35578.5 1070190
9c8d 0.310058 301321 30500 1070190
9c8s 0.309375 300627 30462.5 1070190
9c8h 0.309375 300627 30462.5 1070190
Ts9d 0.309252 302280 28678 1070190
Th9d 0.309252 302280 28678 1070190
Td9h 0.309234 302236 28703 1070190
Td9s 0.309234 302236 28703 1070190
9d8c 0.308859 300218 30320 1070190
Th9h 0.308544 301558 28642.5 1070190
Ts9s 0.308544 301558 28642.5 1070190
Th9s 0.308544 301558 28642.5 1070190
Ts9h 0.308544 301558 28642.5 1070190
9s8c 0.3082 299576 30256.5 1070190
9h8c 0.3082 299576 30256.5 1070190
9d4c 0.307354 292732 36195.5 1070190
9s4c 0.306729 292142 36116 1070190
9h4c 0.306729 292142 36116 1070190
Ts7d 0.306458 294974 32994 1070190
Th7d 0.306458 294974 32994 1070190
Td7s 0.306427 294904 33031 1070190
Td7h 0.306427 294904 33031 1070190
Ts7h 0.30578 294288 32955 1070190
Ts7s 0.30578 294288 32955 1070190
Th7h 0.30578 294288 32955 1070190
Th7s 0.30578 294288 32955 1070190
Th8d 0.301262 291890 30518 1070190
Ts8d 0.301262 291890 30518 1070190
Td8h 0.301217 291808 30551 1070190
Td8s 0.301217 291808 30551 1070190
Th8s 0.300555 291168 30482.5 1070190
Th8h 0.300555 291168 30482.5 1070190
Ts8h 0.300555 291168 30482.5 1070190
Ts8s 0.300555 291168 30482.5 1070190
8d6d 0.293566 282773 31398.5 1070190
6d2h 0.291396 282011 29838 1070190
6d2s 0.291396 282011 29838 1070190
6s2d 0.291336 281961 29824 1070190
6h2d 0.291336 281961 29824 1070190
8c6d 0.290902 278194 33126.5 1070190
6h2s 0.290821 281458 29776 1070190
6h2h 0.290821 281458 29776 1070190
6s2h 0.290821 281458 29776 1070190
6s2s 0.290821 281458 29776 1070190
8c6h 0.290303 277595 33084 1070190
8c6s 0.290303 277595 33084 1070190
9d6h 0.289298 274828 34776 1070190
9d6s 0.289298 274828 34776 1070190
9s6d 0.289288 274849 34744.5 1070190
9h6d 0.289288 274849 34744.5 1070190
9s6h 0.288665 274226 34700 1070190
9s6s 0.288665 274226 34700 1070190
9h6s 0.288665 274226 34700 1070190
9h6h 0.288665 274226 34700 1070190
8d6c 0.288375 275685 32931.5 1070190
8d7d 0.288067 278714 29572 1070190
8s6c 0.287748 275083 32862 1070190
8h6c 0.287748 275083 32862 1070190
Td2h 0.286126 270327 35882 1070190
Td2s 0.286126 270327 35882 1070190
Th2d 0.286069 270309 35839 1070190
Ts2d 0.286069 270309 35839 1070190
8d4d 0.285636 272772 32912.5 1070190
Th2s 0.285512 269758 35794.5 1070190
Th2h 0.285512 269758 35794.5 1070190
Ts2h 0.285512 269758 35794.5 1070190
Ts2s 0.285512 269758 35794.5 1070190
8c7d 0.284964 273751 31214.5 1070190
8c7s 0.284335 273117 31175.5 1070190
8c7h 0.284335 273117 31175.5 1070190
8d7c 0.283804 272682 31042 1070190
8h7c 0.283167 272065 30977.5 1070190
8s7c 0.283167 272065 30977.5 1070190
8c4d 0.283141 268302 34713 1070190
9h7d 0.283004 270059 32809 1070190
9s7d 0.283004 270059 32809 1070190
9d7s 0.282993 270017 32839 1070190
9d7h 0.282993 270017 32839 1070190
9d2d 0.282815 268927 33739 1070190
8c4s 0.282572 267738 34667.5 1070190
8c4h 0.282572 267738 34667.5 1070190
9c2d 0.282435 266651 35608 1070190
9h7h 0.28235 269400 32768 1070190
9s7s 0.28235 269400 32768 1070190
9h7s 0.28235 269400 32768 1070190
9s7h 0.28235 269400 32768 1070190
9c2s 0.281913 266138 35562 1070190
9c2h 0.281913 266138 35562 1070190
9d4h 0.281166 264517 36384.5 1070190
9d4s 0.281166 264517 36384.5 1070190
9h4d 0.281134 264514 36352.5 1070190
9s4d 0.281134 264514 36352.5 1070190
9h4s 0.280541 263927 36305 1070190
9s4h 0.280541 263927 36305 1070190
9s4s 0.280541 263927 36305 1070190
9h4h 0.280541 263927 36305 1070190
8d4c 0.279289 264389 34503 1070190
8s4c 0.278669 263799 34430 1070190
8h4c 0.278669 263799 34430 1070190
9h8d 0.27826 267458 30333 1070190
9s8d 0.27826 267458 30333 1070190
9d8h 0.278236 267406 30359 1070190
9d8s 0.278236 267406 30359 1070190
9s8h 0.277576 266764 30295.5 1070190
9h8s 0.277576 266764 30295.5 1070190
9s8s 0.277576 266764 30295.5 1070190
9h8h 0.277576 266764 30295.5 1070190
9d2c 0.275097 259095 35311 1070190
9h2c 0.274492 258529 35229.5 1070190
9s2c 0.274492 258529 35229.5 1070190
8d6s 0.260518 245769 33034.5 1070190
8d6h 0.260518 245769 33034.5 1070190
8s6d 0.26049 245766 33007.5 1070190
8h6d 0.26049 245766 33007.5 1070190
8s6s 0.25989 245167 32965 1070190
8h6s 0.25989 245167 32965 1070190
8h6h 0.25989 245167 32965 1070190
8s6h 0.25989 245167 32965 1070190
8d7s 0.254271 241021 31097.5 1070190
8d7h 0.254271 241021 31097.5 1070190
8s7d 0.254263 241038 31072 1070190
8h7d 0.254263 241038 31072 1070190
8d2d 0.254212 239312 32743.5 1070190
8s7h 0.253634 240404 31033 1070190
8h7h 0.253634 240404 31033 1070190
8s7s 0.253634 240404 31033 1070190
8h7s 0.253634 240404 31033 1070190
8d4h 0.252553 235637 34643 1070190
8d4s 0.252553 235637 34643 1070190
8s4d 0.252503 235611 34615.5 1070190
8h4d 0.252503 235611 34615.5 1070190
8h4h 0.251934 235047 34570 1070190
8s4h 0.251934 235047 34570 1070190
8s4s 0.251934 235047 34570 1070190
8h4s 0.251934 235047 34570 1070190
8c2d 0.251823 234947 34551 1070190
8c2s 0.251332 234469 34504 1070190
8c2h 0.251332 234469 34504 1070190
9d2h 0.249884 231930 35493.5 1070190
9d2s 0.249884 231930 35493.5 1070190
9h2d 0.249801 231877 35458 1070190
9s2d 0.249801 231877 35458 1070190
9s2h 0.249279 231364 35412 1070190
9h2h 0.249279 231364 35412 1070190
9h2s 0.249279 231364 35412 1070190
9s2s 0.249279 231364 35412 1070190
8d2c 0.245827 228765 34317 1070190
8h2c 0.245229 228199 34242.5 1070190
8s2c 0.245229 228199 34242.5 1070190
7d2d 0.233878 220027 30267 1070190
7c2d 0.230044 214253 31938 1070190
7c2h 0.229579 213799 31894 1070190
7c2s 0.229579 213799 31894 1070190
7d2c 0.22536 209413 31764.5 1070190
7h2c 0.224797 208876 31699.5 1070190
7s2c 0.224797 208876 31699.5 1070190
8d2s 0.220077 201064 34460.5 1070190
8d2h 0.220077 201064 34460.5 1070190
8s2d 0.219969 200976 34433 1070190
8h2d 0.219969 200976 34433 1070190
8s2h 0.219479 200498 34386 1070190
8h2h 0.219479 200498 34386 1070190
8h2s 0.219479 200498 34386 1070190
8s2s 0.219479 200498 34386 1070190
7d2s 0.199188 181312 31857.5 1070190
7d2h 0.199188 181312 31857.5 1070190
7h2d 0.199091 181229 31836.5 1070190
7s2d 0.199091 181229 31836.5 1070190
7h2h 0.198626 180775 31792.5 1070190
7h2s 0.198626 180775 31792.5 1070190
7s2s 0.198626 180775 31792.5 1070190
7s2h 0.198626 180775 31792.5 1070190
