4c2c 0.939337 987402 17867 1070190
4c2d 0.920864 963396 22103.5 1070190
4d2c 0.920151 962650 22086 1070190
4c2h 0.920079 962676 21983 1070190
4c2s 0.920079 962676 21983 1070190
4s2c 0.919407 961978 21962 1070190
4h2c 0.919407 961978 21962 1070190
4d2d 0.912445 955160 21330 1070190
4h2d 0.910976 953334 21583 1070190
4s2d 0.910976 953334 21583 1070190
4d2s 0.910934 953286 21586.5 1070190
4d2h 0.910934 953286 21586.5 1070190
4s2h 0.91019 952614 21462.5 1070190
4s2s 0.91019 952614 21462.5 1070190
4h2s 0.91019 952614 21462.5 1070190
4h2h 0.91019 952614 21462.5 1070190
AsAd 0.904584 961785 6292 1070190
AhAd 0.904584 961785 6292 1070190
5h5c 0.904402 961770 6112.5 1070190
5s5c 0.904402 961770 6112.5 1070190
AsAh 0.904224 961403 6288 1070190
5s5h 0.894851 951308 6352.5 1070190
3s3d 0.889137 945133 6412 1070190
3h3d 0.889137 945133 6412 1070190
3s3h 0.88877 944745 6408 1070190
Ad5c 0.869406 921784 8646 1070190
Ah5c 0.868965 921316 8642 1070190
As5c 0.868965 921316 8642 1070190
Ad5h 0.858842 910194 8930 1070190
Ad5s 0.858842 910194 8930 1070190
Ah5s 0.858401 909726 8926 1070190
Ah5h 0.858401 909726 8926 1070190
As5s 0.858401 909726 8926 1070190
As5h 0.858401 909726 8926 1070190
Ad3d 0.850581 899533 10750 1070190
Ah3d 0.84368 891664 11234 1070190
As3d 0.84368 891664 11234 1070190
Ad3h 0.843674 891658 11234 1070190
Ad3s 0.843674 891658 11234 1070190
Ah3s 0.843334 891320 11208 1070190
Ah3h 0.843334 891320 11208 1070190
As3s 0.843334 891320 11208 1070190
As3h 0.843334 891320 11208 1070190
AdKc 0.828381 877212 9313 1070190
AsKc 0.827643 876448 9287 1070190
AhKc 0.827643 876448 9287 1070190
AdQc 0.82105 868597 10082 1070190
Ad4c 0.820393 854476 23500 1070190
AhQc 0.820348 867876 10052 1070190
AsQc 0.820348 867876 10052 1070190
Ah4c 0.819832 853938 23438 1070190
As4c 0.819832 853938 23438 1070190
Ad4d 0.815174 849648 22743 1070190
AdJc 0.814002 860378 10759 1070190
AsJc 0.813335 859698 10725.5 1070190
AhJc 0.813335 859698 10725.5 1070190
Ad2c 0.812337 846684 22671 1070190
As2c 0.8118 846171 22609 1070190
Ah2c 0.8118 846171 22609 1070190
AdKd 0.810546 858325 9113 1070190
Ad2d 0.808257 843028 21960.5 1070190
As4d 0.807534 840561 23653.5 1070190
Ah4d 0.807534 840561 23653.5 1070190
Ad4s 0.807463 840503 23636 1070190
Ad4h 0.807463 840503 23636 1070190
AdTc 0.807239 852555 11344 1070190
5c3d 0.807128 851323 12457.5 1070190
As4h 0.806903 839965 23574 1070190
As4s 0.806903 839965 23574 1070190
Ah4h 0.806903 839965 23574 1070190
Ah4s 0.806903 839965 23574 1070190
5c3h 0.806723 850893 12453.5 1070190
5c3s 0.806723 850893 12453.5 1070190
AhTc 0.806606 851914 11307.5 1070190
AsTc 0.806606 851914 11307.5 1070190
AdQd 0.804762 851371 9877 1070190
AsKd 0.800921 847497 9641 1070190
AhKd 0.800921 847497 9641 1070190
AdKs 0.800862 847434 9641 1070190
AdKh 0.800862 847434 9641 1070190
Ad9c 0.80076 845128 11837 1070190
As9c 0.800159 844524 11798 1070190
Ah9c 0.800159 844524 11798 1070190
AhKh 0.800124 846670 9615 1070190
AsKh 0.800124 846670 9615 1070190
AsKs 0.800124 846670 9615 1070190
AhKs 0.800124 846670 9615 1070190
As2d 0.800001 833338 22815.5 1070190
Ah2d 0.800001 833338 22815.5 1070190
Ad2h 0.799883 833225 22801.5 1070190
Ad2s 0.799883 833225 22801.5 1070190
As2s 0.799345 832712 22739.5 1070190
As2h 0.799345 832712 22739.5 1070190
Ah2s 0.799345 832712 22739.5 1070190
Ah2h 0.799345 832712 22739.5 1070190
AdJd 0.799233 844781 10550 1070190
Ad6c 0.79756 845126 8415 1070190
As6c 0.797034 844603 8375 1070190
Ah6c 0.797034 844603 8375 1070190
Ad7c 0.796186 838694 13376 1070190
As7c 0.795636 838148 13333.5 1070190
Ah7c 0.795636 838148 13333.5 1070190
5s3d 0.795381 838653 12555.5 1070190
5h3d 0.795381 838653 12555.5 1070190
5s3s 0.794975 838223 12551.5 1070190
5s3h 0.794975 838223 12551.5 1070190
5h3s 0.794975 838223 12551.5 1070190
5h3h 0.794975 838223 12551.5 1070190
AhQd 0.794882 840242 10433 1070190
AsQd 0.794882 840242 10433 1070190
AdQs 0.794787 840136 10437 1070190
AdQh 0.794787 840136 10437 1070190
Ad8c 0.794565 838097 12238 1070190
AhQh 0.794085 839415 10407 1070190
AhQs 0.794085 839415 10407 1070190
AsQs 0.794085 839415 10407 1070190
AsQh 0.794085 839415 10407 1070190
As8c 0.793995 837528 12197 1070190
Ah8c 0.793995 837528 12197 1070190
AdTd 0.793959 838555 11132 1070190
Ad6d 0.789837 837013 8263 1070190
AhJd 0.789108 833365 11130.5 1070190
AsJd 0.789108 833365 11130.5 1070190
AdJh 0.788978 833218 11138 1070190
AdJs 0.788978 833218 11138 1070190
Ad9d 0.788946 832699 11623 1070190
AsJs 0.788311 832538 11104.5 1070190
AsJh 0.788311 832538 11104.5 1070190
AhJs 0.788311 832538 11104.5 1070190
AhJh 0.788311 832538 11104.5 1070190
Ad7d 0.787236 829378 13114.5 1070190
Ad8d 0.784188 827207 12023 1070190
AsTd 0.783599 826866 11733.5 1070190
AhTd 0.783599 826866 11733.5 1070190
AdTh 0.783435 826680 11744 1070190
AdTs 0.783435 826680 11744 1070190
AsTh 0.782802 826039 11707.5 1070190
AhTh 0.782802 826039 11707.5 1070190
AhTs 0.782802 826039 11707.5 1070190
AsTs 0.782802 826039 11707.5 1070190
As6d 0.779783 825884 8631.5 1070190
Ah6d 0.779783 825884 8631.5 1070190
Ad6h 0.779546 825620 8642 1070190
Ad6s 0.779546 825620 8642 1070190
Ah6h 0.77902 825097 8602 1070190
Ah6s 0.77902 825097 8602 1070190
As6s 0.77902 825097 8602 1070190
As6h 0.77902 825097 8602 1070190
Ah9d 0.778354 820745 12242 1070190
As9d 0.778354 820745 12242 1070190
Ad9s 0.778158 820522 12255 1070190
Ad9h 0.778158 820522 12255 1070190
As9h 0.777557 819918 12216 1070190
As9s 0.777557 819918 12216 1070190
Ah9h 0.777557 819918 12216 1070190
Ah9s 0.777557 819918 12216 1070190
As7d 0.776928 817647 13813.5 1070190
Ah7d 0.776928 817647 13813.5 1070190
Ad7h 0.776715 817406 13826.5 1070190
Ad7s 0.776715 817406 13826.5 1070190
Ah7s 0.776165 816860 13784 1070190
Ah7h 0.776165 816860 13784 1070190
As7h 0.776165 816860 13784 1070190
As7s 0.776165 816860 13784 1070190
Kc5c 0.773608 818357 9550.5 1070190
Ah8d 0.773375 815002 12656 1070190
As8d 0.773375 815002 12656 1070190
Ad8s 0.773148 814744 12671 1070190
Ad8h 0.773148 814744 12671 1070190
As8s 0.772578 814175 12630 1070190
Ah8h 0.772578 814175 12630 1070190
Ah8s 0.772578 814175 12630 1070190
As8h 0.772578 814175 12630 1070190
5c4c 0.771042 805098 20063.5 1070190
Qc5c 0.767297 811192 9961.5 1070190
5c2c 0.764871 798701 19856 1070190
Jc5c 0.761152 804001 10576.5 1070190
Tc5c 0.755308 797000 11323.5 1070190
9c5c 0.7499 790405 12130.5 1070190
6c5c 0.747063 787962 11537.5 1070190
7c5c 0.746094 784330 14132 1070190
KdKc 0.745374 791175 6517 1070190
8c5c 0.745062 784432 12925.5 1070190
KsKc 0.74463 790383 6513 1070190
KhKc 0.74463 790383 6513 1070190
QdQc 0.72625 770709 6517 1070190
QhQc 0.725507 769917 6513 1070190
QsQc 0.725507 769917 6513 1070190
KhKd 0.71524 758686 6757 1070190
KsKd 0.71524 758686 6757 1070190
KsKh 0.714496 757894 6753 1070190
JdJc 0.707153 750271 6517 1070190
JhJc 0.706409 749479 6513 1070190
JsJc 0.706409 749479 6513 1070190
QsQd 0.696966 739129 6757 1070190
QhQd 0.696966 739129 6757 1070190
QsQh 0.696222 738337 6753 1070190
TdTc 0.688082 729861 6517 1070190
ThTc 0.687338 729069 6513 1070190
TsTc 0.687338 729069 6513 1070190
Kc4c 0.684476 712040 20479.5 1070190
JsJd 0.678692 719572 6757 1070190
JhJd 0.678692 719572 6757 1070190
JsJh 0.677948 718780 6753 1070190
KcQc 0.677566 714859 10265.5 1070190
Kc2c 0.671101 698236 19970 1070190
KcJc 0.671022 707229 10892 1070190
9d9c 0.669036 709479 6517 1070190
9s9c 0.668293 708687 6513 1070190
9h9c 0.668293 708687 6513 1070190
KcTc 0.664729 699957 11429 1070190
5c4d 0.660634 677547 29456.5 1070190
ThTd 0.660417 700015 6757 1070190
TsTd 0.660417 700015 6757 1070190
5c4s 0.659995 676926 29394.5 1070190
5c4h 0.659995 676926 29394.5 1070190
TsTh 0.659674 699223 6753 1070190
5h4c 0.656971 673663 29420.5 1070190
5s4c 0.656971 673663 29420.5 1070190
Kc9c 0.653782 687794 11876.5 1070190
8d8c 0.650017 689125 6517 1070190
Qc4c 0.649938 675191 20366 1070190
5c2d 0.649739 666411 28933 1070190
8h8c 0.649273 688333 6513 1070190
8s8c 0.649273 688333 6513 1070190
5c2h 0.64906 665743 28875 1070190
5c2s 0.64906 665743 28875 1070190
Kc7c 0.648711 681258 12985.5 1070190
Kc8c 0.64799 681238 12234.5 1070190
Kc6c 0.647836 683293 10015 1070190
5s2c 0.645352 661769 28880 1070190
5h2c 0.645352 661769 28880 1070190
Kc5s 0.642711 673405 14418 1070190
Kc5h 0.642711 673405 14418 1070190
9h9d 0.642143 680458 6757 1070190
9s9d 0.642143 680458 6757 1070190
7d7c 0.642067 680032 7102 1070190
9s9h 0.641399 679666 6753 1070190
7s7c 0.641355 679278 7094 1070190
7h7c 0.641355 679278 7094 1070190
5s4d 0.640683 656241 29412 1070190
5h4d 0.640683 656241 29412 1070190
5h4h 0.640045 655620 29350 1070190
5h4s 0.640045 655620 29350 1070190
5s4s 0.640045 655620 29350 1070190
5s4h 0.640045 655620 29350 1070190
Qc5s 0.636642 666394 14934 1070190
Qc5h 0.636642 666394 14934 1070190
Qc2c 0.635929 660708 19856.5 1070190
Kd5c 0.632896 662692 14627.5 1070190
Ks5c 0.632087 661830 14623.5 1070190
Kh5c 0.632087 661830 14623.5 1070190
QcJc 0.631548 665098 10778.5 1070190
6d6c 0.631497 674179 1642.5 1070190
6s6c 0.630784 673424 1634.5 1070190
6h6c 0.630784 673424 1634.5 1070190
Jc5s 0.630395 658853 15789 1070190
Jc5h 0.630395 658853 15789 1070190
5h2d 0.62946 644796 28846 1070190
5s2d 0.62946 644796 28846 1070190
5h2s 0.628782 644128 28788 1070190
5s2h 0.628782 644128 28788 1070190
5s2s 0.628782 644128 28788 1070190
5h2h 0.628782 644128 28788 1070190
Qd5c 0.628078 656987 15175.5 1070190
Qs5c 0.627269 656125 15171.5 1070190
Qh5c 0.627269 656125 15171.5 1070190
QcTc 0.625255 657826 11315.5 1070190
Tc5s 0.624182 651124 16869 1070190
Tc5h 0.624182 651124 16869 1070190
8s8d 0.623869 660901 6757 1070190
8h8d 0.623869 660901 6757 1070190
8s8h 0.623125 660109 6753 1070190
Jd5c 0.623046 650698 16079.5 1070190
Jh5c 0.622237 649836 16075.5 1070190
Js5c 0.622237 649836 16075.5 1070190
6c5h 0.61989 646587 16813 1070190
6c5s 0.61989 646587 16813 1070190
Jc4c 0.619123 642416 20163 1070190
6d5c 0.619026 645120 17355.5 1070190
6h5c 0.618251 644299 17347.5 1070190
6s5c 0.618251 644299 17347.5 1070190
9c5h 0.618216 643549 18060 1070190
9c5s 0.618216 643549 18060 1070190
Td5c 0.618025 644185 17219.5 1070190
7s7d 0.617483 653490 7334 1070190
7h7d 0.617483 653490 7334 1070190
Th5c 0.617216 643323 17215.5 1070190
Ts5c 0.617216 643323 17215.5 1070190
7c5h 0.616837 638985 21147.5 1070190
7c5s 0.616837 638985 21147.5 1070190
7s7h 0.616771 652736 7326 1070190
7d5c 0.614737 636218 21667 1070190
Qc9c 0.614308 645663 11763 1070190
7h5c 0.613962 635397 21659 1070190
7s5c 0.613962 635397 21659 1070190
9d5c 0.61324 637808 18475.5 1070190
8c5s 0.612712 636470 19248 1070190
8c5h 0.612712 636470 19248 1070190
9h5c 0.612431 636946 18471.5 1070190
9s5c 0.612431 636946 18471.5 1070190
4d4c 0.611713 644034 10615.5 1070190
4s4c 0.611122 643463 10553.5 1070190
4h4c 0.611122 643463 10553.5 1070190
Kd5h 0.610957 639302 14538 1070190
Kd5s 0.610957 639302 14538 1070190
Kh5h 0.610148 638440 14534 1070190
Kh5s 0.610148 638440 14534 1070190
Ks5h 0.610148 638440 14534 1070190
Ks5s 0.610148 638440 14534 1070190
Qc7c 0.60947 639377 12872 1070190
8d5c 0.608915 631927 19727.5 1070190
Qc6c 0.608596 641412 9901.5 1070190
Qc8c 0.608516 639107 12121 1070190
8s5c 0.608106 631065 19723.5 1070190
8h5c 0.608106 631065 19723.5 1070190
6s6d 0.607979 649027 1626.5 1070190
6h6d 0.607979 649027 1626.5 1070190
7c4c 0.607555 632182 18017.5 1070190
6s6h 0.607266 648272 1618.5 1070190
Qd5h 0.606262 633749 15066 1070190
Qd5s 0.606262 633749 15066 1070190
Qs5h 0.605452 632887 15062 1070190
Qs5s 0.605452 632887 15062 1070190
Qh5s 0.605452 632887 15062 1070190
Qh5h 0.605452 632887 15062 1070190
6c4c 0.605398 638019 9871.5 1070190
Jc2c 0.604613 627397 19653.5 1070190
Jd5s 0.601356 627623 15942 1070190
Jd5h 0.601356 627623 15942 1070190
Jh5h 0.600547 626761 15938 1070190
Jh5s 0.600547 626761 15938 1070190
Js5h 0.600547 626761 15938 1070190
Js5s 0.600547 626761 15938 1070190
4c3d 0.600544 613117 29579.5 1070190
4c3s 0.599963 612585 29489.5 1070190
4c3h 0.599963 612585 29489.5 1070190
4d3d 0.598673 611883 28810.5 1070190
6d5s 0.598368 623485 16882 1070190
6d5h 0.598368 623485 16882 1070190
6h5s 0.597593 622664 16874 1070190
6h5h 0.597593 622664 16874 1070190
6s5s 0.597593 622664 16874 1070190
6s5h 0.597593 622664 16874 1070190
Td5s 0.596459 621275 17049 1070190
Td5h 0.596459 621275 17049 1070190
Ts5h 0.595649 620413 17045 1070190
Ts5s 0.595649 620413 17045 1070190
Th5s 0.595649 620413 17045 1070190
Th5h 0.595649 620413 17045 1070190
7d5s 0.59374 613987 21428 1070190
7d5h 0.59374 613987 21428 1070190
7s5s 0.592966 613166 21420 1070190
7s5h 0.592966 613166 21420 1070190
7h5s 0.592966 613166 21420 1070190
7h5h 0.592966 613166 21420 1070190
4s4d 0.592819 624115 10313.5 1070190
4h4d 0.592819 624115 10313.5 1070190
4s4h 0.592227 623544 10251.5 1070190
Tc4c 0.592031 613715 19870.5 1070190
9d5h 0.591788 615056 18270 1070190
9d5s 0.591788 615056 18270 1070190
9s5h 0.590979 614194 18266 1070190
9h5h 0.590979 614194 18266 1070190
9h5s 0.590979 614194 18266 1070190
9s5s 0.590979 614194 18266 1070190
JcTc 0.590575 620915 11112.5 1070190
8d5s 0.587564 609317 19488 1070190
8d5h 0.587564 609317 19488 1070190
3d2c 0.586768 599203 28750.5 1070190
8h5h 0.586755 608455 19484 1070190
8s5h 0.586755 608455 19484 1070190
8s5s 0.586755 608455 19484 1070190
8h5s 0.586755 608455 19484 1070190
3s2c 0.586204 598689 28660.5 1070190
3h2c 0.586204 598689 28660.5 1070190
3d2d 0.586164 599271 28036 1070190
4d3s 0.580144 590947 29917 1070190
4d3h 0.580144 590947 29917 1070190
4s3d 0.580125 590916 29927.5 1070190
4h3d 0.580125 590916 29927.5 1070190
Jc9c 0.579628 608752 11560 1070190
4h3s 0.579543 590384 29837.5 1070190
4h3h 0.579543 590384 29837.5 1070190
4s3s 0.579543 590384 29837.5 1070190
4s3h 0.579543 590384 29837.5 1070190
Tc2c 0.577154 598303 19361 1070190
Jc7c 0.57489 602573 12669 1070190
Kc3d 0.574054 599359 14988 1070190
Jc6c 0.574016 604608 9698.5 1070190
Jc8c 0.573836 602196 11918 1070190
Kc3h 0.573324 598604 14962 1070190
Kc3s 0.573324 598604 14962 1070190
9c4c 0.569364 589839 19488.5 1070190
Qc3d 0.566673 591002 15446 1070190
3s2d 0.566606 577289 29087 1070190
3h2d 0.566606 577289 29087 1070190
3d2h 0.56654 577204 29101 1070190
3d2s 0.56654 577204 29101 1070190
Qc3s 0.56598 590290 15416 1070190
Qc3h 0.56598 590290 15416 1070190
3h2h 0.565975 576690 29011 1070190
3s2s 0.565975 576690 29011 1070190
3h2s 0.565975 576690 29011 1070190
3s2h 0.565975 576690 29011 1070190
7c6c 0.565285 596945 8017.5 1070190
Kd3d 0.560829 585224 14969.5 1070190
Jc3d 0.559237 582230 16260 1070190
Jc3s 0.558582 581566 16223 1070190
Jc3h 0.558582 581566 16223 1070190
Qd3d 0.554866 578415 15397 1070190
9c2c 0.554353 574284 18979 1070190
Tc3d 0.55197 573403 17310 1070190
Tc3h 0.551353 572789 17264 1070190
Tc3s 0.551353 572789 17264 1070190
8c4c 0.550269 570358 18534.5 1070190
Tc9c 0.549742 577061 11267.5 1070190
Jd3d 0.548843 571189 16177.5 1070190
6c3d 0.546393 567623 17121 1070190
6c3h 0.545876 567149 17042.5 1070190
6c3s 0.545876 567149 17042.5 1070190
9c3d 0.545097 564881 18476 1070190
Tc7c 0.544971 570846 12376.5 1070190
9c3s 0.544516 564316 18420 1070190
9c3h 0.544516 564316 18420 1070190
Tc6c 0.544097 572881 9406 1070190
Tc8c 0.543951 570505 11625.5 1070190
7c3d 0.543739 560399 21505 1070190
7c3s 0.543208 559906 21430 1070190
7c3h 0.543208 559906 21430 1070190
Td3d 0.542981 563900 17193 1070190
6d3d 0.542721 563857 16958 1070190
7d3d 0.53886 555431 21252 1070190
8c3d 0.538841 557024 19638 1070190
8c3h 0.538293 556504 19572 1070190
8c3s 0.538293 556504 19572 1070190
9d3d 0.537506 556908 18325.5 1070190
Kd3h 0.537421 559645 15497.5 1070190
Kd3s 0.537421 559645 15497.5 1070190
Ks3d 0.537395 559617 15497.5 1070190
Kh3d 0.537395 559617 15497.5 1070190
Ks3s 0.536665 558862 15471.5 1070190
Ks3h 0.536665 558862 15471.5 1070190
Kh3s 0.536665 558862 15471.5 1070190
Kh3h 0.536665 558862 15471.5 1070190
8c2c 0.534607 553624 18507.5 1070190
8d3d 0.532633 550561 19457 1070190
Qd3h 0.531412 552759 15953 1070190
Qd3s 0.531412 552759 15953 1070190
Qs3d 0.53135 552688 15957 1070190
Qh3d 0.53135 552688 15957 1070190
Qs3h 0.530656 551976 15927 1070190
Qs3s 0.530656 551976 15927 1070190
Qh3h 0.530656 551976 15927 1070190
Qh3s 0.530656 551976 15927 1070190
Kc4d 0.528415 535771 29733 1070190
9c7c 0.528189 553268 11994.5 1070190
Kc4s 0.527862 535259 29653.5 1070190
Kc4h 0.527862 535259 29653.5 1070190
9c8c 0.527436 553213 11243.5 1070190
9c6c 0.527315 555303 9024 1070190
2d2c 0.526946 551076 12856.5 1070190
2s2c 0.526358 550505 12798.5 1070190
2h2c 0.526358 550505 12798.5 1070190
Jd3h 0.525304 545393 16782.5 1070190
Jd3s 0.525304 545393 16782.5 1070190
Js3d 0.525203 545274 16793.5 1070190
Jh3d 0.525203 545274 16793.5 1070190
Js3h 0.524548 544610 16756.5 1070190
Jh3h 0.524548 544610 16756.5 1070190
Jh3s 0.524548 544610 16756.5 1070190
Js3s 0.524548 544610 16756.5 1070190
6d3h 0.51992 538817 17596 1070190
6d3s 0.51992 538817 17596 1070190
7c2c 0.51983 538835 17482 1070190
6s3d 0.519711 538545 17645 1070190
6h3d 0.519711 538545 17645 1070190
Td3h 0.519331 537922 17861 1070190
Td3s 0.519331 537922 17861 1070190
6h3h 0.519195 538071 17566.5 1070190
6h3s 0.519195 538071 17566.5 1070190
6s3h 0.519195 538071 17566.5 1070190
6s3s 0.519195 538071 17566.5 1070190
Th3d 0.519192 537753 17881 1070190
Ts3d 0.519192 537753 17881 1070190
Th3h 0.518575 537139 17835 1070190
Th3s 0.518575 537139 17835 1070190
Ts3h 0.518575 537139 17835 1070190
Ts3s 0.518575 537139 17835 1070190
6c2c 0.516991 543943 9336 1070190
7d3s 0.515714 529734 22178.5 1070190
7d3h 0.515714 529734 22178.5 1070190
Kd4d 0.515626 522868 28950 1070190
7h3d 0.515522 529482 22224 1070190
7s3d 0.515522 529482 22224 1070190
7h3s 0.514991 528989 22149 1070190
7h3h 0.514991 528989 22149 1070190
7s3s 0.514991 528989 22149 1070190
7s3h 0.514991 528989 22149 1070190
Kd4c 0.513898 519901 30068 1070190
9d3s 0.513726 530721 19063.5 1070190
9d3h 0.513726 530721 19063.5 1070190
9s3d 0.51355 530503 19093.5 1070190
9h3d 0.51355 530503 19093.5 1070190
Kh4c 0.513344 519370 30006 1070190
Ks4c 0.513344 519370 30006 1070190
9h3h 0.51297 529938 19037.5 1070190
9s3h 0.51297 529938 19037.5 1070190
9s3s 0.51297 529938 19037.5 1070190
9h3s 0.51297 529938 19037.5 1070190
8d3s 0.508723 524165 20265 1070190
8d3h 0.508723 524165 20265 1070190
8s3d 0.508514 523902 20305 1070190
8h3d 0.508514 523902 20305 1070190
8c7c 0.508141 532767 11040.5 1070190
8h3s 0.507967 523382 20239 1070190
8h3h 0.507967 523382 20239 1070190
8s3h 0.507967 523382 20239 1070190
8s3s 0.507967 523382 20239 1070190
Kc2d 0.507789 514524 28906.5 1070190
8c6c 0.507267 534802 8070 1070190
Kc2h 0.507252 514026 28830.5 1070190
Kc2s 0.507252 514026 28830.5 1070190
2s2d 0.505932 528893 12550.5 1070190
2h2d 0.505932 528893 12550.5 1070190
2s2h 0.505344 528322 12492.5 1070190
KcQd 0.503293 523235 15384.5 1070190
KcQs 0.502593 522511 15358.5 1070190
KcQh 0.502593 522511 15358.5 1070190
KdQc 0.501806 521659 15368.5 1070190
KhQc 0.501109 520943 15338.5 1070190
KsQc 0.501109 520943 15338.5 1070190
Kd2d 0.495092 501698 28145 1070190
Kd4s 0.493845 498487 30021.5 1070190
Kd4h 0.493845 498487 30021.5 1070190
Ks4d 0.493844 498468 30039 1070190
Kh4d 0.493844 498468 30039 1070190
KcJd 0.49359 511888 16347 1070190
Ks4h 0.493291 497956 29959.5 1070190
Ks4s 0.493291 497956 29959.5 1070190
Kh4s 0.493291 497956 29959.5 1070190
Kh4h 0.493291 497956 29959.5 1070190
KcJh 0.492889 511164 16321 1070190
KcJs 0.492889 511164 16321 1070190
KdQd 0.491938 511582 14885.5 1070190
Kd2c 0.491923 497230 29221 1070190
Ks2c 0.491384 496715 29159 1070190
Kh2c 0.491384 496715 29159 1070190
KdJc 0.49076 508900 16306.5 1070190
KhJc 0.490098 508225 16273 1070190
KsJc 0.490098 508225 16273 1070190
KcTd 0.484272 501091 17172 1070190
KcTs 0.483571 500367 17146 1070190
KcTh 0.483571 500367 17146 1070190
KdJd 0.482621 500694 15802.5 1070190
KdTc 0.480116 496705 17110.5 1070190
Qc4d 0.479734 483817 29589.5 1070190
KhTc 0.479488 496069 17074 1070190
KsTc 0.479488 496069 17074 1070190
Qc4h 0.479206 483332 29510 1070190
Qc4s 0.479206 483332 29510 1070190
KdTd 0.473671 490330 16588.5 1070190
Kd2s 0.472282 476265 29166 1070190
Kd2h 0.472282 476265 29166 1070190
Kh2d 0.472279 476248 29180 1070190
Ks2d 0.472279 476248 29180 1070190
Kh2h 0.471742 475750 29104 1070190
Kh2s 0.471742 475750 29104 1070190
Ks2s 0.471742 475750 29104 1070190
Ks2h 0.471742 475750 29104 1070190
Qd4d 0.46964 473789 28814.5 1070190
Kc9d 0.467306 482247 17859.5 1070190
Qd4c 0.46665 469478 29926.5 1070190
Kc9s 0.466608 481526 17833.5 1070190
Kc9h 0.466608 481526 17833.5 1070190
KhQd 0.466339 483548 15523.5 1070190
KsQd 0.466339 483548 15523.5 1070190
KdQh 0.466335 483540 15527.5 1070190
KdQs 0.466335 483540 15527.5 1070190
Qs4c 0.466097 468947 29865 1070190
Qh4c 0.466097 468947 29865 1070190
KsQh 0.465638 482824 15497.5 1070190
KhQh 0.465638 482824 15497.5 1070190
KhQs 0.465638 482824 15497.5 1070190
KsQs 0.465638 482824 15497.5 1070190
Kc7d 0.462248 475082 19611 1070190
Kd9c 0.461827 476462 17780.5 1070190
Kc6d 0.461676 479391 14690.5 1070190
Kc7s 0.461581 474398 19581.5 1070190
Kc7h 0.461581 474398 19581.5 1070190
Kh9c 0.461231 475863 17741.5 1070190
Ks9c 0.461231 475863 17741.5 1070190
Kc6h 0.46101 478707 14661 1070190
Kc6s 0.46101 478707 14661 1070190
Kc8d 0.458759 472550 18409.5 1070190
Qc2d 0.458075 461464 28763 1070190
Kc8s 0.458061 471829 18383.5 1070190
Kc8h 0.458061 471829 18383.5 1070190
Qc2s 0.457565 460994 28687 1070190
Qc2h 0.457565 460994 28687 1070190
Kd9d 0.45719 472037 17243.5 1070190
KhJd 0.456637 472209 16479 1070190
KsJd 0.456637 472209 16479 1070190
KdJh 0.456598 472160 16486.5 1070190
KdJs 0.456598 472160 16486.5 1070190
KsJh 0.455936 471485 16453 1070190
KsJs 0.455936 471485 16453 1070190
KhJh 0.455936 471485 16453 1070190
KhJs 0.455936 471485 16453 1070190
Kd7c 0.453726 466048 19525 1070190
Kh7c 0.453182 465508 19482.5 1070190
Ks7c 0.453182 465508 19482.5 1070190
Kd7d 0.452234 465051 18925 1070190
Kd8c 0.451987 465395 18316.5 1070190
Kd6c 0.451893 468996 14615 1070190
Kd6d 0.451801 469395 14117.5 1070190
Kh8c 0.451421 464831 18275.5 1070190
Ks8c 0.451421 464831 18275.5 1070190
Kh6c 0.451372 468479 14575 1070190
Ks6c 0.451372 468479 14575 1070190
Kd8d 0.448981 462727 17767.5 1070190
Qd2d 0.4481 451543 28009.5 1070190
KsTd 0.447317 461416 17298 1070190
KhTd 0.447317 461416 17298 1070190
KdTh 0.447244 461328 17308.5 1070190
KdTs 0.447244 461328 17308.5 1070190
KhTh 0.446616 460692 17272 1070190
KsTs 0.446616 460692 17272 1070190
KsTh 0.446616 460692 17272 1070190
KhTs 0.446616 460692 17272 1070190
Qd4h 0.445697 447100 29880 1070190
Qd4s 0.445697 447100 29880 1070190
Qs4d 0.44567 447054 29898 1070190
Qh4d 0.44567 447054 29898 1070190
Qh4s 0.445143 446569 29818.5 1070190
Qh4h 0.445143 446569 29818.5 1070190
Qs4s 0.445143 446569 29818.5 1070190
Qs4h 0.445143 446569 29818.5 1070190
Qd2c 0.443637 445696 29079.5 1070190
Qs2c 0.443098 445181 29018 1070190
Qh2c 0.443098 445181 29018 1070190
QcJd 0.437246 451733 16203.5 1070190
QcJs 0.436578 451044 16177.5 1070190
QcJh 0.436578 451044 16177.5 1070190
Jc4d 0.436299 437614 29308.5 1070190
QdJc 0.435806 450230 16165 1070190
Jc4h 0.435796 437156 29229 1070190
Jc4s 0.435796 437156 29229 1070190
QhJc 0.435144 449555 16132 1070190
QsJc 0.435144 449555 16132 1070190
7c4d 0.431158 435664 25757 1070190
7c4h 0.430675 435228 25676.5 1070190
7c4s 0.430675 435228 25676.5 1070190
Kh9d 0.429971 442170 17980.5 1070190
Ks9d 0.429971 442170 17980.5 1070190
Kd9s 0.429869 442048 17993.5 1070190
Kd9h 0.429869 442048 17993.5 1070190
7d4d 0.429748 434723 25189 1070190
Kh9s 0.429273 441449 17954.5 1070190
Kh9h 0.429273 441449 17954.5 1070190
Ks9s 0.429273 441449 17954.5 1070190
Ks9h 0.429273 441449 17954.5 1070190
QdJd 0.429193 443651 15667 1070190
Jd4d 0.428742 430287 28548 1070190
6d4d 0.428448 444956 13565 1070190
6c4d 0.42805 444002 14093 1070190
QcTd 0.427928 440936 17028.5 1070190
6c4s 0.42754 443494 14054.5 1070190
6c4h 0.42754 443494 14054.5 1070190
QcTh 0.42726 440247 17002.5 1070190
QcTs 0.42726 440247 17002.5 1070190
7d4c 0.425642 429373 26145 1070190
Ks7d 0.42529 435387 19754.5 1070190
Kh7d 0.42529 435387 19754.5 1070190
Kd7h 0.425168 435243 19767.5 1070190
Kd7s 0.425168 435243 19767.5 1070190
QdTc 0.425162 438035 16969 1070190
7s4c 0.425067 428813 26089 1070190
7h4c 0.425067 428813 26089 1070190
Kh6d 0.424999 440209 14620.5 1070190
Ks6d 0.424999 440209 14620.5 1070190
Kd6s 0.424853 440042 14631 1070190
Kd6h 0.424853 440042 14631 1070190
Jd4c 0.424625 424778 29651 1070190
Ks7s 0.424624 434703 19725 1070190
Kh7h 0.424624 434703 19725 1070190
Kh7s 0.424624 434703 19725 1070190
Ks7h 0.424624 434703 19725 1070190
QhTc 0.424534 437399 16933 1070190
QsTc 0.424534 437399 16933 1070190
6d4c 0.424404 440212 13981 1070190
Kh6s 0.424332 439525 14591 1070190
Ks6h 0.424332 439525 14591 1070190
Ks6s 0.424332 439525 14591 1070190
Kh6h 0.424332 439525 14591 1070190
Jh4c 0.424072 424247 29590.5 1070190
Js4c 0.424072 424247 29590.5 1070190
6s4c 0.423832 439652 13928.5 1070190
6h4c 0.423832 439652 13928.5 1070190
Qd2h 0.423061 423731 29024.5 1070190
Qd2s 0.423061 423731 29024.5 1070190
Qs2d 0.423032 423686 29039 1070190
Qh2d 0.423032 423686 29039 1070190
Qh2s 0.422522 423216 28963 1070190
Qs2h 0.422522 423216 28963 1070190
Qs2s 0.422522 423216 28963 1070190
Qh2h 0.422522 423216 28963 1070190
Ks8d 0.421416 432469 18526.5 1070190
Kh8d 0.421416 432469 18526.5 1070190
Kd8h 0.421284 432312 18541.5 1070190
Kd8s 0.421284 432312 18541.5 1070190
Kh8h 0.420718 431748 18500.5 1070190
Kh8s 0.420718 431748 18500.5 1070190
Ks8s 0.420718 431748 18500.5 1070190
Ks8h 0.420718 431748 18500.5 1070190
QdTd 0.420243 433287 16453 1070190
Jc2d 0.413824 414388 28482 1070190
Jc2s 0.41334 413946 28406 1070190
Jc2h 0.41334 413946 28406 1070190
Qc9d 0.410963 422092 17716 1070190
Qc9s 0.410297 421406 17690 1070190
Qc9h 0.410297 421406 17690 1070190
Qd9c 0.406873 417792 17639 1070190
Jd2d 0.406409 407192 27743 1070190
Qc7d 0.406284 415334 19467.5 1070190
Qs9c 0.406277 417193 17600.5 1070190
Qh9c 0.406277 417193 17600.5 1070190
Qc6d 0.405713 419643 14547 1070190
Qc7s 0.405649 414684 19438 1070190
Qc7h 0.405649 414684 19438 1070190
Qc6h 0.405078 418993 14517.5 1070190
Qc6s 0.405078 418993 14517.5 1070190
7d4s 0.405007 407443 25991.5 1070190
7d4h 0.405007 407443 25991.5 1070190
7s4d 0.404914 407319 26016 1070190
7h4d 0.404914 407319 26016 1070190
7s4s 0.404431 406883 25935.5 1070190
7s4h 0.404431 406883 25935.5 1070190
7h4s 0.404431 406883 25935.5 1070190
7h4h 0.404431 406883 25935.5 1070190
Qd9d 0.403762 414994 17108 1070190
6d4h 0.403427 417808 13935.5 1070190
6d4s 0.403427 417808 13935.5 1070190
6s4d 0.403365 417756 13921.5 1070190
6h4d 0.403365 417756 13921.5 1070190
Jd4s 0.402885 401562 29601.5 1070190
Jd4h 0.402885 401562 29601.5 1070190
6s4s 0.402855 417248 13883 1070190
6h4h 0.402855 417248 13883 1070190
6s4h 0.402855 417248 13883 1070190
6h4s 0.402855 417248 13883 1070190
Jh4d 0.402835 401489 29620.5 1070190
Js4d 0.402835 401489 29620.5 1070190
Qc8d 0.402415 412395 18266 1070190
Jh4s 0.402332 401031 29541 1070190
Js4h 0.402332 401031 29541 1070190
Jh4h 0.402332 401031 29541 1070190
Js4s 0.402332 401031 29541 1070190
Qc8h 0.40175 411709 18240 1070190
Qc8s 0.40175 411709 18240 1070190
Jd2c 0.400791 400118 28804 1070190
QhJd 0.400581 412360 16338 1070190
QsJd 0.400581 412360 16338 1070190
QdJh 0.400575 412346 16345 1070190
QdJs 0.400575 412346 16345 1070190
Js2c 0.400253 399603 28743.5 1070190
Jh2c 0.400253 399603 28743.5 1070190
QhJs 0.399913 411671 16312 1070190
QhJh 0.399913 411671 16312 1070190
QsJh 0.399913 411671 16312 1070190
QsJs 0.399913 411671 16312 1070190
Qd7d 0.399174 408403 18789.5 1070190
Qd7c 0.399157 407790 19383.5 1070190
Qd6d 0.398741 412747 13982 1070190
Qs7c 0.398613 407250 19341.5 1070190
Qh7c 0.398613 407250 19341.5 1070190
Tc4d 0.398109 397162 28890 1070190
Tc4s 0.397632 396731 28810.5 1070190
Tc4h 0.397632 396731 28810.5 1070190
Qd6c 0.397323 410738 14473.5 1070190
Qd8c 0.397032 406725 18175 1070190
Qh6c 0.396803 410221 14434 1070190
Qs6c 0.396803 410221 14434 1070190
Qs8c 0.396467 406161 18134.5 1070190
Qh8c 0.396467 406161 18134.5 1070190
Qd8d 0.395552 405684 17632 1070190
Td4d 0.392933 392362 28150.5 1070190
QhTd 0.391261 401567 17157 1070190
QsTd 0.391261 401567 17157 1070190
QdTs 0.391221 401514 17167 1070190
QdTh 0.391221 401514 17167 1070190
QhTh 0.390593 400878 17131 1070190
QhTs 0.390593 400878 17131 1070190
QsTh 0.390593 400878 17131 1070190
QsTs 0.390593 400878 17131 1070190
Td4c 0.387821 385801 29241.5 1070190
Ts4c 0.38727 385270 29182.5 1070190
Th4c 0.38727 385270 29182.5 1070190
Jd2s 0.379404 377288 28746 1070190
Jd2h 0.379404 377288 28746 1070190
Jh2d 0.37935 377215 28761.5 1070190
Js2d 0.37935 377215 28761.5 1070190
Js2s 0.378866 376773 28685.5 1070190
Js2h 0.378866 376773 28685.5 1070190
Jh2s 0.378866 376773 28685.5 1070190
Jh2h 0.378866 376773 28685.5 1070190
JcTd 0.378516 388337 16747.5 1070190
JcTs 0.377881 387683 16721.5 1070190
JcTh 0.377881 387683 16721.5 1070190
JdTc 0.377117 386893 16693.5 1070190
JhTc 0.37649 386257 16658.5 1070190
JsTc 0.37649 386257 16658.5 1070190
Tc2d 0.375036 373296 28063.5 1070190
Tc2s 0.374578 372882 27987.5 1070190
Tc2h 0.374578 372882 27987.5 1070190
Qs9d 0.373915 382321 17839.5 1070190
Qh9d 0.373915 382321 17839.5 1070190
Qd9h 0.373846 382234 17852 1070190
Qd9s 0.373846 382234 17852 1070190
JdTd 0.373543 383575 16186.5 1070190
Qs9s 0.37325 381635 17813.5 1070190
Qs9h 0.37325 381635 17813.5 1070190
Qh9h 0.37325 381635 17813.5 1070190
Qh9s 0.37325 381635 17813.5 1070190
Td2d 0.370019 368645 27345.5 1070190
Qh7d 0.369629 375960 19613.5 1070190
Qs7d 0.369629 375960 19613.5 1070190
Qd7h 0.369538 375850 19626 1070190
Qd7s 0.369538 375850 19626 1070190
Qh6d 0.369338 380782 14479.5 1070190
Qs6d 0.369338 380782 14479.5 1070190
Qd6s 0.369223 380649 14489.5 1070190
Qd6h 0.369223 380649 14489.5 1070190
Qs7s 0.368994 375310 19584 1070190
Qs7h 0.368994 375310 19584 1070190
Qh7h 0.368994 375310 19584 1070190
Qh7s 0.368994 375310 19584 1070190
Qh6h 0.368703 380132 14450 1070190
Qh6s 0.368703 380132 14450 1070190
Qs6s 0.368703 380132 14450 1070190
Qs6h 0.368703 380132 14450 1070190
9c4d 0.366303 363680 28334 1070190
9c4s 0.365851 363276 28254.5 1070190
9c4h 0.365851 363276 28254.5 1070190
Td4h 0.365411 361873 29186 1070190
Td4s 0.365411 361873 29186 1070190
Qs8d 0.365361 372620 18385.5 1070190
Qh8d 0.365361 372620 18385.5 1070190
Th4d 0.365337 361773 29206.5 1070190
Ts4d 0.365337 361773 29206.5 1070190
Qd8h 0.36526 372498 18400 1070190
Qd8s 0.36526 372498 18400 1070190
Th4s 0.36486 361342 29127 1070190
Th4h 0.36486 361342 29127 1070190
Ts4h 0.36486 361342 29127 1070190
Ts4s 0.36486 361342 29127 1070190
Qs8s 0.364696 371934 18359.5 1070190
Qh8h 0.364696 371934 18359.5 1070190
Qh8s 0.364696 371934 18359.5 1070190
Qs8h 0.364696 371934 18359.5 1070190
Td2c 0.363385 360496 28394.5 1070190
9d4d 0.363334 361214 27622 1070190
Ts2c 0.362848 359981 28335.5 1070190
Th2c 0.362848 359981 28335.5 1070190
Jc9d 0.361551 369493 17435 1070190
Jc9s 0.360918 368842 17409 1070190
Jc9h 0.360918 368842 17409 1070190
Jd9c 0.358827 366650 17363.5 1070190
7d6d 0.358408 372512 11052.5 1070190
Js9c 0.358233 366051 17326 1070190
Jh9c 0.358233 366051 17326 1070190
9d4c 0.357384 353771 28698 1070190
Jd9d 0.357061 365282 16841.5 1070190
Jc7d 0.357035 362909 19186.5 1070190
9h4c 0.356836 353241 28641 1070190
9s4c 0.356836 353241 28641 1070190
7c6d 0.356722 370305 11455 1070190
Jc6d 0.356464 367218 14266 1070190
Jc7h 0.356432 362293 19157 1070190
Jc7s 0.356432 362293 19157 1070190
7c6h 0.356158 369732 11424.5 1070190
7c6s 0.356158 369732 11424.5 1070190
Jc6h 0.355861 366602 14236.5 1070190
Jc6s 0.355861 366602 14236.5 1070190
7d6c 0.355422 368960 11409 1070190
7s6c 0.354865 368401 11371.5 1070190
7h6c 0.354865 368401 11371.5 1070190
Jc8d 0.353004 359796 17985 1070190
Jd7d 0.352631 358859 18523 1070190
Jc8h 0.352371 359145 17959 1070190
Jc8s 0.352371 359145 17959 1070190
Jd6d 0.352198 363203 13715.5 1070190
Jd7c 0.351279 356827 19108 1070190
Js7c 0.350736 356287 19067 1070190
Jh7c 0.350736 356287 19067 1070190
Jd6c 0.349445 359775 14198 1070190
Jd8c 0.348987 355583 17899.5 1070190
Js6c 0.348926 359258 14159.5 1070190
Jh6c 0.348926 359258 14159.5 1070190
Jd8d 0.348852 355972 17365.5 1070190
Jh8c 0.348423 355019 17860 1070190
Js8c 0.348423 355019 17860 1070190
9c2d 0.343017 339586 27507.5 1070190
9c2s 0.342585 339200 27431.5 1070190
9c2h 0.342585 339200 27431.5 1070190
JsTd 0.342281 349426 16879.5 1070190
JhTd 0.342281 349426 16879.5 1070190
JdTs 0.342272 349408 16888.5 1070190
JdTh 0.342272 349408 16888.5 1070190
JhTh 0.341645 348772 16853.5 1070190
JhTs 0.341645 348772 16853.5 1070190
JsTs 0.341645 348772 16853.5 1070190
JsTh 0.341645 348772 16853.5 1070190
Td2s 0.34131 336936 28330.5 1070190
Td2h 0.34131 336936 28330.5 1070190
Ts2d 0.341231 336835 28347.5 1070190
Th2d 0.341231 336835 28347.5 1070190
Ts2s 0.340774 336421 28271.5 1070190
Th2s 0.340774 336421 28271.5 1070190
Ts2h 0.340774 336421 28271.5 1070190
Th2h 0.340774 336421 28271.5 1070190
9d2d 0.340208 337270 26817 1070190
8c4d 0.339504 336482 26851.5 1070190
8c4h 0.339073 336097 26775.5 1070190
8c4s 0.339073 336097 26775.5 1070190
8d4d 0.338599 336167 26198 1070190
9d4h 0.334463 329305 28633.5 1070190
9d4s 0.334463 329305 28633.5 1070190
9h4d 0.334366 329179 28656 1070190
9s4d 0.334366 329179 28656 1070190
9h4h 0.333914 328775 28576.5 1070190
9h4s 0.333914 328775 28576.5 1070190
9s4s 0.333914 328775 28576.5 1070190
9s4h 0.333914 328775 28576.5 1070190
9d2c 0.332725 328228 27851 1070190
9h2c 0.332191 327713 27794 1070190
9s2c 0.332191 327713 27794 1070190
8d4c 0.331947 328032 27214 1070190
8s4c 0.3314 327502 27159.5 1070190
8h4c 0.3314 327502 27159.5 1070190
7s6d 0.328159 339861 11332 1070190
7h6d 0.328159 339861 11332 1070190
7d6h 0.328153 339847 11339 1070190
7d6s 0.328153 339847 11339 1070190
7h6h 0.327596 339288 11301.5 1070190
7h6s 0.327596 339288 11301.5 1070190
7s6h 0.327596 339288 11301.5 1070190
7s6s 0.327596 339288 11301.5 1070190
Js9d 0.324935 330180 17562 1070190
Jh9d 0.324935 330180 17562 1070190
Jd9h 0.324897 330128 17573.5 1070190
Jd9s 0.324897 330128 17573.5 1070190
Js9h 0.324302 329529 17536 1070190
Js9s 0.324302 329529 17536 1070190
Jh9h 0.324302 329529 17536 1070190
Jh9s 0.324302 329529 17536 1070190
Js7d 0.320817 323999 19336 1070190
Jh7d 0.320817 323999 19336 1070190
Jd7h 0.320757 323923 19347.5 1070190
Jd7s 0.320757 323923 19347.5 1070190
Js6d 0.320525 328821 14202 1070190
Jh6d 0.320525 328821 14202 1070190
Jd6h 0.320441 328722 14211 1070190
Jd6s 0.320441 328722 14211 1070190
Jh7h 0.320214 323383 19306.5 1070190
Jh7s 0.320214 323383 19306.5 1070190
Js7h 0.320214 323383 19306.5 1070190
Js7s 0.320214 323383 19306.5 1070190
Js6s 0.319922 328205 14172.5 1070190
Js6h 0.319922 328205 14172.5 1070190
Jh6h 0.319922 328205 14172.5 1070190
Jh6s 0.319922 328205 14172.5 1070190
Tc9d 0.319071 324450 17016.5 1070190
Tc9s 0.318471 323834 16990.5 1070190
Tc9h 0.318471 323834 16990.5 1070190
Td9c 0.317691 323036 16954 1070190
Ts9c 0.317098 322437 16918 1070190
Th9c 0.317098 322437 16918 1070190
Td9d 0.317089 322901 16444 1070190
Js8d 0.31638 320479 18108 1070190
Jh8d 0.31638 320479 18108 1070190
Jd8s 0.316312 320392 18121.5 1070190
Jd8h 0.316312 320392 18121.5 1070190
Jh8h 0.315748 319828 18082 1070190
Jh8s 0.315748 319828 18082 1070190
Js8s 0.315748 319828 18082 1070190
Js8h 0.315748 319828 18082 1070190
8c2d 0.315155 310462 26814 1070190
8c2s 0.31475 310104 26738 1070190
8c2h 0.31475 310104 26738 1070190
Tc7d 0.3145 317807 18768 1070190
8d2d 0.314425 310337 26157.5 1070190
Tc7s 0.313929 317225 18738.5 1070190
Tc7h 0.313929 317225 18738.5 1070190
Tc6d 0.313929 322116 13847.5 1070190
Tc6s 0.313357 321534 13818 1070190
Tc6h 0.313357 321534 13818 1070190
Td7d 0.312603 316419 18125.5 1070190
Td6d 0.31217 320763 13318 1070190
Tc8d 0.310524 314753 17566.5 1070190
9d2s 0.310137 304127 27778 1070190
9d2h 0.310137 304127 27778 1070190
Td7c 0.310092 313159 18698.5 1070190
9s2d 0.310034 303998 27797 1070190
9h2d 0.310034 303998 27797 1070190
Tc8h 0.309924 314137 17540.5 1070190
Tc8s 0.309924 314137 17540.5 1070190
9h2h 0.309602 303612 27721 1070190
9s2s 0.309602 303612 27721 1070190
9h2s 0.309602 303612 27721 1070190
9s2h 0.309602 303612 27721 1070190
Ts7c 0.309551 312619 18659 1070190
Th7c 0.309551 312619 18659 1070190
Td8d 0.308879 313591 16968 1070190
8d4h 0.308592 303123 27129 1070190
8d4s 0.308592 303123 27129 1070190
8h4d 0.308477 302978 27150.5 1070190
8s4d 0.308477 302978 27150.5 1070190
Td6c 0.308259 316107 13788.5 1070190
8s4s 0.308046 302593 27074.5 1070190
8h4h 0.308046 302593 27074.5 1070190
8s4h 0.308046 302593 27074.5 1070190
8h4s 0.308046 302593 27074.5 1070190
Td8c 0.307851 311969 17490 1070190
Th6c 0.307741 315590 13751.5 1070190
Ts6c 0.307741 315590 13751.5 1070190
Th8c 0.307288 311405 17452 1070190
Ts8c 0.307288 311405 17452 1070190
8d2c 0.306199 300518 27173.5 1070190
8s2c 0.305667 300003 27119 1070190
8h2c 0.305667 300003 27119 1070190
7d2d 0.296779 292939 24671 1070190
7c2d 0.295529 291012 25260 1070190
7c2s 0.295145 290674 25187.5 1070190
7c2h 0.295145 290674 25187.5 1070190
6d2d 0.29461 302242 13047 1070190
9d7d 0.292673 295619 17597 1070190
9c7d 0.292549 294871 18212 1070190
9d6d 0.29224 299963 12789.5 1070190
9c7s 0.292002 294315 18182.5 1070190
9c7h 0.292002 294315 18182.5 1070190
9c6d 0.291978 299180 13291.5 1070190
6c2d 0.291513 298378 13596 1070190
9c6s 0.29143 298624 13262 1070190
9c6h 0.29143 298624 13262 1070190
6c2s 0.291101 297968 13565.5 1070190
6c2h 0.291101 297968 13565.5 1070190
9d7c 0.289485 291649 18155 1070190
9d8d 0.289374 293246 16439.5 1070190
9c8d 0.289013 292288 17010.5 1070190
9h7c 0.288942 291105 18117.5 1070190
9s7c 0.288942 291105 18117.5 1070190
9c8h 0.288438 291699 16984.5 1070190
9c8s 0.288438 291699 16984.5 1070190
7d2c 0.28834 282951 25627.5 1070190
7h2c 0.287842 282470 25576 1070190
7s2c 0.287842 282470 25576 1070190
9d8c 0.287675 290920 16946.5 1070190
9d6c 0.287652 294597 13245 1070190
9h6c 0.287132 294076 13210 1070190
9s6c 0.287132 294076 13210 1070190
9h8c 0.287109 290351 16910.5 1070190
9s8c 0.287109 290351 16910.5 1070190
6d2c 0.286286 292917 13463.5 1070190
6h2c 0.285792 292436 13415.5 1070190
6s2c 0.285792 292436 13415.5 1070190
8d2h 0.28317 275957 27088.5 1070190
8d2s 0.28317 275957 27088.5 1070190
8s2d 0.283043 275800 27110 1070190
8h2d 0.283043 275800 27110 1070190
Ts9d 0.283029 285747 17148 1070190
Th9d 0.283029 285747 17148 1070190
Td9h 0.283023 285730 17158 1070190
Td9s 0.283023 285730 17158 1070190
8s2s 0.282638 275442 27034 1070190
8s2h 0.282638 275442 27034 1070190
8h2s 0.282638 275442 27034 1070190
8h2h 0.282638 275442 27034 1070190
Th9h 0.282429 285131 17122 1070190
Th9s 0.282429 285131 17122 1070190
Ts9s 0.282429 285131 17122 1070190
Ts9h 0.282429 285131 17122 1070190
Th7d 0.278853 279504 18922 1070190
Ts7d 0.278853 279504 18922 1070190
Td7s 0.278823 279462 18932 1070190
Td7h 0.278823 279462 18932 1070190
Ts6d 0.278562 284326 13788 1070190
Th6d 0.278562 284326 13788 1070190
Td6h 0.278508 284261 13795.5 1070190
Td6s 0.278508 284261 13795.5 1070190
Ts7h 0.278282 278922 18892.5 1070190
Ts7s 0.278282 278922 18892.5 1070190
Th7h 0.278282 278922 18892.5 1070190
Th7s 0.278282 278922 18892.5 1070190
Ts6h 0.27799 283744 13758.5 1070190
Th6h 0.27799 283744 13758.5 1070190
Th6s 0.27799 283744 13758.5 1070190
Ts6s 0.27799 283744 13758.5 1070190
Th8d 0.274475 276046 17694 1070190
Ts8d 0.274475 276046 17694 1070190
Td8s 0.274437 275994 17706 1070190
Td8h 0.274437 275994 17706 1070190
Th8s 0.273875 275430 17668 1070190
Th8h 0.273875 275430 17668 1070190
Ts8h 0.273875 275430 17668 1070190
Ts8s 0.273875 275430 17668 1070190
8d7d 0.266574 269112 16173 1070190
8d6d 0.26614 273455 11365.5 1070190
7d2h 0.265032 258107 25527.5 1070190
7d2s 0.265032 258107 25527.5 1070190
7s2d 0.264918 257964 25548.5 1070190
7h2d 0.264918 257964 25548.5 1070190
7h2s 0.264534 257626 25476 1070190
7h2h 0.264534 257626 25476 1070190
7s2s 0.264534 257626 25476 1070190
7s2h 0.264534 257626 25476 1070190
8c7d 0.264342 266167 16729.5 1070190
8c7h 0.263823 265637 16703.5 1070190
8c7s 0.263823 265637 16703.5 1070190
8c6d 0.263771 270476 11809 1070190
8c6h 0.263251 269946 11783 1070190
8c6s 0.263251 269946 11783 1070190
8d7c 0.262602 264363 16671 1070190
6d2h 0.262583 267542 13471.5 1070190
6d2s 0.262583 267542 13471.5 1070190
6h2d 0.2625 267471 13454 1070190
6s2d 0.2625 267471 13454 1070190
6h2h 0.262089 267061 13423.5 1070190
6h2s 0.262089 267061 13423.5 1070190
6s2s 0.262089 267061 13423.5 1070190
6s2h 0.262089 267061 13423.5 1070190
8h7c 0.262061 263819 16636 1070190
8s7c 0.262061 263819 16636 1070190
8d6c 0.260769 267311 11761 1070190
8h6c 0.260251 266790 11728.5 1070190
8s6c 0.260251 266790 11728.5 1070190
9s7d 0.25818 257930 18371.5 1070190
9h7d 0.25818 257930 18371.5 1070190
9d7s 0.258176 257918 18379.5 1070190
9d7h 0.258176 257918 18379.5 1070190
9s6d 0.257888 262752 13237.5 1070190
9h6d 0.257888 262752 13237.5 1070190
9d6h 0.257861 262717 13243 1070190
9d6s 0.257861 262717 13243 1070190
9s7h 0.257633 257374 18342 1070190
9h7s 0.257633 257374 18342 1070190
9h7h 0.257633 257374 18342 1070190
9s7s 0.257633 257374 18342 1070190
9h6s 0.257341 262196 13208 1070190
9h6h 0.257341 262196 13208 1070190
9s6h 0.257341 262196 13208 1070190
9s6s 0.257341 262196 13208 1070190
9h8d 0.254253 254955 17143.5 1070190
9s8d 0.254253 254955 17143.5 1070190
9d8h 0.254243 254935 17153.5 1070190
9d8s 0.254243 254935 17153.5 1070190
9s8h 0.253678 254366 17117.5 1070190
9h8h 0.253678 254366 17117.5 1070190
9h8s 0.253678 254366 17117.5 1070190
9s8s 0.253678 254366 17117.5 1070190
8d7h 0.230868 230198 16875 1070190
8d7s 0.230868 230198 16875 1070190
8s7d 0.230847 230184 16866 1070190
8h7d 0.230847 230184 16866 1070190
8s6d 0.230555 235006 11732 1070190
8h6d 0.230555 235006 11732 1070190
8d6h 0.230553 234997 11738.5 1070190
8d6s 0.230553 234997 11738.5 1070190
8s7s 0.230327 229654 16840 1070190
8s7h 0.230327 229654 16840 1070190
8h7h 0.230327 229654 16840 1070190
8h7s 0.230327 229654 16840 1070190
8h6s 0.230036 234476 11706 1070190
8h6h 0.230036 234476 11706 1070190
8s6s 0.230036 234476 11706 1070190
8s6h 0.230036 234476 11706 1070190
