8s8c 0.921406 986079 0 1070190
8h8c 0.921406 986079 0 1070190
8s8h 0.921038 985686 0 1070190
3h3d 0.915911 980079 120 1070190
3s3d 0.915911 980079 120 1070190
5h5c 0.915293 979473 64.5 1070190
5s5c 0.915293 979473 64.5 1070190
5s5h 0.914917 979071 64.5 1070190
3s3h 0.908665 972324 120 1070190
8c5c 0.855775 913218 2624 1070190
AdAc 0.85118 909867 1057.5 1070190
AsAd 0.850394 909030 1053.5 1070190
AhAd 0.850394 909030 1053.5 1070190
8h5c 0.850337 907308 2714 1070190
8s5c 0.850337 907308 2714 1070190
8c5s 0.850328 907299 2714 1070190
8c5h 0.850328 907299 2714 1070190
8c3d 0.850031 904695 5000 1070190
8h5h 0.849982 906951 2691.5 1070190
8h5s 0.849982 906951 2691.5 1070190
8s5s 0.849982 906951 2691.5 1070190
8s5h 0.849982 906951 2691.5 1070190
8h3d 0.849685 904347 4977.5 1070190
8s3d 0.849685 904347 4977.5 1070190
8c3h 0.840809 894780 5045 1070190
8c3s 0.840809 894780 5045 1070190
8h3h 0.840462 894432 5022.5 1070190
8h3s 0.840462 894432 5022.5 1070190
8s3s 0.840462 894432 5022.5 1070190
8s3h 0.840462 894432 5022.5 1070190
5c3d 0.827851 880602 5355.5 1070190
5h3d 0.827496 880245 5333 1070190
5s3d 0.827496 880245 5333 1070190
AsAc 0.825095 881959 1049.5 1070190
AhAc 0.825095 881959 1049.5 1070190
AsAh 0.824309 881122 1045.5 1070190
KdKc 0.824134 881508 472.5 1070190
KhKd 0.823316 880632 472.5 1070190
KsKd 0.823316 880632 472.5 1070190
5c3h 0.818157 870183 5400.5 1070190
5c3s 0.818157 870183 5400.5 1070190
5s3h 0.817802 869826 5378 1070190
5h3h 0.817802 869826 5378 1070190
5s3s 0.817802 869826 5378 1070190
5h3s 0.817802 869826 5378 1070190
QdQc 0.805054 861088 472.5 1070190
QhQd 0.804241 860218 472.5 1070190
QsQd 0.804241 860218 472.5 1070190
KhKc 0.798176 853728 472.5 1070190
KsKc 0.798176 853728 472.5 1070190
KsKh 0.797358 852852 472.5 1070190
JdJc 0.785999 840696 472.5 1070190
JsJd 0.785192 839832 472.5 1070190
JhJd 0.785192 839832 472.5 1070190
QhQc 0.779967 834240 472.5 1070190
QsQc 0.779967 834240 472.5 1070190
QsQh 0.779154 833370 472.5 1070190
Ad8c 0.776353 826710 4135 1070190
Ad8s 0.775586 825912 4112.5 1070190
Ad8h 0.775586 825912 4112.5 1070190
TdTc 0.766348 819666 472.5 1070190
ThTd 0.765541 818802 472.5 1070190
TsTd 0.765541 818802 472.5 1070190
Kd8c 0.763977 813523 4078 1070190
Kd8h 0.76325 812771 4051.5 1070190
Kd8s 0.76325 812771 4051.5 1070190
JhJc 0.761757 814752 472.5 1070190
JsJc 0.761757 814752 472.5 1070190
JsJh 0.760949 813888 472.5 1070190
Ac8c 0.759695 808974 4043.5 1070190
9d9c 0.757447 809555 1057.5 1070190
Qd8c 0.756798 805160 4758 1070190
9h9d 0.756674 808731 1053.5 1070190
9s9d 0.756674 808731 1053.5 1070190
Qd8s 0.756107 804450 4728 1070190
Qd8h 0.756107 804450 4728 1070190
Jd8c 0.749903 797193 5346 1070190
Ad3d 0.749361 798405 3554 1070190
Jd8h 0.749246 796523 5313 1070190
Jd8s 0.749246 796523 5313 1070190
Kc8c 0.748562 797082 4022 1070190
Ac8s 0.746661 794835 4234 1070190
Ac8h 0.746661 794835 4234 1070190
As8c 0.746631 794806 4230.5 1070190
Ah8c 0.746631 794806 4230.5 1070190
As8h 0.745864 794008 4208 1070190
As8s 0.745864 794008 4208 1070190
Ah8s 0.745864 794008 4208 1070190
Ah8h 0.745864 794008 4208 1070190
9d8c 0.744217 789379 7075 1070190
9d8s 0.743617 788774 7037.5 1070190
9d8h 0.743617 788774 7037.5 1070190
Td8c 0.743009 789319 5842 1070190
TsTc 0.742846 794514 472.5 1070190
ThTc 0.742846 794514 472.5 1070190
Qc8c 0.74272 790159 4692 1070190
Td8s 0.742385 788687 5806.5 1070190
Td8h 0.742385 788687 5806.5 1070190
TsTh 0.742039 793650 472.5 1070190
Kd3d 0.737365 785540 3581 1070190
Jc8c 0.737158 783628 5271 1070190
9h9c 0.735115 785663 1049.5 1070190
9s9c 0.735115 785663 1049.5 1070190
Kc8h 0.734969 782369 4188 1070190
Kc8s 0.734969 782369 4188 1070190
Ks8c 0.734866 782254 4192 1070190
Kh8c 0.734866 782254 4192 1070190
9s9h 0.734341 784839 1045.5 1070190
Kh8h 0.734138 781502 4165.5 1070190
Kh8s 0.734138 781502 4165.5 1070190
Ks8s 0.734138 781502 4165.5 1070190
Ks8h 0.734138 781502 4165.5 1070190
9c8c 0.733762 778326 6938.5 1070190
Tc8c 0.73158 777171 5759 1070190
8c7d 0.731047 774143 8216 1070190
8c6d 0.730812 772843 9265 1070190
8h7d 0.730468 773563 8177 1070190
8s7d 0.730468 773563 8177 1070190
8s6d 0.730254 772286 9225 1070190
8h6d 0.730254 772286 9225 1070190
Qd3d 0.729595 776774 4031.5 1070190
Qc8s 0.729132 775424 4885.5 1070190
Qc8h 0.729132 775424 4885.5 1070190
Qs8c 0.728998 775273 4893 1070190
Qh8c 0.728998 775273 4893 1070190
Qh8s 0.728306 774563 4863 1070190
Qs8h 0.728306 774563 4863 1070190
Qh8h 0.728306 774563 4863 1070190
Qs8s 0.728306 774563 4863 1070190
Jc8s 0.723559 768857 5488.5 1070190
Jc8h 0.723559 768857 5488.5 1070190
Jh8c 0.723396 768672 5499 1070190
Js8c 0.723396 768672 5499 1070190
8c6c 0.723035 764760 9024.5 1070190
Js8s 0.722739 768002 5466 1070190
Js8h 0.722739 768002 5466 1070190
Jh8s 0.722739 768002 5466 1070190
Jh8h 0.722739 768002 5466 1070190
Jd3d 0.722429 768726 4410 1070190
8c7c 0.721841 764480 8027 1070190
9c8s 0.720703 764040 7249 1070190
9c8h 0.720703 764040 7249 1070190
9h8c 0.720517 763830 7260.5 1070190
9s8c 0.720517 763830 7260.5 1070190
9h8h 0.719917 763225 7223 1070190
9h8s 0.719917 763225 7223 1070190
9s8s 0.719917 763225 7223 1070190
9s8h 0.719917 763225 7223 1070190
8c4d 0.719761 758564 11717 1070190
8s4d 0.719257 758079 11662.5 1070190
8h4d 0.719257 758079 11662.5 1070190
Tc8h 0.717903 762296 5997 1070190
Tc8s 0.717903 762296 5997 1070190
Th8c 0.717707 762073 6010 1070190
Ts8c 0.717707 762073 6010 1070190
Ts8s 0.717083 761441 5974.5 1070190
Ts8h 0.717083 761441 5974.5 1070190
Th8s 0.717083 761441 5974.5 1070190
Th8h 0.717083 761441 5974.5 1070190
9d3d 0.715772 760566 5446.5 1070190
Td3d 0.715759 761282 4716.5 1070190
8c4c 0.713656 752299 11448.5 1070190
6d3d 0.711992 752633 9333.5 1070190
7d3d 0.711059 752533 8435.5 1070190
8c2d 0.710042 748935 10945 1070190
8h6c 0.709982 750346 9469.5 1070190
8s6c 0.709982 750346 9469.5 1070190
8c6s 0.709811 750156 9476.5 1070190
8c6h 0.709811 750156 9476.5 1070190
8h2d 0.709545 748457 10891 1070190
8s2d 0.709545 748457 10891 1070190
8s6h 0.709253 749599 9436.5 1070190
8s6s 0.709253 749599 9436.5 1070190
8h6h 0.709253 749599 9436.5 1070190
8h6s 0.709253 749599 9436.5 1070190
8h7c 0.708446 749765 8406.5 1070190
8s7c 0.708446 749765 8406.5 1070190
8c7s 0.708267 749564 8416 1070190
8c7h 0.708267 749564 8416 1070190
8h7h 0.707688 748984 8377 1070190
8h7s 0.707688 748984 8377 1070190
8s7s 0.707688 748984 8377 1070190
8s7h 0.707688 748984 8377 1070190
8c2c 0.706612 745496 10713 1070190
4d3d 0.705981 745976 9557.5 1070190
AdKd 0.705598 750784 4339.5 1070190
Ad4d 0.705101 744953 9639.5 1070190
8h4c 0.700183 737334 11994.5 1070190
8s4c 0.700183 737334 11994.5 1070190
8c4s 0.699974 737090 12015.5 1070190
8c4h 0.699974 737090 12015.5 1070190
AdQd 0.699588 744353 4339.5 1070190
8h4s 0.69947 736605 11961 1070190
8h4h 0.69947 736605 11961 1070190
8s4h 0.69947 736605 11961 1070190
8s4s 0.69947 736605 11961 1070190
AdJd 0.693579 737922 4339.5 1070190
8h2c 0.692548 729948 11209.5 1070190
8s2c 0.692548 729948 11209.5 1070190
8c2h 0.692299 729657 11234 1070190
8c2s 0.692299 729657 11234 1070190
3d2d 0.692211 731843 8954.5 1070190
8s2s 0.691801 729179 11180 1070190
8h2h 0.691801 729179 11180 1070190
8h2s 0.691801 729179 11180 1070190
8s2h 0.691801 729179 11180 1070190
Ad2d 0.690655 729975 9157 1070190
Ad9d 0.687585 731025 4822 1070190
AdTd 0.687463 731377 4339.5 1070190
Ad5c 0.683518 727274 4220.5 1070190
Ad5s 0.682751 726475 4198 1070190
Ad5h 0.682751 726475 4198 1070190
Ad7d 0.67819 718866 6926 1070190
7d7c 0.675414 721179 1642.5 1070190
7s7d 0.674708 720431 1634.5 1070190
7h7d 0.674708 720431 1634.5 1070190
Ad6d 0.67332 713475 7105 1070190
Kd5c 0.670432 713326 4163.5 1070190
Kd5h 0.669704 712574 4137 1070190
Kd5s 0.669704 712574 4137 1070190
Ac5c 0.667324 710034 4129 1070190
6d6c 0.666887 711468 2227.5 1070190
6h6d 0.666206 710752 2215.5 1070190
6s6d 0.666206 710752 2215.5 1070190
Qd5c 0.663253 704963 4843.5 1070190
Qd5s 0.662561 704253 4813.5 1070190
Qd5h 0.662561 704253 4813.5 1070190
Jd5c 0.656358 696996 5431.5 1070190
Jd5h 0.655701 696326 5398.5 1070190
Jd5s 0.655701 696326 5398.5 1070190
Kc5c 0.655493 697395 4107.5 1070190
KdQd 0.655429 697702 3731.5 1070190
9d5c 0.652706 691359 7160.5 1070190
9d5s 0.652106 690754 7123 1070190
9d5h 0.652106 690754 7123 1070190
7s7c 0.651368 695461 1626.5 1070190
7h7c 0.651368 695461 1626.5 1070190
7s7h 0.650662 694713 1618.5 1070190
Ah5c 0.649689 690975 4316 1070190
As5c 0.649689 690975 4316 1070190
Ac5h 0.649687 690969 4319.5 1070190
Ac5s 0.649687 690969 4319.5 1070190
Qc5c 0.649651 690472 4777.5 1070190
6d5c 0.649533 681224 13899.5 1070190
Td5c 0.649464 689122 5927.5 1070190
KdJd 0.64932 691164 3731.5 1070190
6d5h 0.648993 680714 13832 1070190
6d5s 0.648993 680714 13832 1070190
As5h 0.648922 690176 4293.5 1070190
As5s 0.648922 690176 4293.5 1070190
Ah5h 0.648922 690176 4293.5 1070190
Ah5s 0.648922 690176 4293.5 1070190
Td5h 0.64884 688490 5892 1070190
Td5s 0.64884 688490 5892 1070190
7d5c 0.647422 680558 12306.5 1070190
7d5s 0.646872 680031 12245 1070190
7d5h 0.646872 680031 12245 1070190
6h6c 0.644313 687334 2203.5 1070190
6s6c 0.644313 687334 2203.5 1070190
Jc5c 0.644089 683941 5356.5 1070190
6s6h 0.643633 686618 2191.5 1070190
Kd9d 0.643397 684343 4214 1070190
KdTd 0.643104 684512 3731.5 1070190
9c5c 0.642691 680778 7024 1070190
6c5c 0.641932 673370 13619 1070190
Tc5c 0.638511 677484 5844.5 1070190
7c5c 0.638426 671144 12093.5 1070190
7d6d 0.637876 676187 6461 1070190
Kc5h 0.63725 677705 4273.5 1070190
Kc5s 0.63725 677705 4273.5 1070190
Kh5c 0.63718 677626 4277.5 1070190
Ks5c 0.63718 677626 4277.5 1070190
Kh5s 0.636452 676874 4251 1070190
Ks5h 0.636452 676874 4251 1070190
Kh5h 0.636452 676874 4251 1070190
Ks5s 0.636452 676874 4251 1070190
Kd6d 0.634606 672170 6979.5 1070190
Kd7d 0.634308 672512 6318 1070190
5c4d 0.631832 661797 14383.5 1070190
Qc5h 0.631412 670760 4971 1070190
Qc5s 0.631412 670760 4971 1070190
Qs5c 0.631312 670645 4978.5 1070190
Qh5c 0.631312 670645 4978.5 1070190
5s4d 0.631309 661309 14311.5 1070190
5h4d 0.631309 661309 14311.5 1070190
Qs5h 0.63062 669935 4948.5 1070190
Qh5s 0.63062 669935 4948.5 1070190
Qs5s 0.63062 669935 4948.5 1070190
Qh5h 0.63062 669935 4948.5 1070190
5c4c 0.626083 655939 14089 1070190
Jc5h 0.625839 664193 5574 1070190
Jc5s 0.625839 664193 5574 1070190
Jh5c 0.62571 664044 5584.5 1070190
Js5c 0.62571 664044 5584.5 1070190
6c5s 0.6253 654933 14256.5 1070190
6c5h 0.6253 654933 14256.5 1070190
6s5c 0.625148 654736 14291 1070190
6h5c 0.625148 654736 14291 1070190
9c5s 0.625117 661659 7334.5 1070190
9c5h 0.625117 661659 7334.5 1070190
Js5h 0.625053 663374 5551.5 1070190
Js5s 0.625053 663374 5551.5 1070190
Jh5s 0.625053 663374 5551.5 1070190
Jh5h 0.625053 663374 5551.5 1070190
9s5c 0.624964 661484 7346 1070190
9h5c 0.624964 661484 7346 1070190
6s5s 0.624608 654226 14223.5 1070190
6s5h 0.624608 654226 14223.5 1070190
6h5h 0.624608 654226 14223.5 1070190
6h5s 0.624608 654226 14223.5 1070190
9s5s 0.624363 660879 7308.5 1070190
9s5h 0.624363 660879 7308.5 1070190
9h5s 0.624363 660879 7308.5 1070190
9h5h 0.624363 660879 7308.5 1070190
7c5s 0.621314 652293 12630.5 1070190
7c5h 0.621314 652293 12630.5 1070190
7h5c 0.621145 652081 12662.5 1070190
7s5c 0.621145 652081 12662.5 1070190
7h5s 0.620595 651554 12601 1070190
7s5s 0.620595 651554 12601 1070190
7s5h 0.620595 651554 12601 1070190
7h5h 0.620595 651554 12601 1070190
Tc5s 0.620184 657632 6082.5 1070190
Tc5h 0.620184 657632 6082.5 1070190
Th5c 0.620021 657445 6095.5 1070190
Ts5c 0.620021 657445 6095.5 1070190
5c2d 0.61973 649545 13683.5 1070190
Th5s 0.619397 656813 6060 1070190
Ts5s 0.619397 656813 6060 1070190
Ts5h 0.619397 656813 6060 1070190
Th5h 0.619397 656813 6060 1070190
QdJd 0.619349 659215 3606 1070190
5s2d 0.619214 649065 13612 1070190
5h2d 0.619214 649065 13612 1070190
Kd4d 0.61757 651912 9005.5 1070190
5c2c 0.616676 646537 13423.5 1070190
Qd9d 0.613428 652396 4088.5 1070190
QdTd 0.613133 652563 3606 1070190
6d4d 0.611506 646394 8033.5 1070190
5s4c 0.608476 636427 14757.5 1070190
5h4c 0.608476 636427 14757.5 1070190
5c4s 0.608314 636216 14796 1070190
5c4h 0.608314 636216 14796 1070190
5h4h 0.607791 635728 14724 1070190
5h4s 0.607791 635728 14724 1070190
5s4s 0.607791 635728 14724 1070190
5s4h 0.607791 635728 14724 1070190
Kd2d 0.602363 636120 8523 1070190
Ad3h 0.602097 639513 4845.5 1070190
Ad3s 0.602097 639513 4845.5 1070190
Qd6d 0.598727 633898 6854 1070190
5s2c 0.598336 626291 14042.5 1070190
5h2c 0.598336 626291 14042.5 1070190
5c2s 0.598135 626034 14084.5 1070190
5c2h 0.598135 626034 14084.5 1070190
Qd7d 0.598062 633847 6192.5 1070190
5h2s 0.59762 625554 14013 1070190
5h2h 0.59762 625554 14013 1070190
5s2h 0.59762 625554 14013 1070190
5s2s 0.59762 625554 14013 1070190
9d7d 0.59653 632558 5842 1070190
Ac3d 0.591323 627999 4828.5 1070190
As3d 0.590542 627172 4820 1070190
Ah3d 0.590542 627172 4820 1070190
9d6d 0.589965 625050 6324.5 1070190
Jd9d 0.5891 626486 3963 1070190
JdTd 0.589074 626941 3480.5 1070190
4d2d 0.586808 622161 5835 1070190
Kd3h 0.586788 623267 4707.5 1070190
Kd3s 0.586788 623267 4707.5 1070190
Qd4d 0.581786 613742 8880 1070190
Qd3h 0.578854 614179 5305 1070190
Qd3s 0.578854 614179 5305 1070190
Kc3d 0.576759 612511 4731 1070190
Ks3d 0.575945 611644 4727 1070190
Kh3d 0.575945 611644 4727 1070190
Jd7d 0.573736 607940 6067 1070190
Jd3h 0.571341 605634 5809.5 1070190
Jd3s 0.571341 605634 5809.5 1070190
4d4c 0.571165 608965 2290.5 1070190
4s4d 0.570531 608299 2278 1070190
4h4d 0.570531 608299 2278 1070190
Qc3d 0.570076 604741 5349 1070190
Qh3d 0.569269 603880 5345.5 1070190
Qs3d 0.569269 603880 5345.5 1070190
Ac3h 0.568737 603919 4737.5 1070190
Ac3s 0.568737 603919 4737.5 1070190
Ah3s 0.567956 603092 4729 1070190
Ah3h 0.567956 603092 4729 1070190
As3h 0.567956 603092 4729 1070190
As3s 0.567956 603092 4729 1070190
9d3s 0.567456 599918 7368 1070190
9d3h 0.567456 599918 7368 1070190
Jd6d 0.567446 600547 6728.5 1070190
6d3h 0.567386 593697 13514 1070190
6d3s 0.567386 593697 13514 1070190
Qd2d 0.566309 597661 8397.5 1070190
6c3d 0.565111 590955 13821.5 1070190
6s3d 0.564418 590226 13808.5 1070190
6h3d 0.564418 590226 13808.5 1070190
Td3h 0.563965 597329 6221 1070190
Td3s 0.563965 597329 6221 1070190
7d3s 0.56381 591335 12049 1070190
7d3h 0.56381 591335 12049 1070190
Jc3d 0.563796 597498 5871 1070190
Jh3d 0.562994 596643 5868 1070190
Js3d 0.562994 596643 5868 1070190
Td9d 0.562659 598797 3355 1070190
9c3d 0.562358 594391 7438.5 1070190
9s3d 0.56159 593576 7432.5 1070190
9h3d 0.56159 593576 7432.5 1070190
7c3d 0.559879 586841 12336 1070190
4d3h 0.559226 584572 13906 1070190
4d3s 0.559226 584572 13906 1070190
7h3d 0.559157 586078 12326.5 1070190
7s3d 0.559157 586078 12326.5 1070190
4c3d 0.558493 583456 14238 1070190
4s3d 0.557809 582736 14225.5 1070190
4h3d 0.557809 582736 14225.5 1070190
Tc3d 0.557579 590419 6297 1070190
Th3d 0.556778 589564 6294.5 1070190
Ts3d 0.556778 589564 6294.5 1070190
Kc3h 0.5541 588407 4585.5 1070190
Kc3s 0.5541 588407 4585.5 1070190
Kh3h 0.553286 587540 4581.5 1070190
Kh3s 0.553286 587540 4581.5 1070190
Ks3h 0.553286 587540 4581.5 1070190
Ks3s 0.553286 587540 4581.5 1070190
Ad4c 0.552734 577269 14261 1070190
7d4d 0.552139 582808 8086 1070190
Ad4s 0.552119 576649 14223.5 1070190
Ad4h 0.552119 576649 14223.5 1070190
Jd4d 0.550702 580601 8754.5 1070190
Qc3h 0.547584 580836 5182.5 1070190
Qc3s 0.547584 580836 5182.5 1070190
Td7d 0.547298 580254 5459 1070190
4s4c 0.546812 582926 2266.5 1070190
4h4c 0.546812 582926 2266.5 1070190
Qh3h 0.546776 579975 5179 1070190
Qh3s 0.546776 579975 5179 1070190
Qs3h 0.546776 579975 5179 1070190
Qs3s 0.546776 579975 5179 1070190
4s4h 0.546178 582260 2254 1070190
6c3s 0.544107 568756 13542 1070190
6c3h 0.544107 568756 13542 1070190
6s3s 0.543414 568027 13529 1070190
6h3h 0.543414 568027 13529 1070190
6h3s 0.543414 568027 13529 1070190
6s3h 0.543414 568027 13529 1070190
Jc3s 0.541461 573780 5686.5 1070190
Jc3h 0.541461 573780 5686.5 1070190
Td6d 0.541108 572968 6120.5 1070190
Js3h 0.54066 572925 5683.5 1070190
Jh3s 0.54066 572925 5683.5 1070190
Jh3h 0.54066 572925 5683.5 1070190
Js3s 0.54066 572925 5683.5 1070190
9c3h 0.540638 571328 7257.5 1070190
9c3s 0.540638 571328 7257.5 1070190
Ac4c 0.540478 564892 13522.5 1070190
Ac4d 0.540426 564266 14092.5 1070190
9h3s 0.539871 570513 7251.5 1070190
9s3s 0.539871 570513 7251.5 1070190
9s3h 0.539871 570513 7251.5 1070190
9h3h 0.539871 570513 7251.5 1070190
As4d 0.539823 563678 14035.5 1070190
Ah4d 0.539823 563678 14035.5 1070190
AdKc 0.539751 571231 6405 1070190
AdKh 0.538941 570387 6382.5 1070190
AdKs 0.538941 570387 6382.5 1070190
AcKd 0.538738 570184 6367.5 1070190
7c3s 0.538574 564330 12046 1070190
7c3h 0.538574 564330 12046 1070190
AhKd 0.537968 569390 6337.5 1070190
AsKd 0.537968 569390 6337.5 1070190
7s3h 0.537852 563567 12036.5 1070190
7s3s 0.537852 563567 12036.5 1070190
7h3s 0.537852 563567 12036.5 1070190
7h3h 0.537852 563567 12036.5 1070190
3d2c 0.537403 561823 13300.5 1070190
4c3h 0.537331 561101 13945.5 1070190
4c3s 0.537331 561101 13945.5 1070190
3d2h 0.536686 561063 13292.5 1070190
3d2s 0.536686 561063 13292.5 1070190
4s3h 0.536647 560381 13933 1070190
4s3s 0.536647 560381 13933 1070190
4h3s 0.536647 560381 13933 1070190
4h3h 0.536647 560381 13933 1070190
3s2d 0.535892 560554 12952 1070190
3h2d 0.535892 560554 12952 1070190
Tc3h 0.535386 566867 6097.5 1070190
Tc3s 0.535386 566867 6097.5 1070190
Jd2d 0.535089 564375 8272 1070190
Ts3h 0.534585 566012 6095 1070190
Th3s 0.534585 566012 6095 1070190
Ts3s 0.534585 566012 6095 1070190
Th3h 0.534585 566012 6095 1070190
Ad2c 0.532201 556084 13472 1070190
Ad2s 0.531557 555429 13438 1070190
Ad2h 0.531557 555429 13438 1070190
AdQc 0.531084 561956 6405 1070190
6d2d 0.530372 560110 7489 1070190
AdQs 0.53028 561118 6382.5 1070190
AdQh 0.53028 561118 6382.5 1070190
AcKc 0.528973 560095 6007 1070190
AcQd 0.528664 559403 6367.5 1070190
AsQd 0.527925 558643 6337.5 1070190
AhQd 0.527925 558643 6337.5 1070190
Td4d 0.52391 552054 8629 1070190
AdJc 0.522418 552681 6405 1070190
AdJs 0.521619 551849 6382.5 1070190
AdJh 0.521619 551849 6382.5 1070190
AcQc 0.520614 551149 6007 1070190
Ac2c 0.520152 543903 12758 1070190
AcJd 0.518616 548650 6367.5 1070190
Ah4c 0.518488 540752 14129 1070190
As4c 0.518488 540752 14129 1070190
Ac4h 0.518477 540720 14148.5 1070190
Ac4s 0.518477 540720 14148.5 1070190
AsJd 0.517909 547924 6337.5 1070190
AhJd 0.517909 547924 6337.5 1070190
As4h 0.517874 540132 14091.5 1070190
Ah4h 0.517874 540132 14091.5 1070190
Ah4s 0.517874 540132 14091.5 1070190
As4s 0.517874 540132 14091.5 1070190
Ac2d 0.516844 539835 13286 1070190
As2d 0.516248 539254 13229 1070190
Ah2d 0.516248 539254 13229 1070190
Ad9c 0.515642 544641 7194 1070190
3h2c 0.51555 538765 12971.5 1070190
3s2c 0.51555 538765 12971.5 1070190
Ad9h 0.514877 543848 7168 1070190
Ad9s 0.514877 543848 7168 1070190
3s2s 0.514832 538005 12963.5 1070190
3h2h 0.514832 538005 12963.5 1070190
3h2s 0.514832 538005 12963.5 1070190
3s2h 0.514832 538005 12963.5 1070190
AdTc 0.513412 543043 6405 1070190
AdTs 0.512613 542211 6382.5 1070190
AdTh 0.512613 542211 6382.5 1070190
AcJc 0.512255 542203 6007 1070190
Ac9d 0.509131 537693 7174 1070190
As9d 0.508481 537027 7144 1070190
Ah9d 0.508481 537027 7144 1070190
AcTd 0.508311 537622 6367.5 1070190
Td2d 0.508296 535827 8146.5 1070190
AhTd 0.507636 536930 6337.5 1070190
AsTd 0.507636 536930 6337.5 1070190
Ac9c 0.505617 534335 6771.5 1070190
Ad7c 0.505574 530664 10396.5 1070190
Ad7s 0.504901 529973 10367 1070190
Ad7h 0.504901 529973 10367 1070190
AhKc 0.503661 532705 6308.5 1070190
AsKc 0.503661 532705 6308.5 1070190
AcKh 0.503622 532655 6316 1070190
AcKs 0.503622 532655 6316 1070190
AcTc 0.503598 532939 6007 1070190
9d4d 0.503091 529989 8414 1070190
AsKs 0.502852 531861 6286 1070190
AhKh 0.502852 531861 6286 1070190
AhKs 0.502852 531861 6286 1070190
AsKh 0.502852 531861 6286 1070190
Ad6c 0.499591 524003 10654 1070190
Ad6s 0.498946 523346 10621 1070190
Ad6h 0.498946 523346 10621 1070190
As2c 0.497248 518839 13310.5 1070190
Ah2c 0.497248 518839 13310.5 1070190
Ac2h 0.4972 518765 13333.5 1070190
Ac2s 0.4972 518765 13333.5 1070190
Ac7d 0.49709 521657 10323.5 1070190
As2s 0.496604 518184 13276.5 1070190
As2h 0.496604 518184 13276.5 1070190
Ah2s 0.496604 518184 13276.5 1070190
Ah2h 0.496604 518184 13276.5 1070190
As7d 0.496479 521041 10286 1070190
Ah7d 0.496479 521041 10286 1070190
AhQc 0.495003 523439 6308.5 1070190
AsQc 0.495003 523439 6308.5 1070190
Ac7c 0.494955 519853 9843 1070190
AcQs 0.494937 523361 6316 1070190
AcQh 0.494937 523361 6316 1070190
AsQs 0.494199 522601 6286 1070190
AsQh 0.494199 522601 6286 1070190
AhQh 0.494199 522601 6286 1070190
AhQs 0.494199 522601 6286 1070190
9d2d 0.494037 520299 8414 1070190
Ac6d 0.489477 513224 10609 1070190
Ac6c 0.488993 513210 10105 1070190
Ah6d 0.48889 512631 10574 1070190
As6d 0.48889 512631 10574 1070190
AhJc 0.486345 514173 6308.5 1070190
AsJc 0.486345 514173 6308.5 1070190
AcJs 0.486253 514067 6316 1070190
AcJh 0.486253 514067 6316 1070190
AhJh 0.485546 513341 6286 1070190
AhJs 0.485546 513341 6286 1070190
AsJs 0.485546 513341 6286 1070190
AsJh 0.485546 513341 6286 1070190
Ah9c 0.479948 506509 7127 1070190
As9c 0.479948 506509 7127 1070190
Ac9h 0.479833 506382 7131 1070190
Ac9s 0.479833 506382 7131 1070190
As9h 0.479183 505716 7101 1070190
Ah9s 0.479183 505716 7101 1070190
Ah9h 0.479183 505716 7101 1070190
As9s 0.479183 505716 7101 1070190
AsTc 0.477339 504535 6308.5 1070190
AhTc 0.477339 504535 6308.5 1070190
AcTh 0.477215 504395 6316 1070190
AcTs 0.477215 504395 6316 1070190
AsTs 0.476541 503703 6286 1070190
AhTs 0.476541 503703 6286 1070190
AhTh 0.476541 503703 6286 1070190
AsTh 0.476541 503703 6286 1070190
Ah7c 0.469688 492320 10335 1070190
As7c 0.469688 492320 10335 1070190
Ac7s 0.469625 492245 10343 1070190
Ac7h 0.469625 492245 10343 1070190
7d2d 0.469588 495007 7541.5 1070190
Ah7s 0.469014 491629 10305.5 1070190
Ah7h 0.469014 491629 10305.5 1070190
As7h 0.469014 491629 10305.5 1070190
As7s 0.469014 491629 10305.5 1070190
KdQc 0.466302 493595 5437 1070190
KdQh 0.465534 492795 5414.5 1070190
KdQs 0.465534 492795 5414.5 1070190
KcQd 0.464789 491993 5419.5 1070190
2d2c 0.464756 495352 2025 1070190
2h2d 0.464091 494649 2017 1070190
2s2d 0.464091 494649 2017 1070190
KsQd 0.464018 491194 5393.5 1070190
KhQd 0.464018 491194 5393.5 1070190
As6c 0.463691 485626 10611.5 1070190
Ah6c 0.463691 485626 10611.5 1070190
Ac6s 0.463633 485562 10613.5 1070190
Ac6h 0.463633 485562 10613.5 1070190
7d6c 0.463604 487001 9143 1070190
As6h 0.463046 484969 10578.5 1070190
Ah6h 0.463046 484969 10578.5 1070190
Ah6s 0.463046 484969 10578.5 1070190
As6s 0.463046 484969 10578.5 1070190
7d6h 0.463014 486408 9104.5 1070190
7d6s 0.463014 486408 9104.5 1070190
7c6d 0.462111 485443 9104 1070190
7c6c 0.461908 485604 8725 1070190
7h6d 0.461515 484849 9059.5 1070190
7s6d 0.461515 484849 9059.5 1070190
KcQc 0.458701 485808 5089.5 1070190
KdJc 0.457468 484141 5437 1070190
KdJh 0.456705 483347 5414.5 1070190
KdJs 0.456705 483347 5414.5 1070190
KcJd 0.454579 481066 5419.5 1070190
KsJd 0.45384 480302 5393.5 1070190
KhJd 0.45384 480302 5393.5 1070190
Kd9c 0.450739 476150 6226 1070190
KcJc 0.450185 476694 5089.5 1070190
Kd9h 0.450008 475394 6200 1070190
Kd9s 0.450008 475394 6200 1070190
KdTc 0.448295 474324 5437 1070190
KdTs 0.447532 473530 5414.5 1070190
KdTh 0.447532 473530 5414.5 1070190
Kc9d 0.445154 470173 6226 1070190
Kh9d 0.444473 469471 6200 1070190
Ks9d 0.444473 469471 6200 1070190
KcTd 0.444111 469864 5419.5 1070190
Kc9c 0.443603 468885 5854 1070190
Kd6c 0.443578 464220 10492.5 1070190
KhTd 0.443406 469135 5393.5 1070190
KsTd 0.443406 469135 5393.5 1070190
Kd6s 0.442964 463596 10459.5 1070190
Kd6h 0.442964 463596 10459.5 1070190
KcTc 0.441372 467262 5089.5 1070190
Kd7c 0.441102 462634 9428.5 1070190
2h2c 0.440692 469621 2003 1070190
2s2c 0.440692 469621 2003 1070190
Kd7s 0.440462 461979 9399 1070190
Kd7h 0.440462 461979 9399 1070190
2s2h 0.440027 468918 1995 1070190
7c6s 0.437829 459556 9004 1070190
7c6h 0.437829 459556 9004 1070190
7h6c 0.437822 459555 8998 1070190
7s6c 0.437822 459555 8998 1070190
7h6h 0.437232 458962 8959.5 1070190
7s6h 0.437232 458962 8959.5 1070190
7s6s 0.437232 458962 8959.5 1070190
7h6s 0.437232 458962 8959.5 1070190
Kc6c 0.4357 456330 9952 1070190
Kc6d 0.434401 454442 10450 1070190
Ks6d 0.433783 453815 10415.5 1070190
Kh6d 0.433783 453815 10415.5 1070190
Kc7d 0.433552 454608 9375.5 1070190
Kc7c 0.433365 454857 8925.5 1070190
Kh7d 0.432913 453957 9342 1070190
Ks7d 0.432913 453957 9342 1070190
6c4c 0.431133 450320 11074 1070190
6d4c 0.43106 449671 11645.5 1070190
6d4h 0.430542 449155 11607 1070190
6d4s 0.430542 449155 11607 1070190
KcQh 0.429731 454555 5338.5 1070190
KcQs 0.429731 454555 5338.5 1070190
KsQc 0.429728 454556 5335 1070190
KhQc 0.429728 454556 5335 1070190
6c4d 0.429235 447841 11522.5 1070190
KhQs 0.42896 453756 5312.5 1070190
KsQh 0.42896 453756 5312.5 1070190
KsQs 0.42896 453756 5312.5 1070190
KhQh 0.42896 453756 5312.5 1070190
6s4d 0.428699 447323 11466.5 1070190
6h4d 0.428699 447323 11466.5 1070190
KhJc 0.420903 445111 5335 1070190
KsJc 0.420903 445111 5335 1070190
KcJh 0.420878 445081 5338.5 1070190
KcJs 0.420878 445081 5338.5 1070190
Kd4c 0.420281 436158 13622.5 1070190
KhJs 0.42014 444317 5312.5 1070190
KsJs 0.42014 444317 5312.5 1070190
KsJh 0.42014 444317 5312.5 1070190
KhJh 0.42014 444317 5312.5 1070190
Kd4h 0.419724 435595 13589.5 1070190
Kd4s 0.419724 435595 13589.5 1070190
QdJc 0.416092 440022 5275.5 1070190
QdJs 0.415357 439258 5253 1070190
QdJh 0.415357 439258 5253 1070190
QcJd 0.414607 438448 5260.5 1070190
Ks9c 0.414566 437511 6153.5 1070190
Kh9c 0.414566 437511 6153.5 1070190
Kc9h 0.414516 437457 6153.5 1070190
Kc9s 0.414516 437457 6153.5 1070190
QsJd 0.41387 437685 5235 1070190
QhJd 0.41387 437685 5235 1070190
Ks9s 0.413835 436755 6127.5 1070190
Ks9h 0.413835 436755 6127.5 1070190
Kh9h 0.413835 436755 6127.5 1070190
Kh9s 0.413835 436755 6127.5 1070190
Kc4c 0.412434 428491 12892 1070190
KhTc 0.41173 435294 5335 1070190
KsTc 0.41173 435294 5335 1070190
KcTh 0.411672 435229 5338.5 1070190
KcTs 0.411672 435229 5338.5 1070190
QcJc 0.411336 435271 4936.5 1070190
KsTh 0.410967 434500 5312.5 1070190
KhTh 0.410967 434500 5312.5 1070190
KhTs 0.410967 434500 5312.5 1070190
KsTs 0.410967 434500 5312.5 1070190
Qd9c 0.409307 431972 6064.5 1070190
Kc4d 0.409097 424338 13474 1070190
Qd9s 0.408604 431245 6038.5 1070190
Qd9h 0.408604 431245 6038.5 1070190
Kh4d 0.408525 423774 13425.5 1070190
Ks4d 0.408525 423774 13425.5 1070190
Kc6s 0.407594 425748 10454.5 1070190
Kc6h 0.407594 425748 10454.5 1070190
Kh6c 0.407589 425745 10453 1070190
Ks6c 0.407589 425745 10453 1070190
Kh6h 0.406975 425121 10420 1070190
Ks6h 0.406975 425121 10420 1070190
Kh6s 0.406975 425121 10420 1070190
Ks6s 0.406975 425121 10420 1070190
QdTc 0.406919 430205 5275.5 1070190
6c4s 0.406203 423211 11503 1070190
6c4h 0.406203 423211 11503 1070190
6s4c 0.406184 423209 11485.5 1070190
6h4c 0.406184 423209 11485.5 1070190
QdTh 0.406184 429441 5253 1070190
QdTs 0.406184 429441 5253 1070190
6h4s 0.405666 422693 11447 1070190
6s4s 0.405666 422693 11447 1070190
6s4h 0.405666 422693 11447 1070190
6h4h 0.405666 422693 11447 1070190
Qc9d 0.405132 427501 6067 1070190
Kc7h 0.404759 423803 9365.5 1070190
Ks7c 0.404759 423807 9361.5 1070190
Kc7s 0.404759 423803 9365.5 1070190
Kh7c 0.404759 423807 9361.5 1070190
Qc9c 0.404698 427403 5701 1070190
Qh9d 0.404453 426800 6041.5 1070190
Qs9d 0.404453 426800 6041.5 1070190
QcTd 0.40414 427246 5260.5 1070190
Ks7h 0.404119 423152 9332 1070190
Ks7s 0.404119 423152 9332 1070190
Kh7h 0.404119 423152 9332 1070190
Kh7s 0.404119 423152 9332 1070190
QhTd 0.403436 426518 5235 1070190
QsTd 0.403436 426518 5235 1070190
4c2c 0.403192 423572 7920.5 1070190
QcTc 0.402522 425839 4936.5 1070190
4d2c 0.401175 421032 8301 1070190
4d2s 0.400675 420536 8262.5 1070190
4d2h 0.400675 420536 8262.5 1070190
Kd2c 0.399029 414203 12833.5 1070190
Kd2h 0.398443 413606 12804 1070190
Kd2s 0.398443 413606 12804 1070190
4c2d 0.398211 417878 8283.5 1070190
4h2d 0.39774 417416 8241.5 1070190
4s2d 0.39774 417416 8241.5 1070190
9d7c 0.396235 415576 8470.5 1070190
9d7s 0.395642 414972 8440 1070190
9d7h 0.395642 414972 8440 1070190
9c7c 0.395214 414928 8026.5 1070190
9c7d 0.394386 413675 8392.5 1070190
9s7d 0.393733 413016 8353 1070190
9h7d 0.393733 413016 8353 1070190
Qd6c 0.392527 409748 10331 1070190
Qd6h 0.391944 409157 10298 1070190
Qd6s 0.391944 409157 10298 1070190
Kc2c 0.391313 406652 12127.5 1070190
Qd7c 0.389453 407522 9267 1070190
Qd7s 0.388845 406901 9237.5 1070190
Qd7h 0.388845 406901 9237.5 1070190
9d6c 0.387508 405448 9259.5 1070190
Qc6c 0.38736 404750 9799 1070190
9d6s 0.386943 404877 9225.5 1070190
9d6h 0.386943 404877 9225.5 1070190
9c6c 0.386646 404994 8791 1070190
Qc6d 0.384751 401466 10291 1070190
Kc2d 0.384656 398987 12667.5 1070190
Qc7c 0.384443 402655 8772.5 1070190
Qh6d 0.384136 400842 10257 1070190
Qs6d 0.384136 400842 10257 1070190
9c6d 0.384128 401891 9199 1070190
Kh2d 0.384089 398429 12619 1070190
Ks2d 0.384089 398429 12619 1070190
Kc4s 0.383621 396985 13562.5 1070190
Kc4h 0.383621 396985 13562.5 1070190
Kh4c 0.383606 396984 13547 1070190
Ks4c 0.383606 396984 13547 1070190
9h6d 0.383502 401260 9159.5 1070190
9s6d 0.383502 401260 9159.5 1070190
Qc7d 0.3833 400987 9216.5 1070190
Kh4s 0.383049 396421 13514 1070190
Kh4h 0.383049 396421 13514 1070190
Ks4s 0.383049 396421 13514 1070190
Ks4h 0.383049 396421 13514 1070190
Qs7d 0.382663 400339 9183.5 1070190
Qh7d 0.382663 400339 9183.5 1070190
QcJs 0.380416 401938 5179.5 1070190
QcJh 0.380416 401938 5179.5 1070190
QsJc 0.380414 401939 5176.5 1070190
QhJc 0.380414 401939 5176.5 1070190
QsJh 0.379679 401175 5154 1070190
QsJs 0.379679 401175 5154 1070190
QhJs 0.379679 401175 5154 1070190
QhJh 0.379679 401175 5154 1070190
4s2c 0.377555 395876 8179.5 1070190
4h2c 0.377555 395876 8179.5 1070190
4c2h 0.377526 395842 8183 1070190
4c2s 0.377526 395842 8183 1070190
4h2s 0.377055 395380 8141 1070190
4h2h 0.377055 395380 8141 1070190
4s2h 0.377055 395380 8141 1070190
4s2s 0.377055 395380 8141 1070190
Jd9c 0.376106 396602 5903 1070190
Jd9s 0.37543 395904 5877 1070190
Jd9h 0.37543 395904 5877 1070190
JdTc 0.374158 395306 5114 1070190
Qh9c 0.37402 394277 5995 1070190
Qs9c 0.37402 394277 5995 1070190
Qc9s 0.373995 394251 5994.5 1070190
Qc9h 0.373995 394251 5994.5 1070190
Jc9c 0.373781 394469 5548 1070190
JdTs 0.373451 394572 5091.5 1070190
JdTh 0.373451 394572 5091.5 1070190
Qh9s 0.373316 393550 5969 1070190
Qh9h 0.373316 393550 5969 1070190
Qs9h 0.373316 393550 5969 1070190
Qs9s 0.373316 393550 5969 1070190
Jc9d 0.373309 393604 5908 1070190
JcTd 0.372748 393810 5101.5 1070190
Js9d 0.372631 392903 5883 1070190
Jh9d 0.372631 392903 5883 1070190
JsTd 0.372044 393081 5076.5 1070190
JhTd 0.372044 393081 5076.5 1070190
JcTc 0.37203 393359 4783.5 1070190
QsTc 0.371241 392122 5176.5 1070190
QhTc 0.371241 392122 5176.5 1070190
QcTh 0.37121 392086 5179.5 1070190
QcTs 0.37121 392086 5179.5 1070190
QsTs 0.370506 391358 5154 1070190
QhTs 0.370506 391358 5154 1070190
QhTh 0.370506 391358 5154 1070190
QsTh 0.370506 391358 5154 1070190
Qd4c 0.369448 381919 13461 1070190
Qd4h 0.368922 381389 13428 1070190
Qd4s 0.368922 381389 13428 1070190
9c7s 0.366277 383644 8341.5 1070190
9c7h 0.366277 383644 8341.5 1070190
9s7c 0.366217 383589 8332.5 1070190
9h7c 0.366217 383589 8332.5 1070190
9h7s 0.365624 382985 8302 1070190
9h7h 0.365624 382985 8302 1070190
9s7s 0.365624 382985 8302 1070190
9s7h 0.365624 382985 8302 1070190
Qc4c 0.364306 377138 12739 1070190
Kh2c 0.361602 374254 12728.5 1070190
Ks2c 0.361602 374254 12728.5 1070190
Kc2s 0.361583 374215 12747.5 1070190
Kc2h 0.361583 374215 12747.5 1070190
Ks2s 0.361016 373657 12699 1070190
Ks2h 0.361016 373657 12699 1070190
Kh2h 0.361016 373657 12699 1070190
Kh2s 0.361016 373657 12699 1070190
Qc4d 0.359665 371595 13315 1070190
Qh4d 0.359096 371034 13267 1070190
Qs4d 0.359096 371034 13267 1070190
9c6h 0.357475 373410 9156.5 1070190
9c6s 0.357475 373410 9156.5 1070190
9s6c 0.357414 373350 9151 1070190
9h6c 0.357414 373350 9151 1070190
Qc6h 0.357032 371797 10295.5 1070190
Qc6s 0.357032 371797 10295.5 1070190
Qs6c 0.357001 371764 10294.5 1070190
Qh6c 0.357001 371764 10294.5 1070190
9s6h 0.356849 372779 9117 1070190
9s6s 0.356849 372779 9117 1070190
9h6h 0.356849 372779 9117 1070190
9h6s 0.356849 372779 9117 1070190
Qs6s 0.356418 371173 10261.5 1070190
Qs6h 0.356418 371173 10261.5 1070190
Qh6s 0.356418 371173 10261.5 1070190
Qh6h 0.356418 371173 10261.5 1070190
Jd7c 0.356192 372088 9105.5 1070190
Jd7s 0.35561 371494 9076 1070190
Jd7h 0.35561 371494 9076 1070190
Qc7s 0.353578 369189 9206.5 1070190
Qc7h 0.353578 369189 9206.5 1070190
Qs7c 0.353549 369162 9203 1070190
Qh7c 0.353549 369162 9203 1070190
Jc7c 0.353471 369662 8619.5 1070190
Qh7h 0.352942 368541 9173.5 1070190
Qs7h 0.352942 368541 9173.5 1070190
Qs7s 0.352942 368541 9173.5 1070190
Qh7s 0.352942 368541 9173.5 1070190
Jc7d 0.351432 367041 9057.5 1070190
Js7d 0.350797 366394 9025 1070190
Jh7d 0.350797 366394 9025 1070190
Jd6c 0.348067 362328 10169.5 1070190
Qd2c 0.347816 359557 12672 1070190
Jd6s 0.347514 361770 10136.5 1070190
Jd6h 0.347514 361770 10136.5 1070190
Qd2s 0.347262 358994 12642.5 1070190
Qd2h 0.347262 358994 12642.5 1070190
Jc6c 0.345421 360020 9646 1070190
Qc2c 0.342816 354904 11974.5 1070190
Jc9s 0.341881 360042 5835.5 1070190
Jc9h 0.341881 360042 5835.5 1070190
Js9c 0.341879 360039 5836.5 1070190
Jh9c 0.341879 360039 5836.5 1070190
Jc6d 0.341669 355519 10132 1070190
Jh9s 0.341202 359341 5810.5 1070190
Jh9h 0.341202 359341 5810.5 1070190
Js9s 0.341202 359341 5810.5 1070190
Js9h 0.341202 359341 5810.5 1070190
Js6d 0.341059 354899 10098.5 1070190
Jh6d 0.341059 354899 10098.5 1070190
JsTc 0.339552 358367 5018 1070190
JhTc 0.339552 358367 5018 1070190
JcTh 0.33955 358362 5020.5 1070190
JcTs 0.33955 358362 5020.5 1070190
JsTs 0.338845 357633 4995.5 1070190
JhTs 0.338845 357633 4995.5 1070190
JhTh 0.338845 357633 4995.5 1070190
JsTh 0.338845 357633 4995.5 1070190
Td9c 0.338577 357389 4952.5 1070190
Tc9c 0.338558 357691 4630.5 1070190
Td9s 0.337929 356718 4930 1070190
Td9h 0.337929 356718 4930 1070190
7c4c 0.337238 349522 11387 1070190
Tc9d 0.337098 355816 4942.5 1070190
Th9d 0.33642 355115 4918 1070190
Ts9d 0.33642 355115 4918 1070190
7d4c 0.336417 348031 11999.5 1070190
7d4h 0.335938 347552 11965.5 1070190
7d4s 0.335938 347552 11965.5 1070190
Qc2d 0.334838 345832 12508.5 1070190
Qh2d 0.334275 345277 12460.5 1070190
Qs2d 0.334275 345277 12460.5 1070190
Qc4h 0.333286 343276 13403.5 1070190
Qc4s 0.333286 343276 13403.5 1070190
Qh4c 0.333243 343245 13388.5 1070190
Qs4c 0.333243 343245 13388.5 1070190
7c4d 0.333022 344522 11874.5 1070190
Qh4s 0.332717 342715 13355.5 1070190
Qh4h 0.332717 342715 13355.5 1070190
Qs4s 0.332717 342715 13355.5 1070190
Qs4h 0.332717 342715 13355.5 1070190
7h4d 0.332522 344038 11823.5 1070190
7s4d 0.332522 344038 11823.5 1070190
Jd4c 0.325373 334911 13299.5 1070190
Jd4h 0.324877 334414 13266.5 1070190
Jd4s 0.324877 334414 13266.5 1070190
Jc4c 0.322736 332803 12586 1070190
Jc7s 0.321404 334916 9047.5 1070190
Jc7h 0.321404 334916 9047.5 1070190
Js7c 0.321352 334863 9044.5 1070190
Jh7c 0.321352 334863 9044.5 1070190
Jh7s 0.320769 334269 9015 1070190
Jh7h 0.320769 334269 9015 1070190
Js7h 0.320769 334269 9015 1070190
Js7s 0.320769 334269 9015 1070190
Td7c 0.318608 332816 8155 1070190
Tc7c 0.318193 332825 7702 1070190
Td7s 0.318053 332248 8129 1070190
Td7h 0.318053 332248 8129 1070190
Jc4d 0.316963 326055 13156 1070190
Js4d 0.316398 325497 13108.5 1070190
Jh4d 0.316398 325497 13108.5 1070190
Tc7d 0.315169 329199 8092 1070190
Ts7d 0.314535 328552 8060 1070190
Th7d 0.314535 328552 8060 1070190
6c2c 0.313453 324898 10556 1070190
Jc6h 0.313185 325031 10136.5 1070190
Jc6s 0.313185 325031 10136.5 1070190
Js6c 0.313127 324969 10136 1070190
Jh6c 0.313127 324969 10136 1070190
Js6h 0.312574 324411 10103 1070190
Jh6h 0.312574 324411 10103 1070190
Jh6s 0.312574 324411 10103 1070190
Js6s 0.312574 324411 10103 1070190
6d2c 0.310927 321606 11145.5 1070190
Qc2h 0.310855 320085 12588.5 1070190
Qc2s 0.310855 320085 12588.5 1070190
Qs2c 0.310845 320093 12570 1070190
Qh2c 0.310845 320093 12570 1070190
Td6c 0.310645 323230 9219 1070190
6d2h 0.310449 321124 11115 1070190
6d2s 0.310449 321124 11115 1070190
Tc6c 0.3103 323351 8728.5 1070190
Qs2s 0.310291 319530 12540.5 1070190
Qs2h 0.310291 319530 12540.5 1070190
Qh2h 0.310291 319530 12540.5 1070190
Qh2s 0.310291 319530 12540.5 1070190
Td6s 0.310119 322697 9189.5 1070190
Td6h 0.310119 322697 9189.5 1070190
7c4h 0.306931 316572 11902.5 1070190
7c4s 0.306931 316572 11902.5 1070190
7s4c 0.30691 316567 11885.5 1070190
7h4c 0.30691 316567 11885.5 1070190
7s4h 0.306431 316088 11851.5 1070190
7s4s 0.306431 316088 11851.5 1070190
7h4s 0.306431 316088 11851.5 1070190
7h4h 0.306431 316088 11851.5 1070190
6c2d 0.305913 316380 11005 1070190
Tc6d 0.305574 317856 9166.5 1070190
6s2d 0.305435 315920 10953.5 1070190
6h2d 0.305435 315920 10953.5 1070190
Tc9h 0.305052 321602 4861.5 1070190
Tc9s 0.305052 321602 4861.5 1070190
Ts9c 0.305022 321572 4859.5 1070190
Th9c 0.305022 321572 4859.5 1070190
Ts6d 0.304964 317236 9133.5 1070190
Th6d 0.304964 317236 9133.5 1070190
Th9s 0.304374 320901 4837 1070190
Th9h 0.304374 320901 4837 1070190
Ts9s 0.304374 320901 4837 1070190
Ts9h 0.304374 320901 4837 1070190
Jd2c 0.303577 312375 12510.5 1070190
Jd2s 0.303056 311846 12481 1070190
Jd2h 0.303056 311846 12481 1070190
Jc2c 0.301089 310401 11821.5 1070190
Jc2d 0.291969 300113 12349.5 1070190
Jh2d 0.291409 299561 12302 1070190
Js2d 0.291409 299561 12302 1070190
Jc4h 0.289833 296932 13244.5 1070190
Jc4s 0.289833 296932 13244.5 1070190
Jh4c 0.289763 296871 13230 1070190
Js4c 0.289763 296871 13230 1070190
Js4h 0.289267 296374 13197 1070190
Jh4h 0.289267 296374 13197 1070190
Jh4s 0.289267 296374 13197 1070190
Js4s 0.289267 296374 13197 1070190
Td4c 0.287269 294294 13138 1070190
Tc4c 0.286956 294664 12433 1070190
Td4s 0.286804 293830 13105 1070190
Td4h 0.286804 293830 13105 1070190
Tc7h 0.284516 296413 8073.5 1070190
Tc7s 0.284516 296413 8073.5 1070190
Th7c 0.284437 296334 8067.5 1070190
Ts7c 0.284437 296334 8067.5 1070190
Th7h 0.283882 295766 8041.5 1070190
Th7s 0.283882 295766 8041.5 1070190
Ts7s 0.283882 295766 8041.5 1070190
Ts7h 0.283882 295766 8041.5 1070190
6h2c 0.282501 291312 11018 1070190
6s2c 0.282501 291312 11018 1070190
6c2s 0.2825 291290 11039 1070190
6c2h 0.2825 291290 11039 1070190
6h2s 0.282022 290830 10987.5 1070190
6h2h 0.282022 290830 10987.5 1070190
6s2h 0.282022 290830 10987.5 1070190
6s2s 0.282022 290830 10987.5 1070190
Tc4d 0.280165 286833 12997 1070190
Th4d 0.2796 286275 12950 1070190
Ts4d 0.2796 286275 12950 1070190
Tc6h 0.276464 286707 9162.5 1070190
Tc6s 0.276464 286707 9162.5 1070190
Ts6c 0.27638 286620 9159 1070190
Th6c 0.27638 286620 9159 1070190
Ts6s 0.275854 286087 9129.5 1070190
Ts6h 0.275854 286087 9129.5 1070190
Th6h 0.275854 286087 9129.5 1070190
Th6s 0.275854 286087 9129.5 1070190
Jc2h 0.267234 273562 12429.5 1070190
Jc2s 0.267234 273562 12429.5 1070190
Js2c 0.267196 273539 12411.5 1070190
Jh2c 0.267196 273539 12411.5 1070190
Js2s 0.266674 273010 12382 1070190
Jh2h 0.266674 273010 12382 1070190
Js2h 0.266674 273010 12382 1070190
Jh2s 0.266674 273010 12382 1070190
Td2c 0.265529 271817 12349 1070190
Tc2c 0.265364 272321 11668.5 1070190
Td2h 0.265038 271322 12319.5 1070190
Td2s 0.265038 271322 12319.5 1070190
9c4c 0.260366 266492 12149 1070190
9d4c 0.258908 264224 12856.5 1070190
9d4s 0.25847 263785 12827 1070190
9d4h 0.25847 263785 12827 1070190
Tc2d 0.255222 260945 12190.5 1070190
Ts2d 0.254662 260393 12143.5 1070190
Th2d 0.254662 260393 12143.5 1070190
9c4d 0.25314 258221 12686.5 1070190
9h4d 0.252599 257692 12637 1070190
9s4d 0.252599 257692 12637 1070190
Tc4h 0.25241 257041 13085.5 1070190
Tc4s 0.25241 257041 13085.5 1070190
Ts4c 0.252309 256947 13071.5 1070190
Th4c 0.252309 256947 13071.5 1070190
Th4s 0.251845 256483 13038.5 1070190
Ts4h 0.251845 256483 13038.5 1070190
Ts4s 0.251845 256483 13038.5 1070190
Th4h 0.251845 256483 13038.5 1070190
9c2c 0.248973 254299 12149 1070190
9d2c 0.2476 252123 12856.5 1070190
9d2h 0.247134 251653 12827 1070190
9d2s 0.247134 251653 12827 1070190
9c2d 0.238617 242679 12686.5 1070190
9s2d 0.238076 242150 12637 1070190
9h2d 0.238076 242150 12637 1070190
Tc2h 0.22987 233734 12270.5 1070190
Tc2s 0.22987 233734 12270.5 1070190
Ts2c 0.2298 233677 12253 1070190
Th2c 0.2298 233677 12253 1070190
Ts2s 0.22931 233182 12223.5 1070190
Th2s 0.22931 233182 12223.5 1070190
Ts2h 0.22931 233182 12223.5 1070190
Th2h 0.22931 233182 12223.5 1070190
9c4h 0.224916 227910 12793 1070190
9c4s 0.224916 227910 12793 1070190
9s4c 0.224813 227820 12773 1070190
9h4c 0.224813 227820 12773 1070190
9s4h 0.224376 227381 12743.5 1070190
9h4h 0.224376 227381 12743.5 1070190
9h4s 0.224376 227381 12743.5 1070190
9s4s 0.224376 227381 12743.5 1070190
7c2c 0.217712 222124 10869 1070190
7d2c 0.214616 218180 11499.5 1070190
7d2s 0.214186 217746 11473.5 1070190
7d2h 0.214186 217746 11473.5 1070190
9c2s 0.213232 215406 12793 1070190
9c2h 0.213232 215406 12793 1070190
9h2c 0.213158 215347 12773 1070190
9s2c 0.213158 215347 12773 1070190
9h2h 0.212692 214877 12743.5 1070190
9s2h 0.212692 214877 12743.5 1070190
9s2s 0.212692 214877 12743.5 1070190
9h2s 0.212692 214877 12743.5 1070190
7c2d 0.207634 210851 11357 1070190
7h2d 0.207186 210418 11310.5 1070190
7s2d 0.207186 210418 11310.5 1070190
7c2s 0.181365 182656 11438.5 1070190
7c2h 0.181365 182656 11438.5 1070190
7h2c 0.181346 182657 11418 1070190
7s2c 0.181346 182657 11418 1070190
7h2h 0.180916 182223 11392 1070190
7h2s 0.180916 182223 11392 1070190
7s2h 0.180916 182223 11392 1070190
7s2s 0.180916 182223 11392 1070190
