5c4c 0.999753 1069926 0 1070190
Ac5c 0.982732 1051710 0 1070190
Ac4c 0.982491 1051452 0 1070190
Ac8c 0.978081 1046733 0 1070190
Ac9c 0.977598 1045743 473 1070190
AcTc 0.977356 1045484 473 1070190
AcJc 0.977074 1045182 473 1070190
AcKc 0.977074 1045182 473 1070190
AcQc 0.977074 1045182 473 1070190
Ac2c 0.977074 1045182 473 1070190
Kc5c 0.967691 1035613 0 1070190
Kc4c 0.96741 1035313 0 1070190
Kc8c 0.961352 1028829 0 1070190
Kc9c 0.960869 1027839 473 1070190
KcTc 0.960588 1027539 473 1070190
Kc2c 0.960269 1027197 473 1070190
KcQc 0.960269 1027197 473 1070190
KcJc 0.960269 1027197 473 1070190
Qc5c 0.953533 1020461 0 1070190
Qc4c 0.953214 1020120 0 1070190
Qc8c 0.945544 1011912 0 1070190
Qc9c 0.945061 1010922 473 1070190
QcTc 0.944743 1010582 473 1070190
Qc2c 0.944387 1010201 473 1070190
QcJc 0.944387 1010201 473 1070190
Jc5c 0.940257 1006254 0 1070190
Jc4c 0.939901 1005873 0 1070190
Jc8c 0.930659 995982 0 1070190
Jc9c 0.930176 994992 473 1070190
JcTc 0.929822 994613 473 1070190
Jc2c 0.92943 994194 473 1070190
Tc5c 0.928104 993248 0 1070190
Tc4c 0.927899 993028 0 1070190
9c5c 0.925354 990305 0 1070190
Tc8c 0.923924 988774 0 1070190
Tc9c 0.923441 987784 473 1070190
9c8c 0.921215 985875 0 1070190
9c4c 0.916556 980889 0 1070190
Tc2c 0.915823 979632 473 1070190
8c5c 0.91469 978892 0 1070190
8c4c 0.905891 969476 0 1070190
9c2c 0.903135 966053 473 1070190
5c2c 0.896104 959002 0 1070190
8c2c 0.891428 953997 0 1070190
4c2c 0.88537 947514 0 1070190
AhAc 0.854801 910452 4347.5 1070190
AdAc 0.854801 910452 4347.5 1070190
AsAc 0.854801 910452 4347.5 1070190
5c4s 0.852175 897222 14767.5 1070190
5c4h 0.852175 897222 14767.5 1070190
5c4d 0.852175 897222 14767.5 1070190
5d4c 0.841435 885759 14736 1070190
5s4c 0.841435 885759 14736 1070190
5h4c 0.841435 885759 14736 1070190
KdKc 0.830129 884048 4347.5 1070190
KhKc 0.830129 884048 4347.5 1070190
KsKc 0.830129 884048 4347.5 1070190
QhQc 0.805724 857930 4347.5 1070190
QsQc 0.805724 857930 4347.5 1070190
QdQc 0.805724 857930 4347.5 1070190
Ac7h 0.804538 854637 6371 1070190
Ac7d 0.804538 854637 6371 1070190
Ac7s 0.804538 854637 6371 1070190
7s7d 0.800884 836214 20884.5 1070190
7h7d 0.800884 836214 20884.5 1070190
7s7h 0.800884 836214 20884.5 1070190
6s6h 0.796047 830973 20949 1070190
6s6d 0.796047 830973 20949 1070190
6h6d 0.796047 830973 20949 1070190
3s3d 0.789621 824040 21004.5 1070190
3s3h 0.789621 824040 21004.5 1070190
3h3d 0.789621 824040 21004.5 1070190
Kc7d 0.786831 835085 6974 1070190
Kc7s 0.786831 835085 6974 1070190
Kc7h 0.786831 835085 6974 1070190
JhJc 0.781586 832098 4347.5 1070190
JdJc 0.781586 832098 4347.5 1070190
JsJc 0.781586 832098 4347.5 1070190
Qc7s 0.769594 816107 7505 1070190
Qc7h 0.769594 816107 7505 1070190
Qc7d 0.769594 816107 7505 1070190
5s4h 0.768963 790752 32184 1070190
5h4h 0.768963 790752 32184 1070190
5h4s 0.768963 790752 32184 1070190
5s4s 0.768963 790752 32184 1070190
5d4d 0.768963 790752 32184 1070190
5d4h 0.768963 790752 32184 1070190
5s4d 0.768963 790752 32184 1070190
5d4s 0.768963 790752 32184 1070190
5h4d 0.768963 790752 32184 1070190
Ac6s 0.766412 813714 6492.5 1070190
Ac6d 0.766412 813714 6492.5 1070190
Ac6h 0.766412 813714 6492.5 1070190
TsTc 0.763891 812810 4698.5 1070190
ThTc 0.763891 812810 4698.5 1070190
TdTc 0.763891 812810 4698.5 1070190
Jc7d 0.752826 797703 7964 1070190
Jc7h 0.752826 797703 7964 1070190
Jc7s 0.752826 797703 7964 1070190
Kc6h 0.748706 794162 7095.5 1070190
Kc6d 0.748706 794162 7095.5 1070190
Kc6s 0.748706 794162 7095.5 1070190
9d9c 0.746037 793352 5049.5 1070190
9s9c 0.746037 793352 5049.5 1070190
9h9c 0.746037 793352 5049.5 1070190
Tc7h 0.741373 784559 8850.5 1070190
Tc7s 0.741373 784559 8850.5 1070190
Tc7d 0.741373 784559 8850.5 1070190
Qc6s 0.731469 775184 7626.5 1070190
Qc6h 0.731469 775184 7626.5 1070190
Qc6d 0.731469 775184 7626.5 1070190
9c7s 0.729155 770669 9665 1070190
9c7h 0.729155 770669 9665 1070190
9c7d 0.729155 770669 9665 1070190
8d8c 0.728775 778560 1368 1070190
8h8c 0.728775 778560 1368 1070190
8s8c 0.728775 778560 1368 1070190
7s5c 0.728013 762453 16659 1070190
7d5c 0.728013 762453 16659 1070190
7h5c 0.728013 762453 16659 1070190
8c7d 0.718371 762396 6397.5 1070190
8c7h 0.718371 762396 6397.5 1070190
8c7s 0.718371 762396 6397.5 1070190
Jc6d 0.714701 756780 8085.5 1070190
Jc6h 0.714701 756780 8085.5 1070190
Jc6s 0.714701 756780 8085.5 1070190
Ac3d 0.712115 755025 7073 1070190
Ac3h 0.712115 755025 7073 1070190
Ac3s 0.712115 755025 7073 1070190
7s6h 0.711844 738291 23517.5 1070190
7d6d 0.711844 738291 23517.5 1070190
7d6s 0.711844 738291 23517.5 1070190
7s6s 0.711844 738291 23517.5 1070190
7s6d 0.711844 738291 23517.5 1070190
7h6d 0.711844 738291 23517.5 1070190
7h6h 0.711844 738291 23517.5 1070190
7h6s 0.711844 738291 23517.5 1070190
7d6h 0.711844 738291 23517.5 1070190
7d4c 0.711649 745404 16195.5 1070190
7s4c 0.711649 745404 16195.5 1070190
7h4c 0.711649 745404 16195.5 1070190
Tc6s 0.703626 744041 8972 1070190
Tc6h 0.703626 744041 8972 1070190
Tc6d 0.703626 744041 8972 1070190
7s3d 0.699406 722730 25767.5 1070190
7s3s 0.699406 722730 25767.5 1070190
7s3h 0.699406 722730 25767.5 1070190
7d3d 0.699406 722730 25767.5 1070190
7h3s 0.699406 722730 25767.5 1070190
7d3h 0.699406 722730 25767.5 1070190
7h3h 0.699406 722730 25767.5 1070190
7d3s 0.699406 722730 25767.5 1070190
7h3d 0.699406 722730 25767.5 1070190
6h5c 0.694546 726714 16582.5 1070190
6d5c 0.694546 726714 16582.5 1070190
6s5c 0.694546 726714 16582.5 1070190
Kc3s 0.693374 734447 7595 1070190
Kc3h 0.693374 734447 7595 1070190
Kc3d 0.693374 734447 7595 1070190
9c6h 0.691887 730664 9786.5 1070190
9c6s 0.691887 730664 9786.5 1070190
9c6d 0.691887 730664 9786.5 1070190
6h3h 0.686081 708480 25757 1070190
6h3s 0.686081 708480 25757 1070190
6s3s 0.686081 708480 25757 1070190
6h3d 0.686081 708480 25757 1070190
6d3s 0.686081 708480 25757 1070190
6s3h 0.686081 708480 25757 1070190
6d3h 0.686081 708480 25757 1070190
6s3d 0.686081 708480 25757 1070190
6d3d 0.686081 708480 25757 1070190
8c6s 0.681103 722391 6519 1070190
8c6d 0.681103 722391 6519 1070190
8c6h 0.681103 722391 6519 1070190
6s4c 0.677602 709044 16119 1070190
6d4c 0.677602 709044 16119 1070190
6h4c 0.677602 709044 16119 1070190
Qc3s 0.675229 714578 8045 1070190
Qc3d 0.675229 714578 8045 1070190
Qc3h 0.675229 714578 8045 1070190
Ac5d 0.673326 703318 17268.5 1070190
Ac5h 0.673326 703318 17268.5 1070190
Ac5s 0.673326 703318 17268.5 1070190
AsAd 0.665629 691154 21195 1070190
AsAh 0.665629 691154 21195 1070190
AhAd 0.665629 691154 21195 1070190
Ac4s 0.665276 695104 16868 1070190
Ac4h 0.665276 695104 16868 1070190
Ac4d 0.665276 695104 16868 1070190
5h5c 0.662683 702114 7083 1070190
5s5c 0.662683 702114 7083 1070190
5d5c 0.662683 702114 7083 1070190
AcKh 0.659084 697123 8222 1070190
AcKd 0.659084 697123 8222 1070190
AcKs 0.659084 697123 8222 1070190
Jc3s 0.657679 695418 8423 1070190
Jc3h 0.657679 695418 8423 1070190
Jc3d 0.657679 695418 8423 1070190
AcQh 0.653107 690727 8222 1070190
AcQs 0.653107 690727 8222 1070190
AcQd 0.653107 690727 8222 1070190
5c3d 0.651693 680715 16720.5 1070190
5c3h 0.651693 680715 16720.5 1070190
5c3s 0.651693 680715 16720.5 1070190
KhKd 0.650684 675161 21195 1070190
KsKd 0.650684 675161 21195 1070190
KsKh 0.650684 675161 21195 1070190
Ac9d 0.648485 684871 9131 1070190
Ac9h 0.648485 684871 9131 1070190
Ac9s 0.648485 684871 9131 1070190
AcTd 0.648013 684820 8676.5 1070190
AcTs 0.648013 684820 8676.5 1070190
AcTh 0.648013 684820 8676.5 1070190
AcJd 0.647131 684331 8222 1070190
AcJs 0.647131 684331 8222 1070190
AcJh 0.647131 684331 8222 1070190
7d2c 0.64707 668942 23545.5 1070190
7s2c 0.64707 668942 23545.5 1070190
7h2c 0.64707 668942 23545.5 1070190
Ac8h 0.646837 686176 6062 1070190
Ac8d 0.646837 686176 6062 1070190
Ac8s 0.646837 686176 6062 1070190
Tc3d 0.646376 682517 9228.5 1070190
Tc3h 0.646376 682517 9228.5 1070190
Tc3s 0.646376 682517 9228.5 1070190
AdKc 0.645571 682770 8114 1070190
AhKc 0.645571 682770 8114 1070190
AsKc 0.645571 682770 8114 1070190
4d4c 0.640908 679161 6732 1070190
4h4c 0.640908 679161 6732 1070190
4s4c 0.640908 679161 6732 1070190
QsQh 0.63574 659168 21195 1070190
QsQd 0.63574 659168 21195 1070190
QhQd 0.63574 659168 21195 1070190
9c3s 0.635033 669644 9962 1070190
9c3h 0.635033 669644 9962 1070190
9c3d 0.635033 669644 9962 1070190
4c3s 0.634528 662808 16257 1070190
4c3d 0.634528 662808 16257 1070190
4c3h 0.634528 662808 16257 1070190
Kc5s 0.627265 654186 17106.5 1070190
Kc5d 0.627265 654186 17106.5 1070190
Kc5h 0.627265 654186 17106.5 1070190
AsQc 0.626602 662469 8114 1070190
AhQc 0.626602 662469 8114 1070190
AdQc 0.626602 662469 8114 1070190
8c3h 0.623846 661020 6613.5 1070190
8c3d 0.623846 661020 6613.5 1070190
8c3s 0.623846 661020 6613.5 1070190
JsJh 0.620796 643175 21195 1070190
JhJd 0.620796 643175 21195 1070190
JsJd 0.620796 643175 21195 1070190
Kc4s 0.618744 645468 16706 1070190
Kc4h 0.618744 645468 16706 1070190
Kc4d 0.618744 645468 16706 1070190
ThTd 0.615315 636898 21606 1070190
TsTh 0.615315 636898 21606 1070190
TsTd 0.615315 636898 21606 1070190
9h9d 0.609225 629970 22017 1070190
9s9d 0.609225 629970 22017 1070190
9s9h 0.609225 629970 22017 1070190
AsJc 0.6079 642454 8114 1070190
AdJc 0.6079 642454 8114 1070190
AhJc 0.6079 642454 8114 1070190
6d2c 0.607851 627047 23469 1070190
6s2c 0.607851 627047 23469 1070190
6h2c 0.607851 627047 23469 1070190
KcQh 0.602393 636615 8060 1070190
KcQd 0.602393 636615 8060 1070190
KcQs 0.602393 636615 8060 1070190
8h8d 0.602381 627342 17320.5 1070190
8s8d 0.602381 627342 17320.5 1070190
8s8h 0.602381 627342 17320.5 1070190
Ac2d 0.601937 631390 12797 1070190
Ac2h 0.601937 631390 12797 1070190
Ac2s 0.601937 631390 12797 1070190
7h5d 0.599086 604750 36386 1070190
7h5s 0.599086 604750 36386 1070190
7d5d 0.599086 604750 36386 1070190
7d5h 0.599086 604750 36386 1070190
7h5h 0.599086 604750 36386 1070190
7d5s 0.599086 604750 36386 1070190
7s5d 0.599086 604750 36386 1070190
7s5s 0.599086 604750 36386 1070190
7s5h 0.599086 604750 36386 1070190
Kc9h 0.598334 631362 8969 1070190
Kc9s 0.598334 631362 8969 1070190
Kc9d 0.598334 631362 8969 1070190
KcTd 0.597517 630942 8514.5 1070190
KcTh 0.597517 630942 8514.5 1070190
KcTs 0.597517 630942 8514.5 1070190
Kc8h 0.596686 632667 5900 1070190
Kc8d 0.596686 632667 5900 1070190
Kc8s 0.596686 632667 5900 1070190
KcJs 0.596417 630219 8060 1070190
KcJh 0.596417 630219 8060 1070190
KcJd 0.596417 630219 8060 1070190
AsTc 0.595407 628599 8600 1070190
AhTc 0.595407 628599 8600 1070190
AdTc 0.595407 628599 8600 1070190
As7d 0.595151 613088 23836.5 1070190
Ad7s 0.595151 613088 23836.5 1070190
As7h 0.595151 613088 23836.5 1070190
Ah7s 0.595151 613088 23836.5 1070190
Ah7h 0.595151 613088 23836.5 1070190
Ad7h 0.595151 613088 23836.5 1070190
Ah7d 0.595151 613088 23836.5 1070190
Ad7d 0.595151 613088 23836.5 1070190
As7s 0.595151 613088 23836.5 1070190
7h4d 0.591335 597041 35799.5 1070190
7h4h 0.591335 597041 35799.5 1070190
7d4h 0.591335 597041 35799.5 1070190
7d4s 0.591335 597041 35799.5 1070190
7s4d 0.591335 597041 35799.5 1070190
7h4s 0.591335 597041 35799.5 1070190
7d4d 0.591335 597041 35799.5 1070190
7s4s 0.591335 597041 35799.5 1070190
7s4h 0.591335 597041 35799.5 1070190
As5c 0.590762 614766 17461.5 1070190
Ad5c 0.590762 614766 17461.5 1070190
Ah5c 0.590762 614766 17461.5 1070190
Ks7d 0.58946 606242 24592.5 1070190
Ks7s 0.58946 606242 24592.5 1070190
Ks7h 0.58946 606242 24592.5 1070190
Kh7s 0.58946 606242 24592.5 1070190
Kd7d 0.58946 606242 24592.5 1070190
Kd7s 0.58946 606242 24592.5 1070190
Kh7h 0.58946 606242 24592.5 1070190
Kh7d 0.58946 606242 24592.5 1070190
Kd7h 0.58946 606242 24592.5 1070190
KhQc 0.589135 622521 7965.5 1070190
KdQc 0.589135 622521 7965.5 1070190
KsQc 0.589135 622521 7965.5 1070190
Qc5d 0.585213 609345 16944.5 1070190
Qc5s 0.585213 609345 16944.5 1070190
Qc5h 0.585213 609345 16944.5 1070190
8s7h 0.584792 601968 23871 1070190
8d7d 0.584792 601968 23871 1070190
8s7s 0.584792 601968 23871 1070190
8s7d 0.584792 601968 23871 1070190
8d7h 0.584792 601968 23871 1070190
8d7s 0.584792 601968 23871 1070190
8h7d 0.584792 601968 23871 1070190
8h7s 0.584792 601968 23871 1070190
8h7h 0.584792 601968 23871 1070190
Qd7h 0.584022 599756 25258.5 1070190
Qh7d 0.584022 599756 25258.5 1070190
Qs7s 0.584022 599756 25258.5 1070190
Qs7h 0.584022 599756 25258.5 1070190
Qs7d 0.584022 599756 25258.5 1070190
Qd7s 0.584022 599756 25258.5 1070190
Qh7h 0.584022 599756 25258.5 1070190
Qh7s 0.584022 599756 25258.5 1070190
Qd7d 0.584022 599756 25258.5 1070190
9d7h 0.58328 596223 27997.5 1070190
9d7s 0.58328 596223 27997.5 1070190
9s7h 0.58328 596223 27997.5 1070190
9d7d 0.58328 596223 27997.5 1070190
9s7d 0.58328 596223 27997.5 1070190
9h7d 0.58328 596223 27997.5 1070190
9s7s 0.58328 596223 27997.5 1070190
9h7s 0.58328 596223 27997.5 1070190
9h7h 0.58328 596223 27997.5 1070190
Ad9c 0.582815 614637 9086 1070190
Ah9c 0.582815 614637 9086 1070190
As9c 0.582815 614637 9086 1070190
Td7s 0.581808 595684 26961 1070190
Ts7s 0.581808 595684 26961 1070190
Td7h 0.581808 595684 26961 1070190
Td7d 0.581808 595684 26961 1070190
Th7d 0.581808 595684 26961 1070190
Th7h 0.581808 595684 26961 1070190
Th7s 0.581808 595684 26961 1070190
Ts7d 0.581808 595684 26961 1070190
Ts7h 0.581808 595684 26961 1070190
9c8d 0.579136 614295 5490.5 1070190
9c8s 0.579136 614295 5490.5 1070190
9c8h 0.579136 614295 5490.5 1070190
Js7h 0.578836 593630 25834.5 1070190
Jd7d 0.578836 593630 25834.5 1070190
Jd7h 0.578836 593630 25834.5 1070190
Js7d 0.578836 593630 25834.5 1070190
Js7s 0.578836 593630 25834.5 1070190
Jh7s 0.578836 593630 25834.5 1070190
Jh7h 0.578836 593630 25834.5 1070190
Jd7s 0.578836 593630 25834.5 1070190
Jh7d 0.578836 593630 25834.5 1070190
Qc4d 0.576348 600258 16544 1070190
Qc4s 0.576348 600258 16544 1070190
Qc4h 0.576348 600258 16544 1070190
Ad4c 0.571867 594981 17025 1070190
As4c 0.571867 594981 17025 1070190
Ah4c 0.571867 594981 17025 1070190
KhJc 0.570433 602506 7965.5 1070190
KdJc 0.570433 602506 7965.5 1070190
KsJc 0.570433 602506 7965.5 1070190
As8c 0.569778 604195 5575.5 1070190
Ah8c 0.569778 604195 5575.5 1070190
Ad8c 0.569778 604195 5575.5 1070190
9s8c 0.567391 602239 4977 1070190
9h8c 0.567391 602239 4977 1070190
9d8c 0.567391 602239 4977 1070190
KhTc 0.558168 588894 8451.5 1070190
KdTc 0.558168 588894 8451.5 1070190
KsTc 0.558168 588894 8451.5 1070190
Kd5c 0.558038 579894 17313 1070190
Ks5c 0.558038 579894 17313 1070190
Kh5c 0.558038 579894 17313 1070190
Qc9d 0.552992 582999 8807 1070190
Qc9h 0.552992 582999 8807 1070190
Qc9s 0.552992 582999 8807 1070190
9c5h 0.552533 575343 15972.5 1070190
9c5s 0.552533 575343 15972.5 1070190
9c5d 0.552533 575343 15972.5 1070190
QcTs 0.551956 582345 8352.5 1070190
QcTh 0.551956 582345 8352.5 1070190
QcTd 0.551956 582345 8352.5 1070190
6d5s 0.551371 553825 36246.5 1070190
6d5d 0.551371 553825 36246.5 1070190
6d5h 0.551371 553825 36246.5 1070190
6h5d 0.551371 553825 36246.5 1070190
6h5h 0.551371 553825 36246.5 1070190
6h5s 0.551371 553825 36246.5 1070190
6s5d 0.551371 553825 36246.5 1070190
6s5h 0.551371 553825 36246.5 1070190
6s5s 0.551371 553825 36246.5 1070190
Qc8d 0.551343 584304 5738 1070190
Qc8h 0.551343 584304 5738 1070190
Qc8s 0.551343 584304 5738 1070190
Kc2h 0.551223 577278 12635 1070190
Kc2s 0.551223 577278 12635 1070190
Kc2d 0.551223 577278 12635 1070190
QcJd 0.550763 581523 7898 1070190
QcJh 0.550763 581523 7898 1070190
QcJs 0.550763 581523 7898 1070190
3h2c 0.548218 563561 23136 1070190
3s2c 0.548218 563561 23136 1070190
3d2c 0.548218 563561 23136 1070190
Jc5s 0.547172 568795 16782.5 1070190
Jc5h 0.547172 568795 16782.5 1070190
Jc5d 0.547172 568795 16782.5 1070190
Ks9c 0.545929 575310 8937.5 1070190
Kd9c 0.545929 575310 8937.5 1070190
Kh9c 0.545929 575310 8937.5 1070190
7d2d 0.543936 551633 30481.5 1070190
7s2s 0.543936 551633 30481.5 1070190
7h2s 0.543936 551633 30481.5 1070190
7s2d 0.543936 551633 30481.5 1070190
7s2h 0.543936 551633 30481.5 1070190
7d2h 0.543936 551633 30481.5 1070190
7d2s 0.543936 551633 30481.5 1070190
7h2h 0.543936 551633 30481.5 1070190
7h2d 0.543936 551633 30481.5 1070190
6d4h 0.542753 545189 35660 1070190
6s4s 0.542753 545189 35660 1070190
6s4h 0.542753 545189 35660 1070190
6s4d 0.542753 545189 35660 1070190
6h4s 0.542753 545189 35660 1070190
6h4h 0.542753 545189 35660 1070190
6h4d 0.542753 545189 35660 1070190
6d4s 0.542753 545189 35660 1070190
6d4d 0.542753 545189 35660 1070190
Tc9d 0.542129 571806 8375 1070190
Tc9h 0.542129 571806 8375 1070190
Tc9s 0.542129 571806 8375 1070190
Tc8s 0.540806 573459 5306 1070190
Tc8d 0.540806 573459 5306 1070190
Tc8h 0.540806 573459 5306 1070190
As6s 0.54029 554273 23940 1070190
Ad6s 0.54029 554273 23940 1070190
Ad6h 0.54029 554273 23940 1070190
Ad6d 0.54029 554273 23940 1070190
Ah6s 0.54029 554273 23940 1070190
Ah6h 0.54029 554273 23940 1070190
Ah6d 0.54029 554273 23940 1070190
As6h 0.54029 554273 23940 1070190
As6d 0.54029 554273 23940 1070190
Kd4c 0.538664 559596 16876.5 1070190
Kh4c 0.538664 559596 16876.5 1070190
Ks4c 0.538664 559596 16876.5 1070190
Jc4s 0.538088 559474 16382 1070190
Jc4h 0.538088 559474 16382 1070190
Jc4d 0.538088 559474 16382 1070190
QhJc 0.53776 567688 7817 1070190
QdJc 0.53776 567688 7817 1070190
QsJc 0.53776 567688 7817 1070190
9d5c 0.536522 557946 16234.5 1070190
9s5c 0.536522 557946 16234.5 1070190
9h5c 0.536522 557946 16234.5 1070190
8c5d 0.534978 563458 9070.5 1070190
8c5s 0.534978 563458 9070.5 1070190
8c5h 0.534978 563458 9070.5 1070190
Kd6s 0.534599 547427 24696 1070190
Kh6d 0.534599 547427 24696 1070190
Kd6d 0.534599 547427 24696 1070190
Kh6h 0.534599 547427 24696 1070190
Kh6s 0.534599 547427 24696 1070190
Ks6d 0.534599 547427 24696 1070190
Ks6h 0.534599 547427 24696 1070190
Kd6h 0.534599 547427 24696 1070190
Ks6s 0.534599 547427 24696 1070190
Ks8c 0.532891 564868 5427 1070190
Kh8c 0.532891 564868 5427 1070190
Kd8c 0.532891 564868 5427 1070190
8h5c 0.531991 560850 8481 1070190
8d5c 0.531991 560850 8481 1070190
8s5c 0.531991 560850 8481 1070190
8d6d 0.53121 544521 23974.5 1070190
8h6s 0.53121 544521 23974.5 1070190
8h6h 0.53121 544521 23974.5 1070190
8d6s 0.53121 544521 23974.5 1070190
8d6h 0.53121 544521 23974.5 1070190
8h6d 0.53121 544521 23974.5 1070190
8s6s 0.53121 544521 23974.5 1070190
8s6h 0.53121 544521 23974.5 1070190
8s6d 0.53121 544521 23974.5 1070190
9s6s 0.529698 538776 28101 1070190
9s6h 0.529698 538776 28101 1070190
9d6d 0.529698 538776 28101 1070190
9d6h 0.529698 538776 28101 1070190
9s6d 0.529698 538776 28101 1070190
9h6s 0.529698 538776 28101 1070190
9h6h 0.529698 538776 28101 1070190
9h6d 0.529698 538776 28101 1070190
9d6s 0.529698 538776 28101 1070190
Th9c 0.529242 558069 8321 1070190
Ts9c 0.529242 558069 8321 1070190
Td9c 0.529242 558069 8321 1070190
Qs6s 0.529161 540941 25362 1070190
Qd6d 0.529161 540941 25362 1070190
Qs6h 0.529161 540941 25362 1070190
Qs6d 0.529161 540941 25362 1070190
Qd6h 0.529161 540941 25362 1070190
Qd6s 0.529161 540941 25362 1070190
Qh6s 0.529161 540941 25362 1070190
Qh6h 0.529161 540941 25362 1070190
Qh6d 0.529161 540941 25362 1070190
Qd5c 0.529057 549027 17164.5 1070190
Qs5c 0.529057 549027 17164.5 1070190
Qh5c 0.529057 549027 17164.5 1070190
Ts6d 0.527511 537472 27064.5 1070190
Th6s 0.527511 537472 27064.5 1070190
Th6h 0.527511 537472 27064.5 1070190
Th6d 0.527511 537472 27064.5 1070190
Ts6s 0.527511 537472 27064.5 1070190
Td6s 0.527511 537472 27064.5 1070190
Td6h 0.527511 537472 27064.5 1070190
Td6d 0.527511 537472 27064.5 1070190
Ts6h 0.527511 537472 27064.5 1070190
QhTc 0.525595 554184 8303 1070190
QdTc 0.525595 554184 8303 1070190
QsTc 0.525595 554184 8303 1070190
Jh6h 0.523975 534815 25938 1070190
Jh6s 0.523975 534815 25938 1070190
Jh6d 0.523975 534815 25938 1070190
Js6d 0.523975 534815 25938 1070190
Js6h 0.523975 534815 25938 1070190
Js6s 0.523975 534815 25938 1070190
Jd6s 0.523975 534815 25938 1070190
Jd6h 0.523975 534815 25938 1070190
Jd6d 0.523975 534815 25938 1070190
Th8c 0.516684 548140 4810.5 1070190
Td8c 0.516684 548140 4810.5 1070190
Ts8c 0.516684 548140 4810.5 1070190
Tc5d 0.514797 534279 16652 1070190
Tc5s 0.514797 534279 16652 1070190
Tc5h 0.514797 534279 16652 1070190
Qs9c 0.513584 540843 8789 1070190
Qh9c 0.513584 540843 8789 1070190
Qd9c 0.513584 540843 8789 1070190
Jc9s 0.512975 540790 8190.5 1070190
Jc9h 0.512975 540790 8190.5 1070190
Jc9d 0.512975 540790 8190.5 1070190
JcTs 0.511846 540037 7736 1070190
JcTh 0.511846 540037 7736 1070190
JcTd 0.511846 540037 7736 1070190
Tc4s 0.511714 530979 16652 1070190
Tc4h 0.511714 530979 16652 1070190
Tc4d 0.511714 530979 16652 1070190
5h5d 0.511577 524166 23319 1070190
5s5d 0.511577 524166 23319 1070190
5s5h 0.511577 524166 23319 1070190
Jc8s 0.511326 542095 5121.5 1070190
Jc8h 0.511326 542095 5121.5 1070190
Jc8d 0.511326 542095 5121.5 1070190
Qd4c 0.509329 528351 16728 1070190
Qh4c 0.509329 528351 16728 1070190
Qs4c 0.509329 528351 16728 1070190
Qc2s 0.505569 528582 12473 1070190
Qc2d 0.505569 528582 12473 1070190
Qc2h 0.505569 528582 12473 1070190
Js5c 0.503818 522165 17016 1070190
Jh5c 0.503818 522165 17016 1070190
Jd5c 0.503818 522165 17016 1070190
Qd8c 0.500546 530401 5278.5 1070190
Qs8c 0.500546 530401 5278.5 1070190
Qh8c 0.500546 530401 5278.5 1070190
JdTc 0.498246 525549 7668.5 1070190
JsTc 0.498246 525549 7668.5 1070190
JhTc 0.498246 525549 7668.5 1070190
4s4h 0.496999 508975 22908 1070190
4s4d 0.496999 508975 22908 1070190
4h4d 0.496999 508975 22908 1070190
5d3h 0.493617 491872 36392 1070190
5s3s 0.493617 491872 36392 1070190
5s3h 0.493617 491872 36392 1070190
5s3d 0.493617 491872 36392 1070190
5h3s 0.493617 491872 36392 1070190
5h3h 0.493617 491872 36392 1070190
5h3d 0.493617 491872 36392 1070190
5d3s 0.493617 491872 36392 1070190
5d3d 0.493617 491872 36392 1070190
2s2c 0.490342 507938 16821 1070190
2h2c 0.490342 507938 16821 1070190
2d2c 0.490342 507938 16821 1070190
6d2h 0.487872 491774 30342 1070190
6d2s 0.487872 491774 30342 1070190
6s2s 0.487872 491774 30342 1070190
6s2h 0.487872 491774 30342 1070190
6s2d 0.487872 491774 30342 1070190
6h2s 0.487872 491774 30342 1070190
6d2d 0.487872 491774 30342 1070190
6h2h 0.487872 491774 30342 1070190
6h2d 0.487872 491774 30342 1070190
Jh9c 0.486335 512316 8154.5 1070190
Jd9c 0.486335 512316 8154.5 1070190
Js9c 0.486335 512316 8154.5 1070190
4s3h 0.484744 482963 35805.5 1070190
4s3d 0.484744 482963 35805.5 1070190
4h3s 0.484744 482963 35805.5 1070190
4h3h 0.484744 482963 35805.5 1070190
4s3s 0.484744 482963 35805.5 1070190
4h3d 0.484744 482963 35805.5 1070190
4d3s 0.484744 482963 35805.5 1070190
4d3d 0.484744 482963 35805.5 1070190
4d3h 0.484744 482963 35805.5 1070190
Td5c 0.48472 501906 16836 1070190
Th5c 0.48472 501906 16836 1070190
Ts5c 0.48472 501906 16836 1070190
Jd4c 0.483863 501246 16579.5 1070190
Jh4c 0.483863 501246 16579.5 1070190
Js4c 0.483863 501246 16579.5 1070190
9c4d 0.482822 500622 16089.5 1070190
9c4h 0.482822 500622 16089.5 1070190
9c4s 0.482822 500622 16089.5 1070190
Ah2c 0.475427 484431 24366 1070190
Ad2c 0.475427 484431 24366 1070190
As2c 0.475427 484431 24366 1070190
Js8c 0.473297 501874 4644 1070190
Jh8c 0.473297 501874 4644 1070190
Jd8c 0.473297 501874 4644 1070190
Td4c 0.470731 486936 16836 1070190
Ts4c 0.470731 486936 16836 1070190
Th4c 0.470731 486936 16836 1070190
Jc2s 0.464976 485302 12311 1070190
Jc2d 0.464976 485302 12311 1070190
Jc2h 0.464976 485302 12311 1070190
8c4d 0.464738 488170 9187.5 1070190
8c4h 0.464738 488170 9187.5 1070190
8c4s 0.464738 488170 9187.5 1070190
Ah3h 0.463809 471902 24462 1070190
Ad3s 0.463809 471902 24462 1070190
Ad3h 0.463809 471902 24462 1070190
Ad3d 0.463809 471902 24462 1070190
Ah3d 0.463809 471902 24462 1070190
As3d 0.463809 471902 24462 1070190
As3h 0.463809 471902 24462 1070190
As3s 0.463809 471902 24462 1070190
Ah3s 0.463809 471902 24462 1070190
Ks3d 0.457097 464048 25132.5 1070190
Kd3s 0.457097 464048 25132.5 1070190
Ks3h 0.457097 464048 25132.5 1070190
Ks3s 0.457097 464048 25132.5 1070190
Kh3s 0.457097 464048 25132.5 1070190
Kh3d 0.457097 464048 25132.5 1070190
Kh3h 0.457097 464048 25132.5 1070190
Kd3d 0.457097 464048 25132.5 1070190
Kd3h 0.457097 464048 25132.5 1070190
9s4c 0.454924 470583 16272 1070190
9h4c 0.454924 470583 16272 1070190
9d4c 0.454924 470583 16272 1070190
8h3d 0.45247 460245 23983.5 1070190
8d3d 0.45247 460245 23983.5 1070190
8d3h 0.45247 460245 23983.5 1070190
8d3s 0.45247 460245 23983.5 1070190
8s3s 0.45247 460245 23983.5 1070190
8s3h 0.45247 460245 23983.5 1070190
8s3d 0.45247 460245 23983.5 1070190
8h3s 0.45247 460245 23983.5 1070190
8h3h 0.45247 460245 23983.5 1070190
9d3d 0.451348 454833 28195.5 1070190
9d3h 0.451348 454833 28195.5 1070190
9d3s 0.451348 454833 28195.5 1070190
9h3d 0.451348 454833 28195.5 1070190
9h3h 0.451348 454833 28195.5 1070190
9h3s 0.451348 454833 28195.5 1070190
9s3d 0.451348 454833 28195.5 1070190
9s3h 0.451348 454833 28195.5 1070190
9s3s 0.451348 454833 28195.5 1070190
Qh3d 0.450763 456689 25713 1070190
Qs3s 0.450763 456689 25713 1070190
Qs3h 0.450763 456689 25713 1070190
Qs3d 0.450763 456689 25713 1070190
Qd3d 0.450763 456689 25713 1070190
Qd3h 0.450763 456689 25713 1070190
Qd3s 0.450763 456689 25713 1070190
Qh3h 0.450763 456689 25713 1070190
Qh3s 0.450763 456689 25713 1070190
8h4c 0.450034 473103 8518.5 1070190
8s4c 0.450034 473103 8518.5 1070190
8d4c 0.450034 473103 8518.5 1070190
Ts3s 0.44833 452554 27244.5 1070190
Th3d 0.44833 452554 27244.5 1070190
Ts3h 0.44833 452554 27244.5 1070190
Ts3d 0.44833 452554 27244.5 1070190
Th3s 0.44833 452554 27244.5 1070190
Th3h 0.44833 452554 27244.5 1070190
Td3s 0.44833 452554 27244.5 1070190
Td3h 0.44833 452554 27244.5 1070190
Td3d 0.44833 452554 27244.5 1070190
Jh3s 0.444807 449825 26203.5 1070190
Jd3d 0.444807 449825 26203.5 1070190
Js3d 0.444807 449825 26203.5 1070190
Js3h 0.444807 449825 26203.5 1070190
Js3s 0.444807 449825 26203.5 1070190
Jd3s 0.444807 449825 26203.5 1070190
Jh3d 0.444807 449825 26203.5 1070190
Jh3h 0.444807 449825 26203.5 1070190
Jd3h 0.444807 449825 26203.5 1070190
Kh2c 0.43796 444483 24217.5 1070190
Kd2c 0.43796 444483 24217.5 1070190
Ks2c 0.43796 444483 24217.5 1070190
Tc2s 0.437195 455301 12581 1070190
Tc2h 0.437195 455301 12581 1070190
Tc2d 0.437195 455301 12581 1070190
5c2s 0.42744 444366 13075.5 1070190
5c2h 0.42744 444366 13075.5 1070190
5c2d 0.42744 444366 13075.5 1070190
Ad5d 0.423828 417243 36333.5 1070190
As5s 0.423828 417243 36333.5 1070190
As5d 0.423828 417243 36333.5 1070190
Ad5h 0.423828 417243 36333.5 1070190
Ad5s 0.423828 417243 36333.5 1070190
As5h 0.423828 417243 36333.5 1070190
Ah5d 0.423828 417243 36333.5 1070190
Ah5s 0.423828 417243 36333.5 1070190
Ah5h 0.423828 417243 36333.5 1070190
9c2d 0.413502 430053 12473 1070190
9c2h 0.413502 430053 12473 1070190
9c2s 0.413502 430053 12473 1070190
Ah4d 0.41266 405855 35769.5 1070190
Ad4s 0.41266 405855 35769.5 1070190
Ad4h 0.41266 405855 35769.5 1070190
Ad4d 0.41266 405855 35769.5 1070190
Ah4h 0.41266 405855 35769.5 1070190
Ah4s 0.41266 405855 35769.5 1070190
As4d 0.41266 405855 35769.5 1070190
As4h 0.41266 405855 35769.5 1070190
As4s 0.41266 405855 35769.5 1070190
3s2h 0.406273 404966 29823 1070190
3d2h 0.406273 404966 29823 1070190
3d2s 0.406273 404966 29823 1070190
3h2d 0.406273 404966 29823 1070190
3h2h 0.406273 404966 29823 1070190
3h2s 0.406273 404966 29823 1070190
3d2d 0.406273 404966 29823 1070190
3s2s 0.406273 404966 29823 1070190
3s2d 0.406273 404966 29823 1070190
Qs2c 0.405287 409665 24069 1070190
Qh2c 0.405287 409665 24069 1070190
Qd2c 0.405287 409665 24069 1070190
4c2h 0.404686 420501 12589.5 1070190
4c2d 0.404686 420501 12589.5 1070190
4c2s 0.404686 420501 12589.5 1070190
9h8h 0.400208 407044 21254.5 1070190
9h8d 0.400208 407044 21254.5 1070190
9h8s 0.400208 407044 21254.5 1070190
9s8h 0.400208 407044 21254.5 1070190
9d8s 0.400208 407044 21254.5 1070190
9s8d 0.400208 407044 21254.5 1070190
9s8s 0.400208 407044 21254.5 1070190
9d8h 0.400208 407044 21254.5 1070190
9d8d 0.400208 407044 21254.5 1070190
AdKd 0.398698 401468 25215 1070190
AhKs 0.398698 401468 25215 1070190
AdKh 0.398698 401468 25215 1070190
AdKs 0.398698 401468 25215 1070190
AhKh 0.398698 401468 25215 1070190
AhKd 0.398698 401468 25215 1070190
AsKd 0.398698 401468 25215 1070190
AsKh 0.398698 401468 25215 1070190
AsKs 0.398698 401468 25215 1070190
8c2s 0.392198 410926 8800.5 1070190
8c2d 0.392198 410926 8800.5 1070190
8c2h 0.392198 410926 8800.5 1070190
AdQd 0.391651 393926 25215 1070190
AsQs 0.391651 393926 25215 1070190
AsQh 0.391651 393926 25215 1070190
AsQd 0.391651 393926 25215 1070190
AdQh 0.391651 393926 25215 1070190
AdQs 0.391651 393926 25215 1070190
AhQd 0.391651 393926 25215 1070190
AhQh 0.391651 393926 25215 1070190
AhQs 0.391651 393926 25215 1070190
Ah9d 0.389072 389903 26478 1070190
Ad9d 0.389072 389903 26478 1070190
As9d 0.389072 389903 26478 1070190
Ah9h 0.389072 389903 26478 1070190
Ah9s 0.389072 389903 26478 1070190
Ad9s 0.389072 389903 26478 1070190
Ad9h 0.389072 389903 26478 1070190
As9h 0.389072 389903 26478 1070190
As9s 0.389072 389903 26478 1070190
Ah8s 0.388252 393458 22045.5 1070190
Ad8s 0.388252 393458 22045.5 1070190
Ah8h 0.388252 393458 22045.5 1070190
As8s 0.388252 393458 22045.5 1070190
As8h 0.388252 393458 22045.5 1070190
As8d 0.388252 393458 22045.5 1070190
Ad8h 0.388252 393458 22045.5 1070190
Ah8d 0.388252 393458 22045.5 1070190
Ad8d 0.388252 393458 22045.5 1070190
AdTs 0.38712 388445 25846.5 1070190
AhTs 0.38712 388445 25846.5 1070190
AhTh 0.38712 388445 25846.5 1070190
AhTd 0.38712 388445 25846.5 1070190
AsTs 0.38712 388445 25846.5 1070190
AdTd 0.38712 388445 25846.5 1070190
AsTh 0.38712 388445 25846.5 1070190
AsTd 0.38712 388445 25846.5 1070190
AdTh 0.38712 388445 25846.5 1070190
AdJh 0.384604 386384 25215 1070190
AdJd 0.384604 386384 25215 1070190
AdJs 0.384604 386384 25215 1070190
AhJh 0.384604 386384 25215 1070190
AhJs 0.384604 386384 25215 1070190
AsJs 0.384604 386384 25215 1070190
AsJh 0.384604 386384 25215 1070190
AhJd 0.384604 386384 25215 1070190
AsJd 0.384604 386384 25215 1070190
5h2c 0.383664 385965 24628.5 1070190
5d2c 0.383664 385965 24628.5 1070190
5s2c 0.383664 385965 24628.5 1070190
Kh5s 0.383194 373905 36185 1070190
Kd5d 0.383194 373905 36185 1070190
Kd5h 0.383194 373905 36185 1070190
Kd5s 0.383194 373905 36185 1070190
Kh5d 0.383194 373905 36185 1070190
Kh5h 0.383194 373905 36185 1070190
Ks5d 0.383194 373905 36185 1070190
Ks5h 0.383194 373905 36185 1070190
Ks5s 0.383194 373905 36185 1070190
Js2c 0.377407 379977 23920.5 1070190
Jd2c 0.377407 379977 23920.5 1070190
Jh2c 0.377407 379977 23920.5 1070190
4h2c 0.371741 373659 24174 1070190
4s2c 0.371741 373659 24174 1070190
4d2c 0.371741 373659 24174 1070190
Kh4d 0.37137 361815 35621 1070190
Ks4s 0.37137 361815 35621 1070190
Ks4h 0.37137 361815 35621 1070190
Ks4d 0.37137 361815 35621 1070190
Kh4s 0.37137 361815 35621 1070190
Kh4h 0.37137 361815 35621 1070190
Kd4s 0.37137 361815 35621 1070190
Kd4h 0.37137 361815 35621 1070190
Kd4d 0.37137 361815 35621 1070190
9s5h 0.363715 354370 34874.5 1070190
9s5s 0.363715 354370 34874.5 1070190
9s5d 0.363715 354370 34874.5 1070190
9h5s 0.363715 354370 34874.5 1070190
9h5h 0.363715 354370 34874.5 1070190
9h5d 0.363715 354370 34874.5 1070190
9d5s 0.363715 354370 34874.5 1070190
9d5h 0.363715 354370 34874.5 1070190
9d5d 0.363715 354370 34874.5 1070190
Ts2c 0.362787 364074 24177 1070190
Td2c 0.362787 364074 24177 1070190
Th2c 0.362787 364074 24177 1070190
8d5s 0.357576 356794 25880.5 1070190
8d5h 0.357576 356794 25880.5 1070190
8h5d 0.357576 356794 25880.5 1070190
8h5h 0.357576 356794 25880.5 1070190
8h5s 0.357576 356794 25880.5 1070190
8s5s 0.357576 356794 25880.5 1070190
8s5h 0.357576 356794 25880.5 1070190
8s5d 0.357576 356794 25880.5 1070190
8d5d 0.357576 356794 25880.5 1070190
9h2c 0.351986 352593 24099 1070190
9d2c 0.351986 352593 24099 1070190
9s2c 0.351986 352593 24099 1070190
Qs5h 0.34726 335598 36036.5 1070190
Qd5d 0.34726 335598 36036.5 1070190
Qd5h 0.34726 335598 36036.5 1070190
Qh5s 0.34726 335598 36036.5 1070190
Qs5d 0.34726 335598 36036.5 1070190
Qs5s 0.34726 335598 36036.5 1070190
Qd5s 0.34726 335598 36036.5 1070190
Qh5d 0.34726 335598 36036.5 1070190
Qh5h 0.34726 335598 36036.5 1070190
KsQd 0.344864 344003 25066.5 1070190
KhQs 0.344864 344003 25066.5 1070190
KhQh 0.344864 344003 25066.5 1070190
KhQd 0.344864 344003 25066.5 1070190
KdQd 0.344864 344003 25066.5 1070190
KdQh 0.344864 344003 25066.5 1070190
KdQs 0.344864 344003 25066.5 1070190
KsQs 0.344864 344003 25066.5 1070190
KsQh 0.344864 344003 25066.5 1070190
Kd9d 0.343067 340817 26329.5 1070190
Kd9h 0.343067 340817 26329.5 1070190
Kh9d 0.343067 340817 26329.5 1070190
Kh9s 0.343067 340817 26329.5 1070190
Kd9s 0.343067 340817 26329.5 1070190
Ks9d 0.343067 340817 26329.5 1070190
Kh9h 0.343067 340817 26329.5 1070190
Ks9h 0.343067 340817 26329.5 1070190
Ks9s 0.343067 340817 26329.5 1070190
Kh8h 0.342247 344372 21897 1070190
Kd8s 0.342247 344372 21897 1070190
Kd8h 0.342247 344372 21897 1070190
Kd8d 0.342247 344372 21897 1070190
Kh8d 0.342247 344372 21897 1070190
Kh8s 0.342247 344372 21897 1070190
Ks8d 0.342247 344372 21897 1070190
Ks8h 0.342247 344372 21897 1070190
Ks8s 0.342247 344372 21897 1070190
8s2c 0.342058 345186 20881.5 1070190
8d2c 0.342058 345186 20881.5 1070190
8h2c 0.342058 345186 20881.5 1070190
KsTd 0.340635 338846 25698 1070190
KdTs 0.340635 338846 25698 1070190
KdTh 0.340635 338846 25698 1070190
KsTh 0.340635 338846 25698 1070190
KdTd 0.340635 338846 25698 1070190
KsTs 0.340635 338846 25698 1070190
KhTd 0.340635 338846 25698 1070190
KhTh 0.340635 338846 25698 1070190
KhTs 0.340635 338846 25698 1070190
KsJh 0.337816 336461 25066.5 1070190
KdJd 0.337816 336461 25066.5 1070190
KdJh 0.337816 336461 25066.5 1070190
KdJs 0.337816 336461 25066.5 1070190
KsJs 0.337816 336461 25066.5 1070190
KsJd 0.337816 336461 25066.5 1070190
KhJd 0.337816 336461 25066.5 1070190
KhJh 0.337816 336461 25066.5 1070190
KhJs 0.337816 336461 25066.5 1070190
2h2d 0.335424 337619 21348 1070190
2s2d 0.335424 337619 21348 1070190
2s2h 0.335424 337619 21348 1070190
Qs4d 0.334957 322995 35472.5 1070190
Qh4d 0.334957 322995 35472.5 1070190
Qd4d 0.334957 322995 35472.5 1070190
Qd4s 0.334957 322995 35472.5 1070190
Qd4h 0.334957 322995 35472.5 1070190
Qs4h 0.334957 322995 35472.5 1070190
Qh4h 0.334957 322995 35472.5 1070190
Qh4s 0.334957 322995 35472.5 1070190
Qs4s 0.334957 322995 35472.5 1070190
Td9d 0.329486 327069 25544 1070190
Ts9s 0.329486 327069 25544 1070190
Th9s 0.329486 327069 25544 1070190
Ts9h 0.329486 327069 25544 1070190
Ts9d 0.329486 327069 25544 1070190
Td9s 0.329486 327069 25544 1070190
Th9h 0.329486 327069 25544 1070190
Td9h 0.329486 327069 25544 1070190
Th9d 0.329486 327069 25544 1070190
Th8s 0.329163 331155 21111.5 1070190
Th8h 0.329163 331155 21111.5 1070190
Td8d 0.329163 331155 21111.5 1070190
Td8h 0.329163 331155 21111.5 1070190
Td8s 0.329163 331155 21111.5 1070190
Ts8s 0.329163 331155 21111.5 1070190
Th8d 0.329163 331155 21111.5 1070190
Ts8d 0.329163 331155 21111.5 1070190
Ts8h 0.329163 331155 21111.5 1070190
As2d 0.325134 317606 30349.5 1070190
Ad2s 0.325134 317606 30349.5 1070190
Ad2h 0.325134 317606 30349.5 1070190
Ah2d 0.325134 317606 30349.5 1070190
Ah2h 0.325134 317606 30349.5 1070190
Ah2s 0.325134 317606 30349.5 1070190
As2s 0.325134 317606 30349.5 1070190
As2h 0.325134 317606 30349.5 1070190
Ad2d 0.325134 317606 30349.5 1070190
Jh5s 0.316028 302322 35888 1070190
Js5h 0.316028 302322 35888 1070190
Jh5h 0.316028 302322 35888 1070190
Jh5d 0.316028 302322 35888 1070190
Jd5s 0.316028 302322 35888 1070190
Js5s 0.316028 302322 35888 1070190
Jd5h 0.316028 302322 35888 1070190
Jd5d 0.316028 302322 35888 1070190
Js5d 0.316028 302322 35888 1070190
Js4d 0.303422 289395 35324 1070190
Jh4h 0.303422 289395 35324 1070190
Jd4s 0.303422 289395 35324 1070190
Js4h 0.303422 289395 35324 1070190
Js4s 0.303422 289395 35324 1070190
Jh4d 0.303422 289395 35324 1070190
Jh4s 0.303422 289395 35324 1070190
Jd4d 0.303422 289395 35324 1070190
Jd4h 0.303422 289395 35324 1070190
Qh9s 0.302814 297887 26181 1070190
Qh9d 0.302814 297887 26181 1070190
Qh9h 0.302814 297887 26181 1070190
Qs9d 0.302814 297887 26181 1070190
Qs9h 0.302814 297887 26181 1070190
Qs9s 0.302814 297887 26181 1070190
Qd9s 0.302814 297887 26181 1070190
Qd9d 0.302814 297887 26181 1070190
Qd9h 0.302814 297887 26181 1070190
Qd8s 0.301994 301442 21748.5 1070190
Qs8d 0.301994 301442 21748.5 1070190
Qd8d 0.301994 301442 21748.5 1070190
Qd8h 0.301994 301442 21748.5 1070190
Qh8s 0.301994 301442 21748.5 1070190
Qh8h 0.301994 301442 21748.5 1070190
Qh8d 0.301994 301442 21748.5 1070190
Qs8s 0.301994 301442 21748.5 1070190
Qs8h 0.301994 301442 21748.5 1070190
QhTd 0.300079 295592 25549.5 1070190
QhTh 0.300079 295592 25549.5 1070190
QhTs 0.300079 295592 25549.5 1070190
QdTs 0.300079 295592 25549.5 1070190
QsTd 0.300079 295592 25549.5 1070190
QdTd 0.300079 295592 25549.5 1070190
QdTh 0.300079 295592 25549.5 1070190
QsTh 0.300079 295592 25549.5 1070190
QsTs 0.300079 295592 25549.5 1070190
QsJh 0.297134 293072 24918 1070190
QdJs 0.297134 293072 24918 1070190
QsJd 0.297134 293072 24918 1070190
QhJd 0.297134 293072 24918 1070190
QhJh 0.297134 293072 24918 1070190
QhJs 0.297134 293072 24918 1070190
QdJh 0.297134 293072 24918 1070190
QsJs 0.297134 293072 24918 1070190
QdJd 0.297134 293072 24918 1070190
Ts5h 0.292418 277203 35739.5 1070190
Ts5d 0.292418 277203 35739.5 1070190
Ts5s 0.292418 277203 35739.5 1070190
Th5s 0.292418 277203 35739.5 1070190
Th5h 0.292418 277203 35739.5 1070190
Th5d 0.292418 277203 35739.5 1070190
Td5s 0.292418 277203 35739.5 1070190
Td5d 0.292418 277203 35739.5 1070190
Td5h 0.292418 277203 35739.5 1070190
Ts4d 0.288426 272931 35739.5 1070190
Ts4h 0.288426 272931 35739.5 1070190
Th4s 0.288426 272931 35739.5 1070190
Th4h 0.288426 272931 35739.5 1070190
Th4d 0.288426 272931 35739.5 1070190
Td4h 0.288426 272931 35739.5 1070190
Td4s 0.288426 272931 35739.5 1070190
Ts4s 0.288426 272931 35739.5 1070190
Td4d 0.288426 272931 35739.5 1070190
Kh2h 0.278347 267683 30201 1070190
Kd2d 0.278347 267683 30201 1070190
Kd2h 0.278347 267683 30201 1070190
Kd2s 0.278347 267683 30201 1070190
Kh2d 0.278347 267683 30201 1070190
Kh2s 0.278347 267683 30201 1070190
Ks2d 0.278347 267683 30201 1070190
Ks2h 0.278347 267683 30201 1070190
Ks2s 0.278347 267683 30201 1070190
9s4h 0.269037 252834 35087 1070190
9d4d 0.269037 252834 35087 1070190
9d4h 0.269037 252834 35087 1070190
9d4s 0.269037 252834 35087 1070190
9s4s 0.269037 252834 35087 1070190
9h4s 0.269037 252834 35087 1070190
9h4h 0.269037 252834 35087 1070190
9h4d 0.269037 252834 35087 1070190
9s4d 0.269037 252834 35087 1070190
Jd9h 0.269029 262511 25401 1070190
Js9s 0.269029 262511 25401 1070190
Js9h 0.269029 262511 25401 1070190
Js9d 0.269029 262511 25401 1070190
Jh9s 0.269029 262511 25401 1070190
Jh9h 0.269029 262511 25401 1070190
Jh9d 0.269029 262511 25401 1070190
Jd9s 0.269029 262511 25401 1070190
Jd9d 0.269029 262511 25401 1070190
Jh8s 0.268209 266066 20968.5 1070190
Jh8h 0.268209 266066 20968.5 1070190
Jd8s 0.268209 266066 20968.5 1070190
Jd8h 0.268209 266066 20968.5 1070190
Jd8d 0.268209 266066 20968.5 1070190
Js8d 0.268209 266066 20968.5 1070190
Js8h 0.268209 266066 20968.5 1070190
Js8s 0.268209 266066 20968.5 1070190
Jh8d 0.268209 266066 20968.5 1070190
JhTs 0.266168 260081 24769.5 1070190
JsTs 0.266168 260081 24769.5 1070190
JsTd 0.266168 260081 24769.5 1070190
JsTh 0.266168 260081 24769.5 1070190
JdTd 0.266168 260081 24769.5 1070190
JdTh 0.266168 260081 24769.5 1070190
JdTs 0.266168 260081 24769.5 1070190
JhTd 0.266168 260081 24769.5 1070190
JhTh 0.266168 260081 24769.5 1070190
8s4d 0.262354 254676 26093 1070190
8d4s 0.262354 254676 26093 1070190
8d4h 0.262354 254676 26093 1070190
8d4d 0.262354 254676 26093 1070190
8s4h 0.262354 254676 26093 1070190
8s4s 0.262354 254676 26093 1070190
8h4d 0.262354 254676 26093 1070190
8h4s 0.262354 254676 26093 1070190
8h4h 0.262354 254676 26093 1070190
Qs2d 0.237665 224294 30052.5 1070190
Qh2d 0.237665 224294 30052.5 1070190
Qh2h 0.237665 224294 30052.5 1070190
Qh2s 0.237665 224294 30052.5 1070190
Qd2s 0.237665 224294 30052.5 1070190
Qd2d 0.237665 224294 30052.5 1070190
Qs2h 0.237665 224294 30052.5 1070190
Qs2s 0.237665 224294 30052.5 1070190
Qd2h 0.237665 224294 30052.5 1070190
5s2s 0.217709 202050 30939.5 1070190
5s2h 0.217709 202050 30939.5 1070190
5s2d 0.217709 202050 30939.5 1070190
5h2s 0.217709 202050 30939.5 1070190
5h2h 0.217709 202050 30939.5 1070190
5h2d 0.217709 202050 30939.5 1070190
5d2d 0.217709 202050 30939.5 1070190
5d2h 0.217709 202050 30939.5 1070190
5d2s 0.217709 202050 30939.5 1070190
Jd2s 0.203088 187439 29904 1070190
Jd2h 0.203088 187439 29904 1070190
Jd2d 0.203088 187439 29904 1070190
Jh2d 0.203088 187439 29904 1070190
Js2d 0.203088 187439 29904 1070190
Js2h 0.203088 187439 29904 1070190
Jh2s 0.203088 187439 29904 1070190
Jh2h 0.203088 187439 29904 1070190
Js2s 0.203088 187439 29904 1070190
4s2d 0.20183 185688 30308 1070190
4s2h 0.20183 185688 30308 1070190
4s2s 0.20183 185688 30308 1070190
4d2s 0.20183 185688 30308 1070190
4d2h 0.20183 185688 30308 1070190
4d2d 0.20183 185688 30308 1070190
4h2d 0.20183 185688 30308 1070190
4h2h 0.20183 185688 30308 1070190
4h2s 0.20183 185688 30308 1070190
Td2h 0.186279 169034 30319.5 1070190
Td2d 0.186279 169034 30319.5 1070190
Td2s 0.186279 169034 30319.5 1070190
Ts2s 0.186279 169034 30319.5 1070190
Ts2h 0.186279 169034 30319.5 1070190
Ts2d 0.186279 169034 30319.5 1070190
Th2d 0.186279 169034 30319.5 1070190
Th2h 0.186279 169034 30319.5 1070190
Th2s 0.186279 169034 30319.5 1070190
9h2d 0.17425 156182 30298.5 1070190
9d2s 0.17425 156182 30298.5 1070190
9s2s 0.17425 156182 30298.5 1070190
9d2h 0.17425 156182 30298.5 1070190
9d2d 0.17425 156182 30298.5 1070190
9s2h 0.17425 156182 30298.5 1070190
9h2h 0.17425 156182 30298.5 1070190
9h2s 0.17425 156182 30298.5 1070190
9s2d 0.17425 156182 30298.5 1070190
8d2d 0.163157 148892 25717.5 1070190
8s2s 0.163157 148892 25717.5 1070190
8s2h 0.163157 148892 25717.5 1070190
8h2d 0.163157 148892 25717.5 1070190
8h2h 0.163157 148892 25717.5 1070190
8d2s 0.163157 148892 25717.5 1070190
8h2s 0.163157 148892 25717.5 1070190
8d2h 0.163157 148892 25717.5 1070190
8s2d 0.163157 148892 25717.5 1070190
