Kc5c 0.982659 1051632 0 1070190
Kc4c 0.982654 1051626 0 1070190
Kc7c 0.982459 1051418 0 1070190
Kc2c 0.982407 1051362 0 1070190
Kc9c 0.982177 1051116 0 1070190
Kc8c 0.982177 1051116 0 1070190
KcTc 0.982171 1051110 0 1070190
KcQc 0.982166 1051104 0 1070190
KcJc 0.982166 1051104 0 1070190
Qc5c 0.965807 1033597 0 1070190
Qc4c 0.965801 1033591 0 1070190
Qc7c 0.965568 1033341 0 1070190
Qc2c 0.965515 1033285 0 1070190
Qc9c 0.965248 1032999 0 1070190
Qc8c 0.965248 1032999 0 1070190
QcTc 0.965243 1032993 0 1070190
QcJc 0.965237 1032987 0 1070190
Jc5c 0.949878 1016550 0 1070190
Jc4c 0.949872 1016544 0 1070190
Jc7c 0.949601 1016253 0 1070190
Jc2c 0.949548 1016197 0 1070190
Jc9c 0.949245 1015872 0 1070190
Jc8c 0.949245 1015872 0 1070190
JcTc 0.949239 1015866 0 1070190
Tc5c 0.934878 1000497 0 1070190
Tc4c 0.934872 1000491 0 1070190
Tc7c 0.934678 1000283 0 1070190
Tc2c 0.934511 1000104 0 1070190
Tc8c 0.934287 999865 0 1070190
Tc9c 0.934287 999865 0 1070190
9c5c 0.920954 985596 0 1070190
9c4c 0.920795 985426 0 1070190
9c7c 0.920719 985344 0 1070190
9c2c 0.920397 985000 0 1070190
9c8c 0.92033 984928 0 1070190
8c5c 0.907795 971513 0 1070190
8c4c 0.907636 971343 0 1070190
8c7c 0.907524 971223 0 1070190
8c2c 0.907202 970879 0 1070190
5c4c 0.906515 970143 0 1070190
7c5c 0.905891 969476 0 1070190
7c4c 0.905733 969306 0 1070190
AhKc 0.905396 966585 2361 1070190
AsKc 0.905396 966585 2361 1070190
AdKc 0.905396 966585 2361 1070190
5c2c 0.895952 958839 0 1070190
7c2c 0.895167 957999 0 1070190
AhQc 0.887752 947099 2964 1070190
AdQc 0.887752 947099 2964 1070190
AsQc 0.887752 947099 2964 1070190
4c2c 0.88549 947643 0 1070190
AdJc 0.870577 928188 3495 1070190
AsJc 0.870577 928188 3495 1070190
AhJc 0.870577 928188 3495 1070190
AdTc 0.853954 909939 3954 1070190
AsTc 0.853954 909939 3954 1070190
AhTc 0.853954 909939 3954 1070190
KhKc 0.846694 905808 315 1070190
KdKc 0.846694 905808 315 1070190
KsKc 0.846694 905808 315 1070190
AsAd 0.843433 887001 15632.5 1070190
AhAd 0.843433 887001 15632.5 1070190
AsAh 0.843433 887001 15632.5 1070190
Ad9c 0.837725 892184 4341 1070190
As9c 0.837725 892184 4341 1070190
Ah9c 0.837725 892184 4341 1070190
6s6h 0.835238 878166 15697 1070190
6h6d 0.835238 878166 15697 1070190
6s6d 0.835238 878166 15697 1070190
3h3d 0.828696 871110 15752.5 1070190
3s3d 0.828696 871110 15752.5 1070190
3s3h 0.828696 871110 15752.5 1070190
Ad8c 0.821961 874998 4656 1070190
As8c 0.821961 874998 4656 1070190
Ah8c 0.821961 874998 4656 1070190
QdQc 0.821814 879182 315 1070190
QhQc 0.821814 879182 315 1070190
QsQc 0.821814 879182 315 1070190
As7c 0.81093 862451 5398.5 1070190
Ad7c 0.81093 862451 5398.5 1070190
Ah7c 0.81093 862451 5398.5 1070190
JdJc 0.797202 852843 315 1070190
JhJc 0.797202 852843 315 1070190
JsJc 0.797202 852843 315 1070190
Kc6h 0.797089 846999 6037.5 1070190
Kc6d 0.797089 846999 6037.5 1070190
Kc6s 0.797089 846999 6037.5 1070190
As5c 0.794784 842296 8274 1070190
Ad5c 0.794784 842296 8274 1070190
Ah5c 0.794784 842296 8274 1070190
Ad6d 0.786736 823662 18295.5 1070190
Ah6h 0.786736 823662 18295.5 1070190
Ah6s 0.786736 823662 18295.5 1070190
Ad6s 0.786736 823662 18295.5 1070190
As6d 0.786736 823662 18295.5 1070190
As6h 0.786736 823662 18295.5 1070190
As6s 0.786736 823662 18295.5 1070190
Ah6d 0.786736 823662 18295.5 1070190
Ad6h 0.786736 823662 18295.5 1070190
Ad4c 0.781926 828253 8556 1070190
As4c 0.781926 828253 8556 1070190
Ah4c 0.781926 828253 8556 1070190
Qc6h 0.780165 828476 6448.5 1070190
Qc6d 0.780165 828476 6448.5 1070190
Qc6s 0.780165 828476 6448.5 1070190
As3s 0.773892 807579 20632.5 1070190
Ad3d 0.773892 807579 20632.5 1070190
Ad3h 0.773892 807579 20632.5 1070190
Ad3s 0.773892 807579 20632.5 1070190
As3d 0.773892 807579 20632.5 1070190
As3h 0.773892 807579 20632.5 1070190
Ah3d 0.773892 807579 20632.5 1070190
Ah3h 0.773892 807579 20632.5 1070190
Ah3s 0.773892 807579 20632.5 1070190
TsTc 0.773167 827121 315 1070190
ThTc 0.773167 827121 315 1070190
TdTc 0.773167 827121 315 1070190
Jc6s 0.763408 809928 7063.5 1070190
Jc6h 0.763408 809928 7063.5 1070190
Jc6d 0.763408 809928 7063.5 1070190
Ad2c 0.754898 787453 20431 1070190
As2c 0.754898 787453 20431 1070190
Ah2c 0.754898 787453 20431 1070190
9h9c 0.749098 801362 315 1070190
9d9c 0.749098 801362 315 1070190
9s9c 0.749098 801362 315 1070190
Tc6h 0.747034 791658 7810.5 1070190
Tc6d 0.747034 791658 7810.5 1070190
Tc6s 0.747034 791658 7810.5 1070190
Kc3s 0.737249 782235 6762 1070190
Kc3h 0.737249 782235 6762 1070190
Kc3d 0.737249 782235 6762 1070190
9c6d 0.731021 773714 8617.5 1070190
9c6h 0.731021 773714 8617.5 1070190
9c6s 0.731021 773714 8617.5 1070190
6s3s 0.731009 760521 21798 1070190
6s3h 0.731009 760521 21798 1070190
6d3s 0.731009 760521 21798 1070190
6s3d 0.731009 760521 21798 1070190
6h3d 0.731009 760521 21798 1070190
6d3h 0.731009 760521 21798 1070190
6h3h 0.731009 760521 21798 1070190
6h3s 0.731009 760521 21798 1070190
6d3d 0.731009 760521 21798 1070190
8h8c 0.725291 775884 315 1070190
8s8c 0.725291 775884 315 1070190
8d8c 0.725291 775884 315 1070190
AsKh 0.724623 756861 18623.5 1070190
AsKd 0.724623 756861 18623.5 1070190
AsKs 0.724623 756861 18623.5 1070190
AhKd 0.724623 756861 18623.5 1070190
AhKh 0.724623 756861 18623.5 1070190
AdKs 0.724623 756861 18623.5 1070190
AdKh 0.724623 756861 18623.5 1070190
AdKd 0.724623 756861 18623.5 1070190
AhKs 0.724623 756861 18623.5 1070190
Qc3d 0.719291 762686 7092 1070190
Qc3h 0.719291 762686 7092 1070190
Qc3s 0.719291 762686 7092 1070190
AdQs 0.719084 750177 19379.5 1070190
AdQh 0.719084 750177 19379.5 1070190
AhQd 0.719084 750177 19379.5 1070190
AdQd 0.719084 750177 19379.5 1070190
AhQh 0.719084 750177 19379.5 1070190
AhQs 0.719084 750177 19379.5 1070190
AsQd 0.719084 750177 19379.5 1070190
AsQs 0.719084 750177 19379.5 1070190
AsQh 0.719084 750177 19379.5 1070190
8c6h 0.715573 756387 9412.5 1070190
8c6s 0.715573 756387 9412.5 1070190
8c6d 0.715573 756387 9412.5 1070190
AhJd 0.713797 743853 20045.5 1070190
AsJs 0.713797 743853 20045.5 1070190
AsJd 0.713797 743853 20045.5 1070190
AdJd 0.713797 743853 20045.5 1070190
AsJh 0.713797 743853 20045.5 1070190
AhJh 0.713797 743853 20045.5 1070190
AhJs 0.713797 743853 20045.5 1070190
AdJs 0.713797 743853 20045.5 1070190
AdJh 0.713797 743853 20045.5 1070190
AsTd 0.709065 738213 20621.5 1070190
AsTh 0.709065 738213 20621.5 1070190
AsTs 0.709065 738213 20621.5 1070190
AhTh 0.709065 738213 20621.5 1070190
AhTd 0.709065 738213 20621.5 1070190
AdTd 0.709065 738213 20621.5 1070190
AhTs 0.709065 738213 20621.5 1070190
AdTh 0.709065 738213 20621.5 1070190
AdTs 0.709065 738213 20621.5 1070190
7h7c 0.708448 757508 666 1070190
7s7c 0.708448 757508 666 1070190
7d7c 0.708448 757508 666 1070190
7c6d 0.705566 744467 10623 1070190
7c6s 0.705566 744467 10623 1070190
7c6h 0.705566 744467 10623 1070190
Ah9h 0.704283 732609 21107.5 1070190
As9h 0.704283 732609 21107.5 1070190
As9s 0.704283 732609 21107.5 1070190
As9d 0.704283 732609 21107.5 1070190
Ad9d 0.704283 732609 21107.5 1070190
Ah9d 0.704283 732609 21107.5 1070190
Ad9h 0.704283 732609 21107.5 1070190
Ad9s 0.704283 732609 21107.5 1070190
Ah9s 0.704283 732609 21107.5 1070190
Ad7s 0.702486 729344 22450 1070190
Ad7h 0.702486 729344 22450 1070190
As7d 0.702486 729344 22450 1070190
Ah7s 0.702486 729344 22450 1070190
As7s 0.702486 729344 22450 1070190
As7h 0.702486 729344 22450 1070190
Ad7d 0.702486 729344 22450 1070190
Ah7h 0.702486 729344 22450 1070190
Ah7d 0.702486 729344 22450 1070190
Jc3d 0.701626 743247 7626 1070190
Jc3s 0.701626 743247 7626 1070190
Jc3h 0.701626 743247 7626 1070190
As8h 0.699753 727365 21503.5 1070190
As8d 0.699753 727365 21503.5 1070190
As8s 0.699753 727365 21503.5 1070190
Ah8s 0.699753 727365 21503.5 1070190
Ah8h 0.699753 727365 21503.5 1070190
Ah8d 0.699753 727365 21503.5 1070190
Ad8s 0.699753 727365 21503.5 1070190
Ad8h 0.699753 727365 21503.5 1070190
Ad8d 0.699753 727365 21503.5 1070190
As5h 0.697792 720160 26609.5 1070190
As5d 0.697792 720160 26609.5 1070190
As5s 0.697792 720160 26609.5 1070190
Ad5s 0.697792 720160 26609.5 1070190
Ad5h 0.697792 720160 26609.5 1070190
Ad5d 0.697792 720160 26609.5 1070190
Ah5d 0.697792 720160 26609.5 1070190
Ah5h 0.697792 720160 26609.5 1070190
Ah5s 0.697792 720160 26609.5 1070190
Ad4h 0.69609 717916 27032.5 1070190
Ah4h 0.69609 717916 27032.5 1070190
Ah4s 0.69609 717916 27032.5 1070190
Ah4d 0.69609 717916 27032.5 1070190
As4d 0.69609 717916 27032.5 1070190
As4h 0.69609 717916 27032.5 1070190
As4s 0.69609 717916 27032.5 1070190
Ad4s 0.69609 717916 27032.5 1070190
Ad4d 0.69609 717916 27032.5 1070190
As2d 0.689365 711272 26479 1070190
Ah2d 0.689365 711272 26479 1070190
Ah2h 0.689365 711272 26479 1070190
Ah2s 0.689365 711272 26479 1070190
As2h 0.689365 711272 26479 1070190
As2s 0.689365 711272 26479 1070190
Ad2d 0.689365 711272 26479 1070190
Ad2h 0.689365 711272 26479 1070190
Ad2s 0.689365 711272 26479 1070190
6s5c 0.686485 723028 11641.5 1070190
6d5c 0.686485 723028 11641.5 1070190
6h5c 0.686485 723028 11641.5 1070190
Tc3s 0.68447 724221 8292 1070190
Tc3h 0.68447 724221 8292 1070190
Tc3d 0.68447 724221 8292 1070190
KcQs 0.676101 715773 7783.5 1070190
KcQh 0.676101 715773 7783.5 1070190
KcQd 0.676101 715773 7783.5 1070190
6h4c 0.673627 708985 11923.5 1070190
6d4c 0.673627 708985 11923.5 1070190
6s4c 0.673627 708985 11923.5 1070190
KcJs 0.669519 707973 8539.5 1070190
KcJh 0.669519 707973 8539.5 1070190
KcJd 0.669519 707973 8539.5 1070190
9c3s 0.667801 705656 9018 1070190
9c3h 0.667801 705656 9018 1070190
9c3d 0.667801 705656 9018 1070190
KcTd 0.663467 700848 9187.5 1070190
KcTs 0.663467 700848 9187.5 1070190
KcTh 0.663467 700848 9187.5 1070190
KsQc 0.662454 701264 7687.5 1070190
KhQc 0.662454 701264 7687.5 1070190
KdQc 0.662454 701264 7687.5 1070190
Kc9s 0.652848 688944 9727.5 1070190
Kc9h 0.652848 688944 9727.5 1070190
Kc9d 0.652848 688944 9727.5 1070190
8c3h 0.651824 687843 9732 1070190
8c3s 0.651824 687843 9732 1070190
8c3d 0.651824 687843 9732 1070190
Kc7s 0.648998 683613 10938 1070190
Kc7h 0.648998 683613 10938 1070190
Kc7d 0.648998 683613 10938 1070190
Kc8s 0.647174 682440 10159.5 1070190
Kc8d 0.647174 682440 10159.5 1070190
Kc8h 0.647174 682440 10159.5 1070190
6d2c 0.645413 666664 24050.5 1070190
6s2c 0.645413 666664 24050.5 1070190
6h2c 0.645413 666664 24050.5 1070190
KsKh 0.645006 674331 15947.5 1070190
KsKd 0.645006 674331 15947.5 1070190
KhKd 0.645006 674331 15947.5 1070190
KsJc 0.642762 679497 8380.5 1070190
KdJc 0.642762 679497 8380.5 1070190
KhJc 0.642762 679497 8380.5 1070190
7c3d 0.642582 676823 10861.5 1070190
7c3h 0.642582 676823 10861.5 1070190
7c3s 0.642582 676823 10861.5 1070190
Kc5h 0.641613 671805 14842.5 1070190
Kc5s 0.641613 671805 14842.5 1070190
Kc5d 0.641613 671805 14842.5 1070190
Kc4s 0.639496 669126 15256.5 1070190
Kc4h 0.639496 669126 15256.5 1070190
Kc4d 0.639496 669126 15256.5 1070190
5h5c 0.63766 681301 1116 1070190
5d5c 0.63766 681301 1116 1070190
5s5c 0.63766 681301 1116 1070190
QhQd 0.629927 658194 15947.5 1070190
QsQd 0.629927 658194 15947.5 1070190
QsQh 0.629927 658194 15947.5 1070190
5c3h 0.629913 661750 12376.5 1070190
5c3s 0.629913 661750 12376.5 1070190
5c3d 0.629913 661750 12376.5 1070190
Kc2h 0.625985 655152 14770.5 1070190
Kc2d 0.625985 655152 14770.5 1070190
Kc2s 0.625985 655152 14770.5 1070190
KhTc 0.623697 658500 8974.5 1070190
KsTc 0.623697 658500 8974.5 1070190
KdTc 0.623697 658500 8974.5 1070190
4c3s 0.617618 648646 12322.5 1070190
4c3h 0.617618 648646 12322.5 1070190
4c3d 0.617618 648646 12322.5 1070190
QcJh 0.616926 651833 8395.5 1070190
QcJs 0.616926 651833 8395.5 1070190
QcJd 0.616926 651833 8395.5 1070190
4s4c 0.615635 657766 1080 1070190
4d4c 0.615635 657766 1080 1070190
4h4c 0.615635 657766 1080 1070190
JsJh 0.614848 642057 15947.5 1070190
JsJd 0.614848 642057 15947.5 1070190
JhJd 0.614848 642057 15947.5 1070190
QcTh 0.610874 644708 9043.5 1070190
QcTs 0.610874 644708 9043.5 1070190
QcTd 0.610874 644708 9043.5 1070190
QhJc 0.603595 637713 8248.5 1070190
QsJc 0.603595 637713 8248.5 1070190
QdJc 0.603595 637713 8248.5 1070190
Kh9c 0.600435 633110 9469.5 1070190
Ks9c 0.600435 633110 9469.5 1070190
Kd9c 0.600435 633110 9469.5 1070190
ThTd 0.600375 626568 15947.5 1070190
TsTh 0.600375 626568 15947.5 1070190
TsTd 0.600375 626568 15947.5 1070190
Qc9s 0.600256 632804 9583.5 1070190
Qc9d 0.600256 632804 9583.5 1070190
Qc9h 0.600256 632804 9583.5 1070190
Qc7s 0.596624 627707 10794 1070190
Qc7d 0.596624 627707 10794 1070190
Qc7h 0.596624 627707 10794 1070190
Qc8d 0.594582 626300 10015.5 1070190
Qc8h 0.594582 626300 10015.5 1070190
Qc8s 0.594582 626300 10015.5 1070190
Qc5s 0.58971 616403 14698.5 1070190
Qc5h 0.58971 616403 14698.5 1070190
Qc5d 0.58971 616403 14698.5 1070190
Qc4d 0.587593 613724 15112.5 1070190
Qc4s 0.587593 613724 15112.5 1070190
Qc4h 0.587593 613724 15112.5 1070190
9h9d 0.585297 610431 15947.5 1070190
9s9d 0.585297 610431 15947.5 1070190
9s9h 0.585297 610431 15947.5 1070190
QsTc 0.58453 616716 8842.5 1070190
QhTc 0.58453 616716 8842.5 1070190
QdTc 0.58453 616716 8842.5 1070190
Kh8c 0.58238 613392 9865.5 1070190
Kd8c 0.58238 613392 9865.5 1070190
Ks8c 0.58238 613392 9865.5 1070190
3d2c 0.581258 598075 23981.5 1070190
3h2c 0.581258 598075 23981.5 1070190
3s2c 0.581258 598075 23981.5 1070190
Kd6d 0.574772 591456 23659 1070190
Kd6s 0.574772 591456 23659 1070190
Kd6h 0.574772 591456 23659 1070190
Ks6d 0.574772 591456 23659 1070190
Kh6d 0.574772 591456 23659 1070190
Kh6h 0.574772 591456 23659 1070190
Kh6s 0.574772 591456 23659 1070190
Ks6h 0.574772 591456 23659 1070190
Ks6s 0.574772 591456 23659 1070190
Qc2d 0.573611 599246 14626.5 1070190
Qc2h 0.573611 599246 14626.5 1070190
Qc2s 0.573611 599246 14626.5 1070190
Kd7c 0.571267 600716 10648.5 1070190
Kh7c 0.571267 600716 10648.5 1070190
Ks7c 0.571267 600716 10648.5 1070190
Qs6d 0.570275 586128 24175 1070190
Qd6d 0.570275 586128 24175 1070190
Qd6h 0.570275 586128 24175 1070190
Qd6s 0.570275 586128 24175 1070190
Qs6s 0.570275 586128 24175 1070190
Qs6h 0.570275 586128 24175 1070190
Qh6d 0.570275 586128 24175 1070190
Qh6h 0.570275 586128 24175 1070190
Qh6s 0.570275 586128 24175 1070190
8h8d 0.570218 594294 15947.5 1070190
8s8d 0.570218 594294 15947.5 1070190
8s8h 0.570218 594294 15947.5 1070190
Jd6s 0.565594 580284 25009 1070190
Jh6d 0.565594 580284 25009 1070190
Jd6d 0.565594 580284 25009 1070190
Jd6h 0.565594 580284 25009 1070190
Js6d 0.565594 580284 25009 1070190
Js6h 0.565594 580284 25009 1070190
Js6s 0.565594 580284 25009 1070190
Jh6h 0.565594 580284 25009 1070190
Jh6s 0.565594 580284 25009 1070190
7s7d 0.565258 588575 16358.5 1070190
7s7h 0.565258 588575 16358.5 1070190
7h7d 0.565258 588575 16358.5 1070190
JcTd 0.563243 593985 8791.5 1070190
JcTh 0.563243 593985 8791.5 1070190
JcTs 0.563243 593985 8791.5 1070190
Qs9c 0.561268 591326 9337.5 1070190
Qd9c 0.561268 591326 9337.5 1070190
Qh9c 0.561268 591326 9337.5 1070190
Th6s 0.561232 574572 26053 1070190
Th6h 0.561232 574572 26053 1070190
Th6d 0.561232 574572 26053 1070190
Td6s 0.561232 574572 26053 1070190
Ts6d 0.561232 574572 26053 1070190
Ts6h 0.561232 574572 26053 1070190
Ts6s 0.561232 574572 26053 1070190
Td6h 0.561232 574572 26053 1070190
Td6d 0.561232 574572 26053 1070190
7s6h 0.557031 566123 30005.5 1070190
7s6s 0.557031 566123 30005.5 1070190
7h6h 0.557031 566123 30005.5 1070190
7h6d 0.557031 566123 30005.5 1070190
7d6s 0.557031 566123 30005.5 1070190
7d6h 0.557031 566123 30005.5 1070190
7d6d 0.557031 566123 30005.5 1070190
7h6s 0.557031 566123 30005.5 1070190
7s6d 0.557031 566123 30005.5 1070190
9d6d 0.556786 568668 27199 1070190
9h6h 0.556786 568668 27199 1070190
9d6h 0.556786 568668 27199 1070190
9d6s 0.556786 568668 27199 1070190
9s6s 0.556786 568668 27199 1070190
9s6h 0.556786 568668 27199 1070190
9s6d 0.556786 568668 27199 1070190
9h6s 0.556786 568668 27199 1070190
9h6d 0.556786 568668 27199 1070190
8s6s 0.552761 563220 28339 1070190
8s6h 0.552761 563220 28339 1070190
8h6s 0.552761 563220 28339 1070190
8h6h 0.552761 563220 28339 1070190
8h6d 0.552761 563220 28339 1070190
8d6s 0.552761 563220 28339 1070190
8d6h 0.552761 563220 28339 1070190
8d6d 0.552761 563220 28339 1070190
8s6d 0.552761 563220 28339 1070190
Jc9d 0.552624 582081 9331.5 1070190
Jc9s 0.552624 582081 9331.5 1070190
Jc9h 0.552624 582081 9331.5 1070190
JhTc 0.550064 580062 8611.5 1070190
JsTc 0.550064 580062 8611.5 1070190
JdTc 0.550064 580062 8611.5 1070190
Jc7h 0.549085 577083 10542 1070190
Jc7d 0.549085 577083 10542 1070190
Jc7s 0.549085 577083 10542 1070190
Kd5c 0.549056 573487 14107.5 1070190
Kh5c 0.549056 573487 14107.5 1070190
Ks5c 0.549056 573487 14107.5 1070190
6d5d 0.548321 555382 31426 1070190
6s5d 0.548321 555382 31426 1070190
6s5h 0.548321 555382 31426 1070190
6d5s 0.548321 555382 31426 1070190
6h5s 0.548321 555382 31426 1070190
6d5h 0.548321 555382 31426 1070190
6s5s 0.548321 555382 31426 1070190
6h5h 0.548321 555382 31426 1070190
6h5d 0.548321 555382 31426 1070190
Jc8s 0.54695 575577 9763.5 1070190
Jc8h 0.54695 575577 9763.5 1070190
Jc8d 0.54695 575577 9763.5 1070190
6h4d 0.54662 553138 31849 1070190
6s4d 0.54662 553138 31849 1070190
6d4d 0.54662 553138 31849 1070190
6s4h 0.54662 553138 31849 1070190
6s4s 0.54662 553138 31849 1070190
6h4h 0.54662 553138 31849 1070190
6h4s 0.54662 553138 31849 1070190
6d4h 0.54662 553138 31849 1070190
6d4s 0.54662 553138 31849 1070190
Qd8c 0.543213 571608 9733.5 1070190
Qs8c 0.543213 571608 9733.5 1070190
Qh8c 0.543213 571608 9733.5 1070190
Jc5s 0.542515 566148 14446.5 1070190
Jc5h 0.542515 566148 14446.5 1070190
Jc5d 0.542515 566148 14446.5 1070190
Jc4s 0.540399 563469 14860.5 1070190
Jc4h 0.540399 563469 14860.5 1070190
Jc4d 0.540399 563469 14860.5 1070190
6s2h 0.538072 544313 31526.5 1070190
6d2d 0.538072 544313 31526.5 1070190
6h2h 0.538072 544313 31526.5 1070190
6d2h 0.538072 544313 31526.5 1070190
6h2d 0.538072 544313 31526.5 1070190
6s2d 0.538072 544313 31526.5 1070190
6h2s 0.538072 544313 31526.5 1070190
6s2s 0.538072 544313 31526.5 1070190
6d2s 0.538072 544313 31526.5 1070190
Kh4c 0.535151 558238 14475 1070190
Ks4c 0.535151 558238 14475 1070190
Kd4c 0.535151 558238 14475 1070190
Qh7c 0.532327 559175 10516.5 1070190
Qd7c 0.532327 559175 10516.5 1070190
Qs7c 0.532327 559175 10516.5 1070190
Jh9c 0.526802 554672 9106.5 1070190
Jd9c 0.526802 554672 9106.5 1070190
Js9c 0.526802 554672 9106.5 1070190
Jc2s 0.526072 548622 14374.5 1070190
Jc2h 0.526072 548622 14374.5 1070190
Jc2d 0.526072 548622 14374.5 1070190
2h2c 0.522136 542896 15889 1070190
2s2c 0.522136 542896 15889 1070190
2d2c 0.522136 542896 15889 1070190
5c4h 0.518145 543373 11140.5 1070190
5c4s 0.518145 543373 11140.5 1070190
5c4d 0.518145 543373 11140.5 1070190
Tc9s 0.517292 544629 8971.5 1070190
Tc9h 0.517292 544629 8971.5 1070190
Tc9d 0.517292 544629 8971.5 1070190
Tc7s 0.513593 539460 10182 1070190
Tc7h 0.513593 539460 10182 1070190
Tc7d 0.513593 539460 10182 1070190
Tc8h 0.511618 538125 9403.5 1070190
Tc8s 0.511618 538125 9403.5 1070190
Tc8d 0.511618 538125 9403.5 1070190
Qh5c 0.510596 532459 13975.5 1070190
Qs5c 0.510596 532459 13975.5 1070190
Qd5c 0.510596 532459 13975.5 1070190
Jh8c 0.508748 534954 9502.5 1070190
Jd8c 0.508748 534954 9502.5 1070190
Js8c 0.508748 534954 9502.5 1070190
5h4c 0.506568 531121 11002.5 1070190
5s4c 0.506568 531121 11002.5 1070190
5d4c 0.506568 531121 11002.5 1070190
Th9c 0.504531 531167 8776.5 1070190
Ts9c 0.504531 531167 8776.5 1070190
Td9c 0.504531 531167 8776.5 1070190
Tc5s 0.500413 521451 14086.5 1070190
Tc5h 0.500413 521451 14086.5 1070190
Tc5d 0.500413 521451 14086.5 1070190
Tc4s 0.498297 518772 14500.5 1070190
Tc4h 0.498297 518772 14500.5 1070190
Tc4d 0.498297 518772 14500.5 1070190
Js7c 0.497963 522629 10285.5 1070190
Jd7c 0.497963 522629 10285.5 1070190
Jh7c 0.497963 522629 10285.5 1070190
Qd4c 0.49669 517210 14343 1070190
Qh4c 0.49669 517210 14343 1070190
Qs4c 0.49669 517210 14343 1070190
Ks2c 0.496644 505252 26251 1070190
Kh2c 0.496644 505252 26251 1070190
Kd2c 0.496644 505252 26251 1070190
Kh3h 0.490288 500484 24217 1070190
Kh3s 0.490288 500484 24217 1070190
Ks3s 0.490288 500484 24217 1070190
Ks3h 0.490288 500484 24217 1070190
Ks3d 0.490288 500484 24217 1070190
Kd3s 0.490288 500484 24217 1070190
Kd3h 0.490288 500484 24217 1070190
Kh3d 0.490288 500484 24217 1070190
Kd3d 0.490288 500484 24217 1070190
5h5d 0.486657 503956 16859.5 1070190
5s5h 0.486657 503956 16859.5 1070190
5s5d 0.486657 503956 16859.5 1070190
Ts8c 0.486476 511449 9172.5 1070190
Td8c 0.486476 511449 9172.5 1070190
Th8c 0.486476 511449 9172.5 1070190
Qs3d 0.48477 494148 24647.5 1070190
Qd3s 0.48477 494148 24647.5 1070190
Qd3h 0.48477 494148 24647.5 1070190
Qs3h 0.48477 494148 24647.5 1070190
Qs3s 0.48477 494148 24647.5 1070190
Qd3d 0.48477 494148 24647.5 1070190
Qh3h 0.48477 494148 24647.5 1070190
Qh3s 0.48477 494148 24647.5 1070190
Qh3d 0.48477 494148 24647.5 1070190
9c7h 0.483794 508037 9714 1070190
9c7d 0.483794 508037 9714 1070190
9c7s 0.483794 508037 9714 1070190
Tc2d 0.483751 503691 14014.5 1070190
Tc2s 0.483751 503691 14014.5 1070190
Tc2h 0.483751 503691 14014.5 1070190
9c8d 0.482079 506981 8935.5 1070190
9c8h 0.482079 506981 8935.5 1070190
9c8s 0.482079 506981 8935.5 1070190
7c5d 0.480944 502631 12070.5 1070190
7c5h 0.480944 502631 12070.5 1070190
7c5s 0.480944 502631 12070.5 1070190
Jh3s 0.479192 487431 25396 1070190
Jh3h 0.479192 487431 25396 1070190
Jh3d 0.479192 487431 25396 1070190
Jd3d 0.479192 487431 25396 1070190
Js3d 0.479192 487431 25396 1070190
Js3h 0.479192 487431 25396 1070190
Js3s 0.479192 487431 25396 1070190
Jd3h 0.479192 487431 25396 1070190
Jd3s 0.479192 487431 25396 1070190
Jh5c 0.476584 496291 13744.5 1070190
Js5c 0.476584 496291 13744.5 1070190
Jd5c 0.476584 496291 13744.5 1070190
Ts7c 0.475539 498962 9955.5 1070190
Th7c 0.475539 498962 9955.5 1070190
Td7c 0.475539 498962 9955.5 1070190
Td3h 0.474061 480981 26354.5 1070190
Ts3d 0.474061 480981 26354.5 1070190
Ts3h 0.474061 480981 26354.5 1070190
Ts3s 0.474061 480981 26354.5 1070190
Th3s 0.474061 480981 26354.5 1070190
Th3d 0.474061 480981 26354.5 1070190
Th3h 0.474061 480981 26354.5 1070190
Td3s 0.474061 480981 26354.5 1070190
Td3d 0.474061 480981 26354.5 1070190
4h4d 0.472914 489280 16828 1070190
4s4h 0.472914 489280 16828 1070190
4s4d 0.472914 489280 16828 1070190
7c4d 0.472105 493118 12124.5 1070190
7c4h 0.472105 493118 12124.5 1070190
7c4s 0.472105 493118 12124.5 1070190
5d3s 0.471016 471853 32224 1070190
5d3d 0.471016 471853 32224 1070190
5d3h 0.471016 471853 32224 1070190
5h3d 0.471016 471853 32224 1070190
5h3h 0.471016 471853 32224 1070190
5h3s 0.471016 471853 32224 1070190
5s3d 0.471016 471853 32224 1070190
5s3h 0.471016 471853 32224 1070190
5s3s 0.471016 471853 32224 1070190
9c5d 0.470673 490199 13510.5 1070190
9c5h 0.470673 490199 13510.5 1070190
9c5s 0.470673 490199 13510.5 1070190
4h3s 0.470283 471118 32174.5 1070190
4d3d 0.470283 471118 32174.5 1070190
4d3h 0.470283 471118 32174.5 1070190
4d3s 0.470283 471118 32174.5 1070190
4h3d 0.470283 471118 32174.5 1070190
4s3s 0.470283 471118 32174.5 1070190
4s3h 0.470283 471118 32174.5 1070190
4s3d 0.470283 471118 32174.5 1070190
4h3h 0.470283 471118 32174.5 1070190
7s3d 0.470004 472943 30050.5 1070190
7d3s 0.470004 472943 30050.5 1070190
7d3h 0.470004 472943 30050.5 1070190
7h3d 0.470004 472943 30050.5 1070190
7h3h 0.470004 472943 30050.5 1070190
7h3s 0.470004 472943 30050.5 1070190
7d3d 0.470004 472943 30050.5 1070190
7s3h 0.470004 472943 30050.5 1070190
7s3s 0.470004 472943 30050.5 1070190
9s8c 0.469595 493812 8743.5 1070190
9d8c 0.469595 493812 8743.5 1070190
9h8c 0.469595 493812 8743.5 1070190
9s3h 0.468972 474474 27415 1070190
9s3d 0.468972 474474 27415 1070190
9d3d 0.468972 474474 27415 1070190
9d3h 0.468972 474474 27415 1070190
9h3s 0.468972 474474 27415 1070190
9h3h 0.468972 474474 27415 1070190
9h3d 0.468972 474474 27415 1070190
9s3s 0.468972 474474 27415 1070190
9d3s 0.468972 474474 27415 1070190
7d5c 0.466652 487912 11494.5 1070190
7h5c 0.466652 487912 11494.5 1070190
7s5c 0.466652 487912 11494.5 1070190
8h3s 0.464429 468558 28469.5 1070190
8d3d 0.464429 468558 28469.5 1070190
8d3h 0.464429 468558 28469.5 1070190
8d3s 0.464429 468558 28469.5 1070190
8h3d 0.464429 468558 28469.5 1070190
8h3h 0.464429 468558 28469.5 1070190
8s3s 0.464429 468558 28469.5 1070190
8s3h 0.464429 468558 28469.5 1070190
8s3d 0.464429 468558 28469.5 1070190
Js4c 0.462679 481042 14112 1070190
Jh4c 0.462679 481042 14112 1070190
Jd4c 0.462679 481042 14112 1070190
9c4d 0.461131 479519 13978.5 1070190
9c4h 0.461131 479519 13978.5 1070190
9c4s 0.461131 479519 13978.5 1070190
9s7c 0.458414 481064 9526.5 1070190
9h7c 0.458414 481064 9526.5 1070190
9d7c 0.458414 481064 9526.5 1070190
Qd2c 0.457704 463711 26119 1070190
Qh2c 0.457704 463711 26119 1070190
Qs2c 0.457704 463711 26119 1070190
8c7d 0.451275 474267 8683.5 1070190
8c7h 0.451275 474267 8683.5 1070190
8c7s 0.451275 474267 8683.5 1070190
3h2h 0.450095 450296 31391.5 1070190
3h2s 0.450095 450296 31391.5 1070190
3h2d 0.450095 450296 31391.5 1070190
3d2s 0.450095 450296 31391.5 1070190
3d2h 0.450095 450296 31391.5 1070190
3s2d 0.450095 450296 31391.5 1070190
3s2h 0.450095 450296 31391.5 1070190
3s2s 0.450095 450296 31391.5 1070190
3d2d 0.450095 450296 31391.5 1070190
Td5c 0.447526 465523 13414.5 1070190
Th5c 0.447526 465523 13414.5 1070190
Ts5c 0.447526 465523 13414.5 1070190
9c2d 0.446593 464447 13492.5 1070190
9c2h 0.446593 464447 13492.5 1070190
9c2s 0.446593 464447 13492.5 1070190
7d4c 0.446131 465901 11544 1070190
7h4c 0.446131 465901 11544 1070190
7s4c 0.446131 465901 11544 1070190
8d7c 0.438329 460583 8512.5 1070190
8s7c 0.438329 460583 8512.5 1070190
8h7c 0.438329 460583 8512.5 1070190
8c5d 0.438121 456393 12480 1070190
8c5h 0.438121 456393 12480 1070190
8c5s 0.438121 456393 12480 1070190
Td4c 0.43362 450274 13782 1070190
Ts4c 0.43362 450274 13782 1070190
Th4c 0.43362 450274 13782 1070190
5c2s 0.432776 452320 10833 1070190
5c2h 0.432776 452320 10833 1070190
5c2d 0.432776 452320 10833 1070190
9d5c 0.430476 447805 12886.5 1070190
9h5c 0.430476 447805 12886.5 1070190
9s5c 0.430476 447805 12886.5 1070190
8c4d 0.428579 445713 12948 1070190
8c4s 0.428579 445713 12948 1070190
8c4h 0.428579 445713 12948 1070190
Jd2c 0.423339 427165 25888 1070190
Jh2c 0.423339 427165 25888 1070190
Js2c 0.423339 427165 25888 1070190
KhQs 0.4165 422132 23602 1070190
KhQh 0.4165 422132 23602 1070190
KhQd 0.4165 422132 23602 1070190
KdQs 0.4165 422132 23602 1070190
KdQh 0.4165 422132 23602 1070190
KdQd 0.4165 422132 23602 1070190
KsQs 0.4165 422132 23602 1070190
KsQd 0.4165 422132 23602 1070190
KsQh 0.4165 422132 23602 1070190
4c2s 0.415242 435211 9177 1070190
4c2h 0.415242 435211 9177 1070190
4c2d 0.415242 435211 9177 1070190
8c2s 0.413558 429669 12916.5 1070190
8c2h 0.413558 429669 12916.5 1070190
8c2d 0.413558 429669 12916.5 1070190
8h5c 0.410366 427297 11872.5 1070190
8d5c 0.410366 427297 11872.5 1070190
8s5c 0.410366 427297 11872.5 1070190
9h4c 0.409124 424537 13303.5 1070190
9d4c 0.409124 424537 13303.5 1070190
9s4c 0.409124 424537 13303.5 1070190
KsJh 0.408735 413003 24421 1070190
KsJs 0.408735 413003 24421 1070190
KdJd 0.408735 413003 24421 1070190
KsJd 0.408735 413003 24421 1070190
KhJd 0.408735 413003 24421 1070190
KdJh 0.408735 413003 24421 1070190
KdJs 0.408735 413003 24421 1070190
KhJs 0.408735 413003 24421 1070190
KhJh 0.408735 413003 24421 1070190
KhTd 0.401601 404666 25123 1070190
KdTh 0.401601 404666 25123 1070190
KdTs 0.401601 404666 25123 1070190
KdTd 0.401601 404666 25123 1070190
KhTh 0.401601 404666 25123 1070190
KhTs 0.401601 404666 25123 1070190
KsTh 0.401601 404666 25123 1070190
KsTd 0.401601 404666 25123 1070190
KsTs 0.401601 404666 25123 1070190
5d2c 0.396645 401518 22967.5 1070190
5h2c 0.396645 401518 22967.5 1070190
5s2c 0.396645 401518 22967.5 1070190
Th2c 0.394053 396154 25558 1070190
Td2c 0.394053 396154 25558 1070190
Ts2c 0.394053 396154 25558 1070190
4s2c 0.390711 396685 21449.5 1070190
4h2c 0.390711 396685 21449.5 1070190
4d2c 0.390711 396685 21449.5 1070190
8d4c 0.389014 404029 12289.5 1070190
8h4c 0.389014 404029 12289.5 1070190
8s4c 0.389014 404029 12289.5 1070190
Ks9d 0.387638 389138 25708 1070190
Ks9h 0.387638 389138 25708 1070190
Kh9d 0.387638 389138 25708 1070190
Kd9d 0.387638 389138 25708 1070190
Kh9h 0.387638 389138 25708 1070190
Kd9s 0.387638 389138 25708 1070190
Kd9h 0.387638 389138 25708 1070190
Kh9s 0.387638 389138 25708 1070190
Ks9s 0.387638 389138 25708 1070190
7c2d 0.386459 401879 11706 1070190
7c2h 0.386459 401879 11706 1070190
7c2s 0.386459 401879 11706 1070190
Ks7h 0.384438 384263 27158.5 1070190
Ks7s 0.384438 384263 27158.5 1070190
Kd7s 0.384438 384263 27158.5 1070190
Kd7h 0.384438 384263 27158.5 1070190
Ks7d 0.384438 384263 27158.5 1070190
Kd7d 0.384438 384263 27158.5 1070190
Kh7d 0.384438 384263 27158.5 1070190
Kh7h 0.384438 384263 27158.5 1070190
Kh7s 0.384438 384263 27158.5 1070190
Kh8s 0.380857 381413 26176 1070190
Kh8d 0.380857 381413 26176 1070190
Kh8h 0.380857 381413 26176 1070190
Kd8s 0.380857 381413 26176 1070190
Kd8h 0.380857 381413 26176 1070190
Kd8d 0.380857 381413 26176 1070190
Ks8d 0.380857 381413 26176 1070190
Ks8h 0.380857 381413 26176 1070190
Ks8s 0.380857 381413 26176 1070190
2h2d 0.376322 383507 19229.5 1070190
2s2d 0.376322 383507 19229.5 1070190
2s2h 0.376322 383507 19229.5 1070190
Ks5d 0.374973 369515 31777 1070190
Kd5d 0.374973 369515 31777 1070190
Kh5d 0.374973 369515 31777 1070190
Kh5h 0.374973 369515 31777 1070190
Kh5s 0.374973 369515 31777 1070190
Kd5h 0.374973 369515 31777 1070190
Kd5s 0.374973 369515 31777 1070190
Ks5s 0.374973 369515 31777 1070190
Ks5h 0.374973 369515 31777 1070190
Kd4d 0.372269 366134 32264.5 1070190
Kd4h 0.372269 366134 32264.5 1070190
Kd4s 0.372269 366134 32264.5 1070190
Kh4s 0.372269 366134 32264.5 1070190
Kh4d 0.372269 366134 32264.5 1070190
Ks4d 0.372269 366134 32264.5 1070190
Ks4s 0.372269 366134 32264.5 1070190
Kh4h 0.372269 366134 32264.5 1070190
Ks4h 0.372269 366134 32264.5 1070190
9s2c 0.369549 370408 25079.5 1070190
9d2c 0.369549 370408 25079.5 1070190
9h2c 0.369549 370408 25079.5 1070190
QdJs 0.359232 360158 24289 1070190
QsJs 0.359232 360158 24289 1070190
QsJh 0.359232 360158 24289 1070190
QhJs 0.359232 360158 24289 1070190
QhJh 0.359232 360158 24289 1070190
QhJd 0.359232 360158 24289 1070190
QsJd 0.359232 360158 24289 1070190
QdJh 0.359232 360158 24289 1070190
QdJd 0.359232 360158 24289 1070190
Kd2s 0.352422 345566 31592.5 1070190
Kh2d 0.352422 345566 31592.5 1070190
Kh2h 0.352422 345566 31592.5 1070190
Kh2s 0.352422 345566 31592.5 1070190
Kd2d 0.352422 345566 31592.5 1070190
Kd2h 0.352422 345566 31592.5 1070190
Ks2s 0.352422 345566 31592.5 1070190
Ks2h 0.352422 345566 31592.5 1070190
Ks2d 0.352422 345566 31592.5 1070190
QdTs 0.352098 351821 24991 1070190
QsTs 0.352098 351821 24991 1070190
QsTh 0.352098 351821 24991 1070190
QsTd 0.352098 351821 24991 1070190
QhTd 0.352098 351821 24991 1070190
QhTh 0.352098 351821 24991 1070190
QhTs 0.352098 351821 24991 1070190
QdTd 0.352098 351821 24991 1070190
QdTh 0.352098 351821 24991 1070190
5d4d 0.350149 346990 27735.5 1070190
5d4h 0.350149 346990 27735.5 1070190
5d4s 0.350149 346990 27735.5 1070190
5h4d 0.350149 346990 27735.5 1070190
5h4h 0.350149 346990 27735.5 1070190
5h4s 0.350149 346990 27735.5 1070190
5s4d 0.350149 346990 27735.5 1070190
5s4s 0.350149 346990 27735.5 1070190
5s4h 0.350149 346990 27735.5 1070190
8s2c 0.348909 348847 24551.5 1070190
8d2c 0.348909 348847 24551.5 1070190
8h2c 0.348909 348847 24551.5 1070190
Qh9d 0.338135 336293 25576 1070190
Qs9d 0.338135 336293 25576 1070190
Qd9d 0.338135 336293 25576 1070190
Qs9h 0.338135 336293 25576 1070190
Qs9s 0.338135 336293 25576 1070190
Qh9h 0.338135 336293 25576 1070190
Qh9s 0.338135 336293 25576 1070190
Qd9h 0.338135 336293 25576 1070190
Qd9s 0.338135 336293 25576 1070190
Qh7d 0.335238 331742 27026.5 1070190
Qs7d 0.335238 331742 27026.5 1070190
Qs7h 0.335238 331742 27026.5 1070190
Qs7s 0.335238 331742 27026.5 1070190
Qh7h 0.335238 331742 27026.5 1070190
Qd7s 0.335238 331742 27026.5 1070190
Qh7s 0.335238 331742 27026.5 1070190
Qd7d 0.335238 331742 27026.5 1070190
Qd7h 0.335238 331742 27026.5 1070190
7h2c 0.33459 334681 23393.5 1070190
7d2c 0.33459 334681 23393.5 1070190
7s2c 0.33459 334681 23393.5 1070190
Qs8s 0.331354 328568 26044 1070190
Qs8d 0.331354 328568 26044 1070190
Qd8d 0.331354 328568 26044 1070190
Qd8h 0.331354 328568 26044 1070190
Qh8s 0.331354 328568 26044 1070190
Qs8h 0.331354 328568 26044 1070190
Qd8s 0.331354 328568 26044 1070190
Qh8h 0.331354 328568 26044 1070190
Qh8d 0.331354 328568 26044 1070190
Qd5s 0.326429 317696 31645 1070190
Qh5s 0.326429 317696 31645 1070190
Qh5d 0.326429 317696 31645 1070190
Qh5h 0.326429 317696 31645 1070190
Qd5h 0.326429 317696 31645 1070190
Qs5s 0.326429 317696 31645 1070190
Qs5h 0.326429 317696 31645 1070190
Qs5d 0.326429 317696 31645 1070190
Qd5d 0.326429 317696 31645 1070190
Qd4d 0.323725 314315 32132.5 1070190
Qh4s 0.323725 314315 32132.5 1070190
Qd4h 0.323725 314315 32132.5 1070190
Qd4s 0.323725 314315 32132.5 1070190
Qh4h 0.323725 314315 32132.5 1070190
Qs4s 0.323725 314315 32132.5 1070190
Qs4h 0.323725 314315 32132.5 1070190
Qs4d 0.323725 314315 32132.5 1070190
Qh4d 0.323725 314315 32132.5 1070190
JhTd 0.308642 305564 24742 1070190
JhTs 0.308642 305564 24742 1070190
JhTh 0.308642 305564 24742 1070190
JdTs 0.308642 305564 24742 1070190
JsTs 0.308642 305564 24742 1070190
JdTh 0.308642 305564 24742 1070190
JsTh 0.308642 305564 24742 1070190
JsTd 0.308642 305564 24742 1070190
JdTd 0.308642 305564 24742 1070190
Qs2h 0.303222 293045 31460.5 1070190
Qh2d 0.303222 293045 31460.5 1070190
Qh2s 0.303222 293045 31460.5 1070190
Qh2h 0.303222 293045 31460.5 1070190
Qd2s 0.303222 293045 31460.5 1070190
Qd2h 0.303222 293045 31460.5 1070190
Qd2d 0.303222 293045 31460.5 1070190
Qs2d 0.303222 293045 31460.5 1070190
Qs2s 0.303222 293045 31460.5 1070190
Jh9s 0.294679 290036 25327 1070190
Jh9h 0.294679 290036 25327 1070190
Js9s 0.294679 290036 25327 1070190
Jd9s 0.294679 290036 25327 1070190
Jd9h 0.294679 290036 25327 1070190
Jd9d 0.294679 290036 25327 1070190
Js9h 0.294679 290036 25327 1070190
Js9d 0.294679 290036 25327 1070190
Jh9d 0.294679 290036 25327 1070190
Jd7d 0.291908 285620 26777.5 1070190
Jd7h 0.291908 285620 26777.5 1070190
Jd7s 0.291908 285620 26777.5 1070190
Jh7s 0.291908 285620 26777.5 1070190
Jh7h 0.291908 285620 26777.5 1070190
Jh7d 0.291908 285620 26777.5 1070190
Js7s 0.291908 285620 26777.5 1070190
Js7h 0.291908 285620 26777.5 1070190
Js7d 0.291908 285620 26777.5 1070190
Jh8s 0.287898 282311 25795 1070190
Jd8d 0.287898 282311 25795 1070190
Jd8h 0.287898 282311 25795 1070190
Jd8s 0.287898 282311 25795 1070190
Js8d 0.287898 282311 25795 1070190
Js8h 0.287898 282311 25795 1070190
Js8s 0.287898 282311 25795 1070190
Jh8d 0.287898 282311 25795 1070190
Jh8h 0.287898 282311 25795 1070190
Jd5s 0.283579 272087 31396 1070190
Js5s 0.283579 272087 31396 1070190
Js5h 0.283579 272087 31396 1070190
Js5d 0.283579 272087 31396 1070190
Jd5d 0.283579 272087 31396 1070190
Jd5h 0.283579 272087 31396 1070190
Jh5d 0.283579 272087 31396 1070190
Jh5h 0.283579 272087 31396 1070190
Jh5s 0.283579 272087 31396 1070190
Jd4h 0.280875 268706 31883.5 1070190
Jd4d 0.280875 268706 31883.5 1070190
Js4d 0.280875 268706 31883.5 1070190
Js4h 0.280875 268706 31883.5 1070190
Js4s 0.280875 268706 31883.5 1070190
Jd4s 0.280875 268706 31883.5 1070190
Jh4d 0.280875 268706 31883.5 1070190
Jh4h 0.280875 268706 31883.5 1070190
Jh4s 0.280875 268706 31883.5 1070190
7d5h 0.279225 270153 28671 1070190
7d5d 0.279225 270153 28671 1070190
7s5h 0.279225 270153 28671 1070190
7d5s 0.279225 270153 28671 1070190
7h5d 0.279225 270153 28671 1070190
7h5h 0.279225 270153 28671 1070190
7h5s 0.279225 270153 28671 1070190
7s5s 0.279225 270153 28671 1070190
7s5d 0.279225 270153 28671 1070190
Ts9d 0.267984 261833 24961 1070190
Ts9h 0.267984 261833 24961 1070190
Td9d 0.267984 261833 24961 1070190
Td9h 0.267984 261833 24961 1070190
Td9s 0.267984 261833 24961 1070190
Th9s 0.267984 261833 24961 1070190
Ts9s 0.267984 261833 24961 1070190
Th9d 0.267984 261833 24961 1070190
Th9h 0.267984 261833 24961 1070190
7h4s 0.266822 256812 28738.5 1070190
7d4s 0.266822 256812 28738.5 1070190
7d4h 0.266822 256812 28738.5 1070190
7d4d 0.266822 256812 28738.5 1070190
7h4d 0.266822 256812 28738.5 1070190
7s4d 0.266822 256812 28738.5 1070190
7h4h 0.266822 256812 28738.5 1070190
7s4h 0.266822 256812 28738.5 1070190
7s4s 0.266822 256812 28738.5 1070190
Ts7d 0.264986 257174 26411.5 1070190
Th7d 0.264986 257174 26411.5 1070190
Th7h 0.264986 257174 26411.5 1070190
Ts7h 0.264986 257174 26411.5 1070190
Ts7s 0.264986 257174 26411.5 1070190
Th7s 0.264986 257174 26411.5 1070190
Td7s 0.264986 257174 26411.5 1070190
Td7d 0.264986 257174 26411.5 1070190
Td7h 0.264986 257174 26411.5 1070190
Th8d 0.261203 254108 25429 1070190
Ts8d 0.261203 254108 25429 1070190
Th8s 0.261203 254108 25429 1070190
Ts8h 0.261203 254108 25429 1070190
Ts8s 0.261203 254108 25429 1070190
Td8s 0.261203 254108 25429 1070190
Td8h 0.261203 254108 25429 1070190
Th8h 0.261203 254108 25429 1070190
Td8d 0.261203 254108 25429 1070190
Jh2d 0.259893 246923 31211.5 1070190
Jh2h 0.259893 246923 31211.5 1070190
Jh2s 0.259893 246923 31211.5 1070190
Jd2d 0.259893 246923 31211.5 1070190
Jd2h 0.259893 246923 31211.5 1070190
Jd2s 0.259893 246923 31211.5 1070190
Js2d 0.259893 246923 31211.5 1070190
Js2s 0.259893 246923 31211.5 1070190
Js2h 0.259893 246923 31211.5 1070190
Td5s 0.247103 233417 31030 1070190
Td5h 0.247103 233417 31030 1070190
Td5d 0.247103 233417 31030 1070190
Th5d 0.247103 233417 31030 1070190
Th5h 0.247103 233417 31030 1070190
Th5s 0.247103 233417 31030 1070190
Ts5h 0.247103 233417 31030 1070190
Ts5s 0.247103 233417 31030 1070190
Ts5d 0.247103 233417 31030 1070190
9d7d 0.244968 236234 25928.5 1070190
9d7h 0.244968 236234 25928.5 1070190
9s7s 0.244968 236234 25928.5 1070190
9s7h 0.244968 236234 25928.5 1070190
9d7s 0.244968 236234 25928.5 1070190
9s7d 0.244968 236234 25928.5 1070190
9h7s 0.244968 236234 25928.5 1070190
9h7h 0.244968 236234 25928.5 1070190
9h7d 0.244968 236234 25928.5 1070190
Th4s 0.244399 230036 31517.5 1070190
Ts4s 0.244399 230036 31517.5 1070190
Ts4h 0.244399 230036 31517.5 1070190
Td4d 0.244399 230036 31517.5 1070190
Td4h 0.244399 230036 31517.5 1070190
Td4s 0.244399 230036 31517.5 1070190
Ts4d 0.244399 230036 31517.5 1070190
Th4d 0.244399 230036 31517.5 1070190
Th4h 0.244399 230036 31517.5 1070190
9d8s 0.241538 233546 24946 1070190
9h8d 0.241538 233546 24946 1070190
9h8h 0.241538 233546 24946 1070190
9h8s 0.241538 233546 24946 1070190
9d8h 0.241538 233546 24946 1070190
9d8d 0.241538 233546 24946 1070190
9s8d 0.241538 233546 24946 1070190
9s8h 0.241538 233546 24946 1070190
9s8s 0.241538 233546 24946 1070190
5d2h 0.233559 222498 27454.5 1070190
5d2s 0.233559 222498 27454.5 1070190
5d2d 0.233559 222498 27454.5 1070190
5s2s 0.233559 222498 27454.5 1070190
5s2h 0.233559 222498 27454.5 1070190
5s2d 0.233559 222498 27454.5 1070190
5h2d 0.233559 222498 27454.5 1070190
5h2h 0.233559 222498 27454.5 1070190
5h2s 0.233559 222498 27454.5 1070190
9h5h 0.227161 212693 30412 1070190
9s5s 0.227161 212693 30412 1070190
9h5s 0.227161 212693 30412 1070190
9s5h 0.227161 212693 30412 1070190
9d5s 0.227161 212693 30412 1070190
9d5h 0.227161 212693 30412 1070190
9s5d 0.227161 212693 30412 1070190
9d5d 0.227161 212693 30412 1070190
9h5d 0.227161 212693 30412 1070190
4h2s 0.226355 216738 25504.5 1070190
4d2h 0.226355 216738 25504.5 1070190
4d2d 0.226355 216738 25504.5 1070190
4s2s 0.226355 216738 25504.5 1070190
4s2h 0.226355 216738 25504.5 1070190
4h2d 0.226355 216738 25504.5 1070190
4h2h 0.226355 216738 25504.5 1070190
4s2d 0.226355 216738 25504.5 1070190
4d2s 0.226355 216738 25504.5 1070190
Td2s 0.223114 207929 30845.5 1070190
Td2h 0.223114 207929 30845.5 1070190
Ts2s 0.223114 207929 30845.5 1070190
Ts2d 0.223114 207929 30845.5 1070190
Td2d 0.223114 207929 30845.5 1070190
Th2d 0.223114 207929 30845.5 1070190
Th2h 0.223114 207929 30845.5 1070190
Th2s 0.223114 207929 30845.5 1070190
Ts2h 0.223114 207929 30845.5 1070190
8d7h 0.219965 210707 24697 1070190
8h7s 0.219965 210707 24697 1070190
8h7h 0.219965 210707 24697 1070190
8h7d 0.219965 210707 24697 1070190
8s7s 0.219965 210707 24697 1070190
8d7s 0.219965 210707 24697 1070190
8s7h 0.219965 210707 24697 1070190
8s7d 0.219965 210707 24697 1070190
8d7d 0.219965 210707 24697 1070190
9s4d 0.213806 197846 30967 1070190
9s4h 0.213806 197846 30967 1070190
9s4s 0.213806 197846 30967 1070190
9h4d 0.213806 197846 30967 1070190
9h4h 0.213806 197846 30967 1070190
9h4s 0.213806 197846 30967 1070190
9d4s 0.213806 197846 30967 1070190
9d4h 0.213806 197846 30967 1070190
9d4d 0.213806 197846 30967 1070190
8h5h 0.202107 187112 29180.5 1070190
8h5s 0.202107 187112 29180.5 1070190
8h5d 0.202107 187112 29180.5 1070190
8s5d 0.202107 187112 29180.5 1070190
8s5h 0.202107 187112 29180.5 1070190
8s5s 0.202107 187112 29180.5 1070190
8d5s 0.202107 187112 29180.5 1070190
8d5h 0.202107 187112 29180.5 1070190
8d5d 0.202107 187112 29180.5 1070190
9s2d 0.192521 175739 30295 1070190
9s2h 0.192521 175739 30295 1070190
9s2s 0.192521 175739 30295 1070190
9d2h 0.192521 175739 30295 1070190
9d2s 0.192521 175739 30295 1070190
9d2d 0.192521 175739 30295 1070190
9h2s 0.192521 175739 30295 1070190
9h2h 0.192521 175739 30295 1070190
9h2d 0.192521 175739 30295 1070190
8d4d 0.188752 172265 29735.5 1070190
8d4h 0.188752 172265 29735.5 1070190
8d4s 0.188752 172265 29735.5 1070190
8h4s 0.188752 172265 29735.5 1070190
8h4h 0.188752 172265 29735.5 1070190
8h4d 0.188752 172265 29735.5 1070190
8s4s 0.188752 172265 29735.5 1070190
8s4h 0.188752 172265 29735.5 1070190
8s4d 0.188752 172265 29735.5 1070190
8d2s 0.166801 148814 29695 1070190
8d2h 0.166801 148814 29695 1070190
8s2d 0.166801 148814 29695 1070190
8s2h 0.166801 148814 29695 1070190
8h2s 0.166801 148814 29695 1070190
8h2h 0.166801 148814 29695 1070190
8s2s 0.166801 148814 29695 1070190
8h2d 0.166801 148814 29695 1070190
8d2d 0.166801 148814 29695 1070190
7h2d 0.149024 131162 28322.5 1070190
7h2h 0.149024 131162 28322.5 1070190
7h2s 0.149024 131162 28322.5 1070190
7s2d 0.149024 131162 28322.5 1070190
7d2d 0.149024 131162 28322.5 1070190
7d2h 0.149024 131162 28322.5 1070190
7d2s 0.149024 131162 28322.5 1070190
7s2h 0.149024 131162 28322.5 1070190
7s2s 0.149024 131162 28322.5 1070190
