JdJc 0.962165 1029699 0 1070190
JsJd 0.961792 1029300 0 1070190
JsJc 0.961792 1029300 0 1070190
6h6c 0.954967 1021932 64.5 1070190
6s6c 0.954595 1021533 64.5 1070190
6s6h 0.954589 1021527 64.5 1070190
3h3d 0.948148 1014579 120 1070190
3s3d 0.947776 1014180 120 1070190
3s3h 0.94777 1014174 120 1070190
Jc6c 0.915672 977217 2726 1070190
Jd6h 0.912032 973254 2793.5 1070190
Jd6c 0.911932 973125 2816 1070190
Jc6h 0.911927 973119 2816 1070190
Jd6s 0.911575 972765 2793.5 1070190
Js6h 0.911575 972765 2793.5 1070190
Js6c 0.911476 972636 2816 1070190
Jc6s 0.91147 972630 2816 1070190
Js6s 0.911118 972276 2793.5 1070190
Jd3d 0.90235 960498 5187.5 1070190
Jc3h 0.898265 956037 5277.5 1070190
Jd3h 0.898265 956037 5277.5 1070190
Jc3d 0.898166 955908 5300 1070190
Js3h 0.897913 955683 5255 1070190
Js3d 0.897814 955554 5277.5 1070190
Jc3s 0.897808 955548 5277.5 1070190
Jd3s 0.897808 955548 5277.5 1070190
Js3s 0.897457 955194 5255 1070190
6h3h 0.869065 924120 5945 1070190
AhAd 0.865016 925236 495 1070190
AhAc 0.865016 925236 495 1070190
AdAc 0.865016 925236 495 1070190
6c3d 0.864275 918903 6035 1070190
6h3d 0.864269 918897 6035 1070190
6c3h 0.864206 918807 6057.5 1070190
AsAd 0.864191 924354 495 1070190
AsAh 0.864191 924354 495 1070190
AsAc 0.864191 924354 495 1070190
6s3d 0.863917 918543 6012.5 1070190
6c3s 0.863854 918453 6035 1070190
6s3h 0.863848 918447 6035 1070190
6h3s 0.863848 918447 6035 1070190
6s3s 0.863497 918093 6012.5 1070190
AdJd 0.848018 904257 3283.5 1070190
AcJc 0.847973 904209 3283.5 1070190
KdKc 0.846301 905208 495 1070190
KhKc 0.846301 905208 495 1070190
KhKd 0.846301 905208 495 1070190
KsKh 0.845483 904332 495 1070190
KsKd 0.845483 904332 495 1070190
KsKc 0.845483 904332 495 1070190
KdJd 0.841851 896889 4051.5 1070190
KcJc 0.841806 896844 4048.5 1070190
AhJc 0.839328 894822 3418.5 1070190
AhJd 0.839328 894822 3418.5 1070190
AdJc 0.839257 894723 3441 1070190
AcJd 0.839257 894723 3441 1070190
AhJs 0.838553 894015 3396 1070190
AcJs 0.838481 893916 3418.5 1070190
AdJs 0.838481 893916 3418.5 1070190
AsJc 0.83842 893850 3418.5 1070190
AsJd 0.83842 893850 3418.5 1070190
AsJs 0.837645 893043 3396 1070190
QdJd 0.835967 889915 4728 1070190
QcJc 0.835924 889876 4722 1070190
KhJd 0.833148 887408 4218.5 1070190
KhJc 0.833148 887408 4218.5 1070190
KcJd 0.833076 887309 4241 1070190
KdJc 0.833076 887309 4241 1070190
KhJs 0.83241 886645 4192 1070190
KcJs 0.832339 886546 4214.5 1070190
KdJs 0.832339 886546 4214.5 1070190
KsJd 0.832245 886442 4218.5 1070190
KsJc 0.832245 886442 4218.5 1070190
KsJs 0.831507 885679 4192 1070190
QhQd 0.827587 885180 495 1070190
QdQc 0.827587 885180 495 1070190
QhQc 0.827587 885180 495 1070190
QhJd 0.827235 880376 4923 1070190
QhJc 0.827235 880376 4923 1070190
QdJc 0.827164 880277 4945.5 1070190
QcJd 0.827164 880277 4945.5 1070190
QsQh 0.826774 884310 495 1070190
QsQd 0.826774 884310 495 1070190
QsQc 0.826774 884310 495 1070190
QhJs 0.826534 879655 4893 1070190
QdJs 0.826462 879556 4915.5 1070190
QcJs 0.826462 879556 4915.5 1070190
QsJd 0.826338 879416 4923 1070190
QsJc 0.826338 879416 4923 1070190
QsJs 0.825637 878695 4893 1070190
JdTd 0.815976 867936 5313 1070190
JcTc 0.815931 867897 5304 1070190
Jd9d 0.810819 861924 5806.5 1070190
Jc9c 0.810771 861885 5794.5 1070190
Jd7d 0.808666 858082 7344 1070190
Jc7c 0.808618 858049 7326 1070190
JdTh 0.806319 857382 5532 1070190
JcTh 0.806319 857382 5532 1070190
JdTc 0.806247 857283 5554.5 1070190
JcTd 0.806247 857283 5554.5 1070190
JsTh 0.805651 856701 5499 1070190
Jd8d 0.805616 855954 6208.5 1070190
JsTd 0.80558 856602 5521.5 1070190
JsTc 0.80558 856602 5521.5 1070190
Jc8c 0.805566 855915 6193.5 1070190
JdTs 0.805427 856428 5532 1070190
JcTs 0.805427 856428 5532 1070190
JsTs 0.80476 855747 5499 1070190
Jd5d 0.80345 847860 11984 1070190
Jc5c 0.803394 847810 11974 1070190
Jd4d 0.801617 845441 12441 1070190
Jc4c 0.801581 845423 12421 1070190
Jd9h 0.800891 851060 6045.5 1070190
Jc9h 0.800891 851060 6045.5 1070190
Jd9c 0.800819 850961 6068 1070190
Jc9d 0.800819 850961 6068 1070190
Js9h 0.800257 850417 6010 1070190
Js9d 0.800185 850318 6032.5 1070190
Js9c 0.800185 850318 6032.5 1070190
Jd9s 0.8 850106 6045.5 1070190
Jc9s 0.8 850106 6045.5 1070190
Js9s 0.799366 849463 6010 1070190
Jd7h 0.798869 847275 7667 1070190
Jc7h 0.798869 847275 7667 1070190
Jd7c 0.798799 847178 7689 1070190
Jc7d 0.798799 847178 7689 1070190
Js7h 0.798288 846692 7628 1070190
Js7d 0.798218 846595 7650 1070190
Js7c 0.798218 846595 7650 1070190
Jd7s 0.798002 846351 7663 1070190
Jc7s 0.798002 846351 7663 1070190
Js7s 0.797421 845768 7624 1070190
Jd8h 0.795378 844742 6463.5 1070190
Jc8h 0.795378 844742 6463.5 1070190
Jc8d 0.795306 844643 6486 1070190
Jd8c 0.795306 844643 6486 1070190
Js8h 0.794776 844135 6426 1070190
Js8d 0.794704 844036 6448.5 1070190
Js8c 0.794704 844036 6448.5 1070190
Jc8s 0.794481 843782 6463.5 1070190
Jd8s 0.794481 843782 6463.5 1070190
Jd2d 0.7942 838235 11709.5 1070190
Jc2c 0.794188 838253 11679 1070190
Js8s 0.793879 843175 6426 1070190
Jd5h 0.793721 836882 12550 1070190
Jc5h 0.793706 836866 12550 1070190
Jc5d 0.793637 836771 12571.5 1070190
Jd5c 0.793636 836769 12572.5 1070190
Js5h 0.793181 836366 12488 1070190
Js5d 0.793112 836271 12509.5 1070190
Js5c 0.793096 836253 12510.5 1070190
Jd5s 0.792889 836000 12542 1070190
Jc5s 0.792874 835984 12542 1070190
Js5s 0.792349 835484 12480 1070190
Jd4h 0.791768 834311 13031 1070190
Jc4h 0.791751 834293 13031 1070190
Jd4c 0.791683 834198 13053 1070190
Jc4d 0.791682 834198 13052.5 1070190
Js4h 0.791237 833808 12966 1070190
Js4d 0.791168 833713 12987.5 1070190
Js4c 0.791152 833695 12988 1070190
Jd4s 0.790931 833423 13023 1070190
Jc4s 0.790914 833405 13023 1070190
Js4s 0.7904 832920 12958 1070190
Jd2h 0.783716 826485 12240.5 1070190
Jc2h 0.783715 826485 12239 1070190
Jd2c 0.78363 826370 12262.5 1070190
Jc2d 0.783629 826370 12262 1070190
Js2h 0.783209 826008 12174.5 1070190
Js2d 0.783123 825893 12197.5 1070190
Js2c 0.783122 825893 12196.5 1070190
Jd2s 0.782838 825549 12236.5 1070190
Jc2s 0.782837 825549 12235 1070190
Js2s 0.782331 825072 12170.5 1070190
ThTd 0.730513 781293 495 1070190
ThTc 0.730513 781293 495 1070190
TdTc 0.730471 781248 495 1070190
TsTh 0.729748 780474 495 1070190
TsTc 0.729706 780429 495 1070190
TsTd 0.729706 780429 495 1070190
Ah6h 0.718412 765432 3405 1070190
Ac6c 0.717195 764130 3405 1070190
Kh6h 0.71225 758070 4173 1070190
9h9d 0.711294 760725 495 1070190
9h9c 0.711294 760725 495 1070190
9d9c 0.711252 760680 495 1070190
Kc6c 0.711028 756765 4170 1070190
9s9h 0.710529 759906 495 1070190
9s9d 0.710487 759861 495 1070190
9s9c 0.710487 759861 495 1070190
Qh6h 0.706371 751102 4849.5 1070190
Qc6c 0.705146 749797 4843.5 1070190
Ad6c 0.701713 747426 3540 1070190
Ad6h 0.701713 747426 3540 1070190
Ah6c 0.701683 747372 3562.5 1070190
Ac6h 0.70165 747336 3562.5 1070190
Ad6s 0.700938 746619 3517.5 1070190
Ah6s 0.700908 746565 3540 1070190
Ac6s 0.700875 746529 3540 1070190
As6c 0.700847 746499 3540 1070190
As6h 0.700847 746499 3540 1070190
As6s 0.700071 745692 3517.5 1070190
Kd6c 0.695533 740012 4340 1070190
Kd6h 0.695533 740012 4340 1070190
Kh6c 0.695503 739958 4362.5 1070190
Kc6h 0.695469 739922 4362.5 1070190
Kd6s 0.694795 739249 4313.5 1070190
Kh6s 0.694765 739195 4336 1070190
Kc6s 0.694732 739159 4336 1070190
Ks6h 0.694672 739091 4340 1070190
Ks6c 0.694672 739091 4340 1070190
Th6h 0.693952 733218 9442.5 1070190
Ks6s 0.693934 738328 4313.5 1070190
Tc6c 0.692458 731520 9541.5 1070190
8h8d 0.691369 739401 495 1070190
8h8c 0.691369 739401 495 1070190
8d8c 0.691327 739356 495 1070190
8s8h 0.690598 738576 495 1070190
8s8c 0.690556 738531 495 1070190
8s8d 0.690556 738531 495 1070190
Qd6h 0.68962 732980 5044.5 1070190
Qd6c 0.68962 732980 5044.5 1070190
Qh6c 0.689591 732926 5067 1070190
Qc6h 0.689557 732890 5067 1070190
9h6h 0.688921 726588 10688.5 1070190
Qd6s 0.688918 732259 5014.5 1070190
Qh6s 0.688889 732205 5037 1070190
Qc6s 0.688855 732169 5037 1070190
Qs6c 0.688765 732065 5044.5 1070190
Qs6h 0.688765 732065 5044.5 1070190
7h6h 0.688415 722860 13874.5 1070190
Qs6s 0.688063 731344 5014.5 1070190
9c6c 0.687505 724994 10767 1070190
7c6c 0.687156 721465 13922.5 1070190
8h6h 0.68407 720154 11930.5 1070190
7h7c 0.683556 730420 1115 1070190
7h7d 0.683556 730420 1115 1070190
7d7c 0.683516 730377 1115 1070190
7s7h 0.682811 729627 1111 1070190
7s7d 0.682771 729584 1111 1070190
7s7c 0.682771 729584 1111 1070190
8c6c 0.682722 718650 11992 1070190
6h5h 0.677362 709367 15539.5 1070190
Td6c 0.676959 714633 9841.5 1070190
Td6h 0.676953 714612 9856.5 1070190
Th6c 0.676946 714597 9864 1070190
Tc6h 0.676898 714531 9879 1070190
Td6s 0.676308 713979 9799.5 1070190
Th6s 0.676296 713943 9822 1070190
Tc6s 0.676254 713898 9822 1070190
6c5c 0.676194 708078 15578.5 1070190
Ts6c 0.676126 713742 9841.5 1070190
Ts6h 0.676121 713721 9856.5 1070190
6h4h 0.675535 706954 15996.5 1070190
Ts6s 0.675476 713088 9799.5 1070190
6c4c 0.674382 705691 16025.5 1070190
9d6h 0.671836 707830 11162.5 1070190
9d6c 0.671835 707841 11150 1070190
7d6h 0.671825 704452 14528.5 1070190
9h6c 0.671822 707805 11172.5 1070190
7d6c 0.671815 704450 14519.5 1070190
7h6c 0.671803 704415 14541.5 1070190
9c6h 0.671782 707749 11185 1070190
7c6h 0.671773 704374 14550.5 1070190
7d6s 0.671253 703920 14448.5 1070190
7h6s 0.671241 703885 14470.5 1070190
9d6s 0.671222 707237 11098 1070190
9h6s 0.671209 707201 11120.5 1070190
7c6s 0.671201 703842 14470.5 1070190
9c6s 0.671167 707156 11120.5 1070190
7s6h 0.671016 703590 14524.5 1070190
7s6c 0.671006 703588 14515.5 1070190
9s6h 0.671004 706939 11162.5 1070190
9s6c 0.671002 706950 11150 1070190
7s6s 0.670444 703058 14444.5 1070190
9s6s 0.670389 706346 11098 1070190
8d6h 0.666841 701178 12468.5 1070190
8d6c 0.666834 701181 12458 1070190
8h6c 0.666821 701145 12480.5 1070190
8c6h 0.666786 701097 12491 1070190
8d6s 0.666255 700623 12396 1070190
8h6s 0.666242 700587 12418.5 1070190
8c6s 0.6662 700542 12418.5 1070190
6h2h 0.666089 697433 15409 1070190
8s6h 0.666003 700281 12468.5 1070190
8s6c 0.665996 700284 12458 1070190
8s6s 0.665416 699726 12396 1070190
6c2c 0.66492 696165 15425.5 1070190
6h5d 0.660479 690540 16297.5 1070190
6c5d 0.660459 690526 16290.5 1070190
6c5h 0.660447 690492 16312 1070190
6h5c 0.660421 690456 16320 1070190
6s5d 0.659916 690024 16211.5 1070190
6s5h 0.659904 689990 16233 1070190
6s5c 0.659859 689940 16234 1070190
6h5s 0.659704 689719 16289.5 1070190
6c5s 0.659684 689705 16282.5 1070190
6s5s 0.659141 689203 16203.5 1070190
6h4d 0.658526 687969 16778.5 1070190
6c4d 0.658504 687953 16771.5 1070190
6c4h 0.658492 687919 16793 1070190
6h4c 0.658468 687885 16800.5 1070190
6s4d 0.657972 687466 16689.5 1070190
6s4h 0.657961 687432 16711 1070190
6s4c 0.657914 687382 16711.5 1070190
6h4s 0.657745 687142 16770.5 1070190
6c4s 0.657724 687126 16763.5 1070190
6s4s 0.657192 686639 16681.5 1070190
6h2d 0.648288 677659 16132 1070190
6c2d 0.648279 677660 16121.5 1070190
6c2h 0.648253 677607 16146.5 1070190
6h2c 0.648227 677572 16154 1070190
6s2d 0.647756 677182 16040 1070190
6s2h 0.64773 677129 16065 1070190
6s2c 0.647695 677095 16062 1070190
6h2s 0.647467 676785 16128 1070190
6c2s 0.647458 676786 16117.5 1070190
6s2s 0.646936 676308 16036 1070190
Ad3d 0.62214 661683 4125 1070190
Ah3h 0.62214 661683 4125 1070190
Kh3h 0.614893 653249 4803.5 1070190
Kd3d 0.614888 653243 4803.5 1070190
Qh3h 0.608063 645352 5390.5 1070190
Qd3d 0.608051 645340 5390.5 1070190
Ac3h 0.600719 638619 4264.5 1070190
Ac3d 0.600719 638619 4264.5 1070190
Ah3d 0.600702 638583 4282.5 1070190
Ad3h 0.600702 638583 4282.5 1070190
Ac3s 0.599944 637812 4242 1070190
Ah3s 0.599927 637776 4260 1070190
Ad3s 0.599927 637776 4260 1070190
As3h 0.599899 637746 4260 1070190
As3d 0.599899 637746 4260 1070190
As3s 0.599124 636939 4237.5 1070190
Th3h 0.594926 626970 9714 1070190
Td3d 0.594649 626565 9822 1070190
Kc3h 0.593453 630133 4974.5 1070190
Kc3d 0.593453 630133 4974.5 1070190
Kh3d 0.593437 630097 4993 1070190
Kd3h 0.593437 630097 4993 1070190
5h5d 0.592927 632712 1833 1070190
5d5c 0.592882 632662 1834 1070190
5h5c 0.59288 632660 1834 1070190
Kc3s 0.592715 629370 4948 1070190
Kh3s 0.592699 629334 4966.5 1070190
Kd3s 0.592699 629334 4966.5 1070190
Ks3d 0.592639 629266 4970.5 1070190
Ks3h 0.592639 629266 4970.5 1070190
5s5d 0.592216 631959 1825 1070190
5s5h 0.592214 631957 1825 1070190
5s5c 0.592169 631907 1826 1070190
Ks3s 0.591901 628503 4944 1070190
5d3d 0.590687 615721 16426 1070190
5h3h 0.590587 615663 16377 1070190
4d3d 0.589887 614919 16372.5 1070190
7h3h 0.589793 617313 13877.5 1070190
4h3h 0.589788 614862 16323.5 1070190
7d3d 0.58975 617201 13943.5 1070190
9h3h 0.589211 619697 10870.5 1070190
9d3d 0.589014 619396 10961 1070190
Qc3d 0.586588 622172 5589 1070190
Qc3h 0.586588 622172 5589 1070190
Qh3d 0.586572 622136 5608 1070190
Qd3h 0.586572 622136 5608 1070190
Qc3s 0.585887 621451 5559 1070190
Qh3s 0.585871 621415 5578 1070190
Qd3s 0.585871 621415 5578 1070190
Qs3h 0.585781 621311 5585.5 1070190
Qs3d 0.585781 621311 5585.5 1070190
Qs3s 0.585079 620590 5555.5 1070190
8h3h 0.583808 612763 12023 1070190
8d3d 0.583683 612552 12099.5 1070190
4h4d 0.575627 614233 1797.5 1070190
4d4c 0.575581 614183 1798 1070190
4h4c 0.575579 614181 1798 1070190
4s4d 0.574911 613474 1789.5 1070190
4s4h 0.574909 613472 1789.5 1070190
4s4c 0.574862 613422 1790 1070190
Th3d 0.573211 603309 10135.5 1070190
Tc3d 0.573209 603327 10116 1070190
Tc3h 0.573204 603306 10131 1070190
Td3h 0.573197 603279 10150.5 1070190
Th3s 0.57256 602655 10093.5 1070190
Tc3s 0.572559 602673 10074 1070190
Td3s 0.572552 602646 10093.5 1070190
Ts3d 0.572425 602490 10113 1070190
Ts3h 0.572419 602469 10128 1070190
Ts3s 0.571774 601836 10071 1070190
5d3h 0.570014 592815 17208.5 1070190
5c3h 0.570008 592829 17188 1070190
5h3d 0.570008 592815 17201.5 1070190
5c3d 0.570003 592831 17181 1070190
5d3s 0.569466 592321 17116 1070190
5h3s 0.569464 592319 17116 1070190
5c3s 0.56946 592335 17095.5 1070190
5s3h 0.56929 592069 17179 1070190
5s3d 0.569285 592071 17172 1070190
4d3h 0.569191 591988 17155 1070190
4c3h 0.569185 592002 17134 1070190
4h3d 0.569185 591988 17148 1070190
4c3d 0.56918 592004 17127 1070190
5s3s 0.568742 591575 17086.5 1070190
4d3s 0.568643 591494 17062.5 1070190
4h3s 0.568642 591492 17062.5 1070190
4c3s 0.568637 591508 17041.5 1070190
7c3h 0.568613 593991 14533 1070190
7d3h 0.568609 593966 14553.5 1070190
7h3d 0.568606 593972 14544.5 1070190
7c3d 0.568603 593989 14524 1070190
4s3h 0.568461 591236 17125.5 1070190
4s3d 0.568457 591238 17118.5 1070190
7h3s 0.568044 593442 14473.5 1070190
7c3s 0.568041 593459 14453 1070190
7d3s 0.568037 593434 14473.5 1070190
4s3s 0.567913 590742 17033 1070190
7s3h 0.567852 593182 14527.5 1070190
7s3d 0.567842 593180 14518.5 1070190
9h3d 0.567403 595874 11354.5 1070190
9c3h 0.567402 595881 11347 1070190
9c3d 0.567401 595892 11334.5 1070190
9d3h 0.567396 595854 11367 1070190
7s3s 0.56728 592650 14447.5 1070190
9h3s 0.56679 595270 11302.5 1070190
9c3s 0.566788 595288 11282.5 1070190
9d3s 0.566781 595261 11302.5 1070190
9s3h 0.566618 595044 11344.5 1070190
9s3d 0.566616 595055 11332 1070190
3d2d 0.566531 590933 15362.5 1070190
3h2h 0.566461 590905 15315.5 1070190
9s3s 0.566003 594451 11280 1070190
AhKh 0.564464 598596 5488 1070190
AdKd 0.564447 598577 5488 1070190
AcKc 0.56435 598478 5483.5 1070190
8c3h 0.561855 588729 12563 1070190
8h3d 0.561851 588714 12573 1070190
8d3h 0.561849 588702 12583.5 1070190
8c3d 0.561848 588732 12552.5 1070190
8h3s 0.561271 588156 12511 1070190
8c3s 0.561269 588174 12490.5 1070190
8d3s 0.561263 588147 12511 1070190
8s3h 0.561066 587886 12561 1070190
8s3d 0.561059 587889 12550.5 1070190
8s3s 0.560479 587331 12488.5 1070190
AhQh 0.555336 588827 5488 1070190
AdQd 0.555314 588803 5488 1070190
AcQc 0.555217 588704 5483.5 1070190
3h2c 0.54416 566292 16062.5 1070190
3h2d 0.544158 566267 16085.5 1070190
3d2c 0.544152 566293 16053.5 1070190
3d2h 0.544152 566267 16078.5 1070190
3s2c 0.543625 565815 15967.5 1070190
3s2h 0.543624 565789 15992.5 1070190
3s2d 0.543624 565790 15990.5 1070190
3h2s 0.543397 565480 16058.5 1070190
3d2s 0.54339 565481 16049.5 1070190
3s2s 0.542863 565003 15963.5 1070190
AcKd 0.540476 572651 5761 1070190
AdKc 0.540476 572651 5761 1070190
AhKd 0.540476 572651 5761 1070190
AhKc 0.540476 572651 5761 1070190
AcKh 0.540476 572651 5761 1070190
AdKh 0.540476 572651 5761 1070190
AcKs 0.539665 571806 5738.5 1070190
AhKs 0.539665 571806 5738.5 1070190
AdKs 0.539665 571806 5738.5 1070190
AsKd 0.539664 571809 5734.5 1070190
AsKh 0.539664 571809 5734.5 1070190
AsKc 0.539664 571809 5734.5 1070190
AsKs 0.538854 570964 5712 1070190
AhTh 0.534157 563915 7735 1070190
AdTd 0.534005 563686 7801 1070190
AcTc 0.533903 563581 7796.5 1070190
AhQd 0.530987 562496 5761 1070190
AhQc 0.530987 562496 5761 1070190
AcQd 0.530987 562496 5761 1070190
AdQc 0.530987 562496 5761 1070190
AdQh 0.530987 562496 5761 1070190
AcQh 0.530987 562496 5761 1070190
AsQh 0.530208 561689 5734.5 1070190
AsQc 0.530208 561689 5734.5 1070190
AsQd 0.530208 561689 5734.5 1070190
AcQs 0.530182 561657 5738.5 1070190
AhQs 0.530182 561657 5738.5 1070190
AdQs 0.530182 561657 5738.5 1070190
AsQs 0.529403 560850 5712 1070190
Ah9h 0.516955 544850 8390 1070190
Ad9d 0.516803 544594 8483.5 1070190
Ac9c 0.516695 544483 8479 1070190
Ah7h 0.510609 536339 10110 1070190
Ad7d 0.510518 536109 10242 1070190
Ac7c 0.510404 535992 10237.5 1070190
AcTh 0.509324 536927 8146 1070190
AdTh 0.509324 536927 8146 1070190
AhTc 0.509258 536851 8152 1070190
AhTd 0.509258 536851 8152 1070190
AcTd 0.509255 536854 8146 1070190
AdTc 0.509255 536854 8146 1070190
AsTh 0.508591 536176 8113.5 1070190
AhTs 0.508527 536091 8129.5 1070190
AdTs 0.508524 536094 8123.5 1070190
AcTs 0.508524 536094 8123.5 1070190
AsTc 0.508523 536103 8113.5 1070190
AsTd 0.508523 536103 8113.5 1070190
Ah8h 0.50788 534614 8914 1070190
AsTs 0.507792 535343 8091 1070190
Ad8d 0.50775 534359 9029.5 1070190
Ac8c 0.507636 534242 9025 1070190
KhQh 0.505104 535224 5333 1070190
KdQd 0.505074 535192 5333 1070190
KcQc 0.504986 535102 5328.5 1070190
Ad5d 0.497611 516379 16159 1070190
Ah5h 0.497528 516367 16082 1070190
Ac5c 0.497431 516180 16165.5 1070190
Ad4d 0.49411 512003 16788.5 1070190
Ah4h 0.494032 511997 16711.5 1070190
Ac4c 0.493951 511832 16789.5 1070190
Ac9h 0.491216 516836 8858.5 1070190
Ad9h 0.491216 516836 8858.5 1070190
Ah9c 0.49115 516757 8867 1070190
Ah9d 0.49115 516757 8867 1070190
Ac9d 0.491148 516763 8858.5 1070190
Ad9c 0.491148 516763 8858.5 1070190
As9h 0.490517 516123 8823.5 1070190
As9d 0.490449 516050 8823.5 1070190
As9c 0.490449 516050 8823.5 1070190
Ah9s 0.490423 516001 8844.5 1070190
Ad9s 0.49042 516007 8836 1070190
Ac9s 0.49042 516007 8836 1070190
As9s 0.489721 515294 8801 1070190
Ad7h 0.48503 508361 10713 1070190
Ac7h 0.48503 508361 10713 1070190
Ah7d 0.484969 508284 10725 1070190
Ah7c 0.484969 508284 10725 1070190
Ac7d 0.484963 508290 10713 1070190
Ad7c 0.484963 508290 10713 1070190
As7h 0.484385 507709 10674.5 1070190
As7c 0.484318 507638 10674.5 1070190
As7d 0.484318 507638 10674.5 1070190
Ah7s 0.484262 507553 10699 1070190
Ac7s 0.484256 507559 10687 1070190
Ad7s 0.484256 507559 10687 1070190
KhTh 0.483702 510073 7580 1070190
As7s 0.483611 506907 10648.5 1070190
KdTd 0.483543 509837 7646 1070190
KcTc 0.483449 509741 7641.5 1070190
Ad8h 0.481725 506109 9428.5 1070190
Ac8h 0.481725 506109 9428.5 1070190
Ah8c 0.48166 506029 9439 1070190
Ah8d 0.48166 506029 9439 1070190
Ad8c 0.481657 506036 9428.5 1070190
Ac8d 0.481657 506036 9428.5 1070190
As8h 0.481058 505432 9391.5 1070190
As8c 0.48099 505359 9391.5 1070190
As8d 0.48099 505359 9391.5 1070190
Ah8s 0.480927 505267 9416.5 1070190
Ad8s 0.480924 505274 9406 1070190
Ac8s 0.480924 505274 9406 1070190
As8s 0.480257 504597 9369 1070190
KhQd 0.478592 506584 5600 1070190
KhQc 0.478592 506584 5600 1070190
KcQd 0.478592 506584 5600 1070190
KdQh 0.478592 506584 5600 1070190
KcQh 0.478592 506584 5600 1070190
KdQc 0.478592 506584 5600 1070190
KcQs 0.477817 505777 5577.5 1070190
KhQs 0.477817 505777 5577.5 1070190
KdQs 0.477817 505777 5577.5 1070190
KsQc 0.477815 505779 5574 1070190
KsQd 0.477815 505779 5574 1070190
KsQh 0.477815 505779 5574 1070190
KsQs 0.47704 504972 5551.5 1070190
Ah5d 0.472276 488458 16967 1070190
Ad5h 0.472269 488458 16960 1070190
Ac5h 0.472262 488451 16959 1070190
Ac5d 0.472262 488451 16959 1070190
Ah5c 0.472211 488389 16967 1070190
Ad5c 0.472205 488389 16960 1070190
As5h 0.471666 487874 16898.5 1070190
As5d 0.471666 487874 16898.5 1070190
As5c 0.471602 487805 16898.5 1070190
Ah5s 0.4716 487764 16937.5 1070190
Ad5s 0.471593 487764 16930.5 1070190
Ac5s 0.471586 487757 16929.5 1070190
As5s 0.47099 487180 16869 1070190
Ad2d 0.470776 487834 15985.5 1070190
Ah2h 0.470709 487840 15908.5 1070190
Ac2c 0.470684 487735 15986.5 1070190
Ah4d 0.468618 483878 17632.5 1070190
Ad4h 0.468612 483878 17625.5 1070190
Ac4h 0.468603 483869 17625 1070190
Ac4d 0.468603 483869 17625 1070190
Ah4c 0.468554 483809 17632.5 1070190
Ad4c 0.468547 483809 17625.5 1070190
As4d 0.468018 483307 17561 1070190
As4h 0.468018 483307 17561 1070190
As4c 0.467953 483238 17561 1070190
Ah4s 0.467937 483178 17603 1070190
Ad4s 0.46793 483178 17596 1070190
Ac4s 0.467921 483169 17595.5 1070190
As4s 0.467336 482607 17531.5 1070190
Kh9h 0.466499 491008 8235 1070190
Kd9d 0.466341 490745 8328.5 1070190
Kc9c 0.466242 490643 8324 1070190
2h2d 0.461932 491781 2574 1070190
2h2c 0.461931 491781 2573 1070190
2d2c 0.46193 491782 2571 1070190
2s2h 0.461225 491029 2569 1070190
2s2d 0.461224 491030 2567 1070190
2s2c 0.461223 491030 2566 1070190
KcTh 0.456692 480762 7985 1070190
KdTh 0.456692 480762 7985 1070190
KhTd 0.456626 480686 7991 1070190
KhTc 0.456626 480686 7991 1070190
KcTd 0.456624 480689 7985 1070190
KdTc 0.456624 480689 7985 1070190
KsTh 0.455962 480013 7953 1070190
KhTs 0.455925 479958 7968.5 1070190
KcTs 0.455922 479961 7962.5 1070190
KdTs 0.455922 479961 7962.5 1070190
KsTd 0.455894 479940 7953 1070190
KsTc 0.455894 479940 7953 1070190
KsTs 0.455193 479212 7930.5 1070190
Kh7h 0.451195 472909 9955 1070190
Kd7d 0.451097 472673 10087 1070190
Kc7c 0.450992 472565 10082.5 1070190
5d4d 0.44861 467038 13060 1070190
5c4c 0.448412 466791 13095.5 1070190
5h4h 0.44837 466900 12941 1070190
Kh8h 0.448077 470768 8759 1070190
Kd8d 0.447941 470507 8874.5 1070190
Kc8c 0.447835 470399 8870 1070190
Ah2d 0.444308 458718 16775.5 1070190
Ah2c 0.444308 458718 16775.5 1070190
Ad2h 0.444301 458718 16768.5 1070190
Ad2c 0.444301 458718 16768.5 1070190
Ac2d 0.444301 458718 16768 1070190
Ac2h 0.444301 458718 16768 1070190
As2d 0.443722 458163 16704 1070190
As2c 0.443722 458163 16704 1070190
As2h 0.443722 458163 16704 1070190
Ah2s 0.443655 458046 16749.5 1070190
Ad2s 0.443649 458046 16742.5 1070190
Ac2s 0.443648 458046 16742 1070190
As2s 0.44307 457491 16678 1070190
QhTh 0.442146 465755 7425 1070190
QdTd 0.441975 465506 7491 1070190
QcTc 0.441892 465422 7486.5 1070190
Kd5d 0.439024 453835 16004 1070190
Kh5h 0.438946 453829 15927 1070190
Kc5c 0.438855 453648 16010.5 1070190
Kc9h 0.438584 460671 8697.5 1070190
Kd9h 0.438584 460671 8697.5 1070190
Kh9d 0.438518 460592 8706 1070190
Kh9c 0.438518 460592 8706 1070190
Kd9c 0.438516 460598 8697.5 1070190
Kc9d 0.438516 460598 8697.5 1070190
Ks9h 0.437889 459961 8663 1070190
Ks9d 0.43782 459888 8663 1070190
Ks9c 0.43782 459888 8663 1070190
Kh9s 0.43782 459867 8683.5 1070190
Kd9s 0.437818 459873 8675 1070190
Kc9s 0.437818 459873 8675 1070190
Ks9s 0.437122 459163 8640.5 1070190
Kd4d 0.435523 449459 16633.5 1070190
Kh4h 0.435451 449459 16556.5 1070190
Kc4c 0.435375 449300 16634.5 1070190
Qh9h 0.424721 446452 8080 1070190
Qd9d 0.42455 446176 8173.5 1070190
Qc9c 0.424462 446086 8169 1070190
5d4h 0.424332 440600 13516 1070190
5h4d 0.424332 440600 13516 1070190
5h4c 0.424276 440543 13512.5 1070190
5d4c 0.424274 440543 13510.5 1070190
5c4h 0.424272 440536 13516 1070190
5c4d 0.42427 440536 13514 1070190
5s4h 0.42376 440040 13463.5 1070190
5s4d 0.423758 440040 13461.5 1070190
5h4s 0.423745 440014 13474 1070190
5d4s 0.423743 440014 13472 1070190
5s4c 0.423701 439983 13458 1070190
5c4s 0.423684 439950 13472 1070190
5s4s 0.423171 439454 13419.5 1070190
Kd7h 0.422882 442012 10552 1070190
Kc7h 0.422882 442012 10552 1070190
Kh7d 0.422821 441935 10564 1070190
Kh7c 0.422821 441935 10564 1070190
Kc7d 0.422816 441941 10552 1070190
Kd7c 0.422816 441941 10552 1070190
Ks7h 0.42224 441363 10514 1070190
Ks7d 0.422174 441292 10514 1070190
Ks7c 0.422174 441292 10514 1070190
Kh7s 0.422147 441239 10538 1070190
Kc7s 0.422141 441245 10526 1070190
Kd7s 0.422141 441245 10526 1070190
Ks7s 0.421499 440596 10488 1070190
Kc8h 0.419163 439317 9267.5 1070190
Kd8h 0.419163 439317 9267.5 1070190
Kh8c 0.419098 439237 9278 1070190
Kh8d 0.419098 439237 9278 1070190
Kc8d 0.419095 439244 9267.5 1070190
Kd8c 0.419095 439244 9267.5 1070190
Ks8h 0.4185 438643 9231 1070190
Ks8d 0.418431 438570 9231 1070190
Ks8c 0.418431 438570 9231 1070190
Kh8s 0.418399 438511 9255.5 1070190
Kc8s 0.418396 438518 9245 1070190
Kd8s 0.418396 438518 9245 1070190
Ks8s 0.417732 437844 9208.5 1070190
QdTh 0.413413 434606 7824 1070190
QcTh 0.413413 434606 7824 1070190
QhTc 0.413347 434530 7830 1070190
QhTd 0.413347 434530 7830 1070190
QcTd 0.413344 434533 7824 1070190
QdTc 0.413344 434533 7824 1070190
QsTh 0.412684 433858 7792.5 1070190
QhTs 0.412675 433833 7807.5 1070190
QcTs 0.412672 433836 7801.5 1070190
QdTs 0.412672 433836 7801.5 1070190
QsTd 0.412616 433785 7792.5 1070190
QsTc 0.412616 433785 7792.5 1070190
QsTs 0.411944 433088 7770 1070190
Kd2d 0.411355 424398 15830.5 1070190
Kh2h 0.411295 424410 15753.5 1070190
Kc2c 0.411275 424311 15831.5 1070190
Kh5d 0.411015 423058 16806 1070190
Kd5h 0.411008 423058 16799 1070190
Kc5h 0.411001 423051 16798 1070190
Kc5d 0.411001 423051 16798 1070190
Kh5c 0.41095 422989 16806 1070190
Kd5c 0.410944 422989 16799 1070190
Ks5h 0.410408 422477 16738 1070190
Ks5d 0.410408 422477 16738 1070190
Kh5s 0.410371 422398 16776.5 1070190
Kd5s 0.410364 422398 16769.5 1070190
Kc5s 0.410357 422391 16768.5 1070190
Ks5c 0.410344 422408 16738 1070190
Ks5s 0.409764 421817 16708.5 1070190
Kh4d 0.407357 418478 17471.5 1070190
Kd4h 0.407351 418478 17464.5 1070190
Kc4d 0.407342 418469 17464 1070190
Kc4h 0.407342 418469 17464 1070190
Kh4c 0.407293 418409 17471.5 1070190
Kd4c 0.407286 418409 17464.5 1070190
Ks4h 0.40676 417910 17400.5 1070190
Ks4d 0.40676 417910 17400.5 1070190
Kh4s 0.406707 417812 17442 1070190
Kd4s 0.406701 417812 17435 1070190
Ks4c 0.406696 417841 17400.5 1070190
Kc4s 0.406692 417803 17434.5 1070190
Qh8h 0.406298 426212 8604 1070190
Qd8d 0.40615 425938 8719.5 1070190
Ks4s 0.40611 417244 17371 1070190
Qc8c 0.406056 425842 8715 1070190
Qh7h 0.399007 417213 9800 1070190
Qd7d 0.398904 416971 9932 1070190
Qc7c 0.39881 416875 9927.5 1070190
Qc9h 0.395069 414262 8536.5 1070190
Qd9h 0.395069 414262 8536.5 1070190
Qh9c 0.395003 414183 8545 1070190
Qh9d 0.395003 414183 8545 1070190
Qd9c 0.395 414189 8536.5 1070190
Qc9d 0.395 414189 8536.5 1070190
Qs9h 0.394374 413553 8502.5 1070190
Qh9s 0.394333 413489 8522.5 1070190
Qc9s 0.394331 413495 8514 1070190
Qd9s 0.394331 413495 8514 1070190
Qs9d 0.394306 413480 8502.5 1070190
Qs9c 0.394306 413480 8502.5 1070190
Qs9s 0.393637 412786 8480 1070190
Qd5d 0.387441 398787 15849 1070190
Qh5h 0.38737 398787 15772 1070190
Qc5c 0.387284 398612 15855.5 1070190
Qd4d 0.383941 394411 16478.5 1070190
Qh4h 0.383874 394417 16401.5 1070190
Qc4c 0.383804 394264 16479.5 1070190
Kh2c 0.38216 392369 16614.5 1070190
Kh2d 0.38216 392369 16614.5 1070190
Kd2c 0.382153 392369 16607.5 1070190
Kd2h 0.382153 392369 16607.5 1070190
Kc2h 0.382153 392369 16607 1070190
Kc2d 0.382153 392369 16607 1070190
Ks2c 0.381578 391817 16543.5 1070190
Ks2d 0.381578 391817 16543.5 1070190
Ks2h 0.381578 391817 16543.5 1070190
Kh2s 0.38154 391732 16588.5 1070190
Kd2s 0.381534 391732 16581.5 1070190
Kc2s 0.381533 391732 16581 1070190
Ks2s 0.380958 391180 16517.5 1070190
Th9h 0.379743 397551 8846 1070190
Td9d 0.379242 396827 9034 1070190
Tc9c 0.379143 396726 9029.5 1070190
Qd8h 0.375648 392908 9106.5 1070190
Qc8h 0.375648 392908 9106.5 1070190
Qh8c 0.375583 392828 9117 1070190
Qh8d 0.375583 392828 9117 1070190
Qc8d 0.37558 392835 9106.5 1070190
Qd8c 0.37558 392835 9106.5 1070190
Qs8h 0.374986 392236 9070.5 1070190
Qs8d 0.374918 392163 9070.5 1070190
Qs8c 0.374918 392163 9070.5 1070190
Qh8s 0.374911 392132 9094.5 1070190
Qc8s 0.374908 392139 9084 1070190
Qd8s 0.374908 392139 9084 1070190
Qs8s 0.374247 391467 9048 1070190
Qc7h 0.368313 383774 10391 1070190
Qd7h 0.368313 383774 10391 1070190
Qh7d 0.368252 383697 10403 1070190
Qh7c 0.368252 383697 10403 1070190
Qd7c 0.368247 383703 10391 1070190
Qc7d 0.368247 383703 10391 1070190
Qs7h 0.367674 383128 10353.5 1070190
Qh7s 0.36761 383036 10377 1070190
Qs7c 0.367608 383057 10353.5 1070190
Qs7d 0.367608 383057 10353.5 1070190
Qd7s 0.367605 383042 10365 1070190
Qc7s 0.367605 383042 10365 1070190
Qs7s 0.366966 382396 10327.5 1070190
7d5d 0.366701 378350 14089.5 1070190
7h5h 0.366666 378435 13967.5 1070190
7c5c 0.366544 378181 14090.5 1070190
Th8h 0.36132 377311 9370 1070190
Td8d 0.360841 376588 9580 1070190
Tc8c 0.360737 376482 9575.5 1070190
Qd2d 0.359162 368696 15675.5 1070190
Qh2h 0.359107 368714 15598.5 1070190
Qc2c 0.359093 368621 15676.5 1070190
Qh5d 0.357096 365516 16645 1070190
Qd5h 0.35709 365516 16638 1070190
Qc5d 0.357082 365509 16637 1070190
Qc5h 0.357082 365509 16637 1070190
Qh5c 0.357032 365447 16645 1070190
Qd5c 0.357025 365447 16638 1070190
Qs5h 0.356493 364938 16577.5 1070190
Qs5d 0.356493 364938 16577.5 1070190
Qh5s 0.356484 364890 16615.5 1070190
Qd5s 0.356477 364890 16608.5 1070190
Qc5s 0.35647 364883 16607.5 1070190
Qs5c 0.356429 364869 16577.5 1070190
Qs5s 0.355881 364312 16548 1070190
Th7h 0.35375 368014 10566 1070190
Qh4d 0.353439 360936 17310.5 1070190
Qd4h 0.353432 360936 17303.5 1070190
Qc4d 0.353423 360927 17303 1070190
Qc4h 0.353423 360927 17303 1070190
Qh4c 0.353374 360867 17310.5 1070190
Qd4c 0.353368 360867 17303.5 1070190
Td7d 0.353316 367323 10792.5 1070190
Tc7c 0.353213 367217 10788 1070190
Qs4h 0.352845 360371 17240 1070190
Qs4d 0.352845 360371 17240 1070190
Qh4s 0.352821 360304 17281 1070190
Qd4s 0.352814 360304 17274 1070190
Qc4s 0.352805 360295 17273.5 1070190
Qs4c 0.35278 360302 17240 1070190
Qs4s 0.352227 359739 17210.5 1070190
7d4d 0.351937 362461 14178.5 1070190
7h4h 0.351926 362571 14056.5 1070190
7c4c 0.351814 362328 14179.5 1070190
Tc9h 0.348602 363689 9381.5 1070190
Td9h 0.348602 363689 9381.5 1070190
Th9d 0.348597 363679 9386.5 1070190
Th9c 0.348597 363679 9386.5 1070190
Tc9d 0.348527 363611 9379 1070190
Td9c 0.348527 363611 9379 1070190
Ts9h 0.347978 363054 9349 1070190
Th9s 0.347965 363025 9364 1070190
Ts9c 0.347903 362976 9346.5 1070190
Ts9d 0.347903 362976 9346.5 1070190
Tc9s 0.347895 362957 9356.5 1070190
Td9s 0.347895 362957 9356.5 1070190
Ts9s 0.347271 362322 9324 1070190
7h5d 0.337283 346303 14654 1070190
9h8h 0.337249 352087 8834 1070190
7d5h 0.337229 346244 14655 1070190
7h5c 0.337223 346239 14654 1070190
7c5h 0.337222 346237 14654.5 1070190
7c5d 0.337213 346230 14652 1070190
7d5c 0.33716 346173 14652.5 1070190
9d8d 0.336878 351490 9033 1070190
9c8c 0.336761 351370 9028.5 1070190
7h5s 0.336719 345730 14623.5 1070190
7s5h 0.336673 345707 14597 1070190
7s5d 0.336664 345700 14594.5 1070190
7d5s 0.336656 345664 14622 1070190
7c5s 0.336649 345657 14621.5 1070190
7s5c 0.336604 345636 14594.5 1070190
7s5s 0.3361 345127 14564 1070190
Th5h 0.330922 337611 16538 1070190
Td5d 0.330659 337158 16709.5 1070190
Tc5c 0.330507 336989 16716 1070190
9h7h 0.329458 342553 10030 1070190
Tc8h 0.329181 342335 9951.5 1070190
Td8h 0.329181 342335 9951.5 1070190
Th8c 0.329178 342324 9958.5 1070190
Th8d 0.329178 342324 9958.5 1070190
9d7d 0.32913 341986 10245.5 1070190
Tc8d 0.329106 342257 9949 1070190
Td8c 0.329106 342257 9949 1070190
9c7c 0.329014 341867 10241 1070190
Ts8h 0.32859 341737 9917 1070190
Th8s 0.328544 341668 9936 1070190
Ts8c 0.328515 341659 9914.5 1070190
Ts8d 0.328515 341659 9914.5 1070190
Tc8s 0.328472 341601 9926.5 1070190
Td8s 0.328472 341601 9926.5 1070190
Ts8s 0.327881 341003 9892 1070190
Qh2c 0.327591 334131 16453.5 1070190
Qh2d 0.327591 334131 16453.5 1070190
Qd2h 0.327584 334131 16446.5 1070190
Qd2c 0.327584 334131 16446.5 1070190
Qc2h 0.327584 334131 16446 1070190
Qc2d 0.327584 334131 16446 1070190
Th4h 0.327426 333241 17167.5 1070190
Td4d 0.327158 332782 17339 1070190
Tc4c 0.327027 332641 17340 1070190
Qs2h 0.327012 333582 16383 1070190
Qs2c 0.327012 333582 16383 1070190
Qs2d 0.327012 333582 16383 1070190
Qh2s 0.327004 333529 16427.5 1070190
Qd2s 0.326998 333529 16420.5 1070190
Qc2s 0.326997 333529 16420 1070190
Qs2s 0.326425 332980 16357 1070190
7h4d 0.321623 329449 14749 1070190
7d4h 0.321569 329390 14750 1070190
7h4c 0.321563 329385 14749 1070190
7c4h 0.321561 329382 14749.5 1070190
7c4d 0.321552 329375 14747 1070190
Th7d 0.321552 332877 11244.5 1070190
Th7c 0.321552 332877 11244.5 1070190
Td7h 0.321551 332885 11236 1070190
Tc7h 0.321551 332885 11236 1070190
7d4c 0.3215 329319 14747.5 1070190
Tc7d 0.321478 332809 11233.5 1070190
Td7c 0.321478 332809 11233.5 1070190
7h4s 0.32106 328877 14718.5 1070190
7s4h 0.321026 328867 14691.5 1070190
7s4d 0.321017 328860 14689 1070190
7d4s 0.320997 328811 14717 1070190
7c4s 0.320989 328803 14716.5 1070190
Ts7h 0.320984 332314 11200 1070190
7s4c 0.320957 328796 14689 1070190
Th7s 0.320945 332254 11218.5 1070190
Ts7c 0.320911 332238 11197.5 1070190
Ts7d 0.320911 332238 11197.5 1070190
Tc7s 0.320872 332186 11207.5 1070190
Td7s 0.320872 332186 11207.5 1070190
7s4s 0.320454 328288 14658.5 1070190
Ts7s 0.320304 331615 11171.5 1070190
5d2d 0.311276 320543 12581 1070190
5c2c 0.311142 320361 12620.5 1070190
5h2h 0.311112 320487 12462 1070190
9h5h 0.30674 312446 15824 1070190
9d5d 0.306582 312117 15984.5 1070190
9c5c 0.306418 311935 15991 1070190
9c8h 0.304286 316263 9380.5 1070190
9d8h 0.304286 316263 9380.5 1070190
9h8c 0.30428 316251 9386.5 1070190
9h8d 0.30428 316251 9386.5 1070190
9d8c 0.30421 316184 9378 1070190
9c8d 0.30421 316184 9378 1070190
9s8h 0.303692 315660 9348 1070190
9h8s 0.303673 315624 9364 1070190
9s8c 0.303616 315581 9345.5 1070190
9s8d 0.303616 315581 9345.5 1070190
9d8s 0.303603 315557 9355.5 1070190
9c8s 0.303603 315557 9355.5 1070190
9s8s 0.303009 314954 9323 1070190
Th2h 0.302307 307200 16325.5 1070190
4c2c 0.302222 313235 10199.5 1070190
4d2d 0.302194 313283 10121.5 1070190
4h2h 0.30203 313227 10002.5 1070190
Td2d 0.302028 306732 16495.5 1070190
Tc2c 0.301965 306663 16496.5 1070190
8h7h 0.299474 311934 8560 1070190
8d7d 0.299236 311480 8759 1070190
8c7c 0.299105 311345 8754.5 1070190
Th5d 0.298515 301981 17486.5 1070190
Th5c 0.29845 301912 17486.5 1070190
Td5h 0.298447 301912 17483 1070190
Tc5h 0.29844 301905 17482 1070190
Tc5d 0.298433 301900 17479.5 1070190
Td5c 0.298376 301838 17480.5 1070190
Th5s 0.297943 301399 17457 1070190
Ts5h 0.297924 301411 17424 1070190
Ts5d 0.297917 301406 17421.5 1070190
Td5s 0.297869 301325 17451 1070190
Tc5s 0.297861 301318 17450 1070190
Ts5c 0.297852 301337 17421.5 1070190
Ts5s 0.297345 300824 17392 1070190
9d7h 0.296419 306560 10665 1070190
9c7h 0.296419 306560 10665 1070190
9h7c 0.296418 306551 10672.5 1070190
9h7d 0.296418 306551 10672.5 1070190
9c7d 0.296345 306483 10662.5 1070190
9d7c 0.296345 306483 10662.5 1070190
9s7h 0.29585 305985 10631 1070190
9h7s 0.295838 305956 10646.5 1070190
9s7c 0.295776 305908 10628.5 1070190
9s7d 0.295776 305908 10628.5 1070190
9d7s 0.295765 305888 10636.5 1070190
9c7s 0.295765 305888 10636.5 1070190
9s7s 0.295196 305313 10602.5 1070190
Th4d 0.294857 297401 18152 1070190
Th4c 0.294793 297332 18152 1070190
Td4h 0.294789 297332 18148.5 1070190
Tc4h 0.29478 297323 18148 1070190
Tc4d 0.294773 297318 18145.5 1070190
Td4c 0.294718 297258 18146 1070190
Th4s 0.29428 296813 18122.5 1070190
Ts4h 0.294275 296844 18086.5 1070190
Ts4d 0.294268 296839 18084 1070190
Td4s 0.294205 296739 18116.5 1070190
Ts4c 0.294204 296770 18084 1070190
Tc4s 0.294196 296730 18116 1070190
Ts4s 0.293691 296251 18054.5 1070190
9h4h 0.290483 294329 16542.5 1070190
9d4d 0.290302 293975 16703 1070190
9c4c 0.290177 293840 16704 1070190
5d2h 0.280019 286586 13087.5 1070190
5h2d 0.280019 286586 13087.5 1070190
5h2c 0.280015 286586 13083.5 1070190
5d2c 0.280013 286586 13081.5 1070190
5c2h 0.279959 286522 13087.5 1070190
5c2d 0.279957 286522 13085.5 1070190
5h2s 0.279525 286092 13053 1070190
5s2h 0.279525 286105 13039.5 1070190
5d2s 0.279523 286092 13051 1070190
5s2d 0.279523 286105 13037.5 1070190
5s2c 0.279519 286105 13033.5 1070190
5c2s 0.279463 286028 13051 1070190
5s2s 0.279029 285611 13003 1070190
8h5h 0.276923 282006 14354 1070190
8d5d 0.276854 281788 14498 1070190
8c5c 0.276676 281591 14504.5 1070190
9h5d 0.2735 275972 16724.5 1070190
9h5c 0.273435 275903 16724.5 1070190
9d5h 0.273434 275904 16722 1070190
9c5h 0.273426 275897 16721 1070190
9c5d 0.273418 275891 16718.5 1070190
9d5c 0.273361 275829 16719.5 1070190
9h5s 0.272952 275416 16695 1070190
9s5h 0.272909 275398 16666 1070190
9s5d 0.272901 275392 16663.5 1070190
9d5s 0.272879 275342 16690 1070190
9c5s 0.272871 275335 16689 1070190
9s5c 0.272836 275323 16663.5 1070190
9s5s 0.272354 274836 16634 1070190
4h2d 0.270489 278973 10502 1070190
4d2h 0.270489 278973 10502 1070190
4h2c 0.270478 278965 10498 1070190
4d2c 0.270476 278965 10496 1070190
4c2h 0.270426 278909 10498.5 1070190
4c2d 0.270424 278909 10496.5 1070190
4h2s 0.270022 278507 10467.5 1070190
4d2s 0.27002 278507 10465.5 1070190
4s2h 0.270002 278489 10464.5 1070190
4s2d 0.27 278489 10462.5 1070190
4s2c 0.269989 278481 10458.5 1070190
4c2s 0.269957 278443 10462 1070190
4s2s 0.269533 278023 10428 1070190
Th2c 0.268633 270234 17254.5 1070190
Th2d 0.268633 270234 17254.5 1070190
Td2h 0.268565 270165 17251 1070190
Tc2h 0.268565 270165 17250.5 1070190
Td2c 0.268558 270160 17248.5 1070190
Tc2d 0.268558 270160 17248 1070190
Th2s 0.268088 269677 17228.5 1070190
Ts2h 0.268066 269693 17189 1070190
Ts2c 0.268059 269688 17186.5 1070190
Ts2d 0.268059 269688 17186.5 1070190
Td2s 0.268014 269603 17222.5 1070190
Tc2s 0.268013 269603 17222 1070190
Ts2s 0.267515 269131 17160.5 1070190
9h2h 0.265363 268288 15700.5 1070190
9d2d 0.265172 267925 15859.5 1070190
9c2c 0.265114 267862 15860.5 1070190
8d7h 0.265096 274609 9094.5 1070190
8c7h 0.265096 274609 9094.5 1070190
8h7c 0.265093 274599 9100.5 1070190
8h7d 0.265093 274599 9100.5 1070190
8d7c 0.265021 274531 9092 1070190
8c7d 0.265021 274531 9092 1070190
8h7s 0.264541 274031 9078 1070190
8s7h 0.264527 274031 9063 1070190
8c7s 0.264469 273963 9069.5 1070190
8d7s 0.264469 273963 9069.5 1070190
8s7d 0.264452 273953 9060.5 1070190
8s7c 0.264452 273953 9060.5 1070190
8s7s 0.2639 273385 9038 1070190
8h4h 0.260665 263889 15072.5 1070190
8d4d 0.260573 263646 15216.5 1070190
8c4c 0.260434 263496 15217.5 1070190
9h4d 0.256275 256778 17485 1070190
9h4c 0.256211 256709 17485 1070190
9d4h 0.256209 256710 17482.5 1070190
9c4h 0.2562 256701 17482 1070190
9c4d 0.256192 256695 17479.5 1070190
9d4c 0.256137 256635 17480 1070190
9h4s 0.25573 256224 17455.5 1070190
9s4h 0.255699 256223 17423 1070190
9s4d 0.255691 256217 17420.5 1070190
9d4s 0.255656 256150 17450.5 1070190
9c4s 0.255647 256141 17450 1070190
9s4c 0.255626 256148 17420.5 1070190
9s4s 0.255145 255663 17391 1070190
8h5d 0.242352 244210 15152.5 1070190
8d5h 0.242288 244143 15151.5 1070190
8h5c 0.242287 244141 15152.5 1070190
8c5h 0.242281 244136 15150.5 1070190
8c5d 0.242272 244129 15148 1070190
8d5c 0.242215 244067 15149 1070190
8h5s 0.241832 243680 15126.5 1070190
8s5h 0.241763 243634 15098 1070190
8d5s 0.24176 243606 15123 1070190
8s5d 0.241754 243627 15095.5 1070190
8c5s 0.241752 243599 15122 1070190
8s5c 0.241689 243558 15095.5 1070190
8s5s 0.241234 243097 15069.5 1070190
8h2h 0.234685 236124 15033.5 1070190
8d2d 0.234563 235851 15176 1070190
8c2c 0.234511 235794 15177 1070190
9h2c 0.230051 229611 16587.5 1070190
9h2d 0.230051 229611 16587.5 1070190
9d2h 0.229985 229543 16585 1070190
9c2h 0.229985 229543 16584.5 1070190
9d2c 0.229977 229537 16582.5 1070190
9c2d 0.229977 229537 16582 1070190
9h2s 0.229539 229089 16561.5 1070190
9s2h 0.229489 229071 16525.5 1070190
9s2d 0.229481 229065 16523 1070190
9s2c 0.229481 229065 16523 1070190
9d2s 0.229465 229015 16556.5 1070190
9c2s 0.229465 229015 16556 1070190
9s2s 0.228969 228543 16497 1070190
8h4d 0.225127 225016 15913 1070190
8d4h 0.225064 224949 15912 1070190
8h4c 0.225063 224947 15913 1070190
8c4h 0.225055 224940 15911.5 1070190
8c4d 0.225046 224933 15909 1070190
8d4c 0.22499 224873 15909.5 1070190
8h4s 0.22461 224488 15887 1070190
8s4h 0.224553 224459 15855 1070190
8s4d 0.224544 224452 15852.5 1070190
8d4s 0.224537 224414 15883.5 1070190
8c4s 0.224528 224405 15883 1070190
8s4c 0.224479 224383 15852.5 1070190
8s4s 0.224026 223924 15826.5 1070190
7h2h 0.213042 214592 13403 1070190
7d2d 0.212971 214396 13523.5 1070190
7c2c 0.212925 214351 13519 1070190
8h2c 0.197984 196008 15872.5 1070190
8h2d 0.197984 196008 15872.5 1070190
8d2h 0.19792 195941 15871.5 1070190
8c2h 0.19792 195941 15871 1070190
8d2c 0.197912 195934 15869 1070190
8c2d 0.197911 195934 15868.5 1070190
8h2s 0.197505 195521 15846.5 1070190
8d2s 0.197432 195447 15843 1070190
8c2s 0.197432 195447 15842.5 1070190
8s2h 0.197423 195466 15814.5 1070190
8s2d 0.197414 195459 15812 1070190
8s2c 0.197414 195459 15812 1070190
8s2s 0.196935 194972 15786 1070190
7h2d 0.175641 173835 14134 1070190
7h2c 0.175641 173835 14134 1070190
7c2h 0.175582 173771 14135 1070190
7d2h 0.175582 173771 14135 1070190
7c2d 0.175572 173763 14132.5 1070190
7d2c 0.175572 173763 14132.5 1070190
7h2s 0.17519 173375 14111.5 1070190
7d2s 0.175121 173303 14110 1070190
7c2s 0.175121 173303 14110 1070190
7s2h 0.17511 173319 14081.5 1070190
7s2d 0.1751 173311 14079 1070190
7s2c 0.1751 173311 14079 1070190
7s2s 0.174649 172851 14056.5 1070190
