AsAc 0.961251 1028721 0 1070190
AhAc 0.961251 1028721 0 1070190
AsAh 0.942957 1009143 0 1070190
7s7d 0.935129 1000701 64.5 1070190
7h7d 0.935129 1000701 64.5 1070190
7s7h 0.934756 1000302 64.5 1070190
3h3d 0.927746 992745 120 1070190
3s3d 0.927746 992745 120 1070190
3s3h 0.927371 992343 120 1070190
Ac7d 0.926467 988716 2780 1070190
Ac7s 0.92601 988227 2780 1070190
Ac7h 0.92601 988227 2780 1070190
AcKc 0.923452 985908 2361 1070190
AcQc 0.919452 981024 2964 1070190
AcJc 0.91576 976542 3495 1070190
AcTc 0.91227 972348 3954 1070190
Ac3d 0.911893 970479 5420 1070190
Ac3h 0.911433 969987 5420 1070190
Ac3s 0.911433 969987 5420 1070190
Ac9c 0.908881 968334 4341 1070190
Ah7d 0.907324 968220 2789 1070190
As7d 0.907324 968220 2789 1070190
Ah7s 0.906867 967731 2789 1070190
Ah7h 0.906867 967731 2789 1070190
As7s 0.906867 967731 2789 1070190
As7h 0.906867 967731 2789 1070190
Ac8c 0.905688 964602 4656 1070190
Ac6c 0.903468 958860 8022.5 1070190
Ac5c 0.903192 957523 9064 1070190
Ac4c 0.902076 956047 9346 1070190
Ac2c 0.897861 951923 8958.5 1070190
Ah3d 0.892876 950199 5348 1070190
As3d 0.892876 950199 5348 1070190
Ah3s 0.892416 949707 5348 1070190
Ah3h 0.892416 949707 5348 1070190
As3s 0.892416 949707 5348 1070190
As3h 0.892416 949707 5348 1070190
AcKd 0.876133 934314 3315 1070190
AcKs 0.875225 933342 3315 1070190
AcKh 0.875225 933342 3315 1070190
AhKc 0.873985 932010 3319.5 1070190
AsKc 0.873985 932010 3319.5 1070190
AcQd 0.87008 927032 4119 1070190
AcQh 0.869172 926060 4119 1070190
AcQs 0.869172 926060 4119 1070190
AhQc 0.866759 923497 4099.5 1070190
AsQc 0.866759 923497 4099.5 1070190
AcJd 0.864635 920497 4827 1070190
AcJh 0.863733 919531 4827 1070190
AcJs 0.863733 919531 4827 1070190
AhJc 0.860103 915687 4786.5 1070190
AsJc 0.860103 915687 4786.5 1070190
AcTd 0.85946 914346 5439 1070190
AcTs 0.858562 913386 5439 1070190
AcTh 0.858562 913386 5439 1070190
Ac9d 0.854214 908216 5955 1070190
AsTc 0.853734 908277 5380.5 1070190
AhTc 0.853734 908277 5380.5 1070190
Ac9s 0.853317 907256 5955 1070190
Ac9h 0.853317 907256 5955 1070190
AhKd 0.850917 907449 3193.5 1070190
AsKd 0.850917 907449 3193.5 1070190
AhKs 0.850008 906477 3193.5 1070190
AsKh 0.850008 906477 3193.5 1070190
AhKh 0.850008 906477 3193.5 1070190
AsKs 0.850008 906477 3193.5 1070190
Ac8d 0.849237 902470 6375 1070190
7d3d 0.848892 901941 6534.5 1070190
Ac8h 0.84834 901510 6375 1070190
Ac8s 0.84834 901510 6375 1070190
Ac5d 0.848187 894240 13481 1070190
Ah9c 0.847374 900970 5881.5 1070190
As9c 0.847374 900970 5881.5 1070190
Ac5s 0.847355 893358 13473 1070190
Ac5h 0.847355 893358 13473 1070190
Ac6d 0.847127 894801 11785.5 1070190
Ac4d 0.846317 891779 13941 1070190
Ac6h 0.84626 893877 11781.5 1070190
Ac6s 0.84626 893877 11781.5 1070190
Ac4s 0.84548 890891 13933 1070190
Ac4h 0.84548 890891 13933 1070190
AhQd 0.845047 900387 3973.5 1070190
AsQd 0.845047 900387 3973.5 1070190
AhQs 0.844138 899415 3973.5 1070190
AhQh 0.844138 899415 3973.5 1070190
AsQs 0.844138 899415 3973.5 1070190
AsQh 0.844138 899415 3973.5 1070190
7h3d 0.843756 896355 6624.5 1070190
7s3d 0.843756 896355 6624.5 1070190
7d3s 0.843753 896352 6624.5 1070190
7d3h 0.843753 896352 6624.5 1070190
7h3h 0.843402 895998 6602 1070190
7h3s 0.843402 895998 6602 1070190
7s3h 0.843402 895998 6602 1070190
7s3s 0.843402 895998 6602 1070190
Ah8c 0.841296 894057 6289.5 1070190
As8c 0.841296 894057 6289.5 1070190
AhJd 0.839785 894069 4660.5 1070190
AsJd 0.839785 894069 4660.5 1070190
Ac2d 0.838927 884556 13255.5 1070190
AsJh 0.838882 893103 4660.5 1070190
AsJs 0.838882 893103 4660.5 1070190
AhJs 0.838882 893103 4660.5 1070190
AhJh 0.838882 893103 4660.5 1070190
As6c 0.838203 885554 11483 1070190
Ah6c 0.838203 885554 11483 1070190
Ac2s 0.838049 883620 13251.5 1070190
Ac2h 0.838049 883620 13251.5 1070190
As5c 0.837584 883222 13151.5 1070190
Ah5c 0.837584 883222 13151.5 1070190
AsTd 0.834784 888123 5254.5 1070190
AhTd 0.834784 888123 5254.5 1070190
As4c 0.834565 879554 13589.5 1070190
Ah4c 0.834565 879554 13589.5 1070190
AhTh 0.833887 887163 5254.5 1070190
AsTs 0.833887 887163 5254.5 1070190
AsTh 0.833887 887163 5254.5 1070190
AhTs 0.833887 887163 5254.5 1070190
Ah9d 0.829696 882177 5755.5 1070190
As9d 0.829696 882177 5755.5 1070190
Ah9s 0.828799 881217 5755.5 1070190
Ah9h 0.828799 881217 5755.5 1070190
As9s 0.828799 881217 5755.5 1070190
As9h 0.828799 881217 5755.5 1070190
As2c 0.826169 871271 12887 1070190
Ah2c 0.826169 871271 12887 1070190
Ah8d 0.824869 876603 6163.5 1070190
As8d 0.824869 876603 6163.5 1070190
As5d 0.824384 869082 13165 1070190
Ah5d 0.824384 869082 13165 1070190
As8h 0.823972 875643 6163.5 1070190
Ah8h 0.823972 875643 6163.5 1070190
Ah8s 0.823972 875643 6163.5 1070190
As8s 0.823972 875643 6163.5 1070190
Ah5s 0.823552 868200 13157 1070190
As5s 0.823552 868200 13157 1070190
As5h 0.823552 868200 13157 1070190
Ah5h 0.823552 868200 13157 1070190
As6d 0.823218 869539 11460.5 1070190
Ah6d 0.823218 869539 11460.5 1070190
Ah4d 0.822542 866661 13615 1070190
As4d 0.822542 866661 13615 1070190
As6s 0.822351 868615 11456.5 1070190
As6h 0.822351 868615 11456.5 1070190
Ah6h 0.822351 868615 11456.5 1070190
Ah6s 0.822351 868615 11456.5 1070190
Ah4h 0.821705 865773 13607 1070190
Ah4s 0.821705 865773 13607 1070190
As4s 0.821705 865773 13607 1070190
As4h 0.821705 865773 13607 1070190
As2d 0.815013 859323 12896 1070190
Ah2d 0.815013 859323 12896 1070190
Ah2s 0.814135 858387 12892 1070190
As2h 0.814135 858387 12892 1070190
As2s 0.814135 858387 12892 1070190
Ah2h 0.814135 858387 12892 1070190
KdKc 0.788959 843864 472.5 1070190
KhKc 0.788135 842982 472.5 1070190
KsKc 0.788135 842982 472.5 1070190
QdQc 0.769455 822991 472.5 1070190
QsQc 0.768631 822109 472.5 1070190
QhQc 0.768631 822109 472.5 1070190
KhKd 0.763074 816162 472.5 1070190
KsKd 0.763074 816162 472.5 1070190
KsKh 0.76225 815280 472.5 1070190
JdJc 0.7506 802812 472.5 1070190
JhJc 0.749781 801936 472.5 1070190
JsJc 0.749781 801936 472.5 1070190
QsQd 0.744365 796140 472.5 1070190
QhQd 0.744365 796140 472.5 1070190
QsQh 0.743541 795258 472.5 1070190
TdTc 0.731771 782661 472.5 1070190
TsTc 0.730958 781791 472.5 1070190
ThTc 0.730958 781791 472.5 1070190
JhJd 0.726357 776868 472.5 1070190
JsJd 0.726357 776868 472.5 1070190
JsJh 0.725539 775992 472.5 1070190
Kc7d 0.719131 760779 8827.5 1070190
Kc7s 0.718389 760044 8769 1070190
Kc7h 0.718389 760044 8769 1070190
Qc7d 0.712827 753520 9340.5 1070190
9d9c 0.712351 761878 472.5 1070190
Qc7s 0.712112 752813 9282 1070190
Qc7h 0.712112 752813 9282 1070190
9h9c 0.711538 761008 472.5 1070190
9s9c 0.711538 761008 472.5 1070190
ThTd 0.708349 757596 472.5 1070190
TsTd 0.708349 757596 472.5 1070190
TsTh 0.707537 756726 472.5 1070190
Jc7d 0.706609 745992 10213.5 1070190
Kd7d 0.706551 747660 8483.5 1070190
Jc7s 0.705923 745320 10151.5 1070190
Jc7h 0.705923 745320 10151.5 1070190
Qd7d 0.701448 741659 9023.5 1070190
Tc7d 0.700416 738252 11326.5 1070190
Tc7s 0.699761 737619 11258.5 1070190
Tc7h 0.699761 737619 11258.5 1070190
Jd7d 0.696459 735430 9913.5 1070190
9c7d 0.694197 730363 12559.5 1070190
9c7h 0.693572 729770 12484 1070190
9c7s 0.693572 729770 12484 1070190
KcQc 0.693279 734146 7794.5 1070190
8d8c 0.692951 741117 472.5 1070190
8h8c 0.692138 740247 472.5 1070190
8s8c 0.692138 740247 472.5 1070190
Td7d 0.691508 729009 11035.5 1070190
Kd7s 0.689849 729396 8873.5 1070190
Kd7h 0.689849 729396 8873.5 1070190
Kh7d 0.689754 729258 8909.5 1070190
Ks7d 0.689754 729258 8909.5 1070190
9h9d 0.689641 737574 472.5 1070190
9s9d 0.689641 737574 472.5 1070190
Kh7s 0.689012 728523 8851 1070190
Kh7h 0.689012 728523 8851 1070190
Ks7h 0.689012 728523 8851 1070190
Ks7s 0.689012 728523 8851 1070190
9s9h 0.688828 736704 472.5 1070190
8c7d 0.688446 722976 13792.5 1070190
8c7h 0.68785 722421 13709 1070190
8c7s 0.68785 722421 13709 1070190
KcJc 0.686538 726183 8543.5 1070190
9d7d 0.686517 722432 12271.5 1070190
Qd7h 0.684798 723451 9413.5 1070190
Qd7s 0.684798 723451 9413.5 1070190
Qh7d 0.684677 723285 9449.5 1070190
Qs7d 0.684677 723285 9449.5 1070190
Qh7s 0.683962 722578 9391 1070190
Qs7s 0.683962 722578 9391 1070190
Qh7h 0.683962 722578 9391 1070190
Qs7h 0.683962 722578 9391 1070190
8d7d 0.682005 716371 13503.5 1070190
KcTc 0.680231 718791 9185.5 1070190
Jd7s 0.679863 717255 10328 1070190
Jd7h 0.679863 717255 10328 1070190
Jh7d 0.679718 717060 10367.5 1070190
Js7d 0.679718 717060 10367.5 1070190
Js7s 0.679032 716388 10305.5 1070190
Jh7h 0.679032 716388 10305.5 1070190
Jh7s 0.679032 716388 10305.5 1070190
Js7h 0.679032 716388 10305.5 1070190
7d5c 0.67871 708951 17397.5 1070190
7s5c 0.678137 708435 17300.5 1070190
7h5c 0.678137 708435 17300.5 1070190
7d6c 0.677945 709831 15698.5 1070190
7h6c 0.677362 709299 15607.5 1070190
7s6c 0.677362 709299 15607.5 1070190
7d4c 0.675641 705217 17847.5 1070190
7h4c 0.675078 704714 17747.5 1070190
7s4c 0.675078 704714 17747.5 1070190
Td7h 0.67493 710811 11492 1070190
Td7s 0.67493 710811 11492 1070190
Th7d 0.674759 710583 11537.5 1070190
Ts7d 0.674759 710583 11537.5 1070190
7d5d 0.674677 705014 17018.5 1070190
Ts7h 0.674104 709950 11469.5 1070190
Th7h 0.674104 709950 11469.5 1070190
Th7s 0.674104 709950 11469.5 1070190
Ts7s 0.674104 709950 11469.5 1070190
7d4d 0.672866 702622 17472.5 1070190
7d6d 0.672527 704367 15365 1070190
8s8d 0.670932 717552 472.5 1070190
8h8d 0.670932 717552 472.5 1070190
8s8h 0.670119 716682 472.5 1070190
9d7s 0.669883 704122 12780.5 1070190
9d7h 0.669883 704122 12780.5 1070190
9s7d 0.669682 703854 12833.5 1070190
9h7d 0.669682 703854 12833.5 1070190
Kc9c 0.669352 706613 9720.5 1070190
9s7h 0.669058 703261 12758 1070190
9h7s 0.669058 703261 12758 1070190
9h7h 0.669058 703261 12758 1070190
9s7s 0.669058 703261 12758 1070190
7d2c 0.665977 695367 17354.5 1070190
7h2c 0.665433 694890 17250 1070190
7s2c 0.665433 694890 17250 1070190
8d7s 0.665306 697935 14068.5 1070190
8d7h 0.665306 697935 14068.5 1070190
8s7d 0.665077 697629 14129.5 1070190
8h7d 0.665077 697629 14129.5 1070190
7d2d 0.664673 694290 17036 1070190
8s7s 0.66448 697074 14046 1070190
8s7h 0.66448 697074 14046 1070190
8h7s 0.66448 697074 14046 1070190
8h7h 0.66448 697074 14046 1070190
Kc8c 0.663538 699963 10148.5 1070190
7s5d 0.658199 686609 17789 1070190
7h5d 0.658199 686609 17789 1070190
7d5s 0.658009 686338 17856.5 1070190
7d5h 0.658009 686338 17856.5 1070190
7s5h 0.657436 685822 17759.5 1070190
7h5h 0.657436 685822 17759.5 1070190
7h5s 0.657436 685822 17759.5 1070190
7s5s 0.657436 685822 17759.5 1070190
7s4d 0.656272 684072 18264 1070190
7h4d 0.656272 684072 18264 1070190
7d4h 0.656067 683782 18334.5 1070190
7d4s 0.656067 683782 18334.5 1070190
7h6d 0.655639 685620 16038 1070190
7s6d 0.655639 685620 16038 1070190
7h4s 0.655504 683279 18234.5 1070190
7h4h 0.655504 683279 18234.5 1070190
7s4h 0.655504 683279 18234.5 1070190
7s4s 0.655504 683279 18234.5 1070190
7d6h 0.655424 685325 16103 1070190
7d6s 0.655424 685325 16103 1070190
Kc5c 0.655148 685384 15748.5 1070190
7h6h 0.654842 684793 16012 1070190
7h6s 0.654842 684793 16012 1070190
7s6h 0.654842 684793 16012 1070190
7s6s 0.654842 684793 16012 1070190
Kc6c 0.653551 684944 14480 1070190
Kc4c 0.652872 682556 16141.5 1070190
7h2d 0.647358 675027 17769 1070190
7s2d 0.647358 675027 17769 1070190
7d2h 0.647106 674683 17843 1070190
7d2s 0.647106 674683 17843 1070190
7h2h 0.646562 674206 17738.5 1070190
7h2s 0.646562 674206 17738.5 1070190
7s2h 0.646562 674206 17738.5 1070190
7s2s 0.646562 674206 17738.5 1070190
QcJc 0.645193 682044 8435.5 1070190
QcTc 0.638886 674652 9077.5 1070190
Kc2c 0.637324 666439 15618.5 1070190
Qc9c 0.628007 662474 9612.5 1070190
Qc8c 0.622193 655824 10040.5 1070190
5c4c 0.615039 644741 13468 1070190
Qc5c 0.614575 642071 15640.5 1070190
Qc6c 0.612477 641095 14372 1070190
Qc4c 0.612299 639243 16033.5 1070190
JcTc 0.609538 643459 8862.5 1070190
Kc3d 0.608286 641502 9480 1070190
Kc3h 0.607545 640767 9421.5 1070190
Kc3s 0.607545 640767 9421.5 1070190
6d6c 0.606684 648075 1192.5 1070190
6h6c 0.605941 647283 1188.5 1070190
6s6c 0.605941 647283 1188.5 1070190
Qc3d 0.600909 633181 9906 1070190
Qc3h 0.600194 632474 9847.5 1070190
Qc3s 0.600194 632474 9847.5 1070190
Jc9c 0.598524 631137 9397.5 1070190
Kd3d 0.596445 629187 9122.5 1070190
5d5c 0.596291 636403 1741.5 1070190
Qc2c 0.596212 622550 15510.5 1070190
5h5c 0.595579 635649 1733.5 1070190
5s5c 0.595579 635649 1733.5 1070190
Jc3d 0.593749 624732 10692 1070190
Jc3s 0.593063 624060 10630 1070190
Jc3h 0.593063 624060 10630 1070190
Jc8c 0.59271 624487 9825.5 1070190
Qd3d 0.590273 622130 9574 1070190
Tc3d 0.586746 616212 11718 1070190
Tc3h 0.586091 615579 11650 1070190
Tc3s 0.586091 615579 11650 1070190
Jd3d 0.584346 614986 10375.5 1070190
6h6d 0.582829 622558 1180 1070190
6s6d 0.582829 622558 1180 1070190
6s6h 0.582085 621766 1176 1070190
9c3d 0.579848 607684 12864 1070190
9c3h 0.579224 607091 12788.5 1070190
9c3s 0.579224 607091 12788.5 1070190
Jc5c 0.579007 604222 15425.5 1070190
4d4c 0.57876 617678 1705.5 1070190
5c3d 0.578698 600113 19203.5 1070190
Td3d 0.578589 607791 11409 1070190
5c3s 0.578133 599618 19094 1070190
5c3h 0.578133 599618 19094 1070190
4h4c 0.578043 616918 1697.5 1070190
4s4c 0.578043 616918 1697.5 1070190
Jc4c 0.576732 601394 15818.5 1070190
4c3d 0.57668 598008 19149.5 1070190
Jc6c 0.576542 602853 14157 1070190
4c3s 0.576115 597513 19040 1070190
4c3h 0.576115 597513 19040 1070190
5d3d 0.575073 596654 18783.5 1070190
Tc9c 0.574583 605837 9075.5 1070190
4d3d 0.574286 595864 18731 1070190
6c3d 0.574131 596061 18368.5 1070190
Kd3s 0.574061 604842 9512.5 1070190
Kd3h 0.574061 604842 9512.5 1070190
Ks3d 0.573999 604740 9548.5 1070190
Kh3d 0.573999 604740 9548.5 1070190
5h5d 0.573853 612409 1722.5 1070190
5s5d 0.573853 612409 1722.5 1070190
6c3s 0.573574 595574 18259.5 1070190
6c3h 0.573574 595574 18259.5 1070190
8c3d 0.573551 599799 14010 1070190
Kh3s 0.573258 604005 9490 1070190
Ks3h 0.573258 604005 9490 1070190
Kh3h 0.573258 604005 9490 1070190
Ks3s 0.573258 604005 9490 1070190
5s5h 0.573141 611655 1714.5 1070190
8c3s 0.572955 599244 13926.5 1070190
8c3h 0.572955 599244 13926.5 1070190
9d3d 0.572924 600581 12556.5 1070190
6d3d 0.569191 591148 17994.5 1070190
Tc8c 0.568769 599187 9503.5 1070190
Qd3h 0.567941 597841 9964 1070190
Qd3s 0.567941 597841 9964 1070190
8d3d 0.567869 594028 13700 1070190
Qs3d 0.567853 597711 10000 1070190
Qh3d 0.567853 597711 10000 1070190
Qh3s 0.567138 597004 9941.5 1070190
Qs3h 0.567138 597004 9941.5 1070190
Qs3s 0.567138 597004 9941.5 1070190
Qh3h 0.567138 597004 9941.5 1070190
Jd3h 0.562068 590730 10790 1070190
Jd3s 0.562068 590730 10790 1070190
Js3d 0.561957 590571 10829.5 1070190
Jh3d 0.561957 590571 10829.5 1070190
Js3h 0.561271 589899 10767.5 1070190
Jh3h 0.561271 589899 10767.5 1070190
Jh3s 0.561271 589899 10767.5 1070190
Js3s 0.561271 589899 10767.5 1070190
Jc2c 0.560241 584269 15295.5 1070190
4s4d 0.556981 594388 1688 1070190
4h4d 0.556981 594388 1688 1070190
Td3s 0.556329 583512 11865.5 1070190
Td3h 0.556329 583512 11865.5 1070190
4s4h 0.556264 593628 1680 1070190
Ts3d 0.556192 583320 11911 1070190
Th3d 0.556192 583320 11911 1070190
6c5c 0.55601 581087 13949 1070190
Ts3h 0.555537 582687 11843 1070190
Ts3s 0.555537 582687 11843 1070190
Th3s 0.555537 582687 11843 1070190
Th3h 0.555537 582687 11843 1070190
5d3h 0.55412 573372 19641.5 1070190
5d3s 0.55412 573372 19641.5 1070190
5s3d 0.553961 573122 19721.5 1070190
5h3d 0.553961 573122 19721.5 1070190
5s3h 0.553396 572627 19612 1070190
5s3s 0.553396 572627 19612 1070190
5h3s 0.553396 572627 19612 1070190
5h3h 0.553396 572627 19612 1070190
4d3h 0.553308 572556 19589 1070190
4d3s 0.553308 572556 19589 1070190
4h3d 0.553144 572300 19669 1070190
4s3d 0.553144 572300 19669 1070190
Tc6c 0.552618 577732 13674.5 1070190
4s3s 0.552579 571805 19559.5 1070190
4s3h 0.552579 571805 19559.5 1070190
4h3s 0.552579 571805 19559.5 1070190
4h3h 0.552579 571805 19559.5 1070190
3d2c 0.552243 572867 18137.5 1070190
3h2c 0.55169 572389 18024 1070190
3s2c 0.55169 572389 18024 1070190
3d2d 0.551582 572527 17771 1070190
9d3h 0.550608 576190 13065.5 1070190
9d3s 0.550608 576190 13065.5 1070190
9c8c 0.550602 580174 9074.5 1070190
9s3d 0.550441 575958 13118.5 1070190
9h3d 0.550441 575958 13118.5 1070190
9s3h 0.549816 575365 13043 1070190
9h3s 0.549816 575365 13043 1070190
9h3h 0.549816 575365 13043 1070190
9s3s 0.549816 575365 13043 1070190
Tc5c 0.547989 571402 15050 1070190
6d3h 0.547559 567199 18793.5 1070190
6d3s 0.547559 567199 18793.5 1070190
6s3d 0.54736 566903 18876.5 1070190
6h3d 0.54736 566903 18876.5 1070190
6c4c 0.546884 571267 14002.5 1070190
6h3s 0.546803 566416 18767.5 1070190
6s3h 0.546803 566416 18767.5 1070190
6h3h 0.546803 566416 18767.5 1070190
6s3s 0.546803 566416 18767.5 1070190
Tc4c 0.545713 568574 15443 1070190
8d3h 0.545488 569511 14265 1070190
8d3s 0.545488 569511 14265 1070190
8s3d 0.545293 569241 14326 1070190
8h3d 0.545293 569241 14326 1070190
8s3s 0.544696 568686 14242.5 1070190
8h3h 0.544696 568686 14242.5 1070190
8s3h 0.544696 568686 14242.5 1070190
8h3s 0.544696 568686 14242.5 1070190
9c6c 0.534316 558574 13245.5 1070190
KcQd 0.531852 559629 9553.5 1070190
KcQh 0.53104 558787 9527 1070190
KcQs 0.53104 558787 9527 1070190
KdQc 0.530398 558097 9529.5 1070190
9c5c 0.529753 552422 14514 1070190
KhQc 0.529586 557255 9503 1070190
KsQc 0.529586 557255 9503 1070190
Tc2c 0.528954 551161 14920 1070190
3h2d 0.528915 547473 18567 1070190
3s2d 0.528915 547473 18567 1070190
3d2s 0.528704 547164 18650 1070190
3d2h 0.528704 547164 18650 1070190
3h2h 0.528152 546686 18536.5 1070190
3s2s 0.528152 546686 18536.5 1070190
3s2h 0.528152 546686 18536.5 1070190
3h2s 0.528152 546686 18536.5 1070190
5c2c 0.524197 548009 12981.5 1070190
KdQd 0.522421 550149 8941 1070190
KcJd 0.522067 548156 10554.5 1070190
KcJh 0.521261 547320 10528 1070190
KcJs 0.521261 547320 10528 1070190
9c4c 0.519595 541105 14960.5 1070190
KdJc 0.519247 545176 10516.5 1070190
KsJc 0.518474 544383 10483 1070190
KhJc 0.518474 544383 10483 1070190
4c2c 0.517637 542496 11474 1070190
KdJd 0.513051 539218 9844 1070190
KcTd 0.5129 537488 11412.5 1070190
8c6c 0.512724 536485 12227 1070190
KcTh 0.5121 536658 11386 1070190
KcTs 0.5121 536658 11386 1070190
KdTc 0.508734 533080 11362.5 1070190
8c5c 0.508127 530297 13495.5 1070190
KhTc 0.507999 532332 11323 1070190
KsTc 0.507999 532332 11323 1070190
KdTd 0.504254 529030 10618 1070190
9c2c 0.502801 523655 14437.5 1070190
8c4c 0.49797 518980 13942 1070190
KsQd 0.497395 522859 9448.5 1070190
KhQd 0.497395 522859 9448.5 1070190
KdQh 0.497395 522859 9448.5 1070190
KdQs 0.497395 522859 9448.5 1070190
KsQs 0.496584 522017 9422 1070190
KhQh 0.496584 522017 9422 1070190
KhQs 0.496584 522017 9422 1070190
KsQh 0.496584 522017 9422 1070190
Kc9d 0.49598 518665 12127.5 1070190
Kc9s 0.495182 517838 12101 1070190
Kc9h 0.495182 517838 12101 1070190
Kd9c 0.490537 512900 12067.5 1070190
Kh9c 0.489835 512193 12023 1070190
Ks9c 0.489835 512193 12023 1070190
Kd9d 0.48783 510808 11263 1070190
KhJd 0.48763 511428 10428.5 1070190
KsJd 0.48763 511428 10428.5 1070190
KdJs 0.487596 511385 10435.5 1070190
KdJh 0.487596 511385 10435.5 1070190
Kc8d 0.487276 508778 12699.5 1070190
KsJs 0.486824 510592 10402 1070190
KhJh 0.486824 510592 10402 1070190
KhJs 0.486824 510592 10402 1070190
KsJh 0.486824 510592 10402 1070190
Kc8s 0.486478 507951 12673 1070190
Kc8h 0.486478 507951 12673 1070190
8c2c 0.480624 500458 13901.5 1070190
Kd8c 0.480584 501685 12631.5 1070190
Kc5d 0.480081 491991 21786.5 1070190
Kh8c 0.479913 501015 12583 1070190
Ks8c 0.479913 501015 12583 1070190
Kd8d 0.47946 501334 11779 1070190
Kc5s 0.479408 491305 21753 1070190
Kc5h 0.479408 491305 21753 1070190
KhTd 0.478483 500799 11268.5 1070190
KsTd 0.478483 500799 11268.5 1070190
KdTs 0.478418 500717 11281.5 1070190
KdTh 0.478418 500717 11281.5 1070190
KsTs 0.477682 499969 11242 1070190
KsTh 0.477682 499969 11242 1070190
KhTh 0.477682 499969 11242 1070190
KhTs 0.477682 499969 11242 1070190
Kc4d 0.47665 487687 22419.5 1070190
Kc4h 0.475972 486995 22386 1070190
Kc4s 0.475972 486995 22386 1070190
Kc6d 0.475585 489235 19731.5 1070190
Kc6h 0.474882 488512 19701.5 1070190
Kc6s 0.474882 488512 19701.5 1070190
Kd5d 0.471375 484028 20433 1070190
2d2c 0.471051 499812 4302 1070190
2h2c 0.47034 499060 4293.5 1070190
2s2c 0.47034 499060 4293.5 1070190
Kd5c 0.469897 481423 21456.5 1070190
Ks5c 0.469281 480839 21381 1070190
Kh5c 0.469281 480839 21381 1070190
Kd4d 0.468037 479858 21030 1070190
Kd6d 0.467212 481531 18474.5 1070190
Kd6c 0.467153 480516 19426 1070190
Ks6c 0.466526 479915 19356.5 1070190
Kh6c 0.466526 479915 19356.5 1070190
Kd4c 0.465209 475793 22068.5 1070190
Ks4c 0.464602 475222 21990 1070190
Kh4c 0.464602 475222 21990 1070190
QcJd 0.461803 483806 10410.5 1070190
Ks9d 0.461198 481601 11968.5 1070190
Kh9d 0.461198 481601 11968.5 1070190
Kd9h 0.461103 481481 11986.5 1070190
Kd9s 0.461103 481481 11986.5 1070190
QcJh 0.461029 483005 10384 1070190
QcJs 0.461029 483005 10384 1070190
Ks9s 0.4604 480774 11942 1070190
Ks9h 0.4604 480774 11942 1070190
Kh9s 0.4604 480774 11942 1070190
Kh9h 0.4604 480774 11942 1070190
QdJc 0.460329 482264 10375.5 1070190
QhJc 0.459557 481471 10342 1070190
QsJc 0.459557 481471 10342 1070190
QdJd 0.455642 477921 9703 1070190
6c2c 0.454379 472917 13355 1070190
Kc2d 0.454012 464289 21590 1070190
Kc2s 0.453363 463625 21560 1070190
Kc2h 0.453363 463625 21560 1070190
QcTd 0.452636 473138 11268.5 1070190
Ks8d 0.452488 471720 12528.5 1070190
Kh8d 0.452488 471720 12528.5 1070190
Kd8s 0.452362 471563 12550.5 1070190
Kd8h 0.452362 471563 12550.5 1070190
QcTs 0.451868 472343 11242 1070190
QcTh 0.451868 472343 11242 1070190
Kh8h 0.451691 470893 12502 1070190
Kh8s 0.451691 470893 12502 1070190
Ks8h 0.451691 470893 12502 1070190
Ks8s 0.451691 470893 12502 1070190
QdTc 0.449817 470168 11221.5 1070190
QsTc 0.449081 469420 11182 1070190
QhTc 0.449081 469420 11182 1070190
QdTd 0.446846 467733 10477 1070190
2s2d 0.446491 473541 4289.5 1070190
2h2d 0.446491 473541 4289.5 1070190
2s2h 0.445781 472789 4281 1070190
Ks5d 0.445409 455085 21587.5 1070190
Kh5d 0.445409 455085 21587.5 1070190
Kd5s 0.445353 454983 21629.5 1070190
Kd5h 0.445353 454983 21629.5 1070190
Kd2d 0.445281 456309 20226.5 1070190
Kh5h 0.444737 454399 21554 1070190
Ks5s 0.444737 454399 21554 1070190
Ks5h 0.444737 454399 21554 1070190
Kh5s 0.444737 454399 21554 1070190
Kh4d 0.441917 450718 22217.5 1070190
Ks4d 0.441917 450718 22217.5 1070190
Kd4h 0.441846 450597 22262.5 1070190
Kd4s 0.441846 450597 22262.5 1070190
Ks4s 0.441239 450026 22184 1070190
Kh4h 0.441239 450026 22184 1070190
Kh4s 0.441239 450026 22184 1070190
Ks4h 0.441239 450026 22184 1070190
Kd2c 0.440673 450382 21221.5 1070190
Ks6d 0.440647 452067 19509 1070190
Kh6d 0.440647 452067 19509 1070190
Kd6h 0.44057 451945 19548.5 1070190
Kd6s 0.44057 451945 19548.5 1070190
Kh2c 0.440081 449827 21143 1070190
Ks2c 0.440081 449827 21143 1070190
Kh6h 0.439943 451344 19479 1070190
Kh6s 0.439943 451344 19479 1070190
Ks6s 0.439943 451344 19479 1070190
Ks6h 0.439943 451344 19479 1070190
5d4d 0.43773 452015 16439.5 1070190
5c4d 0.43615 449367 17396 1070190
Qc9d 0.435716 454315 11983.5 1070190
5c4h 0.435557 448781 17347.5 1070190
5c4s 0.435557 448781 17347.5 1070190
5d4c 0.434981 448186 17326 1070190
Qc9s 0.434951 453523 11957 1070190
Qc9h 0.434951 453523 11957 1070190
5s4c 0.434402 447626 17267 1070190
5h4c 0.434402 447626 17267 1070190
Qd9c 0.431619 449988 11926.5 1070190
Qs9c 0.430917 449281 11882 1070190
Qh9c 0.430917 449281 11882 1070190
Qd9d 0.430422 449511 11122 1070190
QhJd 0.427499 447218 10287.5 1070190
QsJd 0.427499 447218 10287.5 1070190
QdJh 0.427498 447210 10294.5 1070190
QdJs 0.427498 447210 10294.5 1070190
Qc8d 0.427012 444428 12555.5 1070190
QsJs 0.426726 446417 10261 1070190
QhJh 0.426726 446417 10261 1070190
QhJs 0.426726 446417 10261 1070190
QsJh 0.426726 446417 10261 1070190
Qc8s 0.426247 443636 12529 1070190
Qc8h 0.426247 443636 12529 1070190
Qd8d 0.422051 440037 11638 1070190
Qd8c 0.421667 438773 12490.5 1070190
Qc5d 0.421013 428921 21642.5 1070190
Qs8c 0.420995 438103 12442 1070190
Qh8c 0.420995 438103 12442 1070190
Qc5h 0.420371 428268 21609 1070190
Qc5s 0.420371 428268 21609 1070190
QhTd 0.418352 436589 11127.5 1070190
QsTd 0.418352 436589 11127.5 1070190
QdTh 0.418321 436542 11140.5 1070190
QdTs 0.418321 436542 11140.5 1070190
Ks2d 0.418191 426185 21358.5 1070190
Kh2d 0.418191 426185 21358.5 1070190
Kd2s 0.418134 426076 21407 1070190
Kd2h 0.418134 426076 21407 1070190
QsTh 0.417585 435794 11101 1070190
QhTh 0.417585 435794 11101 1070190
QsTs 0.417585 435794 11101 1070190
QhTs 0.417585 435794 11101 1070190
Qc4d 0.417582 424617 22275.5 1070190
Kh2s 0.417542 425521 21328.5 1070190
Kh2h 0.417542 425521 21328.5 1070190
Ks2s 0.417542 425521 21328.5 1070190
Ks2h 0.417542 425521 21328.5 1070190
Qc4h 0.416935 423958 22242 1070190
Qc4s 0.416935 423958 22242 1070190
Qc6d 0.415701 425292 19587.5 1070190
Qd5d 0.415129 423975 20292 1070190
Qc6h 0.41503 424603 19557.5 1070190
Qc6s 0.41503 424603 19557.5 1070190
5s4d 0.413333 425099 17245.5 1070190
5h4d 0.413333 425099 17245.5 1070190
5d4h 0.413318 425073 17256 1070190
5d4s 0.413318 425073 17256 1070190
5h4s 0.41274 424513 17197 1070190
5h4h 0.41274 424513 17197 1070190
5s4s 0.41274 424513 17197 1070190
5s4h 0.41274 424513 17197 1070190
Qd5c 0.412185 419801 21315.5 1070190
Qd4d 0.41179 419805 20889 1070190
Qs5c 0.411569 419217 21240 1070190
Qh5c 0.411569 419217 21240 1070190
JcTd 0.411114 428989 10981.5 1070190
JcTs 0.410374 428223 10955 1070190
JcTh 0.410374 428223 10955 1070190
Qd6d 0.410172 420629 18333.5 1070190
JdTc 0.409678 427494 10939.5 1070190
JhTc 0.408944 426747 10901 1070190
JsTc 0.408944 426747 10901 1070190
Qd6c 0.40862 418016 19285 1070190
Qh6c 0.407993 417415 19215.5 1070190
Qs6c 0.407993 417415 19215.5 1070190
JdTd 0.407758 426171 10207 1070190
Qd4c 0.407496 414171 21927.5 1070190
Qs4c 0.406889 413600 21849 1070190
Qh4c 0.406889 413600 21849 1070190
Qs9d 0.401068 417391 11827.5 1070190
Qh9d 0.401068 417391 11827.5 1070190
Qd9s 0.401005 417306 11845.5 1070190
Qd9h 0.401005 417306 11845.5 1070190
Qs9h 0.400303 416599 11801 1070190
Qh9s 0.400303 416599 11801 1070190
Qh9h 0.400303 416599 11801 1070190
Qs9s 0.400303 416599 11801 1070190
Qc2d 0.394128 400346 21446 1070190
Jc9d 0.393976 409933 11696.5 1070190
Qc2s 0.393511 399716 21416 1070190
Qc2h 0.393511 399716 21416 1070190
Jc9s 0.393239 409170 11670 1070190
Jc9h 0.393239 409170 11670 1070190
Qh8d 0.392358 407510 12387.5 1070190
Qs8d 0.392358 407510 12387.5 1070190
Qd8s 0.392264 407388 12409.5 1070190
Qd8h 0.392264 407388 12409.5 1070190
Qs8h 0.391593 406718 12361 1070190
Qh8s 0.391593 406718 12361 1070190
Qh8h 0.391593 406718 12361 1070190
Qs8s 0.391593 406718 12361 1070190
Jd9c 0.391263 407081 11644.5 1070190
Jd9d 0.391121 407722 10852 1070190
Js9c 0.390562 406375 11601 1070190
Jh9c 0.390562 406375 11601 1070190
Qd2d 0.388242 395407 20085.5 1070190
Qs5d 0.38652 392203 21446.5 1070190
Qh5d 0.38652 392203 21446.5 1070190
Qd5s 0.386494 392134 21488.5 1070190
Qd5h 0.386494 392134 21488.5 1070190
Qs5s 0.385878 391550 21413 1070190
Qs5h 0.385878 391550 21413 1070190
Qh5h 0.385878 391550 21413 1070190
Qh5s 0.385878 391550 21413 1070190
Jc8d 0.385272 400046 12268.5 1070190
Jc8s 0.384535 399283 12242 1070190
Jc8h 0.384535 399283 12242 1070190
Qs4d 0.383028 387836 22076.5 1070190
Qh4d 0.383028 387836 22076.5 1070190
Qd4h 0.382988 387748 22121.5 1070190
Qd4s 0.382988 387748 22121.5 1070190
Jd8d 0.382751 398248 11368 1070190
Qh4h 0.382381 387177 22043 1070190
Qh4s 0.382381 387177 22043 1070190
Qs4s 0.382381 387177 22043 1070190
Qs4h 0.382381 387177 22043 1070190
Qd2c 0.38214 387882 21080.5 1070190
Qh2c 0.381548 387327 21002 1070190
Qs2c 0.381548 387327 21002 1070190
Jd8c 0.38131 395866 12208.5 1070190
Qh6d 0.380911 388279 19368 1070190
Qs6d 0.380911 388279 19368 1070190
Qd6h 0.380866 388191 19407.5 1070190
Qd6s 0.380866 388191 19407.5 1070190
Js8c 0.380641 395197 12161 1070190
Jh8c 0.380641 395197 12161 1070190
Qh6h 0.380239 387590 19338 1070190
Qh6s 0.380239 387590 19338 1070190
Qs6s 0.380239 387590 19338 1070190
Qs6h 0.380239 387590 19338 1070190
JhTd 0.377656 393317 10846.5 1070190
JsTd 0.377656 393317 10846.5 1070190
JdTh 0.377649 393298 10858.5 1070190
JdTs 0.377649 393298 10858.5 1070190
JhTh 0.376915 392551 10820 1070190
JhTs 0.376915 392551 10820 1070190
JsTs 0.376915 392551 10820 1070190
JsTh 0.376915 392551 10820 1070190
Jc5d 0.369437 374012 21355.5 1070190
Jc5h 0.368826 373392 21322 1070190
Jc5s 0.368826 373392 21322 1070190
Jd5d 0.366181 371861 20022 1070190
Jc4d 0.366007 369708 21988.5 1070190
Jc4h 0.36539 369082 21955 1070190
Jc4s 0.36539 369082 21955 1070190
Jc6d 0.363528 369743 19300.5 1070190
Jc6s 0.362887 369088 19270.5 1070190
Jc6h 0.362887 369088 19270.5 1070190
Jd4d 0.362842 367691 20619 1070190
Jd5c 0.361983 366357 21033.5 1070190
Jh5c 0.36137 365776 20959 1070190
Js5c 0.36137 365776 20959 1070190
Jd6d 0.360643 367893 18063.5 1070190
Tc9d 0.360418 374449 11266.5 1070190
Jh9d 0.360145 373877 11546.5 1070190
Js9d 0.360145 373877 11546.5 1070190
Jd9s 0.360108 373820 11563.5 1070190
Jd9h 0.360108 373820 11563.5 1070190
Td9d 0.35978 374580 10453 1070190
Tc9h 0.359707 373715 11240 1070190
Tc9s 0.359707 373715 11240 1070190
Jh9h 0.359407 373114 11520 1070190
Jh9s 0.359407 373114 11520 1070190
Js9h 0.359407 373114 11520 1070190
Js9s 0.359407 373114 11520 1070190
Td9c 0.359058 373039 11221.5 1070190
Qh2d 0.358455 362397 21217.5 1070190
Qs2d 0.358455 362397 21217.5 1070190
Qd2s 0.35843 362322 21266 1070190
Qd2h 0.35843 362322 21266 1070190
Ts9c 0.35836 372333 11180 1070190
Th9c 0.35836 372333 11180 1070190
Qh2h 0.357838 361767 21187.5 1070190
Qh2s 0.357838 361767 21187.5 1070190
Qs2h 0.357838 361767 21187.5 1070190
Qs2s 0.357838 361767 21187.5 1070190
Jd6c 0.357815 363927 19003 1070190
Jd4c 0.357294 360727 21645.5 1070190
Js6c 0.357192 363329 18934.5 1070190
Jh6c 0.357192 363329 18934.5 1070190
Jh4c 0.356691 360159 21568 1070190
Js4c 0.356691 360159 21568 1070190
Tc8d 0.351714 364562 11838.5 1070190
Jh8d 0.351435 363996 12106.5 1070190
Js8d 0.351435 363996 12106.5 1070190
Td8d 0.35141 365106 10969 1070190
Jd8s 0.351367 363902 12127.5 1070190
Jd8h 0.351367 363902 12127.5 1070190
Tc8s 0.351003 363828 11812 1070190
Tc8h 0.351003 363828 11812 1070190
Jh8h 0.350698 363233 12080 1070190
Jh8s 0.350698 363233 12080 1070190
Js8h 0.350698 363233 12080 1070190
Js8s 0.350698 363233 12080 1070190
Td8c 0.349106 361824 11785.5 1070190
Ts8c 0.348438 361155 11740 1070190
Th8c 0.348438 361155 11740 1070190
6d5d 0.345232 351995 17469 1070190
6c5d 0.342767 348294 18532 1070190
6c5s 0.342207 347735 18491.5 1070190
6c5h 0.342207 347735 18491.5 1070190
Jc2d 0.341954 344797 21159 1070190
Jc2s 0.341369 344201 21129 1070190
Jc2h 0.341369 344201 21129 1070190
6d5c 0.341341 346905 18394.5 1070190
6h5c 0.340782 346368 18333.5 1070190
6s5c 0.340782 346368 18333.5 1070190
Jd2d 0.338712 342671 19815.5 1070190
Jd5h 0.335331 337661 21206.5 1070190
Jd5s 0.335331 337661 21206.5 1070190
Js5d 0.335329 337700 21165.5 1070190
Jh5d 0.335329 337700 21165.5 1070190
Jh5s 0.334718 337080 21132 1070190
Jh5h 0.334718 337080 21132 1070190
Js5h 0.334718 337080 21132 1070190
Js5s 0.334718 337080 21132 1070190
Js4d 0.331837 333333 21795.5 1070190
Jh4d 0.331837 333333 21795.5 1070190
Jd4s 0.331824 333275 21839.5 1070190
Jd4h 0.331824 333275 21839.5 1070190
Jd2c 0.331335 333793 20798.5 1070190
Jh4h 0.331221 332707 21762 1070190
Jh4s 0.331221 332707 21762 1070190
Js4h 0.331221 332707 21762 1070190
Js4s 0.331221 332707 21762 1070190
6d4d 0.331029 336711 17553 1070190
Js2c 0.330747 333241 20721 1070190
Jh2c 0.330747 333241 20721 1070190
Tc6d 0.329942 334499 18602 1070190
Tc6s 0.329328 333871 18572 1070190
Tc6h 0.329328 333871 18572 1070190
Td6d 0.32927 334969 17412.5 1070190
Js6d 0.3291 333112 19087 1070190
Jh6d 0.3291 333112 19087 1070190
Jd6s 0.329082 333055 19125.5 1070190
Jd6h 0.329082 333055 19125.5 1070190
Jh6s 0.328459 332457 19057 1070190
Jh6h 0.328459 332457 19057 1070190
Js6h 0.328459 332457 19057 1070190
Js6s 0.328459 332457 19057 1070190
9d8d 0.32821 340806 10441 1070190
6c4d 0.328179 332592 18621.5 1070190
6c4h 0.327619 332034 18581 1070190
6c4s 0.327619 332034 18581 1070190
Th9d 0.32759 339458 11125.5 1070190
Ts9d 0.32759 339458 11125.5 1070190
Td9h 0.327578 339430 11140.5 1070190
Td9s 0.327578 339430 11140.5 1070190
Th9s 0.326879 338724 11099 1070190
Ts9s 0.326879 338724 11099 1070190
Ts9h 0.326879 338724 11099 1070190
Th9h 0.326879 338724 11099 1070190
9c8d 0.32654 338194 11265.5 1070190
9c8h 0.325855 337488 11239 1070190
9c8s 0.325855 337488 11239 1070190
Td6c 0.325591 330125 18319 1070190
6d4c 0.325545 329913 18481.5 1070190
9d8c 0.325209 336814 11221.5 1070190
6s4c 0.324998 329390 18420 1070190
6h4c 0.324998 329390 18420 1070190
Ts6c 0.324969 329525 18254 1070190
Th6c 0.324969 329525 18254 1070190
9s8c 0.32454 336140 11179 1070190
9h8c 0.32454 336140 11179 1070190
Tc5d 0.324484 326424 20836 1070190
Tc5s 0.323905 325837 20802.5 1070190
Tc5h 0.323905 325837 20802.5 1070190
Td5d 0.323684 326864 19539 1070190
Tc4d 0.321054 322120 21469 1070190
Tc4s 0.320469 321527 21435.5 1070190
Tc4h 0.320469 321527 21435.5 1070190
Td4d 0.320345 322694 20136 1070190
Th8d 0.31888 329577 11685.5 1070190
Ts8d 0.31888 329577 11685.5 1070190
Td8h 0.318837 329512 11704.5 1070190
Td8s 0.318837 329512 11704.5 1070190
Td5c 0.318382 320206 20523.5 1070190
Ts8s 0.31817 328843 11659 1070190
Th8h 0.31817 328843 11659 1070190
Th8s 0.31817 328843 11659 1070190
Ts8h 0.31817 328843 11659 1070190
Th5c 0.317775 319628 20451.5 1070190
Ts5c 0.317775 319628 20451.5 1070190
6h5d 0.31542 319174 18385 1070190
6s5d 0.31542 319174 18385 1070190
6d5s 0.315418 319152 18405.5 1070190
6d5h 0.315418 319152 18405.5 1070190
6s5s 0.31486 318615 18344.5 1070190
6s5h 0.31486 318615 18344.5 1070190
6h5h 0.31486 318615 18344.5 1070190
6h5s 0.31486 318615 18344.5 1070190
Td4c 0.313693 314576 21135.5 1070190
Ts4c 0.313095 314011 21060.5 1070190
Th4c 0.313095 314011 21060.5 1070190
Jd2s 0.306646 307186 20984 1070190
Jd2h 0.306646 307186 20984 1070190
Jh2d 0.306643 307230 20936.5 1070190
Js2d 0.306643 307230 20936.5 1070190
Jh2s 0.306058 306634 20906.5 1070190
Jh2h 0.306058 306634 20906.5 1070190
Js2h 0.306058 306634 20906.5 1070190
Js2s 0.306058 306634 20906.5 1070190
9d6d 0.305858 310442 16884.5 1070190
5d2d 0.304644 310034 15993 1070190
9c6d 0.304546 307893 18029 1070190
9c6h 0.303956 307292 17999 1070190
9c6s 0.303956 307292 17999 1070190
9d6c 0.301481 304887 17755 1070190
9s6c 0.300859 304283 17693 1070190
9h6c 0.300859 304283 17693 1070190
9d5d 0.300374 302614 18843 1070190
5c2d 0.300323 304431 16972 1070190
6h4d 0.30031 302914 18474.5 1070190
6s4d 0.30031 302914 18474.5 1070190
6d4s 0.300297 302879 18495.5 1070190
6d4h 0.300297 302879 18495.5 1070190
5c2h 0.299823 303937 16931 1070190
5c2s 0.299823 303937 16931 1070190
6s4s 0.299751 302356 18434 1070190
6s4h 0.299751 302356 18434 1070190
6h4h 0.299751 302356 18434 1070190
6h4s 0.299751 302356 18434 1070190
9c5d 0.299195 300112 20084 1070190
9c5s 0.298639 299550 20050.5 1070190
9c5h 0.298639 299550 20050.5 1070190
5d2c 0.297419 301407 16887.5 1070190
5h2c 0.296918 300926 16833 1070190
5s2c 0.296918 300926 16833 1070190
Tc2d 0.296622 296802 20639.5 1070190
Td6h 0.296519 298899 18432.5 1070190
Td6s 0.296519 298899 18432.5 1070190
Th6d 0.296512 298927 18397.5 1070190
Ts6d 0.296512 298927 18397.5 1070190
Tc2h 0.296068 296240 20609.5 1070190
Tc2s 0.296068 296240 20609.5 1070190
4d2d 0.295987 303110 13652.5 1070190
Ts6h 0.295897 298299 18367.5 1070190
Ts6s 0.295897 298299 18367.5 1070190
Th6s 0.295897 298299 18367.5 1070190
Th6h 0.295897 298299 18367.5 1070190
Td2d 0.295846 297279 19332.5 1070190
9h8d 0.294852 304423 11124.5 1070190
9s8d 0.294852 304423 11124.5 1070190
9d8h 0.294837 304391 11140.5 1070190
9d8s 0.294837 304391 11140.5 1070190
9d5c 0.294389 295267 19785.5 1070190
9h8s 0.294167 303717 11098 1070190
9h8h 0.294167 303717 11098 1070190
9s8h 0.294167 303717 11098 1070190
9s8s 0.294167 303717 11098 1070190
9s5c 0.293781 294684 19717.5 1070190
9h5c 0.293781 294684 19717.5 1070190
Td5h 0.290925 290652 20693.5 1070190
Td5s 0.290925 290652 20693.5 1070190
Ts5d 0.290898 290661 20655 1070190
Th5d 0.290898 290661 20655 1070190
Ts5h 0.290318 290074 20621.5 1070190
Th5s 0.290318 290074 20621.5 1070190
Th5h 0.290318 290074 20621.5 1070190
Ts5s 0.290318 290074 20621.5 1070190
4c2d 0.290126 295991 14498.5 1070190
4c2s 0.289652 295525 14457.5 1070190
4c2h 0.289652 295525 14457.5 1070190
4d2c 0.288382 294139 14484 1070190
4s2c 0.287888 293655 14440 1070190
4h2c 0.287888 293655 14440 1070190
Td4h 0.287419 286266 21326.5 1070190
Td4s 0.287419 286266 21326.5 1070190
Ts4d 0.287406 286294 21285 1070190
Th4d 0.287406 286294 21285 1070190
Td2c 0.287349 287230 20288.5 1070190
Th4s 0.286821 285701 21251.5 1070190
Th4h 0.286821 285701 21251.5 1070190
Ts4s 0.286821 285701 21251.5 1070190
Ts4h 0.286821 285701 21251.5 1070190
Ts2c 0.286766 286681 20213.5 1070190
Th2c 0.286766 286681 20213.5 1070190
9d4d 0.284725 285186 19524 1070190
9c4d 0.283169 282238 20806.5 1070190
9c4s 0.282614 281678 20773 1070190
9c4h 0.282614 281678 20773 1070190
9d4c 0.277092 276057 20484.5 1070190
8d6d 0.276657 280613 15463 1070190
9h4c 0.276499 275493 20413 1070190
9s4c 0.276499 275493 20413 1070190
5d2h 0.27327 275583 16867.5 1070190
5d2s 0.27327 275583 16867.5 1070190
5h2d 0.273269 275596 16854 1070190
5s2d 0.273269 275596 16854 1070190
8c6d 0.273262 275918 16524 1070190
5s2s 0.272769 275102 16813 1070190
5h2h 0.272769 275102 16813 1070190
5h2s 0.272769 275102 16813 1070190
5s2h 0.272769 275102 16813 1070190
8c6s 0.2727 275343 16497.5 1070190
8c6h 0.2727 275343 16497.5 1070190
9d6h 0.272291 273535 17868.5 1070190
9d6s 0.272291 273535 17868.5 1070190
9s6d 0.272259 273532 17836.5 1070190
9h6d 0.272259 273532 17836.5 1070190
9h6h 0.271669 272931 17806.5 1070190
9s6h 0.271669 272931 17806.5 1070190
9s6s 0.271669 272931 17806.5 1070190
9h6s 0.271669 272931 17806.5 1070190
8d6c 0.271472 274283 16243.5 1070190
8d5d 0.271118 272726 17421.5 1070190
8h6c 0.270853 273679 16185.5 1070190
8s6c 0.270853 273679 16185.5 1070190
8c5d 0.267856 268078 18579 1070190
8c5s 0.267326 267541 18549 1070190
8c5h 0.267326 267541 18549 1070190
9d5h 0.266806 265584 19949.5 1070190
9d5s 0.266806 265584 19949.5 1070190
9s5d 0.266755 265563 19915 1070190
9h5d 0.266755 265563 19915 1070190
9s5h 0.266198 265001 19881.5 1070190
9h5s 0.266198 265001 19881.5 1070190
9h5h 0.266198 265001 19881.5 1070190
9s5s 0.266198 265001 19881.5 1070190
8d5c 0.26433 264609 18274 1070190
4d2h 0.264191 268334 14401 1070190
4d2s 0.264191 268334 14401 1070190
4s2d 0.264172 268316 14398 1070190
4h2d 0.264172 268316 14398 1070190
8s5c 0.263725 264026 18210 1070190
8h5c 0.263725 264026 18210 1070190
4h2h 0.263698 267850 14357 1070190
4h2s 0.263698 267850 14357 1070190
4s2h 0.263698 267850 14357 1070190
4s2s 0.263698 267850 14357 1070190
Td2h 0.261848 259756 20471 1070190
Td2s 0.261848 259756 20471 1070190
Ts2d 0.261818 259769 20426 1070190
Th2d 0.261818 259769 20426 1070190
Th2s 0.261265 259207 20396 1070190
Th2h 0.261265 259207 20396 1070190
Ts2h 0.261265 259207 20396 1070190
Ts2s 0.261265 259207 20396 1070190
9d2d 0.260226 259771 18720.5 1070190
9c2d 0.258741 256925 19977 1070190
9c2h 0.25822 256397 19947 1070190
9c2s 0.25822 256397 19947 1070190
8d4d 0.255469 255298 18102.5 1070190
8c4d 0.25183 250204 19301.5 1070190
8c4h 0.251302 249669 19271.5 1070190
8c4s 0.251302 249669 19271.5 1070190
9d2c 0.250744 248706 19637.5 1070190
9d4h 0.250192 247081 20672.5 1070190
9d4s 0.250192 247081 20672.5 1070190
9s2c 0.250164 248157 19566 1070190
9h2c 0.250164 248157 19566 1070190
9s4d 0.250153 247077 20634.5 1070190
9h4d 0.250153 247077 20634.5 1070190
9s4s 0.249599 246517 20601 1070190
9h4h 0.249599 246517 20601 1070190
9h4s 0.249599 246517 20601 1070190
9s4h 0.249599 246517 20601 1070190
8d4c 0.247033 245399 18973 1070190
8s4c 0.246443 244835 18905.5 1070190
8h4c 0.246443 244835 18905.5 1070190
8d6h 0.241791 242414 16348.5 1070190
8d6s 0.241791 242414 16348.5 1070190
8h6d 0.241735 242385 16317 1070190
8s6d 0.241735 242385 16317 1070190
8s6s 0.241173 241810 16290.5 1070190
8s6h 0.241173 241810 16290.5 1070190
8h6h 0.241173 241810 16290.5 1070190
8h6s 0.241173 241810 16290.5 1070190
8d5h 0.236247 234400 18429.5 1070190
8d5s 0.236247 234400 18429.5 1070190
8s5d 0.236173 234354 18395.5 1070190
8h5d 0.236173 234354 18395.5 1070190
8h5h 0.235643 233817 18365.5 1070190
8s5h 0.235643 233817 18365.5 1070190
8h5s 0.235643 233817 18365.5 1070190
8s5s 0.235643 233817 18365.5 1070190
8d2d 0.230154 228245 18063.5 1070190
8c2d 0.226557 223198 19261 1070190
8c2h 0.226067 222704 19231 1070190
8c2s 0.226067 222704 19231 1070190
9d2s 0.224623 220572 19817 1070190
9d2h 0.224623 220572 19817 1070190
9s2d 0.224564 220551 19775.5 1070190
9h2d 0.224564 220551 19775.5 1070190
9s2h 0.224043 220023 19745.5 1070190
9s2s 0.224043 220023 19745.5 1070190
9h2h 0.224043 220023 19745.5 1070190
9h2s 0.224043 220023 19745.5 1070190
8d2c 0.219814 216310 18932.5 1070190
8d4s 0.219633 215897 19152.5 1070190
8d4h 0.219633 215897 19152.5 1070190
8s4d 0.219571 215868 19115 1070190
8h4d 0.219571 215868 19115 1070190
8s2c 0.219238 215761 18865 1070190
8h2c 0.219238 215761 18865 1070190
8s4h 0.219043 215333 19085 1070190
8h4h 0.219043 215333 19085 1070190
8h4s 0.219043 215333 19085 1070190
8s4s 0.219043 215333 19085 1070190
6d2d 0.195676 192513 16897 1070190
8d2h 0.193194 187642 19112 1070190
8d2s 0.193194 187642 19112 1070190
8h2d 0.193107 187587 19074.5 1070190
8s2d 0.193107 187587 19074.5 1070190
8s2h 0.192618 187093 19044.5 1070190
8h2h 0.192618 187093 19044.5 1070190
8s2s 0.192618 187093 19044.5 1070190
8h2s 0.192618 187093 19044.5 1070190
6c2d 0.19032 185702 17976.5 1070190
6c2s 0.189873 185256 17944 1070190
6c2h 0.189873 185256 17944 1070190
6d2c 0.185487 180688 17818.5 1070190
6h2c 0.185012 180236 17762 1070190
6s2c 0.185012 180236 17762 1070190
6d2s 0.157957 151158 17886 1070190
6d2h 0.157957 151158 17886 1070190
6s2d 0.157929 151152 17862 1070190
6h2d 0.157929 151152 17862 1070190
6s2s 0.157482 150706 17829.5 1070190
6h2s 0.157482 150706 17829.5 1070190
6s2h 0.157482 150706 17829.5 1070190
6h2h 0.157482 150706 17829.5 1070190
