AsAc 0.943355 1009569 0 1070190
AhAc 0.943355 1009569 0 1070190
AsAh 0.942979 1009167 0 1070190
7s7c 0.93507 1000638 64.5 1070190
7h7c 0.93507 1000638 64.5 1070190
7s7h 0.934694 1000236 64.5 1070190
3s3d 0.933866 999294 120 1070190
3h3d 0.933866 999294 120 1070190
3s3h 0.927309 992277 120 1070190
Ac7c 0.907537 968457 2780 1070190
Ac7s 0.903427 963969 2870 1070190
Ac7h 0.903427 963969 2870 1070190
Ah7c 0.903427 963969 2870 1070190
As7c 0.903427 963969 2870 1070190
Ah7s 0.903073 963612 2847.5 1070190
Ah7h 0.903073 963612 2847.5 1070190
As7h 0.903073 963612 2847.5 1070190
As7s 0.903073 963612 2847.5 1070190
Ac3d 0.899685 957414 5420 1070190
As3d 0.89933 957057 5397.5 1070190
Ah3d 0.89933 957057 5397.5 1070190
Ac3h 0.891934 949074 5465 1070190
Ac3s 0.891934 949074 5465 1070190
As3s 0.89158 948717 5442.5 1070190
As3h 0.89158 948717 5442.5 1070190
Ah3h 0.89158 948717 5442.5 1070190
Ah3s 0.89158 948717 5442.5 1070190
AcKd 0.8771 935358 3306 1070190
AhKd 0.876325 934551 3283.5 1070190
AsKd 0.876325 934551 3283.5 1070190
AcQd 0.869651 926614 4078 1070190
AhQd 0.868913 925851 4051.5 1070190
AsQd 0.868913 925851 4051.5 1070190
AcJd 0.862769 918569 4758 1070190
AsJd 0.862067 917848 4728 1070190
AhJd 0.862067 917848 4728 1070190
AcKc 0.85787 914823 3261 1070190
AcTd 0.856171 910920 5346 1070190
AhTd 0.855504 910239 5313 1070190
AsTd 0.855504 910239 5313 1070190
7c3d 0.855135 908577 6579.5 1070190
7h3d 0.85478 908220 6557 1070190
7s3d 0.85478 908220 6557 1070190
AcQc 0.851979 907757 4022 1070190
AsKc 0.850601 906909 3396 1070190
AhKc 0.850601 906909 3396 1070190
AcKh 0.85054 906843 3396 1070190
AcKs 0.85054 906843 3396 1070190
AhKs 0.849765 906036 3373.5 1070190
AhKh 0.849765 906036 3373.5 1070190
AsKh 0.849765 906036 3373.5 1070190
AsKs 0.849765 906036 3373.5 1070190
Ac9d 0.84958 903370 5842 1070190
As9d 0.848946 902727 5806.5 1070190
Ah9d 0.848946 902727 5806.5 1070190
AcJc 0.846639 901373 4692 1070190
7c3h 0.846173 898941 6624.5 1070190
7c3s 0.846173 898941 6624.5 1070190
7h3s 0.845818 898584 6602 1070190
7h3h 0.845818 898584 6602 1070190
7s3h 0.845818 898584 6602 1070190
7s3s 0.845818 898584 6602 1070190
AsQc 0.844445 899529 4188 1070190
AhQc 0.844445 899529 4188 1070190
AcQs 0.844346 899419 4192 1070190
AcQh 0.844346 899419 4192 1070190
AhQs 0.843609 898656 4165.5 1070190
AhQh 0.843609 898656 4165.5 1070190
AsQh 0.843609 898656 4165.5 1070190
AsQs 0.843609 898656 4165.5 1070190
Ac8d 0.843273 896216 6246 1070190
As8d 0.84267 895609 6208.5 1070190
Ah8d 0.84267 895609 6208.5 1070190
AcTc 0.841555 895353 5271 1070190
Ac6d 0.839411 886694 11635 1070190
AhJc 0.838902 892899 4885.5 1070190
AsJc 0.838902 892899 4885.5 1070190
Ah6d 0.838866 886174 11572 1070190
As6d 0.838866 886174 11572 1070190
AcJs 0.838773 892753 4893 1070190
AcJh 0.838773 892753 4893 1070190
Ac5d 0.838681 884200 13348 1070190
Ah5d 0.838148 883699 13278.5 1070190
As5d 0.838148 883699 13278.5 1070190
AhJs 0.838071 892032 4863 1070190
AsJs 0.838071 892032 4863 1070190
AhJh 0.838071 892032 4863 1070190
AsJh 0.838071 892032 4863 1070190
Ac9c 0.836429 889379 5759 1070190
Ac4d 0.83557 880411 13808 1070190
As4d 0.835048 879925 13735.5 1070190
Ah4d 0.835048 879925 13735.5 1070190
AsTc 0.833623 886647 5488.5 1070190
AhTc 0.833623 886647 5488.5 1070190
AcTs 0.833465 886467 5499 1070190
AcTh 0.833465 886467 5499 1070190
AhTh 0.832798 885786 5466 1070190
AsTh 0.832798 885786 5466 1070190
AsTs 0.832798 885786 5466 1070190
AhTs 0.832798 885786 5466 1070190
Ac8c 0.831558 883769 6156 1070190
Ac5c 0.829925 875068 13109 1070190
Ac6c 0.829148 875877 11468.5 1070190
Ah9c 0.828262 880401 5997 1070190
As9c 0.828262 880401 5997 1070190
Ac4c 0.828127 872700 13553 1070190
Ac9s 0.828071 880183 6010 1070190
Ac9h 0.828071 880183 6010 1070190
As9s 0.827437 879540 5974.5 1070190
As9h 0.827437 879540 5974.5 1070190
Ah9h 0.827437 879540 5974.5 1070190
Ah9s 0.827437 879540 5974.5 1070190
Ac2d 0.826141 871020 13108 1070190
As2d 0.825627 870542 13036 1070190
Ah2d 0.825627 870542 13036 1070190
Ah8c 0.823166 874533 6411 1070190
As8c 0.823166 874533 6411 1070190
Ac8h 0.822943 874279 6426 1070190
Ac8s 0.822943 874279 6426 1070190
As8h 0.82234 873672 6388.5 1070190
Ah8h 0.82234 873672 6388.5 1070190
Ah8s 0.82234 873672 6388.5 1070190
As8s 0.82234 873672 6388.5 1070190
As5c 0.822112 866115 13701 1070190
Ah5c 0.822112 866115 13701 1070190
Ac5h 0.821897 865846 13740 1070190
Ac5s 0.821897 865846 13740 1070190
Ah5s 0.821364 865345 13670.5 1070190
Ah5h 0.821364 865345 13670.5 1070190
As5s 0.821364 865345 13670.5 1070190
As5h 0.821364 865345 13670.5 1070190
Ac2c 0.821143 865892 12887.5 1070190
As6c 0.821042 866721 11950 1070190
Ah6c 0.821042 866721 11950 1070190
Ac6h 0.820805 866432 11985.5 1070190
Ac6s 0.820805 866432 11985.5 1070190
Ah6h 0.82026 865912 11922.5 1070190
Ah6s 0.82026 865912 11922.5 1070190
As6s 0.82026 865912 11922.5 1070190
As6h 0.82026 865912 11922.5 1070190
As4c 0.820183 863576 14175.5 1070190
Ah4c 0.820183 863576 14175.5 1070190
Ac4h 0.819952 863286 14218 1070190
Ac4s 0.819952 863286 14218 1070190
Ah4s 0.81943 862800 14145.5 1070190
Ah4h 0.81943 862800 14145.5 1070190
As4s 0.81943 862800 14145.5 1070190
As4h 0.81943 862800 14145.5 1070190
As2c 0.81258 856154 13460.5 1070190
Ah2c 0.81258 856154 13460.5 1070190
Ac2s 0.812301 855810 13506.5 1070190
Ac2h 0.812301 855810 13506.5 1070190
Ah2s 0.811787 855332 13434.5 1070190
As2s 0.811787 855332 13434.5 1070190
As2h 0.811787 855332 13434.5 1070190
Ah2h 0.811787 855332 13434.5 1070190
KdKc 0.789887 844857 472.5 1070190
KhKd 0.789105 844020 472.5 1070190
KsKd 0.789105 844020 472.5 1070190
QdQc 0.770346 823944 472.5 1070190
QhQd 0.769564 823107 472.5 1070190
QsQd 0.769564 823107 472.5 1070190
KhKc 0.760596 813510 472.5 1070190
KsKc 0.760596 813510 472.5 1070190
KsKh 0.759814 812673 472.5 1070190
Kd3d 0.751536 797493 6793.5 1070190
JdJc 0.751453 803725 472.5 1070190
JsJd 0.750677 802894 472.5 1070190
JhJd 0.750677 802894 472.5 1070190
Qd3d 0.744023 789122 7124 1070190
QsQc 0.741887 793488 472.5 1070190
QhQc 0.741887 793488 472.5 1070190
QsQh 0.741105 792651 472.5 1070190
Jd3d 0.736917 780983 7658.5 1070190
TdTc 0.732586 783534 472.5 1070190
ThTd 0.731815 782709 472.5 1070190
TsTd 0.731815 782709 472.5 1070190
Td3d 0.730247 773178 8325 1070190
9d3d 0.724046 765815 9051.5 1070190
JsJc 0.723879 774216 472.5 1070190
JhJc 0.723879 774216 472.5 1070190
JsJh 0.723103 773385 472.5 1070190
Kd7c 0.720473 762507 8536.5 1070190
Kd7s 0.719707 761709 8514 1070190
Kd7h 0.719707 761709 8514 1070190
8d3d 0.718549 759218 9766 1070190
5d3d 0.718032 755499 12931.5 1070190
6d3d 0.716496 754333 12453.5 1070190
4d3d 0.716215 753608 12878 1070190
Qd7c 0.714048 755083 9084.5 1070190
Qd7s 0.713319 754329 9058 1070190
Qd7h 0.713319 754329 9058 1070190
9d9c 0.713129 762711 472.5 1070190
9s9d 0.712358 761886 472.5 1070190
9h9d 0.712358 761886 472.5 1070190
Jd7c 0.70772 747406 9988.5 1070190
Jd7s 0.70703 746701 9955 1070190
Jd7h 0.70703 746701 9955 1070190
TsTc 0.705871 754944 472.5 1070190
ThTc 0.705871 754944 472.5 1070190
TsTh 0.7051 754119 472.5 1070190
Kc7c 0.702432 743025 8710.5 1070190
Td7c 0.701428 739533 11128.5 1070190
3d2d 0.701034 738001 12239 1070190
Td7s 0.700777 738879 11086 1070190
Td7h 0.700777 738879 11086 1070190
KdQd 0.698874 741215 6713 1070190
Qc7c 0.697431 737160 9223.5 1070190
9d7c 0.695121 731527 12384.5 1070190
9d7s 0.694508 730923 12332 1070190
9d7h 0.694508 730923 12332 1070190
8d8c 0.693698 741916 472.5 1070190
8s8d 0.692927 741091 472.5 1070190
8h8d 0.692927 741091 472.5 1070190
Jc7c 0.692535 731055 10089.5 1070190
KdJd 0.692202 733448 7339.5 1070190
8d7c 0.6893 724045 13636.5 1070190
8d7s 0.68872 723487 13574 1070190
8d7h 0.68872 723487 13574 1070190
Tc7c 0.687669 724746 11190.5 1070190
Kc7s 0.68742 726825 8845.5 1070190
Kc7h 0.68742 726825 8845.5 1070190
Kh7c 0.687392 726795 8845.5 1070190
Ks7c 0.687392 726795 8845.5 1070190
9h9c 0.687163 734922 472.5 1070190
9s9c 0.687163 734922 472.5 1070190
Kh7h 0.686626 725997 8823 1070190
Kh7s 0.686626 725997 8823 1070190
Ks7h 0.686626 725997 8823 1070190
Ks7s 0.686626 725997 8823 1070190
9s9h 0.686392 734097 472.5 1070190
KdTd 0.685915 726183 7876.5 1070190
9c7c 0.682755 718269 12408.5 1070190
Qc7s 0.682364 720870 9389.5 1070190
Qc7h 0.682364 720870 9389.5 1070190
Qs7c 0.682299 720796 9393.5 1070190
Qh7c 0.682299 720796 9393.5 1070190
Qs7s 0.68157 720042 9367 1070190
Qs7h 0.68157 720042 9367 1070190
Qh7h 0.68157 720042 9367 1070190
Qh7s 0.68157 720042 9367 1070190
7c5d 0.679082 709476 17270.5 1070190
7h5d 0.678539 708975 17191 1070190
7s5d 0.678539 708975 17191 1070190
7c6d 0.678345 710401 15557.5 1070190
8c7c 0.678311 712296 13625.5 1070190
7h6d 0.67779 709880 15484.5 1070190
7s6d 0.67779 709880 15484.5 1070190
Jc7h 0.677425 714666 10307.5 1070190
Jc7s 0.677425 714666 10307.5 1070190
Js7c 0.677326 714549 10318.5 1070190
Jh7c 0.677326 714549 10318.5 1070190
Js7s 0.676636 713844 10285 1070190
Js7h 0.676636 713844 10285 1070190
Jh7h 0.676636 713844 10285 1070190
Jh7s 0.676636 713844 10285 1070190
7c4d 0.675971 705687 17730.5 1070190
7h4d 0.67544 705201 17648 1070190
7s4d 0.67544 705201 17648 1070190
Kd9d 0.675007 714062 8324 1070190
Tc7s 0.672489 708216 11474.5 1070190
Tc7h 0.672489 708216 11474.5 1070190
Ts7c 0.672356 708054 11494.5 1070190
Th7c 0.672356 708054 11494.5 1070190
Th7h 0.671705 707400 11452 1070190
Ts7s 0.671705 707400 11452 1070190
Th7s 0.671705 707400 11452 1070190
Ts7h 0.671705 707400 11452 1070190
7c5c 0.671206 701207 17110.5 1070190
7c4c 0.669408 698839 17554.5 1070190
Kd8d 0.669121 707405 8682 1070190
7c6c 0.668988 700474 15470 1070190
8h8c 0.668454 714900 472.5 1070190
8s8c 0.668454 714900 472.5 1070190
8s8h 0.667683 714075 472.5 1070190
9c7s 0.667441 701523 12765.5 1070190
9c7h 0.667441 701523 12765.5 1070190
9h7c 0.667271 701311 12795.5 1070190
9s7c 0.667271 701311 12795.5 1070190
9h7h 0.666657 700707 12743 1070190
9h7s 0.666657 700707 12743 1070190
9s7h 0.666657 700707 12743 1070190
9s7s 0.666657 700707 12743 1070190
7c2d 0.665278 694727 17246.5 1070190
7s2d 0.664755 694250 17164.5 1070190
7h2d 0.664755 694250 17164.5 1070190
8c7s 0.662863 695334 14055.5 1070190
8c7h 0.662863 695334 14055.5 1070190
8s7c 0.662659 695076 14095.5 1070190
8h7c 0.662659 695076 14095.5 1070190
8s7s 0.66208 694518 14033 1070190
8s7h 0.66208 694518 14033 1070190
8h7h 0.66208 694518 14033 1070190
8h7s 0.66208 694518 14033 1070190
7c2c 0.661162 690470 17099 1070190
Kd5d 0.659944 691754 14512 1070190
Kd6d 0.658445 691453 13208.5 1070190
Kd4d 0.65762 688856 14922.5 1070190
7h5c 0.655845 684106 17772.5 1070190
7s5c 0.655845 684106 17772.5 1070190
7c5s 0.655671 683871 17821.5 1070190
7c5h 0.655671 683871 17821.5 1070190
7h5h 0.655129 683370 17742 1070190
7h5s 0.655129 683370 17742 1070190
7s5h 0.655129 683370 17742 1070190
7s5s 0.655129 683370 17742 1070190
7s4c 0.653916 681567 18247 1070190
7h4c 0.653916 681567 18247 1070190
7c4s 0.653726 681311 18299.5 1070190
7c4h 0.653726 681311 18299.5 1070190
7s6c 0.653243 683073 16021.5 1070190
7h6c 0.653243 683073 16021.5 1070190
7s4s 0.653194 680825 18217 1070190
7h4h 0.653194 680825 18217 1070190
7h4s 0.653194 680825 18217 1070190
7s4h 0.653194 680825 18217 1070190
7c6s 0.653049 682819 16067 1070190
7c6h 0.653049 682819 16067 1070190
7h6h 0.652493 682298 15994 1070190
7h6s 0.652493 682298 15994 1070190
7s6s 0.652493 682298 15994 1070190
7s6h 0.652493 682298 15994 1070190
QdJd 0.650185 688595 7226 1070190
7s2c 0.644977 672506 17742 1070190
7h2c 0.644977 672506 17742 1070190
7c2h 0.644741 672197 17798 1070190
7c2s 0.644741 672197 17798 1070190
7h2s 0.644218 671720 17716 1070190
7h2h 0.644218 671720 17716 1070190
7s2h 0.644218 671720 17716 1070190
7s2s 0.644218 671720 17716 1070190
QdTd 0.643898 681330 7763 1070190
Kd2d 0.641974 672630 14404 1070190
Qd9d 0.63299 669209 8210.5 1070190
Qd8d 0.627104 662552 8568.5 1070190
Qd5d 0.618662 647687 14398.5 1070190
Qd6d 0.616662 646850 13095 1070190
Qd4d 0.616337 644789 14809 1070190
JdTd 0.613898 649428 7560 1070190
5d4d 0.61314 644254 11922.5 1070190
6d6c 0.606884 648289 1192.5 1070190
6h6d 0.606188 647549 1187 1070190
6s6d 0.606188 647549 1187 1070190
Kd3s 0.604931 638118 9273 1070190
Kd3h 0.604931 638118 9273 1070190
Jd9d 0.602856 637163 8007.5 1070190
Qd2d 0.60019 628027 14290.5 1070190
Qd3s 0.597667 629918 9699.5 1070190
Qd3h 0.597667 629918 9699.5 1070190
Jd8d 0.59697 630506 8365.5 1070190
5d5c 0.596479 636604 1741.5 1070190
5h5d 0.595813 635901 1732.5 1070190
5s5d 0.595813 635901 1732.5 1070190
Kc3d 0.593474 625641 9489 1070190
Kh3d 0.592671 624786 9484.5 1070190
Ks3d 0.592671 624786 9484.5 1070190
Jd3s 0.590642 621634 10465 1070190
Jd3h 0.590642 621634 10465 1070190
Qc3d 0.587457 618744 9947 1070190
Qs3d 0.586655 617889 9943 1070190
Qh3d 0.586655 617889 9943 1070190
Td3h 0.583785 613305 11455.5 1070190
Td3s 0.583785 613305 11455.5 1070190
Jd5d 0.582446 609132 14195.5 1070190
Jc3d 0.5817 611769 10761 1070190
Jh3d 0.580904 610920 10757.5 1070190
Js3d 0.580904 610920 10757.5 1070190
6s6c 0.580306 619853 1184.5 1070190
6h6c 0.580306 619853 1184.5 1070190
Jd4d 0.580121 606234 14606 1070190
Jd6d 0.580078 607902 12892 1070190
6s6h 0.579609 619113 1179 1070190
4d4c 0.578913 617841 1705.5 1070190
Td9d 0.578324 611202 7715 1070190
4s4d 0.578242 617132 1697 1070190
4h4d 0.578242 617132 1697 1070190
9d3h 0.577031 604976 12557 1070190
9d3s 0.577031 604976 12557 1070190
Tc3d 0.576088 604713 11811 1070190
5d3s 0.575784 597502 18696 1070190
5d3h 0.575784 597502 18696 1070190
Ts3d 0.575298 603870 11808 1070190
Th3d 0.575298 603870 11808 1070190
5c3d 0.573826 594766 19336.5 1070190
4d3h 0.57374 595368 18642.5 1070190
4d3s 0.57374 595368 18642.5 1070190
5s3d 0.573107 594006 19327.5 1070190
5h3d 0.573107 594006 19327.5 1070190
4c3d 0.573022 593960 19282.5 1070190
Td8d 0.572438 604544 8073 1070190
4s3d 0.572298 593194 19274 1070190
4h3d 0.572298 593194 19274 1070190
5h5c 0.571368 609747 1725.5 1070190
5s5c 0.571368 609747 1725.5 1070190
6d3h 0.571256 593488 17864 1070190
6d3s 0.571256 593488 17864 1070190
Kc3h 0.571125 602061 9151.5 1070190
Kc3s 0.571125 602061 9151.5 1070190
8d3s 0.570872 597286 13655.5 1070190
8d3h 0.570872 597286 13655.5 1070190
5s5h 0.570703 609044 1716.5 1070190
9c3d 0.570506 597573 12977 1070190
Ks3h 0.570322 601206 9147 1070190
Ks3s 0.570322 601206 9147 1070190
Kh3h 0.570322 601206 9147 1070190
Kh3s 0.570322 601206 9147 1070190
9s3d 0.569716 596730 12974.5 1070190
9h3d 0.569716 596730 12974.5 1070190
6c3d 0.567475 588787 18519 1070190
6s3d 0.566722 587987 18513.5 1070190
6h3d 0.566722 587987 18513.5 1070190
8c3d 0.565517 591072 14139 1070190
Qc3h 0.565235 595319 9589.5 1070190
Qc3s 0.565235 595319 9589.5 1070190
8s3d 0.564728 590229 14137 1070190
8h3d 0.564728 590229 14137 1070190
Qs3s 0.564432 594464 9585.5 1070190
Qs3h 0.564432 594464 9585.5 1070190
Qh3h 0.564432 594464 9585.5 1070190
Qh3s 0.564432 594464 9585.5 1070190
Jd2d 0.563607 589079 14087.5 1070190
Jc3h 0.559615 588519 10375.5 1070190
Jc3s 0.559615 588519 10375.5 1070190
Js3s 0.558819 587670 10372 1070190
Jh3s 0.558819 587670 10372 1070190
Jh3h 0.558819 587670 10372 1070190
Js3h 0.558819 587670 10372 1070190
Td6d 0.555528 582082 12439 1070190
6d5d 0.555135 581579 12520.5 1070190
4s4c 0.554494 591724 1689.5 1070190
4h4c 0.554494 591724 1689.5 1070190
Tc3s 0.554138 581640 11392.5 1070190
Tc3h 0.554138 581640 11392.5 1070190
4s4h 0.553823 591015 1681 1070190
9d8d 0.553705 584879 7691 1070190
Ts3s 0.553347 580797 11389.5 1070190
Th3s 0.553347 580797 11389.5 1070190
Ts3h 0.553347 580797 11389.5 1070190
Th3h 0.553347 580797 11389.5 1070190
5c3s 0.552726 572712 18809.5 1070190
5c3h 0.552726 572712 18809.5 1070190
5s3s 0.552007 571952 18800.5 1070190
5h3s 0.552007 571952 18800.5 1070190
5h3h 0.552007 571952 18800.5 1070190
5s3h 0.552007 571952 18800.5 1070190
4c3h 0.551914 571897 18755.5 1070190
4c3s 0.551914 571897 18755.5 1070190
4h3s 0.55119 571131 18747 1070190
4s3h 0.55119 571131 18747 1070190
4s3s 0.55119 571131 18747 1070190
4h3h 0.55119 571131 18747 1070190
Td5d 0.55084 575654 13849.5 1070190
3d2c 0.549432 569712 18285 1070190
9c3h 0.548673 574661 12523.5 1070190
9c3s 0.548673 574661 12523.5 1070190
3d2s 0.54867 568900 18281 1070190
3d2h 0.54867 568900 18281 1070190
Td4d 0.548516 572756 14260 1070190
3h2d 0.548169 569013 17631.5 1070190
3s2d 0.548169 569013 17631.5 1070190
9s3s 0.547883 573818 12521 1070190
9s3h 0.547883 573818 12521 1070190
9h3s 0.547883 573818 12521 1070190
9h3h 0.547883 573818 12521 1070190
6c3s 0.546176 566549 17963 1070190
6c3h 0.546176 566549 17963 1070190
6d4d 0.546013 571764 12574 1070190
6h3s 0.545423 565749 17957.5 1070190
6s3h 0.545423 565749 17957.5 1070190
6h3h 0.545423 565749 17957.5 1070190
6s3s 0.545423 565749 17957.5 1070190
8c3h 0.543788 568305 13651.5 1070190
8c3s 0.543788 568305 13651.5 1070190
8s3h 0.542998 567462 13649.5 1070190
8s3s 0.542998 567462 13649.5 1070190
8h3s 0.542998 567462 13649.5 1070190
8h3h 0.542998 567462 13649.5 1070190
9d6d 0.536663 562274 12057 1070190
KdQc 0.533224 561178 9473.5 1070190
KdQs 0.532487 560411 9451 1070190
KdQh 0.532487 560411 9451 1070190
9d5d 0.532041 556024 13360.5 1070190
Td2d 0.531768 555351 13741.5 1070190
KcQd 0.531734 559599 9457.5 1070190
KsQd 0.531 558840 9431 1070190
KhQd 0.531 558840 9431 1070190
3h2c 0.527518 546834 17711 1070190
3s2c 0.527518 546834 17711 1070190
3h2s 0.526756 546022 17707 1070190
3s2h 0.526756 546022 17707 1070190
3s2s 0.526756 546022 17707 1070190
3h2h 0.526756 546022 17707 1070190
5d2d 0.524449 549846 11414 1070190
KdJc 0.523475 549782 10436 1070190
KdJh 0.522743 549021 10413.5 1070190
KdJs 0.522743 549021 10413.5 1070190
9d4d 0.521871 544677 13824.5 1070190
KcQc 0.520886 548330 9117.5 1070190
KcJd 0.520588 546733 10395.5 1070190
KhJd 0.51989 546016 10365.5 1070190
KsJd 0.51989 546016 10365.5 1070190
4d2d 0.517161 543689 9772 1070190
8d6d 0.514803 539834 11103 1070190
KdTc 0.514329 539169 11261 1070190
KdTh 0.513603 538414 11238.5 1070190
KdTs 0.513603 538414 11238.5 1070190
KcJc 0.511497 537365 10034.5 1070190
8d5d 0.510146 533547 12406.5 1070190
KcTd 0.510062 534664 11199.5 1070190
KhTd 0.509399 533987 11166.5 1070190
KsTd 0.509399 533987 11166.5 1070190
9d2d 0.505123 527272 13306 1070190
KcTc 0.502688 527151 10820.5 1070190
8d4d 0.499977 522200 12870.5 1070190
Kd9c 0.497414 520379 11948.5 1070190
Kd9h 0.49669 519627 11926 1070190
Kd9s 0.49669 519627 11926 1070190
KhQc 0.496527 522010 9368.5 1070190
KsQc 0.496527 522010 9368.5 1070190
KcQs 0.496524 522002 9372.5 1070190
KcQh 0.496524 522002 9372.5 1070190
KhQh 0.49579 521243 9346 1070190
KsQs 0.49579 521243 9346 1070190
KsQh 0.49579 521243 9346 1070190
KhQs 0.49579 521243 9346 1070190
Kc9d 0.491831 514483 11869.5 1070190
Ks9d 0.491201 513844 11834 1070190
Kh9d 0.491201 513844 11834 1070190
Kd8c 0.4887 510503 12498.5 1070190
Kd8s 0.487976 509751 12476 1070190
Kd8h 0.487976 509751 12476 1070190
KhJc 0.486779 510622 10324 1070190
KsJc 0.486779 510622 10324 1070190
KcJh 0.486745 510578 10331.5 1070190
KcJs 0.486745 510578 10331.5 1070190
Kc9c 0.486256 508911 11475.5 1070190
KhJs 0.486047 509861 10301.5 1070190
KhJh 0.486047 509861 10301.5 1070190
KsJh 0.486047 509861 10301.5 1070190
KsJs 0.486047 509861 10301.5 1070190
8d2d 0.482521 503555 12834.5 1070190
Kc8d 0.481831 503245 12405.5 1070190
Kd5c 0.481407 493567 21629.5 1070190
Kh8d 0.481232 502642 12368 1070190
Ks8d 0.481232 502642 12368 1070190
Kd5s 0.480804 492952 21600 1070190
Kd5h 0.480804 492952 21600 1070190
Kd4c 0.477961 489241 22268 1070190
Kc8c 0.477884 499427 11999.5 1070190
KsTc 0.477639 500022 11143 1070190
KhTc 0.477639 500022 11143 1070190
KcTs 0.477576 499944 11153.5 1070190
KcTh 0.477576 499944 11153.5 1070190
Kd4s 0.477353 488620 22238.5 1070190
Kd4h 0.477353 488620 22238.5 1070190
Kd6c 0.476933 490845 19563.5 1070190
KhTs 0.476913 499267 11120.5 1070190
KsTh 0.476913 499267 11120.5 1070190
KsTs 0.476913 499267 11120.5 1070190
KhTh 0.476913 499267 11120.5 1070190
Kd6h 0.476301 490195 19537.5 1070190
Kd6s 0.476301 490195 19537.5 1070190
2d2c 0.471017 499812 4266 1070190
Kc5d 0.470549 482266 21310.5 1070190
2h2d 0.470311 499060 4262 1070190
2s2d 0.470311 499060 4262 1070190
Kh5d 0.470015 481763 21242 1070190
Ks5d 0.470015 481763 21242 1070190
Kc5c 0.469864 482197 20646.5 1070190
Kc6d 0.467863 481436 19266 1070190
Ks6d 0.467316 480912 19204.5 1070190
Kh6d 0.467316 480912 19204.5 1070190
Kc4c 0.466531 478035 21241.5 1070190
Kc4d 0.465815 476581 21929.5 1070190
Kc6c 0.465677 479671 18692 1070190
Ks4d 0.465292 476093 21857.5 1070190
Kh4d 0.465292 476093 21857.5 1070190
QdJc 0.463157 485374 10292.5 1070190
QdJs 0.462459 484649 10270 1070190
QdJh 0.462459 484649 10270 1070190
QcJd 0.461658 483808 10254 1070190
QhJd 0.460961 483091 10224.5 1070190
QsJd 0.460961 483091 10224.5 1070190
Ks9c 0.460352 480839 11825.5 1070190
Kh9c 0.460352 480839 11825.5 1070190
Kc9s 0.460259 480726 11838.5 1070190
Kc9h 0.460259 480726 11838.5 1070190
Kh9s 0.459629 480087 11803 1070190
Kh9h 0.459629 480087 11803 1070190
Ks9h 0.459629 480087 11803 1070190
Ks9s 0.459629 480087 11803 1070190
6d2d 0.455654 475697 11939.5 1070190
Kd2c 0.455506 466040 21438.5 1070190
Kd2h 0.454864 465378 21412.5 1070190
Kd2s 0.454864 465378 21412.5 1070190
QcJc 0.454221 476204 9899 1070190
QdTc 0.454011 474761 11117.5 1070190
QdTh 0.453319 474042 11095 1070190
QdTs 0.453319 474042 11095 1070190
Kh8c 0.451631 470959 12371.5 1070190
Ks8c 0.451631 470959 12371.5 1070190
Kc8s 0.451505 470810 12386.5 1070190
Kc8h 0.451505 470810 12386.5 1070190
QcTd 0.451132 471739 11058 1070190
Ks8s 0.450907 470207 12349 1070190
Ks8h 0.450907 470207 12349 1070190
Kh8s 0.450907 470207 12349 1070190
Kh8h 0.450907 470207 12349 1070190
QhTd 0.450469 471062 11025.5 1070190
QsTd 0.450469 471062 11025.5 1070190
2s2c 0.446445 473541 4240 1070190
2h2c 0.446445 473541 4240 1070190
2s2h 0.445739 472789 4236 1070190
QcTc 0.445412 465990 10685 1070190
Kh5c 0.444502 454234 21467.5 1070190
Ks5c 0.444502 454234 21467.5 1070190
Kc5h 0.444434 454122 21506.5 1070190
Kc5s 0.444434 454122 21506.5 1070190
Kc2c 0.444238 454983 20436.5 1070190
Kh5h 0.4439 453619 21438 1070190
Kh5s 0.4439 453619 21438 1070190
Ks5s 0.4439 453619 21438 1070190
Ks5h 0.4439 453619 21438 1070190
Kh4c 0.441 449853 22101 1070190
Ks4c 0.441 449853 22101 1070190
Kc4s 0.440916 449720 22143.5 1070190
Kc4h 0.440916 449720 22143.5 1070190
Ks4h 0.440392 449232 22071.5 1070190
Kh4s 0.440392 449232 22071.5 1070190
Kh4h 0.440392 449232 22071.5 1070190
Ks4s 0.440392 449232 22071.5 1070190
Kc2d 0.440388 450216 21082.5 1070190
Kh2d 0.439871 449735 21010.5 1070190
Ks2d 0.439871 449735 21010.5 1070190
Ks6c 0.439744 451228 19382 1070190
Kh6c 0.439744 451228 19382 1070190
Kc6s 0.43966 451102 19417.5 1070190
Kc6h 0.43966 451102 19417.5 1070190
Ks6h 0.439113 450578 19356 1070190
Ks6s 0.439113 450578 19356 1070190
Kh6h 0.439113 450578 19356 1070190
Kh6s 0.439113 450578 19356 1070190
5c4c 0.437219 451192 16715 1070190
Qd9c 0.437096 455971 11805 1070190
5d4c 0.436812 450310 17161.5 1070190
Qd9s 0.436406 455255 11782.5 1070190
Qd9h 0.436406 455255 11782.5 1070190
5d4s 0.436281 449781 17123 1070190
5d4h 0.436281 449781 17123 1070190
5c4d 0.435606 449078 17103.5 1070190
5h4d 0.435094 448582 17051 1070190
5s4d 0.435094 448582 17051 1070190
Qc9d 0.432901 451558 11728 1070190
Qh9d 0.432271 450919 11693 1070190
Qs9d 0.432271 450919 11693 1070190
Qc9c 0.42898 447750 11340 1070190
Qd8c 0.428382 446095 12355 1070190
Qd8s 0.427692 445379 12332.5 1070190
Qd8h 0.427692 445379 12332.5 1070190
QsJc 0.426629 446391 10183 1070190
QhJc 0.426629 446391 10183 1070190
QcJh 0.426628 446383 10190 1070190
QcJs 0.426628 446383 10190 1070190
QsJs 0.42593 445666 10160.5 1070190
QsJh 0.42593 445666 10160.5 1070190
QhJh 0.42593 445666 10160.5 1070190
QhJs 0.42593 445666 10160.5 1070190
Qc8d 0.422901 440320 12264 1070190
Qh8d 0.422303 439717 12227 1070190
Qs8d 0.422303 439717 12227 1070190
Qd5c 0.422285 430439 21486 1070190
Qd5s 0.421714 429858 21456.5 1070190
Qd5h 0.421714 429858 21456.5 1070190
Qc8c 0.420608 438266 11864 1070190
Qd4c 0.418839 426113 22124.5 1070190
Qd4h 0.418263 425526 22095 1070190
Qd4s 0.418263 425526 22095 1070190
Kh2c 0.417744 425823 21242 1070190
Ks2c 0.417744 425823 21242 1070190
Kc2h 0.417617 425642 21288 1070190
Kc2s 0.417617 425642 21288 1070190
QsTc 0.417489 435791 11002 1070190
QhTc 0.417489 435791 11002 1070190
QcTh 0.41746 435749 11012 1070190
QcTs 0.41746 435749 11012 1070190
Kh2h 0.417101 425161 21216 1070190
Kh2s 0.417101 425161 21216 1070190
Ks2s 0.417101 425161 21216 1070190
Ks2h 0.417101 425161 21216 1070190
Qd6c 0.416995 426844 19420 1070190
QhTh 0.416797 435072 10979.5 1070190
QhTs 0.416797 435072 10979.5 1070190
QsTh 0.416797 435072 10979.5 1070190
QsTs 0.416797 435072 10979.5 1070190
Qd6s 0.416396 426229 19394 1070190
Qd6h 0.416396 426229 19394 1070190
Qc5c 0.41375 422280 20511 1070190
Qc5d 0.412824 420631 21169 1070190
5h4c 0.412508 424384 17077.5 1070190
5s4c 0.412508 424384 17077.5 1070190
5c4h 0.41249 424351 17091.5 1070190
5c4s 0.41249 424351 17091.5 1070190
JdTc 0.412443 430556 10836.5 1070190
Qs5d 0.41229 420128 21101 1070190
Qh5d 0.41229 420128 21101 1070190
5s4s 0.411977 423855 17039 1070190
5s4h 0.411977 423855 17039 1070190
5h4s 0.411977 423855 17039 1070190
5h4h 0.411977 423855 17039 1070190
JdTs 0.411778 429867 10814 1070190
JdTh 0.411778 429867 10814 1070190
JcTd 0.410989 429054 10782.5 1070190
Qc4c 0.410417 418118 21106 1070190
JhTd 0.410328 428378 10751 1070190
JsTd 0.410328 428378 10751 1070190
Qc6d 0.409318 418923 19124.5 1070190
Qh6d 0.408771 418399 19063.5 1070190
Qs6d 0.408771 418399 19063.5 1070190
Qc6c 0.40877 418905 18556.5 1070190
Qc4d 0.40809 414946 21788 1070190
Qs4d 0.407567 414458 21716.5 1070190
Qh4d 0.407567 414458 21716.5 1070190
JcTc 0.406441 424551 10418.5 1070190
Qs9c 0.400202 416608 11684.5 1070190
Qh9c 0.400202 416608 11684.5 1070190
Qc9h 0.400142 416531 11697 1070190
Qc9s 0.400142 416531 11697 1070190
Qs9h 0.399512 415892 11662 1070190
Qs9s 0.399512 415892 11662 1070190
Qh9s 0.399512 415892 11662 1070190
Qh9h 0.399512 415892 11662 1070190
Qd2c 0.395569 402039 21295 1070190
Jd9c 0.39531 411533 11524 1070190
Qd2h 0.394959 401412 21269 1070190
Qd2s 0.394959 401412 21269 1070190
Jd9h 0.394648 410847 11501.5 1070190
Jd9s 0.394648 410847 11501.5 1070190
Jc9d 0.39254 408640 11452.5 1070190
Js9d 0.391912 408002 11418.5 1070190
Jh9d 0.391912 408002 11418.5 1070190
Qs8c 0.39148 406728 12230.5 1070190
Qh8c 0.39148 406728 12230.5 1070190
Qc8s 0.391388 406615 12245 1070190
Qc8h 0.391388 406615 12245 1070190
Qh8h 0.39079 406012 12208 1070190
Qs8s 0.39079 406012 12208 1070190
Qs8h 0.39079 406012 12208 1070190
Qh8s 0.39079 406012 12208 1070190
Jc9c 0.389798 406084 11073.5 1070190
Qc2c 0.387331 394217 20301 1070190
Jd8c 0.386596 401657 12074 1070190
Jd8s 0.385934 400971 12051.5 1070190
Jd8h 0.385934 400971 12051.5 1070190
Qh5c 0.385593 391331 21326.5 1070190
Qs5c 0.385593 391331 21326.5 1070190
Qc5s 0.385556 391253 21365 1070190
Qc5h 0.385556 391253 21365 1070190
Qs5h 0.385022 390750 21297 1070190
Qh5h 0.385022 390750 21297 1070190
Qh5s 0.385022 390750 21297 1070190
Qs5s 0.385022 390750 21297 1070190
Jc8d 0.38254 397402 11988.5 1070190
Qh4c 0.382091 386950 21960 1070190
Qs4c 0.382091 386950 21960 1070190
Qc4s 0.382038 386851 22002 1070190
Qc4h 0.382038 386851 22002 1070190
Js8d 0.381944 396800 11952.5 1070190
Jh8d 0.381944 396800 11952.5 1070190
Qc2d 0.381842 387703 20941 1070190
Qh4h 0.381515 386363 21930.5 1070190
Qh4s 0.381515 386363 21930.5 1070190
Qs4s 0.381515 386363 21930.5 1070190
Qs4h 0.381515 386363 21930.5 1070190
Jc8c 0.381425 396600 11597.5 1070190
Qh2d 0.381326 387222 20869.5 1070190
Qs2d 0.381326 387222 20869.5 1070190
Qh6c 0.379989 387419 19241 1070190
Qs6c 0.379989 387419 19241 1070190
Qc6s 0.379936 387328 19276 1070190
Qc6h 0.379936 387328 19276 1070190
Qh6h 0.37939 386804 19215 1070190
Qs6h 0.37939 386804 19215 1070190
Qs6s 0.37939 386804 19215 1070190
Qh6s 0.37939 386804 19215 1070190
JsTc 0.376778 392500 10724.5 1070190
JhTc 0.376778 392500 10724.5 1070190
JcTh 0.376775 392487 10733.5 1070190
JcTs 0.376775 392487 10733.5 1070190
JhTh 0.376114 391811 10702 1070190
JhTs 0.376114 391811 10702 1070190
JsTh 0.376114 391811 10702 1070190
JsTs 0.376114 391811 10702 1070190
Jd5c 0.370662 375474 21205 1070190
Jd5s 0.370124 374927 21175.5 1070190
Jd5h 0.370124 374927 21175.5 1070190
Jd4c 0.367217 371148 21843.5 1070190
Jd4h 0.366672 370595 21814 1070190
Jd4s 0.366672 370595 21814 1070190
Jc5c 0.36492 370289 20244.5 1070190
Jd6c 0.364774 371239 19139 1070190
Jd6h 0.364208 370659 19113 1070190
Jd6s 0.364208 370659 19113 1070190
Jc5d 0.362617 367176 20893.5 1070190
Jh5d 0.362088 366676 20826.5 1070190
Js5d 0.362088 366676 20826.5 1070190
Td9c 0.361712 375995 11105.5 1070190
Jc4c 0.361587 366127 20839.5 1070190
Td9h 0.361078 375339 11083 1070190
Td9s 0.361078 375339 11083 1070190
Tc9d 0.36034 374589 11043 1070190
Th9d 0.359713 373951 11010.5 1070190
Ts9d 0.359713 373951 11010.5 1070190
Jc6c 0.359359 366292 18290 1070190
Jh9c 0.359265 373075 11407 1070190
Js9c 0.359265 373075 11407 1070190
Jc9h 0.359231 373027 11418.5 1070190
Jc9s 0.359231 373027 11418.5 1070190
Jh9h 0.358603 372389 11384.5 1070190
Js9s 0.358603 372389 11384.5 1070190
Jh9s 0.358603 372389 11384.5 1070190
Js9h 0.358603 372389 11384.5 1070190
Tc9c 0.358561 373052 10676 1070190
Jc6d 0.358508 364823 18849 1070190
Qs2c 0.357988 362014 21101 1070190
Qh2c 0.357988 362014 21101 1070190
Js6d 0.357965 364302 18789 1070190
Jh6d 0.357965 364302 18789 1070190
Qc2s 0.357894 361868 21146.5 1070190
Qc2h 0.357894 361868 21146.5 1070190
Jc4d 0.357884 361491 21512.5 1070190
Qs2s 0.357378 361387 21075 1070190
Qs2h 0.357378 361387 21075 1070190
Qh2s 0.357378 361387 21075 1070190
Qh2h 0.357378 361387 21075 1070190
Js4d 0.357365 361006 21442 1070190
Jh4d 0.357365 361006 21442 1070190
Td8c 0.352998 366119 11655.5 1070190
Td8h 0.352364 365463 11633 1070190
Td8s 0.352364 365463 11633 1070190
Jh8c 0.350543 363195 11953 1070190
Js8c 0.350543 363195 11953 1070190
Jc8s 0.350477 363111 11966.5 1070190
Jc8h 0.350477 363111 11966.5 1070190
Tc8d 0.35034 363351 11579 1070190
Tc8c 0.350188 363568 11200 1070190
Js8s 0.349881 362509 11930.5 1070190
Js8h 0.349881 362509 11930.5 1070190
Jh8s 0.349881 362509 11930.5 1070190
Jh8h 0.349881 362509 11930.5 1070190
Ts8d 0.349745 362749 11544.5 1070190
Th8d 0.349745 362749 11544.5 1070190
6c5c 0.344472 350920 17731 1070190
6d5c 0.343626 349421 18324.5 1070190
Jd2c 0.343348 346434 21014 1070190
6d5h 0.34313 348920 18294 1070190
6d5s 0.34313 348920 18294 1070190
Jd2h 0.342771 345842 20988 1070190
Jd2s 0.342771 345842 20988 1070190
6c5d 0.342153 347959 18209.5 1070190
6h5d 0.341665 347494 18152 1070190
6s5d 0.341665 347494 18152 1070190
Jc2c 0.33792 341604 20034.5 1070190
Jh5c 0.334387 336809 21049 1070190
Js5c 0.334387 336809 21049 1070190
Jc5s 0.334378 336762 21086.5 1070190
Jc5h 0.334378 336762 21086.5 1070190
Jh5h 0.333849 336262 21019.5 1070190
Jh5s 0.333849 336262 21019.5 1070190
Js5s 0.333849 336262 21019.5 1070190
Js5h 0.333849 336262 21019.5 1070190
Td6c 0.33115 335941 18452 1070190
Jc2d 0.331033 333603 20665.5 1070190
Js4c 0.330886 332428 21682.5 1070190
Jh4c 0.330886 332428 21682.5 1070190
Jc4s 0.33086 332360 21723.5 1070190
Jc4h 0.33086 332360 21723.5 1070190
Td6h 0.33061 335389 18426 1070190
Td6s 0.33061 335389 18426 1070190
Js2d 0.330521 333125 20595 1070190
Jh2d 0.330521 333125 20595 1070190
Js4s 0.330341 331875 21653 1070190
Jh4h 0.330341 331875 21653 1070190
Js4h 0.330341 331875 21653 1070190
Jh4s 0.330341 331875 21653 1070190
6c4c 0.330273 335640 17815 1070190
6d4c 0.329028 333708 18414 1070190
6d4s 0.328532 333208 18383.5 1070190
6d4h 0.328532 333208 18383.5 1070190
Jh6c 0.328163 332233 18963.5 1070190
Js6c 0.328163 332233 18963.5 1070190
Jc6s 0.328139 332174 18997.5 1070190
Jc6h 0.328139 332174 18997.5 1070190
Tc6c 0.32809 333478 17640.5 1070190
9d8c 0.327791 339699 11099.5 1070190
Jh6s 0.327597 331653 18937.5 1070190
Js6s 0.327597 331653 18937.5 1070190
Jh6h 0.327597 331653 18937.5 1070190
Js6h 0.327597 331653 18937.5 1070190
9d8h 0.327184 339072 11077 1070190
9d8s 0.327184 339072 11077 1070190
9c8c 0.327079 339365 10671.5 1070190
Th9c 0.326701 338639 10993 1070190
Ts9c 0.326701 338639 10993 1070190
Tc9h 0.326693 338621 11003 1070190
Tc9s 0.326693 338621 11003 1070190
9c8d 0.326456 338334 11035.5 1070190
6c4d 0.326318 330926 18296.5 1070190
Tc6d 0.326288 331012 18178.5 1070190
Ts9s 0.326067 337983 10970.5 1070190
Ts9h 0.326067 337983 10970.5 1070190
Th9s 0.326067 337983 10970.5 1070190
Th9h 0.326067 337983 10970.5 1070190
9h8d 0.325858 337727 11003 1070190
9s8d 0.325858 337727 11003 1070190
6h4d 0.325844 330476 18238.5 1070190
6s4d 0.325844 330476 18238.5 1070190
Th6d 0.325746 330489 18121.5 1070190
Ts6d 0.325746 330489 18121.5 1070190
Td5c 0.32567 327832 20697 1070190
Td5h 0.325163 327319 20667.5 1070190
Td5s 0.325163 327319 20667.5 1070190
Tc5c 0.322527 325402 19763 1070190
Td4c 0.322225 323506 21335.5 1070190
Td4s 0.321712 322987 21306 1070190
Td4h 0.321712 322987 21306 1070190
Tc4c 0.319194 321240 20358 1070190
Tc5d 0.319021 321016 20397 1070190
Th5d 0.318496 320519 20332 1070190
Ts5d 0.318496 320519 20332 1070190
Ts8c 0.317979 328759 11539 1070190
Th8c 0.317979 328759 11539 1070190
Tc8s 0.31794 328705 11551 1070190
Tc8h 0.31794 328705 11551 1070190
Ts8s 0.317345 328103 11516.5 1070190
Th8s 0.317345 328103 11516.5 1070190
Th8h 0.317345 328103 11516.5 1070190
Ts8h 0.317345 328103 11516.5 1070190
6s5c 0.314614 318460 18236.5 1070190
6h5c 0.314614 318460 18236.5 1070190
6c5s 0.314605 318424 18263.5 1070190
6c5h 0.314605 318424 18263.5 1070190
Tc4d 0.314287 315331 21016 1070190
6h5h 0.314117 317959 18206 1070190
6h5s 0.314117 317959 18206 1070190
6s5h 0.314117 317959 18206 1070190
6s5s 0.314117 317959 18206 1070190
Th4d 0.313773 314849 20947.5 1070190
Ts4d 0.313773 314849 20947.5 1070190
Jh2c 0.306162 306828 20823.5 1070190
Js2c 0.306162 306828 20823.5 1070190
Jc2s 0.306097 306714 20868 1070190
Jc2h 0.306097 306714 20868 1070190
9d6c 0.30572 309283 17896 1070190
Jh2s 0.305585 306236 20797.5 1070190
Jh2h 0.305585 306236 20797.5 1070190
Js2h 0.305585 306236 20797.5 1070190
Js2s 0.305585 306236 20797.5 1070190
9d6h 0.305207 308759 17870 1070190
9d6s 0.305207 308759 17870 1070190
9c6c 0.304768 309048 17112 1070190
5c2c 0.304408 309505 16269 1070190
9c6d 0.302191 305767 17635 1070190
9h6d 0.301647 305240 17580 1070190
9s6d 0.301647 305240 17580 1070190
5d2c 0.301118 305526 16727.5 1070190
5d2h 0.300628 305032 16697 1070190
5d2s 0.300628 305032 16697 1070190
9d5c 0.300349 301468 19962 1070190
9d5s 0.299866 300981 19932.5 1070190
9d5h 0.299866 300981 19932.5 1070190
6s4c 0.299497 302193 18326 1070190
6h4c 0.299497 302193 18326 1070190
6c4s 0.299476 302143 18353.5 1070190
6c4h 0.299476 302143 18353.5 1070190
9c5c 0.299307 301249 19066.5 1070190
6h4h 0.299002 301693 18295.5 1070190
6s4s 0.299002 301693 18295.5 1070190
6s4h 0.299002 301693 18295.5 1070190
6h4s 0.299002 301693 18295.5 1070190
Td2c 0.297976 298385 20506 1070190
Td2s 0.297431 297828 20480 1070190
Td2h 0.297431 297828 20480 1070190
5c2d 0.297106 301300 16659.5 1070190
5s2d 0.296671 300883 16611.5 1070190
5h2d 0.296671 300883 16611.5 1070190
4c2c 0.295841 302662 13944 1070190
Tc6s 0.295568 298002 18312 1070190
Tc6h 0.295568 298002 18312 1070190
Th6c 0.295566 298031 18281 1070190
Ts6c 0.295566 298031 18281 1070190
Tc2c 0.295158 296322 19553 1070190
9c5d 0.295041 296070 19679.5 1070190
Th6h 0.295026 297479 18255 1070190
Ts6s 0.295026 297479 18255 1070190
Ts6h 0.295026 297479 18255 1070190
Th6s 0.295026 297479 18255 1070190
9h5d 0.294514 295568 19617.5 1070190
9s5d 0.294514 295568 19617.5 1070190
9s8c 0.293946 303590 10988.5 1070190
9h8c 0.293946 303590 10988.5 1070190
9c8s 0.293937 303570 10998.5 1070190
9c8h 0.293937 303570 10998.5 1070190
9h8s 0.29334 302963 10966 1070190
9s8s 0.29334 302963 10966 1070190
9s8h 0.29334 302963 10966 1070190
9h8h 0.29334 302963 10966 1070190
4d2c 0.290768 296956 14221.5 1070190
4d2s 0.290312 296498 14191 1070190
4d2h 0.290312 296498 14191 1070190
Tc5s 0.289965 289737 20581 1070190
Tc5h 0.289965 289737 20581 1070190
Ts5c 0.289947 289753 20545.5 1070190
Th5c 0.289947 289753 20545.5 1070190
Th5s 0.28944 289240 20516 1070190
Th5h 0.28944 289240 20516 1070190
Ts5s 0.28944 289240 20516 1070190
Ts5h 0.28944 289240 20516 1070190
4c2d 0.287956 293956 14211.5 1070190
4h2d 0.287532 293536 14177.5 1070190
4s2d 0.287532 293536 14177.5 1070190
Tc2d 0.287052 287031 20169 1070190
Th2d 0.286544 286556 20100.5 1070190
Ts2d 0.286544 286556 20100.5 1070190
Tc4h 0.286447 285335 21218 1070190
Tc4s 0.286447 285335 21218 1070190
Th4c 0.286445 285372 21179 1070190
Ts4c 0.286445 285372 21179 1070190
Ts4s 0.285933 284853 21149.5 1070190
Th4s 0.285933 284853 21149.5 1070190
Th4h 0.285933 284853 21149.5 1070190
Ts4h 0.285933 284853 21149.5 1070190
9d4c 0.284307 283572 20690 1070190
9d4s 0.283826 283087 20660.5 1070190
9d4h 0.283826 283087 20660.5 1070190
9c4c 0.283664 283829 19745.5 1070190
9c4d 0.277699 276805 20385.5 1070190
9h4d 0.277188 276324 20319.5 1070190
9s4d 0.277188 276324 20319.5 1070190
8c6c 0.275644 279303 15688 1070190
8d6c 0.274416 277264 16413.5 1070190
8d6s 0.273931 276767 16391 1070190
8d6h 0.273931 276767 16391 1070190
5s2c 0.272784 275249 16682 1070190
5h2c 0.272784 275249 16682 1070190
5c2h 0.272729 275172 16699.5 1070190
5c2s 0.272729 275172 16699.5 1070190
5s2h 0.272294 274755 16651.5 1070190
5h2s 0.272294 274755 16651.5 1070190
5s2s 0.272294 274755 16651.5 1070190
5h2h 0.272294 274755 16651.5 1070190
8c6d 0.272203 275158 16151 1070190
8h6d 0.271662 274631 16098.5 1070190
8s6d 0.271662 274631 16098.5 1070190
9c6h 0.271338 272624 17759.5 1070190
9c6s 0.271338 272624 17759.5 1070190
9h6c 0.271308 272621 17730.5 1070190
9s6c 0.271308 272621 17730.5 1070190
9h6h 0.270794 272097 17704.5 1070190
9s6s 0.270794 272097 17704.5 1070190
9s6h 0.270794 272097 17704.5 1070190
9h6s 0.270794 272097 17704.5 1070190
8c5c 0.270127 271445 17642.5 1070190
8d5c 0.268989 269390 18479.5 1070190
8d5h 0.268534 268929 18453.5 1070190
8d5s 0.268534 268929 18453.5 1070190
9c5h 0.265844 264655 19848.5 1070190
9c5s 0.265844 264655 19848.5 1070190
9s5c 0.2658 264640 19816 1070190
9h5c 0.2658 264640 19816 1070190
9h5s 0.265317 264153 19786.5 1070190
9h5h 0.265317 264153 19786.5 1070190
9s5s 0.265317 264153 19786.5 1070190
9s5h 0.265317 264153 19786.5 1070190
8c5d 0.265002 265407 18195.5 1070190
8s5d 0.264477 264905 18136 1070190
8h5d 0.264477 264905 18136 1070190
4s2c 0.263608 267908 14203 1070190
4h2c 0.263608 267908 14203 1070190
4c2s 0.263576 267870 14206.5 1070190
4c2h 0.263576 267870 14206.5 1070190
4s2h 0.263152 267450 14172.5 1070190
4s2s 0.263152 267450 14172.5 1070190
4h2s 0.263152 267450 14172.5 1070190
4h2h 0.263152 267450 14172.5 1070190
Th2c 0.261327 259350 20320 1070190
Ts2c 0.261327 259350 20320 1070190
Tc2s 0.261291 259268 20362.5 1070190
Tc2h 0.261291 259268 20362.5 1070190
Th2h 0.260783 258793 20294 1070190
Ts2s 0.260783 258793 20294 1070190
Ts2h 0.260783 258793 20294 1070190
Th2s 0.260783 258793 20294 1070190
9d2c 0.260063 258456 19860.5 1070190
9c2c 0.259628 258911 18940.5 1070190
9d2s 0.259551 257934 19834.5 1070190
9d2h 0.259551 257934 19834.5 1070190
8c4c 0.254484 254025 18321.5 1070190
8d4c 0.252947 251494 19207.5 1070190
8d4s 0.252494 251035 19181.5 1070190
8d4h 0.252494 251035 19181.5 1070190
9c2d 0.250459 248500 19538.5 1070190
9s2d 0.249953 248025 19472.5 1070190
9h2d 0.249953 248025 19472.5 1070190
9c4h 0.249219 246136 20575.5 1070190
9c4s 0.249219 246136 20575.5 1070190
9s4c 0.249188 246140 20539 1070190
9h4c 0.249188 246140 20539 1070190
9h4h 0.248708 245655 20509.5 1070190
9h4s 0.248708 245655 20509.5 1070190
9s4s 0.248708 245655 20509.5 1070190
9s4h 0.248708 245655 20509.5 1070190
8c4d 0.24766 246142 18901.5 1070190
8h4d 0.247151 245661 18838 1070190
8s4d 0.247151 245661 18838 1070190
8c6s 0.240841 241491 16255 1070190
8c6h 0.240841 241491 16255 1070190
8h6c 0.240785 241461 16225 1070190
8s6c 0.240785 241461 16225 1070190
8s6s 0.2403 240964 16202.5 1070190
8h6h 0.2403 240964 16202.5 1070190
8h6s 0.2403 240964 16202.5 1070190
8s6h 0.2403 240964 16202.5 1070190
8c5h 0.235288 233459 18344 1070190
8c5s 0.235288 233459 18344 1070190
8h5c 0.235219 233418 18310.5 1070190
8s5c 0.235219 233418 18310.5 1070190
8h5s 0.234763 232957 18284.5 1070190
8h5h 0.234763 232957 18284.5 1070190
8s5s 0.234763 232957 18284.5 1070190
8s5h 0.234763 232957 18284.5 1070190
8c2c 0.229632 227469 18281 1070190
8d2c 0.227859 224685 19167 1070190
8d2h 0.227379 224198 19141 1070190
8d2s 0.227379 224198 19141 1070190
9s2c 0.22407 220117 19680 1070190
9h2c 0.22407 220117 19680 1070190
9c2h 0.224063 220070 19720 1070190
9c2s 0.224063 220070 19720 1070190
9s2h 0.223557 219595 19654 1070190
9h2s 0.223557 219595 19654 1070190
9h2h 0.223557 219595 19654 1070190
9s2s 0.223557 219595 19654 1070190
8c2d 0.21955 216099 18861 1070190
8h2d 0.219047 215624 18797.5 1070190
8s2d 0.219047 215624 18797.5 1070190
8c4s 0.218663 214940 19071 1070190
8c4h 0.218663 214940 19071 1070190
8s4c 0.218607 214918 19033.5 1070190
8h4c 0.218607 214918 19033.5 1070190
8s4h 0.218154 214459 19007.5 1070190
8s4s 0.218154 214459 19007.5 1070190
8h4s 0.218154 214459 19007.5 1070190
8h4h 0.218154 214459 19007.5 1070190
6c2c 0.195254 191803 17155.5 1070190
8c2s 0.192637 187128 19030.5 1070190
8c2h 0.192637 187128 19030.5 1070190
8s2c 0.192613 187140 18993 1070190
8h2c 0.192613 187140 18993 1070190
8h2s 0.192134 186653 18967 1070190
8h2h 0.192134 186653 18967 1070190
8s2h 0.192134 186653 18967 1070190
8s2s 0.192134 186653 18967 1070190
6d2c 0.19133 186988 17771.5 1070190
6d2s 0.190888 186537 17749 1070190
6d2h 0.190888 186537 17749 1070190
6c2d 0.185342 180711 17640.5 1070190
6s2d 0.184936 180330 17587 1070190
6h2d 0.184936 180330 17587 1070190
6s2c 0.157514 150853 17717 1070190
6h2c 0.157514 150853 17717 1070190
6c2s 0.157478 150783 17748 1070190
6c2h 0.157478 150783 17748 1070190
6s2s 0.157072 150402 17694.5 1070190
6s2h 0.157072 150402 17694.5 1070190
6h2s 0.157072 150402 17694.5 1070190
6h2h 0.157072 150402 17694.5 1070190
