TsTc 0.930429 995736 0 1070190
ThTc 0.930429 995736 0 1070190
TsTh 0.930059 995340 0 1070190
8s8c 0.924908 989763 64.5 1070190
8h8c 0.924908 989763 64.5 1070190
8s8h 0.924538 989367 64.5 1070190
3h3d 0.923533 988236 120 1070190
3s3d 0.923533 988236 120 1070190
3s3h 0.916587 980802 120 1070190
Tc8c 0.877427 936228 2786 1070190
Ts8c 0.872743 931125 2876 1070190
Th8c 0.872743 931125 2876 1070190
Tc8s 0.872743 931125 2876 1070190
Tc8h 0.872743 931125 2876 1070190
Th8s 0.872394 930774 2853.5 1070190
Th8h 0.872394 930774 2853.5 1070190
Ts8s 0.872394 930774 2853.5 1070190
Ts8h 0.872394 930774 2853.5 1070190
Tc3d 0.868457 923784 5630 1070190
Ts3d 0.868108 923433 5607.5 1070190
Th3d 0.868108 923433 5607.5 1070190
Tc3s 0.859761 914433 5675 1070190
Tc3h 0.859761 914433 5675 1070190
Th3s 0.859412 914082 5652.5 1070190
Ts3h 0.859412 914082 5652.5 1070190
Ts3s 0.859412 914082 5652.5 1070190
Th3h 0.859412 914082 5652.5 1070190
AdAc 0.853697 913146 472.5 1070190
AsAd 0.852885 912276 472.5 1070190
AhAd 0.852885 912276 472.5 1070190
8c3d 0.846882 900477 5847.5 1070190
8h3d 0.846533 900126 5825 1070190
8s3d 0.846533 900126 5825 1070190
8c3s 0.837564 890460 5892.5 1070190
8c3h 0.837564 890460 5892.5 1070190
8h3h 0.837215 890109 5870 1070190
8h3s 0.837215 890109 5870 1070190
8s3h 0.837215 890109 5870 1070190
8s3s 0.837215 890109 5870 1070190
KdKc 0.833354 891375 472.5 1070190
KsKd 0.832536 890499 472.5 1070190
KhKd 0.832536 890499 472.5 1070190
AhAc 0.827462 885069 472.5 1070190
AsAc 0.827462 885069 472.5 1070190
AsAh 0.826649 884199 472.5 1070190
QdQc 0.824021 880802 1057.5 1070190
QhQd 0.823237 879966 1053.5 1070190
QsQd 0.823237 879966 1053.5 1070190
AdTc 0.814709 868587 3306 1070190
JdJc 0.814034 869529 1642.5 1070190
AdTs 0.813939 867786 3283.5 1070190
AdTh 0.813939 867786 3283.5 1070190
JsJd 0.813283 868733 1634.5 1070190
JhJd 0.813283 868733 1634.5 1070190
KsKc 0.80785 864081 472.5 1070190
KhKc 0.80785 864081 472.5 1070190
QdTc 0.807058 858118 5587 1070190
KsKh 0.807032 863205 472.5 1070190
KdTc 0.806688 859231 4078 1070190
QdTs 0.806356 857397 5557 1070190
QdTh 0.806356 857397 5557 1070190
KdTh 0.805955 858474 4051.5 1070190
KdTs 0.805955 858474 4051.5 1070190
JdTc 0.805419 854947 7004 1070190
JdTh 0.804746 854260 6971 1070190
JdTs 0.804746 854260 6971 1070190
QhQc 0.799858 854951 1049.5 1070190
QsQc 0.799858 854951 1049.5 1070190
QsQh 0.799074 854115 1045.5 1070190
AcTc 0.797225 849921 3261 1070190
QcTc 0.791956 842069 5474.5 1070190
JcTc 0.791455 840171 6836 1070190
JsJc 0.791169 845075 1626.5 1070190
JhJc 0.791169 845075 1626.5 1070190
KcTc 0.790504 841967 4022 1070190
JsJh 0.790418 844279 1618.5 1070190
Tc9d 0.790354 837500 8329 1070190
Ts9d 0.789709 836845 8293.5 1070190
Th9d 0.789709 836845 8293.5 1070190
AcTs 0.786298 838092 3396 1070190
AcTh 0.786298 838092 3396 1070190
AsTc 0.786242 838032 3396 1070190
AhTc 0.786242 838032 3396 1070190
AhTh 0.785472 837231 3373.5 1070190
AhTs 0.785472 837231 3373.5 1070190
AsTs 0.785472 837231 3373.5 1070190
AsTh 0.785472 837231 3373.5 1070190
JcTh 0.781641 829340 7164.5 1070190
JcTs 0.781641 829340 7164.5 1070190
QcTh 0.781631 830770 5723.5 1070190
QcTs 0.781631 830770 5723.5 1070190
JsTc 0.781551 829240 7168 1070190
JhTc 0.781551 829240 7168 1070190
QhTc 0.781536 830664 5727.5 1070190
QsTc 0.781536 830664 5727.5 1070190
JsTs 0.780878 828553 7135 1070190
JsTh 0.780878 828553 7135 1070190
JhTs 0.780878 828553 7135 1070190
JhTh 0.780878 828553 7135 1070190
QhTh 0.780834 829943 5697.5 1070190
QhTs 0.780834 829943 5697.5 1070190
QsTh 0.780834 829943 5697.5 1070190
QsTs 0.780834 829943 5697.5 1070190
KcTh 0.7795 830025 4188 1070190
KcTs 0.7795 830025 4188 1070190
KhTc 0.779401 829915 4192 1070190
KsTc 0.779401 829915 4192 1070190
KhTs 0.778669 829158 4165.5 1070190
KhTh 0.778669 829158 4165.5 1070190
KsTh 0.778669 829158 4165.5 1070190
KsTs 0.778669 829158 4165.5 1070190
Tc9c 0.777775 824260 8106.5 1070190
Tc7d 0.77187 813930 12118 1070190
Th7d 0.771292 813368 12060.5 1070190
Ts7d 0.771292 813368 12060.5 1070190
Ts9c 0.767619 812987 8511 1070190
Th9c 0.767619 812987 8511 1070190
Tc9h 0.767535 812895 8513.5 1070190
Tc9s 0.767535 812895 8513.5 1070190
Th9h 0.76689 812240 8478 1070190
Th9s 0.76689 812240 8478 1070190
Ts9s 0.76689 812240 8478 1070190
Ts9h 0.76689 812240 8478 1070190
Tc6d 0.761287 802305 12417 1070190
Tc7c 0.760826 802290 11938 1070190
Ts6d 0.760741 801786 12351 1070190
Th6d 0.760741 801786 12351 1070190
Tc5d 0.752232 792439 12592 1070190
Tc6c 0.751764 792280 12250.5 1070190
Th5d 0.751711 791955 12518.5 1070190
Ts5d 0.751711 791955 12518.5 1070190
Ad3d 0.751082 800562 3238.5 1070190
Ts7c 0.749619 789805 12430 1070190
Th7c 0.749619 789805 12430 1070190
Tc7h 0.74945 789598 12456 1070190
Tc7s 0.74945 789598 12456 1070190
Tc4d 0.749343 788827 13112 1070190
Th7h 0.748871 789036 12398.5 1070190
Ts7h 0.748871 789036 12398.5 1070190
Ts7s 0.748871 789036 12398.5 1070190
Th7s 0.748871 789036 12398.5 1070190
Ts4d 0.748833 788359 13035 1070190
Th4d 0.748833 788359 13035 1070190
Tc2d 0.745199 784227 13277 1070190
Th2d 0.74469 783759 13200.5 1070190
Ts2d 0.74469 783759 13200.5 1070190
Tc5c 0.744164 783953 12444 1070190
Tc4c 0.742608 781785 12947 1070190
Kd3d 0.742504 790859 3761 1070190
Tc2c 0.740987 779898 13099 1070190
Qd3d 0.740403 787665 4707 1070190
Th6c 0.739793 778963 12756 1070190
Ts6c 0.739793 778963 12756 1070190
Tc6h 0.739564 778679 12794.5 1070190
Tc6s 0.739564 778679 12794.5 1070190
Th6h 0.739017 778160 12728.5 1070190
Ts6h 0.739017 778160 12728.5 1070190
Ts6s 0.739017 778160 12728.5 1070190
Th6s 0.739017 778160 12728.5 1070190
Jd3d 0.738232 784468 5581 1070190
Ad8c 0.736261 784440 3499.5 1070190
Ad8h 0.735492 783639 3477 1070190
Ad8s 0.735492 783639 3477 1070190
Th5c 0.731524 769914 12956 1070190
Ts5c 0.731524 769914 12956 1070190
Tc5h 0.731241 769561 13006 1070190
Tc5s 0.731241 769561 13006 1070190
9d9c 0.731163 780256 2227.5 1070190
9d3d 0.731003 773598 8714 1070190
Ts5h 0.73072 769077 12932.5 1070190
Th5h 0.73072 769077 12932.5 1070190
Th5s 0.73072 769077 12932.5 1070190
Ts5s 0.73072 769077 12932.5 1070190
9h9d 0.730485 779542 2215.5 1070190
9s9d 0.730485 779542 2215.5 1070190
Jd8c 0.729965 774004 7197.5 1070190
Qd8c 0.729941 775395 5780.5 1070190
Ts4c 0.729884 767622 13493 1070190
Th4c 0.729884 767622 13493 1070190
Tc4h 0.72959 767253 13547 1070190
Tc4s 0.72959 767253 13547 1070190
Jd8s 0.729292 773317 7164.5 1070190
Jd8h 0.729292 773317 7164.5 1070190
Qd8h 0.729239 774674 5750.5 1070190
Qd8s 0.729239 774674 5750.5 1070190
Th4h 0.729081 766785 13470 1070190
Th4s 0.729081 766785 13470 1070190
Ts4s 0.729081 766785 13470 1070190
Ts4h 0.729081 766785 13470 1070190
Kd8c 0.72824 775084 4271.5 1070190
Th2c 0.728213 765675 13651 1070190
Ts2c 0.728213 765675 13651 1070190
Tc2h 0.727913 765300 13705 1070190
Tc2s 0.727913 765300 13705 1070190
Kd8h 0.727508 774327 4245 1070190
Kd8s 0.727508 774327 4245 1070190
Th2s 0.727404 764832 13628.5 1070190
Ts2s 0.727404 764832 13628.5 1070190
Ts2h 0.727404 764832 13628.5 1070190
Th2h 0.727404 764832 13628.5 1070190
9d8c 0.720799 759032 12359.5 1070190
9d8h 0.720174 758411 12311.5 1070190
9d8s 0.720174 758411 12311.5 1070190
Ac8c 0.718906 765912 3454.5 1070190
Jc8c 0.716083 759315 7029.5 1070190
7d3d 0.716006 754724 11538.5 1070190
Qc8c 0.714947 759461 5668 1070190
Kc8c 0.712185 757958 4215.5 1070190
AdKd 0.711778 757881 3857 1070190
AdQd 0.710826 756379 4339.5 1070190
AdJd 0.70999 755002 4822 1070190
6d3d 0.708483 746898 11313.5 1070190
9c8c 0.707977 745495 12175 1070190
9h9c 0.706748 754151 2203.5 1070190
9s9c 0.706748 754151 2203.5 1070190
9s9h 0.706069 753437 2191.5 1070190
Ac8h 0.70426 750102 3589.5 1070190
Ac8s 0.70426 750102 3589.5 1070190
As8c 0.704237 750078 3589.5 1070190
Ah8c 0.704237 750078 3589.5 1070190
Jd9d 0.703838 746436 6804.5 1070190
As8h 0.703468 749277 3567 1070190
Ah8s 0.703468 749277 3567 1070190
Ah8h 0.703468 749277 3567 1070190
As8s 0.703468 749277 3567 1070190
Jc8h 0.702744 744712 7358 1070190
Jc8s 0.702744 744712 7358 1070190
Jh8c 0.702686 744646 7361.5 1070190
Js8c 0.702686 744646 7361.5 1070190
5d3d 0.702085 740492 10872.5 1070190
Jh8s 0.702013 743959 7328.5 1070190
Js8s 0.702013 743959 7328.5 1070190
Jh8h 0.702013 743959 7328.5 1070190
Js8h 0.702013 743959 7328.5 1070190
Qc8s 0.700989 744274 5917 1070190
Qc8h 0.700989 744274 5917 1070190
Qh8c 0.700926 744203 5921 1070190
Qs8c 0.700926 744203 5921 1070190
4d3d 0.70037 738710 10819 1070190
Qs8s 0.700224 743482 5891 1070190
Qs8h 0.700224 743482 5891 1070190
Qh8s 0.700224 743482 5891 1070190
Qh8h 0.700224 743482 5891 1070190
Kc8s 0.697462 742035 4381.5 1070190
Kc8h 0.697462 742035 4381.5 1070190
Ks8c 0.697396 741961 4385.5 1070190
Kh8c 0.697396 741961 4385.5 1070190
Kh8s 0.696664 741204 4359 1070190
Kh8h 0.696664 741204 4359 1070190
Ks8h 0.696664 741204 4359 1070190
Ks8s 0.696664 741204 4359 1070190
8c7d 0.695184 731232 12746.5 1070190
9c8s 0.695101 731223 12667 1070190
9c8h 0.695101 731223 12667 1070190
9s8c 0.695036 731139 12682 1070190
9h8c 0.695036 731139 12682 1070190
Ad9d 0.694721 736390 7094 1070190
8s7d 0.694602 730670 12686.5 1070190
8h7d 0.694602 730670 12686.5 1070190
9s8h 0.694411 730518 12634 1070190
9h8s 0.694411 730518 12634 1070190
9h8h 0.694411 730518 12634 1070190
9s8s 0.694411 730518 12634 1070190
3d2d 0.689901 727614 10711.5 1070190
QdJd 0.689619 733426 4597 1070190
8c7c 0.684058 719499 12573.5 1070190
8c6d 0.682937 717827 13045.5 1070190
8s6d 0.682388 717308 12977 1070190
8h6d 0.682388 717308 12977 1070190
Qd9d 0.675068 716030 6421.5 1070190
8c6c 0.67336 707737 12886 1070190
8c5d 0.672551 706537 13220.5 1070190
Ad7d 0.672164 708642 10701.5 1070190
8h5d 0.672028 706053 13144.5 1070190
8s5d 0.672028 706053 13144.5 1070190
8c4d 0.669662 702925 13740.5 1070190
8s7c 0.669579 703494 13083 1070190
8h7c 0.669579 703494 13083 1070190
KdQd 0.669521 712783 3731.5 1070190
8c7s 0.669444 703321 13111.5 1070190
8c7h 0.669444 703321 13111.5 1070190
8h4d 0.66915 702457 13661 1070190
8s4d 0.66915 702457 13661 1070190
KdJd 0.669091 711840 4214 1070190
8h7h 0.668863 702759 13051.5 1070190
8s7s 0.668863 702759 13051.5 1070190
8h7s 0.668863 702759 13051.5 1070190
8s7h 0.668863 702759 13051.5 1070190
8c2d 0.665551 698325 13941.5 1070190
8s2d 0.66504 697857 13862.5 1070190
8h2d 0.66504 697857 13862.5 1070190
8c5c 0.664451 698009 13079.5 1070190
9d7d 0.663682 699580 10685.5 1070190
8c4c 0.662895 695841 13582.5 1070190
Ad6d 0.662113 697297 11290 1070190
8c2c 0.661306 693954 13769.5 1070190
Ad5d 0.658936 693451 11735.5 1070190
8s6c 0.658007 690784 13409 1070190
8h6c 0.658007 690784 13409 1070190
8c6h 0.657813 690535 13450 1070190
8c6s 0.657813 690535 13450 1070190
8s6s 0.657264 690016 13381.5 1070190
8s6h 0.657264 690016 13381.5 1070190
8h6s 0.657264 690016 13381.5 1070190
8h6h 0.657264 690016 13381.5 1070190
Ad4d 0.656365 690236 12199.5 1070190
Kd9d 0.654362 693806 6486 1070190
8h5c 0.648343 680241 13609 1070190
8s5c 0.648343 680241 13609 1070190
8c5s 0.648096 679924 13661.5 1070190
8c5h 0.648096 679924 13661.5 1070190
8s5s 0.647572 679440 13585.5 1070190
8h5h 0.647572 679440 13585.5 1070190
8s5h 0.647572 679440 13585.5 1070190
8h5s 0.647572 679440 13585.5 1070190
Ad2d 0.646781 679979 12199.5 1070190
8s4c 0.646703 677949 14146 1070190
8h4c 0.646703 677949 14146 1070190
8c4h 0.646445 677616 14202.5 1070190
8c4s 0.646445 677616 14202.5 1070190
8s4s 0.645933 677148 14123 1070190
8h4s 0.645933 677148 14123 1070190
8h4h 0.645933 677148 14123 1070190
8s4h 0.645933 677148 14123 1070190
8s2c 0.645064 676002 14339 1070190
8h2c 0.645064 676002 14339 1070190
8c2s 0.6448 675663 14395.5 1070190
8c2h 0.6448 675663 14395.5 1070190
8h2s 0.644289 675195 14316.5 1070190
8h2h 0.644289 675195 14316.5 1070190
8s2h 0.644289 675195 14316.5 1070190
8s2s 0.644289 675195 14316.5 1070190
Kd7d 0.630714 664408 10576 1070190
7d7c 0.627171 669379 1813.5 1070190
Jd7d 0.626757 661221 9528 1070190
7s7d 0.626507 668678 1803.5 1070190
7h7d 0.626507 668678 1803.5 1070190
Kd6d 0.620258 652629 11164.5 1070190
Kd5d 0.610837 642102 11610 1070190
Kd4d 0.608267 638887 12074 1070190
Ad3s 0.603784 641967 4197 1070190
Ad3h 0.603784 641967 4197 1070190
7s7c 0.600132 640458 1797.5 1070190
7h7c 0.600132 640458 1797.5 1070190
7s7h 0.599468 639757 1787.5 1070190
Kd2d 0.598682 628630 12074 1070190
6d6c 0.598432 639243 1192.5 1070190
9d6d 0.597885 628762 11089 1070190
Jd3s 0.597817 632131 7646.5 1070190
Jd3h 0.597817 632131 7646.5 1070190
6s6d 0.597742 638510 1187 1070190
6h6d 0.597742 638510 1187 1070190
Qd3s 0.596681 632249 6313.5 1070190
Qd3h 0.596681 632249 6313.5 1070190
Qd7d 0.595877 627341 10361 1070190
Kd3s 0.594872 631739 4887.5 1070190
Kd3h 0.594872 631739 4887.5 1070190
Ac3d 0.59279 630201 4197 1070190
Ah3d 0.591981 629340 4192.5 1070190
As3d 0.591981 629340 4192.5 1070190
9d3s 0.591501 620607 12411.5 1070190
9d3h 0.591501 620607 12411.5 1070190
Qd6d 0.591016 621228 11271.5 1070190
Jc3d 0.590807 624602 7674 1070190
Js3d 0.590062 623815 7663 1070190
Jh3d 0.590062 623815 7663 1070190
Qc3d 0.58826 623209 6340.5 1070190
Qh3d 0.58748 622382 6333 1070190
Qs3d 0.58748 622382 6333 1070190
9c3d 0.585838 614306 12651.5 1070190
9s3d 0.585143 613577 12637 1070190
9h3d 0.585143 613577 12637 1070190
Kc3d 0.585026 621178 4911 1070190
Kh3d 0.584212 620311 4907 1070190
Ks3d 0.584212 620311 4907 1070190
Qd5d 0.581459 610555 11717 1070190
Qd4d 0.578889 607340 12181 1070190
6s6c 0.57152 610450 1184.5 1070190
6h6c 0.57152 610450 1184.5 1070190
6s6h 0.570829 609717 1179 1070190
Ac3h 0.570183 606129 4075.5 1070190
Ac3s 0.570183 606129 4075.5 1070190
7d3s 0.570176 593560 16637 1070190
7d3h 0.570176 593560 16637 1070190
Ah3h 0.569375 605268 4071 1070190
Ah3s 0.569375 605268 4071 1070190
As3h 0.569375 605268 4071 1070190
As3s 0.569375 605268 4071 1070190
Jc3h 0.569324 601734 7550.5 1070190
Jc3s 0.569324 601734 7550.5 1070190
Qd2d 0.569305 597083 12181 1070190
5d5c 0.569277 608663 571.5 1070190
Jh3s 0.568578 600947 7539.5 1070190
Jh3h 0.568578 600947 7539.5 1070190
Js3h 0.568578 600947 7539.5 1070190
Js3s 0.568578 600947 7539.5 1070190
5h5d 0.568561 607898 570.5 1070190
5s5d 0.568561 607898 570.5 1070190
7d6d 0.567194 595434 11571.5 1070190
Qc3s 0.566319 599864 6204.5 1070190
Qc3h 0.566319 599864 6204.5 1070190
Qh3s 0.565539 599037 6197 1070190
Qs3h 0.565539 599037 6197 1070190
Qh3h 0.565539 599037 6197 1070190
Qs3s 0.565539 599037 6197 1070190
7c3d 0.565204 587699 17176.5 1070190
9c3h 0.564739 591982 12396 1070190
9c3s 0.564739 591982 12396 1070190
7s3d 0.564484 586939 17166.5 1070190
7h3d 0.564484 586939 17166.5 1070190
9s3h 0.564044 591253 12381.5 1070190
9h3h 0.564044 591253 12381.5 1070190
9h3s 0.564044 591253 12381.5 1070190
9s3s 0.564044 591253 12381.5 1070190
Kc3h 0.562577 597299 4765.5 1070190
Kc3s 0.562577 597299 4765.5 1070190
Kh3h 0.561763 596432 4761.5 1070190
Ks3h 0.561763 596432 4761.5 1070190
Kh3s 0.561763 596432 4761.5 1070190
Ks3s 0.561763 596432 4761.5 1070190
Jd6d 0.559813 588264 10842 1070190
6d3s 0.559198 582180 16268 1070190
6d3h 0.559198 582180 16268 1070190
Jd9c 0.55669 586176 9588 1070190
Jd5d 0.556376 583765 11663 1070190
Jd9h 0.556034 585512 9549.5 1070190
Jd9s 0.556034 585512 9549.5 1070190
6c3d 0.555245 577367 16851 1070190
Jc9d 0.554788 584218 9510.5 1070190
6h3d 0.554498 576573 16845.5 1070190
6s3d 0.554498 576573 16845.5 1070190
Js9d 0.554077 583503 9464.5 1070190
Jh9d 0.554077 583503 9464.5 1070190
Jd4d 0.553805 580550 12127 1070190
AdJc 0.550058 581490 7176.5 1070190
4d4c 0.549844 587902 535.5 1070190
5d3h 0.549557 572573 15557 1070190
5d3s 0.549557 572573 15557 1070190
AdQc 0.549403 581578 6387.5 1070190
AdJh 0.549314 580723 7147 1070190
AdJs 0.549314 580723 7147 1070190
4s4d 0.549129 587137 535 1070190
4h4d 0.549129 587137 535 1070190
Jc9c 0.549037 578444 9129.5 1070190
AdKc 0.54888 581807 5598.5 1070190
AdQs 0.548625 580772 6361.5 1070190
AdQh 0.548625 580772 6361.5 1070190
AdKh 0.548069 580962 5576 1070190
AdKs 0.548069 580962 5576 1070190
4d3h 0.54779 570736 15503.5 1070190
4d3s 0.54779 570736 15503.5 1070190
AcKd 0.547463 580311 5578.5 1070190
AhKd 0.546662 579480 5552 1070190
AsKd 0.546662 579480 5552 1070190
5c3d 0.546618 568820 16165.5 1070190
AcQd 0.54642 578388 6385 1070190
4c3d 0.546154 568377 16111.5 1070190
5h3d 0.545844 567992 16164.5 1070190
5s3d 0.545844 567992 16164.5 1070190
AsQd 0.545648 577588 6358.5 1070190
AhQd 0.545648 577588 6358.5 1070190
AcJd 0.545544 576644 7191.5 1070190
4h3d 0.54538 567549 16111 1070190
4s3d 0.54538 567549 16111 1070190
AhJd 0.5448 575874 7165 1070190
AsJd 0.5448 575874 7165 1070190
Jd2d 0.544221 570293 12127 1070190
7c3s 0.543908 565344 16741 1070190
7c3h 0.543908 565344 16741 1070190
7h3h 0.543189 564584 16731 1070190
7h3s 0.543189 564584 16731 1070190
7s3h 0.543189 564584 16731 1070190
7s3s 0.543189 564584 16731 1070190
5s5c 0.542439 579941 571.5 1070190
5h5c 0.542439 579941 571.5 1070190
5s5h 0.541723 579176 570.5 1070190
AcJc 0.538742 569785 6771.5 1070190
AcQc 0.538218 569989 6007 1070190
AcKc 0.537833 570341 5242.5 1070190
6c3s 0.533674 554761 16371.5 1070190
6c3h 0.533674 554761 16371.5 1070190
6h3s 0.532927 553967 16366 1070190
6h3h 0.532927 553967 16366 1070190
6s3h 0.532927 553967 16366 1070190
6s3s 0.532927 553967 16366 1070190
3d2c 0.531308 552615 15985.5 1070190
3d2h 0.530529 551781 15985.5 1070190
3d2s 0.530529 551781 15985.5 1070190
3h2d 0.530457 552312 15378 1070190
3s2d 0.530457 552312 15378 1070190
Ad9c 0.530436 557072 10595 1070190
Ad9s 0.529791 556415 10562 1070190
Ad9h 0.529791 556415 10562 1070190
Jc9s 0.528052 555689 9426.5 1070190
Jc9h 0.528052 555689 9426.5 1070190
Jh9c 0.527997 555638 9419 1070190
Js9c 0.527997 555638 9419 1070190
9d5d 0.527972 553075 11955.5 1070190
QdJc 0.527592 558082 6541.5 1070190
Js9h 0.52734 554974 9380.5 1070190
Jh9h 0.52734 554974 9380.5 1070190
Jh9s 0.52734 554974 9380.5 1070190
Js9s 0.52734 554974 9380.5 1070190
QdJs 0.526859 557328 6511 1070190
QdJh 0.526859 557328 6511 1070190
QcJd 0.526133 556536 6526.5 1070190
9d4d 0.525402 549860 12419.5 1070190
QhJd 0.525383 555767 6493 1070190
QsJd 0.525383 555767 6493 1070190
5c3h 0.524797 545981 15651 1070190
5c3s 0.524797 545981 15651 1070190
4c3h 0.524332 545538 15597 1070190
4c3s 0.524332 545538 15597 1070190
5s3s 0.524022 545153 15650 1070190
5s3h 0.524022 545153 15650 1070190
5h3s 0.524022 545153 15650 1070190
5h3h 0.524022 545153 15650 1070190
Ac9d 0.523818 550040 10545 1070190
4h4c 0.523664 559884 535.5 1070190
4s4c 0.523664 559884 535.5 1070190
4s3s 0.523558 544710 15596.5 1070190
4h3s 0.523558 544710 15596.5 1070190
4s3h 0.523558 544710 15596.5 1070190
4h3h 0.523558 544710 15596.5 1070190
Ah9d 0.523118 549325 10511 1070190
As9d 0.523118 549325 10511 1070190
4s4h 0.522948 559119 535 1070190
QcJc 0.519911 550225 6178.5 1070190
Ac9c 0.518726 545082 10053 1070190
9d2d 0.515885 539712 12383.5 1070190
AhJc 0.514704 543701 7130.5 1070190
AcJs 0.514704 543704 7127.5 1070190
AcJh 0.514704 543704 7127.5 1070190
AsJc 0.514704 543701 7130.5 1070190
AhJs 0.51396 542934 7101 1070190
AhJh 0.51396 542934 7101 1070190
AsJh 0.51396 542934 7101 1070190
AsJs 0.51396 542934 7101 1070190
AhQc 0.513701 543446 6312 1070190
AsQc 0.513701 543446 6312 1070190
AcQs 0.513696 543440 6312.5 1070190
AcQh 0.513696 543440 6312.5 1070190
AsQh 0.512924 542640 6286 1070190
AsQs 0.512924 542640 6286 1070190
AhQh 0.512924 542640 6286 1070190
AhQs 0.512924 542640 6286 1070190
AhKc 0.512833 543335 5493.5 1070190
AsKc 0.512833 543335 5493.5 1070190
AcKs 0.512823 543321 5497.5 1070190
AcKh 0.512823 543321 5497.5 1070190
AhKh 0.512022 542490 5471 1070190
AsKh 0.512022 542490 5471 1070190
AhKs 0.512022 542490 5471 1070190
AsKs 0.512022 542490 5471 1070190
3h2c 0.508949 529215 15457.5 1070190
3s2c 0.508949 529215 15457.5 1070190
Qd9c 0.508776 535214 9272.5 1070190
3s2s 0.50817 528381 15457.5 1070190
3s2h 0.50817 528381 15457.5 1070190
3h2h 0.50817 528381 15457.5 1070190
3h2s 0.50817 528381 15457.5 1070190
Qd9s 0.508135 534562 9238.5 1070190
Qd9h 0.508135 534562 9238.5 1070190
Qc9d 0.505359 531620 9210 1070190
Qs9d 0.504653 530903 9171.5 1070190
Qh9d 0.504653 530903 9171.5 1070190
9d7c 0.501405 521092 15507 1070190
9d7h 0.500812 520496 15468.5 1070190
9d7s 0.500812 520496 15468.5 1070190
Qc9c 0.500793 527139 8805 1070190
9c7d 0.499934 519741 15283.5 1070190
9s7d 0.499345 519172 15221.5 1070190
9h7d 0.499345 519172 15221.5 1070190
7d5d 0.498463 520598 12852 1070190
Ad7c 0.496929 515656 16152 1070190
Ad7h 0.496317 515031 16122.5 1070190
Ad7s 0.496317 515031 16122.5 1070190
7d4d 0.495942 517490 13262.5 1070190
QcJh 0.495855 524238 6421.5 1070190
QcJs 0.495855 524238 6421.5 1070190
QhJc 0.495839 524223 6418.5 1070190
QsJc 0.495839 524223 6418.5 1070190
9c7c 0.495742 515722 14816 1070190
QhJs 0.495106 523469 6388 1070190
QhJh 0.495106 523469 6388 1070190
QsJh 0.495106 523469 6388 1070190
QsJs 0.495106 523469 6388 1070190
Ac9h 0.494563 518727 10549.5 1070190
Ac9s 0.494563 518727 10549.5 1070190
As9c 0.494508 518669 10548.5 1070190
Ah9c 0.494508 518669 10548.5 1070190
As9s 0.493863 518012 10515.5 1070190
As9h 0.493863 518012 10515.5 1070190
Ah9h 0.493863 518012 10515.5 1070190
Ah9s 0.493863 518012 10515.5 1070190
KdJc 0.491493 519765 6226 1070190
KdJs 0.490776 519024 6200 1070190
KdJh 0.490776 519024 6200 1070190
KdQc 0.49024 519213 5437 1070190
KdQh 0.489491 518434 5414.5 1070190
KdQs 0.489491 518434 5414.5 1070190
Ac7d 0.488854 507314 15852.5 1070190
KcQd 0.488588 517463 5419.5 1070190
KcJd 0.488315 516364 6226 1070190
Ah7d 0.488212 506681 15798.5 1070190
As7d 0.488212 506681 15798.5 1070190
KsQd 0.487811 516657 5393.5 1070190
KhQd 0.487811 516657 5393.5 1070190
KhJd 0.487566 515588 6200 1070190
KsJd 0.487566 515588 6200 1070190
Ac7c 0.485753 504529 15318.5 1070190
6d5d 0.48535 507767 11650 1070190
KcJc 0.483067 511119 5854 1070190
6d4d 0.48283 504659 12060.5 1070190
KcQc 0.481962 510701 5089.5 1070190
Ad6c 0.480648 497375 17010 1070190
Ad6s 0.480013 496721 16984 1070190
Ad6h 0.480013 496721 16984 1070190
7d2d 0.478359 498745 13190.5 1070190
Qc9h 0.47659 500883 9158.5 1070190
Qc9s 0.47659 500883 9158.5 1070190
Qs9c 0.476525 500818 9154 1070190
Qh9c 0.476525 500818 9154 1070190
Qh9s 0.475884 500166 9120 1070190
Qs9s 0.475884 500166 9120 1070190
Qs9h 0.475884 500166 9120 1070190
Qh9h 0.475884 500166 9120 1070190
Ad5c 0.475623 491330 17677 1070190
Ad5s 0.474961 490644 17654.5 1070190
Ad5h 0.474961 490644 17654.5 1070190
9h7c 0.473511 491453 15293.5 1070190
9s7c 0.473511 491453 15293.5 1070190
9c7s 0.473508 491426 15317 1070190
9c7h 0.473508 491426 15317 1070190
5d4d 0.473345 496484 10085 1070190
9s7h 0.472918 490857 15255 1070190
9h7s 0.472918 490857 15255 1070190
9h7h 0.472918 490857 15255 1070190
9s7s 0.472918 490857 15255 1070190
Kd9c 0.472687 496220 9644.5 1070190
Kd9s 0.472069 495588 9615 1070190
Kd9h 0.472069 495588 9615 1070190
Ad4c 0.472069 486798 18405 1070190
Ac6d 0.471458 487908 16642 1070190
Ad4h 0.471406 486112 18382.5 1070190
Ad4s 0.471406 486112 18382.5 1070190
As6d 0.470847 487317 16579 1070190
Ah6d 0.470847 487317 16579 1070190
Ac6c 0.470139 487051 16087 1070190
Kc9d 0.46741 490638 9579.5 1070190
Kh9d 0.466705 489917 9546 1070190
Ks9d 0.466705 489917 9546 1070190
Ac5c 0.465444 481433 16680.5 1070190
6d2d 0.465381 486058 11988.5 1070190
Ac5d 0.46526 480669 17247.5 1070190
Ah5d 0.464665 480103 17176.5 1070190
As5d 0.464665 480103 17176.5 1070190
Kc9c 0.463843 487265 9135.5 1070190
Ac4c 0.461943 477007 17359.5 1070190
Ad2c 0.460907 474853 18405 1070190
Ac4d 0.460319 474675 17953.5 1070190
Ad2s 0.460239 474161 18382.5 1070190
Ad2h 0.460239 474161 18382.5 1070190
Ac7s 0.460151 476444 16004.5 1070190
Ac7h 0.460151 476444 16004.5 1070190
Ah7c 0.46012 476436 15980 1070190
As7c 0.46012 476436 15980 1070190
As4d 0.459735 474125 17878.5 1070190
Ah4d 0.459735 474125 17878.5 1070190
Ah7h 0.459509 475811 15950.5 1070190
Ah7s 0.459509 475811 15950.5 1070190
As7h 0.459509 475811 15950.5 1070190
As7s 0.459509 475811 15950.5 1070190
5d2d 0.457124 479197 10013 1070190
KcJh 0.456371 482250 6153.5 1070190
KcJs 0.456371 482250 6153.5 1070190
KsJc 0.456338 482215 6153.5 1070190
KhJc 0.456338 482215 6153.5 1070190
KsJh 0.455621 481474 6127.5 1070190
KsJs 0.455621 481474 6127.5 1070190
KhJs 0.455621 481474 6127.5 1070190
KhJh 0.455621 481474 6127.5 1070190
KcQh 0.454743 481323 5338.5 1070190
KcQs 0.454743 481323 5338.5 1070190
KhQc 0.454715 481296 5335 1070190
KsQc 0.454715 481296 5335 1070190
KhQh 0.453966 480517 5312.5 1070190
KhQs 0.453966 480517 5312.5 1070190
KsQh 0.453966 480517 5312.5 1070190
KsQs 0.453966 480517 5312.5 1070190
2d2c 0.450734 480420 1951.5 1070190
Ac2c 0.450436 464693 17359.5 1070190
2s2d 0.450014 479649 1951.5 1070190
2h2d 0.450014 479649 1951.5 1070190
4d2d 0.448638 472149 7978.5 1070190
Ac2d 0.44573 459062 17953.5 1070190
As2d 0.445146 458512 17878.5 1070190
Ah2d 0.445146 458512 17878.5 1070190
As6c 0.443425 457755 16793.5 1070190
Ah6c 0.443425 457755 16793.5 1070190
Ac6h 0.4434 457692 16830.5 1070190
Ac6s 0.4434 457692 16830.5 1070190
Ah6h 0.442789 457101 16767.5 1070190
As6s 0.442789 457101 16767.5 1070190
As6h 0.442789 457101 16767.5 1070190
Ah6s 0.442789 457101 16767.5 1070190
Jd7c 0.4394 456105 14136.5 1070190
Jd7h 0.438816 455510 14106 1070190
Jd7s 0.438816 455510 14106 1070190
As5c 0.438368 451716 17421 1070190
Ah5c 0.438368 451716 17421 1070190
Ac5h 0.438301 451596 17469.5 1070190
Ac5s 0.438301 451596 17469.5 1070190
As5h 0.437706 451030 17398.5 1070190
Ah5h 0.437706 451030 17398.5 1070190
Ah5s 0.437706 451030 17398.5 1070190
As5s 0.437706 451030 17398.5 1070190
Kd7c 0.437464 452179 15990.5 1070190
Kc9s 0.437075 458178 9575.5 1070190
Kc9h 0.437075 458178 9575.5 1070190
Kh9c 0.436988 458089 9571.5 1070190
Ks9c 0.436988 458089 9571.5 1070190
Kd7h 0.436884 451588 15961 1070190
Kd7s 0.436884 451588 15961 1070190
Kh9s 0.43637 457457 9542 1070190
Kh9h 0.43637 457457 9542 1070190
Ks9s 0.43637 457457 9542 1070190
Ks9h 0.43637 457457 9542 1070190
Jc7d 0.436017 452761 13859.5 1070190
Js7d 0.435387 452143 13804 1070190
Jh7d 0.435387 452143 13804 1070190
Ah4c 0.434743 447114 18144 1070190
As4c 0.434743 447114 18144 1070190
Ac4s 0.434665 446978 18196.5 1070190
Ac4h 0.434665 446978 18196.5 1070190
Ah4s 0.434081 446428 18121.5 1070190
Ah4h 0.434081 446428 18121.5 1070190
As4s 0.434081 446428 18121.5 1070190
As4h 0.434081 446428 18121.5 1070190
Jc7c 0.43407 451107 13430 1070190
Kc7d 0.430704 445242 15693.5 1070190
Kh7d 0.430057 444603 15640 1070190
Ks7d 0.430057 444603 15640 1070190
Kc7c 0.429206 444166 15165.5 1070190
2h2c 0.425249 453159 1938 1070190
2s2c 0.425249 453159 1938 1070190
2s2h 0.424528 452388 1938 1070190
Ah2c 0.423192 434752 18144 1070190
As2c 0.423192 434752 18144 1070190
Ac2s 0.423109 434610 18196.5 1070190
Ac2h 0.423109 434610 18196.5 1070190
As2s 0.422525 434060 18121.5 1070190
As2h 0.422525 434060 18121.5 1070190
Ah2h 0.422525 434060 18121.5 1070190
Ah2s 0.422525 434060 18121.5 1070190
Kd6c 0.420586 433258 16848.5 1070190
Kd6s 0.419983 432639 16822.5 1070190
Kd6h 0.419983 432639 16822.5 1070190
Kc6c 0.413011 426066 15934 1070190
Kc6d 0.412706 425191 16483 1070190
Ks6d 0.41209 424594 16420.5 1070190
Kh6d 0.41209 424594 16420.5 1070190
Jc7h 0.407144 421772 13949 1070190
Jc7s 0.407144 421772 13949 1070190
Js7c 0.407099 421749 13924 1070190
Jh7c 0.407099 421749 13924 1070190
Js7s 0.406514 421154 13893.5 1070190
Jh7h 0.406514 421154 13893.5 1070190
Jh7s 0.406514 421154 13893.5 1070190
Js7h 0.406514 421154 13893.5 1070190
Kd5c 0.405369 416306 17515.5 1070190
Kd5s 0.404742 415658 17493 1070190
Kd5h 0.404742 415658 17493 1070190
Kd4c 0.401814 411774 18243.5 1070190
Kd4s 0.401188 411126 18221 1070190
Kd4h 0.401188 411126 18221 1070190
Kc7h 0.400888 413181 15845.5 1070190
Kc7s 0.400888 413181 15845.5 1070190
Ks7c 0.400821 413133 15821.5 1070190
Kh7c 0.400821 413133 15821.5 1070190
9d6c 0.400776 412443 16463.5 1070190
Ks7s 0.400241 412542 15792 1070190
Kh7h 0.400241 412542 15792 1070190
Kh7s 0.400241 412542 15792 1070190
Ks7h 0.400241 412542 15792 1070190
9d6h 0.400209 411867 16433 1070190
9d6s 0.400209 411867 16433 1070190
Kc5c 0.398365 409799 16527.5 1070190
9c6d 0.398159 409931 16174.5 1070190
9h6d 0.397633 409432 16111 1070190
9s6d 0.397633 409432 16111 1070190
9c6c 0.397588 409824 15670.5 1070190
Kc5d 0.396344 407075 17088.5 1070190
Ks5d 0.395752 406512 17018 1070190
Kh5d 0.395752 406512 17018 1070190
Kc4c 0.394864 405373 17206.5 1070190
Kc4d 0.391403 401081 17794.5 1070190
Kh4d 0.390822 400534 17720 1070190
Ks4d 0.390822 400534 17720 1070190
Kd2c 0.390653 399829 18243.5 1070190
Kd2h 0.39002 399175 18221 1070190
Kd2s 0.39002 399175 18221 1070190
Qd7c 0.388787 400367 15709 1070190
Qd7h 0.388235 399802 15683 1070190
Qd7s 0.388235 399802 15683 1070190
Qc7d 0.383538 395075 15383 1070190
Kc6s 0.383518 393766 16671.5 1070190
Kc6h 0.383518 393766 16671.5 1070190
Ks6c 0.383505 393788 16635 1070190
Kh6c 0.383505 393788 16635 1070190
Kc2c 0.383358 393059 17206.5 1070190
Qc7c 0.382998 394999 14881.5 1070190
Qs7d 0.382915 394465 15327 1070190
Qh7d 0.382915 394465 15327 1070190
Kh6s 0.382902 393169 16609 1070190
Kh6h 0.382902 393169 16609 1070190
Ks6h 0.382902 393169 16609 1070190
Ks6s 0.382902 393169 16609 1070190
Qd6c 0.38095 390601 17087.5 1070190
Qd6s 0.380374 390011 17061.5 1070190
Qd6h 0.380374 390011 17061.5 1070190
Kc2d 0.376814 385468 17794.5 1070190
Kh2d 0.376233 384921 17720 1070190
Ks2d 0.376233 384921 17720 1070190
Qc6c 0.375659 385864 16162.5 1070190
Qc6d 0.374562 384134 16718 1070190
Qs6d 0.373966 383560 16654.5 1070190
Qh6d 0.373966 383560 16654.5 1070190
9s6c 0.369918 379618 16264.5 1070190
9h6c 0.369918 379618 16264.5 1070190
9c6s 0.369877 379541 16297.5 1070190
9c6h 0.369877 379541 16297.5 1070190
9h6s 0.369351 379042 16234 1070190
9h6h 0.369351 379042 16234 1070190
9s6s 0.369351 379042 16234 1070190
9s6h 0.369351 379042 16234 1070190
Kh5c 0.367856 376413 17262.5 1070190
Ks5c 0.367856 376413 17262.5 1070190
Kc5h 0.367821 376328 17310.5 1070190
Kc5s 0.367821 376328 17310.5 1070190
Ks5h 0.367229 375765 17240 1070190
Ks5s 0.367229 375765 17240 1070190
Kh5s 0.367229 375765 17240 1070190
Kh5h 0.367229 375765 17240 1070190
Qd5c 0.36557 373475 17754.5 1070190
Qd5s 0.364972 372857 17732 1070190
Qd5h 0.364972 372857 17732 1070190
Ks4c 0.364231 371811 17985.5 1070190
Kh4c 0.364231 371811 17985.5 1070190
Kc4h 0.364185 371710 18037.5 1070190
Kc4s 0.364185 371710 18037.5 1070190
Ks4h 0.363605 371163 17963 1070190
Ks4s 0.363605 371163 17963 1070190
Kh4h 0.363605 371163 17963 1070190
Kh4s 0.363605 371163 17963 1070190
Qd4c 0.362016 368943 18482.5 1070190
Qd4h 0.361417 368325 18460 1070190
Qd4s 0.361417 368325 18460 1070190
Qc5c 0.360856 369429 16756 1070190
Qc5d 0.358032 365839 17323.5 1070190
Qh5d 0.357461 365299 17252 1070190
Qs5d 0.357461 365299 17252 1070190
Qc4c 0.357355 365003 17435 1070190
7d6c 0.356699 364508 17228 1070190
7d6h 0.356172 363974 17197.5 1070190
7d6s 0.356172 363974 17197.5 1070190
7c6c 0.355699 364002 16663.5 1070190
7c6d 0.35564 363501 17101 1070190
7s6d 0.355156 363040 17044.5 1070190
7h6d 0.355156 363040 17044.5 1070190
Qc4d 0.353091 359845 18029.5 1070190
Qc7s 0.352807 362018 15553 1070190
Qc7h 0.352807 362018 15553 1070190
Qs7c 0.352737 361973 15523 1070190
Qh7c 0.352737 361973 15523 1070190
Kh2c 0.35268 359449 17985.5 1070190
Ks2c 0.35268 359449 17985.5 1070190
Kc2s 0.352629 359342 18037.5 1070190
Kc2h 0.352629 359342 18037.5 1070190
Qs4d 0.352531 359321 17954 1070190
Qh4d 0.352531 359321 17954 1070190
Qh7h 0.352185 361408 15497 1070190
Qh7s 0.352185 361408 15497 1070190
Qs7s 0.352185 361408 15497 1070190
Qs7h 0.352185 361408 15497 1070190
Kh2h 0.352048 358795 17963 1070190
Ks2s 0.352048 358795 17963 1070190
Ks2h 0.352048 358795 17963 1070190
Kh2s 0.352048 358795 17963 1070190
Qd2c 0.350854 356998 18482.5 1070190
Qd2s 0.35025 356374 18460 1070190
Qd2h 0.35025 356374 18460 1070190
Qc2c 0.345849 352689 17435 1070190
Qc6h 0.344861 352143 16924 1070190
Qc6s 0.344861 352143 16924 1070190
Qh6c 0.344841 352159 16886.5 1070190
Qs6c 0.344841 352159 16886.5 1070190
Qs6s 0.344266 351569 16860.5 1070190
Qh6s 0.344266 351569 16860.5 1070190
Qs6h 0.344266 351569 16860.5 1070190
Qh6h 0.344266 351569 16860.5 1070190
Qc2d 0.338502 344232 18029.5 1070190
Qs2d 0.337942 343708 17954 1070190
Qh2d 0.337942 343708 17954 1070190
Jd6c 0.337394 344604 16471.5 1070190
Jd6h 0.336847 344041 16449 1070190
Jd6s 0.336847 344041 16449 1070190
Jc6c 0.334425 342333 15565.5 1070190
Jc6d 0.332478 339729 16085.5 1070190
Jh6d 0.331907 339183 16021 1070190
Js6d 0.331907 339183 16021 1070190
Jd5c 0.331842 337386 17748.5 1070190
Jd5s 0.331272 336798 17726 1070190
Jd5h 0.331272 336798 17726 1070190
Jc5c 0.329249 335603 16755.5 1070190
Qs5c 0.329024 334604 17514 1070190
Qh5c 0.329024 334604 17514 1070190
Qc5h 0.328997 334526 17563 1070190
Qc5s 0.328997 334526 17563 1070190
Qh5s 0.328425 333986 17491.5 1070190
Qs5h 0.328425 333986 17491.5 1070190
Qs5s 0.328425 333986 17491.5 1070190
Qh5h 0.328425 333986 17491.5 1070190
Jd4c 0.328288 332854 18476.5 1070190
Jd4s 0.327718 332266 18454 1070190
Jd4h 0.327718 332266 18454 1070190
7h6c 0.326409 332150 17170 1070190
7s6c 0.326409 332150 17170 1070190
7c6h 0.326365 332077 17196 1070190
7c6s 0.326365 332077 17196 1070190
7s6h 0.325882 331616 17139.5 1070190
7s6s 0.325882 331616 17139.5 1070190
7h6h 0.325882 331616 17139.5 1070190
7h6s 0.325882 331616 17139.5 1070190
Jc5d 0.32576 331302 17323.5 1070190
Jc4c 0.325747 331177 17434.5 1070190
Qh4c 0.325399 330002 18237 1070190
Qs4c 0.325399 330002 18237 1070190
Qc4h 0.325361 329908 18290 1070190
Qc4s 0.325361 329908 18290 1070190
Js5d 0.32521 330785 17252 1070190
Jh5d 0.32521 330785 17252 1070190
Qh4s 0.324801 329384 18214.5 1070190
Qs4h 0.324801 329384 18214.5 1070190
Qs4s 0.324801 329384 18214.5 1070190
Qh4h 0.324801 329384 18214.5 1070190
Jc4d 0.320819 325308 18029.5 1070190
Js4d 0.320281 324807 17954 1070190
Jh4d 0.320281 324807 17954 1070190
Jd2c 0.317126 320909 18476.5 1070190
Jd2s 0.31655 320315 18454 1070190
Jd2h 0.31655 320315 18454 1070190
Jc2c 0.314241 318863 17434.5 1070190
Qs2c 0.313848 317640 18237 1070190
Qh2c 0.313848 317640 18237 1070190
Qc2s 0.313804 317540 18290 1070190
Qc2h 0.313804 317540 18290 1070190
Qs2s 0.313244 317016 18214.5 1070190
Qh2s 0.313244 317016 18214.5 1070190
Qh2h 0.313244 317016 18214.5 1070190
Qs2h 0.313244 317016 18214.5 1070190
Jc2d 0.30623 309695 18029.5 1070190
Jh2d 0.305692 309194 17954 1070190
Js2d 0.305692 309194 17954 1070190
Jc6h 0.301965 306859 16300.5 1070190
Jc6s 0.301965 306859 16300.5 1070190
Js6c 0.301941 306876 16258.5 1070190
Jh6c 0.301941 306876 16258.5 1070190
Js6h 0.301394 306313 16236 1070190
Jh6h 0.301394 306313 16236 1070190
Jh6s 0.301394 306313 16236 1070190
Js6s 0.301394 306313 16236 1070190
Jh5c 0.296365 299641 17525.5 1070190
Js5c 0.296365 299641 17525.5 1070190
Jc5s 0.296344 299570 17574.5 1070190
Jc5h 0.296344 299570 17574.5 1070190
Js5s 0.295794 299053 17503 1070190
Jh5s 0.295794 299053 17503 1070190
Jh5h 0.295794 299053 17503 1070190
Js5h 0.295794 299053 17503 1070190
9d5c 0.294423 296966 18123 1070190
9d5h 0.293889 296417 18100.5 1070190
9d5s 0.293889 296417 18100.5 1070190
9c5c 0.293747 297195 17170 1070190
Jh4c 0.29274 295039 18248.5 1070190
Js4c 0.29274 295039 18248.5 1070190
Jc4h 0.292708 294952 18301.5 1070190
Jc4s 0.292708 294952 18301.5 1070190
Js4s 0.29217 294451 18226 1070190
Jh4s 0.29217 294451 18226 1070190
Jh4h 0.29217 294451 18226 1070190
Js4h 0.29217 294451 18226 1070190
9d4c 0.290869 292434 18851 1070190
9c5d 0.290431 293067 17749.5 1070190
9d4h 0.290335 291885 18828.5 1070190
9d4s 0.290335 291885 18828.5 1070190
9c4c 0.290246 292769 17849 1070190
9s5d 0.289968 292641 17679.5 1070190
9h5d 0.289968 292641 17679.5 1070190
9c4d 0.28549 287073 18455.5 1070190
9s4d 0.285038 286663 18381.5 1070190
9h4d 0.285038 286663 18381.5 1070190
Js2c 0.281189 282677 18248.5 1070190
Jh2c 0.281189 282677 18248.5 1070190
Jc2h 0.281151 282584 18301.5 1070190
Jc2s 0.281151 282584 18301.5 1070190
Jh2s 0.280613 282083 18226 1070190
Js2s 0.280613 282083 18226 1070190
Js2h 0.280613 282083 18226 1070190
Jh2h 0.280613 282083 18226 1070190
9d2c 0.2798 280629 18810.5 1070190
9d2h 0.279262 280075 18788 1070190
9d2s 0.279262 280075 18788 1070190
9c2c 0.278832 280595 17808.5 1070190
9c2d 0.270989 271595 18415 1070190
9h2d 0.270537 271185 18341 1070190
9s2d 0.270537 271185 18341 1070190
9s5c 0.260331 260668 17935.5 1070190
9h5c 0.260331 260668 17935.5 1070190
9c5s 0.26026 260545 17983 1070190
9c5h 0.26026 260545 17983 1070190
9h5s 0.259797 260119 17913 1070190
9h5h 0.259797 260119 17913 1070190
9s5s 0.259797 260119 17913 1070190
9s5h 0.259797 260119 17913 1070190
9h4c 0.256706 256066 18658.5 1070190
9s4c 0.256706 256066 18658.5 1070190
9c4h 0.256625 255927 18710 1070190
9c4s 0.256625 255927 18710 1070190
9h4s 0.256172 255517 18636 1070190
9h4h 0.256172 255517 18636 1070190
9s4h 0.256172 255517 18636 1070190
9s4s 0.256172 255517 18636 1070190
7c5c 0.253791 252733 18871.5 1070190
7d5c 0.252349 250496 19565.5 1070190
7d5s 0.251852 249987 19543 1070190
7d5h 0.251852 249987 19543 1070190
7c4c 0.250368 248475 19466.5 1070190
7c5d 0.250042 248220 19372.5 1070190
7s5d 0.249626 247838 19309.5 1070190
7h5d 0.249626 247838 19309.5 1070190
7d4c 0.248878 246143 20204 1070190
7d4s 0.248382 245634 20181.5 1070190
7d4h 0.248382 245634 20181.5 1070190
9s2c 0.245251 243847 18618 1070190
9h2c 0.245251 243847 18618 1070190
7c4d 0.245182 242400 19991.5 1070190
9c2s 0.245164 243703 18669.5 1070190
9c2h 0.245164 243703 18669.5 1070190
7s4d 0.244777 242033 19925 1070190
7h4d 0.244777 242033 19925 1070190
9s2h 0.244712 243293 18595.5 1070190
9s2s 0.244712 243293 18595.5 1070190
9h2s 0.244712 243293 18595.5 1070190
9h2h 0.244712 243293 18595.5 1070190
6c5c 0.237676 237212 17146 1070190
6c4c 0.234253 232954 17741 1070190
6d5c 0.234078 232818 17690 1070190
6d5s 0.23361 232340 17667.5 1070190
6d5h 0.23361 232340 17667.5 1070190
6c5d 0.23298 231772 17561 1070190
6s5d 0.232553 231368 17508 1070190
6h5d 0.232553 231368 17508 1070190
6d4c 0.230607 228465 18328.5 1070190
6d4h 0.23014 227987 18306 1070190
6d4s 0.23014 227987 18306 1070190
6c4d 0.22812 225952 18180 1070190
6h4d 0.227704 225563 18123.5 1070190
6s4d 0.227704 225563 18123.5 1070190
7c2c 0.226316 222816 19385.5 1070190
7d2c 0.224899 220562 20123 1070190
7d2s 0.224405 220056 20100.5 1070190
7d2h 0.224405 220056 20100.5 1070190
5c4c 0.22308 223885 14853.5 1070190
7s5c 0.218985 214806 19549.5 1070190
7h5c 0.218985 214806 19549.5 1070190
7c5h 0.218904 214679 19590 1070190
7c5s 0.218904 214679 19590 1070190
7s5h 0.218488 214297 19527 1070190
7s5s 0.218488 214297 19527 1070190
7h5h 0.218488 214297 19527 1070190
7h5s 0.218488 214297 19527 1070190
7c2d 0.217757 213131 19910.5 1070190
5d4c 0.217416 217448 15228 1070190
7h2d 0.217357 212769 19844 1070190
7s2d 0.217357 212769 19844 1070190
5d4h 0.216978 217002 15205.5 1070190
5d4s 0.216978 217002 15205.5 1070190
5c4d 0.216163 216181 15154 1070190
5h4d 0.215741 215770 15114 1070190
5s4d 0.215741 215770 15114 1070190
7s4c 0.215444 210383 20183 1070190
7h4c 0.215444 210383 20183 1070190
7c4h 0.215352 210241 20227 1070190
7c4s 0.215352 210241 20227 1070190
7h4h 0.214947 209874 20160.5 1070190
7h4s 0.214947 209874 20160.5 1070190
7s4s 0.214947 209874 20160.5 1070190
7s4h 0.214947 209874 20160.5 1070190
6c2c 0.210413 207522 17660 1070190
6d2c 0.206841 203112 18247.5 1070190
6d2s 0.206376 202636 18225 1070190
6d2h 0.206376 202636 18225 1070190
6s5c 0.201766 198226 17702 1070190
6h5c 0.201766 198226 17702 1070190
6c5s 0.201725 198152 17732.5 1070190
6c5h 0.201725 198152 17732.5 1070190
6s5s 0.201298 197748 17679.5 1070190
6h5s 0.201298 197748 17679.5 1070190
6s5h 0.201298 197748 17679.5 1070190
6h5h 0.201298 197748 17679.5 1070190
5c2c 0.20114 200486 14772.5 1070190
6c2d 0.200918 196921 18099 1070190
6h2d 0.200507 196538 18042.5 1070190
6s2d 0.200507 196538 18042.5 1070190
6h4c 0.198225 193803 18335.5 1070190
6s4c 0.198225 193803 18335.5 1070190
6c4h 0.198174 193714 18369.5 1070190
6c4s 0.198174 193714 18369.5 1070190
6s4s 0.197757 193325 18313 1070190
6s4h 0.197757 193325 18313 1070190
6h4s 0.197757 193325 18313 1070190
6h4h 0.197757 193325 18313 1070190
5d2c 0.195595 194177 15147 1070190
5d2h 0.195158 193732 15124.5 1070190
5d2s 0.195158 193732 15124.5 1070190
4c2c 0.191098 192647 11864 1070190
5c2d 0.19091 189237 15073 1070190
7s2c 0.190548 183821 20102 1070190
7h2c 0.190548 183821 20102 1070190
5h2d 0.190494 188832 15033 1070190
5s2d 0.190494 188832 15033 1070190
7c2s 0.190455 183677 20146 1070190
7c2h 0.190455 183677 20146 1070190
7s2h 0.190055 183315 20079.5 1070190
7s2s 0.190055 183315 20079.5 1070190
7h2s 0.190055 183315 20079.5 1070190
7h2h 0.190055 183315 20079.5 1070190
5h4c 0.186209 184025 15254.5 1070190
5s4c 0.186209 184025 15254.5 1070190
5c4h 0.186193 183990 15272 1070190
5c4s 0.186193 183990 15272 1070190
5s4h 0.185772 183579 15232 1070190
5s4s 0.185772 183579 15232 1070190
5h4s 0.185772 183579 15232 1070190
5h4h 0.185772 183579 15232 1070190
4d2c 0.183676 184554 12014.5 1070190
4d2s 0.183273 184145 11992 1070190
4d2h 0.183273 184145 11992 1070190
4c2d 0.180366 181011 12014.5 1070190
4h2d 0.179966 180606 11992 1070190
4s2d 0.179966 180606 11992 1070190
6h2c 0.173557 167484 18254.5 1070190
6s2c 0.173557 167484 18254.5 1070190
6c2h 0.173501 167391 18288.5 1070190
6c2s 0.173501 167391 18288.5 1070190
6s2s 0.173091 167008 18232 1070190
6h2h 0.173091 167008 18232 1070190
6h2s 0.173091 167008 18232 1070190
6s2h 0.173091 167008 18232 1070190
5s2c 0.163568 159875 15173.5 1070190
5h2c 0.163568 159875 15173.5 1070190
5c2h 0.163547 159835 15191 1070190
5c2s 0.163547 159835 15191 1070190
5s2h 0.163131 159430 15151 1070190
5h2s 0.163131 159430 15151 1070190
5h2h 0.163131 159430 15151 1070190
5s2s 0.163131 159430 15151 1070190
4s2c 0.152925 151586 12072.5 1070190
4h2c 0.152925 151586 12072.5 1070190
4c2h 0.152921 151582 12072.5 1070190
4c2s 0.152921 151582 12072.5 1070190
4s2s 0.152522 151177 12050 1070190
4s2h 0.152522 151177 12050 1070190
4h2h 0.152522 151177 12050 1070190
4h2s 0.152522 151177 12050 1070190
