AsAc 0.969041 1037058 0 1070190
AhAc 0.969041 1037058 0 1070190
AsAh 0.950921 1017666 0 1070190
9h9d 0.944228 1010439 64.5 1070190
9s9d 0.944228 1010439 64.5 1070190
9s9h 0.943852 1010037 64.5 1070190
Ac9d 0.93761 1000677 2744 1070190
Ac9h 0.93715 1000185 2744 1070190
Ac9s 0.93715 1000185 2744 1070190
3h3d 0.935713 1001271 120 1070190
3s3d 0.935713 1001271 120 1070190
3s3h 0.935335 1000866 120 1070190
AcKc 0.929619 992508 2361 1070190
AcQc 0.925725 987738 2964 1070190
AcJc 0.922033 983256 3495 1070190
Ac3d 0.92085 979644 5840 1070190
Ac3s 0.920387 979149 5840 1070190
Ac3h 0.920387 979149 5840 1070190
Ah9d 0.91859 980313 2753 1070190
As9d 0.91859 980313 2753 1070190
AcTc 0.918543 979062 3954 1070190
Ah9s 0.91813 979821 2753 1070190
As9h 0.91813 979821 2753 1070190
As9s 0.91813 979821 2753 1070190
Ah9h 0.91813 979821 2753 1070190
Ac8c 0.911642 968427 7203 1070190
Ac7c 0.908883 964689 7989 1070190
Ac5c 0.907507 961472 9732.5 1070190
Ac6c 0.906461 961395 8691 1070190
Ac4c 0.906357 959924 10050.5 1070190
Ac2c 0.905115 958415 10230.5 1070190
As3d 0.901984 959550 5744 1070190
Ah3d 0.901984 959550 5744 1070190
Ah3s 0.901521 959055 5744 1070190
As3h 0.901521 959055 5744 1070190
As3s 0.901521 959055 5744 1070190
Ah3h 0.901521 959055 5744 1070190
AcKd 0.88546 944295 3315 1070190
AcKs 0.884546 943317 3315 1070190
AcKh 0.884546 943317 3315 1070190
AsKc 0.883308 941988 3319.5 1070190
AhKc 0.883308 941988 3319.5 1070190
AcQd 0.879746 937376 4119 1070190
AcQh 0.878837 936404 4119 1070190
AcQs 0.878837 936404 4119 1070190
AsQc 0.876363 933775 4099.5 1070190
AhQc 0.876363 933775 4099.5 1070190
AcJd 0.874301 930841 4827 1070190
AcJs 0.873398 929875 4827 1070190
AcJh 0.873398 929875 4827 1070190
AsJc 0.869704 925962 4786.5 1070190
AhJc 0.869704 925962 4786.5 1070190
AcTd 0.869125 924690 5439 1070190
AcTs 0.868228 923730 5439 1070190
AcTh 0.868228 923730 5439 1070190
9d3d 0.864408 918474 6606.5 1070190
AhTc 0.863332 918549 5380.5 1070190
AsTc 0.863332 918549 5380.5 1070190
AsKd 0.860392 917589 3193.5 1070190
AhKd 0.860392 917589 3193.5 1070190
9s3d 0.859709 913356 6696.5 1070190
9h3d 0.859709 913356 6696.5 1070190
9d3h 0.859707 913353 6696.5 1070190
9d3s 0.859707 913353 6696.5 1070190
AsKs 0.859478 916611 3193.5 1070190
AsKh 0.859478 916611 3193.5 1070190
AhKs 0.859478 916611 3193.5 1070190
AhKh 0.859478 916611 3193.5 1070190
9s3s 0.859352 912996 6674 1070190
9h3h 0.859352 912996 6674 1070190
9s3h 0.859352 912996 6674 1070190
9h3s 0.859352 912996 6674 1070190
Ac8d 0.858742 908563 10454 1070190
Ac8h 0.857845 907603 10454 1070190
Ac8s 0.857845 907603 10454 1070190
AsQd 0.854869 910899 3973.5 1070190
AhQd 0.854869 910899 3973.5 1070190
Ac7d 0.854431 902697 11706 1070190
AsQs 0.853961 909927 3973.5 1070190
AhQs 0.853961 909927 3973.5 1070190
AhQh 0.853961 909927 3973.5 1070190
AsQh 0.853961 909927 3973.5 1070190
Ac5d 0.853692 899083 14529.5 1070190
Ac7s 0.853533 901737 11706 1070190
Ac7h 0.853533 901737 11706 1070190
Ac5s 0.852825 898159 14525.5 1070190
Ac5h 0.852825 898159 14525.5 1070190
Ah8c 0.851997 901648 10150.5 1070190
As8c 0.851997 901648 10150.5 1070190
Ac4d 0.851766 896502 15049.5 1070190
Ac4h 0.850893 895572 15045.5 1070190
Ac4s 0.850893 895572 15045.5 1070190
Ac6d 0.850464 897324 12834 1070190
Ac2d 0.850163 894588 15247.5 1070190
AsJd 0.849608 904581 4660.5 1070190
AhJd 0.849608 904581 4660.5 1070190
Ac6h 0.849561 896358 12834 1070190
Ac6s 0.849561 896358 12834 1070190
Ac2h 0.849284 893652 15243.5 1070190
Ac2s 0.849284 893652 15243.5 1070190
AsJh 0.848705 903615 4660.5 1070190
AsJs 0.848705 903615 4660.5 1070190
AhJs 0.848705 903615 4660.5 1070190
AhJh 0.848705 903615 4660.5 1070190
As7c 0.846549 894630 11338.5 1070190
Ah7c 0.846549 894630 11338.5 1070190
AsTd 0.844607 898635 5254.5 1070190
AhTd 0.844607 898635 5254.5 1070190
AsTh 0.84371 897675 5254.5 1070190
AsTs 0.84371 897675 5254.5 1070190
AhTs 0.84371 897675 5254.5 1070190
AhTh 0.84371 897675 5254.5 1070190
As5c 0.84304 888135 14078 1070190
Ah5c 0.84304 888135 14078 1070190
Ah6c 0.841498 888153 12409.5 1070190
As6c 0.841498 888153 12409.5 1070190
Ah4c 0.83997 884354 14573 1070190
As4c 0.83997 884354 14573 1070190
Ah2c 0.837127 881114 14771 1070190
As2c 0.837127 881114 14771 1070190
Ah8d 0.834519 883002 10092 1070190
As8d 0.834519 883002 10092 1070190
As8s 0.833622 882042 10092 1070190
Ah8s 0.833622 882042 10092 1070190
As8h 0.833622 882042 10092 1070190
Ah8h 0.833622 882042 10092 1070190
As7d 0.830321 877290 11311.5 1070190
Ah7d 0.830321 877290 11311.5 1070190
Ah5d 0.829858 873990 14115.5 1070190
As5d 0.829858 873990 14115.5 1070190
As7s 0.829424 876330 11311.5 1070190
As7h 0.829424 876330 11311.5 1070190
Ah7s 0.829424 876330 11311.5 1070190
Ah7h 0.829424 876330 11311.5 1070190
Ah5s 0.828991 873066 14111.5 1070190
As5s 0.828991 873066 14111.5 1070190
As5h 0.828991 873066 14111.5 1070190
Ah5h 0.828991 873066 14111.5 1070190
As4d 0.827961 871452 14624 1070190
Ah4d 0.827961 871452 14624 1070190
As4s 0.827089 870522 14620 1070190
As4h 0.827089 870522 14620 1070190
Ah4h 0.827089 870522 14620 1070190
Ah4s 0.827089 870522 14620 1070190
Ah6d 0.82644 872037 12411 1070190
As6d 0.82644 872037 12411 1070190
Ah2d 0.826344 869529 14816 1070190
As2d 0.826344 869529 14816 1070190
As6h 0.825538 871071 12411 1070190
Ah6s 0.825538 871071 12411 1070190
As6s 0.825538 871071 12411 1070190
Ah6h 0.825538 871071 12411 1070190
Ah2h 0.825466 868593 14812 1070190
Ah2s 0.825466 868593 14812 1070190
As2s 0.825466 868593 14812 1070190
As2h 0.825466 868593 14812 1070190
KdKc 0.797734 853254 472.5 1070190
KsKc 0.796904 852366 472.5 1070190
KhKc 0.796904 852366 472.5 1070190
QdQc 0.778849 833044 472.5 1070190
QsQc 0.778025 832162 472.5 1070190
QhQc 0.778025 832162 472.5 1070190
KhKd 0.771977 825690 472.5 1070190
KsKd 0.771977 825690 472.5 1070190
KsKh 0.771148 824802 472.5 1070190
Kc9d 0.760905 805413 8899.5 1070190
Kc9h 0.760158 804672 8841 1070190
Kc9s 0.760158 804672 8841 1070190
JdJc 0.759991 812862 472.5 1070190
JhJc 0.759172 811986 472.5 1070190
JsJc 0.759172 811986 472.5 1070190
Qc9d 0.754881 798454 9412.5 1070190
Qc9h 0.75416 797741 9354 1070190
Qc9s 0.75416 797741 9354 1070190
QsQd 0.753969 806418 472.5 1070190
QhQd 0.753969 806418 472.5 1070190
QsQh 0.753145 805536 472.5 1070190
Jc9d 0.74866 790923 10285.5 1070190
Jc9s 0.747969 790245 10223.5 1070190
Jc9h 0.747969 790245 10223.5 1070190
Kd9d 0.747357 791262 8551.5 1070190
Qd9d 0.742551 785579 9091.5 1070190
Tc9d 0.742465 783180 11398.5 1070190
Tc9s 0.741804 782541 11330.5 1070190
Tc9h 0.741804 782541 11330.5 1070190
TdTc 0.741159 792708 472.5 1070190
TsTc 0.740346 791838 472.5 1070190
ThTc 0.740346 791838 472.5 1070190
Jd9d 0.737562 779350 9981.5 1070190
JsJd 0.735961 787146 472.5 1070190
JhJd 0.735961 787146 472.5 1070190
JsJh 0.735143 786270 472.5 1070190
Kd9s 0.733105 775620 8941.5 1070190
Kd9h 0.733105 775620 8941.5 1070190
Ks9d 0.73301 775482 8977.5 1070190
Kh9d 0.73301 775482 8977.5 1070190
Td9d 0.732611 772929 11103.5 1070190
Ks9h 0.732262 774741 8919 1070190
Ks9s 0.732262 774741 8919 1070190
Kh9h 0.732262 774741 8919 1070190
Kh9s 0.732262 774741 8919 1070190
Qd9s 0.728402 770047 9481.5 1070190
Qd9h 0.728402 770047 9481.5 1070190
Qs9d 0.728286 769887 9517.5 1070190
Qh9d 0.728286 769887 9517.5 1070190
Qh9s 0.727565 769174 9459 1070190
Qh9h 0.727565 769174 9459 1070190
Qs9h 0.727565 769174 9459 1070190
Qs9s 0.727565 769174 9459 1070190
Jd9h 0.723467 763851 10396 1070190
Jd9s 0.723467 763851 10396 1070190
Js9d 0.723327 763662 10435.5 1070190
Jh9d 0.723327 763662 10435.5 1070190
Jh9s 0.722636 762984 10373.5 1070190
Js9h 0.722636 762984 10373.5 1070190
Jh9h 0.722636 762984 10373.5 1070190
Js9s 0.722636 762984 10373.5 1070190
9d8c 0.722033 760117 12595.5 1070190
9h8c 0.721403 759518 12520 1070190
9s8c 0.721403 759518 12520 1070190
Td9h 0.718533 757407 11560 1070190
Td9s 0.718533 757407 11560 1070190
Ts9d 0.718368 757185 11605.5 1070190
Th9d 0.718368 757185 11605.5 1070190
ThTd 0.717953 767874 472.5 1070190
TsTd 0.717953 767874 472.5 1070190
Ts9h 0.717708 756546 11537.5 1070190
Ts9s 0.717708 756546 11537.5 1070190
Th9s 0.717708 756546 11537.5 1070190
Th9h 0.717708 756546 11537.5 1070190
TsTh 0.71714 767004 472.5 1070190
9d7c 0.716423 752883 13825.5 1070190
9h7c 0.715821 752322 13742 1070190
9s7c 0.715821 752322 13742 1070190
9d5c 0.713832 747301 16634.5 1070190
9d8d 0.713633 751412 12310.5 1070190
9s5c 0.713262 746788 16537.5 1070190
9h5c 0.713262 746788 16537.5 1070190
9d6c 0.711234 746220 14935.5 1070190
9d4c 0.710708 743448 17144.5 1070190
9h6c 0.710656 745692 14844.5 1070190
9s6c 0.710656 745692 14844.5 1070190
9h4c 0.710148 742949 17044 1070190
9s4c 0.710148 742949 17044 1070190
9d5d 0.709453 742941 16308 1070190
9d7d 0.709384 745632 13543.5 1070190
9d2c 0.708006 740220 17480.5 1070190
9d4d 0.707587 740431 16821 1070190
9s2c 0.707458 739739 17375.5 1070190
9h2c 0.707458 739739 17375.5 1070190
9d2d 0.706107 738502 17167 1070190
9d6d 0.705511 740376 14654.5 1070190
9s8d 0.698631 734848 12819.5 1070190
9h8d 0.698631 734848 12819.5 1070190
9d8h 0.698435 734586 12872.5 1070190
9d8s 0.698435 734586 12872.5 1070190
KcQc 0.698033 739233 7794.5 1070190
9h8h 0.697805 733987 12797 1070190
9h8s 0.697805 733987 12797 1070190
9s8h 0.697805 733987 12797 1070190
9s8s 0.697805 733987 12797 1070190
9h5d 0.694565 726294 17023 1070190
9s5d 0.694565 726294 17023 1070190
9d5s 0.694338 725980 17094 1070190
9d5h 0.694338 725980 17094 1070190
9s7d 0.694186 728802 14108.5 1070190
9h7d 0.694186 728802 14108.5 1070190
9d7h 0.693962 728502 14169.5 1070190
9d7s 0.693962 728502 14169.5 1070190
9s5s 0.693768 725467 16997 1070190
9s5h 0.693768 725467 16997 1070190
9h5h 0.693768 725467 16997 1070190
9h5s 0.693768 725467 16997 1070190
9s7h 0.69336 727941 14086 1070190
9h7s 0.69336 727941 14086 1070190
9s7s 0.69336 727941 14086 1070190
9h7h 0.69336 727941 14086 1070190
9s4d 0.69258 723632 17560.5 1070190
9h4d 0.69258 723632 17560.5 1070190
9d4h 0.692338 723298 17635 1070190
9d4s 0.692338 723298 17635 1070190
9s4h 0.691778 722799 17534.5 1070190
9s4s 0.691778 722799 17534.5 1070190
9h4h 0.691778 722799 17534.5 1070190
9h4s 0.691778 722799 17534.5 1070190
KcJc 0.691291 731269 8543.5 1070190
9s2d 0.691048 721649 17903.5 1070190
9h2d 0.691048 721649 17903.5 1070190
9d2s 0.6908 721309 17978 1070190
9d2h 0.6908 721309 17978 1070190
9h2s 0.690252 720828 17873 1070190
9h2h 0.690252 720828 17873 1070190
9s2h 0.690252 720828 17873 1070190
9s2s 0.690252 720828 17873 1070190
9s6d 0.690095 723261 15272 1070190
9h6d 0.690095 723261 15272 1070190
9d6s 0.689842 722922 15340.5 1070190
9d6h 0.689842 722922 15340.5 1070190
9h6s 0.689264 722394 15249.5 1070190
9h6h 0.689264 722394 15249.5 1070190
9s6h 0.689264 722394 15249.5 1070190
9s6s 0.689264 722394 15249.5 1070190
KcTc 0.684984 723877 9185.5 1070190
Kc8c 0.662602 695591 13519 1070190
Kc7c 0.657525 689014 14663 1070190
QcJc 0.655798 693393 8435.5 1070190
Kc5c 0.655213 684252 16950 1070190
Kc6c 0.652999 683152 15681.5 1070190
Kc4c 0.652736 681155 17396.5 1070190
QcTc 0.649356 685857 9077.5 1070190
Kc2c 0.643912 671752 17356 1070190
8d8c 0.643761 688267 679.5 1070190
8h8c 0.64299 687442 679.5 1070190
8s8c 0.64299 687442 679.5 1070190
Qc8c 0.627225 658106 13143.5 1070190
7d7c 0.623896 667044 643.5 1070190
7s7c 0.623125 666219 643.5 1070190
7h7c 0.623125 666219 643.5 1070190
JcTc 0.619504 654125 8862.5 1070190
8s8d 0.618344 661074 672 1070190
8h8d 0.618344 661074 672 1070190
8s8h 0.617574 660249 672 1070190
Qc7c 0.616133 644878 14501.5 1070190
Kc3d 0.615482 649131 9552 1070190
Kc3h 0.614735 648390 9493.5 1070190
Kc3s 0.614735 648390 9493.5 1070190
Qc5c 0.614188 640509 16788.5 1070190
Qc4c 0.611711 637412 17235 1070190
Qc6c 0.611607 639016 15520 1070190
Qc3d 0.608385 641110 9978 1070190
Qc3h 0.607665 640397 9919.5 1070190
Qc3s 0.607665 640397 9919.5 1070190
6d6c 0.603573 645330 607.5 1070190
Kd3d 0.603337 636495 9190.5 1070190
Qc2c 0.602887 628009 17194.5 1070190
6h6c 0.602796 644499 607.5 1070190
6s6c 0.602796 644499 607.5 1070190
Jc3d 0.601222 632658 10764 1070190
Jc3s 0.600531 631980 10702 1070190
Jc3h 0.600531 631980 10702 1070190
7h7d 0.599177 640596 637.5 1070190
7s7d 0.599177 640596 637.5 1070190
7s7h 0.598406 639771 637.5 1070190
Qd3d 0.597462 629756 9642 1070190
Jc8c 0.597238 626230 12928.5 1070190
Tc3d 0.594217 624135 11790 1070190
5d5c 0.593826 634350 1156.5 1070190
Tc3h 0.593556 623496 11722 1070190
Tc3s 0.593556 623496 11722 1070190
5h5c 0.593081 633557 1152.5 1070190
5s5c 0.593081 633557 1152.5 1070190
Jd3d 0.591536 622612 10443.5 1070190
Jc7c 0.586347 613430 14072.5 1070190
Td3d 0.585778 615417 11477 1070190
Kd3h 0.581298 612519 9580.5 1070190
Kd3s 0.581298 612519 9580.5 1070190
Ks3d 0.581237 612417 9616.5 1070190
Kh3d 0.581237 612417 9616.5 1070190
Ks3h 0.580489 611676 9558 1070190
Ks3s 0.580489 611676 9558 1070190
Kh3s 0.580489 611676 9558 1070190
Kh3h 0.580489 611676 9558 1070190
8c3d 0.579488 601243 18919.5 1070190
6h6d 0.579441 619509 603 1070190
6s6d 0.579441 619509 603 1070190
5c3d 0.578949 598799 20786.5 1070190
8c3h 0.578904 600733 18804 1070190
8c3s 0.578904 600733 18804 1070190
6s6h 0.578665 618678 603 1070190
5c3s 0.578373 598308 20661 1070190
5c3h 0.578373 598308 20661 1070190
Jc5c 0.577896 601939 16520 1070190
4c3d 0.576933 596695 20732.5 1070190
4c3h 0.576357 596204 20607 1070190
4c3s 0.576357 596204 20607 1070190
7c3d 0.575936 596775 19585.5 1070190
Qd3h 0.575526 605890 10032 1070190
Qd3s 0.575526 605890 10032 1070190
Qh3d 0.575444 605766 10068 1070190
Qs3d 0.575444 605766 10068 1070190
5d3d 0.575437 595429 20398 1070190
Jc4c 0.57542 598842 16966.5 1070190
7c3h 0.575362 596283 19464 1070190
7c3s 0.575362 596283 19464 1070190
Jc6c 0.575082 600196 15251.5 1070190
4d4c 0.575054 614297 1120.5 1070190
Qh3s 0.574723 605053 10009.5 1070190
Qh3h 0.574723 605053 10009.5 1070190
Qs3h 0.574723 605053 10009.5 1070190
Qs3s 0.574723 605053 10009.5 1070190
4d3d 0.57465 594639 20345.5 1070190
4s4c 0.574304 613498 1116.5 1070190
4h4c 0.574304 613498 1116.5 1070190
6c3d 0.572936 593259 19891.5 1070190
Tc8c 0.572893 600498 12606.5 1070190
6c3h 0.572368 592776 19767 1070190
6c3s 0.572368 592776 19767 1070190
8d3d 0.572197 593767 18593 1070190
5h5d 0.571131 610073 1145.5 1070190
5s5d 0.571131 610073 1145.5 1070190
5s5h 0.570386 609280 1141.5 1070190
7d3d 0.56991 590664 19248.5 1070190
Jd3s 0.569653 598779 10858 1070190
Jd3h 0.569653 598779 10858 1070190
Js3d 0.569547 598626 10897.5 1070190
Jh3d 0.569547 598626 10897.5 1070190
Js3s 0.568856 597948 10835.5 1070190
Js3h 0.568856 597948 10835.5 1070190
Jh3s 0.568856 597948 10835.5 1070190
Jh3h 0.568856 597948 10835.5 1070190
6d3d 0.568146 588474 19550 1070190
Jc2c 0.566596 589439 16926 1070190
Td3s 0.563913 591561 11933.5 1070190
Td3h 0.563913 591561 11933.5 1070190
Th3d 0.563782 591375 11979 1070190
Ts3d 0.563782 591375 11979 1070190
Ts3h 0.563122 590736 11911 1070190
Ts3s 0.563122 590736 11911 1070190
Th3s 0.563122 590736 11911 1070190
Th3h 0.563122 590736 11911 1070190
3d2c 0.562255 581110 20609.5 1070190
Tc7c 0.561867 587554 13750.5 1070190
3s2c 0.561683 580628 20479.5 1070190
3h2c 0.561683 580628 20479.5 1070190
3d2d 0.561412 580589 20229 1070190
5d3s 0.554172 571757 21312.5 1070190
5d3h 0.554172 571757 21312.5 1070190
5s3d 0.553991 571464 21412 1070190
5h3d 0.553991 571464 21412 1070190
5h3s 0.553415 570973 21286.5 1070190
5h3h 0.553415 570973 21286.5 1070190
5s3h 0.553415 570973 21286.5 1070190
5s3s 0.553415 570973 21286.5 1070190
4d3h 0.553361 570941 21260 1070190
4d3s 0.553361 570941 21260 1070190
4s3d 0.553174 570642 21359.5 1070190
4h3d 0.553174 570642 21359.5 1070190
4h4d 0.552959 590660 1111 1070190
4s4d 0.552959 590660 1111 1070190
4s3h 0.552598 570151 21234 1070190
4h3s 0.552598 570151 21234 1070190
4h3h 0.552598 570151 21234 1070190
4s3s 0.552598 570151 21234 1070190
4s4h 0.552208 589861 1107 1070190
Tc6c 0.550753 574641 14769 1070190
8d3h 0.550146 569379 19382 1070190
8d3s 0.550146 569379 19382 1070190
8s3d 0.549947 569073 19475 1070190
8h3d 0.549947 569073 19475 1070190
8s3s 0.549363 568563 19359.5 1070190
8s3h 0.549363 568563 19359.5 1070190
8h3s 0.549363 568563 19359.5 1070190
8h3h 0.549363 568563 19359.5 1070190
5c4c 0.548246 569816 16911 1070190
7d3s 0.547885 566262 20079.5 1070190
7d3h 0.547885 566262 20079.5 1070190
7s3d 0.547675 565938 20178.5 1070190
7h3d 0.547675 565938 20178.5 1070190
7s3s 0.547102 565446 20057 1070190
7h3h 0.547102 565446 20057 1070190
7h3s 0.547102 565446 20057 1070190
7s3h 0.547102 565446 20057 1070190
Tc5c 0.546339 568542 16144.5 1070190
6d3h 0.54611 564039 20402 1070190
6d3s 0.54611 564039 20402 1070190
6h3d 0.545888 563700 20504 1070190
6s3d 0.545888 563700 20504 1070190
6s3h 0.54532 563217 20379.5 1070190
6s3s 0.54532 563217 20379.5 1070190
6h3h 0.54532 563217 20379.5 1070190
6h3s 0.54532 563217 20379.5 1070190
Tc4c 0.543862 565445 16591 1070190
3h2d 0.539285 555997 21140.5 1070190
3s2d 0.539285 555997 21140.5 1070190
3d2s 0.539093 555692 21240 1070190
3d2h 0.539093 555692 21240 1070190
KcQd 0.53898 567258 9553.5 1070190
3h2s 0.538521 555210 21110 1070190
3s2h 0.538521 555210 21110 1070190
3s2s 0.538521 555210 21110 1070190
3h2h 0.538521 555210 21110 1070190
KcQh 0.538168 566415 9527 1070190
KcQs 0.538168 566415 9527 1070190
KdQc 0.537472 565668 9529.5 1070190
KhQc 0.536655 564820 9503 1070190
KsQc 0.536655 564820 9503 1070190
Tc2c 0.535038 556042 16550.5 1070190
5c2c 0.532584 553123 16843.5 1070190
8c7c 0.530936 551637 16565.5 1070190
KdQd 0.529208 557412 8941 1070190
KcJd 0.529195 555785 10554.5 1070190
KcJh 0.528388 554948 10528 1070190
KcJs 0.528388 554948 10528 1070190
KdJc 0.526318 552744 10516.5 1070190
4c2c 0.525623 547556 14961 1070190
KhJc 0.52554 551945 10483 1070190
KsJc 0.52554 551945 10483 1070190
KcTd 0.520029 545117 11412.5 1070190
8c6c 0.519955 538867 17584 1070190
KdJd 0.519838 546481 9844 1070190
KcTh 0.519227 544286 11386 1070190
KcTs 0.519227 544286 11386 1070190
KdTc 0.515803 540645 11362.5 1070190
8c5c 0.515474 532803 18852.5 1070190
KhTc 0.515062 539891 11323 1070190
KsTc 0.515062 539891 11323 1070190
KdTd 0.511041 536293 10618 1070190
7c6c 0.508392 526981 17095 1070190
8c4c 0.505215 521324 19352.5 1070190
KdQs 0.504562 530529 9448.5 1070190
KdQh 0.504562 530529 9448.5 1070190
KsQd 0.504558 530524 9448.5 1070190
KhQd 0.504558 530524 9448.5 1070190
7c5c 0.503778 520775 18363.5 1070190
KsQh 0.503745 529681 9422 1070190
KsQs 0.503745 529681 9422 1070190
KhQs 0.503745 529681 9422 1070190
KhQh 0.503745 529681 9422 1070190
8c2c 0.496417 511975 19285 1070190
KsJd 0.494792 519093 10428.5 1070190
KhJd 0.494792 519093 10428.5 1070190
KdJh 0.494763 519055 10435.5 1070190
KdJs 0.494763 519055 10435.5 1070190
KhJh 0.493985 518256 10402 1070190
KhJs 0.493985 518256 10402 1070190
KsJh 0.493985 518256 10402 1070190
KsJs 0.493985 518256 10402 1070190
7c4c 0.493569 509403 18810 1070190
6c5c 0.488941 506350 16909.5 1070190
Kc8d 0.487746 503757 18224 1070190
Kc8h 0.487017 503003 18197.5 1070190
Kc8s 0.487017 503003 18197.5 1070190
KsTd 0.485645 508464 11268.5 1070190
KhTd 0.485645 508464 11268.5 1070190
KdTs 0.485585 508387 11281.5 1070190
KdTh 0.485585 508387 11281.5 1070190
KsTs 0.484844 507633 11242 1070190
KsTh 0.484844 507633 11242 1070190
KhTs 0.484844 507633 11242 1070190
KhTh 0.484844 507633 11242 1070190
Kd8c 0.48173 497637 17905.5 1070190
Ks8c 0.481047 496968 17843.5 1070190
Kh8c 0.481047 496968 17843.5 1070190
Kc7d 0.480138 493799 20040 1070190
2d2c 0.479511 508300 4867.5 1070190
Kc7s 0.479409 493045 20013.5 1070190
Kc7h 0.479409 493045 20013.5 1070190
Kd8d 0.47895 495520 17047 1070190
6c4c 0.478866 495122 17356 1070190
2s2c 0.4788 507548 4859 1070190
2h2c 0.4788 507548 4859 1070190
Kc5d 0.478782 488662 23725.5 1070190
QcJd 0.478512 501688 10410.5 1070190
Kc5h 0.478078 487939 23695.5 1070190
Kc5s 0.478078 487939 23695.5 1070190
QcJh 0.477734 500882 10384 1070190
QcJs 0.477734 500882 10384 1070190
QdJc 0.47704 500148 10375.5 1070190
7c2c 0.476568 491276 18742.5 1070190
QhJc 0.476264 499351 10342 1070190
QsJc 0.476264 499351 10342 1070190
Kc4d 0.475086 483984 24448 1070190
Kc4s 0.474377 483255 24418 1070190
Kc4h 0.474377 483255 24418 1070190
Kc6d 0.473213 484757 21670.5 1070190
Kd7c 0.472834 486365 19657.5 1070190
Kc6h 0.472478 483997 21644 1070190
Kc6s 0.472478 483997 21644 1070190
Ks7c 0.472179 485734 19587.5 1070190
Kh7c 0.472179 485734 19587.5 1070190
QdJd 0.47184 495255 9703 1070190
Kd7d 0.471599 485938 18763 1070190
Kd5d 0.470107 480843 22260.5 1070190
QcTd 0.469127 490787 11268.5 1070190
Kd5c 0.468465 478084 23263 1070190
QcTs 0.468355 489987 11242 1070190
QcTh 0.468355 489987 11242 1070190
Ks5c 0.467844 477502 23179.5 1070190
Kh5c 0.467844 477502 23179.5 1070190
Kd4d 0.466496 476298 22941.5 1070190
QdTc 0.466307 487816 11221.5 1070190
QhTc 0.465568 487064 11182 1070190
QsTc 0.465568 487064 11182 1070190
Kd6d 0.464919 477250 20302 1070190
Kd6c 0.464671 476054 21232.5 1070190
Kc2d 0.464188 472362 24407.5 1070190
Kh6c 0.46404 475456 21155 1070190
Ks6c 0.46404 475456 21155 1070190
Kc2s 0.46354 471698 24377.5 1070190
Kc2h 0.46354 471698 24377.5 1070190
Kd4c 0.463494 472065 23962 1070190
Kh4c 0.462882 471497 23875 1070190
Ks4c 0.462882 471497 23875 1070190
QdTd 0.462831 484840 10477 1070190
6c2c 0.461865 476995 17288.5 1070190
2s2d 0.455217 482317 4852 1070190
2h2d 0.455217 482317 4852 1070190
Kd2d 0.454992 464025 22902.5 1070190
2s2h 0.454507 481565 4843.5 1070190
Ks8d 0.452502 466318 17945 1070190
Kh8d 0.452502 466318 17945 1070190
Kd8s 0.452456 466233 17980.5 1070190
Kd8h 0.452456 466233 17980.5 1070190
Kh8s 0.451773 465564 17918.5 1070190
Kh8h 0.451773 465564 17918.5 1070190
Ks8s 0.451773 465564 17918.5 1070190
Ks8h 0.451773 465564 17918.5 1070190
Kd2c 0.450563 458267 23921.5 1070190
Ks2c 0.44996 457708 23834.5 1070190
Kh2c 0.44996 457708 23834.5 1070190
Kh7d 0.444843 456318 19749 1070190
Ks7d 0.444843 456318 19749 1070190
Kd7s 0.444769 456195 19792.5 1070190
Kd7h 0.444769 456195 19792.5 1070190
QsJd 0.444713 465640 10287.5 1070190
QhJd 0.444713 465640 10287.5 1070190
QdJs 0.444711 465631 10294.5 1070190
QdJh 0.444711 465631 10294.5 1070190
Kh7s 0.444114 455564 19722.5 1070190
Kh7h 0.444114 455564 19722.5 1070190
Ks7h 0.444114 455564 19722.5 1070190
Ks7s 0.444114 455564 19722.5 1070190
QsJh 0.443935 464834 10261 1070190
QsJs 0.443935 464834 10261 1070190
QhJh 0.443935 464834 10261 1070190
QhJs 0.443935 464834 10261 1070190
Ks5d 0.443717 451413 23449 1070190
Kh5d 0.443717 451413 23449 1070190
Kd5s 0.443636 451272 23502.5 1070190
Kd5h 0.443636 451272 23502.5 1070190
Kh5h 0.443014 450690 23419 1070190
Kh5s 0.443014 450690 23419 1070190
Ks5h 0.443014 450690 23419 1070190
Ks5s 0.443014 450690 23419 1070190
Ks4d 0.439949 446660 24168.5 1070190
Kh4d 0.439949 446660 24168.5 1070190
Kd4h 0.439851 446499 24225.5 1070190
Kd4s 0.439851 446499 24225.5 1070190
Kh4h 0.439239 445931 24138.5 1070190
Ks4h 0.439239 445931 24138.5 1070190
Ks4s 0.439239 445931 24138.5 1070190
Kh4s 0.439239 445931 24138.5 1070190
Ks6d 0.437851 447213 21370.5 1070190
Kh6d 0.437851 447213 21370.5 1070190
Kd6s 0.437747 447051 21421.5 1070190
Kd6h 0.437747 447051 21421.5 1070190
Qc8d 0.437258 450317 17632.5 1070190
Kh6s 0.437116 446453 21344 1070190
Kh6h 0.437116 446453 21344 1070190
Ks6s 0.437116 446453 21344 1070190
Ks6h 0.437116 446453 21344 1070190
Qc8s 0.436557 449593 17606 1070190
Qc8h 0.436557 449593 17606 1070190
QhTd 0.43534 454769 11127.5 1070190
QsTd 0.43534 454769 11127.5 1070190
QdTh 0.435307 454721 11140.5 1070190
QdTs 0.435307 454721 11140.5 1070190
QhTh 0.434568 453969 11101 1070190
QhTs 0.434568 453969 11101 1070190
QsTs 0.434568 453969 11101 1070190
QsTh 0.434568 453969 11101 1070190
Qd8c 0.432645 445683 17329.5 1070190
Qs8c 0.431963 445012 17270 1070190
Qh8c 0.431963 445012 17270 1070190
Qd8d 0.431132 444907 16486 1070190
Ks2d 0.428392 434333 24128 1070190
Kh2d 0.428392 434333 24128 1070190
Kd2h 0.428347 434228 24185 1070190
Kd2s 0.428347 434228 24185 1070190
Ks2h 0.427744 433669 24098 1070190
Kh2h 0.427744 433669 24098 1070190
Ks2s 0.427744 433669 24098 1070190
Kh2s 0.427744 433669 24098 1070190
JcTd 0.426787 445762 10981.5 1070190
JcTs 0.426043 444992 10955 1070190
JcTh 0.426043 444992 10955 1070190
JdTc 0.425348 444264 10939.5 1070190
JhTc 0.424611 443513 10901 1070190
JsTc 0.424611 443513 10901 1070190
JdTd 0.422949 442429 10207 1070190
Qc7d 0.419919 429587 19806.5 1070190
Qc7s 0.419223 428868 19780 1070190
Qc7h 0.419223 428868 19780 1070190
Qc5d 0.419161 425090 23492 1070190
Qc5h 0.418489 424401 23462 1070190
Qc5s 0.418489 424401 23462 1070190
Qc4d 0.415465 420412 24214.5 1070190
Qc4s 0.414788 419717 24184.5 1070190
Qc4h 0.414788 419717 24184.5 1070190
Qd7d 0.414244 424782 18538 1070190
Qd7c 0.414009 423639 19429.5 1070190
Qh7c 0.413357 423011 19360 1070190
Qs7c 0.413357 423011 19360 1070190
Qd5d 0.413333 420309 22035.5 1070190
Qc6d 0.412994 420545 21437 1070190
Qc6h 0.412292 419820 21410.5 1070190
Qc6s 0.412292 419820 21410.5 1070190
Qd5c 0.410243 416003 23035 1070190
Qd4d 0.409722 415764 22716.5 1070190
Qh5c 0.409624 415424 22952 1070190
Qs5c 0.409624 415424 22952 1070190
Qd6d 0.407564 416094 20077 1070190
Qd6c 0.405846 413328 21004.5 1070190
Qd4c 0.405272 409984 23734 1070190
Qh6c 0.405218 412733 20927.5 1070190
Qs6c 0.405218 412733 20927.5 1070190
Qh4c 0.404663 409419 23647.5 1070190
Qs4c 0.404663 409419 23647.5 1070190
Qc2d 0.404567 408790 24174 1070190
Qc2h 0.403951 408160 24144 1070190
Qc2s 0.403951 408160 24144 1070190
Qs8d 0.402616 413519 17356.5 1070190
Qh8d 0.402616 413519 17356.5 1070190
Qd8s 0.402597 413466 17389.5 1070190
Qd8h 0.402597 413466 17389.5 1070190
Qh8h 0.401915 412795 17330 1070190
Qs8s 0.401915 412795 17330 1070190
Qh8s 0.401915 412795 17330 1070190
Qs8h 0.401915 412795 17330 1070190
Qd2d 0.398218 403491 22677.5 1070190
Jc8d 0.3947 405059 17345.5 1070190
Jc8h 0.394027 404365 17319 1070190
Jc8s 0.394027 404365 17319 1070190
JsTd 0.393797 410591 10846.5 1070190
JhTd 0.393797 410591 10846.5 1070190
JdTs 0.39379 410572 10858.5 1070190
JdTh 0.39379 410572 10858.5 1070190
JhTs 0.393053 409821 10820 1070190
JhTh 0.393053 409821 10820 1070190
JsTh 0.393053 409821 10820 1070190
JsTs 0.393053 409821 10820 1070190
Qd2c 0.392341 396186 23693.5 1070190
Qs2c 0.391741 395630 23607 1070190
Qh2c 0.391741 395630 23607 1070190
Jd8c 0.391468 401898 17047.5 1070190
Jd8d 0.391038 402269 16216 1070190
Jh8c 0.390788 401228 16989 1070190
Js8c 0.390788 401228 16989 1070190
Qs7d 0.384806 392297 19518.5 1070190
Qh7d 0.384806 392297 19518.5 1070190
Qd7h 0.384761 392206 19561.5 1070190
Qd7s 0.384761 392206 19561.5 1070190
Qs5d 0.3843 388056 23218.5 1070190
Qh5d 0.3843 388056 23218.5 1070190
Qd5h 0.384247 387946 23271.5 1070190
Qd5s 0.384247 387946 23271.5 1070190
Qs7s 0.384109 391578 19492 1070190
Qs7h 0.384109 391578 19492 1070190
Qh7s 0.384109 391578 19492 1070190
Qh7h 0.384109 391578 19492 1070190
Qs5s 0.383629 387367 23188.5 1070190
Qh5h 0.383629 387367 23188.5 1070190
Qh5s 0.383629 387367 23188.5 1070190
Qs5h 0.383629 387367 23188.5 1070190
Qh4d 0.380531 383303 23938 1070190
Qs4d 0.380531 383303 23938 1070190
Qd4s 0.380463 383173 23994.5 1070190
Qd4h 0.380463 383173 23994.5 1070190
Qs4h 0.379854 382608 23908 1070190
Qh4h 0.379854 382608 23908 1070190
Qh4s 0.379854 382608 23908 1070190
Qs4s 0.379854 382608 23908 1070190
Qh6d 0.377813 383192 21140 1070190
Qs6d 0.377813 383192 21140 1070190
Qd6h 0.377739 383062 21190.5 1070190
Qd6s 0.377739 383062 21190.5 1070190
Jc7d 0.377691 385040 19161.5 1070190
Qs6s 0.377111 382467 21113.5 1070190
Qs6h 0.377111 382467 21113.5 1070190
Qh6h 0.377111 382467 21113.5 1070190
Qh6s 0.377111 382467 21113.5 1070190
Jc7h 0.377022 384350 19135 1070190
Jc7s 0.377022 384350 19135 1070190
Jd7d 0.374464 382816 17932 1070190
Jd7c 0.373162 380555 18799.5 1070190
Js7c 0.372511 379925 18733 1070190
Jh7c 0.372511 379925 18733 1070190
Qh2d 0.368975 370976 23897.5 1070190
Qs2d 0.368975 370976 23897.5 1070190
Qd2h 0.368959 370902 23954 1070190
Qd2s 0.368959 370902 23954 1070190
Qs2h 0.368358 370346 23867.5 1070190
Qs2s 0.368358 370346 23867.5 1070190
Qh2s 0.368358 370346 23867.5 1070190
Qh2h 0.368358 370346 23867.5 1070190
Jc5d 0.366465 369072 23115.5 1070190
Jc5s 0.365825 368417 23085.5 1070190
Jc5h 0.365825 368417 23085.5 1070190
Jd5d 0.3633 367119 21681.5 1070190
Jc4d 0.362769 364394 23838 1070190
Jc4s 0.362124 363733 23808 1070190
Jc4h 0.362124 363733 23808 1070190
Jd8h 0.360854 369075 17107.5 1070190
Jd8s 0.360854 369075 17107.5 1070190
Js8d 0.360847 369099 17075.5 1070190
Jh8d 0.360847 369099 17075.5 1070190
Tc8d 0.360486 368873 16915.5 1070190
Js8s 0.360173 368405 17049 1070190
Jh8h 0.360173 368405 17049 1070190
Js8h 0.360173 368405 17049 1070190
Jh8s 0.360173 368405 17049 1070190
Jc6d 0.359918 364120 21060.5 1070190
Tc8s 0.35984 368208 16889 1070190
Tc8h 0.35984 368208 16889 1070190
Jd4d 0.35969 362574 22362.5 1070190
Jc6s 0.359248 363430 21034 1070190
Jc6h 0.359248 363430 21034 1070190
Td8d 0.359061 368446 15817 1070190
Jd5c 0.358921 361448 22666 1070190
Td8c 0.358611 367157 16624.5 1070190
Jh5c 0.358307 360872 22584.5 1070190
Js5c 0.358307 360872 22584.5 1070190
Th8c 0.357932 366487 16568 1070190
Ts8c 0.357932 366487 16568 1070190
Jd6d 0.357163 362509 19723 1070190
Jd6c 0.354139 358361 20635.5 1070190
Jd4c 0.35395 355429 23365 1070190
Jh6c 0.353516 357769 20560 1070190
Js6c 0.353516 357769 20560 1070190
Js4c 0.353346 354867 23280 1070190
Jh4c 0.353346 354867 23280 1070190
Jc2d 0.351872 352772 23797.5 1070190
Jc2s 0.351287 352176 23767.5 1070190
Jc2h 0.351287 352176 23767.5 1070190
Jd2d 0.348185 350301 22323.5 1070190
Js7d 0.343372 348594 18879.5 1070190
Jh7d 0.343372 348594 18879.5 1070190
Jd7h 0.343354 348534 18919.5 1070190
Jd7s 0.343354 348534 18919.5 1070190
Tc7d 0.343259 348621 18731.5 1070190
Js7h 0.342703 347904 18853 1070190
Js7s 0.342703 347904 18853 1070190
Jh7h 0.342703 347904 18853 1070190
Jh7s 0.342703 347904 18853 1070190
Tc7s 0.342617 347960 18705 1070190
Tc7h 0.342617 347960 18705 1070190
Td7d 0.342275 348766 17533 1070190
Jd2c 0.341019 341631 23324.5 1070190
Jh2c 0.340423 341078 23239.5 1070190
Js2c 0.340423 341078 23239.5 1070190
Td7c 0.340087 345581 18376.5 1070190
Th7c 0.339438 344951 18312 1070190
Ts7c 0.339438 344951 18312 1070190
5d4d 0.337983 340895 20810.5 1070190
5c4d 0.333759 335121 22064.5 1070190
5c4h 0.333192 334560 22019 1070190
5c4s 0.333192 334560 22019 1070190
5d4c 0.3326 333968 21977 1070190
5h4c 0.332049 333438 21918 1070190
5s4c 0.332049 333438 21918 1070190
Jh5d 0.331953 332405 22848 1070190
Js5d 0.331953 332405 22848 1070190
Jd5s 0.331928 332326 22899.5 1070190
Jd5h 0.331928 332326 22899.5 1070190
Jh5h 0.331313 331750 22818 1070190
Jh5s 0.331313 331750 22818 1070190
Js5s 0.331313 331750 22818 1070190
Js5h 0.331313 331750 22818 1070190
Js4d 0.328184 327652 23567.5 1070190
Jh4d 0.328184 327652 23567.5 1070190
Jd4s 0.328143 327553 23622.5 1070190
Jd4h 0.328143 327553 23622.5 1070190
Td8s 0.327646 333959 16684.5 1070190
Td8h 0.327646 333959 16684.5 1070190
Th8d 0.327613 333954 16654.5 1070190
Ts8d 0.327613 333954 16654.5 1070190
Jh4h 0.327539 326991 23537.5 1070190
Jh4s 0.327539 326991 23537.5 1070190
Js4h 0.327539 326991 23537.5 1070190
Js4s 0.327539 326991 23537.5 1070190
Th8h 0.326967 333289 16628 1070190
Th8s 0.326967 333289 16628 1070190
Ts8s 0.326967 333289 16628 1070190
Ts8h 0.326967 333289 16628 1070190
Tc6d 0.325732 328233 20362 1070190
Td6d 0.325209 328963 19072 1070190
Tc6s 0.325089 327571 20335.5 1070190
Tc6h 0.325089 327571 20335.5 1070190
Jh6d 0.325072 327119 20769.5 1070190
Js6d 0.325072 327119 20769.5 1070190
Jd6s 0.325026 327021 20818.5 1070190
Jd6h 0.325026 327021 20818.5 1070190
Js6s 0.324402 326429 20743 1070190
Js6h 0.324402 326429 20743 1070190
Jh6h 0.324402 326429 20743 1070190
Jh6s 0.324402 326429 20743 1070190
Td6c 0.321313 323914 19951.5 1070190
Tc5d 0.320694 320608 22596 1070190
Th6c 0.32069 323320 19879.5 1070190
Ts6c 0.32069 323320 19879.5 1070190
Tc5h 0.320086 319987 22566 1070190
Tc5s 0.320086 319987 22566 1070190
Td5d 0.32001 321273 21198.5 1070190
Tc4d 0.316998 315930 23318.5 1070190
Jd2s 0.316639 315282 23582 1070190
Jd2h 0.316639 315282 23582 1070190
Jh2d 0.316628 315325 23527 1070190
Js2d 0.316628 315325 23527 1070190
Td4d 0.316399 316728 21879.5 1070190
Tc4s 0.316384 315303 23288.5 1070190
Tc4h 0.316384 315303 23288.5 1070190
Jh2h 0.316043 314729 23497 1070190
Js2h 0.316043 314729 23497 1070190
Jh2s 0.316043 314729 23497 1070190
Js2s 0.316043 314729 23497 1070190
5d2d 0.315532 316948 20731 1070190
Td5c 0.3145 314419 22156 1070190
Th5c 0.313891 313846 22077 1070190
Ts5c 0.313891 313846 22077 1070190
5c2d 0.311512 311391 21986.5 1070190
5c2h 0.311008 310897 21941 1070190
5c2s 0.311008 310897 21941 1070190
Td7h 0.309919 313176 18496.5 1070190
Td7s 0.309919 313176 18496.5 1070190
Ts7d 0.309913 313207 18458.5 1070190
Th7d 0.309913 313207 18458.5 1070190
Td4c 0.309529 308400 22855 1070190
Ts7s 0.30927 312546 18432 1070190
Th7h 0.30927 312546 18432 1070190
Ts7h 0.30927 312546 18432 1070190
Th7s 0.30927 312546 18432 1070190
Ts4c 0.30893 307841 22772.5 1070190
Th4c 0.30893 307841 22772.5 1070190
5d2c 0.308465 308220 21896 1070190
5h2c 0.307928 307705 21837 1070190
5s2c 0.307928 307705 21837 1070190
5s4d 0.307862 307541 21929.5 1070190
5h4d 0.307862 307541 21929.5 1070190
5d4s 0.307845 307510 21943 1070190
5d4h 0.307845 307510 21943 1070190
5h4s 0.307295 306980 21884 1070190
5s4s 0.307295 306980 21884 1070190
5h4h 0.307295 306980 21884 1070190
5s4h 0.307295 306980 21884 1070190
4d2d 0.306263 309955 17805 1070190
Tc2d 0.306101 304308 23278 1070190
Tc2h 0.305548 303746 23248 1070190
Tc2s 0.305548 303746 23248 1070190
Td2d 0.304895 304455 21840.5 1070190
8d7d 0.302405 302794 20836.5 1070190
8c7d 0.301118 300108 22146 1070190
4c2d 0.300668 302880 18892 1070190
8c7s 0.300519 299501 22111.5 1070190
8c7h 0.300519 299501 22111.5 1070190
4c2h 0.30019 302414 18846.5 1070190
4c2s 0.30019 302414 18846.5 1070190
8d7c 0.299904 298978 21976 1070190
8s7c 0.299326 298418 21917.5 1070190
8h7c 0.299326 298418 21917.5 1070190
4d2c 0.298802 300886 18889 1070190
4h2c 0.298276 300368 18843.5 1070190
4s2c 0.298276 300368 18843.5 1070190
Td2c 0.296598 294602 22814.5 1070190
Ts2c 0.296007 294052 22732 1070190
Th2c 0.296007 294052 22732 1070190
Th6d 0.291864 292270 20080 1070190
Ts6d 0.291864 292270 20080 1070190
Td6h 0.291843 292202 20125.5 1070190
Td6s 0.291843 292202 20125.5 1070190
Th6s 0.291221 291608 20053.5 1070190
Th6h 0.291221 291608 20053.5 1070190
Ts6s 0.291221 291608 20053.5 1070190
Ts6h 0.291221 291608 20053.5 1070190
Td5h 0.286677 284412 22386.5 1070190
Td5s 0.286677 284412 22386.5 1070190
Th5d 0.286676 284460 22337.5 1070190
Ts5d 0.286676 284460 22337.5 1070190
Th5h 0.286067 283839 22307.5 1070190
Ts5s 0.286067 283839 22307.5 1070190
Th5s 0.286067 283839 22307.5 1070190
Ts5h 0.286067 283839 22307.5 1070190
8d6d 0.285551 283218 22375.5 1070190
5d2s 0.284577 282689 21862 1070190
5d2h 0.284577 282689 21862 1070190
5h2d 0.284544 282668 21848.5 1070190
5s2d 0.284544 282668 21848.5 1070190
5h2h 0.28404 282174 21803 1070190
5h2s 0.28404 282174 21803 1070190
5s2s 0.28404 282174 21803 1070190
5s2h 0.28404 282174 21803 1070190
8c6d 0.283809 279953 23776.5 1070190
8c6h 0.283209 279345 23742 1070190
8c6s 0.283209 279345 23742 1070190
Th4d 0.282907 279707 23057 1070190
Ts4d 0.282907 279707 23057 1070190
Td4h 0.282892 279639 23109.5 1070190
Td4s 0.282892 279639 23109.5 1070190
Ts4h 0.282293 279080 23027 1070190
Th4h 0.282293 279080 23027 1070190
Th4s 0.282293 279080 23027 1070190
Ts4s 0.282293 279080 23027 1070190
8d6c 0.281347 277544 23551 1070190
8h6c 0.280796 277020 23485 1070190
8s6c 0.280796 277020 23485 1070190
8d5d 0.280242 275578 24334 1070190
8c5d 0.278661 272389 25831.5 1070190
8c5h 0.278094 271820 25793.5 1070190
8c5s 0.278094 271820 25793.5 1070190
4d2s 0.274853 275371 18774 1070190
4d2h 0.274853 275371 18774 1070190
4s2d 0.274804 275319 18774 1070190
4h2d 0.274804 275319 18774 1070190
8d5c 0.274434 268115 25581.5 1070190
4h2h 0.274327 274853 18728.5 1070190
4h2s 0.274327 274853 18728.5 1070190
4s2h 0.274327 274853 18728.5 1070190
4s2s 0.274327 274853 18728.5 1070190
8s5c 0.273896 267611 25509.5 1070190
8h5c 0.273896 267611 25509.5 1070190
Td2s 0.271388 267368 23069 1070190
Td2h 0.271388 267368 23069 1070190
Th2d 0.27135 267380 23016.5 1070190
Ts2d 0.27135 267380 23016.5 1070190
7d6d 0.271152 268684 21500 1070190
Th2s 0.270797 266818 22986.5 1070190
Ts2s 0.270797 266818 22986.5 1070190
Ts2h 0.270797 266818 22986.5 1070190
Th2h 0.270797 266818 22986.5 1070190
8h7d 0.269063 265977 21972 1070190
8s7d 0.269063 265977 21972 1070190
8d7h 0.269042 265930 21996 1070190
8d7s 0.269042 265930 21996 1070190
8h7h 0.268464 265370 21937.5 1070190
8s7s 0.268464 265370 21937.5 1070190
8s7h 0.268464 265370 21937.5 1070190
8h7s 0.268464 265370 21937.5 1070190
7c6d 0.267723 263670 22845 1070190
7c6h 0.267146 263088 22809 1070190
7c6s 0.267146 263088 22809 1070190
7d6c 0.266587 262619 22680 1070190
7h6c 0.266036 262089 22620 1070190
7s6c 0.266036 262089 22620 1070190
7d5d 0.265631 260817 23458.5 1070190
8d4d 0.264478 257943 25099 1070190
8c4d 0.262536 254320 26643.5 1070190
7c5d 0.262353 255868 24900 1070190
8c4h 0.261971 253753 26605.5 1070190
8c4s 0.261971 253753 26605.5 1070190
7c5h 0.261808 255324 24860.5 1070190
7c5s 0.261808 255324 24860.5 1070190
7d5c 0.259461 252962 24710.5 1070190
7s5c 0.258924 252453 24644.5 1070190
7h5c 0.258924 252453 24644.5 1070190
8d4c 0.257017 248690 26367.5 1070190
8s4c 0.256493 248205 26291.5 1070190
8h4c 0.256493 248205 26291.5 1070190
8d2d 0.253012 245751 25019.5 1070190
8c2d 0.251674 242773 26565.5 1070190
8s6d 0.251241 245282 23593.5 1070190
8h6d 0.251241 245282 23593.5 1070190
8d6s 0.251192 245198 23625 1070190
8d6h 0.251192 245198 23625 1070190
8c2s 0.251169 242271 26527.5 1070190
8c2h 0.251169 242271 26527.5 1070190
8h6s 0.250641 244674 23559 1070190
8h6h 0.250641 244674 23559 1070190
8s6s 0.250641 244674 23559 1070190
8s6h 0.250641 244674 23559 1070190
7d4d 0.249946 243350 24139.5 1070190
7c4d 0.246307 237973 25622.5 1070190
8h5d 0.245937 237527 25672 1070190
8s5d 0.245937 237527 25672 1070190
8d5s 0.245908 237462 25706 1070190
8d5h 0.245908 237462 25706 1070190
7c4s 0.245763 237430 25583 1070190
7c4h 0.245763 237430 25583 1070190
8s5h 0.24537 236958 25634 1070190
8h5h 0.24537 236958 25634 1070190
8h5s 0.24537 236958 25634 1070190
8s5s 0.24537 236958 25634 1070190
6d5d 0.244925 240984 21132.5 1070190
8d2c 0.244124 234973 26286.5 1070190
8h2c 0.243609 234497 26210.5 1070190
8s2c 0.243609 234497 26210.5 1070190
7d4c 0.24213 233716 25409.5 1070190
7s4c 0.241608 233226 25340 1070190
7h4c 0.241608 233226 25340 1070190
6c5d 0.239846 234227 22454 1070190
6c5h 0.239325 233706 22417 1070190
6c5s 0.239325 233706 22417 1070190
6d5c 0.23825 232659 22314 1070190
6s5c 0.237718 232147 22256 1070190
6h5c 0.237718 232147 22256 1070190
7s6d 0.236463 230368 22692.5 1070190
7h6d 0.236463 230368 22692.5 1070190
7d6h 0.236437 230316 22716.5 1070190
7d6s 0.236437 230316 22716.5 1070190
7h6h 0.235886 229786 22656.5 1070190
7h6s 0.235886 229786 22656.5 1070190
7s6s 0.235886 229786 22656.5 1070190
7s6h 0.235886 229786 22656.5 1070190
7h5d 0.230934 222372 24771 1070190
7s5d 0.230934 222372 24771 1070190
7d5h 0.230926 222337 24797.5 1070190
7d5s 0.230926 222337 24797.5 1070190
7h5h 0.230389 221828 24731.5 1070190
7h5s 0.230389 221828 24731.5 1070190
7s5h 0.230389 221828 24731.5 1070190
7s5s 0.230389 221828 24731.5 1070190
6d4d 0.229452 223744 21813.5 1070190
8h4d 0.229226 218834 26481 1070190
8s4d 0.229226 218834 26481 1070190
8d4s 0.229185 218752 26519 1070190
8d4h 0.229185 218752 26519 1070190
8h4h 0.22866 218267 26443 1070190
8h4s 0.22866 218267 26443 1070190
8s4s 0.22866 218267 26443 1070190
8s4h 0.22866 218267 26443 1070190
7d2d 0.225722 217505 24060 1070190
6c4d 0.224018 216565 23176.5 1070190
6c4h 0.223497 216045 23139.5 1070190
6c4s 0.223497 216045 23139.5 1070190
7c2d 0.222384 212449 25544.5 1070190
7c2s 0.221909 211980 25505 1070190
7c2h 0.221909 211980 25505 1070190
6d4c 0.221137 213646 23013 1070190
6h4c 0.220619 213153 22951.5 1070190
6s4c 0.220619 213153 22951.5 1070190
8d2h 0.217718 206562 26438 1070190
8d2s 0.217718 206562 26438 1070190
8h2d 0.217707 206588 26400 1070190
8s2d 0.217707 206588 26400 1070190
8h2s 0.217203 206086 26362 1070190
8h2h 0.217203 206086 26362 1070190
8s2h 0.217203 206086 26362 1070190
8s2s 0.217203 206086 26362 1070190
7d2c 0.216163 206007 25328.5 1070190
7h2c 0.215654 205532 25259 1070190
7s2c 0.215654 205532 25259 1070190
7h4d 0.214307 203859 25490.5 1070190
7s4d 0.214307 203859 25490.5 1070190
7d4s 0.214286 203806 25520.5 1070190
7d4h 0.214286 203806 25520.5 1070190
7s4h 0.213763 203316 25451 1070190
7s4s 0.213763 203316 25451 1070190
7h4s 0.213763 203316 25451 1070190
7h4h 0.213763 203316 25451 1070190
6d5s 0.20932 201669 22343.5 1070190
6d5h 0.20932 201669 22343.5 1070190
6h5d 0.209309 201678 22322.5 1070190
6s5d 0.209309 201678 22322.5 1070190
6s5h 0.208788 201157 22285.5 1070190
6h5s 0.208788 201157 22285.5 1070190
6s5s 0.208788 201157 22285.5 1070190
6h5h 0.208788 201157 22285.5 1070190
6d2d 0.205228 197899 21734 1070190
6c2d 0.200095 191041 23098.5 1070190
6c2s 0.199644 190595 23061.5 1070190
6c2h 0.199644 190595 23061.5 1070190
6d2c 0.19517 185937 22932 1070190
6s2c 0.194666 185459 22870.5 1070190
6h2c 0.194666 185459 22870.5 1070190
6h4d 0.192909 183407 23042 1070190
6s4d 0.192909 183407 23042 1070190
6d4h 0.192906 183380 23066.5 1070190
6d4s 0.192906 183380 23066.5 1070190
6h4s 0.192388 182887 23005 1070190
6s4s 0.192388 182887 23005 1070190
6s4h 0.192388 182887 23005 1070190
6h4h 0.192388 182887 23005 1070190
7d2s 0.189235 177078 25439.5 1070190
7d2h 0.189235 177078 25439.5 1070190
7h2d 0.189201 177072 25409.5 1070190
7s2d 0.189201 177072 25409.5 1070190
7s2s 0.188726 176603 25370 1070190
7h2s 0.188726 176603 25370 1070190
7h2h 0.188726 176603 25370 1070190
7s2h 0.188726 176603 25370 1070190
6d2h 0.167856 156652 22985.5 1070190
6d2s 0.167856 156652 22985.5 1070190
6s2d 0.167803 156620 22961 1070190
6h2d 0.167803 156620 22961 1070190
6s2s 0.167352 156174 22924 1070190
6s2h 0.167352 156174 22924 1070190
6h2s 0.167352 156174 22924 1070190
6h2h 0.167352 156174 22924 1070190
