AcTc 0.982649 1051621 0 1070190
AcQc 0.982443 1051401 0 1070190
Ac8c 0.982407 1051362 0 1070190
AcKc 0.982201 1051142 0 1070190
Ac7c 0.982171 1051110 0 1070190
Ac6c 0.981936 1050858 0 1070190
Ac5c 0.981936 1050858 0 1070190
Ac4c 0.98193 1050852 0 1070190
Ac2c 0.981925 1050846 0 1070190
KcTc 0.967917 1035855 0 1070190
KcQc 0.967752 1035679 0 1070190
Kc8c 0.965799 1033588 0 1070190
Kc7c 0.9656 1033375 0 1070190
Kc5c 0.96533 1033086 0 1070190
Kc6c 0.965327 1033083 0 1070190
Kc4c 0.965324 1033080 0 1070190
Kc2c 0.965318 1033074 0 1070190
QcTc 0.9558 1022888 0 1070190
Qc8c 0.95368 1020619 0 1070190
Qc7c 0.949835 1016504 0 1070190
Qc5c 0.949643 1016298 0 1070190
Qc6c 0.94964 1016295 0 1070190
Qc4c 0.949637 1016292 0 1070190
Qc2c 0.949631 1016286 0 1070190
Tc8c 0.944258 1010536 0 1070190
Tc7c 0.940411 1006418 0 1070190
Tc5c 0.93488 1000499 0 1070190
Tc6c 0.934877 1000496 0 1070190
Tc4c 0.934875 1000494 0 1070190
Tc2c 0.93487 1000488 0 1070190
8c7c 0.926247 991260 0 1070190
8c5c 0.920796 985427 0 1070190
8c6c 0.920794 985424 0 1070190
8c4c 0.920637 985257 0 1070190
8c2c 0.920632 985251 0 1070190
7c5c 0.907677 971387 0 1070190
7c6c 0.907674 971384 0 1070190
7c4c 0.907519 971218 0 1070190
7c2c 0.907323 971008 0 1070190
6c5c 0.89548 958334 0 1070190
6c4c 0.895363 958208 0 1070190
6c2c 0.895167 957999 0 1070190
AdAc 0.888322 950358 315 1070190
AsAc 0.888322 950358 315 1070190
AhAc 0.888322 950358 315 1070190
5c4c 0.884211 946274 0 1070190
5c2c 0.884016 946065 0 1070190
AcJs 0.876486 935646 2361 1070190
AcJh 0.876486 935646 2361 1070190
AcJd 0.876486 935646 2361 1070190
4c2c 0.873556 934871 0 1070190
KsKc 0.868906 929228 666 1070190
KdKc 0.868906 929228 666 1070190
KhKc 0.868906 929228 666 1070190
KcJs 0.862504 919580 3463.5 1070190
KcJh 0.862504 919580 3463.5 1070190
KcJd 0.862504 919580 3463.5 1070190
QsQc 0.849637 908256 1017 1070190
QhQc 0.849637 908256 1017 1070190
QdQc 0.849637 908256 1017 1070190
QcJs 0.847745 902754 4494 1070190
QcJd 0.847745 902754 4494 1070190
QcJh 0.847745 902754 4494 1070190
JsJh 0.832515 875298 15651 1070190
JsJd 0.832515 875298 15651 1070190
JhJd 0.832515 875298 15651 1070190
9h9d 0.827212 869559 15715.5 1070190
9s9d 0.827212 869559 15715.5 1070190
9s9h 0.827212 869559 15715.5 1070190
Ac9s 0.826772 882213 2590.5 1070190
Ac9h 0.826772 882213 2590.5 1070190
Ac9d 0.826772 882213 2590.5 1070190
JdTc 0.8252 877668 5452.5 1070190
JsTc 0.8252 877668 5452.5 1070190
JhTc 0.8252 877668 5452.5 1070190
3s3d 0.819199 860928 15771 1070190
3s3h 0.819199 860928 15771 1070190
3h3d 0.819199 860928 15771 1070190
Kc9s 0.813564 866975 3693 1070190
Kc9d 0.813564 866975 3693 1070190
Kc9h 0.813564 866975 3693 1070190
Jd8c 0.802208 850493 8022 1070190
Jh8c 0.802208 850493 8022 1070190
Js8c 0.802208 850493 8022 1070190
Qc9h 0.799772 851184 4723.5 1070190
Qc9s 0.799772 851184 4723.5 1070190
Qc9d 0.799772 851184 4723.5 1070190
Jd7c 0.784271 831010 8308.5 1070190
Jh7c 0.784271 831010 8308.5 1070190
Js7c 0.784271 831010 8308.5 1070190
TsTc 0.78264 836205 1368 1070190
ThTc 0.78264 836205 1368 1070190
TdTc 0.78264 836205 1368 1070190
Tc9h 0.780049 826716 8085 1070190
Tc9s 0.780049 826716 8085 1070190
Tc9d 0.780049 826716 8085 1070190
Jd6c 0.767334 812574 8619 1070190
Js6c 0.767334 812574 8619 1070190
Jh6c 0.767334 812574 8619 1070190
Jh9d 0.766669 802158 18323 1070190
Jh9h 0.766669 802158 18323 1070190
Jh9s 0.766669 802158 18323 1070190
Jd9s 0.766669 802158 18323 1070190
Js9s 0.766669 802158 18323 1070190
Jd9h 0.766669 802158 18323 1070190
Jd9d 0.766669 802158 18323 1070190
Js9d 0.766669 802158 18323 1070190
Js9h 0.766669 802158 18323 1070190
Jd5c 0.753622 797354 9165 1070190
Js5c 0.753622 797354 9165 1070190
Jh5c 0.753622 797354 9165 1070190
9h8c 0.752895 797384 8356.5 1070190
9s8c 0.752895 797384 8356.5 1070190
9d8c 0.752895 797384 8356.5 1070190
Jh3h 0.750721 782205 21209 1070190
Jd3d 0.750721 782205 21209 1070190
Jd3h 0.750721 782205 21209 1070190
Jd3s 0.750721 782205 21209 1070190
Jh3s 0.750721 782205 21209 1070190
Jh3d 0.750721 782205 21209 1070190
Js3d 0.750721 782205 21209 1070190
Js3h 0.750721 782205 21209 1070190
Js3s 0.750721 782205 21209 1070190
Js4c 0.740731 783240 9483 1070190
Jd4c 0.740731 783240 9483 1070190
Jh4c 0.740731 783240 9483 1070190
Ac3s 0.736919 785328 3315 1070190
Ac3h 0.736919 785328 3315 1070190
Ac3d 0.736919 785328 3315 1070190
9h7c 0.73399 776866 8643 1070190
9d7c 0.73399 776866 8643 1070190
9s7c 0.73399 776866 8643 1070190
9d3s 0.72967 759465 21420.5 1070190
9d3h 0.72967 759465 21420.5 1070190
9s3d 0.72967 759465 21420.5 1070190
9s3h 0.72967 759465 21420.5 1070190
9s3s 0.72967 759465 21420.5 1070190
9d3d 0.72967 759465 21420.5 1070190
9h3d 0.72967 759465 21420.5 1070190
9h3h 0.72967 759465 21420.5 1070190
9h3s 0.72967 759465 21420.5 1070190
Kc3h 0.723256 769685 4336.5 1070190
Kc3s 0.723256 769685 4336.5 1070190
Kc3d 0.723256 769685 4336.5 1070190
9h6c 0.71628 757602 8953.5 1070190
9s6c 0.71628 757602 8953.5 1070190
9d6c 0.71628 757602 8953.5 1070190
Jd2c 0.716192 744144 22317 1070190
Jh2c 0.716192 744144 22317 1070190
Js2c 0.716192 744144 22317 1070190
Qc3s 0.709632 754155 5286 1070190
Qc3h 0.709632 754155 5286 1070190
Qc3d 0.709632 754155 5286 1070190
AsAd 0.704104 737559 15966 1070190
AhAd 0.704104 737559 15966 1070190
AsAh 0.704104 737559 15966 1070190
8d8c 0.702715 750815 1224 1070190
8h8c 0.702715 750815 1224 1070190
8s8c 0.702715 750815 1224 1070190
9h5c 0.702568 742382 9499.5 1070190
9d5c 0.702568 742382 9499.5 1070190
9s5c 0.702568 742382 9499.5 1070190
KsKd 0.697479 730058 16377 1070190
KsKh 0.697479 730058 16377 1070190
KhKd 0.697479 730058 16377 1070190
Tc3s 0.691011 731055 8458.5 1070190
Tc3h 0.691011 731055 8458.5 1070190
Tc3d 0.691011 731055 8458.5 1070190
QhQd 0.690851 722554 16788 1070190
QsQh 0.690851 722554 16788 1070190
QsQd 0.690851 722554 16788 1070190
9h4c 0.689677 728268 9817.5 1070190
9d4c 0.689677 728268 9817.5 1070190
9s4c 0.689677 728268 9817.5 1070190
AcQd 0.688835 732504 4680 1070190
AcQh 0.688835 732504 4680 1070190
AcQs 0.688835 732504 4680 1070190
AcKs 0.688766 732885 4225.5 1070190
AcKh 0.688766 732885 4225.5 1070190
AcKd 0.688766 732885 4225.5 1070190
KdJh 0.686567 714719 20038.5 1070190
KhJd 0.686567 714719 20038.5 1070190
KsJd 0.686567 714719 20038.5 1070190
KsJh 0.686567 714719 20038.5 1070190
KsJs 0.686567 714719 20038.5 1070190
KhJh 0.686567 714719 20038.5 1070190
KdJs 0.686567 714719 20038.5 1070190
KhJs 0.686567 714719 20038.5 1070190
KdJd 0.686567 714719 20038.5 1070190
KcQs 0.686396 729710 4864.5 1070190
KcQh 0.686396 729710 4864.5 1070190
KcQd 0.686396 729710 4864.5 1070190
QsJh 0.685976 712780 21345 1070190
QhJh 0.685976 712780 21345 1070190
QsJd 0.685976 712780 21345 1070190
QhJd 0.685976 712780 21345 1070190
QdJd 0.685976 712780 21345 1070190
QdJh 0.685976 712780 21345 1070190
QdJs 0.685976 712780 21345 1070190
QsJs 0.685976 712780 21345 1070190
QhJs 0.685976 712780 21345 1070190
AsJs 0.685827 715323 18642 1070190
AhJs 0.685827 715323 18642 1070190
AhJh 0.685827 715323 18642 1070190
AhJd 0.685827 715323 18642 1070190
AsJh 0.685827 715323 18642 1070190
AdJs 0.685827 715323 18642 1070190
AdJh 0.685827 715323 18642 1070190
AdJd 0.685827 715323 18642 1070190
AsJd 0.685827 715323 18642 1070190
QcTd 0.6852 726468 6826.5 1070190
QcTh 0.6852 726468 6826.5 1070190
QcTs 0.6852 726468 6826.5 1070190
AcTh 0.681548 722280 7105.5 1070190
AcTs 0.681548 722280 7105.5 1070190
AcTd 0.681548 722280 7105.5 1070190
KcTh 0.679174 720203 6642 1070190
KcTs 0.679174 720203 6642 1070190
KcTd 0.679174 720203 6642 1070190
JhTs 0.674369 699141 22561.5 1070190
JhTh 0.674369 699141 22561.5 1070190
JdTd 0.674369 699141 22561.5 1070190
JdTh 0.674369 699141 22561.5 1070190
JdTs 0.674369 699141 22561.5 1070190
JhTd 0.674369 699141 22561.5 1070190
JsTd 0.674369 699141 22561.5 1070190
JsTs 0.674369 699141 22561.5 1070190
JsTh 0.674369 699141 22561.5 1070190
AhKc 0.674323 717536 4117.5 1070190
AdKc 0.674323 717536 4117.5 1070190
AsKc 0.674323 717536 4117.5 1070190
7h7c 0.67339 719818 837 1070190
7s7c 0.67339 719818 837 1070190
7d7c 0.67339 719818 837 1070190
KhQc 0.67252 714954 4770 1070190
KsQc 0.67252 714954 4770 1070190
KdQc 0.67252 714954 4770 1070190
QdTc 0.66962 710136 6484.5 1070190
QsTc 0.66962 710136 6484.5 1070190
QhTc 0.66962 710136 6484.5 1070190
9d2c 0.665171 689172 22687.5 1070190
9h2c 0.665171 689172 22687.5 1070190
9s2c 0.665171 689172 22687.5 1070190
8c3s 0.664164 698423 12358.5 1070190
8c3h 0.664164 698423 12358.5 1070190
8c3d 0.664164 698423 12358.5 1070190
AsQc 0.660333 702078 4603.5 1070190
AhQc 0.660333 702078 4603.5 1070190
AdQc 0.660333 702078 4603.5 1070190
Ac8d 0.659716 694422 11599.5 1070190
Ac8h 0.659716 694422 11599.5 1070190
Ac8s 0.659716 694422 11599.5 1070190
Jd8d 0.65874 678736 26241 1070190
Jd8h 0.65874 678736 26241 1070190
Jh8d 0.65874 678736 26241 1070190
Jh8h 0.65874 678736 26241 1070190
Jh8s 0.65874 678736 26241 1070190
Js8s 0.65874 678736 26241 1070190
Js8h 0.65874 678736 26241 1070190
Js8d 0.65874 678736 26241 1070190
Jd8s 0.65874 678736 26241 1070190
Jh7d 0.649814 668681 26743.5 1070190
Jd7s 0.649814 668681 26743.5 1070190
Jd7h 0.649814 668681 26743.5 1070190
Jh7h 0.649814 668681 26743.5 1070190
Jd7d 0.649814 668681 26743.5 1070190
Jh7s 0.649814 668681 26743.5 1070190
Js7s 0.649814 668681 26743.5 1070190
Js7h 0.649814 668681 26743.5 1070190
Js7d 0.649814 668681 26743.5 1070190
KsTc 0.649497 688767 6318 1070190
KhTc 0.649497 688767 6318 1070190
KdTc 0.649497 688767 6318 1070190
Ac7s 0.649001 682185 12369 1070190
Ac7d 0.649001 682185 12369 1070190
Ac7h 0.649001 682185 12369 1070190
7c3s 0.645688 678628 12381 1070190
7c3h 0.645688 678628 12381 1070190
7c3d 0.645688 678628 12381 1070190
6s6c 0.644148 688911 450 1070190
6h6c 0.644148 688911 450 1070190
6d6c 0.644148 688911 450 1070190
Jh6s 0.641925 659688 27294 1070190
Jd6d 0.641925 659688 27294 1070190
Jd6h 0.641925 659688 27294 1070190
Jd6s 0.641925 659688 27294 1070190
Js6s 0.641925 659688 27294 1070190
Js6h 0.641925 659688 27294 1070190
Jh6h 0.641925 659688 27294 1070190
Js6d 0.641925 659688 27294 1070190
Jh6d 0.641925 659688 27294 1070190
Ac5h 0.64182 672885 13984.5 1070190
Ac5s 0.64182 672885 13984.5 1070190
Ac5d 0.64182 672885 13984.5 1070190
Jh5s 0.639753 656556 28101 1070190
Jd5d 0.639753 656556 28101 1070190
Jd5h 0.639753 656556 28101 1070190
Jd5s 0.639753 656556 28101 1070190
Jh5d 0.639753 656556 28101 1070190
Js5s 0.639753 656556 28101 1070190
Js5h 0.639753 656556 28101 1070190
Js5d 0.639753 656556 28101 1070190
Jh5h 0.639753 656556 28101 1070190
Ac4d 0.639463 669894 14452.5 1070190
Ac4h 0.639463 669894 14452.5 1070190
Ac4s 0.639463 669894 14452.5 1070190
Ac6s 0.639283 670998 13156.5 1070190
Ac6h 0.639283 670998 13156.5 1070190
Ac6d 0.639283 670998 13156.5 1070190
Js4d 0.638001 654204 28578 1070190
Js4h 0.638001 654204 28578 1070190
Js4s 0.638001 654204 28578 1070190
Jh4s 0.638001 654204 28578 1070190
Jh4h 0.638001 654204 28578 1070190
Jh4d 0.638001 654204 28578 1070190
Jd4d 0.638001 654204 28578 1070190
Jd4h 0.638001 654204 28578 1070190
Jd4s 0.638001 654204 28578 1070190
AhTc 0.636923 674883 6745.5 1070190
AsTc 0.636923 674883 6745.5 1070190
AdTc 0.636923 674883 6745.5 1070190
Jh2d 0.636479 652389 28764 1070190
Js2s 0.636479 652389 28764 1070190
Jd2h 0.636479 652389 28764 1070190
Jd2d 0.636479 652389 28764 1070190
Jh2h 0.636479 652389 28764 1070190
Js2d 0.636479 652389 28764 1070190
Js2h 0.636479 652389 28764 1070190
Jh2s 0.636479 652389 28764 1070190
Jd2s 0.636479 652389 28764 1070190
Ac2d 0.632917 662889 14452.5 1070190
Ac2h 0.632917 662889 14452.5 1070190
Ac2s 0.632917 662889 14452.5 1070190
Tc8h 0.630609 663363 11508 1070190
Tc8d 0.630609 663363 11508 1070190
Tc8s 0.630609 663363 11508 1070190
6c3d 0.628449 660444 12115.5 1070190
6c3h 0.628449 660444 12115.5 1070190
6c3s 0.628449 660444 12115.5 1070190
5d5c 0.620942 664112 414 1070190
5h5c 0.620942 664112 414 1070190
5s5c 0.620942 664112 414 1070190
Qs9h 0.61764 639454 21538.5 1070190
Qd9s 0.61764 639454 21538.5 1070190
Qs9s 0.61764 639454 21538.5 1070190
Qd9h 0.61764 639454 21538.5 1070190
Qs9d 0.61764 639454 21538.5 1070190
Qh9d 0.61764 639454 21538.5 1070190
Qh9h 0.61764 639454 21538.5 1070190
Qh9s 0.61764 639454 21538.5 1070190
Qd9d 0.61764 639454 21538.5 1070190
Ts8c 0.617163 649607 10875 1070190
Td8c 0.617163 649607 10875 1070190
Th8c 0.617163 649607 10875 1070190
Qc8h 0.617154 650277 10195.5 1070190
Qc8s 0.617154 650277 10195.5 1070190
Qc8d 0.617154 650277 10195.5 1070190
ThTd 0.617117 643233 17199 1070190
TsTd 0.617117 643233 17199 1070190
TsTh 0.617117 643233 17199 1070190
Kh9h 0.616816 639878 20232 1070190
Kh9s 0.616816 639878 20232 1070190
Kh9d 0.616816 639878 20232 1070190
Kd9d 0.616816 639878 20232 1070190
Kd9h 0.616816 639878 20232 1070190
Ks9s 0.616816 639878 20232 1070190
Ks9h 0.616816 639878 20232 1070190
Ks9d 0.616816 639878 20232 1070190
Kd9s 0.616816 639878 20232 1070190
5c3d 0.61578 646868 12133.5 1070190
5c3s 0.61578 646868 12133.5 1070190
5c3h 0.61578 646868 12133.5 1070190
Ah9s 0.614945 639273 18835.5 1070190
Ah9h 0.614945 639273 18835.5 1070190
Ad9h 0.614945 639273 18835.5 1070190
Ad9s 0.614945 639273 18835.5 1070190
Ah9d 0.614945 639273 18835.5 1070190
Ad9d 0.614945 639273 18835.5 1070190
As9d 0.614945 639273 18835.5 1070190
As9h 0.614945 639273 18835.5 1070190
As9s 0.614945 639273 18835.5 1070190
Ts9d 0.610633 627282 26211 1070190
Th9h 0.610633 627282 26211 1070190
Td9s 0.610633 627282 26211 1070190
Ts9h 0.610633 627282 26211 1070190
Ts9s 0.610633 627282 26211 1070190
Th9d 0.610633 627282 26211 1070190
Td9h 0.610633 627282 26211 1070190
Th9s 0.610633 627282 26211 1070190
Td9d 0.610633 627282 26211 1070190
Kc8s 0.609606 641033 11361 1070190
Kc8h 0.609606 641033 11361 1070190
Kc8d 0.609606 641033 11361 1070190
Kc7s 0.60373 633737 12369 1070190
Kc7h 0.60373 633737 12369 1070190
Kc7d 0.60373 633737 12369 1070190
4c3s 0.603486 633765 12079.5 1070190
4c3h 0.603486 633765 12079.5 1070190
4c3d 0.603486 633765 12079.5 1070190
Ah8c 0.601551 633182 10591.5 1070190
As8c 0.601551 633182 10591.5 1070190
Ad8c 0.601551 633182 10591.5 1070190
4d4c 0.597522 639084 378 1070190
4s4c 0.597522 639084 378 1070190
4h4c 0.597522 639084 378 1070190
Kc6d 0.593794 622316 13156.5 1070190
Kc6h 0.593794 622316 13156.5 1070190
Kc6s 0.593794 622316 13156.5 1070190
Kc5d 0.590495 617957 13984.5 1070190
Kc5h 0.590495 617957 13984.5 1070190
Kc5s 0.590495 617957 13984.5 1070190
9d8d 0.589073 603718 26701.5 1070190
9h8h 0.589073 603718 26701.5 1070190
9d8s 0.589073 603718 26701.5 1070190
9h8d 0.589073 603718 26701.5 1070190
9h8s 0.589073 603718 26701.5 1070190
9d8h 0.589073 603718 26701.5 1070190
9s8d 0.589073 603718 26701.5 1070190
9s8h 0.589073 603718 26701.5 1070190
9s8s 0.589073 603718 26701.5 1070190
Kc4s 0.588137 614966 14452.5 1070190
Kc4h 0.588137 614966 14452.5 1070190
Kc4d 0.588137 614966 14452.5 1070190
Qd8c 0.588005 619976 9301.5 1070190
Qs8c 0.588005 619976 9301.5 1070190
Qh8c 0.588005 619976 9301.5 1070190
Kc2d 0.581592 607961 14452.5 1070190
Kc2s 0.581592 607961 14452.5 1070190
Kc2h 0.581592 607961 14452.5 1070190
Ah7c 0.579219 608695 11179.5 1070190
Ad7c 0.579219 608695 11179.5 1070190
As7c 0.579219 608695 11179.5 1070190
9s7h 0.578731 592148 27204 1070190
9s7d 0.578731 592148 27204 1070190
9h7s 0.578731 592148 27204 1070190
9h7h 0.578731 592148 27204 1070190
9h7d 0.578731 592148 27204 1070190
9d7s 0.578731 592148 27204 1070190
9d7h 0.578731 592148 27204 1070190
9d7d 0.578731 592148 27204 1070190
9s7s 0.578731 592148 27204 1070190
3d2c 0.571313 586788 24625.5 1070190
3h2c 0.571313 586788 24625.5 1070190
3s2c 0.571313 586788 24625.5 1070190
Tc7d 0.57079 598581 12273 1070190
Tc7h 0.57079 598581 12273 1070190
Tc7s 0.57079 598581 12273 1070190
9d6h 0.569712 581946 27754.5 1070190
9d6d 0.569712 581946 27754.5 1070190
9h6s 0.569712 581946 27754.5 1070190
9h6h 0.569712 581946 27754.5 1070190
9h6d 0.569712 581946 27754.5 1070190
9s6d 0.569712 581946 27754.5 1070190
9s6h 0.569712 581946 27754.5 1070190
9s6s 0.569712 581946 27754.5 1070190
9d6s 0.569712 581946 27754.5 1070190
9d5h 0.56754 578814 28561.5 1070190
9h5d 0.56754 578814 28561.5 1070190
9h5s 0.56754 578814 28561.5 1070190
9d5s 0.56754 578814 28561.5 1070190
9d5d 0.56754 578814 28561.5 1070190
9h5h 0.56754 578814 28561.5 1070190
9s5d 0.56754 578814 28561.5 1070190
9s5h 0.56754 578814 28561.5 1070190
9s5s 0.56754 578814 28561.5 1070190
9d4d 0.565788 576462 29038.5 1070190
9d4h 0.565788 576462 29038.5 1070190
9s4d 0.565788 576462 29038.5 1070190
9s4h 0.565788 576462 29038.5 1070190
9s4s 0.565788 576462 29038.5 1070190
9d4s 0.565788 576462 29038.5 1070190
9h4s 0.565788 576462 29038.5 1070190
9h4h 0.565788 576462 29038.5 1070190
9h4d 0.565788 576462 29038.5 1070190
Kd8c 0.565515 594896 10312.5 1070190
Kh8c 0.565515 594896 10312.5 1070190
Ks8c 0.565515 594896 10312.5 1070190
9h2h 0.564297 574647 29257.5 1070190
9d2s 0.564297 574647 29257.5 1070190
9s2h 0.564297 574647 29257.5 1070190
9s2s 0.564297 574647 29257.5 1070190
9s2d 0.564297 574647 29257.5 1070190
9h2s 0.564297 574647 29257.5 1070190
9d2d 0.564297 574647 29257.5 1070190
9h2d 0.564297 574647 29257.5 1070190
9d2h 0.564297 574647 29257.5 1070190
Ah6c 0.558027 585399 11796 1070190
Ad6c 0.558027 585399 11796 1070190
As6c 0.558027 585399 11796 1070190
Qc7s 0.556988 584115 11968.5 1070190
Qc7h 0.556988 584115 11968.5 1070190
Qc7d 0.556988 584115 11968.5 1070190
Qc6s 0.552472 578202 13048.5 1070190
Qc6h 0.552472 578202 13048.5 1070190
Qc6d 0.552472 578202 13048.5 1070190
Qc5s 0.549173 573843 13876.5 1070190
Qc5d 0.549173 573843 13876.5 1070190
Qc5h 0.549173 573843 13876.5 1070190
Ad5c 0.548192 574139 12531 1070190
Ah5c 0.548192 574139 12531 1070190
As5c 0.548192 574139 12531 1070190
Kh7c 0.547985 575260 11188.5 1070190
Ks7c 0.547985 575260 11188.5 1070190
Kd7c 0.547985 575260 11188.5 1070190
Qc4s 0.546816 570852 14344.5 1070190
Qc4h 0.546816 570852 14344.5 1070190
Qc4d 0.546816 570852 14344.5 1070190
Th7c 0.545594 572419 11470.5 1070190
Ts7c 0.545594 572419 11470.5 1070190
Td7c 0.545594 572419 11470.5 1070190
Qc2h 0.54027 563847 14344.5 1070190
Qc2s 0.54027 563847 14344.5 1070190
Qc2d 0.54027 563847 14344.5 1070190
As4c 0.533956 558486 12948 1070190
Ad4c 0.533956 558486 12948 1070190
Ah4c 0.533956 558486 12948 1070190
Kh6c 0.526566 551721 11805 1070190
Ks6c 0.526566 551721 11805 1070190
Kd6c 0.526566 551721 11805 1070190
8s8h 0.524214 544036 16972.5 1070190
8s8d 0.524214 544036 16972.5 1070190
8h8d 0.524214 544036 16972.5 1070190
8c7s 0.523699 546446 14011.5 1070190
8c7d 0.523699 546446 14011.5 1070190
8c7h 0.523699 546446 14011.5 1070190
Qh7c 0.515164 540550 10773 1070190
Qd7c 0.515164 540550 10773 1070190
Qs7c 0.515164 540550 10773 1070190
8d7c 0.512178 534430 13698 1070190
8h7c 0.512178 534430 13698 1070190
8s7c 0.512178 534430 13698 1070190
Kd5c 0.510954 534278 12540 1070190
Ks5c 0.510954 534278 12540 1070190
Kh5c 0.510954 534278 12540 1070190
2d2c 0.509053 529704 15079.5 1070190
2s2c 0.509053 529704 15079.5 1070190
2h2c 0.509053 529704 15079.5 1070190
Tc6s 0.506946 528753 13776 1070190
Tc6d 0.506946 528753 13776 1070190
Tc6h 0.506946 528753 13776 1070190
Tc5d 0.503647 524394 14604 1070190
Tc5h 0.503647 524394 14604 1070190
Tc5s 0.503647 524394 14604 1070190
Tc4d 0.501323 521439 15072 1070190
Tc4h 0.501323 521439 15072 1070190
Tc4s 0.501323 521439 15072 1070190
As2c 0.501124 510696 25602 1070190
Ad2c 0.501124 510696 25602 1070190
Ah2c 0.501124 510696 25602 1070190
7s7h 0.500495 519095 16530 1070190
7s7d 0.500495 519095 16530 1070190
7h7d 0.500495 519095 16530 1070190
Qh6c 0.499131 522438 11727 1070190
Qd6c 0.499131 522438 11727 1070190
Qs6c 0.499131 522438 11727 1070190
Kh4c 0.496717 518625 12957 1070190
Ks4c 0.496717 518625 12957 1070190
Kd4c 0.496717 518625 12957 1070190
Tc2d 0.494807 514497 15040.5 1070190
Tc2h 0.494807 514497 15040.5 1070190
Tc2s 0.494807 514497 15040.5 1070190
Qs3s 0.492677 505249 22009.5 1070190
Qs3h 0.492677 505249 22009.5 1070190
Qs3d 0.492677 505249 22009.5 1070190
Qh3d 0.492677 505249 22009.5 1070190
Qh3h 0.492677 505249 22009.5 1070190
Qh3s 0.492677 505249 22009.5 1070190
Qd3s 0.492677 505249 22009.5 1070190
Qd3d 0.492677 505249 22009.5 1070190
Qd3h 0.492677 505249 22009.5 1070190
Kh3s 0.491198 504887 20788.5 1070190
Kh3h 0.491198 504887 20788.5 1070190
Kh3d 0.491198 504887 20788.5 1070190
Ks3s 0.491198 504887 20788.5 1070190
Kd3s 0.491198 504887 20788.5 1070190
Kd3h 0.491198 504887 20788.5 1070190
Kd3d 0.491198 504887 20788.5 1070190
Ks3d 0.491198 504887 20788.5 1070190
Ks3h 0.491198 504887 20788.5 1070190
As3s 0.489517 504399 19477.5 1070190
As3h 0.489517 504399 19477.5 1070190
As3d 0.489517 504399 19477.5 1070190
Ah3s 0.489517 504399 19477.5 1070190
Ah3h 0.489517 504399 19477.5 1070190
Ah3d 0.489517 504399 19477.5 1070190
Ad3d 0.489517 504399 19477.5 1070190
Ad3s 0.489517 504399 19477.5 1070190
Ad3h 0.489517 504399 19477.5 1070190
Td3d 0.487678 495486 26422.5 1070190
Td3h 0.487678 495486 26422.5 1070190
Td3s 0.487678 495486 26422.5 1070190
Th3d 0.487678 495486 26422.5 1070190
Th3h 0.487678 495486 26422.5 1070190
Th3s 0.487678 495486 26422.5 1070190
Ts3d 0.487678 495486 26422.5 1070190
Ts3h 0.487678 495486 26422.5 1070190
Ts3s 0.487678 495486 26422.5 1070190
Qs5c 0.483519 504995 12462 1070190
Qh5c 0.483519 504995 12462 1070190
Qd5c 0.483519 504995 12462 1070190
6h6d 0.476477 493833 16087.5 1070190
6s6d 0.476477 493833 16087.5 1070190
6s6h 0.476477 493833 16087.5 1070190
QdTd 0.476425 487000 22865.5 1070190
QhTs 0.476425 487000 22865.5 1070190
QhTh 0.476425 487000 22865.5 1070190
QhTd 0.476425 487000 22865.5 1070190
QsTd 0.476425 487000 22865.5 1070190
QdTs 0.476425 487000 22865.5 1070190
QdTh 0.476425 487000 22865.5 1070190
QsTh 0.476425 487000 22865.5 1070190
QsTs 0.476425 487000 22865.5 1070190
Th6c 0.469712 489963 12718.5 1070190
Ts6c 0.469712 489963 12718.5 1070190
Td6c 0.469712 489963 12718.5 1070190
Qd4c 0.469282 489342 12879 1070190
Qs4c 0.469282 489342 12879 1070190
Qh4c 0.469282 489342 12879 1070190
8s3s 0.467273 467932 32139 1070190
8d3d 0.467273 467932 32139 1070190
8h3d 0.467273 467932 32139 1070190
8d3h 0.467273 467932 32139 1070190
8s3d 0.467273 467932 32139 1070190
8d3s 0.467273 467932 32139 1070190
8h3s 0.467273 467932 32139 1070190
8h3h 0.467273 467932 32139 1070190
8s3h 0.467273 467932 32139 1070190
Ks2c 0.463886 470835 25611 1070190
Kd2c 0.463886 470835 25611 1070190
Kh2c 0.463886 470835 25611 1070190
5h5d 0.461823 478182 16056 1070190
5s5h 0.461823 478182 16056 1070190
5s5d 0.461823 478182 16056 1070190
8c6d 0.460458 476504 16273.5 1070190
8c6h 0.460458 476504 16273.5 1070190
8c6s 0.460458 476504 16273.5 1070190
7h3d 0.457819 457640 32313 1070190
7h3h 0.457819 457640 32313 1070190
7d3s 0.457819 457640 32313 1070190
7s3d 0.457819 457640 32313 1070190
7h3s 0.457819 457640 32313 1070190
7s3s 0.457819 457640 32313 1070190
7s3h 0.457819 457640 32313 1070190
7d3d 0.457819 457640 32313 1070190
7d3h 0.457819 457640 32313 1070190
8c5s 0.457259 472361 16993.5 1070190
8c5d 0.457259 472361 16993.5 1070190
8c5h 0.457259 472361 16993.5 1070190
Th5c 0.4541 472520 13453.5 1070190
Td5c 0.4541 472520 13453.5 1070190
Ts5c 0.4541 472520 13453.5 1070190
KhQh 0.453765 464811 20804 1070190
KhQd 0.453765 464811 20804 1070190
KsQh 0.453765 464811 20804 1070190
KhQs 0.453765 464811 20804 1070190
KsQd 0.453765 464811 20804 1070190
KdQd 0.453765 464811 20804 1070190
KsQs 0.453765 464811 20804 1070190
KdQh 0.453765 464811 20804 1070190
KdQs 0.453765 464811 20804 1070190
6h3s 0.449735 449247 32055 1070190
6h3h 0.449735 449247 32055 1070190
6d3d 0.449735 449247 32055 1070190
6d3h 0.449735 449247 32055 1070190
6s3d 0.449735 449247 32055 1070190
6s3h 0.449735 449247 32055 1070190
6d3s 0.449735 449247 32055 1070190
6h3d 0.449735 449247 32055 1070190
6s3s 0.449735 449247 32055 1070190
5s3s 0.44928 448701 32113.5 1070190
5s3h 0.44928 448701 32113.5 1070190
5s3d 0.44928 448701 32113.5 1070190
5h3s 0.44928 448701 32113.5 1070190
5d3d 0.44928 448701 32113.5 1070190
5d3h 0.44928 448701 32113.5 1070190
5h3h 0.44928 448701 32113.5 1070190
5d3s 0.44928 448701 32113.5 1070190
5h3d 0.44928 448701 32113.5 1070190
4h3s 0.448547 447966 32064 1070190
4d3d 0.448547 447966 32064 1070190
4s3s 0.448547 447966 32064 1070190
4s3h 0.448547 447966 32064 1070190
4d3h 0.448547 447966 32064 1070190
4d3s 0.448547 447966 32064 1070190
4h3d 0.448547 447966 32064 1070190
4s3d 0.448547 447966 32064 1070190
4h3h 0.448547 447966 32064 1070190
8c4d 0.447577 461477 17515.5 1070190
8c4h 0.447577 461477 17515.5 1070190
8c4s 0.447577 461477 17515.5 1070190
4s4d 0.446084 461370 16024.5 1070190
4s4h 0.446084 461370 16024.5 1070190
4h4d 0.446084 461370 16024.5 1070190
KdTd 0.444978 453489 22722.5 1070190
KsTd 0.444978 453489 22722.5 1070190
KsTh 0.444978 453489 22722.5 1070190
KdTs 0.444978 453489 22722.5 1070190
KdTh 0.444978 453489 22722.5 1070190
KhTd 0.444978 453489 22722.5 1070190
KsTs 0.444978 453489 22722.5 1070190
KhTs 0.444978 453489 22722.5 1070190
KhTh 0.444978 453489 22722.5 1070190
8c2h 0.44109 454598 17452.5 1070190
8c2d 0.44109 454598 17452.5 1070190
8c2s 0.44109 454598 17452.5 1070190
Td4c 0.439889 456894 13870.5 1070190
Ts4c 0.439889 456894 13870.5 1070190
Th4c 0.439889 456894 13870.5 1070190
8d6c 0.437202 452112 15777 1070190
8s6c 0.437202 452112 15777 1070190
8h6c 0.437202 452112 15777 1070190
Qs2c 0.436451 441552 25533 1070190
Qd2c 0.436451 441552 25533 1070190
Qh2c 0.436451 441552 25533 1070190
3d2d 0.436082 434715 31975.5 1070190
3s2h 0.436082 434715 31975.5 1070190
3s2d 0.436082 434715 31975.5 1070190
3s2s 0.436082 434715 31975.5 1070190
3d2s 0.436082 434715 31975.5 1070190
3h2s 0.436082 434715 31975.5 1070190
3h2h 0.436082 434715 31975.5 1070190
3d2h 0.436082 434715 31975.5 1070190
3h2d 0.436082 434715 31975.5 1070190
7c6h 0.433089 447970 15517.5 1070190
7c6d 0.433089 447970 15517.5 1070190
7c6s 0.433089 447970 15517.5 1070190
AhQh 0.432707 442418 20661 1070190
AsQs 0.432707 442418 20661 1070190
AhQd 0.432707 442418 20661 1070190
AdQh 0.432707 442418 20661 1070190
AdQs 0.432707 442418 20661 1070190
AhQs 0.432707 442418 20661 1070190
AsQd 0.432707 442418 20661 1070190
AsQh 0.432707 442418 20661 1070190
AdQd 0.432707 442418 20661 1070190
AdKd 0.431259 441500 20029.5 1070190
AsKs 0.431259 441500 20029.5 1070190
AhKd 0.431259 441500 20029.5 1070190
AhKh 0.431259 441500 20029.5 1070190
AsKh 0.431259 441500 20029.5 1070190
AhKs 0.431259 441500 20029.5 1070190
AsKd 0.431259 441500 20029.5 1070190
AdKh 0.431259 441500 20029.5 1070190
AdKs 0.431259 441500 20029.5 1070190
7c5s 0.42989 443827 16237.5 1070190
7c5h 0.42989 443827 16237.5 1070190
7c5d 0.42989 443827 16237.5 1070190
Td8s 0.426934 428740 28160.5 1070190
Ts8s 0.426934 428740 28160.5 1070190
Th8d 0.426934 428740 28160.5 1070190
Ts8h 0.426934 428740 28160.5 1070190
Td8h 0.426934 428740 28160.5 1070190
Td8d 0.426934 428740 28160.5 1070190
Th8h 0.426934 428740 28160.5 1070190
Ts8d 0.426934 428740 28160.5 1070190
Th8s 0.426934 428740 28160.5 1070190
AsTh 0.423783 430247 23281.5 1070190
AhTh 0.423783 430247 23281.5 1070190
AhTd 0.423783 430247 23281.5 1070190
AsTs 0.423783 430247 23281.5 1070190
AhTs 0.423783 430247 23281.5 1070190
AsTd 0.423783 430247 23281.5 1070190
AdTd 0.423783 430247 23281.5 1070190
AdTs 0.423783 430247 23281.5 1070190
AdTh 0.423783 430247 23281.5 1070190
7s6c 0.421694 436125 15168 1070190
7d6c 0.421694 436125 15168 1070190
7h6c 0.421694 436125 15168 1070190
8d5c 0.421682 434867 16413 1070190
8s5c 0.421682 434867 16413 1070190
8h5c 0.421682 434867 16413 1070190
7c4d 0.420376 433177 16705.5 1070190
7c4s 0.420376 433177 16705.5 1070190
7c4h 0.420376 433177 16705.5 1070190
Td2c 0.407095 409185 26484 1070190
Th2c 0.407095 409185 26484 1070190
Ts2c 0.407095 409185 26484 1070190
6c5s 0.406474 420264 14740.5 1070190
6c5h 0.406474 420264 14740.5 1070190
6c5d 0.406474 420264 14740.5 1070190
7c2s 0.406296 418171 16642.5 1070190
7c2d 0.406296 418171 16642.5 1070190
7c2h 0.406296 418171 16642.5 1070190
7d5c 0.406175 418880 15804 1070190
7h5c 0.406175 418880 15804 1070190
7s5c 0.406175 418880 15804 1070190
8d4c 0.400091 411294 16879.5 1070190
8s4c 0.400091 411294 16879.5 1070190
8h4c 0.400091 411294 16879.5 1070190
6c4d 0.398095 410829 15208.5 1070190
6c4h 0.398095 410829 15208.5 1070190
6c4s 0.398095 410829 15208.5 1070190
Ad8s 0.394601 394013 28285.5 1070190
As8s 0.394601 394013 28285.5 1070190
Ad8h 0.394601 394013 28285.5 1070190
Ad8d 0.394601 394013 28285.5 1070190
Ah8d 0.394601 394013 28285.5 1070190
Ah8h 0.394601 394013 28285.5 1070190
Ah8s 0.394601 394013 28285.5 1070190
As8h 0.394601 394013 28285.5 1070190
As8d 0.394601 394013 28285.5 1070190
6s5c 0.394461 407687 14461.5 1070190
6h5c 0.394461 407687 14461.5 1070190
6d5c 0.394461 407687 14461.5 1070190
7d4c 0.384764 395550 16221 1070190
7h4c 0.384764 395550 16221 1070190
7s4c 0.384764 395550 16221 1070190
6c2d 0.384132 395949 15145.5 1070190
6c2s 0.384132 395949 15145.5 1070190
6c2h 0.384132 395949 15145.5 1070190
5c4s 0.383429 396737 13605 1070190
5c4h 0.383429 396737 13605 1070190
5c4d 0.383429 396737 13605 1070190
Qd8h 0.383304 383553 26655.5 1070190
Qd8s 0.383304 383553 26655.5 1070190
Qh8h 0.383304 383553 26655.5 1070190
Qh8s 0.383304 383553 26655.5 1070190
Qh8d 0.383304 383553 26655.5 1070190
Qd8d 0.383304 383553 26655.5 1070190
Qs8d 0.383304 383553 26655.5 1070190
Qs8s 0.383304 383553 26655.5 1070190
Qs8h 0.383304 383553 26655.5 1070190
Ah7s 0.380371 378005 29064 1070190
Ad7h 0.380371 378005 29064 1070190
Ah7h 0.380371 378005 29064 1070190
As7s 0.380371 378005 29064 1070190
Ah7d 0.380371 378005 29064 1070190
Ad7s 0.380371 378005 29064 1070190
Ad7d 0.380371 378005 29064 1070190
As7d 0.380371 378005 29064 1070190
As7h 0.380371 378005 29064 1070190
6h4c 0.374195 385581 14878.5 1070190
6s4c 0.374195 385581 14878.5 1070190
6d4c 0.374195 385581 14878.5 1070190
5s4c 0.371858 384525 13434 1070190
5d4c 0.371858 384525 13434 1070190
5h4c 0.371858 384525 13434 1070190
Ad5d 0.371636 366851 30870 1070190
Ad5h 0.371636 366851 30870 1070190
Ad5s 0.371636 366851 30870 1070190
Ah5d 0.371636 366851 30870 1070190
As5s 0.371636 366851 30870 1070190
Ah5s 0.371636 366851 30870 1070190
Ah5h 0.371636 366851 30870 1070190
As5h 0.371636 366851 30870 1070190
As5d 0.371636 366851 30870 1070190
5c2s 0.369466 381857 13542 1070190
5c2h 0.369466 381857 13542 1070190
5c2d 0.369466 381857 13542 1070190
Ah4d 0.368583 363029 31425 1070190
Ah4s 0.368583 363029 31425 1070190
Ad4s 0.368583 363029 31425 1070190
Ad4h 0.368583 363029 31425 1070190
Ad4d 0.368583 363029 31425 1070190
Ah4h 0.368583 363029 31425 1070190
As4d 0.368583 363029 31425 1070190
As4h 0.368583 363029 31425 1070190
As4s 0.368583 363029 31425 1070190
Ah6d 0.367397 363290 29895 1070190
Ah6s 0.367397 363290 29895 1070190
As6s 0.367397 363290 29895 1070190
Ad6s 0.367397 363290 29895 1070190
Ad6h 0.367397 363290 29895 1070190
Ad6d 0.367397 363290 29895 1070190
Ah6h 0.367397 363290 29895 1070190
As6d 0.367397 363290 29895 1070190
As6h 0.367397 363290 29895 1070190
8d2c 0.367335 363666 29452.5 1070190
8s2c 0.367335 363666 29452.5 1070190
8h2c 0.367335 363666 29452.5 1070190
Ad2s 0.358531 352271 31425 1070190
Ah2d 0.358531 352271 31425 1070190
Ad2d 0.358531 352271 31425 1070190
Ah2s 0.358531 352271 31425 1070190
Ad2h 0.358531 352271 31425 1070190
As2d 0.358531 352271 31425 1070190
As2h 0.358531 352271 31425 1070190
Ah2h 0.358531 352271 31425 1070190
As2s 0.358531 352271 31425 1070190
2s2d 0.358389 365517 18027 1070190
2h2d 0.358389 365517 18027 1070190
2s2h 0.358389 365517 18027 1070190
4c2s 0.35105 364200 11490 1070190
4c2d 0.35105 364200 11490 1070190
4c2h 0.35105 364200 11490 1070190
Kh8d 0.349532 346046 28020 1070190
Kd8s 0.349532 346046 28020 1070190
Ks8s 0.349532 346046 28020 1070190
Kd8d 0.349532 346046 28020 1070190
Kh8s 0.349532 346046 28020 1070190
Ks8h 0.349532 346046 28020 1070190
Kd8h 0.349532 346046 28020 1070190
Ks8d 0.349532 346046 28020 1070190
Kh8h 0.349532 346046 28020 1070190
Td7d 0.345678 340866 29075 1070190
Th7d 0.345678 340866 29075 1070190
Th7s 0.345678 340866 29075 1070190
Ts7d 0.345678 340866 29075 1070190
Th7h 0.345678 340866 29075 1070190
Ts7h 0.345678 340866 29075 1070190
Td7h 0.345678 340866 29075 1070190
Ts7s 0.345678 340866 29075 1070190
Td7s 0.345678 340866 29075 1070190
7h2c 0.344381 339759 28794 1070190
7s2c 0.344381 339759 28794 1070190
7d2c 0.344381 339759 28794 1070190
Ks7d 0.342339 337208 29160 1070190
Ks7s 0.342339 337208 29160 1070190
Ks7h 0.342339 337208 29160 1070190
Kh7s 0.342339 337208 29160 1070190
Kh7h 0.342339 337208 29160 1070190
Kh7d 0.342339 337208 29160 1070190
Kd7d 0.342339 337208 29160 1070190
Kd7h 0.342339 337208 29160 1070190
Kd7s 0.342339 337208 29160 1070190
6s2c 0.333946 329934 27451.5 1070190
6h2c 0.333946 329934 27451.5 1070190
6d2c 0.333946 329934 27451.5 1070190
5d2c 0.331609 328878 26007 1070190
5h2c 0.331609 328878 26007 1070190
5s2c 0.331609 328878 26007 1070190
Kh6h 0.329063 322169 29991 1070190
Kh6s 0.329063 322169 29991 1070190
Ks6h 0.329063 322169 29991 1070190
Kh6d 0.329063 322169 29991 1070190
Ks6s 0.329063 322169 29991 1070190
Ks6d 0.329063 322169 29991 1070190
Kd6s 0.329063 322169 29991 1070190
Kd6h 0.329063 322169 29991 1070190
Kd6d 0.329063 322169 29991 1070190
4s2c 0.325072 323763 24126 1070190
4h2c 0.325072 323763 24126 1070190
4d2c 0.325072 323763 24126 1070190
Kh5s 0.324909 316748 30966 1070190
Ks5d 0.324909 316748 30966 1070190
Ks5h 0.324909 316748 30966 1070190
Ks5s 0.324909 316748 30966 1070190
Kd5s 0.324909 316748 30966 1070190
Kd5h 0.324909 316748 30966 1070190
Kd5d 0.324909 316748 30966 1070190
Kh5d 0.324909 316748 30966 1070190
Kh5h 0.324909 316748 30966 1070190
Kh4d 0.321856 312926 31521 1070190
Kh4h 0.321856 312926 31521 1070190
Kh4s 0.321856 312926 31521 1070190
Kd4s 0.321856 312926 31521 1070190
Ks4d 0.321856 312926 31521 1070190
Ks4h 0.321856 312926 31521 1070190
Kd4h 0.321856 312926 31521 1070190
Kd4d 0.321856 312926 31521 1070190
Ks4s 0.321856 312926 31521 1070190
Kd2h 0.311804 302168 31521 1070190
Ks2s 0.311804 302168 31521 1070190
Ks2h 0.311804 302168 31521 1070190
Ks2d 0.311804 302168 31521 1070190
Kd2d 0.311804 302168 31521 1070190
Kd2s 0.311804 302168 31521 1070190
Kh2d 0.311804 302168 31521 1070190
Kh2s 0.311804 302168 31521 1070190
Kh2h 0.311804 302168 31521 1070190
8d7d 0.303199 293283 31197.5 1070190
8h7s 0.303199 293283 31197.5 1070190
8d7h 0.303199 293283 31197.5 1070190
8d7s 0.303199 293283 31197.5 1070190
8h7d 0.303199 293283 31197.5 1070190
8h7h 0.303199 293283 31197.5 1070190
8s7s 0.303199 293283 31197.5 1070190
8s7h 0.303199 293283 31197.5 1070190
8s7d 0.303199 293283 31197.5 1070190
Qh7s 0.301176 293606 28710 1070190
Qh7h 0.301176 293606 28710 1070190
Qh7d 0.301176 293606 28710 1070190
Qd7s 0.301176 293606 28710 1070190
Qd7h 0.301176 293606 28710 1070190
Qd7d 0.301176 293606 28710 1070190
Qs7d 0.301176 293606 28710 1070190
Qs7h 0.301176 293606 28710 1070190
Qs7s 0.301176 293606 28710 1070190
Qs6d 0.295758 286547 29970 1070190
Qs6h 0.295758 286547 29970 1070190
Qd6d 0.295758 286547 29970 1070190
Qd6h 0.295758 286547 29970 1070190
Qd6s 0.295758 286547 29970 1070190
Qh6d 0.295758 286547 29970 1070190
Qh6h 0.295758 286547 29970 1070190
Qh6s 0.295758 286547 29970 1070190
Qs6s 0.295758 286547 29970 1070190
Qs5d 0.291603 281126 30945 1070190
Qs5h 0.291603 281126 30945 1070190
Qh5s 0.291603 281126 30945 1070190
Qh5h 0.291603 281126 30945 1070190
Qh5d 0.291603 281126 30945 1070190
Qd5d 0.291603 281126 30945 1070190
Qs5s 0.291603 281126 30945 1070190
Qd5h 0.291603 281126 30945 1070190
Qd5s 0.291603 281126 30945 1070190
Qs4s 0.288551 277304 31500 1070190
Qs4h 0.288551 277304 31500 1070190
Qs4d 0.288551 277304 31500 1070190
Qh4s 0.288551 277304 31500 1070190
Qh4h 0.288551 277304 31500 1070190
Qh4d 0.288551 277304 31500 1070190
Qd4d 0.288551 277304 31500 1070190
Qd4h 0.288551 277304 31500 1070190
Qd4s 0.288551 277304 31500 1070190
Qh2d 0.278498 266546 31500 1070190
Qs2s 0.278498 266546 31500 1070190
Qs2h 0.278498 266546 31500 1070190
Qs2d 0.278498 266546 31500 1070190
Qd2d 0.278498 266546 31500 1070190
Qd2h 0.278498 266546 31500 1070190
Qd2s 0.278498 266546 31500 1070190
Qh2h 0.278498 266546 31500 1070190
Qh2s 0.278498 266546 31500 1070190
Ts6h 0.258884 246191 30864 1070190
Td6d 0.258884 246191 30864 1070190
Td6h 0.258884 246191 30864 1070190
Td6s 0.258884 246191 30864 1070190
Ts6d 0.258884 246191 30864 1070190
Ts6s 0.258884 246191 30864 1070190
Th6d 0.258884 246191 30864 1070190
Th6h 0.258884 246191 30864 1070190
Th6s 0.258884 246191 30864 1070190
Th5h 0.25473 240770 31839 1070190
Ts5d 0.25473 240770 31839 1070190
Ts5h 0.25473 240770 31839 1070190
Ts5s 0.25473 240770 31839 1070190
Td5d 0.25473 240770 31839 1070190
Td5h 0.25473 240770 31839 1070190
Td5s 0.25473 240770 31839 1070190
Th5d 0.25473 240770 31839 1070190
Th5s 0.25473 240770 31839 1070190
Ts4s 0.251727 237002 32394 1070190
Ts4h 0.251727 237002 32394 1070190
Ts4d 0.251727 237002 32394 1070190
Th4d 0.251727 237002 32394 1070190
Th4h 0.251727 237002 32394 1070190
Td4s 0.251727 237002 32394 1070190
Td4h 0.251727 237002 32394 1070190
Td4d 0.251727 237002 32394 1070190
Th4s 0.251727 237002 32394 1070190
Ts2h 0.241713 226325 32353.5 1070190
Td2d 0.241713 226325 32353.5 1070190
Td2h 0.241713 226325 32353.5 1070190
Td2s 0.241713 226325 32353.5 1070190
Th2d 0.241713 226325 32353.5 1070190
Th2h 0.241713 226325 32353.5 1070190
Th2s 0.241713 226325 32353.5 1070190
Ts2s 0.241713 226325 32353.5 1070190
Ts2d 0.241713 226325 32353.5 1070190
8d6h 0.217652 199007 33922.5 1070190
8h6s 0.217652 199007 33922.5 1070190
8s6s 0.217652 199007 33922.5 1070190
8s6h 0.217652 199007 33922.5 1070190
8s6d 0.217652 199007 33922.5 1070190
8d6s 0.217652 199007 33922.5 1070190
8d6d 0.217652 199007 33922.5 1070190
8h6d 0.217652 199007 33922.5 1070190
8h6h 0.217652 199007 33922.5 1070190
8d5s 0.213624 193856 34762.5 1070190
8d5h 0.213624 193856 34762.5 1070190
8s5d 0.213624 193856 34762.5 1070190
8h5s 0.213624 193856 34762.5 1070190
8h5h 0.213624 193856 34762.5 1070190
8s5h 0.213624 193856 34762.5 1070190
8h5d 0.213624 193856 34762.5 1070190
8s5s 0.213624 193856 34762.5 1070190
8d5d 0.213624 193856 34762.5 1070190
8h4s 0.200047 178703 35385 1070190
8d4h 0.200047 178703 35385 1070190
8h4d 0.200047 178703 35385 1070190
8h4h 0.200047 178703 35385 1070190
8s4s 0.200047 178703 35385 1070190
8s4h 0.200047 178703 35385 1070190
8s4d 0.200047 178703 35385 1070190
8d4s 0.200047 178703 35385 1070190
8d4d 0.200047 178703 35385 1070190
7d6d 0.198425 179306 33046.5 1070190
7s6s 0.198425 179306 33046.5 1070190
7d6h 0.198425 179306 33046.5 1070190
7h6d 0.198425 179306 33046.5 1070190
7d6s 0.198425 179306 33046.5 1070190
7s6d 0.198425 179306 33046.5 1070190
7h6h 0.198425 179306 33046.5 1070190
7s6h 0.198425 179306 33046.5 1070190
7h6s 0.198425 179306 33046.5 1070190
7s5h 0.194397 174155 33886.5 1070190
7d5d 0.194397 174155 33886.5 1070190
7d5h 0.194397 174155 33886.5 1070190
7d5s 0.194397 174155 33886.5 1070190
7s5s 0.194397 174155 33886.5 1070190
7s5d 0.194397 174155 33886.5 1070190
7h5d 0.194397 174155 33886.5 1070190
7h5h 0.194397 174155 33886.5 1070190
7h5s 0.194397 174155 33886.5 1070190
8d2d 0.19007 168107 35304 1070190
8d2s 0.19007 168107 35304 1070190
8s2s 0.19007 168107 35304 1070190
8d2h 0.19007 168107 35304 1070190
8s2h 0.19007 168107 35304 1070190
8s2d 0.19007 168107 35304 1070190
8h2s 0.19007 168107 35304 1070190
8h2h 0.19007 168107 35304 1070190
8h2d 0.19007 168107 35304 1070190
7h4h 0.181059 159326 34441.5 1070190
7s4d 0.181059 159326 34441.5 1070190
7h4d 0.181059 159326 34441.5 1070190
7d4s 0.181059 159326 34441.5 1070190
7d4h 0.181059 159326 34441.5 1070190
7d4d 0.181059 159326 34441.5 1070190
7s4h 0.181059 159326 34441.5 1070190
7s4s 0.181059 159326 34441.5 1070190
7h4s 0.181059 159326 34441.5 1070190
6h5d 0.17997 160508 32094 1070190
6h5h 0.17997 160508 32094 1070190
6h5s 0.17997 160508 32094 1070190
6s5h 0.17997 160508 32094 1070190
6s5d 0.17997 160508 32094 1070190
6d5d 0.17997 160508 32094 1070190
6s5s 0.17997 160508 32094 1070190
6d5h 0.17997 160508 32094 1070190
6d5s 0.17997 160508 32094 1070190
6d4d 0.168255 147416 32649 1070190
6s4h 0.168255 147416 32649 1070190
6d4h 0.168255 147416 32649 1070190
6h4s 0.168255 147416 32649 1070190
6h4h 0.168255 147416 32649 1070190
6h4d 0.168255 147416 32649 1070190
6d4s 0.168255 147416 32649 1070190
6s4d 0.168255 147416 32649 1070190
6s4s 0.168255 147416 32649 1070190
5s4d 0.166641 147563 30774 1070190
5d4d 0.166641 147563 30774 1070190
5d4h 0.166641 147563 30774 1070190
5d4s 0.166641 147563 30774 1070190
5h4d 0.166641 147563 30774 1070190
5h4h 0.166641 147563 30774 1070190
5h4s 0.166641 147563 30774 1070190
5s4s 0.166641 147563 30774 1070190
5s4h 0.166641 147563 30774 1070190
7s2s 0.160192 137075 34360.5 1070190
7s2h 0.160192 137075 34360.5 1070190
7s2d 0.160192 137075 34360.5 1070190
7h2d 0.160192 137075 34360.5 1070190
7h2s 0.160192 137075 34360.5 1070190
7d2d 0.160192 137075 34360.5 1070190
7d2h 0.160192 137075 34360.5 1070190
7h2h 0.160192 137075 34360.5 1070190
7d2s 0.160192 137075 34360.5 1070190
6s2d 0.147564 125354 32568 1070190
6h2d 0.147564 125354 32568 1070190
6h2h 0.147564 125354 32568 1070190
6h2s 0.147564 125354 32568 1070190
6s2h 0.147564 125354 32568 1070190
6s2s 0.147564 125354 32568 1070190
6d2d 0.147564 125354 32568 1070190
6d2h 0.147564 125354 32568 1070190
6d2s 0.147564 125354 32568 1070190
5d2h 0.14595 125501 30693 1070190
5h2h 0.14595 125501 30693 1070190
5h2s 0.14595 125501 30693 1070190
5s2d 0.14595 125501 30693 1070190
5s2h 0.14595 125501 30693 1070190
5s2s 0.14595 125501 30693 1070190
5h2d 0.14595 125501 30693 1070190
5d2s 0.14595 125501 30693 1070190
5d2d 0.14595 125501 30693 1070190
4h2d 0.137868 119282 28263 1070190
4s2s 0.137868 119282 28263 1070190
4s2h 0.137868 119282 28263 1070190
4s2d 0.137868 119282 28263 1070190
4h2s 0.137868 119282 28263 1070190
4h2h 0.137868 119282 28263 1070190
4d2d 0.137868 119282 28263 1070190
4d2h 0.137868 119282 28263 1070190
4d2s 0.137868 119282 28263 1070190
