AcTc 0.982968 1051962 0 1070190
AcKc 0.982844 1051830 0 1070190
Ac9c 0.982654 1051626 0 1070190
Ac8c 0.982448 1051406 0 1070190
Ac6c 0.982218 1051160 0 1070190
Ac5c 0.982218 1051160 0 1070190
Ac4c 0.982218 1051160 0 1070190
Ac7c 0.982213 1051154 0 1070190
Ac2c 0.982213 1051154 0 1070190
KcTc 0.968197 1036155 0 1070190
Kc9c 0.96788 1035816 0 1070190
Kc8c 0.965757 1033544 0 1070190
Kc5c 0.965569 1033342 0 1070190
Kc4c 0.965569 1033342 0 1070190
Kc6c 0.965566 1033339 0 1070190
Kc2c 0.965563 1033336 0 1070190
Kc7c 0.96556 1033333 0 1070190
Tc9c 0.955803 1022891 0 1070190
Tc8c 0.95368 1020619 0 1070190
Tc5c 0.949843 1016513 0 1070190
Tc4c 0.949843 1016513 0 1070190
Tc6c 0.949841 1016510 0 1070190
Tc2c 0.949838 1016507 0 1070190
Tc7c 0.949835 1016504 0 1070190
9c8c 0.938473 1004344 0 1070190
9c4c 0.934717 1000325 0 1070190
9c5c 0.934717 1000325 0 1070190
9c6c 0.934714 1000322 0 1070190
9c2c 0.934712 1000319 0 1070190
9c7c 0.934709 1000316 0 1070190
8c5c 0.920518 985129 0 1070190
8c4c 0.920518 985129 0 1070190
8c6c 0.920515 985126 0 1070190
8c2c 0.920512 985123 0 1070190
8c7c 0.920509 985120 0 1070190
7c4c 0.90744 971133 0 1070190
7c5c 0.90744 971133 0 1070190
7c6c 0.907437 971130 0 1070190
7c2c 0.907244 970923 0 1070190
6c5c 0.895363 958209 0 1070190
6c4c 0.895363 958209 0 1070190
6c2c 0.895167 957999 0 1070190
AdAc 0.894948 957062 702 1070190
AsAc 0.894948 957062 702 1070190
AhAc 0.894948 957062 702 1070190
AcQs 0.89126 950903 2914.5 1070190
AcQh 0.89126 950903 2914.5 1070190
AcQd 0.89126 950903 2914.5 1070190
5c4c 0.884211 946274 0 1070190
5c2c 0.884015 946064 0 1070190
KcQs 0.875797 933252 4017 1070190
KcQd 0.875797 933252 4017 1070190
KcQh 0.875797 933252 4017 1070190
KsKc 0.875018 935382 1053 1070190
KdKc 0.875018 935382 1053 1070190
KhKc 0.875018 935382 1053 1070190
4c2c 0.873556 934871 0 1070190
AcJd 0.851225 907757 3216 1070190
AcJh 0.851225 907757 3216 1070190
AcJs 0.851225 907757 3216 1070190
QdTc 0.849234 901046 7795.5 1070190
QhTc 0.849234 901046 7795.5 1070190
QsTc 0.849234 901046 7795.5 1070190
KcJs 0.836242 890619 4318.5 1070190
KcJh 0.836242 890619 4318.5 1070190
KcJd 0.836242 890619 4318.5 1070190
QhQd 0.834048 876939 15651 1070190
QsQh 0.834048 876939 15651 1070190
QsQd 0.834048 876939 15651 1070190
Qh9c 0.829565 879812 7980 1070190
Qd9c 0.829565 879812 7980 1070190
Qs9c 0.829565 879812 7980 1070190
JhJd 0.829253 871743 15715.5 1070190
JsJh 0.829253 871743 15715.5 1070190
JsJd 0.829253 871743 15715.5 1070190
3s3h 0.820259 862062 15771 1070190
3s3d 0.820259 862062 15771 1070190
3h3d 0.820259 862062 15771 1070190
Qs8c 0.811133 859788 8278.5 1070190
Qh8c 0.811133 859788 8278.5 1070190
Qd8c 0.811133 859788 8278.5 1070190
JsTc 0.808577 857567 7764 1070190
JhTc 0.808577 857567 7764 1070190
JdTc 0.808577 857567 7764 1070190
Qh7c 0.793614 840609 8709 1070190
Qs7c 0.793614 840609 8709 1070190
Qd7c 0.793614 840609 8709 1070190
Jd9c 0.788328 835712 7948.5 1070190
Jh9c 0.788328 835712 7948.5 1070190
Js9c 0.788328 835712 7948.5 1070190
Qs6c 0.779065 824337 9411 1070190
Qd6c 0.779065 824337 9411 1070190
Qh6c 0.779065 824337 9411 1070190
QdJs 0.774366 810600 18119 1070190
QsJd 0.774366 810600 18119 1070190
QsJh 0.774366 810600 18119 1070190
QsJs 0.774366 810600 18119 1070190
QhJs 0.774366 810600 18119 1070190
QdJd 0.774366 810600 18119 1070190
QdJh 0.774366 810600 18119 1070190
QhJh 0.774366 810600 18119 1070190
QhJd 0.774366 810600 18119 1070190
Jh8c 0.769417 815175 8247 1070190
Jd8c 0.769417 815175 8247 1070190
Js8c 0.769417 815175 8247 1070190
Qh5c 0.765354 809117 9957 1070190
Qs5c 0.765354 809117 9957 1070190
Qd5c 0.765354 809117 9957 1070190
ThTc 0.758043 809567 1683 1070190
TdTc 0.758043 809567 1683 1070190
TsTc 0.758043 809567 1683 1070190
Qh3h 0.756546 788067 21581 1070190
Qh3d 0.756546 788067 21581 1070190
Qh3s 0.756546 788067 21581 1070190
Qd3s 0.756546 788067 21581 1070190
Qd3h 0.756546 788067 21581 1070190
Qd3d 0.756546 788067 21581 1070190
Qs3s 0.756546 788067 21581 1070190
Qs3h 0.756546 788067 21581 1070190
Qs3d 0.756546 788067 21581 1070190
Qs4c 0.752538 795084 10275 1070190
Qh4c 0.752538 795084 10275 1070190
Qd4c 0.752538 795084 10275 1070190
Jh7c 0.751519 795591 8677.5 1070190
Jd7c 0.751519 795591 8677.5 1070190
Js7c 0.751519 795591 8677.5 1070190
Ac3d 0.743173 791360 3976.5 1070190
Ac3h 0.743173 791360 3976.5 1070190
Ac3s 0.743173 791360 3976.5 1070190
AcKh 0.739068 785831 5112 1070190
AcKs 0.739068 785831 5112 1070190
AcKd 0.739068 785831 5112 1070190
Jh3d 0.737569 767679 21660.5 1070190
Js3d 0.737569 767679 21660.5 1070190
Js3h 0.737569 767679 21660.5 1070190
Jh3s 0.737569 767679 21660.5 1070190
Jh3h 0.737569 767679 21660.5 1070190
Jd3h 0.737569 767679 21660.5 1070190
Jd3d 0.737569 767679 21660.5 1070190
Js3s 0.737569 767679 21660.5 1070190
Jd3s 0.737569 767679 21660.5 1070190
Js6c 0.736971 779319 9379.5 1070190
Jh6c 0.736971 779319 9379.5 1070190
Jd6c 0.736971 779319 9379.5 1070190
Kc3s 0.72877 774924 4998 1070190
Kc3h 0.72877 774924 4998 1070190
Kc3d 0.72877 774924 4998 1070190
Qd2c 0.728066 755988 23181 1070190
Qh2c 0.728066 755988 23181 1070190
Qs2c 0.728066 755988 23181 1070190
9h9c 0.727684 777500 1260 1070190
9d9c 0.727684 777500 1260 1070190
9s9c 0.727684 777500 1260 1070190
AhKc 0.725047 770934 5004 1070190
AdKc 0.725047 770934 5004 1070190
AsKc 0.725047 770934 5004 1070190
AcTs 0.723489 764423 9847.5 1070190
AcTh 0.723489 764423 9847.5 1070190
AcTd 0.723489 764423 9847.5 1070190
Js5c 0.723259 764099 9925.5 1070190
Jd5c 0.723259 764099 9925.5 1070190
Jh5c 0.723259 764099 9925.5 1070190
KcTs 0.719903 760833 9600 1070190
KcTd 0.719903 760833 9600 1070190
KcTh 0.719903 760833 9600 1070190
AsAd 0.714395 748121 16417.5 1070190
AsAh 0.714395 748121 16417.5 1070190
AhAd 0.714395 748121 16417.5 1070190
Jd4c 0.710443 750066 10243.5 1070190
Js4c 0.710443 750066 10243.5 1070190
Jh4c 0.710443 750066 10243.5 1070190
AsQh 0.707391 737693 19350 1070190
AsQs 0.707391 737693 19350 1070190
AdQh 0.707391 737693 19350 1070190
AdQs 0.707391 737693 19350 1070190
AhQd 0.707391 737693 19350 1070190
AhQh 0.707391 737693 19350 1070190
AhQs 0.707391 737693 19350 1070190
AdQd 0.707391 737693 19350 1070190
AsQd 0.707391 737693 19350 1070190
KhKd 0.707095 739897 16828.5 1070190
KsKh 0.707095 739897 16828.5 1070190
KsKd 0.707095 739897 16828.5 1070190
KdQs 0.706077 734890 20746.5 1070190
KsQd 0.706077 734890 20746.5 1070190
KdQd 0.706077 734890 20746.5 1070190
KsQh 0.706077 734890 20746.5 1070190
KsQs 0.706077 734890 20746.5 1070190
KhQs 0.706077 734890 20746.5 1070190
KhQh 0.706077 734890 20746.5 1070190
KhQd 0.706077 734890 20746.5 1070190
KdQh 0.706077 734890 20746.5 1070190
Tc3h 0.702603 738827 13092 1070190
Tc3s 0.702603 738827 13092 1070190
Tc3d 0.702603 738827 13092 1070190
KhTc 0.702204 742607 8884.5 1070190
KdTc 0.702204 742607 8884.5 1070190
KsTc 0.702204 742607 8884.5 1070190
8h8c 0.697746 745848 873 1070190
8d8c 0.697746 745848 873 1070190
8s8c 0.697746 745848 873 1070190
AhTc 0.691376 730790 9114 1070190
AsTc 0.691376 730790 9114 1070190
AdTc 0.691376 730790 9114 1070190
QhTh 0.68958 712179 25803 1070190
QhTd 0.68958 712179 25803 1070190
QdTd 0.68958 712179 25803 1070190
QsTs 0.68958 712179 25803 1070190
QsTd 0.68958 712179 25803 1070190
QhTs 0.68958 712179 25803 1070190
QsTh 0.68958 712179 25803 1070190
QdTh 0.68958 712179 25803 1070190
QdTs 0.68958 712179 25803 1070190
Jd2c 0.685971 710970 23149.5 1070190
Jh2c 0.685971 710970 23149.5 1070190
Js2c 0.685971 710970 23149.5 1070190
9c3h 0.68169 715937 13600.5 1070190
9c3d 0.68169 715937 13600.5 1070190
9c3s 0.68169 715937 13600.5 1070190
Qs9s 0.678545 700030 26142 1070190
Qs9d 0.678545 700030 26142 1070190
Qd9s 0.678545 700030 26142 1070190
Qh9d 0.678545 700030 26142 1070190
Qh9h 0.678545 700030 26142 1070190
Qd9h 0.678545 700030 26142 1070190
Qd9d 0.678545 700030 26142 1070190
Qh9s 0.678545 700030 26142 1070190
Qs9h 0.678545 700030 26142 1070190
Ac9d 0.669441 704768 11661 1070190
Ac9s 0.669441 704768 11661 1070190
Ac9h 0.669441 704768 11661 1070190
Qs8d 0.669064 689375 26650.5 1070190
Qd8s 0.669064 689375 26650.5 1070190
Qd8h 0.669064 689375 26650.5 1070190
Qd8d 0.669064 689375 26650.5 1070190
Qh8d 0.669064 689375 26650.5 1070190
Qh8h 0.669064 689375 26650.5 1070190
Qh8s 0.669064 689375 26650.5 1070190
Qs8h 0.669064 689375 26650.5 1070190
Qs8s 0.669064 689375 26650.5 1070190
7d7c 0.6682 714615 486 1070190
7h7c 0.6682 714615 486 1070190
7s7c 0.6682 714615 486 1070190
Kc9d 0.66641 702636 10549.5 1070190
Kc9s 0.66641 702636 10549.5 1070190
Kc9h 0.66641 702636 10549.5 1070190
Ac8s 0.662758 696626 12651 1070190
Ac8h 0.662758 696626 12651 1070190
Ac8d 0.662758 696626 12651 1070190
8c3s 0.66224 694812 13911 1070190
8c3h 0.66224 694812 13911 1070190
8c3d 0.66224 694812 13911 1070190
Qs7h 0.660671 679674 27369 1070190
Qs7s 0.660671 679674 27369 1070190
Qh7s 0.660671 679674 27369 1070190
Qh7h 0.660671 679674 27369 1070190
Qh7d 0.660671 679674 27369 1070190
Qs7d 0.660671 679674 27369 1070190
Qd7d 0.660671 679674 27369 1070190
Qd7h 0.660671 679674 27369 1070190
Qd7s 0.660671 679674 27369 1070190
Tc9h 0.658074 689081 15183 1070190
Tc9d 0.658074 689081 15183 1070190
Tc9s 0.658074 689081 15183 1070190
Qs6d 0.657674 675438 28398 1070190
Qs6h 0.657674 675438 28398 1070190
Qs6s 0.657674 675438 28398 1070190
Qh6s 0.657674 675438 28398 1070190
Qh6h 0.657674 675438 28398 1070190
Qh6d 0.657674 675438 28398 1070190
Qd6d 0.657674 675438 28398 1070190
Qd6s 0.657674 675438 28398 1070190
Qd6h 0.657674 675438 28398 1070190
Qd5s 0.655501 672306 29205 1070190
Qs5h 0.655501 672306 29205 1070190
Qd5h 0.655501 672306 29205 1070190
Qd5d 0.655501 672306 29205 1070190
Qh5d 0.655501 672306 29205 1070190
Qh5h 0.655501 672306 29205 1070190
Qh5s 0.655501 672306 29205 1070190
Qs5d 0.655501 672306 29205 1070190
Qs5s 0.655501 672306 29205 1070190
Qd4s 0.654052 670278 29682 1070190
Qs4s 0.654052 670278 29682 1070190
Qh4s 0.654052 670278 29682 1070190
Qd4h 0.654052 670278 29682 1070190
Qd4d 0.654052 670278 29682 1070190
Qh4d 0.654052 670278 29682 1070190
Qh4h 0.654052 670278 29682 1070190
Qs4d 0.654052 670278 29682 1070190
Qs4h 0.654052 670278 29682 1070190
Qd2d 0.652592 668463 29934 1070190
Qd2s 0.652592 668463 29934 1070190
Qh2h 0.652592 668463 29934 1070190
Qh2s 0.652592 668463 29934 1070190
Qs2s 0.652592 668463 29934 1070190
Qs2h 0.652592 668463 29934 1070190
Qs2d 0.652592 668463 29934 1070190
Qd2h 0.652592 668463 29934 1070190
Qh2d 0.652592 668463 29934 1070190
Ac7d 0.652385 684539 13636.5 1070190
Ac7s 0.652385 684539 13636.5 1070190
Ac7h 0.652385 684539 13636.5 1070190
Ac5s 0.651 681149 15544.5 1070190
Ac5h 0.651 681149 15544.5 1070190
Ac5d 0.651 681149 15544.5 1070190
AsJh 0.649694 675692 19603.5 1070190
AdJs 0.649694 675692 19603.5 1070190
AdJh 0.649694 675692 19603.5 1070190
AdJd 0.649694 675692 19603.5 1070190
AhJs 0.649694 675692 19603.5 1070190
AhJh 0.649694 675692 19603.5 1070190
AhJd 0.649694 675692 19603.5 1070190
AsJd 0.649694 675692 19603.5 1070190
AsJs 0.649694 675692 19603.5 1070190
KsJh 0.649094 673654 21000 1070190
KsJs 0.649094 673654 21000 1070190
KhJd 0.649094 673654 21000 1070190
KhJh 0.649094 673654 21000 1070190
KsJd 0.649094 673654 21000 1070190
KhJs 0.649094 673654 21000 1070190
KdJs 0.649094 673654 21000 1070190
KdJh 0.649094 673654 21000 1070190
KdJd 0.649094 673654 21000 1070190
Ac4d 0.648869 678401 16012.5 1070190
Ac4h 0.648869 678401 16012.5 1070190
Ac4s 0.648869 678401 16012.5 1070190
Ac6s 0.648463 679262 14716.5 1070190
Ac6h 0.648463 679262 14716.5 1070190
Ac6d 0.648463 679262 14716.5 1070190
Ts9c 0.646325 676802 14889 1070190
Th9c 0.646325 676802 14889 1070190
Td9c 0.646325 676802 14889 1070190
6d6c 0.644602 689397 450 1070190
6h6c 0.644602 689397 450 1070190
6s6c 0.644602 689397 450 1070190
7c3s 0.644276 675600 13897.5 1070190
7c3h 0.644276 675600 13897.5 1070190
7c3d 0.644276 675600 13897.5 1070190
Ac2s 0.642324 671396 16012.5 1070190
Ac2h 0.642324 671396 16012.5 1070190
Ac2d 0.642324 671396 16012.5 1070190
Kh9c 0.636811 671891 9618 1070190
Kd9c 0.636811 671891 9618 1070190
Ks9c 0.636811 671891 9618 1070190
JhTh 0.631616 650196 25753.5 1070190
JhTs 0.631616 650196 25753.5 1070190
JsTd 0.631616 650196 25753.5 1070190
JdTd 0.631616 650196 25753.5 1070190
JsTh 0.631616 650196 25753.5 1070190
JhTd 0.631616 650196 25753.5 1070190
JdTh 0.631616 650196 25753.5 1070190
JsTs 0.631616 650196 25753.5 1070190
JdTs 0.631616 650196 25753.5 1070190
6c3d 0.630946 661173 14059.5 1070190
6c3s 0.630946 661173 14059.5 1070190
6c3h 0.630946 661173 14059.5 1070190
As9c 0.62475 658034 10567.5 1070190
Ah9c 0.62475 658034 10567.5 1070190
Ad9c 0.62475 658034 10567.5 1070190
5h5c 0.621396 664598 414 1070190
5d5c 0.621396 664598 414 1070190
5s5c 0.621396 664598 414 1070190
Js9d 0.619715 637120 26092.5 1070190
Js9h 0.619715 637120 26092.5 1070190
Js9s 0.619715 637120 26092.5 1070190
Jd9d 0.619715 637120 26092.5 1070190
Jd9s 0.619715 637120 26092.5 1070190
Jd9h 0.619715 637120 26092.5 1070190
Jh9s 0.619715 637120 26092.5 1070190
Jh9h 0.619715 637120 26092.5 1070190
Jh9d 0.619715 637120 26092.5 1070190
5c3s 0.618278 647597 14077.5 1070190
5c3h 0.618278 647597 14077.5 1070190
5c3d 0.618278 647597 14077.5 1070190
Kc8s 0.611326 642003 12232.5 1070190
Kc8h 0.611326 642003 12232.5 1070190
Kc8d 0.611326 642003 12232.5 1070190
Jh8d 0.609519 625700 26601 1070190
Js8s 0.609519 625700 26601 1070190
Js8h 0.609519 625700 26601 1070190
Jh8h 0.609519 625700 26601 1070190
Js8d 0.609519 625700 26601 1070190
Jd8s 0.609519 625700 26601 1070190
Jd8h 0.609519 625700 26601 1070190
Jh8s 0.609519 625700 26601 1070190
Jd8d 0.609519 625700 26601 1070190
Ad8c 0.606403 637551 11415 1070190
As8c 0.606403 637551 11415 1070190
Ah8c 0.606403 637551 11415 1070190
4c3h 0.606059 634575 14023.5 1070190
4c3d 0.606059 634575 14023.5 1070190
4c3s 0.606059 634575 14023.5 1070190
Kc7d 0.605852 634920 13456.5 1070190
Kc7h 0.605852 634920 13456.5 1070190
Kc7s 0.605852 634920 13456.5 1070190
Kc6d 0.60193 629643 14536.5 1070190
Kc6h 0.60193 629643 14536.5 1070190
Kc6s 0.60193 629643 14536.5 1070190
Tc8s 0.601845 626705 17383.5 1070190
Tc8h 0.601845 626705 17383.5 1070190
Tc8d 0.601845 626705 17383.5 1070190
Js7d 0.600562 615396 27319.5 1070190
Jh7s 0.600562 615396 27319.5 1070190
Jh7h 0.600562 615396 27319.5 1070190
Js7h 0.600562 615396 27319.5 1070190
Js7s 0.600562 615396 27319.5 1070190
Jh7d 0.600562 615396 27319.5 1070190
Jd7d 0.600562 615396 27319.5 1070190
Jd7h 0.600562 615396 27319.5 1070190
Jd7s 0.600562 615396 27319.5 1070190
Kc5d 0.598631 625284 15364.5 1070190
Kc5h 0.598631 625284 15364.5 1070190
Kc5s 0.598631 625284 15364.5 1070190
4h4c 0.598279 639894 378 1070190
4s4c 0.598279 639894 378 1070190
4d4c 0.598279 639894 378 1070190
Js6d 0.597565 611160 28348.5 1070190
Js6s 0.597565 611160 28348.5 1070190
Js6h 0.597565 611160 28348.5 1070190
Jd6d 0.597565 611160 28348.5 1070190
Jd6h 0.597565 611160 28348.5 1070190
Jd6s 0.597565 611160 28348.5 1070190
Jh6s 0.597565 611160 28348.5 1070190
Jh6h 0.597565 611160 28348.5 1070190
Jh6d 0.597565 611160 28348.5 1070190
Kc4d 0.5965 622536 15832.5 1070190
Kc4h 0.5965 622536 15832.5 1070190
Kc4s 0.5965 622536 15832.5 1070190
Js5h 0.595393 608028 29155.5 1070190
Js5d 0.595393 608028 29155.5 1070190
Jd5d 0.595393 608028 29155.5 1070190
Jd5h 0.595393 608028 29155.5 1070190
Jd5s 0.595393 608028 29155.5 1070190
Jh5s 0.595393 608028 29155.5 1070190
Jh5d 0.595393 608028 29155.5 1070190
Jh5h 0.595393 608028 29155.5 1070190
Js5s 0.595393 608028 29155.5 1070190
Js4s 0.593944 606000 29632.5 1070190
Jh4s 0.593944 606000 29632.5 1070190
Js4d 0.593944 606000 29632.5 1070190
Jd4d 0.593944 606000 29632.5 1070190
Jd4h 0.593944 606000 29632.5 1070190
Jh4h 0.593944 606000 29632.5 1070190
Jd4s 0.593944 606000 29632.5 1070190
Jh4d 0.593944 606000 29632.5 1070190
Js4h 0.593944 606000 29632.5 1070190
Jh2s 0.592483 604185 29884.5 1070190
Jh2h 0.592483 604185 29884.5 1070190
Jd2s 0.592483 604185 29884.5 1070190
Jd2h 0.592483 604185 29884.5 1070190
Jd2d 0.592483 604185 29884.5 1070190
Js2s 0.592483 604185 29884.5 1070190
Js2h 0.592483 604185 29884.5 1070190
Js2d 0.592483 604185 29884.5 1070190
Jh2d 0.592483 604185 29884.5 1070190
Kc2d 0.589955 615531 15832.5 1070190
Kc2h 0.589955 615531 15832.5 1070190
Kc2s 0.589955 615531 15832.5 1070190
As7c 0.584414 613233 12201 1070190
Ad7c 0.584414 613233 12201 1070190
Ah7c 0.584414 613233 12201 1070190
Td8c 0.578412 601986 17025 1070190
Ts8c 0.578412 601986 17025 1070190
Th8c 0.578412 601986 17025 1070190
3s2c 0.573886 587598 26569.5 1070190
3h2c 0.573886 587598 26569.5 1070190
3d2c 0.573886 587598 26569.5 1070190
Kh8c 0.569049 598008 10983 1070190
Ks8c 0.569049 598008 10983 1070190
Kd8c 0.569049 598008 10983 1070190
As6c 0.568015 594729 13155 1070190
Ad6c 0.568015 594729 13155 1070190
Ah6c 0.568015 594729 13155 1070190
TsTh 0.564898 587061 17487 1070190
TsTd 0.564898 587061 17487 1070190
ThTd 0.564898 587061 17487 1070190
Ah5c 0.55818 583469 13890 1070190
Ad5c 0.55818 583469 13890 1070190
As5c 0.55818 583469 13890 1070190
9c8d 0.555763 578234 16537.5 1070190
9c8s 0.555763 578234 16537.5 1070190
9c8h 0.555763 578234 16537.5 1070190
Kd7c 0.551922 578604 12057 1070190
Kh7c 0.551922 578604 12057 1070190
Ks7c 0.551922 578604 12057 1070190
9s8c 0.544172 566127 16240.5 1070190
9h8c 0.544172 566127 16240.5 1070190
9d8c 0.544172 566127 16240.5 1070190
Ah4c 0.544019 567897 14307 1070190
Ad4c 0.544019 567897 14307 1070190
As4c 0.544019 567897 14307 1070190
Tc7d 0.541973 560930 19084.5 1070190
Tc7h 0.541973 560930 19084.5 1070190
Tc7s 0.541973 560930 19084.5 1070190
9h9d 0.540171 561082 17004 1070190
9s9d 0.540171 561082 17004 1070190
9s9h 0.540171 561082 17004 1070190
Tc6h 0.538052 555653 20164.5 1070190
Tc6s 0.538052 555653 20164.5 1070190
Tc6d 0.538052 555653 20164.5 1070190
Kh6c 0.535523 560100 13011 1070190
Kd6c 0.535523 560100 13011 1070190
Ks6c 0.535523 560100 13011 1070190
Tc5s 0.534752 551294 20992.5 1070190
Tc5h 0.534752 551294 20992.5 1070190
Tc5d 0.534752 551294 20992.5 1070190
Tc4h 0.532622 548546 21460.5 1070190
Tc4s 0.532622 548546 21460.5 1070190
Tc4d 0.532622 548546 21460.5 1070190
Tc2s 0.526135 541667 21397.5 1070190
Tc2h 0.526135 541667 21397.5 1070190
Tc2d 0.526135 541667 21397.5 1070190
Kd5c 0.51991 542657 13746 1070190
Ks5c 0.51991 542657 13746 1070190
Kh5c 0.51991 542657 13746 1070190
8h8d 0.515788 535430 16561.5 1070190
8s8d 0.515788 535430 16561.5 1070190
8s8h 0.515788 535430 16561.5 1070190
Ah2c 0.511188 520107 26961 1070190
As2c 0.511188 520107 26961 1070190
Ad2c 0.511188 520107 26961 1070190
2s2c 0.510983 530514 16335 1070190
2h2c 0.510983 530514 16335 1070190
2d2c 0.510983 530514 16335 1070190
Ts7c 0.506583 523710 18430.5 1070190
Th7c 0.506583 523710 18430.5 1070190
Td7c 0.506583 523710 18430.5 1070190
Kh4c 0.505749 527085 14163 1070190
Ks4c 0.505749 527085 14163 1070190
Kd4c 0.505749 527085 14163 1070190
AsKs 0.50254 516765 21048.5 1070190
AhKs 0.50254 516765 21048.5 1070190
AhKh 0.50254 516765 21048.5 1070190
AhKd 0.50254 516765 21048.5 1070190
AdKd 0.50254 516765 21048.5 1070190
AdKh 0.50254 516765 21048.5 1070190
AdKs 0.50254 516765 21048.5 1070190
AsKd 0.50254 516765 21048.5 1070190
AsKh 0.50254 516765 21048.5 1070190
KsTs 0.501552 510820 25936 1070190
KsTd 0.501552 510820 25936 1070190
KhTs 0.501552 510820 25936 1070190
KhTh 0.501552 510820 25936 1070190
KhTd 0.501552 510820 25936 1070190
KsTh 0.501552 510820 25936 1070190
KdTs 0.501552 510820 25936 1070190
KdTh 0.501552 510820 25936 1070190
KdTd 0.501552 510820 25936 1070190
Ks3h 0.500218 513742 21586.5 1070190
Ks3d 0.500218 513742 21586.5 1070190
Kd3d 0.500218 513742 21586.5 1070190
Ks3s 0.500218 513742 21586.5 1070190
Kd3s 0.500218 513742 21586.5 1070190
Kh3d 0.500218 513742 21586.5 1070190
Kh3h 0.500218 513742 21586.5 1070190
Kh3s 0.500218 513742 21586.5 1070190
Kd3h 0.500218 513742 21586.5 1070190
Ah3h 0.499521 514307 20275.5 1070190
Ad3d 0.499521 514307 20275.5 1070190
Ad3h 0.499521 514307 20275.5 1070190
Ad3s 0.499521 514307 20275.5 1070190
Ah3d 0.499521 514307 20275.5 1070190
As3h 0.499521 514307 20275.5 1070190
As3d 0.499521 514307 20275.5 1070190
As3s 0.499521 514307 20275.5 1070190
Ah3s 0.499521 514307 20275.5 1070190
9c7s 0.496705 512231 19338 1070190
9c7h 0.496705 512231 19338 1070190
9c7d 0.496705 512231 19338 1070190
9c6s 0.492784 506954 20418 1070190
9c6h 0.492784 506954 20418 1070190
9c6d 0.492784 506954 20418 1070190
7s7h 0.491711 510105 16119 1070190
7h7d 0.491711 510105 16119 1070190
7s7d 0.491711 510105 16119 1070190
Th6c 0.490184 505206 19384.5 1070190
Ts6c 0.490184 505206 19384.5 1070190
Td6c 0.490184 505206 19384.5 1070190
9c5d 0.489484 502595 21246 1070190
9c5s 0.489484 502595 21246 1070190
9c5h 0.489484 502595 21246 1070190
9c4s 0.487354 499847 21714 1070190
9c4d 0.487354 499847 21714 1070190
9c4h 0.487354 499847 21714 1070190
Ts3d 0.486012 487311 32814 1070190
Th3h 0.486012 487311 32814 1070190
Th3d 0.486012 487311 32814 1070190
Th3s 0.486012 487311 32814 1070190
Ts3s 0.486012 487311 32814 1070190
Td3s 0.486012 487311 32814 1070190
Ts3h 0.486012 487311 32814 1070190
Td3h 0.486012 487311 32814 1070190
Td3d 0.486012 487311 32814 1070190
AsTs 0.482123 489666 26297 1070190
AdTs 0.482123 489666 26297 1070190
AhTd 0.482123 489666 26297 1070190
AsTd 0.482123 489666 26297 1070190
AdTd 0.482123 489666 26297 1070190
AhTs 0.482123 489666 26297 1070190
AsTh 0.482123 489666 26297 1070190
AdTh 0.482123 489666 26297 1070190
AhTh 0.482123 489666 26297 1070190
9c2h 0.480867 492968 21651 1070190
9c2d 0.480867 492968 21651 1070190
9c2s 0.480867 492968 21651 1070190
6s6h 0.476931 494319 16087.5 1070190
6s6d 0.476931 494319 16087.5 1070190
6h6d 0.476931 494319 16087.5 1070190
Ts5c 0.474572 487763 20119.5 1070190
Td5c 0.474572 487763 20119.5 1070190
Th5c 0.474572 487763 20119.5 1070190
9d3h 0.473433 472933 33730.5 1070190
9s3h 0.473433 472933 33730.5 1070190
9d3s 0.473433 472933 33730.5 1070190
9s3d 0.473433 472933 33730.5 1070190
9s3s 0.473433 472933 33730.5 1070190
9d3d 0.473433 472933 33730.5 1070190
9h3s 0.473433 472933 33730.5 1070190
9h3d 0.473433 472933 33730.5 1070190
9h3h 0.473433 472933 33730.5 1070190
9s7c 0.473223 487602 18837 1070190
9h7c 0.473223 487602 18837 1070190
9d7c 0.473223 487602 18837 1070190
Kd2c 0.472918 479295 26817 1070190
Kh2c 0.472918 479295 26817 1070190
Ks2c 0.472918 479295 26817 1070190
8h3d 0.462743 460886 34336.5 1070190
8h3h 0.462743 460886 34336.5 1070190
8h3s 0.462743 460886 34336.5 1070190
8d3d 0.462743 460886 34336.5 1070190
8d3s 0.462743 460886 34336.5 1070190
8d3h 0.462743 460886 34336.5 1070190
8s3d 0.462743 460886 34336.5 1070190
8s3h 0.462743 460886 34336.5 1070190
8s3s 0.462743 460886 34336.5 1070190
5s5h 0.462277 478668 16056 1070190
5s5d 0.462277 478668 16056 1070190
5h5d 0.462277 478668 16056 1070190
Td4c 0.460411 472191 20536.5 1070190
Th4c 0.460411 472191 20536.5 1070190
Ts4c 0.460411 472191 20536.5 1070190
8c7d 0.457157 470151 19093.5 1070190
8c7h 0.457157 470151 19093.5 1070190
8c7s 0.457157 470151 19093.5 1070190
9s6c 0.456824 469098 19791 1070190
9d6c 0.456824 469098 19791 1070190
9h6c 0.456824 469098 19791 1070190
7h3s 0.453978 451386 34456.5 1070190
7h3d 0.453978 451386 34456.5 1070190
7s3d 0.453978 451386 34456.5 1070190
7s3h 0.453978 451386 34456.5 1070190
7s3s 0.453978 451386 34456.5 1070190
7d3s 0.453978 451386 34456.5 1070190
7d3h 0.453978 451386 34456.5 1070190
7d3d 0.453978 451386 34456.5 1070190
7h3h 0.453978 451386 34456.5 1070190
8c6h 0.453235 464874 20173.5 1070190
8c6d 0.453235 464874 20173.5 1070190
8c6s 0.453235 464874 20173.5 1070190
6h3s 0.452992 450057 34731 1070190
6h3h 0.452992 450057 34731 1070190
6h3d 0.452992 450057 34731 1070190
6d3s 0.452992 450057 34731 1070190
6s3d 0.452992 450057 34731 1070190
6d3h 0.452992 450057 34731 1070190
6d3d 0.452992 450057 34731 1070190
6s3h 0.452992 450057 34731 1070190
6s3s 0.452992 450057 34731 1070190
5s3s 0.452537 449511 34789.5 1070190
5d3d 0.452537 449511 34789.5 1070190
5s3d 0.452537 449511 34789.5 1070190
5d3h 0.452537 449511 34789.5 1070190
5d3s 0.452537 449511 34789.5 1070190
5h3s 0.452537 449511 34789.5 1070190
5h3h 0.452537 449511 34789.5 1070190
5s3h 0.452537 449511 34789.5 1070190
5h3d 0.452537 449511 34789.5 1070190
4s3d 0.452107 449100 34740 1070190
4d3d 0.452107 449100 34740 1070190
4d3h 0.452107 449100 34740 1070190
4s3s 0.452107 449100 34740 1070190
4s3h 0.452107 449100 34740 1070190
4h3d 0.452107 449100 34740 1070190
4d3s 0.452107 449100 34740 1070190
4h3s 0.452107 449100 34740 1070190
4h3h 0.452107 449100 34740 1070190
8c5h 0.449936 460515 21001.5 1070190
8c5d 0.449936 460515 21001.5 1070190
8c5s 0.449936 460515 21001.5 1070190
8c4d 0.447805 457767 21469.5 1070190
8c4h 0.447805 457767 21469.5 1070190
8c4s 0.447805 457767 21469.5 1070190
4s4d 0.447143 462504 16024.5 1070190
4s4h 0.447143 462504 16024.5 1070190
4h4d 0.447143 462504 16024.5 1070190
Td9d 0.446167 445276 32207.5 1070190
Th9s 0.446167 445276 32207.5 1070190
Td9h 0.446167 445276 32207.5 1070190
Td9s 0.446167 445276 32207.5 1070190
Ts9h 0.446167 445276 32207.5 1070190
Ts9s 0.446167 445276 32207.5 1070190
Th9h 0.446167 445276 32207.5 1070190
Th9d 0.446167 445276 32207.5 1070190
Ts9d 0.446167 445276 32207.5 1070190
8h7c 0.445537 458088 18721.5 1070190
8d7c 0.445537 458088 18721.5 1070190
8s7c 0.445537 458088 18721.5 1070190
8c2s 0.441318 450888 21406.5 1070190
8c2d 0.441318 450888 21406.5 1070190
8c2h 0.441318 450888 21406.5 1070190
9h5c 0.441212 451655 20526 1070190
9d5c 0.441212 451655 20526 1070190
9s5c 0.441212 451655 20526 1070190
3s2s 0.43965 435849 34660.5 1070190
3d2d 0.43965 435849 34660.5 1070190
3h2s 0.43965 435849 34660.5 1070190
3h2h 0.43965 435849 34660.5 1070190
3d2h 0.43965 435849 34660.5 1070190
3s2h 0.43965 435849 34660.5 1070190
3s2d 0.43965 435849 34660.5 1070190
3d2s 0.43965 435849 34660.5 1070190
3h2d 0.43965 435849 34660.5 1070190
8h6c 0.429138 439584 19675.5 1070190
8d6c 0.429138 439584 19675.5 1070190
8s6c 0.429138 439584 19675.5 1070190
Kd9s 0.427956 430974 27020 1070190
Kd9h 0.427956 430974 27020 1070190
Ks9s 0.427956 430974 27020 1070190
Ks9h 0.427956 430974 27020 1070190
Ks9d 0.427956 430974 27020 1070190
Kh9s 0.427956 430974 27020 1070190
Kh9h 0.427956 430974 27020 1070190
Kh9d 0.427956 430974 27020 1070190
Kd9d 0.427956 430974 27020 1070190
Ts2c 0.427655 424563 33109.5 1070190
Th2c 0.427655 424563 33109.5 1070190
Td2c 0.427655 424563 33109.5 1070190
9s4c 0.427051 436083 20943 1070190
9d4c 0.427051 436083 20943 1070190
9h4c 0.427051 436083 20943 1070190
7c6h 0.42692 437679 19206 1070190
7c6d 0.42692 437679 19206 1070190
7c6s 0.42692 437679 19206 1070190
7c5s 0.42362 433320 20034 1070190
7c5h 0.42362 433320 20034 1070190
7c5d 0.42362 433320 20034 1070190
7c4d 0.42154 430680 20448 1070190
7c4h 0.42154 430680 20448 1070190
7c4s 0.42154 430680 20448 1070190
7h6c 0.414709 424962 18855 1070190
7s6c 0.414709 424962 18855 1070190
7d6c 0.414709 424962 18855 1070190
8d5c 0.413526 422141 20410.5 1070190
8h5c 0.413526 422141 20410.5 1070190
8s5c 0.413526 422141 20410.5 1070190
As9h 0.407571 407897 28281 1070190
Ad9d 0.407571 407897 28281 1070190
As9s 0.407571 407897 28281 1070190
Ah9d 0.407571 407897 28281 1070190
Ah9s 0.407571 407897 28281 1070190
As9d 0.407571 407897 28281 1070190
Ad9h 0.407571 407897 28281 1070190
Ad9s 0.407571 407897 28281 1070190
Ah9h 0.407571 407897 28281 1070190
7c2d 0.407359 415566 20385 1070190
7c2s 0.407359 415566 20385 1070190
7c2h 0.407359 415566 20385 1070190
6c5s 0.404559 414117 18838.5 1070190
6c5h 0.404559 414117 18838.5 1070190
6c5d 0.404559 414117 18838.5 1070190
6c4h 0.402479 411477 19252.5 1070190
6c4s 0.402479 411477 19252.5 1070190
6c4d 0.402479 411477 19252.5 1070190
Ah8s 0.399415 398081 29368.5 1070190
Ad8s 0.399415 398081 29368.5 1070190
Ad8h 0.399415 398081 29368.5 1070190
Ah8d 0.399415 398081 29368.5 1070190
Ad8d 0.399415 398081 29368.5 1070190
As8d 0.399415 398081 29368.5 1070190
Ah8h 0.399415 398081 29368.5 1070190
As8h 0.399415 398081 29368.5 1070190
As8s 0.399415 398081 29368.5 1070190
8d4c 0.399365 406569 20827.5 1070190
8h4c 0.399365 406569 20827.5 1070190
8s4c 0.399365 406569 20827.5 1070190
7d5c 0.399096 407519 19590 1070190
7h5c 0.399096 407519 19590 1070190
7s5c 0.399096 407519 19590 1070190
9d2c 0.394295 388455 33516 1070190
9s2c 0.394295 388455 33516 1070190
9h2c 0.394295 388455 33516 1070190
6d5c 0.392555 401558 18550.5 1070190
6h5c 0.392555 401558 18550.5 1070190
6s5c 0.392555 401558 18550.5 1070190
6c2h 0.388289 396354 19189.5 1070190
6c2s 0.388289 396354 19189.5 1070190
6c2d 0.388289 396354 19189.5 1070190
5c4s 0.387637 397250 17595 1070190
5c4h 0.387637 397250 17595 1070190
5c4d 0.387637 397250 17595 1070190
As7h 0.385705 382361 30417 1070190
As7d 0.385705 382361 30417 1070190
Ad7d 0.385705 382361 30417 1070190
Ah7d 0.385705 382361 30417 1070190
Ah7h 0.385705 382361 30417 1070190
As7s 0.385705 382361 30417 1070190
Ah7s 0.385705 382361 30417 1070190
Ad7h 0.385705 382361 30417 1070190
Ad7s 0.385705 382361 30417 1070190
As5s 0.385142 379523 32652 1070190
Ah5s 0.385142 379523 32652 1070190
As5h 0.385142 379523 32652 1070190
As5d 0.385142 379523 32652 1070190
Ad5s 0.385142 379523 32652 1070190
Ah5h 0.385142 379523 32652 1070190
Ad5h 0.385142 379523 32652 1070190
Ad5d 0.385142 379523 32652 1070190
Ah5d 0.385142 379523 32652 1070190
7h4c 0.384982 392046 19957.5 1070190
7d4c 0.384982 392046 19957.5 1070190
7s4c 0.384982 392046 19957.5 1070190
Ad4h 0.382392 376025 33207 1070190
Ad4s 0.382392 376025 33207 1070190
Ad4d 0.382392 376025 33207 1070190
As4h 0.382392 376025 33207 1070190
As4s 0.382392 376025 33207 1070190
Ah4s 0.382392 376025 33207 1070190
As4d 0.382392 376025 33207 1070190
Ah4d 0.382392 376025 33207 1070190
Ah4h 0.382392 376025 33207 1070190
As6h 0.380903 375962 31677 1070190
Ad6s 0.380903 375962 31677 1070190
As6s 0.380903 375962 31677 1070190
As6d 0.380903 375962 31677 1070190
Ad6h 0.380903 375962 31677 1070190
Ad6d 0.380903 375962 31677 1070190
Ah6s 0.380903 375962 31677 1070190
Ah6h 0.380903 375962 31677 1070190
Ah6d 0.380903 375962 31677 1070190
6s4c 0.37844 386085 18918 1070190
6h4c 0.37844 386085 18918 1070190
6d4c 0.37844 386085 18918 1070190
5d4c 0.375931 384894 17424 1070190
5s4c 0.375931 384894 17424 1070190
5h4c 0.375931 384894 17424 1070190
5c2s 0.373447 382127 17532 1070190
5c2h 0.373447 382127 17532 1070190
5c2d 0.373447 382127 17532 1070190
Ah2h 0.372339 365267 33207 1070190
Ad2s 0.372339 365267 33207 1070190
Ad2h 0.372339 365267 33207 1070190
Ad2d 0.372339 365267 33207 1070190
Ah2s 0.372339 365267 33207 1070190
As2d 0.372339 365267 33207 1070190
As2h 0.372339 365267 33207 1070190
As2s 0.372339 365267 33207 1070190
Ah2d 0.372339 365267 33207 1070190
Ts8h 0.369903 361017 34850 1070190
Th8d 0.369903 361017 34850 1070190
Th8h 0.369903 361017 34850 1070190
Ts8d 0.369903 361017 34850 1070190
Th8s 0.369903 361017 34850 1070190
Td8d 0.369903 361017 34850 1070190
Td8h 0.369903 361017 34850 1070190
Td8s 0.369903 361017 34850 1070190
Ts8s 0.369903 361017 34850 1070190
8d2c 0.366609 358941 33400.5 1070190
8s2c 0.366609 358941 33400.5 1070190
8h2c 0.366609 358941 33400.5 1070190
2h2d 0.360609 366651 19269 1070190
2s2d 0.360609 366651 19269 1070190
2s2h 0.360609 366651 19269 1070190
4c2s 0.354778 364200 15480 1070190
4c2h 0.354778 364200 15480 1070190
4c2d 0.354778 364200 15480 1070190
Kd8d 0.352535 348377 28902 1070190
Kd8h 0.352535 348377 28902 1070190
Kd8s 0.352535 348377 28902 1070190
Kh8d 0.352535 348377 28902 1070190
Kh8h 0.352535 348377 28902 1070190
Kh8s 0.352535 348377 28902 1070190
Ks8d 0.352535 348377 28902 1070190
Ks8h 0.352535 348377 28902 1070190
Ks8s 0.352535 348377 28902 1070190
Kh7s 0.345964 339935 30312 1070190
Kh7h 0.345964 339935 30312 1070190
Kh7d 0.345964 339935 30312 1070190
Kd7s 0.345964 339935 30312 1070190
Kd7h 0.345964 339935 30312 1070190
Kd7d 0.345964 339935 30312 1070190
Ks7d 0.345964 339935 30312 1070190
Ks7h 0.345964 339935 30312 1070190
Ks7s 0.345964 339935 30312 1070190
7s2c 0.344506 336156 32530.5 1070190
7d2c 0.344506 336156 32530.5 1070190
7h2c 0.344506 336156 32530.5 1070190
Kd6d 0.341162 333536 31572 1070190
Ks6h 0.341162 333536 31572 1070190
Ks6d 0.341162 333536 31572 1070190
Ks6s 0.341162 333536 31572 1070190
Kd6h 0.341162 333536 31572 1070190
Kd6s 0.341162 333536 31572 1070190
Kh6s 0.341162 333536 31572 1070190
Kh6h 0.341162 333536 31572 1070190
Kh6d 0.341162 333536 31572 1070190
6h2c 0.337973 330204 31491 1070190
6s2c 0.337973 330204 31491 1070190
6d2c 0.337973 330204 31491 1070190
Kh5s 0.337007 328115 32547 1070190
Ks5s 0.337007 328115 32547 1070190
Ks5h 0.337007 328115 32547 1070190
Ks5d 0.337007 328115 32547 1070190
Kd5d 0.337007 328115 32547 1070190
Kd5h 0.337007 328115 32547 1070190
Kh5h 0.337007 328115 32547 1070190
Kh5d 0.337007 328115 32547 1070190
Kd5s 0.337007 328115 32547 1070190
5h2c 0.335464 329013 29997 1070190
5s2c 0.335464 329013 29997 1070190
5d2c 0.335464 329013 29997 1070190
Kh4s 0.334257 324617 33102 1070190
Ks4d 0.334257 324617 33102 1070190
Ks4h 0.334257 324617 33102 1070190
Ks4s 0.334257 324617 33102 1070190
Kd4s 0.334257 324617 33102 1070190
Kd4h 0.334257 324617 33102 1070190
Kd4d 0.334257 324617 33102 1070190
Kh4h 0.334257 324617 33102 1070190
Kh4d 0.334257 324617 33102 1070190
4d2c 0.3288 323763 28116 1070190
4s2c 0.3288 323763 28116 1070190
4h2c 0.3288 323763 28116 1070190
9h8d 0.325311 314301 33843.5 1070190
9h8h 0.325311 314301 33843.5 1070190
9h8s 0.325311 314301 33843.5 1070190
9d8d 0.325311 314301 33843.5 1070190
9d8h 0.325311 314301 33843.5 1070190
9s8s 0.325311 314301 33843.5 1070190
9s8h 0.325311 314301 33843.5 1070190
9s8d 0.325311 314301 33843.5 1070190
9d8s 0.325311 314301 33843.5 1070190
Kd2d 0.324205 313859 33102 1070190
Ks2s 0.324205 313859 33102 1070190
Kd2h 0.324205 313859 33102 1070190
Kd2s 0.324205 313859 33102 1070190
Kh2s 0.324205 313859 33102 1070190
Kh2h 0.324205 313859 33102 1070190
Kh2d 0.324205 313859 33102 1070190
Ks2d 0.324205 313859 33102 1070190
Ks2h 0.324205 313859 33102 1070190
Td7d 0.288504 271934 36820.5 1070190
Th7d 0.288504 271934 36820.5 1070190
Th7h 0.288504 271934 36820.5 1070190
Th7s 0.288504 271934 36820.5 1070190
Td7h 0.288504 271934 36820.5 1070190
Td7s 0.288504 271934 36820.5 1070190
Ts7s 0.288504 271934 36820.5 1070190
Ts7h 0.288504 271934 36820.5 1070190
Ts7d 0.288504 271934 36820.5 1070190
Ts6s 0.283702 265535 38080.5 1070190
Td6h 0.283702 265535 38080.5 1070190
Td6s 0.283702 265535 38080.5 1070190
Td6d 0.283702 265535 38080.5 1070190
Th6d 0.283702 265535 38080.5 1070190
Th6h 0.283702 265535 38080.5 1070190
Ts6d 0.283702 265535 38080.5 1070190
Th6s 0.283702 265535 38080.5 1070190
Ts6h 0.283702 265535 38080.5 1070190
Th5d 0.279548 260114 39055.5 1070190
Ts5s 0.279548 260114 39055.5 1070190
Ts5h 0.279548 260114 39055.5 1070190
Th5h 0.279548 260114 39055.5 1070190
Ts5d 0.279548 260114 39055.5 1070190
Td5s 0.279548 260114 39055.5 1070190
Td5h 0.279548 260114 39055.5 1070190
Th5s 0.279548 260114 39055.5 1070190
Td5d 0.279548 260114 39055.5 1070190
Ts4h 0.276798 256616 39610.5 1070190
Ts4d 0.276798 256616 39610.5 1070190
Td4s 0.276798 256616 39610.5 1070190
Ts4s 0.276798 256616 39610.5 1070190
Td4h 0.276798 256616 39610.5 1070190
Td4d 0.276798 256616 39610.5 1070190
Th4d 0.276798 256616 39610.5 1070190
Th4h 0.276798 256616 39610.5 1070190
Th4s 0.276798 256616 39610.5 1070190
Ts2d 0.266821 246020 39529.5 1070190
Th2d 0.266821 246020 39529.5 1070190
Th2h 0.266821 246020 39529.5 1070190
Th2s 0.266821 246020 39529.5 1070190
Td2d 0.266821 246020 39529.5 1070190
Ts2s 0.266821 246020 39529.5 1070190
Td2h 0.266821 246020 39529.5 1070190
Td2s 0.266821 246020 39529.5 1070190
Ts2h 0.266821 246020 39529.5 1070190
9d7d 0.245337 225392 37165.5 1070190
9d7h 0.245337 225392 37165.5 1070190
9h7h 0.245337 225392 37165.5 1070190
9d7s 0.245337 225392 37165.5 1070190
9h7d 0.245337 225392 37165.5 1070190
9s7s 0.245337 225392 37165.5 1070190
9s7h 0.245337 225392 37165.5 1070190
9s7d 0.245337 225392 37165.5 1070190
9h7s 0.245337 225392 37165.5 1070190
9s6s 0.240535 218993 38425.5 1070190
9s6h 0.240535 218993 38425.5 1070190
9h6s 0.240535 218993 38425.5 1070190
9h6h 0.240535 218993 38425.5 1070190
9h6d 0.240535 218993 38425.5 1070190
9d6s 0.240535 218993 38425.5 1070190
9s6d 0.240535 218993 38425.5 1070190
9d6h 0.240535 218993 38425.5 1070190
9d6d 0.240535 218993 38425.5 1070190
9h5d 0.236381 213572 39400.5 1070190
9h5h 0.236381 213572 39400.5 1070190
9s5d 0.236381 213572 39400.5 1070190
9h5s 0.236381 213572 39400.5 1070190
9s5h 0.236381 213572 39400.5 1070190
9s5s 0.236381 213572 39400.5 1070190
9d5d 0.236381 213572 39400.5 1070190
9d5h 0.236381 213572 39400.5 1070190
9d5s 0.236381 213572 39400.5 1070190
9d4d 0.233631 210074 39955.5 1070190
9d4h 0.233631 210074 39955.5 1070190
9h4h 0.233631 210074 39955.5 1070190
9h4s 0.233631 210074 39955.5 1070190
9h4d 0.233631 210074 39955.5 1070190
9s4d 0.233631 210074 39955.5 1070190
9s4h 0.233631 210074 39955.5 1070190
9s4s 0.233631 210074 39955.5 1070190
9d4s 0.233631 210074 39955.5 1070190
9s2s 0.223654 199478 39874.5 1070190
9s2h 0.223654 199478 39874.5 1070190
9s2d 0.223654 199478 39874.5 1070190
9h2h 0.223654 199478 39874.5 1070190
9d2s 0.223654 199478 39874.5 1070190
9h2d 0.223654 199478 39874.5 1070190
9d2h 0.223654 199478 39874.5 1070190
9d2d 0.223654 199478 39874.5 1070190
9h2s 0.223654 199478 39874.5 1070190
8h7d 0.209456 187262 36895.5 1070190
8d7h 0.209456 187262 36895.5 1070190
8d7s 0.209456 187262 36895.5 1070190
8d7d 0.209456 187262 36895.5 1070190
8s7s 0.209456 187262 36895.5 1070190
8s7h 0.209456 187262 36895.5 1070190
8s7d 0.209456 187262 36895.5 1070190
8h7s 0.209456 187262 36895.5 1070190
8h7h 0.209456 187262 36895.5 1070190
8s6s 0.204654 180863 38155.5 1070190
8h6h 0.204654 180863 38155.5 1070190
8d6d 0.204654 180863 38155.5 1070190
8h6d 0.204654 180863 38155.5 1070190
8d6h 0.204654 180863 38155.5 1070190
8d6s 0.204654 180863 38155.5 1070190
8h6s 0.204654 180863 38155.5 1070190
8s6d 0.204654 180863 38155.5 1070190
8s6h 0.204654 180863 38155.5 1070190
8h5d 0.200499 175442 39130.5 1070190
8s5d 0.200499 175442 39130.5 1070190
8h5h 0.200499 175442 39130.5 1070190
8s5h 0.200499 175442 39130.5 1070190
8s5s 0.200499 175442 39130.5 1070190
8d5d 0.200499 175442 39130.5 1070190
8d5h 0.200499 175442 39130.5 1070190
8d5s 0.200499 175442 39130.5 1070190
8h5s 0.200499 175442 39130.5 1070190
8h4d 0.197749 171944 39685.5 1070190
8h4s 0.197749 171944 39685.5 1070190
8h4h 0.197749 171944 39685.5 1070190
8d4s 0.197749 171944 39685.5 1070190
8d4h 0.197749 171944 39685.5 1070190
8d4d 0.197749 171944 39685.5 1070190
8s4d 0.197749 171944 39685.5 1070190
8s4h 0.197749 171944 39685.5 1070190
8s4s 0.197749 171944 39685.5 1070190
8h2s 0.187773 161348 39604.5 1070190
8h2h 0.187773 161348 39604.5 1070190
8h2d 0.187773 161348 39604.5 1070190
8d2s 0.187773 161348 39604.5 1070190
8s2s 0.187773 161348 39604.5 1070190
8d2h 0.187773 161348 39604.5 1070190
8s2h 0.187773 161348 39604.5 1070190
8d2d 0.187773 161348 39604.5 1070190
8s2d 0.187773 161348 39604.5 1070190
7d6h 0.18696 163070 37012.5 1070190
7h6d 0.18696 163070 37012.5 1070190
7h6h 0.18696 163070 37012.5 1070190
7s6s 0.18696 163070 37012.5 1070190
7s6h 0.18696 163070 37012.5 1070190
7h6s 0.18696 163070 37012.5 1070190
7d6d 0.18696 163070 37012.5 1070190
7d6s 0.18696 163070 37012.5 1070190
7s6d 0.18696 163070 37012.5 1070190
7h5s 0.182805 157649 37987.5 1070190
7s5s 0.182805 157649 37987.5 1070190
7s5h 0.182805 157649 37987.5 1070190
7s5d 0.182805 157649 37987.5 1070190
7h5h 0.182805 157649 37987.5 1070190
7h5d 0.182805 157649 37987.5 1070190
7d5d 0.182805 157649 37987.5 1070190
7d5h 0.182805 157649 37987.5 1070190
7d5s 0.182805 157649 37987.5 1070190
7s4d 0.180118 154286 38475 1070190
7d4d 0.180118 154286 38475 1070190
7h4s 0.180118 154286 38475 1070190
7h4h 0.180118 154286 38475 1070190
7h4d 0.180118 154286 38475 1070190
7s4s 0.180118 154286 38475 1070190
7s4h 0.180118 154286 38475 1070190
7d4s 0.180118 154286 38475 1070190
7d4h 0.180118 154286 38475 1070190
6s5d 0.175783 151508 36613.5 1070190
6s5h 0.175783 151508 36613.5 1070190
6h5s 0.175783 151508 36613.5 1070190
6h5h 0.175783 151508 36613.5 1070190
6h5d 0.175783 151508 36613.5 1070190
6s5s 0.175783 151508 36613.5 1070190
6d5d 0.175783 151508 36613.5 1070190
6d5h 0.175783 151508 36613.5 1070190
6d5s 0.175783 151508 36613.5 1070190
6s4h 0.173096 148145 37101 1070190
6s4s 0.173096 148145 37101 1070190
6s4d 0.173096 148145 37101 1070190
6d4d 0.173096 148145 37101 1070190
6h4s 0.173096 148145 37101 1070190
6h4h 0.173096 148145 37101 1070190
6d4h 0.173096 148145 37101 1070190
6d4s 0.173096 148145 37101 1070190
6h4d 0.173096 148145 37101 1070190
5d4h 0.171242 148103 35158.5 1070190
5s4h 0.171242 148103 35158.5 1070190
5s4s 0.171242 148103 35158.5 1070190
5h4s 0.171242 148103 35158.5 1070190
5h4h 0.171242 148103 35158.5 1070190
5h4d 0.171242 148103 35158.5 1070190
5d4s 0.171242 148103 35158.5 1070190
5d4d 0.171242 148103 35158.5 1070190
5s4d 0.171242 148103 35158.5 1070190
7s2s 0.159125 131900 38394 1070190
7s2h 0.159125 131900 38394 1070190
7s2d 0.159125 131900 38394 1070190
7h2d 0.159125 131900 38394 1070190
7d2s 0.159125 131900 38394 1070190
7d2h 0.159125 131900 38394 1070190
7h2s 0.159125 131900 38394 1070190
7d2d 0.159125 131900 38394 1070190
7h2h 0.159125 131900 38394 1070190
6s2d 0.152103 125759 37020 1070190
6s2h 0.152103 125759 37020 1070190
6h2d 0.152103 125759 37020 1070190
6s2s 0.152103 125759 37020 1070190
6h2h 0.152103 125759 37020 1070190
6h2s 0.152103 125759 37020 1070190
6d2s 0.152103 125759 37020 1070190
6d2h 0.152103 125759 37020 1070190
6d2d 0.152103 125759 37020 1070190
5s2d 0.150249 125717 35077.5 1070190
5s2h 0.150249 125717 35077.5 1070190
5s2s 0.150249 125717 35077.5 1070190
5h2h 0.150249 125717 35077.5 1070190
5h2s 0.150249 125717 35077.5 1070190
5h2d 0.150249 125717 35077.5 1070190
5d2s 0.150249 125717 35077.5 1070190
5d2h 0.150249 125717 35077.5 1070190
5d2d 0.150249 125717 35077.5 1070190
4s2d 0.141965 119282 32647.5 1070190
4h2s 0.141965 119282 32647.5 1070190
4h2h 0.141965 119282 32647.5 1070190
4s2h 0.141965 119282 32647.5 1070190
4d2d 0.141965 119282 32647.5 1070190
4d2h 0.141965 119282 32647.5 1070190
4d2s 0.141965 119282 32647.5 1070190
4s2s 0.141965 119282 32647.5 1070190
4h2d 0.141965 119282 32647.5 1070190
