JsJc 0.95249 1019281 64.5 1070190
JhJc 0.95249 1019281 64.5 1070190
AsAd 0.943332 1009545 0 1070190
AhAd 0.943332 1009545 0 1070190
AsAh 0.942957 1009143 0 1070190
JsJh 0.936937 1002636 64.5 1070190
AdJc 0.928529 991186 2516 1070190
AhJc 0.928069 990694 2516 1070190
AsJc 0.928069 990694 2516 1070190
3s3d 0.927744 992742 120 1070190
3h3d 0.927744 992742 120 1070190
3s3h 0.927371 992343 120 1070190
AdJs 0.912084 973542 2561 1070190
AdJh 0.912084 973542 2561 1070190
AsJh 0.911624 973050 2561 1070190
AsJs 0.911624 973050 2561 1070190
AhJs 0.911624 973050 2561 1070190
AhJh 0.911624 973050 2561 1070190
Ad3d 0.893936 950466 6215 1070190
Ad3s 0.889436 945561 6305 1070190
Ad3h 0.889436 945561 6305 1070190
Ah3d 0.889434 945558 6305 1070190
As3d 0.889434 945558 6305 1070190
As3h 0.889082 945204 6282.5 1070190
As3s 0.889082 945204 6282.5 1070190
Ah3s 0.889082 945204 6282.5 1070190
Ah3h 0.889082 945204 6282.5 1070190
AdKc 0.882022 939707 4224.5 1070190
AsKc 0.881244 938896 4202 1070190
AhKc 0.881244 938896 4202 1070190
Jc3d 0.879356 934354 6723.5 1070190
Jc3h 0.878941 933910 6723.5 1070190
Jc3s 0.878941 933910 6723.5 1070190
AdQc 0.874639 931036 4993.5 1070190
AhQc 0.873897 930269 4967 1070190
AsQc 0.873897 930269 4967 1070190
KcJc 0.868764 922976 6766.5 1070190
AdKd 0.863142 919598 4127.5 1070190
QcJc 0.862315 915663 7177.5 1070190
Js3d 0.861935 915855 6579.5 1070190
Jh3d 0.861935 915855 6579.5 1070190
AdTc 0.861676 912408 9749.5 1070190
Js3s 0.86152 915411 6579.5 1070190
Js3h 0.86152 915411 6579.5 1070190
Jh3s 0.86152 915411 6579.5 1070190
Jh3h 0.86152 915411 6579.5 1070190
AhTc 0.860991 911725 9698.5 1070190
AsTc 0.860991 911725 9698.5 1070190
AdQd 0.857337 912622 4891.5 1070190
AsKd 0.856361 912145 4324 1070190
AhKd 0.856361 912145 4324 1070190
AdKh 0.856336 912122 4320 1070190
AdKs 0.856336 912122 4320 1070190
AhKs 0.855557 911311 4297.5 1070190
AhKh 0.855557 911311 4297.5 1070190
AsKs 0.855557 911311 4297.5 1070190
AsKh 0.855557 911311 4297.5 1070190
AhQd 0.850327 904895 5116 1070190
AsQd 0.850327 904895 5116 1070190
AdQs 0.85027 904834 5116 1070190
AdQh 0.85027 904834 5116 1070190
Ad9c 0.850174 899547 10301 1070190
AsQs 0.849528 904067 5089.5 1070190
AhQh 0.849528 904067 5089.5 1070190
AsQh 0.849528 904067 5089.5 1070190
AhQs 0.849528 904067 5089.5 1070190
Ah9c 0.849524 898911 10241 1070190
As9c 0.849524 898911 10241 1070190
JcTc 0.84797 899984 7504.5 1070190
AdTd 0.847527 897549 9465.5 1070190
Ad8c 0.844087 891802 11531 1070190
Ah8c 0.843467 891206 11463.5 1070190
As8c 0.843467 891206 11463.5 1070190
Jc9c 0.840659 891755 7909.5 1070190
AhTd 0.840169 889276 9864.5 1070190
AsTd 0.840169 889276 9864.5 1070190
AdTh 0.840062 889137 9889 1070190
AdTs 0.840062 889137 9889 1070190
AhTs 0.839376 888454 9838 1070190
AsTs 0.839376 888454 9838 1070190
AhTh 0.839376 888454 9838 1070190
AsTh 0.839376 888454 9838 1070190
Ad7c 0.838479 884571 12761 1070190
Ah7c 0.837887 884013 12685.5 1070190
As7c 0.837887 884013 12685.5 1070190
Jc8c 0.837598 887681 8707.5 1070190
Ad9d 0.83733 886026 10076 1070190
Ad5c 0.835473 878545 15570 1070190
Ah5c 0.834913 878035 15481 1070190
As5c 0.834913 878035 15481 1070190
Jc7c 0.834845 883949 9493.5 1070190
Jc5c 0.834472 881807 11237 1070190
Jc4c 0.83343 880373 11555 1070190
Ad6c 0.833288 877905 13871 1070190
As6c 0.832719 877380 13788 1070190
Ah6c 0.832719 877380 13788 1070190
Ad4c 0.832627 874989 16080 1070190
Ad8d 0.832623 879752 11313 1070190
Jc6c 0.832423 880655 10195.5 1070190
Jc2c 0.832322 878864 11879 1070190
Ah4c 0.832077 874493 15987.5 1070190
As4c 0.832077 874493 15987.5 1070190
Ad2c 0.829856 871760 16344 1070190
Ah2c 0.82932 871282 16248 1070190
As2c 0.82932 871282 16248 1070190
Ah9d 0.829157 876879 10476.5 1070190
As9d 0.829157 876879 10476.5 1070190
Ad9s 0.828976 876648 10514 1070190
Ad9h 0.828976 876648 10514 1070190
Ad7d 0.828369 873966 12546 1070190
Ah9h 0.828326 876012 10454 1070190
Ah9s 0.828326 876012 10454 1070190
As9s 0.828326 876012 10454 1070190
As9h 0.828326 876012 10454 1070190
Ad5d 0.827651 870433 15310.5 1070190
Ad4d 0.826082 868241 15823.5 1070190
Ad2d 0.824535 866312 16097.5 1070190
Ad6d 0.82449 868704 13657 1070190
Ah8d 0.824243 870331 11766 1070190
As8d 0.824243 870331 11766 1070190
Ad8h 0.824032 870060 11811 1070190
Ad8s 0.824032 870060 11811 1070190
Ah8s 0.823412 869464 11743.5 1070190
As8s 0.823412 869464 11743.5 1070190
As8h 0.823412 869464 11743.5 1070190
Ah8h 0.823412 869464 11743.5 1070190
Ah7d 0.819798 864285 13055 1070190
As7d 0.819798 864285 13055 1070190
Ad7h 0.819559 863976 13108 1070190
Ad7s 0.819559 863976 13108 1070190
Ah5d 0.819377 860920 15969.5 1070190
As5d 0.819377 860920 15969.5 1070190
Ad5s 0.81914 860603 16032.5 1070190
Ad5h 0.81914 860603 16032.5 1070190
As7h 0.818967 863418 13032.5 1070190
As7s 0.818967 863418 13032.5 1070190
Ah7s 0.818967 863418 13032.5 1070190
Ah7h 0.818967 863418 13032.5 1070190
Ah5h 0.81858 860093 15943.5 1070190
As5s 0.81858 860093 15943.5 1070190
As5h 0.81858 860093 15943.5 1070190
Ah5s 0.81858 860093 15943.5 1070190
As4d 0.81774 858630 16507 1070190
Ah4d 0.81774 858630 16507 1070190
Ad4s 0.817493 858299 16573.5 1070190
Ad4h 0.817493 858299 16573.5 1070190
Ah4s 0.816943 857803 16481 1070190
As4s 0.816943 857803 16481 1070190
As4h 0.816943 857803 16481 1070190
Ah4h 0.816943 857803 16481 1070190
Ah2d 0.81614 856647 16778 1070190
As2d 0.81614 856647 16778 1070190
Ad2s 0.815887 856310 16844.5 1070190
Ad2h 0.815887 856310 16844.5 1070190
Ah6d 0.815708 858744 14218.5 1070190
As6d 0.815708 858744 14218.5 1070190
Ad6s 0.815439 858396 14279 1070190
Ad6h 0.815439 858396 14279 1070190
As2s 0.815351 855832 16748.5 1070190
As2h 0.815351 855832 16748.5 1070190
Ah2h 0.815351 855832 16748.5 1070190
Ah2s 0.815351 855832 16748.5 1070190
As6h 0.814871 857871 14196 1070190
As6s 0.814871 857871 14196 1070190
Ah6s 0.814871 857871 14196 1070190
Ah6h 0.814871 857871 14196 1070190
KdKc 0.798528 853459 1117.5 1070190
KhKc 0.797777 852660 1113 1070190
KsKc 0.797777 852660 1113 1070190
KcJh 0.790886 836711 9687 1070190
KcJs 0.790886 836711 9687 1070190
KdJc 0.789117 834626 9879 1070190
KsJc 0.788302 833758 9874.5 1070190
KhJc 0.788302 833758 9874.5 1070190
QcJh 0.78477 829650 10203 1070190
QcJs 0.78477 829650 10203 1070190
QdJc 0.784307 828931 10427 1070190
QhJc 0.783498 828069 10422.5 1070190
QsJc 0.783498 828069 10422.5 1070190
QdQc 0.78063 834305 1117.5 1070190
QhQc 0.779885 833512 1113 1070190
QsQc 0.779885 833512 1113 1070190
KsKd 0.770109 823055 1108 1070190
KhKd 0.770109 823055 1108 1070190
KsKh 0.769358 822256 1103.5 1070190
JcTd 0.766798 809745 10875 1070190
JcTh 0.765994 808889 10870.5 1070190
JcTs 0.765994 808889 10870.5 1070190
JsTc 0.764519 807558 10623 1070190
JhTc 0.764519 807558 10623 1070190
KdJh 0.764145 808205 9575 1070190
KdJs 0.764145 808205 9575 1070190
KsJh 0.763329 807337 9570.5 1070190
KhJs 0.763329 807337 9570.5 1070190
KhJh 0.763329 807337 9570.5 1070190
KsJs 0.763329 807337 9570.5 1070190
QdJh 0.759461 802665 10103 1070190
QdJs 0.759461 802665 10103 1070190
QhJh 0.758652 801803 10098.5 1070190
QhJs 0.758652 801803 10098.5 1070190
QsJs 0.758652 801803 10098.5 1070190
QsJh 0.758652 801803 10098.5 1070190
Jc9d 0.753569 794986 11476.5 1070190
QsQd 0.753176 804933 1108 1070190
QhQd 0.753176 804933 1108 1070190
Jc9h 0.752726 794083 11476.5 1070190
Jc9s 0.752726 794083 11476.5 1070190
QsQh 0.75243 804140 1103.5 1070190
Js9c 0.750674 792237 11127 1070190
Jh9c 0.750674 792237 11127 1070190
Jc8d 0.748798 788624 12732.5 1070190
Jc8h 0.747955 787721 12732.5 1070190
Jc8s 0.747955 787721 12732.5 1070190
KcQc 0.745885 790459 7779.5 1070190
Jc5d 0.745047 780534 16808 1070190
Jh8c 0.744763 784720 12318 1070190
Js8c 0.744763 784720 12318 1070190
Jc7d 0.744487 782758 13984.5 1070190
Jc5h 0.744238 779672 16804 1070190
Jc5s 0.744238 779672 16804 1070190
Jc7s 0.743643 781855 13984.5 1070190
Jc7h 0.743643 781855 13984.5 1070190
Jc4d 0.743461 778316 17328 1070190
Jc4s 0.742651 777454 17324 1070190
Jc4h 0.742651 777454 17324 1070190
Jc2d 0.741992 776402 17670 1070190
JsTd 0.741593 783122 10523 1070190
JhTd 0.741593 783122 10523 1070190
Jc2h 0.741177 775534 17666 1070190
Jc2s 0.741177 775534 17666 1070190
JsTs 0.740789 782266 10518.5 1070190
JsTh 0.740789 782266 10518.5 1070190
JhTs 0.740789 782266 10518.5 1070190
JhTh 0.740789 782266 10518.5 1070190
Jc6d 0.74052 777385 15112.5 1070190
Jc6s 0.739671 776476 15112.5 1070190
Jc6h 0.739671 776476 15112.5 1070190
Js7c 0.739318 777705 13506 1070190
Jh7c 0.739318 777705 13506 1070190
Jh5c 0.73747 772987 16245.5 1070190
Js5c 0.73747 772987 16245.5 1070190
Jh4c 0.734677 769503 16740.5 1070190
Js4c 0.734677 769503 16740.5 1070190
Js6c 0.734264 771225 14577 1070190
Jh6c 0.734264 771225 14577 1070190
Js2c 0.731968 766262 17082.5 1070190
Jh2c 0.731968 766262 17082.5 1070190
KcTc 0.729625 769581 11256.5 1070190
Js9d 0.728222 768285 11050.5 1070190
Jh9d 0.728222 768285 11050.5 1070190
Jh9s 0.727378 767382 11050.5 1070190
Jh9h 0.727378 767382 11050.5 1070190
Js9h 0.727378 767382 11050.5 1070190
Js9s 0.727378 767382 11050.5 1070190
Js8d 0.723578 762093 12273 1070190
Jh8d 0.723578 762093 12273 1070190
Js8s 0.722734 761190 12273 1070190
Js8h 0.722734 761190 12273 1070190
Jh8h 0.722734 761190 12273 1070190
Jh8s 0.722734 761190 12273 1070190
Jh5d 0.72027 754529 16296.5 1070190
Js5d 0.72027 754529 16296.5 1070190
Jh5s 0.719461 753667 16292.5 1070190
Js5s 0.719461 753667 16292.5 1070190
Js5h 0.719461 753667 16292.5 1070190
Jh5h 0.719461 753667 16292.5 1070190
Jh7d 0.71938 756381 13492.5 1070190
Js7d 0.71938 756381 13492.5 1070190
Jh4d 0.718721 752363 16805 1070190
Js4d 0.718721 752363 16805 1070190
Js7s 0.718536 755478 13492.5 1070190
Js7h 0.718536 755478 13492.5 1070190
Jh7s 0.718536 755478 13492.5 1070190
Jh7h 0.718536 755478 13492.5 1070190
Jh4h 0.717912 751501 16801 1070190
Js4h 0.717912 751501 16801 1070190
Js4s 0.717912 751501 16801 1070190
Jh4s 0.717912 751501 16801 1070190
Jh2d 0.717232 750440 17135 1070190
Js2d 0.717232 750440 17135 1070190
Jh2s 0.716418 749572 17131 1070190
Js2s 0.716418 749572 17131 1070190
Jh2h 0.716418 749572 17131 1070190
Js2h 0.716418 749572 17131 1070190
Jh6d 0.715499 751128 14592 1070190
Js6d 0.715499 751128 14592 1070190
Jh6s 0.71465 750219 14592 1070190
Jh6h 0.71465 750219 14592 1070190
Js6s 0.71465 750219 14592 1070190
Js6h 0.71465 750219 14592 1070190
QcTc 0.693832 731389 11143 1070190
TdTc 0.686839 733652 1396.5 1070190
TsTc 0.6861 732865 1392 1070190
ThTc 0.6861 732865 1392 1070190
Kc9c 0.675908 710720 12629.5 1070190
Kc8c 0.670379 703641 13792 1070190
Kc7c 0.665342 697106 14936 1070190
Kc5c 0.663379 692719 17223 1070190
Kc4c 0.661009 689736 17669.5 1070190
Kc6c 0.660816 691244 15954.5 1070190
TsTd 0.660638 705632 1376.5 1070190
ThTd 0.660638 705632 1376.5 1070190
TsTh 0.659899 704845 1372 1070190
9d9c 0.655528 700824 715.5 1070190
9s9c 0.654751 699993 715.5 1070190
9h9c 0.654751 699993 715.5 1070190
Kc2c 0.652173 680306 17642.5 1070190
Qc9c 0.639617 671996 12516 1070190
8d8c 0.635503 679429 679.5 1070190
8h8c 0.634726 678598 679.5 1070190
8s8c 0.634726 678598 679.5 1070190
Qc8c 0.634339 665452 13411 1070190
9s9d 0.629169 672624 706.5 1070190
9h9d 0.629169 672624 706.5 1070190
9s9h 0.628393 671793 706.5 1070190
Qc7c 0.623329 652311 14769 1070190
Qc5c 0.621772 648358 17056 1070190
Qc4c 0.619402 645375 17502.5 1070190
Kc3d 0.618819 652002 10251.5 1070190
Qc6c 0.618803 646449 15787.5 1070190
Kc3h 0.618049 651201 10229 1070190
Kc3s 0.618049 651201 10229 1070190
7d7c 0.615641 658209 643.5 1070190
7h7c 0.614864 657378 643.5 1070190
7s7c 0.614864 657378 643.5 1070190
Qc3d 0.611385 643589 10709.5 1070190
Qc3h 0.610653 642832 10683 1070190
Qc3s 0.610653 642832 10683 1070190
Qc2c 0.610565 635945 17475.5 1070190
KcQd 0.610389 642359 10873 1070190
8s8d 0.60987 652005 672 1070190
8h8d 0.60987 652005 672 1070190
KcQs 0.609655 641605 10841.5 1070190
KcQh 0.609655 641605 10841.5 1070190
8s8h 0.609094 651174 672 1070190
KdQc 0.608868 640747 10857 1070190
KsQc 0.608135 639998 10821.5 1070190
KhQc 0.608135 639998 10821.5 1070190
Kd3d 0.604677 636777 10342 1070190
Qd3d 0.598694 629947 10769.5 1070190
KdQd 0.596756 628145 10497 1070190
6d6c 0.595314 636492 607.5 1070190
6h6c 0.594532 635655 607.5 1070190
6s6c 0.594532 635655 607.5 1070190
Tc3d 0.593435 616270 18818 1070190
Tc9c 0.592909 617243 17282 1070190
Tc3s 0.592798 615681 18725 1070190
Tc3h 0.592798 615681 18725 1070190
7h7d 0.590703 631527 637.5 1070190
7s7d 0.590703 631527 637.5 1070190
7s7h 0.589927 630696 637.5 1070190
KcTd 0.588993 614472 15862 1070190
KcTs 0.588264 613724 15830.5 1070190
KcTh 0.588264 613724 15830.5 1070190
Tc8c 0.58763 610699 18177 1070190
5d5c 0.586608 626625 1156.5 1070190
5s5c 0.585864 625833 1152.5 1070190
5h5c 0.585864 625833 1152.5 1070190
KdTc 0.584104 609361 15741 1070190
Td3d 0.583922 606311 18596.5 1070190
Ks3d 0.583571 613997 10534.5 1070190
Kh3d 0.583571 613997 10534.5 1070190
Kd3h 0.583563 613985 10538.5 1070190
Kd3s 0.583563 613985 10538.5 1070190
KhTc 0.583423 608689 15684.5 1070190
KsTc 0.583423 608689 15684.5 1070190
Kh3s 0.582801 613196 10512 1070190
Ks3h 0.582801 613196 10512 1070190
Ks3s 0.582801 613196 10512 1070190
Kh3h 0.582801 613196 10512 1070190
9c3d 0.578941 599571 20005.5 1070190
9c3s 0.578335 599034 19894.5 1070190
9c3h 0.578335 599034 19894.5 1070190
Qd3h 0.577559 607104 10994 1070190
Qd3s 0.577559 607104 10994 1070190
Qh3d 0.577535 607078 10994 1070190
Qs3d 0.577535 607078 10994 1070190
KsQd 0.57694 606692 10743.5 1070190
KhQd 0.57694 606692 10743.5 1070190
KdQh 0.576939 606687 10747.5 1070190
KdQs 0.576939 606687 10747.5 1070190
Tc7c 0.57682 597986 19321 1070190
Qh3h 0.576803 606321 10967.5 1070190
Qh3s 0.576803 606321 10967.5 1070190
Qs3h 0.576803 606321 10967.5 1070190
Qs3s 0.576803 606321 10967.5 1070190
KsQs 0.576206 605938 10712 1070190
KsQh 0.576206 605938 10712 1070190
KhQs 0.576206 605938 10712 1070190
KhQh 0.576206 605938 10712 1070190
KdTd 0.57583 601118 15129 1070190
5c3d 0.574492 591797 23018.5 1070190
8c3d 0.57433 593491 21151.5 1070190
5c3h 0.573914 591310 22887.5 1070190
5c3s 0.573914 591310 22887.5 1070190
8c3s 0.573743 592984 21030.5 1070190
8c3h 0.573743 592984 21030.5 1070190
4c3d 0.572753 589990 22964.5 1070190
4c3h 0.572176 589503 22833.5 1070190
4c3s 0.572176 589503 22833.5 1070190
6s6d 0.570967 610440 603 1070190
6h6d 0.570967 610440 603 1070190
5d3d 0.570896 588233 22734 1070190
7c3d 0.57078 589026 21817.5 1070190
9d3d 0.570716 590973 19801.5 1070190
4d3d 0.570406 587761 22681.5 1070190
7c3s 0.570205 588537 21690.5 1070190
7c3h 0.570205 588537 21690.5 1070190
6s6h 0.570185 609603 603 1070190
Tc5c 0.569047 587220 21768.5 1070190
4d4c 0.568453 607232 1120.5 1070190
6c3d 0.567778 585507 22123.5 1070190
4h4c 0.567709 606440 1116.5 1070190
4s4c 0.567709 606440 1116.5 1070190
8d3d 0.567389 586285 20929 1070190
6c3h 0.567208 585027 21993.5 1070190
6c3s 0.567208 585027 21993.5 1070190
Tc4c 0.566677 584237 22215 1070190
Tc6c 0.565771 584982 20500 1070190
7d3d 0.565102 583182 21584.5 1070190
5s5d 0.563349 601745 1145.5 1070190
5h5d 0.563349 601745 1145.5 1070190
6d3d 0.563337 580992 21886 1070190
5s5h 0.562605 600953 1141.5 1070190
Td3h 0.562348 582530 19289.5 1070190
Td3s 0.562348 582530 19289.5 1070190
Ts3d 0.562235 582342 19356 1070190
Th3d 0.562235 582342 19356 1070190
Th3s 0.561597 581753 19263 1070190
Th3h 0.561597 581753 19263 1070190
Ts3h 0.561597 581753 19263 1070190
Ts3s 0.561597 581753 19263 1070190
3d2c 0.558074 574404 22841.5 1070190
Tc2c 0.557878 574888 22147.5 1070190
3s2c 0.557502 573926 22707 1070190
3h2c 0.557502 573926 22707 1070190
3d2d 0.557172 573711 22569 1070190
KsTd 0.555442 578822 15606.5 1070190
KhTd 0.555442 578822 15606.5 1070190
KdTh 0.555394 578746 15631.5 1070190
KdTs 0.555394 578746 15631.5 1070190
KsTh 0.554714 578074 15575 1070190
KhTh 0.554714 578074 15575 1070190
KhTs 0.554714 578074 15575 1070190
KsTs 0.554714 578074 15575 1070190
5c4c 0.553399 572303 19939.5 1070190
9c8c 0.55314 573526 18438.5 1070190
5d3s 0.549317 564187 23687 1070190
5d3h 0.549317 564187 23687 1070190
5s3d 0.549139 563891 23792 1070190
5h3d 0.549139 563891 23792 1070190
4d3s 0.548853 563743 23634.5 1070190
4d3h 0.548853 563743 23634.5 1070190
4s3d 0.548675 563447 23739.5 1070190
4h3d 0.548675 563447 23739.5 1070190
5h3h 0.548561 563404 23661 1070190
5h3s 0.548561 563404 23661 1070190
5s3s 0.548561 563404 23661 1070190
5s3h 0.548561 563404 23661 1070190
9d3s 0.548275 566199 20559 1070190
9d3h 0.548275 566199 20559 1070190
4s3h 0.548098 562960 23608.5 1070190
4s3s 0.548098 562960 23608.5 1070190
4h3s 0.548098 562960 23608.5 1070190
4h3h 0.548098 562960 23608.5 1070190
9h3d 0.548091 565914 20647.5 1070190
9s3d 0.548091 565914 20647.5 1070190
9s3h 0.547485 565377 20536.5 1070190
9h3h 0.547485 565377 20536.5 1070190
9h3s 0.547485 565377 20536.5 1070190
9s3s 0.547485 565377 20536.5 1070190
4s4d 0.545878 583082 1111 1070190
4h4d 0.545878 583082 1111 1070190
4s4h 0.545134 582290 1107 1070190
8d3h 0.544948 561441 21756.5 1070190
8d3s 0.544948 561441 21756.5 1070190
8s3d 0.544745 561126 21855 1070190
8h3d 0.544745 561126 21855 1070190
8s3s 0.544159 560619 21734 1070190
8s3h 0.544159 560619 21734 1070190
8h3s 0.544159 560619 21734 1070190
8h3h 0.544159 560619 21734 1070190
9c7c 0.543651 562227 19582.5 1070190
7d3s 0.542687 558324 22454 1070190
7d3h 0.542687 558324 22454 1070190
7s3d 0.542473 557991 22558.5 1070190
7h3d 0.542473 557991 22558.5 1070190
7s3s 0.541898 557502 22431.5 1070190
7s3h 0.541898 557502 22431.5 1070190
7h3s 0.541898 557502 22431.5 1070190
7h3h 0.541898 557502 22431.5 1070190
6d3h 0.540911 556101 22776.5 1070190
6d3s 0.540911 556101 22776.5 1070190
6h3d 0.540686 555753 22884 1070190
6s3d 0.540686 555753 22884 1070190
6s3h 0.540116 555273 22754 1070190
6s3s 0.540116 555273 22754 1070190
6h3s 0.540116 555273 22754 1070190
6h3h 0.540116 555273 22754 1070190
QcTd 0.538758 560855 15718.5 1070190
QcTh 0.538061 560141 15687 1070190
QcTs 0.538061 560141 15687 1070190
5c2c 0.537504 555359 19872 1070190
9c5c 0.536147 551749 22030 1070190
QdTc 0.535189 557154 15599.5 1070190
3s2d 0.534782 548799 23519 1070190
3h2d 0.534782 548799 23519 1070190
3d2h 0.534598 548497 23624 1070190
3d2s 0.534598 548497 23624 1070190
QhTc 0.53451 556484 15543.5 1070190
QsTc 0.53451 556484 15543.5 1070190
3h2h 0.534025 548019 23489.5 1070190
3s2h 0.534025 548019 23489.5 1070190
3s2s 0.534025 548019 23489.5 1070190
3h2s 0.534025 548019 23489.5 1070190
9c4c 0.533777 548766 22476.5 1070190
9c6c 0.532735 549366 20761.5 1070190
4c2c 0.530544 549793 17989.5 1070190
QdTd 0.528425 550522 14993.5 1070190
9c2c 0.524978 539417 22409 1070190
8c7c 0.518215 534994 19594 1070190
8c5c 0.510712 524517 22041.5 1070190
8c4c 0.508342 521534 22488 1070190
8c6c 0.507299 522133 20773 1070190
QhTd 0.505779 525814 15465.5 1070190
QsTd 0.505779 525814 15465.5 1070190
QdTh 0.505761 525770 15490 1070190
QdTs 0.505761 525770 15490 1070190
QhTh 0.505082 525100 15434 1070190
QhTs 0.505082 525100 15434 1070190
QsTs 0.505082 525100 15434 1070190
QsTh 0.505082 525100 15434 1070190
Kc9d 0.504291 521461 18226.5 1070190
Kc9s 0.503558 520699 18204 1070190
Kc9h 0.503558 520699 18204 1070190
8c2c 0.499543 512185 22420.5 1070190
7c5c 0.499152 512635 21552.5 1070190
Kd9c 0.498361 515372 17968.5 1070190
Kh9c 0.497733 514761 17908 1070190
Ks9c 0.497733 514761 17908 1070190
7c4c 0.496832 509759 21945.5 1070190
7c6c 0.496008 510539 20284 1070190
Kc8d 0.495996 510761 20049 1070190
Kc8s 0.495263 509999 20026.5 1070190
Kc8h 0.495263 509999 20026.5 1070190
Kd9d 0.492908 510185 17320.5 1070190
Kd8c 0.488777 503361 19723.5 1070190
Kc7d 0.488443 500862 21865 1070190
Kh8c 0.48818 502790 19655.5 1070190
Ks8c 0.48818 502790 19655.5 1070190
Kc7h 0.487711 500101 21842.5 1070190
Kc7s 0.487711 500101 21842.5 1070190
Kc5d 0.487426 496088 25550.5 1070190
Kc5s 0.486725 495364 25524.5 1070190
Kc5h 0.486725 495364 25524.5 1070190
Kd8d 0.484898 499888 19045.5 1070190
6c5c 0.484166 498105 20045 1070190
Kc4d 0.484069 491773 26273 1070190
Kc4s 0.483368 491049 26247 1070190
Kc4h 0.483368 491049 26247 1070190
6c4c 0.481846 495229 20438 1070190
Kc6d 0.481518 491820 23495.5 1070190
Kc6s 0.48078 491053 23473 1070190
Kc6h 0.48078 491053 23473 1070190
Kd7c 0.479935 492146 21475.5 1070190
7c2c 0.479731 491525 21878 1070190
Kh7c 0.479366 491613 21399.5 1070190
Ks7c 0.479366 491613 21399.5 1070190
Kd7d 0.477598 490359 20761.5 1070190
Kd5d 0.476391 485570 24259 1070190
Kd5c 0.476264 484612 25081 1070190
Kh5c 0.475728 484128 24991.5 1070190
Ks5c 0.475728 484128 24991.5 1070190
2d2c 0.474188 501771 5700 1070190
2h2c 0.473485 501026 5692.5 1070190
2s2c 0.473485 501026 5692.5 1070190
Kc2d 0.473169 480145 26235.5 1070190
Kd4d 0.473078 481343 24940 1070190
Kc2h 0.472529 479486 26209.5 1070190
Kc2s 0.472529 479486 26209.5 1070190
Kd6c 0.471769 481832 23050.5 1070190
Kd4c 0.47157 478890 25780 1070190
Kh6c 0.471224 481332 22967 1070190
Ks6c 0.471224 481332 22967 1070190
Kh4c 0.471044 478420 25687 1070190
Ks4c 0.471044 478420 25687 1070190
Kd6d 0.470912 481665 22300.5 1070190
Ks9d 0.467992 482887 17953 1070190
Kh9d 0.467992 482887 17953 1070190
Kd9h 0.467886 482736 17991 1070190
Kd9s 0.467886 482736 17991 1070190
Ks9s 0.467259 482125 17930.5 1070190
Ks9h 0.467259 482125 17930.5 1070190
Kh9h 0.467259 482125 17930.5 1070190
Kh9s 0.467259 482125 17930.5 1070190
6c2c 0.464745 476995 20370.5 1070190
Kd2d 0.461575 469073 24899.5 1070190
Ks8d 0.459654 472157 19760.5 1070190
Kh8d 0.459654 472157 19760.5 1070190
Kd8s 0.459518 471966 19806 1070190
Kd8h 0.459518 471966 19806 1070190
Ks8h 0.458921 471395 19738 1070190
Kh8h 0.458921 471395 19738 1070190
Kh8s 0.458921 471395 19738 1070190
Ks8s 0.458921 471395 19738 1070190
Kd2c 0.458639 465091 25739.5 1070190
Kh2c 0.458121 464630 25646.5 1070190
Ks2c 0.458121 464630 25646.5 1070190
Qc9d 0.453371 467110 18083 1070190
Qc9h 0.452668 466380 18060.5 1070190
Qc9s 0.452668 466380 18060.5 1070190
Kh7d 0.452054 462219 21564.5 1070190
Ks7d 0.452054 462219 21564.5 1070190
Kd7s 0.451891 461991 21618 1070190
Kd7h 0.451891 461991 21618 1070190
Kh7s 0.451322 461458 21542 1070190
Ks7s 0.451322 461458 21542 1070190
Ks7h 0.451322 461458 21542 1070190
Kh7h 0.451322 461458 21542 1070190
Kh5d 0.451275 457686 25264.5 1070190
Ks5d 0.451275 457686 25264.5 1070190
Kd5s 0.451111 457446 25328 1070190
Kd5h 0.451111 457446 25328 1070190
Ks5s 0.450575 456962 25238.5 1070190
Ks5h 0.450575 456962 25238.5 1070190
Kh5h 0.450575 456962 25238.5 1070190
Kh5s 0.450575 456962 25238.5 1070190
2h2d 0.449436 475303 5678.5 1070190
2s2d 0.449436 475303 5678.5 1070190
Qd9c 0.448872 462551 17827 1070190
2s2h 0.448732 474558 5671 1070190
Qs9c 0.448248 461943 17767 1070190
Qh9c 0.448248 461943 17767 1070190
Ks4d 0.447854 453305 25984 1070190
Kh4d 0.447854 453305 25984 1070190
Kd4s 0.447679 453051 26051 1070190
Kd4h 0.447679 453051 26051 1070190
Ks4h 0.447153 452581 25958 1070190
Kh4h 0.447153 452581 25958 1070190
Kh4s 0.447153 452581 25958 1070190
Ks4s 0.447153 452581 25958 1070190
Qc8d 0.445494 457305 19458 1070190
Kh6d 0.445061 453114 23186 1070190
Ks6d 0.445061 453114 23186 1070190
Kd6h 0.444869 452847 23247 1070190
Kd6s 0.444869 452847 23247 1070190
Qd9d 0.444868 458908 17185 1070190
Qc8h 0.444791 456575 19435.5 1070190
Qc8s 0.444791 456575 19435.5 1070190
Kh6h 0.444323 452347 23163.5 1070190
Kh6s 0.444323 452347 23163.5 1070190
Ks6s 0.444323 452347 23163.5 1070190
Ks6h 0.444323 452347 23163.5 1070190
Qd8c 0.439695 451410 19147 1070190
Qs8c 0.439099 450837 19082 1070190
Qh8c 0.439099 450837 19082 1070190
Qd8d 0.43725 449451 18490 1070190
Ks2d 0.436298 440978 25943.5 1070190
Kh2d 0.436298 440978 25943.5 1070190
Kd2h 0.436175 440780 26010.5 1070190
Kd2s 0.436175 440780 26010.5 1070190
Kh2h 0.435658 440319 25917.5 1070190
Ks2s 0.435658 440319 25917.5 1070190
Ks2h 0.435658 440319 25917.5 1070190
Kh2s 0.435658 440319 25917.5 1070190
Qc7d 0.428155 436575 21632 1070190
Qc5d 0.427736 432441 25317.5 1070190
Qc7h 0.427456 435850 21609.5 1070190
Qc7s 0.427456 435850 21609.5 1070190
Qc5s 0.427068 431752 25291.5 1070190
Qc5h 0.427068 431752 25291.5 1070190
Qc4d 0.424379 428126 26040 1070190
Qc4s 0.423711 427437 26014 1070190
Qc4h 0.423711 427437 26014 1070190
Qc6d 0.421229 427533 23262.5 1070190
Qd7c 0.421062 429369 21247 1070190
Qc6s 0.420525 426802 23240 1070190
Qc6h 0.420525 426802 23240 1070190
Qs7c 0.420496 428839 21172 1070190
Qh7c 0.420496 428839 21172 1070190
Qd7d 0.420351 429313 20542 1070190
Qd5d 0.419725 425146 24039.5 1070190
Qd5c 0.417994 422480 24852.5 1070190
Qh9d 0.417693 429199 17812 1070190
Qs9d 0.417693 429199 17812 1070190
Qd9s 0.417614 429077 17849.5 1070190
Qd9h 0.417614 429077 17849.5 1070190
Qh5c 0.417461 421999 24764 1070190
Qs5c 0.417461 421999 24764 1070190
Qh9h 0.41699 428469 17789.5 1070190
Qh9s 0.41699 428469 17789.5 1070190
Qs9h 0.41699 428469 17789.5 1070190
Qs9s 0.41699 428469 17789.5 1070190
Qd4d 0.416412 420919 24720.5 1070190
Qd6d 0.413665 420619 22081 1070190
Qc2d 0.413478 416498 26002.5 1070190
Qd4c 0.4133 416758 25551.5 1070190
Qd6c 0.412896 419055 22822 1070190
Qc2h 0.412871 415874 25976.5 1070190
Qc2s 0.412871 415874 25976.5 1070190
Qs4c 0.412778 416291 25459.5 1070190
Qh4c 0.412778 416291 25459.5 1070190
Qs6c 0.412354 418558 22739.5 1070190
Qh6c 0.412354 418558 22739.5 1070190
Qs8d 0.409774 419364 19172 1070190
Qh8d 0.409774 419364 19172 1070190
Qd8s 0.409667 419207 19214.5 1070190
Qd8h 0.409667 419207 19214.5 1070190
Qh8s 0.409071 418634 19149.5 1070190
Qh8h 0.409071 418634 19149.5 1070190
Qs8s 0.409071 418634 19149.5 1070190
Qs8h 0.409071 418634 19149.5 1070190
Qd2d 0.404908 408649 24680 1070190
Qd2c 0.400368 402959 25511 1070190
Qh2c 0.399854 402501 25419 1070190
Qs2c 0.399854 402501 25419 1070190
Tc9d 0.392984 396994 23573.5 1070190
Tc9h 0.392319 396314 23542 1070190
Tc9s 0.392319 396314 23542 1070190
Td9c 0.392051 396166 23403.5 1070190
Qh7d 0.391964 398142 21334 1070190
Qs7d 0.391964 398142 21334 1070190
Qd7h 0.391831 397947 21386.5 1070190
Qd7s 0.391831 397947 21386.5 1070190
Qh5d 0.391806 394273 25034 1070190
Qs5d 0.391806 394273 25034 1070190
Qd5s 0.39167 394065 25096.5 1070190
Qd5h 0.39167 394065 25096.5 1070190
Th9c 0.391431 395559 23347 1070190
Ts9c 0.391431 395559 23347 1070190
Qh7s 0.391266 397417 21311.5 1070190
Qh7h 0.391266 397417 21311.5 1070190
Qs7s 0.391266 397417 21311.5 1070190
Qs7h 0.391266 397417 21311.5 1070190
Qs5h 0.391138 393584 25008 1070190
Qs5s 0.391138 393584 25008 1070190
Qh5s 0.391138 393584 25008 1070190
Qh5h 0.391138 393584 25008 1070190
Td9d 0.389478 394493 22322 1070190
Qh4d 0.388385 389892 25753.5 1070190
Qs4d 0.388385 389892 25753.5 1070190
Qd4h 0.388239 389670 25819.5 1070190
Qd4s 0.388239 389670 25819.5 1070190
Qh4h 0.387717 389203 25727.5 1070190
Qs4s 0.387717 389203 25727.5 1070190
Qs4h 0.387717 389203 25727.5 1070190
Qh4s 0.387717 389203 25727.5 1070190
Tc8d 0.385107 387189 24948.5 1070190
Qh6d 0.384971 389037 22955.5 1070190
Qs6d 0.384971 389037 22955.5 1070190
Qd6h 0.384809 388803 23015.5 1070190
Qd6s 0.384809 388803 23015.5 1070190
Tc8s 0.384442 386509 24917 1070190
Tc8h 0.384442 386509 24917 1070190
Qs6s 0.384267 388306 22933 1070190
Qh6s 0.384267 388306 22933 1070190
Qh6h 0.384267 388306 22933 1070190
Qs6h 0.384267 388306 22933 1070190
Td8c 0.382875 385025 24723.5 1070190
Th8c 0.382283 384453 24662 1070190
Ts8c 0.382283 384453 24662 1070190
Td8d 0.38186 385036 23627 1070190
Qs2d 0.376828 377565 25713 1070190
Qh2d 0.376828 377565 25713 1070190
Qd2h 0.376735 377399 25779 1070190
Qd2s 0.376735 377399 25779 1070190
Qh2h 0.376221 376941 25687 1070190
Qh2s 0.376221 376941 25687 1070190
Qs2h 0.376221 376941 25687 1070190
Qs2s 0.376221 376941 25687 1070190
Tc7d 0.368098 367170 26764.5 1070190
Tc7s 0.367437 366494 26733 1070190
Tc7h 0.367437 366494 26733 1070190
Td7d 0.365274 365570 25343 1070190
Td7c 0.364571 363685 26475.5 1070190
Th7c 0.364009 363153 26406 1070190
Ts7c 0.364009 363153 26406 1070190
Ts9d 0.360033 361945 23359 1070190
Th9d 0.360033 361945 23359 1070190
Td9s 0.359988 361872 23384 1070190
Td9h 0.359988 361872 23384 1070190
Th9h 0.359368 361265 23327.5 1070190
Th9s 0.359368 361265 23327.5 1070190
Ts9s 0.359368 361265 23327.5 1070190
Ts9h 0.359368 361265 23327.5 1070190
Tc5d 0.357373 351739 30718.5 1070190
Tc5h 0.356746 351103 30683.5 1070190
Tc5s 0.356746 351103 30683.5 1070190
Td5d 0.354542 350335 29092.5 1070190
Tc4d 0.354017 347424 31441 1070190
Tc4s 0.35339 346788 31406 1070190
Tc4h 0.35339 346788 31406 1070190
Th8d 0.352114 352110 24719 1070190
Ts8d 0.352114 352110 24719 1070190
Td8h 0.352041 352002 24749 1070190
Td8s 0.352041 352002 24749 1070190
Ts8s 0.351449 351430 24687.5 1070190
Th8s 0.351449 351430 24687.5 1070190
Th8h 0.351449 351430 24687.5 1070190
Ts8h 0.351449 351430 24687.5 1070190
Td4d 0.351229 346108 29773.5 1070190
Td5c 0.351196 345504 30342 1070190
Ts5c 0.35067 345026 30257.5 1070190
Th5c 0.35067 345026 30257.5 1070190
Tc6d 0.350487 346424 28663.5 1070190
Tc6s 0.349825 345747 28632 1070190
Tc6h 0.349825 345747 28632 1070190
Td6d 0.348113 345413 27134 1070190
Td4c 0.346502 339782 31041 1070190
Ts4c 0.345986 339318 30953 1070190
Th4c 0.345986 339318 30953 1070190
Td6c 0.345713 341667 28311.5 1070190
Th6c 0.345178 341173 28233 1070190
Ts6c 0.345178 341173 28233 1070190
Tc2d 0.343154 335877 31363 1070190
Tc2s 0.342588 335306 31328 1070190
Tc2h 0.342588 335306 31328 1070190
5d4d 0.341265 340013 25205.5 1070190
Td2d 0.339762 333916 29694 1070190
5c4d 0.33752 334645 26566 1070190
5c4s 0.336955 334087 26519 1070190
5c4h 0.336955 334087 26519 1070190
5d4c 0.336309 333436 26478.5 1070190
5h4c 0.335756 332905 26418 1070190
5s4c 0.335756 332905 26418 1070190
Ts7d 0.33464 331605 26523 1070190
Th7d 0.33464 331605 26523 1070190
Td7s 0.334541 331461 26561 1070190
Td7h 0.334541 331461 26561 1070190
Th7h 0.333979 330929 26491.5 1070190
Th7s 0.333979 330929 26491.5 1070190
Ts7h 0.333979 330929 26491.5 1070190
Ts7s 0.333979 330929 26491.5 1070190
Td2c 0.333608 326064 30960 1070190
Ts2c 0.333101 325609 30872 1070190
Th2c 0.333101 325609 30872 1070190
9c8d 0.332882 331214 25033 1070190
9c8s 0.332251 330573 24999 1070190
9c8h 0.332251 330573 24999 1070190
9d8d 0.332159 331771 23702.5 1070190
9d8c 0.331636 330043 24870.5 1070190
9h8c 0.331026 329447 24814 1070190
9s8c 0.331026 329447 24814 1070190
Ts5d 0.323736 315968 30491.5 1070190
Th5d 0.323736 315968 30491.5 1070190
Td5s 0.323635 315810 30541 1070190
Td5h 0.323635 315810 30541 1070190
Ts5s 0.323109 315332 30456.5 1070190
Ts5h 0.323109 315332 30456.5 1070190
Th5s 0.323109 315332 30456.5 1070190
Th5h 0.323109 315332 30456.5 1070190
Ts4d 0.320315 311587 31211 1070190
Th4d 0.320315 311587 31211 1070190
Td4s 0.320204 311415 31264 1070190
Td4h 0.320204 311415 31264 1070190
Ts4s 0.319688 310951 31176 1070190
Ts4h 0.319688 310951 31176 1070190
Th4h 0.319688 310951 31176 1070190
Th4s 0.319688 310951 31176 1070190
5d2d 0.318445 315671 25126 1070190
9c7d 0.318036 313510 26849 1070190
9d7d 0.317686 314566 25418.5 1070190
9c7s 0.317408 312872 26815 1070190
9c7h 0.317408 312872 26815 1070190
Ts6d 0.316507 310310 28413 1070190
Th6d 0.316507 310310 28413 1070190
Td6s 0.31638 310127 28460 1070190
Td6h 0.31638 310127 28460 1070190
Ts6h 0.315845 309633 28381.5 1070190
Th6s 0.315845 309633 28381.5 1070190
Th6h 0.315845 309633 28381.5 1070190
Ts6s 0.315845 309633 28381.5 1070190
9d7c 0.315501 311023 26622.5 1070190
9s7c 0.314921 310467 26558 1070190
9h7c 0.314921 310467 26558 1070190
5c2d 0.314889 310503 26488 1070190
5c2s 0.314386 310012 26441 1070190
5c2h 0.314386 310012 26441 1070190
5d2c 0.311793 307280 26397.5 1070190
5h4d 0.311274 306696 26426.5 1070190
5s4d 0.311274 306696 26426.5 1070190
5d4h 0.311262 306669 26440 1070190
5d4s 0.311262 306669 26440 1070190
5h2c 0.311255 306765 26337 1070190
5s2c 0.311255 306765 26337 1070190
5s4s 0.310709 306138 26379.5 1070190
5h4h 0.310709 306138 26379.5 1070190
5h4s 0.310709 306138 26379.5 1070190
5s4h 0.310709 306138 26379.5 1070190
4d2d 0.309309 308819 22200 1070190
Ts2d 0.308797 299341 31130 1070190
Th2d 0.308797 299341 31130 1070190
Td2h 0.308738 299225 31183 1070190
Td2s 0.308738 299225 31183 1070190
Th2h 0.30823 298770 31095 1070190
Th2s 0.30823 298770 31095 1070190
Ts2h 0.30823 298770 31095 1070190
Ts2s 0.30823 298770 31095 1070190
9c5d 0.307692 298486 30803 1070190
9d5d 0.307323 299726 29168 1070190
9c5h 0.307097 297887 30765.5 1070190
9c5s 0.307097 297887 30765.5 1070190
9c4d 0.304335 294171 31525.5 1070190
4c2d 0.304171 302127 23393.5 1070190
9d4d 0.30401 295499 29849 1070190
9c4h 0.30374 293572 31488 1070190
9c4s 0.30374 293572 31488 1070190
4c2h 0.303694 301664 23346.5 1070190
4c2s 0.303694 301664 23346.5 1070190
9d5c 0.30251 293254 30489 1070190
4d2c 0.302304 300132 23390.5 1070190
9s5c 0.301966 292752 30409.5 1070190
9h5c 0.301966 292752 30409.5 1070190
4s2c 0.301779 299617 23343.5 1070190
4h2c 0.301779 299617 23343.5 1070190
9d6d 0.300737 294636 27209.5 1070190
9c6d 0.300643 292997 28748 1070190
9c6s 0.300014 292358 28714 1070190
9c6h 0.300014 292358 28714 1070190
9h8d 0.299657 295857 24832.5 1070190
9s8d 0.299657 295857 24832.5 1070190
9d8s 0.299636 295812 24855 1070190
9d8h 0.299636 295812 24855 1070190
9s8s 0.299026 295216 24798.5 1070190
9h8h 0.299026 295216 24798.5 1070190
9s8h 0.299026 295216 24798.5 1070190
9h8s 0.299026 295216 24798.5 1070190
9d4c 0.297816 287532 31188 1070190
9s4c 0.297283 287044 31105 1070190
9h4c 0.297283 287044 31105 1070190
9d6c 0.29686 289238 28458.5 1070190
9s6c 0.296307 288720 28385 1070190
9h6c 0.296307 288720 28385 1070190
9c2d 0.293473 282624 31447.5 1070190
9c2h 0.292939 282090 31410 1070190
9c2s 0.292939 282090 31410 1070190
9d2d 0.292543 283307 29769.5 1070190
5d2h 0.287598 281426 26359 1070190
5d2s 0.287598 281426 26359 1070190
5h2d 0.287563 281402 26345.5 1070190
5s2d 0.287563 281402 26345.5 1070190
5s2h 0.287061 280911 26298.5 1070190
5h2h 0.287061 280911 26298.5 1070190
5h2s 0.287061 280911 26298.5 1070190
5s2s 0.287061 280911 26298.5 1070190
9d2c 0.284922 273814 31107 1070190
9s7d 0.284435 277763 26636.5 1070190
9h7d 0.284435 277763 26636.5 1070190
9h2c 0.284397 273335 31024 1070190
9s2c 0.284397 273335 31024 1070190
9d7h 0.284387 277681 26667 1070190
9d7s 0.284387 277681 26667 1070190
9s7h 0.283807 277125 26602.5 1070190
9h7h 0.283807 277125 26602.5 1070190
9s7s 0.283807 277125 26602.5 1070190
9h7s 0.283807 277125 26602.5 1070190
8d7d 0.282473 277068 25231.5 1070190
8c7d 0.280593 273640 26647.5 1070190
8c7s 0.279997 273038 26611.5 1070190
8c7h 0.279997 273038 26611.5 1070190
8d7c 0.279376 272508 26477.5 1070190
8h7c 0.2788 271952 26417.5 1070190
8s7c 0.2788 271952 26417.5 1070190
4d2h 0.278049 274294 23271 1070190
4d2s 0.278049 274294 23271 1070190
4h2d 0.278 274242 23271 1070190
4s2d 0.278 274242 23271 1070190
4h2h 0.277524 273779 23224 1070190
4s2s 0.277524 273779 23224 1070190
4s2h 0.277524 273779 23224 1070190
4h2s 0.277524 273779 23224 1070190
9s5d 0.273926 262548 30605 1070190
9h5d 0.273926 262548 30605 1070190
9d5s 0.273875 262451 30647 1070190
9d5h 0.273875 262451 30647 1070190
9s5s 0.273331 261949 30567.5 1070190
9s5h 0.273331 261949 30567.5 1070190
9h5h 0.273331 261949 30567.5 1070190
9h5s 0.273331 261949 30567.5 1070190
8d5d 0.272055 262170 28981 1070190
9h4d 0.270505 258167 31324.5 1070190
9s4d 0.270505 258167 31324.5 1070190
9d4h 0.270444 258056 31370 1070190
9d4s 0.270444 258056 31370 1070190
8c5d 0.270194 258557 30601.5 1070190
9h4h 0.26991 257568 31287 1070190
9h4s 0.26991 257568 31287 1070190
9s4s 0.26991 257568 31287 1070190
9s4h 0.26991 257568 31287 1070190
8c5s 0.26963 257993 30562 1070190
8c5h 0.26963 257993 30562 1070190
8d4d 0.268742 257943 29662 1070190
8c4d 0.266837 254242 31324 1070190
9h6d 0.266529 256710 28526.5 1070190
9s6d 0.266529 256710 28526.5 1070190
9d6h 0.266453 256589 28566 1070190
9d6s 0.266453 256589 28566 1070190
8d5c 0.266335 254685 30344 1070190
8c4s 0.266273 253678 31284.5 1070190
8c4h 0.266273 253678 31284.5 1070190
9h6h 0.2659 256071 28492.5 1070190
9h6s 0.2659 256071 28492.5 1070190
9s6s 0.2659 256071 28492.5 1070190
9s6h 0.2659 256071 28492.5 1070190
8h5c 0.265796 254183 30269 1070190
8s5c 0.265796 254183 30269 1070190
8d6d 0.265524 257139 27022.5 1070190
8c6d 0.2632 253127 28546.5 1070190
8c6h 0.262602 252524 28510.5 1070190
8c6s 0.262602 252524 28510.5 1070190
8d4c 0.261641 248963 31043 1070190
8s4c 0.261112 248475 30964.5 1070190
8h4c 0.261112 248475 30964.5 1070190
8d6c 0.260735 250723 28313.5 1070190
8h6c 0.260187 250205 28244.5 1070190
8s6c 0.260187 250205 28244.5 1070190
9h2d 0.258986 245921 31243.5 1070190
9s2d 0.258986 245921 31243.5 1070190
9d2s 0.258977 245866 31289 1070190
9d2h 0.258977 245866 31289 1070190
9s2h 0.258452 245387 31206 1070190
9h2s 0.258452 245387 31206 1070190
9s2s 0.258452 245387 31206 1070190
9h2h 0.258452 245387 31206 1070190
7d5d 0.257601 247577 28105.5 1070190
8d2d 0.257275 245751 29582.5 1070190
8c2d 0.255974 242695 31246 1070190
8c2h 0.255471 242196 31206.5 1070190
8c2s 0.255471 242196 31206.5 1070190
7d4d 0.254367 243518 28702.5 1070190
7c5d 0.254051 242213 29670 1070190
7c5h 0.253508 241673 29629 1070190
7c5s 0.253508 241673 29629 1070190
7d5c 0.251529 239711 29473 1070190
7d6d 0.251495 243000 26147 1070190
7h5c 0.250991 239204 29404 1070190
7s5c 0.250991 239204 29404 1070190
7c4d 0.250778 238077 30303 1070190
7c4s 0.250235 237537 30262 1070190
7c4h 0.250235 237537 30262 1070190
8d2c 0.248747 235245 30962 1070190
8h2c 0.248226 234766 30883.5 1070190
8s2c 0.248226 234766 30883.5 1070190
8h7d 0.24758 238489 26469 1070190
8s7d 0.24758 238489 26469 1070190
8d7h 0.24756 238443 26493 1070190
8d7s 0.24756 238443 26493 1070190
7c6d 0.247497 237254 27615 1070190
8s7s 0.246984 237887 26433 1070190
8h7h 0.246984 237887 26433 1070190
8h7s 0.246984 237887 26433 1070190
8s7h 0.246984 237887 26433 1070190
7c6s 0.246922 236676 27577.5 1070190
7c6h 0.246922 236676 27577.5 1070190
7d4c 0.246917 234163 30085 1070190
7s4c 0.246388 233669 30013 1070190
7h4c 0.246388 233669 30013 1070190
7d6c 0.24636 236210 27442.5 1070190
7s6c 0.245812 235686 27379.5 1070190
7h6c 0.245812 235686 27379.5 1070190
6d5d 0.237029 227971 25695.5 1070190
8s5d 0.237014 223212 30437.5 1070190
8h5d 0.237014 223212 30437.5 1070190
8d5s 0.236989 223150 30473 1070190
8d5h 0.236989 223150 30473 1070190
8h5h 0.23645 222648 30398 1070190
8s5h 0.23645 222648 30398 1070190
8s5s 0.23645 222648 30398 1070190
8h5s 0.23645 222648 30398 1070190
6d4d 0.233794 223912 26292.5 1070190
8h4d 0.233592 218831 31157 1070190
8s4d 0.233592 218831 31157 1070190
8d4h 0.233558 218755 31196 1070190
8d4s 0.233558 218755 31196 1070190
8s4h 0.233028 218267 31117.5 1070190
8s4s 0.233028 218267 31117.5 1070190
8h4s 0.233028 218267 31117.5 1070190
8h4h 0.233028 218267 31117.5 1070190
6c5d 0.231675 220802 27134.5 1070190
6c5h 0.231156 220285 27096 1070190
6c5s 0.231156 220285 27096 1070190
6d5c 0.230455 219641 26989.5 1070190
7d2d 0.229985 217505 28623 1070190
6h5c 0.229922 219131 26929 1070190
6s5c 0.229922 219131 26929 1070190
8s6d 0.229674 217436 28359 1070190
8h6d 0.229674 217436 28359 1070190
8d6h 0.229626 217351 28392 1070190
8d6s 0.229626 217351 28392 1070190
8s6h 0.229077 216833 28323 1070190
8h6s 0.229077 216833 28323 1070190
8h6h 0.229077 216833 28323 1070190
8s6s 0.229077 216833 28323 1070190
6c4d 0.228402 216666 27767.5 1070190
6c4s 0.227883 216149 27729 1070190
6c4h 0.227883 216149 27729 1070190
7c2d 0.226688 212374 30225 1070190
7c2h 0.226214 211908 30184 1070190
7c2s 0.226214 211908 30184 1070190
6d4c 0.225843 214093 27601.5 1070190
6s4c 0.225319 213596 27538 1070190
6h4c 0.225319 213596 27538 1070190
7h5d 0.222179 208237 29536.5 1070190
7s5d 0.222179 208237 29536.5 1070190
7d5h 0.222174 208204 29564.5 1070190
7d5s 0.222174 208204 29564.5 1070190
8d2s 0.222091 206565 31115 1070190
8d2h 0.222091 206565 31115 1070190
8h2d 0.222074 206585 31076 1070190
8s2d 0.222074 206585 31076 1070190
7s5s 0.221636 207697 29495.5 1070190
7s5h 0.221636 207697 29495.5 1070190
7h5h 0.221636 207697 29495.5 1070190
7h5s 0.221636 207697 29495.5 1070190
8h2s 0.22157 206086 31036.5 1070190
8s2h 0.22157 206086 31036.5 1070190
8s2s 0.22157 206086 31036.5 1070190
8h2h 0.22157 206086 31036.5 1070190
7d2c 0.220786 206279 30004 1070190
7s2c 0.220272 205801 29932 1070190
7h2c 0.220272 205801 29932 1070190
7s4d 0.218841 204035 30166.5 1070190
7h4d 0.218841 204035 30166.5 1070190
7d4s 0.218827 203989 30197.5 1070190
7d4h 0.218827 203989 30197.5 1070190
7h4h 0.218298 203495 30125.5 1070190
7s4h 0.218298 203495 30125.5 1070190
7s4s 0.218298 203495 30125.5 1070190
7h4s 0.218298 203495 30125.5 1070190
7s6d 0.215291 202944 27458 1070190
7h6d 0.215291 202944 27458 1070190
7d6h 0.215264 202890 27483.5 1070190
7d6s 0.215264 202890 27483.5 1070190
7s6s 0.214716 202366 27420.5 1070190
7h6s 0.214716 202366 27420.5 1070190
7h6h 0.214716 202366 27420.5 1070190
7s6h 0.214716 202366 27420.5 1070190
6d2d 0.209413 197899 26213 1070190
6c2d 0.204312 190963 27689.5 1070190
6c2s 0.203862 190520 27651 1070190
6c2h 0.203862 190520 27651 1070190
6d5h 0.200711 187778 27020.5 1070190
6d5s 0.200711 187778 27020.5 1070190
6s5d 0.200697 187785 26998.5 1070190
6h5d 0.200697 187785 26998.5 1070190
6s5h 0.200178 187268 26960 1070190
6h5s 0.200178 187268 26960 1070190
6h5h 0.200178 187268 26960 1070190
6s5s 0.200178 187268 26960 1070190
6d2c 0.199712 186209 27520.5 1070190
6h2c 0.199203 185728 27457 1070190
6s2c 0.199203 185728 27457 1070190
6d4s 0.197364 183563 27653.5 1070190
6d4h 0.197364 183563 27653.5 1070190
6h4d 0.197359 183583 27628.5 1070190
6s4d 0.197359 183583 27628.5 1070190
6h4s 0.19684 183066 27590 1070190
6s4h 0.19684 183066 27590 1070190
6s4s 0.19684 183066 27590 1070190
6h4h 0.19684 183066 27590 1070190
7d2s 0.193608 177081 30116.5 1070190
7d2h 0.193608 177081 30116.5 1070190
7h2d 0.193568 177069 30085.5 1070190
7s2d 0.193568 177069 30085.5 1070190
7h2h 0.193094 176603 30044.5 1070190
7h2s 0.193094 176603 30044.5 1070190
7s2h 0.193094 176603 30044.5 1070190
7s2s 0.193094 176603 30044.5 1070190
6d2h 0.172145 156655 27572.5 1070190
6d2s 0.172145 156655 27572.5 1070190
6h2d 0.172086 156617 27547.5 1070190
6s2d 0.172086 156617 27547.5 1070190
6h2s 0.171636 156174 27509 1070190
6h2h 0.171636 156174 27509 1070190
6s2h 0.171636 156174 27509 1070190
6s2s 0.171636 156174 27509 1070190
