JsJc 0.999922 1070106 0 1070190
Jc3s 0.988567 1053950 4004 1070190
Jc3h 0.988567 1053950 4004 1070190
Jc3d 0.988567 1053950 4004 1070190
Js3d 0.988567 1053950 4004 1070190
Js3h 0.988567 1053950 4004 1070190
Js3s 0.988567 1053950 4004 1070190
AcJc 0.969862 1032888 5049 1070190
AhJc 0.968187 1031028 5116.5 1070190
AdJc 0.968187 1031028 5116.5 1070190
AhJs 0.96783 1030668 5094 1070190
AdJs 0.96783 1030668 5094 1070190
AsJc 0.967812 1030626 5116.5 1070190
AcJs 0.967809 1030623 5116.5 1070190
KcJc 0.967567 1030431 5049 1070190
AsJs 0.967454 1030266 5094 1070190
KhJc 0.966001 1028688 5116.5 1070190
KdJc 0.966001 1028688 5116.5 1070190
QcJc 0.965911 1028419 5289 1070190
KdJs 0.965677 1028364 5094 1070190
KhJs 0.965677 1028364 5094 1070190
KcJs 0.96565 1028313 5116.5 1070190
KsJc 0.965622 1028283 5116.5 1070190
KsJs 0.965299 1027959 5094 1070190
QhJc 0.964458 1026781 5372.5 1070190
QdJc 0.964458 1026781 5372.5 1070190
QhJs 0.964172 1026501 5346 1070190
QdJs 0.964172 1026501 5346 1070190
QcJs 0.964142 1026447 5368.5 1070190
QsJc 0.96408 1026376 5372.5 1070190
QsJs 0.963793 1026096 5346 1070190
JcTc 0.963746 1025688 5703 1070190
JcTh 0.962373 1024107 5814.5 1070190
JcTd 0.962373 1024107 5814.5 1070190
JsTd 0.962125 1023876 5781 1070190
JsTh 0.962125 1023876 5781 1070190
JsTc 0.962093 1023819 5803.5 1070190
JcTs 0.961994 1023702 5814.5 1070190
JsTs 0.961747 1023471 5781 1070190
Jc9c 0.960528 1021704 6243 1070190
Jc9d 0.958944 1019862 6390.5 1070190
Jc9h 0.958944 1019862 6390.5 1070190
Js9d 0.958736 1019682 6348 1070190
Js9h 0.958736 1019682 6348 1070190
Js9c 0.958707 1019628 6370.5 1070190
Jc9s 0.958566 1019457 6390.5 1070190
Js9s 0.958358 1019277 6348 1070190
Jc8c 0.957422 1017780 6843 1070190
Jc8d 0.955635 1015681 7030.5 1070190
Jc8h 0.955635 1015681 7030.5 1070190
Js8h 0.955465 1015551 6978 1070190
Js8d 0.955465 1015551 6978 1070190
Js8c 0.955438 1015500 7000.5 1070190
Jc7c 0.955381 1014996 7443 1070190
Jc8s 0.955257 1015276 7030.5 1070190
Js8s 0.955086 1015146 6978 1070190
Jc6c 0.953676 1012632 7983 1070190
Jc7h 0.953449 1012701 7670.5 1070190
Jc7d 0.953449 1012701 7670.5 1070190
Js7d 0.953312 1012617 7608 1070190
Js7h 0.953312 1012617 7608 1070190
Js7c 0.953291 1012572 7630.5 1070190
Jc5c 0.953248 1011753 8403 1070190
Jc7s 0.953073 1012299 7670.5 1070190
Js7s 0.952936 1012215 7608 1070190
3s3d 0.952873 1017978 1777 1070190
3s3h 0.952873 1017978 1777 1070190
3h3d 0.952873 1017978 1777 1070190
Jc4c 0.952541 1010757 8643 1070190
Jc6h 0.951621 1010169 8246.5 1070190
Jc6d 0.951621 1010169 8246.5 1070190
Js6h 0.951512 1010124 8175 1070190
Js6d 0.951512 1010124 8175 1070190
Js6c 0.951497 1010085 8197.5 1070190
Jc6s 0.951248 1009770 8246.5 1070190
Jc5h 0.951155 1009222 8694.5 1070190
Jc5d 0.951155 1009222 8694.5 1070190
Jc2c 0.951141 1009083 8818.5 1070190
Js6s 0.95114 1009725 8175 1070190
Js5d 0.951067 1009206 8616 1070190
Js5h 0.951067 1009206 8616 1070190
Js5c 0.951054 1009170 8638.5 1070190
Jc5s 0.950785 1008826 8694.5 1070190
Js5s 0.950697 1008810 8616 1070190
Jc4d 0.950404 1008162 8950.5 1070190
Jc4h 0.950404 1008162 8950.5 1070190
Js4h 0.950327 1008162 8868 1070190
Js4d 0.950327 1008162 8868 1070190
Js4c 0.950314 1008126 8890.5 1070190
Jc4s 0.950034 1007766 8950.5 1070190
Js4s 0.949957 1007766 8868 1070190
Jc2d 0.948961 1006443 9126 1070190
Jc2h 0.948961 1006443 9126 1070190
Js2h 0.948884 1006443 9043.5 1070190
Js2d 0.948884 1006443 9043.5 1070190
Js2c 0.948869 1006404 9066 1070190
Jc2s 0.948589 1006044 9126 1070190
Js2s 0.948511 1006044 9043.5 1070190
AhAd 0.888594 950426 538 1070190
AdAc 0.888467 950291 538 1070190
AhAc 0.888467 950291 538 1070190
AsAh 0.888134 949934 538 1070190
AsAd 0.888134 949934 538 1070190
AsAc 0.888008 949799 538 1070190
KhKd 0.865483 925697 534 1070190
KdKc 0.865351 925556 534 1070190
KhKc 0.865351 925556 534 1070190
KsKh 0.86502 925202 534 1070190
KsKd 0.86502 925202 534 1070190
KsKc 0.864888 925061 534 1070190
QhQd 0.843581 902262 530 1070190
QhQc 0.843446 902118 530 1070190
QdQc 0.843446 902118 530 1070190
QsQh 0.843119 901767 530 1070190
QsQd 0.843119 901767 530 1070190
QsQc 0.842984 901623 530 1070190
ThTd 0.813718 868400 2433 1070190
TdTc 0.813581 868253 2433 1070190
ThTc 0.813581 868253 2433 1070190
TsTd 0.813256 867905 2433 1070190
TsTh 0.813256 867905 2433 1070190
TsTc 0.813118 867758 2433 1070190
9h9d 0.785707 838337 2519 1070190
9d9c 0.785573 838193 2519 1070190
9h9c 0.785573 838193 2519 1070190
9s9d 0.785245 837842 2519 1070190
9s9h 0.785245 837842 2519 1070190
9s9c 0.78511 837698 2519 1070190
8h8d 0.757038 807618 2557 1070190
8h8c 0.756907 807477 2557 1070190
8d8c 0.756907 807477 2557 1070190
8s8d 0.756576 807123 2557 1070190
8s8h 0.756576 807123 2557 1070190
8s8c 0.756444 806982 2557 1070190
7h7d 0.729041 777665 2547 1070190
7d7c 0.728914 777530 2547 1070190
7h7c 0.728914 777530 2547 1070190
7s7d 0.728581 777173 2547 1070190
7s7h 0.728581 777173 2547 1070190
7s7c 0.728455 777038 2547 1070190
Ad3d 0.702839 737378 14793 1070190
Ah3h 0.702839 737378 14793 1070190
6h6d 0.700923 747632 2489 1070190
6h6c 0.700803 747503 2489 1070190
6d6c 0.700803 747503 2489 1070190
6s6h 0.700466 747143 2489 1070190
6s6d 0.700466 747143 2489 1070190
6s6c 0.700346 747014 2489 1070190
Ah3d 0.687504 720809 14950.5 1070190
Ad3h 0.687504 720809 14950.5 1070190
Ac3d 0.687398 720719 14928 1070190
Ac3h 0.687398 720719 14928 1070190
Ah3s 0.687062 720359 14928 1070190
Ad3s 0.687062 720359 14928 1070190
Ac3s 0.686957 720269 14905.5 1070190
As3h 0.686737 720011 14928 1070190
As3d 0.686737 720011 14928 1070190
As3s 0.686295 719561 14905.5 1070190
Kd3d 0.686076 715404 18828 1070190
Kh3h 0.686076 715404 18828 1070190
5h5d 0.674018 718944 2383 1070190
5h5c 0.6739 718818 2383 1070190
5d5c 0.6739 718818 2383 1070190
5s5h 0.673564 718458 2383 1070190
5s5d 0.673564 718458 2383 1070190
5s5c 0.673446 718332 2383 1070190
Qd3d 0.672065 697326 21911 1070190
Qh3h 0.672065 697326 21911 1070190
Kh3d 0.67043 698211 19276.5 1070190
Kd3h 0.67043 698211 19276.5 1070190
Kc3h 0.670325 698121 19254 1070190
Kc3d 0.670325 698121 19254 1070190
Kh3s 0.670056 697869 19218 1070190
Kd3s 0.670056 697869 19218 1070190
Kc3s 0.669951 697779 19195.5 1070190
Ks3d 0.669663 697413 19254 1070190
Ks3h 0.669663 697413 19254 1070190
Ks3s 0.669289 697071 19195.5 1070190
Td3d 0.659845 681899 24260 1070190
Th3h 0.659845 681899 24260 1070190
Qd3h 0.656251 679727 22586.5 1070190
Qh3d 0.656251 679727 22586.5 1070190
Qc3h 0.656146 679637 22564 1070190
Qc3d 0.656146 679637 22564 1070190
Qh3s 0.655929 679469 22500 1070190
Qd3s 0.655929 679469 22500 1070190
Qc3s 0.655824 679379 22477.5 1070190
Qs3d 0.65549 678935 22564 1070190
Qs3h 0.65549 678935 22564 1070190
Qs3s 0.655168 678677 22477.5 1070190
9h3h 0.649325 669132 25769 1070190
9d3d 0.649325 669132 25769 1070190
AhKh 0.647301 676397 16338 1070190
AdKd 0.647301 676397 16338 1070190
4h4d 0.646471 689618 2229 1070190
4d4c 0.646353 689492 2229 1070190
4h4c 0.646353 689492 2229 1070190
4s4d 0.646017 689132 2229 1070190
4s4h 0.646017 689132 2229 1070190
4s4c 0.645899 689006 2229 1070190
AcKc 0.645394 673956 16738.5 1070190
Th3d 0.643942 664034 25106.5 1070190
Td3h 0.643942 664034 25106.5 1070190
Tc3h 0.643837 663944 25084 1070190
Tc3d 0.643837 663944 25084 1070190
Th3s 0.64366 663839 24999 1070190
Td3s 0.64366 663839 24999 1070190
Tc3s 0.643554 663749 24976.5 1070190
Ts3d 0.643187 663248 25084 1070190
Ts3h 0.643187 663248 25084 1070190
Ts3s 0.642904 663053 24976.5 1070190
8d3d 0.640553 658830 26683 1070190
8h3h 0.640553 658830 26683 1070190
AdQd 0.638586 666270 17138 1070190
AhQh 0.638586 666270 17138 1070190
AcQc 0.636798 664000 17494.5 1070190
7h3h 0.633608 650960 27121 1070190
7d3d 0.633608 650960 27121 1070190
9d3h 0.633302 651015 26738.5 1070190
9h3d 0.633302 651015 26738.5 1070190
9c3d 0.633197 650925 26716 1070190
9c3h 0.633197 650925 26716 1070190
9d3s 0.633047 650865 26616 1070190
9h3s 0.633047 650865 26616 1070190
9c3s 0.632942 650775 26593.5 1070190
9s3d 0.632541 650223 26716 1070190
9s3h 0.632541 650223 26716 1070190
9s3s 0.632286 650073 26593.5 1070190
AdKh 0.629642 656837 16999.5 1070190
AhKd 0.629642 656837 16999.5 1070190
AhTh 0.629592 655666 18117 1070190
AdTd 0.629592 655666 18117 1070190
AcKd 0.629533 656756 16963.5 1070190
AcKh 0.629533 656756 16963.5 1070190
AhKc 0.629499 656684 16999.5 1070190
AdKc 0.629499 656684 16999.5 1070190
AsKh 0.628815 656010 16941 1070190
AsKd 0.628815 656010 16941 1070190
AhKs 0.62878 655937 16977 1070190
AdKs 0.62878 655937 16977 1070190
AsKc 0.628672 655857 16941 1070190
AcKs 0.628671 655856 16941 1070190
6h3h 0.627966 644841 27202 1070190
6d3d 0.627966 644841 27202 1070190
AsKs 0.627953 655110 16918.5 1070190
AcTc 0.627906 653544 18435 1070190
8h3d 0.624458 640553 27735.5 1070190
8d3h 0.624458 640553 27735.5 1070190
8c3h 0.624353 640463 27713 1070190
8c3d 0.624353 640463 27713 1070190
8d3s 0.624222 640433 27603 1070190
8h3s 0.624222 640433 27603 1070190
8c3s 0.624117 640343 27580.5 1070190
5d3d 0.623707 640440 27045 1070190
5h3h 0.623707 640440 27045 1070190
8s3d 0.623691 639755 27713 1070190
8s3h 0.623691 639755 27713 1070190
8s3s 0.623455 639635 27580.5 1070190
AdQh 0.620644 646408 17799.5 1070190
AhQd 0.620644 646408 17799.5 1070190
AcQh 0.620524 646311 17767.5 1070190
AcQd 0.620524 646311 17767.5 1070190
AdQc 0.620501 646255 17799.5 1070190
AhQc 0.620501 646255 17799.5 1070190
4h3h 0.620003 636752 26769 1070190
4d3d 0.620003 636752 26769 1070190
AsQd 0.619843 645609 17741 1070190
AsQh 0.619843 645609 17741 1070190
AdQs 0.619788 645514 17777 1070190
AhQs 0.619788 645514 17777 1070190
AsQc 0.6197 645456 17741 1070190
AcQs 0.619668 645417 17745 1070190
AsQs 0.618987 644715 17718.5 1070190
7d3h 0.617525 632645 28224.5 1070190
7h3d 0.617525 632645 28224.5 1070190
7c3h 0.61742 632555 28202 1070190
7c3d 0.61742 632555 28202 1070190
7h3s 0.617301 632543 28086 1070190
7d3s 0.617301 632543 28086 1070190
7c3s 0.617196 632453 28063.5 1070190
7s3h 0.616759 631847 28202 1070190
7s3d 0.616759 631847 28202 1070190
7s3s 0.616534 631745 28063.5 1070190
Ad9d 0.613374 636099 20328 1070190
Ah9h 0.613374 636099 20328 1070190
6h3d 0.611914 626532 28332.5 1070190
6d3h 0.611914 626532 28332.5 1070190
6c3d 0.611809 626442 28310 1070190
6c3h 0.611809 626442 28310 1070190
Ac9c 0.611807 634137 20613 1070190
6d3s 0.611695 626439 28191 1070190
6h3s 0.611695 626439 28191 1070190
6c3s 0.61159 626349 28168.5 1070190
AdTh 0.611382 635516 18778.5 1070190
AhTd 0.611382 635516 18778.5 1070190
AcTd 0.611251 635405 18750 1070190
AcTh 0.611251 635405 18750 1070190
AdTc 0.611239 635363 18778.5 1070190
AhTc 0.611239 635363 18778.5 1070190
6s3h 0.611148 625734 28310 1070190
6s3d 0.611148 625734 28310 1070190
6s3s 0.610928 625641 28168.5 1070190
AsTd 0.610607 634745 18720 1070190
AsTh 0.610607 634745 18720 1070190
AhTs 0.610531 634628 18756 1070190
AdTs 0.610531 634628 18756 1070190
AsTc 0.610464 634592 18720 1070190
AcTs 0.6104 634517 18727.5 1070190
AsTs 0.609756 633857 18697.5 1070190
5h3d 0.60774 622211 28186.5 1070190
5d3h 0.60774 622211 28186.5 1070190
5c3h 0.607635 622121 28164 1070190
5c3d 0.607635 622121 28164 1070190
5d3s 0.607523 622121 28044 1070190
5h3s 0.607523 622121 28044 1070190
5c3s 0.607418 622031 28021.5 1070190
5s3h 0.606979 621419 28164 1070190
5s3d 0.606979 621419 28164 1070190
5s3s 0.606762 621329 28021.5 1070190
Ad8d 0.604203 624435 22176.5 1070190
Ah8h 0.604203 624435 22176.5 1070190
4h3d 0.60406 618545 27913.5 1070190
4d3h 0.60406 618545 27913.5 1070190
4c3d 0.603954 618455 27891 1070190
4c3h 0.603954 618455 27891 1070190
4h3s 0.603842 618455 27771 1070190
4d3s 0.603842 618455 27771 1070190
4c3s 0.603737 618365 27748.5 1070190
4s3d 0.603298 617753 27891 1070190
4s3h 0.603298 617753 27891 1070190
4s3s 0.603081 617663 27748.5 1070190
Ac8c 0.602718 622589 22434 1070190
3d2d 0.597074 613028 25955 1070190
3h2h 0.597074 613028 25955 1070190
Ad7d 0.596017 613833 24018.5 1070190
Ah7h 0.596017 613833 24018.5 1070190
Ac7c 0.594606 612087 24254 1070190
Ad9h 0.594356 614976 21097.5 1070190
Ah9d 0.594356 614976 21097.5 1070190
Ac9d 0.594217 614853 21072 1070190
Ac9h 0.594217 614853 21072 1070190
Ah9c 0.594213 614823 21097.5 1070190
Ad9c 0.594213 614823 21097.5 1070190
As9d 0.593614 614250 21030 1070190
As9h 0.593614 614250 21030 1070190
Ah9s 0.593502 614085 21075 1070190
Ad9s 0.593502 614085 21075 1070190
As9c 0.593471 614097 21030 1070190
Ac9s 0.593363 613962 21049.5 1070190
As9s 0.592761 613359 21007.5 1070190
Ad5d 0.590842 605342 26971 1070190
Ah5h 0.590842 605342 26971 1070190
Ac5c 0.589545 603746 27179 1070190
Ad6d 0.588848 604503 25676 1070190
Ah6h 0.588848 604503 25676 1070190
Ac6c 0.587494 602835 25895 1070190
Ah4h 0.586708 600164 27725.5 1070190
Ad4d 0.586708 600164 27725.5 1070190
Ac4c 0.585427 598590 27928 1070190
Ad8h 0.584775 602784 23036 1070190
Ah8d 0.584775 602784 23036 1070190
Ad8c 0.584632 602631 23036 1070190
Ah8c 0.584632 602631 23036 1070190
Ac8d 0.584629 602651 23013 1070190
Ac8h 0.584629 602651 23013 1070190
As8d 0.584064 602098 22961 1070190
As8h 0.584064 602098 22961 1070190
As8c 0.583921 601945 22961 1070190
Ah8s 0.583915 601887 23013.5 1070190
Ad8s 0.583915 601887 23013.5 1070190
Ac8s 0.58377 601754 22990.5 1070190
As8s 0.583204 601201 22938.5 1070190
3d2h 0.580033 593651 27095 1070190
3h2d 0.580033 593651 27095 1070190
3h2c 0.579991 593651 27050 1070190
3d2c 0.579991 593651 27050 1070190
3s2h 0.579879 593651 26930 1070190
3s2d 0.579879 593651 26930 1070190
3s2c 0.579837 593651 26885 1070190
3d2s 0.57933 592943 27050 1070190
3h2s 0.57933 592943 27050 1070190
3s2s 0.579176 592943 26885 1070190
Ad7h 0.576258 591732 24974 1070190
Ah7d 0.576258 591732 24974 1070190
Ad7c 0.576115 591579 24974 1070190
Ah7c 0.576115 591579 24974 1070190
Ac7d 0.576107 591591 24953 1070190
Ac7h 0.576107 591591 24953 1070190
As7d 0.575575 591084 24891 1070190
As7h 0.575575 591084 24891 1070190
As7c 0.575432 590931 24891 1070190
Ah7s 0.575399 590835 24951.5 1070190
Ad7s 0.575399 590835 24951.5 1070190
Ac7s 0.575248 590694 24930.5 1070190
KhQh 0.574765 595361 19747 1070190
KdQd 0.574765 595361 19747 1070190
As7s 0.574716 590187 24868.5 1070190
KcQc 0.572648 592526 20316.5 1070190
Ad2d 0.571277 583181 28193.5 1070190
Ah2h 0.571277 583181 28193.5 1070190
Ad5h 0.57111 583108 28088.5 1070190
Ah5d 0.57111 583108 28088.5 1070190
Ad5c 0.570967 582955 28088.5 1070190
Ah5c 0.570967 582955 28088.5 1070190
Ac5d 0.570952 582957 28070 1070190
Ac5h 0.570952 582957 28070 1070190
As5h 0.57046 582509 27992 1070190
As5d 0.57046 582509 27992 1070190
As5c 0.570317 582356 27992 1070190
Ad5s 0.570255 582215 28066 1070190
Ah5s 0.570255 582215 28066 1070190
Ac5s 0.570096 582064 28047.5 1070190
Ac2c 0.569947 581565 28387 1070190
As5s 0.569605 581616 27969.5 1070190
Ah6d 0.568809 582012 26721.5 1070190
Ad6h 0.568809 582012 26721.5 1070190
Ad6c 0.568666 581859 26721.5 1070190
Ah6c 0.568666 581859 26721.5 1070190
Ac6h 0.568653 581865 26702 1070190
Ac6d 0.568653 581865 26702 1070190
As6h 0.56815 581397 26631 1070190
As6d 0.56815 581397 26631 1070190
As6c 0.568007 581244 26631 1070190
Ah6s 0.56795 581115 26699 1070190
Ad6s 0.56795 581115 26699 1070190
Ac6s 0.567794 580968 26679.5 1070190
As6s 0.56729 580500 26608.5 1070190
Ad4h 0.566859 577762 28885 1070190
Ah4d 0.566859 577762 28885 1070190
Ad4c 0.566716 577609 28885 1070190
Ah4c 0.566716 577609 28885 1070190
Ac4d 0.566699 577609 28867 1070190
Ac4h 0.566699 577609 28867 1070190
As4h 0.566219 577177 28785 1070190
As4d 0.566219 577177 28785 1070190
As4c 0.566076 577024 28785 1070190
Ah4s 0.566004 576869 28862.5 1070190
Ad4s 0.566004 576869 28862.5 1070190
Ac4s 0.565844 576716 28844.5 1070190
KhTh 0.565548 584518 20726 1070190
KdTd 0.565548 584518 20726 1070190
As4s 0.565364 576284 28762.5 1070190
KcTc 0.563535 581832 21257 1070190
KdQh 0.553737 571982 20621.5 1070190
KhQd 0.553737 571982 20621.5 1070190
KcQh 0.55362 571885 20593.5 1070190
KcQd 0.55362 571885 20593.5 1070190
KhQc 0.553597 571837 20617.5 1070190
KdQc 0.553597 571837 20617.5 1070190
KsQd 0.552936 571180 20567 1070190
KsQh 0.552936 571180 20567 1070190
KdQs 0.552915 571129 20595 1070190
KhQs 0.552915 571129 20595 1070190
KcQs 0.552798 571032 20567 1070190
KsQc 0.552797 571035 20563 1070190
KsQs 0.552115 570327 20540.5 1070190
Ad2h 0.551242 560581 29353 1070190
Ah2d 0.551242 560581 29353 1070190
Ad2c 0.551179 560518 29348.5 1070190
Ah2c 0.551179 560518 29348.5 1070190
Ac2h 0.551095 560446 29330.5 1070190
Ac2d 0.551095 560446 29330.5 1070190
As2h 0.550615 560014 29248.5 1070190
As2d 0.550615 560014 29248.5 1070190
As2c 0.550552 559951 29244 1070190
Ad2s 0.550461 559772 29326 1070190
Ah2s 0.550461 559772 29326 1070190
Ac2s 0.550314 559637 29303.5 1070190
As2s 0.549834 559205 29221.5 1070190
Kd9d 0.549829 566019 22403 1070190
Kh9h 0.549829 566019 22403 1070190
Kc9c 0.547934 563493 22901 1070190
KhTd 0.544237 560837 21600.5 1070190
KdTh 0.544237 560837 21600.5 1070190
KcTd 0.544111 560726 21576 1070190
KcTh 0.544111 560726 21576 1070190
KdTc 0.544098 560692 21596.5 1070190
KhTc 0.544098 560692 21596.5 1070190
KsTd 0.543463 560063 21546 1070190
KsTh 0.543463 560063 21546 1070190
KhTs 0.543421 559990 21574 1070190
KdTs 0.543421 559990 21574 1070190
KsTc 0.543324 559918 21542 1070190
KcTs 0.543295 559879 21549.5 1070190
KsTs 0.542647 559216 21519.5 1070190
Kh8h 0.532539 545221 24696.5 1070190
Kd8d 0.532539 545221 24696.5 1070190
Kc8c 0.530753 542840 25167 1070190
Kh9d 0.527744 541437 23349.5 1070190
Kd9h 0.527744 541437 23349.5 1070190
Kc9d 0.527609 541314 23328 1070190
Kc9h 0.527609 541314 23328 1070190
Kh9c 0.527605 541292 23345.5 1070190
Kd9c 0.527605 541292 23345.5 1070190
Ks9h 0.527002 540703 23289 1070190
Ks9d 0.527002 540703 23289 1070190
Kh9s 0.526924 540586 23323 1070190
Kd9s 0.526924 540586 23323 1070190
Ks9c 0.526863 540558 23285 1070190
Kc9s 0.526789 540463 23301.5 1070190
Ks9s 0.526182 539852 23262.5 1070190
Kh7h 0.524353 534619 26538.5 1070190
Kd7d 0.524353 534619 26538.5 1070190
Kc7c 0.522641 532338 26987 1070190
Kd6d 0.517184 525289 28196 1070190
Kh6h 0.517184 525289 28196 1070190
Kc6c 0.515529 523086 28628 1070190
QhTh 0.511957 525264 22627 1070190
QdTd 0.511957 525264 22627 1070190
Kd5d 0.511171 517559 29491 1070190
Kh5h 0.511171 517559 29491 1070190
QcTc 0.509785 522243 23324 1070190
Kd8h 0.509567 519571 25763 1070190
Kh8d 0.509567 519571 25763 1070190
Kc5c 0.50955 515403 29912 1070190
Kh8c 0.509428 519426 25759 1070190
Kd8c 0.509428 519426 25759 1070190
Kc8h 0.509425 519438 25744 1070190
Kc8d 0.509425 519438 25744 1070190
Ks8h 0.508858 518882 25692.5 1070190
Ks8d 0.508858 518882 25692.5 1070190
Kd8s 0.508746 518718 25736.5 1070190
Kh8s 0.508746 518718 25736.5 1070190
Ks8c 0.508719 518737 25688.5 1070190
Kc8s 0.508604 518585 25717.5 1070190
Ks8s 0.508036 518029 25666 1070190
Kd4d 0.507038 512381 30245.5 1070190
Kh4h 0.507038 512381 30245.5 1070190
Kc4c 0.505432 510247 30661 1070190
Kh7d 0.501051 508519 27701 1070190
Kd7h 0.501051 508519 27701 1070190
Kh7c 0.500912 508374 27697 1070190
Kd7c 0.500912 508374 27697 1070190
Kc7d 0.500904 508378 27684 1070190
Kc7h 0.500904 508378 27684 1070190
Ks7h 0.50037 507868 27622.5 1070190
Ks7d 0.50037 507868 27622.5 1070190
Ks7c 0.50023 507723 27618.5 1070190
Kd7s 0.500229 507666 27674.5 1070190
Kh7s 0.500229 507666 27674.5 1070190
Kc7s 0.500082 507525 27657.5 1070190
Ks7s 0.499548 507015 27596 1070190
Qd9d 0.496238 506765 24304 1070190
Qh9h 0.496238 506765 24304 1070190
Qc9c 0.494185 503904 24968 1070190
Kh6d 0.493602 498799 29448.5 1070190
Kd6h 0.493602 498799 29448.5 1070190
Kh6c 0.493462 498654 29444.5 1070190
Kd6c 0.493462 498654 29444.5 1070190
Kc6d 0.49345 498652 29433 1070190
Kc6h 0.49345 498652 29433 1070190
Ks6h 0.492944 498181 29362.5 1070190
Ks6d 0.492944 498181 29362.5 1070190
Ks6c 0.492805 498036 29358.5 1070190
Kh6s 0.49278 497946 29422 1070190
Kd6s 0.49278 497946 29422 1070190
Kc6s 0.492628 497799 29406.5 1070190
Ks6s 0.492122 497328 29336 1070190
Kh2h 0.490592 494419 30607.5 1070190
Kd2d 0.490592 494419 30607.5 1070190
Kc2c 0.488959 492266 31013 1070190
QdTh 0.488177 498780 23662 1070190
QhTd 0.488177 498780 23662 1070190
QcTh 0.488053 498669 23640.5 1070190
QcTd 0.488053 498669 23640.5 1070190
QdTc 0.48804 498641 23654.5 1070190
QhTc 0.48804 498641 23654.5 1070190
QsTd 0.487408 498008 23611 1070190
QsTh 0.487408 498008 23611 1070190
Kd5h 0.487395 490790 30815.5 1070190
Kh5d 0.487395 490790 30815.5 1070190
QhTs 0.487393 497971 23632 1070190
QdTs 0.487393 497971 23632 1070190
QsTc 0.487271 497869 23603.5 1070190
QcTs 0.487269 497860 23610.5 1070190
Kh5c 0.487256 490645 30811.5 1070190
Kd5c 0.487256 490645 30811.5 1070190
Kc5h 0.487241 490639 30801 1070190
Kc5d 0.487241 490639 30801 1070190
Ks5h 0.486755 490197 30723.5 1070190
Ks5d 0.486755 490197 30723.5 1070190
QsTs 0.486624 497199 23581 1070190
Ks5c 0.486616 490052 30719.5 1070190
Kd5s 0.486578 489942 30789 1070190
Kh5s 0.486578 489942 30789 1070190
Kc5s 0.486423 489791 30774.5 1070190
Ks5s 0.485938 489349 30697 1070190
Kh4d 0.483144 485444 31612 1070190
Kd4h 0.483144 485444 31612 1070190
Kh4c 0.483005 485299 31608 1070190
Kd4c 0.483005 485299 31608 1070190
Kc4h 0.482988 485291 31598 1070190
Kc4d 0.482988 485291 31598 1070190
Ks4d 0.482514 484865 31516.5 1070190
Ks4h 0.482514 484865 31516.5 1070190
Ks4c 0.482375 484720 31512.5 1070190
Kd4s 0.482327 484596 31585.5 1070190
Kh4s 0.482327 484596 31585.5 1070190
Kc4s 0.482171 484443 31571.5 1070190
Ks4s 0.481697 484017 31490 1070190
Qh8h 0.479363 486857 26152.5 1070190
Qd8d 0.479363 486857 26152.5 1070190
2h2d 0.478911 494291 18234.5 1070190
2h2c 0.478895 494297 18212 1070190
2d2c 0.478895 494297 18212 1070190
2s2d 0.478559 493937 18212 1070190
2s2h 0.478559 493937 18212 1070190
2s2c 0.478544 493943 18189.5 1070190
Qc8c 0.47742 484141 26789 1070190
Qh9d 0.471684 479380 25411 1070190
Qd9h 0.471684 479380 25411 1070190
Qc9d 0.471551 479257 25392.5 1070190
Qc9h 0.471551 479257 25392.5 1070190
Qh9c 0.471547 479241 25403.5 1070190
Qd9c 0.471547 479241 25403.5 1070190
Qs9d 0.470946 478648 25354 1070190
Qs9h 0.470946 478648 25354 1070190
Qh9s 0.470896 478567 25381 1070190
Qd9s 0.470896 478567 25381 1070190
Qs9c 0.470809 478509 25346.5 1070190
Qc9s 0.470764 478444 25362.5 1070190
Qs9s 0.470159 477835 25324 1070190
Kh2d 0.466526 467299 31972 1070190
Kd2h 0.466526 467299 31972 1070190
Kd2c 0.466474 467252 31964 1070190
Kh2c 0.466474 467252 31964 1070190
Kc2d 0.466383 467164 31954 1070190
Kc2h 0.466383 467164 31954 1070190
Ks2d 0.465908 466738 31872.5 1070190
Ks2h 0.465908 466738 31872.5 1070190
Ks2c 0.465857 466691 31864.5 1070190
Kd2s 0.465791 466543 31941.5 1070190
Kh2s 0.465791 466543 31941.5 1070190
Kc2s 0.465648 466408 31923.5 1070190
Ks2s 0.465173 465982 31842 1070190
Qh7h 0.461691 465747 28350.5 1070190
Qd7d 0.461691 465747 28350.5 1070190
Qc7c 0.459854 463166 28965 1070190
Qh6h 0.454522 456417 30008 1070190
Qd6d 0.454522 456417 30008 1070190
Qh8d 0.453951 458464 27349.5 1070190
Qd8h 0.453951 458464 27349.5 1070190
Qh8c 0.453814 458325 27342 1070190
Qd8c 0.453814 458325 27342 1070190
Qc8h 0.453811 458331 27333.5 1070190
Qc8d 0.453811 458331 27333.5 1070190
Qs8d 0.453245 457773 27285 1070190
Qs8h 0.453245 457773 27285 1070190
Qh8s 0.45316 457648 27319.5 1070190
Qd8s 0.45316 457648 27319.5 1070190
Qs8c 0.453108 457634 27277.5 1070190
Qc8s 0.453021 457515 27303.5 1070190
Qc6c 0.452742 453914 30606 1070190
Qs8s 0.452454 456957 27255 1070190
Td9d 0.45235 458529 25571 1070190
Th9h 0.45235 458529 25571 1070190
Tc9c 0.450115 455347 26361.5 1070190
Qh5h 0.448509 448687 31303 1070190
Qd5d 0.448509 448687 31303 1070190
Qc5c 0.446763 446231 31890 1070190
Qh4h 0.444376 443509 32057.5 1070190
Qd4d 0.444376 443509 32057.5 1070190
Qc4c 0.442645 441075 32639 1070190
Td8d 0.435475 438621 27419.5 1070190
Th8h 0.435475 438621 27419.5 1070190
Qh7d 0.43539 436283 29667.5 1070190
Qd7h 0.43539 436283 29667.5 1070190
Qh7c 0.435254 436144 29660 1070190
Qd7c 0.435254 436144 29660 1070190
Qc7d 0.435246 436142 29653.5 1070190
Qc7h 0.435246 436142 29653.5 1070190
Qs7d 0.434715 435635 29593 1070190
Qs7h 0.434715 435635 29593 1070190
Qh7s 0.434605 435472 29637.5 1070190
Qd7s 0.434605 435472 29637.5 1070190
Qs7c 0.434578 435496 29585.5 1070190
Qc7s 0.43446 435331 29623.5 1070190
Qs7s 0.433929 434824 29563 1070190
Tc8c 0.43335 435584 28182.5 1070190
Qd6h 0.427941 426563 31415 1070190
Qh6d 0.427941 426563 31415 1070190
Qh6c 0.427804 426424 31407.5 1070190
Qd6c 0.427804 426424 31407.5 1070190
Qc6d 0.427792 426416 31402.5 1070190
Qc6h 0.427792 426416 31402.5 1070190
Qs6d 0.42729 425948 31333 1070190
Qs6h 0.42729 425948 31333 1070190
Qd6s 0.427155 425752 31385 1070190
Qh6s 0.427155 425752 31385 1070190
Qs6c 0.427153 425809 31325.5 1070190
Qd2d 0.42705 424711 32313.5 1070190
Qh2h 0.42705 424711 32313.5 1070190
Qc6s 0.427006 425605 31372.5 1070190
Qs6s 0.426504 425137 31303 1070190
Th9d 0.425889 428989 26793.5 1070190
Td9h 0.425889 428989 26793.5 1070190
Tc9d 0.425759 428866 26777 1070190
Tc9h 0.425759 428866 26777 1070190
Td9c 0.425753 428854 26783 1070190
Th9c 0.425753 428854 26783 1070190
Qc2c 0.425311 422280 32884 1070190
Ts9d 0.425156 428258 26739.5 1070190
Ts9h 0.425156 428258 26739.5 1070190
Th9s 0.425132 428212 26760.5 1070190
Td9s 0.425132 428212 26760.5 1070190
Ts9c 0.42502 428123 26729 1070190
Tc9s 0.425002 428089 26744 1070190
Ts9s 0.424399 427481 26706.5 1070190
Qh5d 0.421734 418554 32782 1070190
Qd5h 0.421734 418554 32782 1070190
Qh5c 0.421598 418415 32774.5 1070190
Qd5c 0.421598 418415 32774.5 1070190
Qc5h 0.421583 418403 32770.5 1070190
Qc5d 0.421583 418403 32770.5 1070190
Qs5d 0.421101 417964 32694 1070190
Qs5h 0.421101 417964 32694 1070190
Qs5c 0.420964 417825 32686.5 1070190
Qh5s 0.420953 417748 32752 1070190
Qd5s 0.420953 417748 32752 1070190
Qc5s 0.420801 417597 32740.5 1070190
Qs5s 0.42032 417158 32664 1070190
Td7d 0.418136 418223 29261.5 1070190
Th7h 0.418136 418223 29261.5 1070190
Qh4d 0.417483 413208 33578.5 1070190
Qd4h 0.417483 413208 33578.5 1070190
Qh4c 0.417346 413069 33571 1070190
Qd4c 0.417346 413069 33571 1070190
Qc4d 0.41733 413055 33567.5 1070190
Qc4h 0.41733 413055 33567.5 1070190
Qs4h 0.41686 412632 33487 1070190
Qs4d 0.41686 412632 33487 1070190
Qs4c 0.416723 412493 33479.5 1070190
Qd4s 0.416702 412402 33548.5 1070190
Qh4s 0.416702 412402 33548.5 1070190
Qc4s 0.416549 412249 33537.5 1070190
Tc7c 0.416116 415321 30002.5 1070190
Qs4s 0.416078 411826 33457 1070190
Th8d 0.408156 408073 28732 1070190
Td8h 0.408156 408073 28732 1070190
Th8c 0.408021 407938 28721.5 1070190
Td8c 0.408021 407938 28721.5 1070190
Tc8h 0.408019 407940 28718 1070190
Tc8d 0.408019 407940 28718 1070190
Ts8d 0.407454 407383 28670.5 1070190
Ts8h 0.407454 407383 28670.5 1070190
Th8s 0.407397 407293 28699 1070190
Td8s 0.407397 407293 28699 1070190
Ts8c 0.407318 407248 28660 1070190
Tc8s 0.407259 407160 28685 1070190
Ts8s 0.406695 406603 28637.5 1070190
Td6d 0.400503 397428 31186 1070190
Th6h 0.400503 397428 31186 1070190
Qh2d 0.399997 394242 33830.5 1070190
Qd2h 0.399997 394242 33830.5 1070190
Qh2c 0.399955 394208 33819.5 1070190
Qd2c 0.399955 394208 33819.5 1070190
Qc2d 0.399857 394107 33816 1070190
Qc2h 0.399857 394107 33816 1070190
Qs2d 0.399387 393684 33735.5 1070190
Qs2h 0.399387 393684 33735.5 1070190
Qs2c 0.399345 393650 33724.5 1070190
Qd2s 0.399305 393535 33797 1070190
Qh2s 0.399305 393535 33797 1070190
Qc2s 0.399165 393400 33782.5 1070190
Qs2s 0.398695 392977 33702 1070190
Tc6c 0.398578 394644 31910.5 1070190
Th5h 0.39449 389698 32481 1070190
Td5d 0.39449 389698 32481 1070190
Tc5c 0.392599 386961 33194.5 1070190
Td4d 0.390356 384520 33235.5 1070190
Th4h 0.390356 384520 33235.5 1070190
Td7h 0.389951 386652 30670 1070190
Th7d 0.389951 386652 30670 1070190
Td7c 0.389815 386517 30659.5 1070190
Th7c 0.389815 386517 30659.5 1070190
Tc7d 0.389808 386511 30658 1070190
Tc7h 0.389808 386511 30658 1070190
9h8h 0.389612 388997 27962 1070190
9d8d 0.389612 388997 27962 1070190
Ts7h 0.389279 386002 30600.5 1070190
Ts7d 0.389279 386002 30600.5 1070190
Th7s 0.389195 385876 30637 1070190
Td7s 0.389195 385876 30637 1070190
Ts7c 0.389143 385867 30590 1070190
Tc7s 0.389052 385735 30625 1070190
Ts7s 0.388523 385226 30567.5 1070190
Tc4c 0.388481 381805 33943.5 1070190
9c8c 0.387635 386024 28819.5 1070190
9d7d 0.372496 368838 29804 1070190
9h7h 0.372496 368838 29804 1070190
Th2h 0.372284 365029 33385.5 1070190
Td2d 0.372284 365029 33385.5 1070190
Th6d 0.371423 364791 32702.5 1070190
Td6h 0.371423 364791 32702.5 1070190
Th6c 0.371287 364656 32692 1070190
Td6c 0.371287 364656 32692 1070190
Tc6h 0.371276 364644 32692 1070190
Tc6d 0.371276 364644 32692 1070190
Ts6h 0.370778 364179 32624 1070190
Ts6d 0.370778 364179 32624 1070190
Td6s 0.370672 364020 32669.5 1070190
Th6s 0.370672 364020 32669.5 1070190
Ts6c 0.370642 364044 32613.5 1070190
9c7c 0.370624 365999 30639.5 1070190
Tc6s 0.370525 363873 32659 1070190
Tc2c 0.37042 362338 34081.5 1070190
Ts6s 0.370027 363408 32591 1070190
Th5d 0.365217 356782 34069.5 1070190
Td5h 0.365217 356782 34069.5 1070190
Td5c 0.365081 356647 34059 1070190
Th5c 0.365081 356647 34059 1070190
Tc5h 0.365067 356631 34060 1070190
Tc5d 0.365067 356631 34060 1070190
Ts5h 0.364589 356195 33985 1070190
Ts5d 0.364589 356195 33985 1070190
Th5s 0.36447 356016 34036.5 1070190
Td5s 0.36447 356016 34036.5 1070190
Ts5c 0.364454 356060 33974.5 1070190
Tc5s 0.36432 355865 34027 1070190
Ts5s 0.363843 355429 33952 1070190
Td4h 0.360966 351436 34866 1070190
Th4d 0.360966 351436 34866 1070190
Td4c 0.36083 351301 34855.5 1070190
Th4c 0.36083 351301 34855.5 1070190
Tc4h 0.360814 351283 34857 1070190
Tc4d 0.360814 351283 34857 1070190
Ts4d 0.360348 350863 34778 1070190
Ts4h 0.360348 350863 34778 1070190
Td4s 0.360219 350670 34833 1070190
Th4s 0.360219 350670 34833 1070190
Ts4c 0.360212 350728 34767.5 1070190
9d8h 0.360165 356104 29340.5 1070190
9h8d 0.360165 356104 29340.5 1070190
Tc4s 0.360068 350517 34824 1070190
9d8c 0.360028 355971 29327.5 1070190
9c8h 0.360028 355971 29327.5 1070190
9c8d 0.360028 355971 29327.5 1070190
9h8c 0.360028 355971 29327.5 1070190
Ts4s 0.359602 350097 34745 1070190
9s8d 0.359463 355411 29282.5 1070190
9s8h 0.359463 355411 29282.5 1070190
9d8s 0.359438 355362 29305 1070190
9h8s 0.359438 355362 29305 1070190
9s8c 0.359326 355278 29269.5 1070190
9c8s 0.359302 355229 29292 1070190
9s8s 0.358736 354669 29247 1070190
9d6d 0.354864 348043 31728.5 1070190
9h6h 0.354864 348043 31728.5 1070190
9c6c 0.353086 345322 32547.5 1070190
9d5d 0.348851 340313 33023.5 1070190
9h5h 0.348851 340313 33023.5 1070190
9c5c 0.347107 337639 33831.5 1070190
9h4h 0.344717 335135 33778 1070190
9d4d 0.344717 335135 33778 1070190
9c4c 0.342989 332483 34580.5 1070190
Td2h 0.342745 331792 35010 1070190
Th2d 0.342745 331792 35010 1070190
Td2c 0.34271 331768 34996.5 1070190
Th2c 0.34271 331768 34996.5 1070190
Tc2d 0.342607 331657 34998 1070190
Tc2h 0.342607 331657 34998 1070190
9d7h 0.342196 334936 31278.5 1070190
9h7d 0.342196 334936 31278.5 1070190
Ts2h 0.342141 331237 34919 1070190
Ts2d 0.342141 331237 34919 1070190
Ts2c 0.342106 331213 34905.5 1070190
Td2s 0.342093 331131 34974 1070190
Th2s 0.342093 331131 34974 1070190
9d7c 0.342059 334803 31265.5 1070190
9h7c 0.342059 334803 31265.5 1070190
9c7d 0.342054 334795 31267.5 1070190
9c7h 0.342054 334795 31267.5 1070190
Tc2s 0.341956 330996 34962 1070190
9s7h 0.341524 334283 31212.5 1070190
9s7d 0.341524 334283 31212.5 1070190
Ts2s 0.34149 330576 34883 1070190
9h7s 0.341473 334198 31243 1070190
9d7s 0.341473 334198 31243 1070190
9s7c 0.341388 334150 31199.5 1070190
9c7s 0.341331 334057 31232 1070190
9s7s 0.340801 333545 31177 1070190
8d7d 0.334491 328335 29634 1070190
8h7h 0.334491 328335 29634 1070190
8c7c 0.332835 325657 30539.5 1070190
9h2h 0.326032 315094 33822 1070190
9d2d 0.326032 315094 33822 1070190
9c2c 0.324333 312486 34611.5 1070190
9h6d 0.323668 313075 33311 1070190
9d6h 0.323668 313075 33311 1070190
9h6c 0.323531 312942 33298 1070190
9d6c 0.323531 312942 33298 1070190
9c6h 0.323522 312928 33301.5 1070190
9c6d 0.323522 312928 33301.5 1070190
9s6h 0.323023 312460 33236 1070190
9s6d 0.323023 312460 33236 1070190
9d6s 0.32295 312342 33275.5 1070190
9h6s 0.32295 312342 33275.5 1070190
9s6c 0.322887 312327 33223 1070190
9c6s 0.322803 312195 33266 1070190
9s6s 0.322305 311727 33200.5 1070190
9h5d 0.317461 305066 34678 1070190
9d5h 0.317461 305066 34678 1070190
9d5c 0.317325 304933 34665 1070190
9h5c 0.317325 304933 34665 1070190
9c5d 0.317312 304915 34669.5 1070190
9c5h 0.317312 304915 34669.5 1070190
8d6d 0.317082 307779 31558.5 1070190
8h6h 0.317082 307779 31558.5 1070190
9s5h 0.316834 304476 34597 1070190
9s5d 0.316834 304476 34597 1070190
9h5s 0.316748 304338 34642.5 1070190
9d5s 0.316748 304338 34642.5 1070190
9s5c 0.316698 304343 34584 1070190
9c5s 0.316599 304187 34634 1070190
9s5s 0.316121 303748 34561.5 1070190
8c6c 0.315519 305218 32447.5 1070190
9d4h 0.31321 299720 35474.5 1070190
9h4d 0.31321 299720 35474.5 1070190
9h4c 0.313074 299587 35461.5 1070190
9d4c 0.313074 299587 35461.5 1070190
9c4d 0.31306 299567 35466.5 1070190
9c4h 0.31306 299567 35466.5 1070190
9s4h 0.312593 299144 35390 1070190
9s4d 0.312593 299144 35390 1070190
9h4s 0.312497 298992 35439 1070190
9d4s 0.312497 298992 35439 1070190
9s4c 0.312457 299011 35377 1070190
9c4s 0.312346 298839 35431 1070190
9s4s 0.31188 298416 35354.5 1070190
8d5d 0.311069 300049 32853.5 1070190
8h5h 0.311069 300049 32853.5 1070190
8c5c 0.30954 297535 33731.5 1070190
8d4d 0.306935 294871 33608 1070190
8h4h 0.306935 294871 33608 1070190
8c4c 0.305422 292379 34480.5 1070190
8d7h 0.302475 292579 31126.5 1070190
8h7d 0.302475 292579 31126.5 1070190
8d7c 0.302337 292446 31111.5 1070190
8h7c 0.302337 292446 31111.5 1070190
8c7h 0.302333 292438 31115.5 1070190
8c7d 0.302333 292438 31115.5 1070190
8s7h 0.301804 291923 31065 1070190
8s7d 0.301804 291923 31065 1070190
8d7s 0.301784 291877 31089 1070190
8h7s 0.301784 291877 31089 1070190
8s7c 0.301666 291790 31050 1070190
8c7s 0.301642 291736 31078 1070190
8s7s 0.301113 291221 31027.5 1070190
7h6h 0.300142 290534 30674.5 1070190
7d6d 0.300142 290534 30674.5 1070190
7c6c 0.298879 288241 31616.5 1070190
9h2d 0.294388 279541 35510.5 1070190
9d2h 0.294388 279541 35510.5 1070190
9d2c 0.294358 279524 35495 1070190
9h2c 0.294358 279524 35495 1070190
9c2h 0.294252 279406 35500 1070190
9c2d 0.294252 279406 35500 1070190
7d5d 0.294129 282804 31969.5 1070190
7h5h 0.294129 282804 31969.5 1070190
9s2d 0.293786 278983 35423.5 1070190
9s2h 0.293786 278983 35423.5 1070190
9h2s 0.293775 278923 35472.5 1070190
9d2s 0.293775 278923 35472.5 1070190
9s2c 0.293755 278966 35408 1070190
9c2s 0.293639 278788 35462 1070190
9s2s 0.293173 278365 35385.5 1070190
7c5c 0.2929 280558 32900.5 1070190
7h4h 0.290078 277804 32635 1070190
7d4d 0.290078 277804 32635 1070190
7c4c 0.288865 275580 33560.5 1070190
8d2d 0.28777 274423 33546 1070190
8h2h 0.28777 274423 33546 1070190
8c2c 0.286303 271994 34404.5 1070190
8d6h 0.284183 270971 33159 1070190
8h6d 0.284183 270971 33159 1070190
8d6c 0.284045 270838 33144 1070190
8h6c 0.284045 270838 33144 1070190
8c6h 0.284037 270824 33149.5 1070190
8c6d 0.284037 270824 33149.5 1070190
6h5h 0.283979 273630 30281 1070190
6d5d 0.283979 273630 30281 1070190
8s6d 0.28354 270353 33088.5 1070190
8s6h 0.28354 270353 33088.5 1070190
8d6s 0.283497 270274 33121.5 1070190
8h6s 0.283497 270274 33121.5 1070190
8s6c 0.283402 270220 33073.5 1070190
8c6s 0.283351 270127 33112 1070190
6c5c 0.283047 271659 31255.5 1070190
8s6s 0.282854 269656 33051 1070190
6d4d 0.279928 268630 30946.5 1070190
6h4h 0.279928 268630 30946.5 1070190
6c4c 0.279013 266681 31915.5 1070190
8h5d 0.277977 262962 34526 1070190
8d5h 0.277977 262962 34526 1070190
8d5c 0.277839 262829 34511 1070190
8h5c 0.277839 262829 34511 1070190
8c5d 0.277828 262811 34517.5 1070190
8c5h 0.277828 262811 34517.5 1070190
8s5d 0.277351 262369 34449.5 1070190
8s5h 0.277351 262369 34449.5 1070190
8h5s 0.277295 262270 34488.5 1070190
8d5s 0.277295 262270 34488.5 1070190
8s5c 0.277213 262236 34434.5 1070190
8c5s 0.277146 262119 34480 1070190
8s5s 0.27667 261677 34412 1070190
5h4h 0.275627 266432 28541 1070190
5d4d 0.275627 266432 28541 1070190
5c4c 0.274971 264720 29551.5 1070190
8d4h 0.273726 257616 35322.5 1070190
8h4d 0.273726 257616 35322.5 1070190
8d4c 0.273587 257483 35307.5 1070190
8h4c 0.273587 257483 35307.5 1070190
8c4d 0.273575 257463 35314.5 1070190
8c4h 0.273575 257463 35314.5 1070190
8s4h 0.27311 257037 35242.5 1070190
8s4d 0.27311 257037 35242.5 1070190
8d4s 0.273044 256924 35285 1070190
8h4s 0.273044 256924 35285 1070190
8s4c 0.272972 256904 35227.5 1070190
8c4s 0.272894 256771 35277 1070190
8s4s 0.272428 256345 35205 1070190
7h6d 0.266796 253276 32246.5 1070190
7d6h 0.266796 253276 32246.5 1070190
7h6c 0.266655 253141 32230 1070190
7d6c 0.266655 253141 32230 1070190
7c6h 0.266649 253129 32236 1070190
7c6d 0.266649 253129 32236 1070190
7s6d 0.266154 252653 32182 1070190
7s6h 0.266154 252653 32182 1070190
7h6s 0.266132 252604 32207.5 1070190
7d6s 0.266132 252604 32207.5 1070190
7s6c 0.266012 252518 32165.5 1070190
7c6s 0.265985 252457 32197 1070190
7s6s 0.265489 251981 32143 1070190
7h5d 0.26059 245267 33613.5 1070190
7d5h 0.26059 245267 33613.5 1070190
7h5c 0.260448 245132 33597 1070190
7d5c 0.260448 245132 33597 1070190
7c5h 0.26044 245116 33604 1070190
7c5d 0.26044 245116 33604 1070190
7s5d 0.259965 244669 33543 1070190
7s5h 0.259965 244669 33543 1070190
7h5s 0.25993 244600 33574.5 1070190
7d5s 0.25993 244600 33574.5 1070190
7s5c 0.259823 244534 33526.5 1070190
7c5s 0.25978 244449 33565 1070190
7s5s 0.259305 244002 33504 1070190
7h2h 0.257726 243349 32467 1070190
7d2d 0.257726 243349 32467 1070190
7c2c 0.256528 241156 33377.5 1070190
7d4h 0.256427 240111 34315 1070190
7h4d 0.256427 240111 34315 1070190
7d4c 0.256286 239976 34298.5 1070190
7h4c 0.256286 239976 34298.5 1070190
7c4h 0.256276 239958 34306 1070190
7c4d 0.256276 239958 34306 1070190
7s4h 0.255812 239526 34241.5 1070190
7s4d 0.255812 239526 34241.5 1070190
7d4s 0.255768 239444 34276 1070190
7h4s 0.255768 239444 34276 1070190
7s4c 0.25567 239391 34225 1070190
7c4s 0.255616 239291 34267 1070190
7s4s 0.255152 238859 34202.5 1070190
8d2h 0.254437 237045 35250.5 1070190
8h2d 0.254437 237045 35250.5 1070190
8d2c 0.254409 237032 35233.5 1070190
8h2c 0.254409 237032 35233.5 1070190
8c2h 0.254301 236910 35240.5 1070190
8c2d 0.254301 236910 35240.5 1070190
8d2s 0.25386 236467 35211 1070190
8h2s 0.25386 236467 35211 1070190
8s2h 0.253836 236484 35168.5 1070190
8s2d 0.253836 236484 35168.5 1070190
8s2c 0.253808 236471 35151.5 1070190
8c2s 0.253724 236332 35201 1070190
8s2s 0.253259 235906 35129 1070190
6d5h 0.25032 236044 31845.5 1070190
6h5d 0.25032 236044 31845.5 1070190
6d5c 0.250173 235905 31828 1070190
6h5c 0.250173 235905 31828 1070190
6c5d 0.250168 235893 31834 1070190
6c5h 0.250168 235893 31834 1070190
6s5h 0.249697 235440 31783.5 1070190
6s5d 0.249697 235440 31783.5 1070190
6h5s 0.249681 235401 31805.5 1070190
6d5s 0.249681 235401 31805.5 1070190
6s5c 0.249551 235301 31766 1070190
6c5s 0.24953 235250 31794 1070190
6s5s 0.249059 234797 31743.5 1070190
6h2h 0.247364 234054 30672.5 1070190
6d2d 0.247364 234054 30672.5 1070190
6c2c 0.246478 232153 31625.5 1070190
6h4d 0.246157 230888 32547 1070190
6d4h 0.246157 230888 32547 1070190
6h4c 0.246011 230749 32529.5 1070190
6d4c 0.246011 230749 32529.5 1070190
6c4d 0.246004 230735 32536 1070190
6c4h 0.246004 230735 32536 1070190
6s4d 0.245544 230297 32482 1070190
6s4h 0.245544 230297 32482 1070190
6d4s 0.245519 230245 32507 1070190
6h4s 0.245519 230245 32507 1070190
6s4c 0.245398 230158 32464.5 1070190
6c4s 0.245366 230092 32496 1070190
6s4s 0.244906 229654 32442 1070190
5h2h 0.242984 231878 28161 1070190
5d2d 0.242984 231878 28161 1070190
5c2c 0.242372 230230 29154.5 1070190
5d4h 0.242028 228997 30018.5 1070190
5h4d 0.242028 228997 30018.5 1070190
5h4c 0.241875 228852 30000.5 1070190
5d4c 0.241875 228852 30000.5 1070190
5c4h 0.241872 228844 30004.5 1070190
5c4d 0.241872 228844 30004.5 1070190
5s4h 0.241422 228403 29964.5 1070190
5s4d 0.241422 228403 29964.5 1070190
5d4s 0.241409 228376 29978 1070190
5h4s 0.241409 228376 29978 1070190
5s4c 0.24127 228258 29946.5 1070190
5c4s 0.241253 228223 29964 1070190
5s4s 0.240804 227782 29924 1070190
4h2h 0.231233 222443 25020 1070190
4d2d 0.231233 222443 25020 1070190
4c2c 0.23077 220908 26059.5 1070190
7h2d 0.223154 204682 34135 1070190
7d2h 0.223154 204682 34135 1070190
7d2c 0.223126 204670 34117 1070190
7h2c 0.223126 204670 34117 1070190
7c2d 0.223018 204547 34124.5 1070190
7c2h 0.223018 204547 34124.5 1070190
7h2s 0.22261 204141 34094.5 1070190
7d2s 0.22261 204141 34094.5 1070190
7s2d 0.22256 204121 34060 1070190
7s2h 0.22256 204121 34060 1070190
7s2c 0.222532 204109 34042 1070190
7c2s 0.222475 204006 34084 1070190
7s2s 0.222016 203580 34019.5 1070190
6h2d 0.212684 195353 32259 1070190
6d2h 0.212684 195353 32259 1070190
6h2c 0.212653 195339 32240.5 1070190
6d2c 0.212653 195339 32240.5 1070190
6c2d 0.212546 195218 32247 1070190
6c2h 0.212546 195218 32247 1070190
6h2s 0.212163 194837 32218 1070190
6d2s 0.212163 194837 32218 1070190
6s2d 0.212093 194787 32193 1070190
6s2h 0.212093 194787 32193 1070190
6s2c 0.212063 194773 32174.5 1070190
6c2s 0.212026 194702 32206 1070190
6s2s 0.211573 194271 32152 1070190
5d2h 0.208488 193499 29622.5 1070190
5h2d 0.208488 193499 29622.5 1070190
5d2c 0.208453 193480 29604 1070190
5h2c 0.208453 193480 29604 1070190
5c2h 0.208348 193364 29608 1070190
5c2d 0.208348 193364 29608 1070190
5d2s 0.207989 193006 29581.5 1070190
5h2s 0.207989 193006 29581.5 1070190
5s2d 0.207905 192930 29568 1070190
5s2h 0.207905 192930 29568 1070190
5s2c 0.20787 192911 29549.5 1070190
5c2s 0.207849 192871 29567 1070190
5s2s 0.207406 192437 29527 1070190
4h2d 0.196296 183753 26320.5 1070190
4d2h 0.196296 183753 26320.5 1070190
4d2c 0.196253 183726 26302.5 1070190
4h2c 0.196253 183726 26302.5 1070190
4c2h 0.196153 183618 26302.5 1070190
4c2d 0.196153 183618 26302.5 1070190
4h2s 0.195823 183288 26280 1070190
4d2s 0.195823 183288 26280 1070190
4s2h 0.195726 183184 26280 1070190
4s2d 0.195726 183184 26280 1070190
4s2c 0.195684 183157 26262 1070190
4c2s 0.19568 183153 26262 1070190
4s2s 0.195254 182719 26239.5 1070190
