KsKc 0.999955 1070142 0 1070190
Ks3d 0.990484 1055990 4016 1070190
Kc3d 0.990484 1055990 4016 1070190
Ks3h 0.990484 1055990 4016 1070190
Kc3h 0.990484 1055990 4016 1070190
Ks3s 0.990484 1055990 4016 1070190
Kc3s 0.990484 1055990 4016 1070190
AcKc 0.973619 1036896 5061 1070190
AdKc 0.972112 1035216 5128.5 1070190
AhKc 0.972112 1035216 5128.5 1070190
AhKs 0.971755 1034856 5106 1070190
AdKs 0.971755 1034856 5106 1070190
AsKc 0.971736 1034814 5128.5 1070190
AcKs 0.971734 1034811 5128.5 1070190
AsKs 0.971379 1034454 5106 1070190
KcQc 0.9709 1033992 5055 1070190
KcQh 0.969502 1032429 5122.5 1070190
KcQd 0.969502 1032429 5122.5 1070190
KsQh 0.969178 1032105 5100 1070190
KsQd 0.969178 1032105 5100 1070190
KsQc 0.969152 1032054 5122.5 1070190
KcQs 0.969124 1032024 5122.5 1070190
KsQs 0.9688 1031700 5100 1070190
KcJc 0.968623 1031316 5295 1070190
KcJd 0.967076 1029577 5378.5 1070190
KcJh 0.967076 1029577 5378.5 1070190
KsJh 0.96679 1029297 5352 1070190
KsJd 0.96679 1029297 5352 1070190
KsJc 0.966763 1029246 5374.5 1070190
KcJs 0.966698 1029172 5378.5 1070190
KsJs 0.966412 1028892 5352 1070190
KcTc 0.966235 1028340 5715 1070190
KcTh 0.964531 1026405 5826.5 1070190
KcTd 0.964531 1026405 5826.5 1070190
KsTd 0.964284 1026174 5793 1070190
KsTh 0.964284 1026174 5793 1070190
KsTc 0.964257 1026123 5815.5 1070190
KcTs 0.964153 1026000 5826.5 1070190
KsTs 0.963905 1025769 5793 1070190
Kc9c 0.963017 1024356 6255 1070190
Kc9h 0.961103 1022160 6402.5 1070190
Kc9d 0.961103 1022160 6402.5 1070190
Ks9d 0.960895 1021980 6360 1070190
Ks9h 0.960895 1021980 6360 1070190
Ks9c 0.960871 1021932 6382.5 1070190
Kc9s 0.960724 1021755 6402.5 1070190
Ks9s 0.960516 1021575 6360 1070190
Kc8c 0.959911 1020432 6855 1070190
Kc7c 0.9587 1018536 7455 1070190
Kc6c 0.957825 1017060 7995 1070190
Kc8h 0.957794 1017979 7042.5 1070190
Kc8d 0.957794 1017979 7042.5 1070190
Ks8d 0.957623 1017849 6990 1070190
Ks8h 0.957623 1017849 6990 1070190
Ks8c 0.957602 1017804 7012.5 1070190
Kc8s 0.957416 1017574 7042.5 1070190
Kc5c 0.957396 1016181 8415 1070190
Ks8s 0.957245 1017444 6990 1070190
Kc4c 0.95669 1015185 8655 1070190
Kc7d 0.95649 1015944 7682.5 1070190
Kc7h 0.95649 1015944 7682.5 1070190
Ks7h 0.956354 1015860 7620 1070190
Ks7d 0.956354 1015860 7620 1070190
Ks7c 0.956335 1015818 7642.5 1070190
Kc7s 0.956115 1015542 7682.5 1070190
Ks7s 0.955978 1015458 7620 1070190
Kc6h 0.955546 1014357 8258.5 1070190
Kc6d 0.955546 1014357 8258.5 1070190
Ks6h 0.955437 1014312 8187 1070190
Ks6d 0.955437 1014312 8187 1070190
Ks6c 0.955421 1014273 8209.5 1070190
Kc2c 0.95529 1013511 8830.5 1070190
Kc6s 0.955173 1013958 8258.5 1070190
Kc5d 0.955079 1013410 8706.5 1070190
Kc5h 0.955079 1013410 8706.5 1070190
Ks6s 0.955064 1013913 8187 1070190
Ks5h 0.954991 1013394 8628 1070190
Ks5d 0.954991 1013394 8628 1070190
Ks5c 0.954979 1013358 8650.5 1070190
Kc5s 0.954709 1013014 8706.5 1070190
Ks5s 0.954621 1012998 8628 1070190
Kc4d 0.954328 1012350 8962.5 1070190
Kc4h 0.954328 1012350 8962.5 1070190
Ks4h 0.954251 1012350 8880 1070190
Ks4d 0.954251 1012350 8880 1070190
Ks4c 0.954238 1012314 8902.5 1070190
Kc4s 0.953958 1011954 8962.5 1070190
Ks4s 0.953881 1011954 8880 1070190
3s3d 0.952895 1018002 1777 1070190
3s3h 0.952895 1018002 1777 1070190
3h3d 0.952895 1018002 1777 1070190
Kc2h 0.952886 1010631 9138 1070190
Kc2d 0.952886 1010631 9138 1070190
Ks2h 0.952809 1010631 9055.5 1070190
Ks2d 0.952809 1010631 9055.5 1070190
Ks2c 0.952793 1010592 9078 1070190
Kc2s 0.952513 1010232 9138 1070190
Ks2s 0.952436 1010232 9055.5 1070190
AhAd 0.891475 953510 538 1070190
AdAc 0.891349 953375 538 1070190
AhAc 0.891349 953375 538 1070190
AsAd 0.891016 953018 538 1070190
AsAh 0.891016 953018 538 1070190
AsAc 0.890889 952883 538 1070190
QhQd 0.865294 923894 2135 1070190
QhQc 0.865162 923753 2135 1070190
QdQc 0.865162 923753 2135 1070190
QsQh 0.864831 923399 2135 1070190
QsQd 0.864831 923399 2135 1070190
QsQc 0.8647 923258 2135 1070190
JhJd 0.840469 897144 2317 1070190
JdJc 0.840337 897003 2317 1070190
JhJc 0.840337 897003 2317 1070190
JsJd 0.840006 896649 2317 1070190
JsJh 0.840006 896649 2317 1070190
JsJc 0.839874 896508 2317 1070190
ThTd 0.814447 869162 2451 1070190
ThTc 0.814315 869021 2451 1070190
TdTc 0.814315 869021 2451 1070190
TsTd 0.813984 868667 2451 1070190
TsTh 0.813984 868667 2451 1070190
TsTc 0.813853 868526 2451 1070190
9h9d 0.786436 839099 2537 1070190
9h9c 0.786307 838961 2537 1070190
9d9c 0.786307 838961 2537 1070190
9s9d 0.785974 838604 2537 1070190
9s9h 0.785974 838604 2537 1070190
9s9c 0.785845 838466 2537 1070190
8h8d 0.757767 808380 2575 1070190
8d8c 0.757641 808245 2575 1070190
8h8c 0.757641 808245 2575 1070190
8s8h 0.757305 807885 2575 1070190
8s8d 0.757305 807885 2575 1070190
8s8c 0.757179 807750 2575 1070190
7h7d 0.730832 779564 2565 1070190
7h7c 0.730709 779432 2565 1070190
7d7c 0.730709 779432 2565 1070190
7s7d 0.730372 779072 2565 1070190
7s7h 0.730372 779072 2565 1070190
7s7c 0.730249 778940 2565 1070190
Ad3d 0.705642 740282 14889 1070190
Ah3h 0.705642 740282 14889 1070190
6h6d 0.703777 750668 2507 1070190
6h6c 0.703656 750539 2507 1070190
6d6c 0.703656 750539 2507 1070190
6s6h 0.70332 750179 2507 1070190
6s6d 0.70332 750179 2507 1070190
6s6c 0.703199 750050 2507 1070190
Ad3h 0.690464 723881 15046.5 1070190
Ah3d 0.690464 723881 15046.5 1070190
Ac3d 0.690359 723791 15024 1070190
Ac3h 0.690359 723791 15024 1070190
Ad3s 0.690022 723431 15024 1070190
Ah3s 0.690022 723431 15024 1070190
Ac3s 0.689917 723341 15001.5 1070190
As3d 0.689697 723083 15024 1070190
As3h 0.689697 723083 15024 1070190
As3s 0.689256 722633 15001.5 1070190
Qh3h 0.688496 717816 19005 1070190
Qd3d 0.688496 717816 19005 1070190
5h5d 0.676871 721980 2401 1070190
5h5c 0.676754 721854 2401 1070190
5d5c 0.676754 721854 2401 1070190
5s5h 0.676417 721494 2401 1070190
5s5d 0.676417 721494 2401 1070190
5s5c 0.6763 721368 2401 1070190
Jh3h 0.674117 699372 22061 1070190
Jd3d 0.674117 699372 22061 1070190
Qh3d 0.673006 700791 19453.5 1070190
Qd3h 0.673006 700791 19453.5 1070190
Qc3h 0.672901 700701 19431 1070190
Qc3d 0.672901 700701 19431 1070190
Qh3s 0.672632 700449 19395 1070190
Qd3s 0.672632 700449 19395 1070190
Qc3s 0.672527 700359 19372.5 1070190
Qs3d 0.67224 699993 19431 1070190
Qs3h 0.67224 699993 19431 1070190
Qs3s 0.671865 699651 19372.5 1070190
Td3d 0.66193 684107 24284 1070190
Th3h 0.66193 684107 24284 1070190
Jd3h 0.658415 681893 22736.5 1070190
Jh3d 0.658415 681893 22736.5 1070190
Jc3h 0.65831 681803 22714 1070190
Jc3d 0.65831 681803 22714 1070190
Jd3s 0.658093 681635 22650 1070190
Jh3s 0.658093 681635 22650 1070190
Jc3s 0.657988 681545 22627.5 1070190
Js3d 0.657649 681095 22714 1070190
Js3h 0.657649 681095 22714 1070190
Js3s 0.657327 680837 22627.5 1070190
9h3h 0.65141 671340 25793 1070190
9d3d 0.65141 671340 25793 1070190
AdQd 0.649341 678216 16702.5 1070190
AhQh 0.649341 678216 16702.5 1070190
4h4d 0.649325 692654 2247 1070190
4d4c 0.649207 692528 2247 1070190
4h4c 0.649207 692528 2247 1070190
4s4d 0.648871 692168 2247 1070190
4s4h 0.648871 692168 2247 1070190
4s4c 0.648753 692042 2247 1070190
AcQc 0.647424 675764 17103 1070190
Td3h 0.646095 666314 25130.5 1070190
Th3d 0.646095 666314 25130.5 1070190
Tc3h 0.64599 666224 25108 1070190
Tc3d 0.64599 666224 25108 1070190
Td3s 0.645812 666119 25023 1070190
Th3s 0.645812 666119 25023 1070190
Tc3s 0.645707 666029 25000.5 1070190
Ts3h 0.645328 665516 25108 1070190
Ts3d 0.645328 665516 25108 1070190
Ts3s 0.645046 665321 25000.5 1070190
8d3d 0.642638 661038 26707 1070190
8h3h 0.642638 661038 26707 1070190
AdJd 0.640423 667872 17502.5 1070190
AhJh 0.640423 667872 17502.5 1070190
AcJc 0.63863 665596 17859 1070190
7d3d 0.635996 653492 27145 1070190
7h3h 0.635996 653492 27145 1070190
9h3d 0.635455 653295 26762.5 1070190
9d3h 0.635455 653295 26762.5 1070190
9c3h 0.63535 653205 26740 1070190
9c3d 0.63535 653205 26740 1070190
9d3s 0.6352 653145 26640 1070190
9h3s 0.6352 653145 26640 1070190
9c3s 0.635095 653055 26617.5 1070190
9s3h 0.634683 652491 26740 1070190
9s3d 0.634683 652491 26740 1070190
9s3s 0.634428 652341 26617.5 1070190
AdQh 0.631826 658810 17364 1070190
AhQd 0.631826 658810 17364 1070190
AdTd 0.631773 657910 18207 1070190
AhTh 0.631773 657910 18207 1070190
AcQd 0.631717 658729 17328 1070190
AcQh 0.631717 658729 17328 1070190
AhQc 0.631683 658657 17364 1070190
AdQc 0.631683 658657 17364 1070190
AsQd 0.630999 657983 17305.5 1070190
AsQh 0.630999 657983 17305.5 1070190
AdQs 0.630964 657910 17341.5 1070190
AhQs 0.630964 657910 17341.5 1070190
AsQc 0.630856 657830 17305.5 1070190
AcQs 0.630855 657829 17305.5 1070190
6h3h 0.630657 647697 27226 1070190
6d3d 0.630657 647697 27226 1070190
AsQs 0.630137 657083 17283 1070190
AcTc 0.630087 655788 18525 1070190
8d3h 0.626611 642833 27759.5 1070190
8h3d 0.626611 642833 27759.5 1070190
8c3d 0.626506 642743 27737 1070190
8c3h 0.626506 642743 27737 1070190
5h3h 0.626398 643296 27069 1070190
5d3d 0.626398 643296 27069 1070190
8h3s 0.626375 642713 27627 1070190
8d3s 0.626375 642713 27627 1070190
8c3s 0.62627 642623 27604.5 1070190
8s3h 0.625833 642023 27737 1070190
8s3d 0.625833 642023 27737 1070190
8s3s 0.625597 641903 27604.5 1070190
4d3d 0.622694 639608 26793 1070190
4h3h 0.622694 639608 26793 1070190
AhJd 0.622594 648130 18164 1070190
AdJh 0.622594 648130 18164 1070190
AcJh 0.622474 648033 18132 1070190
AcJd 0.622474 648033 18132 1070190
AdJc 0.622451 647977 18164 1070190
AhJc 0.622451 647977 18164 1070190
AsJd 0.621793 647331 18105.5 1070190
AsJh 0.621793 647331 18105.5 1070190
AdJs 0.621732 647230 18141.5 1070190
AhJs 0.621732 647230 18141.5 1070190
AsJc 0.62165 647178 18105.5 1070190
AcJs 0.621612 647133 18109.5 1070190
AsJs 0.620931 646431 18083 1070190
7d3h 0.620031 635303 28248.5 1070190
7h3d 0.620031 635303 28248.5 1070190
7c3d 0.619926 635213 28226 1070190
7c3h 0.619926 635213 28226 1070190
7d3s 0.619807 635201 28110 1070190
7h3s 0.619807 635201 28110 1070190
7c3s 0.619702 635111 28087.5 1070190
7s3d 0.619259 634499 28226 1070190
7s3h 0.619259 634499 28226 1070190
7s3s 0.619034 634397 28087.5 1070190
Ad9d 0.615555 638343 20418 1070190
Ah9h 0.615555 638343 20418 1070190
6h3d 0.614774 629568 28356.5 1070190
6d3h 0.614774 629568 28356.5 1070190
6c3d 0.614668 629478 28334 1070190
6c3h 0.614668 629478 28334 1070190
6h3s 0.614554 629475 28215 1070190
6d3s 0.614554 629475 28215 1070190
6c3s 0.614449 629385 28192.5 1070190
6s3d 0.614007 628770 28334 1070190
6s3h 0.614007 628770 28334 1070190
Ac9c 0.613988 636381 20703 1070190
6s3s 0.613788 628677 28192.5 1070190
AdTh 0.61363 637832 18868.5 1070190
AhTd 0.61363 637832 18868.5 1070190
AcTh 0.613499 637721 18840 1070190
AcTd 0.613499 637721 18840 1070190
AhTc 0.613487 637679 18868.5 1070190
AdTc 0.613487 637679 18868.5 1070190
AsTd 0.612855 637061 18810 1070190
AsTh 0.612855 637061 18810 1070190
AdTs 0.612768 636932 18846 1070190
AhTs 0.612768 636932 18846 1070190
AsTc 0.612712 636908 18810 1070190
AcTs 0.612637 636821 18817.5 1070190
AsTs 0.611993 636161 18787.5 1070190
5h3d 0.6106 625247 28210.5 1070190
5d3h 0.6106 625247 28210.5 1070190
5c3d 0.610494 625157 28188 1070190
5c3h 0.610494 625157 28188 1070190
5h3s 0.610382 625157 28068 1070190
5d3s 0.610382 625157 28068 1070190
5c3s 0.610277 625067 28045.5 1070190
5s3d 0.609838 624455 28188 1070190
5s3h 0.609838 624455 28188 1070190
5s3s 0.609621 624365 28045.5 1070190
4d3h 0.606919 621581 27937.5 1070190
4h3d 0.606919 621581 27937.5 1070190
4c3h 0.606814 621491 27915 1070190
4c3d 0.606814 621491 27915 1070190
4d3s 0.606702 621491 27795 1070190
4h3s 0.606702 621491 27795 1070190
4c3s 0.606596 621401 27772.5 1070190
Ad8d 0.606383 626679 22266.5 1070190
Ah8h 0.606383 626679 22266.5 1070190
4s3h 0.606158 620789 27915 1070190
4s3d 0.606158 620789 27915 1070190
4s3s 0.605941 620699 27772.5 1070190
Ac8c 0.604899 624833 22524 1070190
3d2d 0.599765 615884 25979 1070190
3h2h 0.599765 615884 25979 1070190
Ad7d 0.598506 616407 24108.5 1070190
Ah7h 0.598506 616407 24108.5 1070190
Ac7c 0.597089 614655 24344 1070190
Ah9d 0.596604 617292 21187.5 1070190
Ad9h 0.596604 617292 21187.5 1070190
Ac9d 0.596465 617169 21162 1070190
Ac9h 0.596465 617169 21162 1070190
Ah9c 0.596461 617139 21187.5 1070190
Ad9c 0.596461 617139 21187.5 1070190
As9d 0.595862 616566 21120 1070190
As9h 0.595862 616566 21120 1070190
Ad9s 0.595739 616389 21165 1070190
Ah9s 0.595739 616389 21165 1070190
As9c 0.595719 616413 21120 1070190
Ac9s 0.5956 616266 21139.5 1070190
As9s 0.594998 615663 21097.5 1070190
Ah5h 0.593639 608246 27061 1070190
Ad5d 0.593639 608246 27061 1070190
Ac5c 0.592331 606638 27269 1070190
Ad6d 0.591645 607407 25766 1070190
Ah6h 0.591645 607407 25766 1070190
Ac6c 0.59028 605727 25985 1070190
Ah4h 0.589506 603068 27815.5 1070190
Ad4d 0.589506 603068 27815.5 1070190
Ac4c 0.588213 601482 28018 1070190
Ah8d 0.587023 605100 23126 1070190
Ad8h 0.587023 605100 23126 1070190
Ah8c 0.58688 604947 23126 1070190
Ad8c 0.58688 604947 23126 1070190
Ac8d 0.586877 604967 23103 1070190
Ac8h 0.586877 604967 23103 1070190
As8d 0.586312 604414 23051 1070190
As8h 0.586312 604414 23051 1070190
As8c 0.586169 604261 23051 1070190
Ah8s 0.586152 604191 23103.5 1070190
Ad8s 0.586152 604191 23103.5 1070190
Ac8s 0.586007 604058 23080.5 1070190
As8s 0.585441 603505 23028.5 1070190
3d2h 0.582893 596687 27119 1070190
3h2d 0.582893 596687 27119 1070190
3d2c 0.582851 596687 27074 1070190
3h2c 0.582851 596687 27074 1070190
3s2d 0.582739 596687 26954 1070190
3s2h 0.582739 596687 26954 1070190
3s2c 0.582697 596687 26909 1070190
3h2s 0.582189 595979 27074 1070190
3d2s 0.582189 595979 27074 1070190
3s2s 0.582035 595979 26909 1070190
Ad7h 0.57886 594426 25064 1070190
Ah7d 0.57886 594426 25064 1070190
Ad7c 0.578717 594273 25064 1070190
Ah7c 0.578717 594273 25064 1070190
Ac7d 0.578708 594285 25043 1070190
Ac7h 0.578708 594285 25043 1070190
As7d 0.578177 593778 24981 1070190
As7h 0.578177 593778 24981 1070190
As7c 0.578034 593625 24981 1070190
Ad7s 0.577995 593523 25041.5 1070190
Ah7s 0.577995 593523 25041.5 1070190
Ac7s 0.577844 593382 25020.5 1070190
As7s 0.577312 592875 24958.5 1070190
QdJd 0.575948 596294 20080 1070190
QhJh 0.575948 596294 20080 1070190
Ad2d 0.574074 586085 28283.5 1070190
Ah2h 0.574074 586085 28283.5 1070190
Ad5h 0.574065 586180 28178.5 1070190
Ah5d 0.574065 586180 28178.5 1070190
Ad5c 0.573922 586027 28178.5 1070190
Ah5c 0.573922 586027 28178.5 1070190
Ac5d 0.573907 586029 28160 1070190
Ac5h 0.573907 586029 28160 1070190
QcJc 0.573617 593230 20649.5 1070190
As5d 0.573415 585581 28082 1070190
As5h 0.573415 585581 28082 1070190
As5c 0.573272 585428 28082 1070190
Ah5s 0.573209 585287 28156 1070190
Ad5s 0.573209 585287 28156 1070190
Ac5s 0.573051 585136 28137.5 1070190
Ac2c 0.572734 584457 28477 1070190
As5s 0.57256 584688 28059.5 1070190
Ad6h 0.571763 585084 26811.5 1070190
Ah6d 0.571763 585084 26811.5 1070190
Ah6c 0.57162 584931 26811.5 1070190
Ad6c 0.57162 584931 26811.5 1070190
Ac6h 0.571608 584937 26792 1070190
Ac6d 0.571608 584937 26792 1070190
As6d 0.571104 584469 26721 1070190
As6h 0.571104 584469 26721 1070190
As6c 0.570961 584316 26721 1070190
Ad6s 0.570904 584187 26789 1070190
Ah6s 0.570904 584187 26789 1070190
Ac6s 0.570749 584040 26769.5 1070190
As6s 0.570245 583572 26698.5 1070190
Ad4h 0.569814 580834 28975 1070190
Ah4d 0.569814 580834 28975 1070190
Ad4c 0.569671 580681 28975 1070190
Ah4c 0.569671 580681 28975 1070190
Ac4d 0.569654 580681 28957 1070190
Ac4h 0.569654 580681 28957 1070190
As4d 0.569174 580249 28875 1070190
As4h 0.569174 580249 28875 1070190
As4c 0.569031 580096 28875 1070190
Ad4s 0.568958 579941 28952.5 1070190
Ah4s 0.568958 579941 28952.5 1070190
Ac4s 0.568799 579788 28934.5 1070190
As4s 0.568318 579356 28852.5 1070190
QdTd 0.567298 586332 20784.5 1070190
QhTh 0.567298 586332 20784.5 1070190
QcTc 0.565075 583422 21315.5 1070190
QhJd 0.555008 573009 20954.5 1070190
QdJh 0.555008 573009 20954.5 1070190
QcJd 0.554891 572912 20926.5 1070190
QcJh 0.554891 572912 20926.5 1070190
QhJc 0.554868 572864 20950.5 1070190
QdJc 0.554868 572864 20950.5 1070190
QsJh 0.554207 572207 20900 1070190
QsJd 0.554207 572207 20900 1070190
Ad2h 0.554197 563653 29443 1070190
Ah2d 0.554197 563653 29443 1070190
QdJs 0.554181 572151 20928 1070190
QhJs 0.554181 572151 20928 1070190
Ad2c 0.554134 563590 29438.5 1070190
Ah2c 0.554134 563590 29438.5 1070190
QsJc 0.554068 572062 20896 1070190
QcJs 0.554064 572054 20900 1070190
Ac2d 0.55405 563518 29420.5 1070190
Ac2h 0.55405 563518 29420.5 1070190
As2d 0.553569 563086 29338.5 1070190
As2h 0.553569 563086 29338.5 1070190
As2c 0.553506 563023 29334 1070190
Ah2s 0.553416 562844 29416 1070190
Ad2s 0.553416 562844 29416 1070190
QsJs 0.553381 571349 20873.5 1070190
Ac2s 0.553269 562709 29393.5 1070190
As2s 0.552788 562277 29311.5 1070190
Qh9h 0.551579 567833 22461.5 1070190
Qd9d 0.551579 567833 22461.5 1070190
Qc9c 0.549475 565083 22959.5 1070190
QhTd 0.546043 562711 21659 1070190
QdTh 0.546043 562711 21659 1070190
QcTh 0.545917 562600 21634.5 1070190
QcTd 0.545917 562600 21634.5 1070190
QdTc 0.545904 562566 21655 1070190
QhTc 0.545904 562566 21655 1070190
QsTh 0.545269 561937 21604.5 1070190
QsTd 0.545269 561937 21604.5 1070190
QdTs 0.545217 561853 21632.5 1070190
QhTs 0.545217 561853 21632.5 1070190
QsTc 0.54513 561792 21600.5 1070190
QcTs 0.54509 561742 21608 1070190
QsTs 0.544443 561079 21578 1070190
Qd8d 0.534455 547213 24755 1070190
Qh8h 0.534455 547213 24755 1070190
Qc8c 0.53246 544608 25225.5 1070190
Qd9h 0.52955 543311 23408 1070190
Qh9d 0.52955 543311 23408 1070190
Qc9d 0.529415 543188 23386.5 1070190
Qc9h 0.529415 543188 23386.5 1070190
Qd9c 0.529411 543166 23404 1070190
Qh9c 0.529411 543166 23404 1070190
Qs9h 0.528808 542577 23347.5 1070190
Qs9d 0.528808 542577 23347.5 1070190
Qh9s 0.52872 542449 23381.5 1070190
Qd9s 0.52872 542449 23381.5 1070190
Qs9c 0.528668 542432 23343.5 1070190
Qc9s 0.528585 542326 23360 1070190
Qs9s 0.527977 541715 23321 1070190
Qd7d 0.526578 536941 26597 1070190
Qh7h 0.526578 536941 26597 1070190
Qc7c 0.52465 534430 27045.5 1070190
Qd6d 0.519717 527941 28254.5 1070190
Qh6h 0.519717 527941 28254.5 1070190
Qc6c 0.517841 525502 28686.5 1070190
Qd5d 0.513704 520211 29549.5 1070190
Qh5h 0.513704 520211 29549.5 1070190
Qc5c 0.511862 517819 29970.5 1070190
Qh8d 0.511551 521635 25821.5 1070190
Qd8h 0.511551 521635 25821.5 1070190
Qh8c 0.511412 521490 25817.5 1070190
Qd8c 0.511412 521490 25817.5 1070190
Qc8h 0.511409 521502 25802.5 1070190
Qc8d 0.511409 521502 25802.5 1070190
Qs8h 0.510841 520946 25751 1070190
Qs8d 0.510841 520946 25751 1070190
Qd8s 0.510718 520770 25795 1070190
Qh8s 0.510718 520770 25795 1070190
Qs8c 0.510702 520801 25747 1070190
Qc8s 0.510576 520637 25776 1070190
Qs8s 0.510008 520081 25724.5 1070190
Qh4h 0.50957 515033 30304 1070190
Qd4d 0.50957 515033 30304 1070190
Qc4c 0.507744 512663 30719.5 1070190
JhTh 0.503853 516560 22658.5 1070190
JdTd 0.503853 516560 22658.5 1070190
Qd7h 0.503388 510961 27759.5 1070190
Qh7d 0.503388 510961 27759.5 1070190
Qd7c 0.503248 510816 27755.5 1070190
Qh7c 0.503248 510816 27755.5 1070190
Qc7d 0.50324 510820 27742.5 1070190
Qc7h 0.50324 510820 27742.5 1070190
Qs7d 0.502706 510310 27681 1070190
Qs7h 0.502706 510310 27681 1070190
Qs7c 0.502567 510165 27677 1070190
Qd7s 0.50256 510102 27733 1070190
Qh7s 0.50256 510102 27733 1070190
Qc7s 0.502413 509961 27716 1070190
Qs7s 0.501879 509451 27654.5 1070190
JcTc 0.501537 513384 23355.5 1070190
Qd6h 0.496291 501619 29507 1070190
Qh6d 0.496291 501619 29507 1070190
Qd6c 0.496152 501474 29503 1070190
Qh6c 0.496152 501474 29503 1070190
Qc6d 0.496139 501472 29491.5 1070190
Qc6h 0.496139 501472 29491.5 1070190
Qs6h 0.495633 501001 29421 1070190
Qs6d 0.495633 501001 29421 1070190
Qs6c 0.495494 500856 29417 1070190
Qd6s 0.495469 500766 29480.5 1070190
Qh6s 0.495469 500766 29480.5 1070190
Qc6s 0.495318 500619 29465 1070190
Qs6s 0.494812 500148 29394.5 1070190
Qh2h 0.493125 497071 30666 1070190
Qd2d 0.493125 497071 30666 1070190
Qc2c 0.491271 494682 31071.5 1070190
Qd5h 0.490085 493610 30874 1070190
Qh5d 0.490085 493610 30874 1070190
Qd5c 0.489946 493465 30870 1070190
Qh5c 0.489946 493465 30870 1070190
Qc5h 0.48993 493459 30859.5 1070190
Qc5d 0.48993 493459 30859.5 1070190
Qs5d 0.489445 493017 30782 1070190
Qs5h 0.489445 493017 30782 1070190
Qs5c 0.489306 492872 30778 1070190
Qd5s 0.489268 492762 30847.5 1070190
Qh5s 0.489268 492762 30847.5 1070190
Qc5s 0.489113 492611 30833 1070190
Qs5s 0.488628 492169 30755.5 1070190
Jh9h 0.488134 498061 24335.5 1070190
Jd9d 0.488134 498061 24335.5 1070190
Jc9c 0.485937 495045 24999.5 1070190
Qd4h 0.485834 488264 31670.5 1070190
Qh4d 0.485834 488264 31670.5 1070190
Qh4c 0.485695 488119 31666.5 1070190
Qd4c 0.485695 488119 31666.5 1070190
Qc4h 0.485678 488111 31656.5 1070190
Qc4d 0.485678 488111 31656.5 1070190
Qs4h 0.485204 487685 31575 1070190
Qs4d 0.485204 487685 31575 1070190
Qs4c 0.485064 487540 31571 1070190
Qh4s 0.485017 487416 31644 1070190
Qd4s 0.485017 487416 31644 1070190
Qc4s 0.484861 487263 31630 1070190
Qs4s 0.484386 486837 31548.5 1070190
2h2d 0.481764 497327 18252.5 1070190
2h2c 0.481749 497333 18230 1070190
2d2c 0.481749 497333 18230 1070190
2s2d 0.481413 496973 18230 1070190
2s2h 0.481413 496973 18230 1070190
2s2c 0.481397 496979 18207.5 1070190
JhTd 0.479527 489491 23693.5 1070190
JdTh 0.479527 489491 23693.5 1070190
JcTd 0.479403 489380 23672 1070190
JcTh 0.479403 489380 23672 1070190
JdTc 0.47939 489352 23686 1070190
JhTc 0.47939 489352 23686 1070190
JsTd 0.478756 488717 23642.5 1070190
JsTh 0.478756 488717 23642.5 1070190
JhTs 0.478736 488675 23663.5 1070190
JdTs 0.478736 488675 23663.5 1070190
JsTc 0.478619 488578 23635 1070190
JcTs 0.478612 488564 23642 1070190
JsTs 0.477965 487901 23612.5 1070190
Jh8h 0.47101 477441 26629 1070190
Jd8d 0.47101 477441 26629 1070190
Qh2d 0.469215 470119 32030.5 1070190
Qd2h 0.469215 470119 32030.5 1070190
Qd2c 0.469164 470072 32022.5 1070190
Qh2c 0.469164 470072 32022.5 1070190
Qc2d 0.469072 469984 32012.5 1070190
Qc2h 0.469072 469984 32012.5 1070190
Jc8c 0.468922 474570 27265.5 1070190
Qs2h 0.468598 469558 31931 1070190
Qs2d 0.468598 469558 31931 1070190
Qs2c 0.468547 469511 31923 1070190
Qd2s 0.46848 469363 32000 1070190
Qh2s 0.46848 469363 32000 1070190
Qc2s 0.468337 469228 31982 1070190
Qs2s 0.467863 468802 31900.5 1070190
Jd7d 0.463133 467169 28471 1070190
Jh7h 0.463133 467169 28471 1070190
Jh9d 0.463033 470091 25442.5 1070190
Jd9h 0.463033 470091 25442.5 1070190
Jc9h 0.462901 469968 25424 1070190
Jc9d 0.462901 469968 25424 1070190
Jd9c 0.462896 469952 25435 1070190
Jh9c 0.462896 469952 25435 1070190
Js9h 0.462294 469357 25385.5 1070190
Js9d 0.462294 469357 25385.5 1070190
Jh9s 0.462239 469271 25412.5 1070190
Jd9s 0.462239 469271 25412.5 1070190
Js9c 0.462157 469218 25378 1070190
Jc9s 0.462107 469148 25394 1070190
Js9s 0.4615 468537 25355.5 1070190
Jc7c 0.461112 464392 29085.5 1070190
Jh6h 0.456272 458169 30128.5 1070190
Jd6d 0.456272 458169 30128.5 1070190
Jc6c 0.454303 455464 30726.5 1070190
Jd5d 0.450259 450439 31423.5 1070190
Jh5h 0.450259 450439 31423.5 1070190
Jc5c 0.448324 447781 32010.5 1070190
Jd4d 0.446125 445261 32178 1070190
Jh4h 0.446125 445261 32178 1070190
Jd8h 0.445034 448415 27856 1070190
Jh8d 0.445034 448415 27856 1070190
Jd8c 0.444897 448276 27848.5 1070190
Jh8c 0.444897 448276 27848.5 1070190
Jc8h 0.444895 448282 27840 1070190
Jc8d 0.444895 448282 27840 1070190
Js8h 0.444328 447726 27789 1070190
Js8d 0.444328 447726 27789 1070190
Jd8s 0.444237 447592 27826 1070190
Jh8s 0.444237 447592 27826 1070190
Jc4c 0.444206 442625 32759.5 1070190
Js8c 0.444191 447587 27781.5 1070190
Jc8s 0.444098 447459 27810 1070190
Js8s 0.443531 446903 27759 1070190
Jd7h 0.436871 437741 29794 1070190
Jh7d 0.436871 437741 29794 1070190
Jh7c 0.436734 437602 29786.5 1070190
Jd7c 0.436734 437602 29786.5 1070190
Jc7h 0.436726 437600 29780 1070190
Jc7d 0.436726 437600 29780 1070190
Js7h 0.436193 437090 29719 1070190
Js7d 0.436193 437090 29719 1070190
Jh7s 0.43608 436924 29764 1070190
Jd7s 0.43608 436924 29764 1070190
Js7c 0.436056 436951 29711.5 1070190
Jc7s 0.435935 436783 29750 1070190
Js7s 0.435401 436273 29689 1070190
Td9d 0.433614 438460 25589 1070190
Th9h 0.433614 438460 25589 1070190
Tc9c 0.43146 435365 26379.5 1070190
Jd6h 0.429775 428399 31541.5 1070190
Jh6d 0.429775 428399 31541.5 1070190
Jh6c 0.429638 428260 31534 1070190
Jd6c 0.429638 428260 31534 1070190
Jc6h 0.429626 428252 31529 1070190
Jc6d 0.429626 428252 31529 1070190
Js6h 0.42912 427781 31459 1070190
Js6d 0.42912 427781 31459 1070190
Jd6s 0.428989 427588 31511.5 1070190
Jh6s 0.428989 427588 31511.5 1070190
Js6c 0.428983 427642 31451.5 1070190
Jc6s 0.42884 427441 31499 1070190
Jd2d 0.4288 426463 32434 1070190
Jh2h 0.4288 426463 32434 1070190
Js6s 0.428334 426970 31429 1070190
Jc2c 0.426872 423830 33004.5 1070190
Jh5d 0.423568 420390 32908.5 1070190
Jd5h 0.423568 420390 32908.5 1070190
Jh5c 0.423431 420251 32901 1070190
Jd5c 0.423431 420251 32901 1070190
Jc5h 0.423416 420239 32897 1070190
Jc5d 0.423416 420239 32897 1070190
Js5d 0.422931 419797 32820 1070190
Js5h 0.422931 419797 32820 1070190
Js5c 0.422795 419658 32812.5 1070190
Jd5s 0.422787 419584 32878.5 1070190
Jh5s 0.422787 419584 32878.5 1070190
Jc5s 0.422635 419433 32867 1070190
Js5s 0.42215 418991 32790 1070190
Jd4h 0.419317 415044 33705 1070190
Jh4d 0.419317 415044 33705 1070190
Jd4c 0.41918 414905 33697.5 1070190
Jh4c 0.41918 414905 33697.5 1070190
Jc4h 0.419164 414891 33694 1070190
Jc4d 0.419164 414891 33694 1070190
Js4h 0.41869 414465 33613 1070190
Js4d 0.41869 414465 33613 1070190
Js4c 0.418553 414326 33605.5 1070190
Jh4s 0.418536 414238 33675 1070190
Jd4s 0.418536 414238 33675 1070190
Jc4s 0.418383 414085 33664 1070190
Js4s 0.417909 413659 33583 1070190
Td8d 0.416489 417840 27882.5 1070190
Th8h 0.416489 417840 27882.5 1070190
Tc8c 0.414446 414890 28645.5 1070190
Td7d 0.408612 407568 29724.5 1070190
Th7h 0.408612 407568 29724.5 1070190
Tc7c 0.406636 404712 30465.5 1070190
Th9d 0.405941 407623 26811.5 1070190
Td9h 0.405941 407623 26811.5 1070190
Tc9h 0.405811 407500 26795 1070190
Tc9d 0.405811 407500 26795 1070190
Td9c 0.405806 407488 26801 1070190
Th9c 0.405806 407488 26801 1070190
Ts9h 0.405205 406889 26757.5 1070190
Ts9d 0.405205 406889 26757.5 1070190
Td9s 0.405182 406843 26778.5 1070190
Th9s 0.405182 406843 26778.5 1070190
Ts9c 0.405069 406754 26747 1070190
Tc9s 0.405051 406720 26762 1070190
Ts9s 0.404445 406109 26724.5 1070190
Jh2d 0.401831 396078 33957 1070190
Jd2h 0.401831 396078 33957 1070190
Jd2c 0.401788 396044 33946 1070190
Jh2c 0.401788 396044 33946 1070190
Th6h 0.401751 398568 31382 1070190
Td6d 0.401751 398568 31382 1070190
Jc2d 0.401691 395943 33942.5 1070190
Jc2h 0.401691 395943 33942.5 1070190
Js2h 0.401217 395517 33861.5 1070190
Js2d 0.401217 395517 33861.5 1070190
Js2c 0.401175 395483 33850.5 1070190
Jd2s 0.401139 395371 33923.5 1070190
Jh2s 0.401139 395371 33923.5 1070190
Jc2s 0.400999 395236 33909 1070190
Js2s 0.400525 394810 33828 1070190
Tc6c 0.399827 395784 32106.5 1070190
Td5d 0.395738 390838 32677 1070190
Th5h 0.395738 390838 32677 1070190
Tc5c 0.393847 388101 33390.5 1070190
Th4h 0.391605 385660 33431.5 1070190
Td4d 0.391605 385660 33431.5 1070190
Tc4c 0.389729 382945 34139.5 1070190
Td8h 0.387942 385947 29225 1070190
Th8d 0.387942 385947 29225 1070190
Td8c 0.387806 385812 29214.5 1070190
Th8c 0.387806 385812 29214.5 1070190
Tc8d 0.387805 385814 29211 1070190
Tc8h 0.387805 385814 29211 1070190
Ts8h 0.387239 385258 29161 1070190
Ts8d 0.387239 385258 29161 1070190
Td8s 0.38718 385164 29192 1070190
Th8s 0.38718 385164 29192 1070190
Ts8c 0.387103 385123 29150.5 1070190
Tc8s 0.387042 385031 29178 1070190
Ts8s 0.386476 384475 29128 1070190
Td7h 0.379779 375273 31163 1070190
Th7d 0.379779 375273 31163 1070190
Td7c 0.379643 375138 31152.5 1070190
Th7c 0.379643 375138 31152.5 1070190
Tc7h 0.379636 375132 31151 1070190
Tc7d 0.379636 375132 31151 1070190
Ts7h 0.379104 374622 31091 1070190
Ts7d 0.379104 374622 31091 1070190
Td7s 0.379022 374496 31130 1070190
Th7s 0.379022 374496 31130 1070190
Ts7c 0.378968 374487 31080.5 1070190
Tc7s 0.378879 374355 31118 1070190
Ts7s 0.378347 373845 31058 1070190
Th2h 0.373532 366169 33581.5 1070190
Td2d 0.373532 366169 33581.5 1070190
Th6d 0.372683 365931 32910.5 1070190
Td6h 0.372683 365931 32910.5 1070190
Td6c 0.372547 365796 32900 1070190
Th6c 0.372547 365796 32900 1070190
Tc6d 0.372536 365784 32900 1070190
Tc6h 0.372536 365784 32900 1070190
Ts6d 0.372031 365313 32831 1070190
Ts6h 0.372031 365313 32831 1070190
Td6s 0.371932 365160 32877.5 1070190
Th6s 0.371932 365160 32877.5 1070190
Ts6c 0.371895 365178 32820.5 1070190
Tc6s 0.371784 365013 32867 1070190
Tc2c 0.371668 363478 34277.5 1070190
Ts6s 0.37128 364542 32798 1070190
9d8d 0.37085 368455 28425 1070190
9h8h 0.37085 368455 28425 1070190
9c8c 0.368954 365568 29282.5 1070190
Td5h 0.366477 357922 34277.5 1070190
Th5d 0.366477 357922 34277.5 1070190
Td5c 0.366341 357787 34267 1070190
Th5c 0.366341 357787 34267 1070190
Tc5d 0.366327 357771 34268 1070190
Tc5h 0.366327 357771 34268 1070190
Ts5d 0.365843 357329 34192 1070190
Ts5h 0.365843 357329 34192 1070190
Td5s 0.36573 357156 34244.5 1070190
Th5s 0.36573 357156 34244.5 1070190
Ts5c 0.365707 357194 34181.5 1070190
Tc5s 0.36558 357005 34235 1070190
Ts5s 0.365096 356563 34159 1070190
9h7h 0.362973 358183 30267 1070190
9d7d 0.362973 358183 30267 1070190
Td4h 0.362225 352576 35074 1070190
Th4d 0.362225 352576 35074 1070190
Td4c 0.362089 352441 35063.5 1070190
Th4c 0.362089 352441 35063.5 1070190
Tc4d 0.362074 352423 35065 1070190
Tc4h 0.362074 352423 35065 1070190
Ts4d 0.361601 351997 34985 1070190
Ts4h 0.361601 351997 34985 1070190
Th4s 0.361479 351810 35041 1070190
Td4s 0.361479 351810 35041 1070190
Ts4c 0.361465 351862 34974.5 1070190
Tc4s 0.361327 351657 35032 1070190
9c7c 0.361144 355390 31102.5 1070190
Ts4s 0.360855 351231 34952 1070190
9h6h 0.356112 349183 31924.5 1070190
9d6d 0.356112 349183 31924.5 1070190
9c6c 0.354335 346462 32743.5 1070190
9d5d 0.350099 341453 33219.5 1070190
9h5h 0.350099 341453 33219.5 1070190
9c5c 0.348355 338779 34027.5 1070190
9h4h 0.345966 336275 33974 1070190
9d4d 0.345966 336275 33974 1070190
9c4c 0.344237 333623 34776.5 1070190
Td2h 0.344004 332932 35218 1070190
Th2d 0.344004 332932 35218 1070190
Td2c 0.343969 332908 35204.5 1070190
Th2c 0.343969 332908 35204.5 1070190
Tc2d 0.343867 332797 35206 1070190
Tc2h 0.343867 332797 35206 1070190
Ts2h 0.343394 332371 35126 1070190
Ts2d 0.343394 332371 35126 1070190
Ts2c 0.343359 332347 35112.5 1070190
Th2s 0.343353 332271 35182 1070190
Td2s 0.343353 332271 35182 1070190
Tc2s 0.343216 332136 35170 1070190
Ts2s 0.342743 331710 35090 1070190
9d8h 0.340187 334231 29833.5 1070190
9h8d 0.340187 334231 29833.5 1070190
9c8d 0.34005 334098 29820.5 1070190
9c8h 0.34005 334098 29820.5 1070190
9d8c 0.34005 334098 29820.5 1070190
9h8c 0.34005 334098 29820.5 1070190
9s8h 0.339484 333539 29773 1070190
9s8d 0.339484 333539 29773 1070190
9h8s 0.339457 333486 29798 1070190
9d8s 0.339457 333486 29798 1070190
9s8c 0.339347 333406 29760 1070190
9c8s 0.339321 333353 29785 1070190
9s8s 0.338754 332794 29737.5 1070190
9d7h 0.332024 323557 31771.5 1070190
9h7d 0.332024 323557 31771.5 1070190
9h7c 0.331887 323424 31758.5 1070190
9d7c 0.331887 323424 31758.5 1070190
9c7d 0.331882 323416 31760.5 1070190
9c7h 0.331882 323416 31760.5 1070190
9s7h 0.331349 322903 31703 1070190
9s7d 0.331349 322903 31703 1070190
9h7s 0.3313 322818 31736 1070190
9d7s 0.3313 322818 31736 1070190
9s7c 0.331212 322770 31690 1070190
9c7s 0.331158 322677 31725 1070190
9s7s 0.330625 322164 31667.5 1070190
9h2h 0.32728 316234 34018 1070190
9d2d 0.32728 316234 34018 1070190
9c2c 0.325581 313626 34807.5 1070190
8d7d 0.325108 317919 30008 1070190
8h7h 0.325108 317919 30008 1070190
9d6h 0.324927 314215 33519 1070190
9h6d 0.324927 314215 33519 1070190
9d6c 0.324791 314082 33506 1070190
9h6c 0.324791 314082 33506 1070190
9c6h 0.324781 314068 33509.5 1070190
9c6d 0.324781 314068 33509.5 1070190
9s6d 0.324276 313594 33443 1070190
9s6h 0.324276 313594 33443 1070190
9d6s 0.324209 313482 33483.5 1070190
9h6s 0.324209 313482 33483.5 1070190
9s6c 0.32414 313461 33430 1070190
9c6s 0.324063 313335 33474 1070190
9s6s 0.323558 312861 33407.5 1070190
8c7c 0.323493 315286 30913.5 1070190
9d5h 0.318721 306206 34886 1070190
9h5d 0.318721 306206 34886 1070190
9d5c 0.318585 306073 34873 1070190
9h5c 0.318585 306073 34873 1070190
9c5h 0.318572 306055 34877.5 1070190
9c5d 0.318572 306055 34877.5 1070190
8h6h 0.318247 308919 31665.5 1070190
8d6d 0.318247 308919 31665.5 1070190
9s5h 0.318087 305610 34804 1070190
9s5d 0.318087 305610 34804 1070190
9d5s 0.318008 305478 34850.5 1070190
9h5s 0.318008 305478 34850.5 1070190
9s5c 0.317951 305477 34791 1070190
9c5s 0.317859 305327 34842 1070190
9s5s 0.317374 304882 34768.5 1070190
8c6c 0.316684 306358 32554.5 1070190
9h4d 0.31447 300860 35682.5 1070190
9d4h 0.31447 300860 35682.5 1070190
9h4c 0.314333 300727 35669.5 1070190
9d4c 0.314333 300727 35669.5 1070190
9c4d 0.314319 300707 35674.5 1070190
9c4h 0.314319 300707 35674.5 1070190
9s4d 0.313846 300278 35597 1070190
9s4h 0.313846 300278 35597 1070190
9h4s 0.313756 300132 35647 1070190
9d4s 0.313756 300132 35647 1070190
9s4c 0.31371 300145 35584 1070190
9c4s 0.313606 299979 35639 1070190
9s4s 0.313133 299550 35561.5 1070190
8h5h 0.312234 301189 32960.5 1070190
8d5d 0.312234 301189 32960.5 1070190
8c5c 0.310705 298675 33838.5 1070190
8d4d 0.3081 296011 33715 1070190
8h4h 0.3081 296011 33715 1070190
8c4c 0.306587 293519 34587.5 1070190
7d6d 0.300691 291104 30692.5 1070190
7h6h 0.300691 291104 30692.5 1070190
7c6c 0.299429 288811 31634.5 1070190
9d2h 0.295648 280681 35718.5 1070190
9h2d 0.295648 280681 35718.5 1070190
9d2c 0.295618 280664 35703 1070190
9h2c 0.295618 280664 35703 1070190
9c2h 0.295512 280546 35708 1070190
9c2d 0.295512 280546 35708 1070190
9s2h 0.295039 280117 35630.5 1070190
9s2d 0.295039 280117 35630.5 1070190
9d2s 0.295035 280063 35680.5 1070190
9h2s 0.295035 280063 35680.5 1070190
9s2c 0.295008 280100 35615 1070190
9c2s 0.294899 279928 35670 1070190
7h5h 0.294678 283374 31987.5 1070190
7d5d 0.294678 283374 31987.5 1070190
9s2s 0.294426 279499 35592.5 1070190
7c5c 0.293449 281128 32918.5 1070190
8d7h 0.29245 281453 31524.5 1070190
8h7d 0.29245 281453 31524.5 1070190
8h7c 0.292312 281320 31509.5 1070190
8d7c 0.292312 281320 31509.5 1070190
8c7d 0.292308 281312 31513.5 1070190
8c7h 0.292308 281312 31513.5 1070190
8s7h 0.291777 280796 31461 1070190
8s7d 0.291777 280796 31461 1070190
8h7s 0.291758 280750 31487 1070190
8d7s 0.291758 280750 31487 1070190
8s7c 0.291639 280663 31446 1070190
8c7s 0.291616 280609 31476 1070190
8s7s 0.291085 280093 31423.5 1070190
7h4h 0.290628 278374 32653 1070190
7d4d 0.290628 278374 32653 1070190
7c4c 0.289414 276150 33578.5 1070190
8d2d 0.288936 275563 33653 1070190
8h2h 0.288936 275563 33653 1070190
8c2c 0.287468 273134 34511.5 1070190
8d6h 0.285354 272111 33272 1070190
8h6d 0.285354 272111 33272 1070190
8h6c 0.285216 271978 33257 1070190
8d6c 0.285216 271978 33257 1070190
8c6h 0.285208 271964 33262.5 1070190
8c6d 0.285208 271964 33262.5 1070190
8s6h 0.284705 271487 33201 1070190
8s6d 0.284705 271487 33201 1070190
8h6s 0.284668 271414 33234.5 1070190
8d6s 0.284668 271414 33234.5 1070190
8s6c 0.284566 271354 33186 1070190
8c6s 0.284521 271267 33225 1070190
8s6s 0.284018 270790 33163.5 1070190
6d5d 0.283995 273630 30299 1070190
6h5h 0.283995 273630 30299 1070190
6c5c 0.283064 271659 31273.5 1070190
6d4d 0.279945 268630 30964.5 1070190
6h4h 0.279945 268630 30964.5 1070190
8h5d 0.279148 264102 34639 1070190
8d5h 0.279148 264102 34639 1070190
6c4c 0.279029 266681 31933.5 1070190
8h5c 0.279009 263969 34624 1070190
8d5c 0.279009 263969 34624 1070190
8c5d 0.278999 263951 34630.5 1070190
8c5h 0.278999 263951 34630.5 1070190
8s5d 0.278516 263503 34562 1070190
8s5h 0.278516 263503 34562 1070190
8h5s 0.278466 263410 34601.5 1070190
8d5s 0.278466 263410 34601.5 1070190
8s5c 0.278378 263370 34547 1070190
8c5s 0.278317 263259 34593 1070190
8s5s 0.277834 262811 34524.5 1070190
5h4h 0.275644 266432 28559 1070190
5d4d 0.275644 266432 28559 1070190
5c4c 0.274988 264720 29569.5 1070190
8h4d 0.274897 258756 35435.5 1070190
8d4h 0.274897 258756 35435.5 1070190
8d4c 0.274758 258623 35420.5 1070190
8h4c 0.274758 258623 35420.5 1070190
8c4d 0.274746 258603 35427.5 1070190
8c4h 0.274746 258603 35427.5 1070190
8s4d 0.274275 258171 35355 1070190
8s4h 0.274275 258171 35355 1070190
8d4s 0.274215 258064 35398 1070190
8h4s 0.274215 258064 35398 1070190
8s4c 0.274136 258038 35340 1070190
8c4s 0.274064 257911 35390 1070190
8s4s 0.273593 257479 35317.5 1070190
7d6h 0.267346 253846 32264.5 1070190
7h6d 0.267346 253846 32264.5 1070190
7d6c 0.267204 253711 32248 1070190
7h6c 0.267204 253711 32248 1070190
7c6d 0.267198 253699 32254 1070190
7c6h 0.267198 253699 32254 1070190
7s6h 0.2667 253220 32200 1070190
7s6d 0.2667 253220 32200 1070190
7h6s 0.266681 253174 32225.5 1070190
7d6s 0.266681 253174 32225.5 1070190
7s6c 0.266559 253085 32183.5 1070190
7c6s 0.266534 253027 32215 1070190
7s6s 0.266036 252548 32161 1070190
7d5h 0.261139 245837 33631.5 1070190
7h5d 0.261139 245837 33631.5 1070190
7d5c 0.260998 245702 33615 1070190
7h5c 0.260998 245702 33615 1070190
7c5d 0.260989 245686 33622 1070190
7c5h 0.260989 245686 33622 1070190
7s5h 0.260512 245236 33561 1070190
7s5d 0.260512 245236 33561 1070190
7d5s 0.260479 245170 33592.5 1070190
7h5s 0.260479 245170 33592.5 1070190
7s5c 0.26037 245101 33544.5 1070190
7c5s 0.260329 245019 33583 1070190
7s5s 0.259852 244569 33522 1070190
7d2d 0.258276 243919 32485 1070190
7h2h 0.258276 243919 32485 1070190
7c2c 0.257077 241726 33395.5 1070190
7d4h 0.256977 240681 34333 1070190
7h4d 0.256977 240681 34333 1070190
7h4c 0.256835 240546 34316.5 1070190
7d4c 0.256835 240546 34316.5 1070190
7c4d 0.256825 240528 34324 1070190
7c4h 0.256825 240528 34324 1070190
7s4d 0.256359 240093 34259.5 1070190
7s4h 0.256359 240093 34259.5 1070190
7d4s 0.256317 240014 34294 1070190
7h4s 0.256317 240014 34294 1070190
7s4c 0.256217 239958 34243 1070190
7c4s 0.256166 239861 34285 1070190
7s4s 0.255699 239426 34220.5 1070190
8d2h 0.255607 238185 35363.5 1070190
8h2d 0.255607 238185 35363.5 1070190
8d2c 0.255579 238172 35346.5 1070190
8h2c 0.255579 238172 35346.5 1070190
8c2h 0.255472 238050 35353.5 1070190
8c2d 0.255472 238050 35353.5 1070190
8d2s 0.25503 237607 35324 1070190
8h2s 0.25503 237607 35324 1070190
8s2d 0.255001 237618 35281 1070190
8s2h 0.255001 237618 35281 1070190
8s2c 0.254972 237605 35264 1070190
8c2s 0.254895 237472 35314 1070190
8s2s 0.254424 237040 35241.5 1070190
6d5h 0.250336 236044 31863.5 1070190
6h5d 0.250336 236044 31863.5 1070190
6d5c 0.25019 235905 31846 1070190
6h5c 0.25019 235905 31846 1070190
6c5d 0.250185 235893 31852 1070190
6c5h 0.250185 235893 31852 1070190
6s5h 0.249714 235440 31801.5 1070190
6s5d 0.249714 235440 31801.5 1070190
6h5s 0.249698 235401 31823.5 1070190
6d5s 0.249698 235401 31823.5 1070190
6s5c 0.249568 235301 31784 1070190
6c5s 0.249546 235250 31812 1070190
6s5s 0.249076 234797 31761.5 1070190
6h2h 0.247381 234054 30690.5 1070190
6d2d 0.247381 234054 30690.5 1070190
6c2c 0.246495 232153 31643.5 1070190
6d4h 0.246174 230888 32565 1070190
6h4d 0.246174 230888 32565 1070190
6h4c 0.246028 230749 32547.5 1070190
6d4c 0.246028 230749 32547.5 1070190
6c4h 0.246021 230735 32554 1070190
6c4d 0.246021 230735 32554 1070190
6s4h 0.245561 230297 32500 1070190
6s4d 0.245561 230297 32500 1070190
6h4s 0.245536 230245 32525 1070190
6d4s 0.245536 230245 32525 1070190
6s4c 0.245415 230158 32482.5 1070190
6c4s 0.245383 230092 32514 1070190
6s4s 0.244923 229654 32460 1070190
5h2h 0.243001 231878 28179 1070190
5d2d 0.243001 231878 28179 1070190
5c2c 0.242389 230230 29172.5 1070190
5h4d 0.242044 228997 30036.5 1070190
5d4h 0.242044 228997 30036.5 1070190
5d4c 0.241892 228852 30018.5 1070190
5h4c 0.241892 228852 30018.5 1070190
5c4h 0.241888 228844 30022.5 1070190
5c4d 0.241888 228844 30022.5 1070190
5s4d 0.241439 228403 29982.5 1070190
5s4h 0.241439 228403 29982.5 1070190
5d4s 0.241426 228376 29996 1070190
5h4s 0.241426 228376 29996 1070190
5s4c 0.241287 228258 29964.5 1070190
5c4s 0.24127 228223 29982 1070190
5s4s 0.240821 227782 29942 1070190
4h2h 0.23125 222443 25038 1070190
4d2d 0.23125 222443 25038 1070190
4c2c 0.230787 220908 26077.5 1070190
7h2d 0.223703 205252 34153 1070190
7d2h 0.223703 205252 34153 1070190
7d2c 0.223675 205240 34135 1070190
7h2c 0.223675 205240 34135 1070190
7c2d 0.223567 205117 34142.5 1070190
7c2h 0.223567 205117 34142.5 1070190
7d2s 0.22316 204711 34112.5 1070190
7h2s 0.22316 204711 34112.5 1070190
7s2d 0.223106 204688 34078 1070190
7s2h 0.223106 204688 34078 1070190
7s2c 0.223078 204676 34060 1070190
7c2s 0.223024 204576 34102 1070190
7s2s 0.222563 204147 34037.5 1070190
6h2d 0.212701 195353 32277 1070190
6d2h 0.212701 195353 32277 1070190
6h2c 0.21267 195339 32258.5 1070190
6d2c 0.21267 195339 32258.5 1070190
6c2d 0.212563 195218 32265 1070190
6c2h 0.212563 195218 32265 1070190
6h2s 0.21218 194837 32236 1070190
6d2s 0.21218 194837 32236 1070190
6s2d 0.21211 194787 32211 1070190
6s2h 0.21211 194787 32211 1070190
6s2c 0.21208 194773 32192.5 1070190
6c2s 0.212043 194702 32224 1070190
6s2s 0.21159 194271 32170 1070190
5h2d 0.208505 193499 29640.5 1070190
5d2h 0.208505 193499 29640.5 1070190
5h2c 0.20847 193480 29622 1070190
5d2c 0.20847 193480 29622 1070190
5c2h 0.208365 193364 29626 1070190
5c2d 0.208365 193364 29626 1070190
5h2s 0.208006 193006 29599.5 1070190
5d2s 0.208006 193006 29599.5 1070190
5s2h 0.207922 192930 29586 1070190
5s2d 0.207922 192930 29586 1070190
5s2c 0.207887 192911 29567.5 1070190
5c2s 0.207866 192871 29585 1070190
5s2s 0.207423 192437 29545 1070190
4h2d 0.196312 183753 26338.5 1070190
4d2h 0.196312 183753 26338.5 1070190
4h2c 0.19627 183726 26320.5 1070190
4d2c 0.19627 183726 26320.5 1070190
4c2d 0.196169 183618 26320.5 1070190
4c2h 0.196169 183618 26320.5 1070190
4h2s 0.19584 183288 26298 1070190
4d2s 0.19584 183288 26298 1070190
4s2h 0.195743 183184 26298 1070190
4s2d 0.195743 183184 26298 1070190
4s2c 0.195701 183157 26280 1070190
4c2s 0.195697 183153 26280 1070190
4s2s 0.19527 182719 26257.5 1070190
