AcJc 0.982963 1051957 0 1070190
AcKc 0.982839 1051824 0 1070190
Ac9c 0.982654 1051626 0 1070190
Ac8c 0.982448 1051406 0 1070190
Ac6c 0.982218 1051160 0 1070190
Ac5c 0.982213 1051154 0 1070190
Ac4c 0.982213 1051154 0 1070190
Ac7c 0.982213 1051154 0 1070190
Ac2c 0.982207 1051148 0 1070190
KcJc 0.968194 1036152 0 1070190
Kc9c 0.96788 1035816 0 1070190
Kc8c 0.965757 1033544 0 1070190
Kc6c 0.965566 1033339 0 1070190
Kc5c 0.965563 1033336 0 1070190
Kc4c 0.965563 1033336 0 1070190
Kc7c 0.96556 1033333 0 1070190
Kc2c 0.965558 1033330 0 1070190
Jc9c 0.955803 1022891 0 1070190
Jc8c 0.95368 1020619 0 1070190
Jc6c 0.949841 1016510 0 1070190
Jc4c 0.949839 1016508 0 1070190
Jc5c 0.949839 1016508 0 1070190
Jc7c 0.949835 1016504 0 1070190
Jc2c 0.949833 1016502 0 1070190
9c8c 0.938594 1004474 0 1070190
9c6c 0.934835 1000451 0 1070190
9c7c 0.934829 1000445 0 1070190
9c5c 0.934717 1000325 0 1070190
9c4c 0.934717 1000325 0 1070190
9c2c 0.934712 1000319 0 1070190
8c6c 0.920635 985254 0 1070190
8c7c 0.920629 985248 0 1070190
8c4c 0.920518 985129 0 1070190
8c5c 0.920518 985129 0 1070190
8c2c 0.920512 985123 0 1070190
7c6c 0.907516 971215 0 1070190
7c4c 0.90744 971133 0 1070190
7c5c 0.90744 971133 0 1070190
7c2c 0.907244 970923 0 1070190
6c5c 0.895363 958209 0 1070190
6c4c 0.895363 958209 0 1070190
6c2c 0.895167 957999 0 1070190
AdAc 0.894185 956246 702 1070190
AsAc 0.894185 956246 702 1070190
AhAc 0.894185 956246 702 1070190
AcQd 0.890464 950051 2914.5 1070190
AcQs 0.890464 950051 2914.5 1070190
AcQh 0.890464 950051 2914.5 1070190
5c4c 0.88421 946273 0 1070190
5c2c 0.884015 946064 0 1070190
KcQd 0.875001 932400 4017 1070190
KcQh 0.875001 932400 4017 1070190
KcQs 0.875001 932400 4017 1070190
KsKc 0.874255 934566 1053 1070190
KdKc 0.874255 934566 1053 1070190
KhKc 0.874255 934566 1053 1070190
4c2c 0.873556 934871 0 1070190
QdJc 0.851831 906573 5047.5 1070190
QhJc 0.851831 906573 5047.5 1070190
QsJc 0.851831 906573 5047.5 1070190
AcTh 0.841498 897383 3180 1070190
AcTs 0.841498 897383 3180 1070190
AcTd 0.841498 897383 3180 1070190
QhQd 0.832989 875805 15651 1070190
QsQh 0.832989 875805 15651 1070190
QsQd 0.832989 875805 15651 1070190
Qh9c 0.828553 879083 7626 1070190
Qs9c 0.828553 879083 7626 1070190
Qd9c 0.828553 879083 7626 1070190
ThTd 0.827703 870084 15715.5 1070190
TsTd 0.827703 870084 15715.5 1070190
TsTh 0.827703 870084 15715.5 1070190
KcTd 0.827002 880767 4282.5 1070190
KcTh 0.827002 880767 4282.5 1070190
KcTs 0.827002 880767 4282.5 1070190
3s3h 0.819199 860928 15771 1070190
3s3d 0.819199 860928 15771 1070190
3h3d 0.819199 860928 15771 1070190
Qs8c 0.810121 859059 7924.5 1070190
Qd8c 0.810121 859059 7924.5 1070190
Qh8c 0.810121 859059 7924.5 1070190
JsJc 0.80675 861972 1404 1070190
JhJc 0.80675 861972 1404 1070190
JdJc 0.80675 861972 1404 1070190
JcTd 0.806534 855381 7764 1070190
JcTh 0.806534 855381 7764 1070190
JcTs 0.806534 855381 7764 1070190
Qh7c 0.792602 839880 8355 1070190
Qs7c 0.792602 839880 8355 1070190
Qd7c 0.792602 839880 8355 1070190
Ts9c 0.779052 825812 7921.5 1070190
Td9c 0.779052 825812 7921.5 1070190
Th9c 0.779052 825812 7921.5 1070190
Qh6c 0.778053 823608 9057 1070190
Qd6c 0.778053 823608 9057 1070190
Qs6c 0.778053 823608 9057 1070190
QdTd 0.772216 808176 18242 1070190
QsTh 0.772216 808176 18242 1070190
QdTh 0.772216 808176 18242 1070190
QsTs 0.772216 808176 18242 1070190
QsTd 0.772216 808176 18242 1070190
QhTd 0.772216 808176 18242 1070190
QdTs 0.772216 808176 18242 1070190
QhTh 0.772216 808176 18242 1070190
QhTs 0.772216 808176 18242 1070190
Qs5c 0.764266 808307 9603 1070190
Qh5c 0.764266 808307 9603 1070190
Qd5c 0.764266 808307 9603 1070190
Td8c 0.759653 804753 8220 1070190
Ts8c 0.759653 804753 8220 1070190
Th8c 0.759653 804753 8220 1070190
Qh3s 0.755313 786933 21395 1070190
Qd3h 0.755313 786933 21395 1070190
Qd3s 0.755313 786933 21395 1070190
Qh3d 0.755313 786933 21395 1070190
Qh3h 0.755313 786933 21395 1070190
Qs3h 0.755313 786933 21395 1070190
Qs3d 0.755313 786933 21395 1070190
Qd3d 0.755313 786933 21395 1070190
Qs3s 0.755313 786933 21395 1070190
Qs4c 0.751451 794274 9921 1070190
Qd4c 0.751451 794274 9921 1070190
Qh4c 0.751451 794274 9921 1070190
Ac3s 0.742327 790490 3940.5 1070190
Ac3d 0.742327 790490 3940.5 1070190
Ac3h 0.742327 790490 3940.5 1070190
Td7c 0.74136 784746 8650.5 1070190
Th7c 0.74136 784746 8650.5 1070190
Ts7c 0.74136 784746 8650.5 1070190
AcKd 0.738255 784961 5112 1070190
AcKh 0.738255 784961 5112 1070190
AcKs 0.738255 784961 5112 1070190
Ts3s 0.733118 762951 21624.5 1070190
Ts3d 0.733118 762951 21624.5 1070190
Th3d 0.733118 762951 21624.5 1070190
Th3h 0.733118 762951 21624.5 1070190
Ts3h 0.733118 762951 21624.5 1070190
Td3d 0.733118 762951 21624.5 1070190
Td3h 0.733118 762951 21624.5 1070190
Th3s 0.733118 762951 21624.5 1070190
Td3s 0.733118 762951 21624.5 1070190
AcJs 0.730839 775787 6349.5 1070190
AcJh 0.730839 775787 6349.5 1070190
AcJd 0.730839 775787 6349.5 1070190
Kc3d 0.727923 774054 4962 1070190
Kc3h 0.727923 774054 4962 1070190
Kc3s 0.727923 774054 4962 1070190
9d9c 0.72723 777014 1260 1070190
9s9c 0.72723 777014 1260 1070190
9h9c 0.72723 777014 1260 1070190
Qs2c 0.726945 755178 22791 1070190
Qd2c 0.726945 755178 22791 1070190
Qh2c 0.726945 755178 22791 1070190
Th6c 0.726812 768474 9352.5 1070190
Ts6c 0.726812 768474 9352.5 1070190
Td6c 0.726812 768474 9352.5 1070190
KcJd 0.726715 771189 6534 1070190
KcJh 0.726715 771189 6534 1070190
KcJs 0.726715 771189 6534 1070190
AsKc 0.724234 770064 5004 1070190
AhKc 0.724234 770064 5004 1070190
AdKc 0.724234 770064 5004 1070190
AsAd 0.713335 746987 16417.5 1070190
AhAd 0.713335 746987 16417.5 1070190
AsAh 0.713335 746987 16417.5 1070190
Td5c 0.713024 753173 9898.5 1070190
Th5c 0.713024 753173 9898.5 1070190
Ts5c 0.713024 753173 9898.5 1070190
KdJc 0.710822 754515 6199.5 1070190
KhJc 0.710822 754515 6199.5 1070190
KsJc 0.710822 754515 6199.5 1070190
Jc3s 0.708481 749955 8254.5 1070190
Jc3h 0.708481 749955 8254.5 1070190
Jc3d 0.708481 749955 8254.5 1070190
AhQs 0.706298 736523 19350 1070190
AsQs 0.706298 736523 19350 1070190
AsQh 0.706298 736523 19350 1070190
AsQd 0.706298 736523 19350 1070190
AhQh 0.706298 736523 19350 1070190
AhQd 0.706298 736523 19350 1070190
AdQd 0.706298 736523 19350 1070190
AdQh 0.706298 736523 19350 1070190
AdQs 0.706298 736523 19350 1070190
KsKh 0.706035 738763 16828.5 1070190
KhKd 0.706035 738763 16828.5 1070190
KsKd 0.706035 738763 16828.5 1070190
KdQd 0.704984 733720 20746.5 1070190
KdQh 0.704984 733720 20746.5 1070190
KsQs 0.704984 733720 20746.5 1070190
KsQh 0.704984 733720 20746.5 1070190
KsQd 0.704984 733720 20746.5 1070190
KdQs 0.704984 733720 20746.5 1070190
KhQd 0.704984 733720 20746.5 1070190
KhQh 0.704984 733720 20746.5 1070190
KhQs 0.704984 733720 20746.5 1070190
AsJc 0.700692 743841 6033 1070190
AhJc 0.700692 743841 6033 1070190
AdJc 0.700692 743841 6033 1070190
Th4c 0.700209 739140 10216.5 1070190
Td4c 0.700209 739140 10216.5 1070190
Ts4c 0.700209 739140 10216.5 1070190
8s8c 0.697292 745362 873 1070190
8h8c 0.697292 745362 873 1070190
8d8c 0.697292 745362 873 1070190
QsJs 0.692955 719541 22053 1070190
QsJd 0.692955 719541 22053 1070190
QhJd 0.692955 719541 22053 1070190
QhJh 0.692955 719541 22053 1070190
QhJs 0.692955 719541 22053 1070190
QsJh 0.692955 719541 22053 1070190
QdJs 0.692955 719541 22053 1070190
QdJh 0.692955 719541 22053 1070190
QdJd 0.692955 719541 22053 1070190
9c3s 0.680302 715208 12844.5 1070190
9c3h 0.680302 715208 12844.5 1070190
9c3d 0.680302 715208 12844.5 1070190
Qd9s 0.677334 699220 25656 1070190
Qh9s 0.677334 699220 25656 1070190
Qh9h 0.677334 699220 25656 1070190
Qs9d 0.677334 699220 25656 1070190
Qs9h 0.677334 699220 25656 1070190
Qs9s 0.677334 699220 25656 1070190
Qh9d 0.677334 699220 25656 1070190
Qd9d 0.677334 699220 25656 1070190
Qd9h 0.677334 699220 25656 1070190
Ts2c 0.675737 700044 23122.5 1070190
Td2c 0.675737 700044 23122.5 1070190
Th2c 0.675737 700044 23122.5 1070190
Ac9s 0.668395 704141 11169 1070190
Ac9d 0.668395 704141 11169 1070190
Ac9h 0.668395 704141 11169 1070190
Qh8s 0.667853 688565 26164.5 1070190
Qd8d 0.667853 688565 26164.5 1070190
Qh8h 0.667853 688565 26164.5 1070190
Qd8h 0.667853 688565 26164.5 1070190
Qh8d 0.667853 688565 26164.5 1070190
Qd8s 0.667853 688565 26164.5 1070190
Qs8d 0.667853 688565 26164.5 1070190
Qs8s 0.667853 688565 26164.5 1070190
Qs8h 0.667853 688565 26164.5 1070190
7d7c 0.667746 714129 486 1070190
7h7c 0.667746 714129 486 1070190
7s7c 0.667746 714129 486 1070190
Jc9d 0.66748 702495 11835 1070190
Jc9h 0.66748 702495 11835 1070190
Jc9s 0.66748 702495 11835 1070190
Kc9d 0.665365 702009 10057.5 1070190
Kc9h 0.665365 702009 10057.5 1070190
Kc9s 0.665365 702009 10057.5 1070190
Ac8h 0.661712 695999 12159 1070190
Ac8d 0.661712 695999 12159 1070190
Ac8s 0.661712 695999 12159 1070190
8c3h 0.660886 694083 13191 1070190
8c3d 0.660886 694083 13191 1070190
8c3s 0.660886 694083 13191 1070190
Qs7h 0.65946 678864 26883 1070190
Qs7s 0.65946 678864 26883 1070190
Qh7d 0.65946 678864 26883 1070190
Qh7h 0.65946 678864 26883 1070190
Qh7s 0.65946 678864 26883 1070190
Qs7d 0.65946 678864 26883 1070190
Qd7d 0.65946 678864 26883 1070190
Qd7h 0.65946 678864 26883 1070190
Qd7s 0.65946 678864 26883 1070190
Qs6s 0.656463 674628 27912 1070190
Qs6h 0.656463 674628 27912 1070190
Qs6d 0.656463 674628 27912 1070190
Qd6h 0.656463 674628 27912 1070190
Qd6s 0.656463 674628 27912 1070190
Qh6s 0.656463 674628 27912 1070190
Qh6h 0.656463 674628 27912 1070190
Qh6d 0.656463 674628 27912 1070190
Qd6d 0.656463 674628 27912 1070190
Qh5s 0.653988 671172 28719 1070190
Qh5h 0.653988 671172 28719 1070190
Qs5s 0.653988 671172 28719 1070190
Qs5h 0.653988 671172 28719 1070190
Qs5d 0.653988 671172 28719 1070190
Qh5d 0.653988 671172 28719 1070190
Qd5d 0.653988 671172 28719 1070190
Qd5h 0.653988 671172 28719 1070190
Qd5s 0.653988 671172 28719 1070190
Jh9c 0.653751 688385 11253 1070190
Jd9c 0.653751 688385 11253 1070190
Js9c 0.653751 688385 11253 1070190
Qs4d 0.652538 669144 29196 1070190
Qd4d 0.652538 669144 29196 1070190
Qd4h 0.652538 669144 29196 1070190
Qd4s 0.652538 669144 29196 1070190
Qs4h 0.652538 669144 29196 1070190
Qs4s 0.652538 669144 29196 1070190
Qh4d 0.652538 669144 29196 1070190
Qh4s 0.652538 669144 29196 1070190
Qh4h 0.652538 669144 29196 1070190
Ac7d 0.651339 683912 13144.5 1070190
Ac7h 0.651339 683912 13144.5 1070190
Ac7s 0.651339 683912 13144.5 1070190
Qd2s 0.651047 667329 29415 1070190
Qd2d 0.651047 667329 29415 1070190
Qs2s 0.651047 667329 29415 1070190
Qs2h 0.651047 667329 29415 1070190
Qs2d 0.651047 667329 29415 1070190
Qd2h 0.651047 667329 29415 1070190
Qh2d 0.651047 667329 29415 1070190
Qh2h 0.651047 667329 29415 1070190
Qh2s 0.651047 667329 29415 1070190
Ac5s 0.649727 680279 15052.5 1070190
Ac5h 0.649727 680279 15052.5 1070190
Ac5d 0.649727 680279 15052.5 1070190
Ac4h 0.647597 677531 15520.5 1070190
Ac4s 0.647597 677531 15520.5 1070190
Ac4d 0.647597 677531 15520.5 1070190
Ac6h 0.647417 678635 14224.5 1070190
Ac6d 0.647417 678635 14224.5 1070190
Ac6s 0.647417 678635 14224.5 1070190
6d6c 0.644148 688911 450 1070190
6h6c 0.644148 688911 450 1070190
6s6c 0.644148 688911 450 1070190
7c3s 0.642922 674871 13177.5 1070190
7c3h 0.642922 674871 13177.5 1070190
7c3d 0.642922 674871 13177.5 1070190
Ac2s 0.641051 670526 15520.5 1070190
Ac2d 0.641051 670526 15520.5 1070190
Ac2h 0.641051 670526 15520.5 1070190
KdTd 0.636608 660322 20970 1070190
KsTd 0.636608 660322 20970 1070190
KsTh 0.636608 660322 20970 1070190
KdTs 0.636608 660322 20970 1070190
KhTs 0.636608 660322 20970 1070190
KhTh 0.636608 660322 20970 1070190
KhTd 0.636608 660322 20970 1070190
KdTh 0.636608 660322 20970 1070190
KsTs 0.636608 660322 20970 1070190
AhTs 0.636507 661610 19573.5 1070190
AdTh 0.636507 661610 19573.5 1070190
AdTs 0.636507 661610 19573.5 1070190
AsTd 0.636507 661610 19573.5 1070190
AsTh 0.636507 661610 19573.5 1070190
AsTs 0.636507 661610 19573.5 1070190
AdTd 0.636507 661610 19573.5 1070190
AhTd 0.636507 661610 19573.5 1070190
AhTh 0.636507 661610 19573.5 1070190
Kh9c 0.635673 671108 9183 1070190
Kd9c 0.635673 671108 9183 1070190
Ks9c 0.635673 671108 9183 1070190
JhJd 0.632031 659154 17239.5 1070190
JsJd 0.632031 659154 17239.5 1070190
JsJh 0.632031 659154 17239.5 1070190
6c3h 0.629592 660444 13339.5 1070190
6c3d 0.629592 660444 13339.5 1070190
6c3s 0.629592 660444 13339.5 1070190
JhTh 0.629096 647520 25732.5 1070190
JhTd 0.629096 647520 25732.5 1070190
JdTh 0.629096 647520 25732.5 1070190
JdTs 0.629096 647520 25732.5 1070190
JsTs 0.629096 647520 25732.5 1070190
JhTs 0.629096 647520 25732.5 1070190
JdTd 0.629096 647520 25732.5 1070190
JsTd 0.629096 647520 25732.5 1070190
JsTh 0.629096 647520 25732.5 1070190
Ah9c 0.623612 657251 10132.5 1070190
As9c 0.623612 657251 10132.5 1070190
Ad9c 0.623612 657251 10132.5 1070190
5s5c 0.620639 663788 414 1070190
5d5c 0.620639 663788 414 1070190
5h5c 0.620639 663788 414 1070190
5c3h 0.616848 646787 13357.5 1070190
5c3s 0.616848 646787 13357.5 1070190
5c3d 0.616848 646787 13357.5 1070190
Jc8h 0.613172 643611 12600 1070190
Jc8d 0.613172 643611 12600 1070190
Jc8s 0.613172 643611 12600 1070190
Kc8s 0.610348 641376 11812.5 1070190
Kc8h 0.610348 641376 11812.5 1070190
Kc8d 0.610348 641376 11812.5 1070190
Ts9s 0.607425 624004 26056.5 1070190
Ts9h 0.607425 624004 26056.5 1070190
Td9d 0.607425 624004 26056.5 1070190
Td9h 0.607425 624004 26056.5 1070190
Td9s 0.607425 624004 26056.5 1070190
Th9d 0.607425 624004 26056.5 1070190
Th9h 0.607425 624004 26056.5 1070190
Th9s 0.607425 624004 26056.5 1070190
Ts9d 0.607425 624004 26056.5 1070190
As8c 0.605264 636768 10980 1070190
Ad8c 0.605264 636768 10980 1070190
Ah8c 0.605264 636768 10980 1070190
Kc7s 0.604873 634293 13036.5 1070190
Kc7h 0.604873 634293 13036.5 1070190
Kc7d 0.604873 634293 13036.5 1070190
4c3s 0.60463 633765 13303.5 1070190
4c3d 0.60463 633765 13303.5 1070190
4c3h 0.60463 633765 13303.5 1070190
Kc6s 0.600952 629016 14116.5 1070190
Kc6h 0.600952 629016 14116.5 1070190
Kc6d 0.600952 629016 14116.5 1070190
4d4c 0.597522 639084 378 1070190
4h4c 0.597522 639084 378 1070190
4s4c 0.597522 639084 378 1070190
Kc5s 0.597425 624414 14944.5 1070190
Kc5h 0.597425 624414 14944.5 1070190
Kc5d 0.597425 624414 14944.5 1070190
Td8d 0.596529 611834 26565 1070190
Td8h 0.596529 611834 26565 1070190
Td8s 0.596529 611834 26565 1070190
Th8d 0.596529 611834 26565 1070190
Th8h 0.596529 611834 26565 1070190
Th8s 0.596529 611834 26565 1070190
Ts8d 0.596529 611834 26565 1070190
Ts8h 0.596529 611834 26565 1070190
Ts8s 0.596529 611834 26565 1070190
Kc4s 0.595295 621666 15412.5 1070190
Kc4h 0.595295 621666 15412.5 1070190
Kc4d 0.595295 621666 15412.5 1070190
Kc2h 0.588749 614661 15412.5 1070190
Kc2d 0.588749 614661 15412.5 1070190
Kc2s 0.588749 614661 15412.5 1070190
Js8c 0.587676 617088 11836.5 1070190
Jd8c 0.587676 617088 11836.5 1070190
Jh8c 0.587676 617088 11836.5 1070190
Td7d 0.587006 600924 27283.5 1070190
Th7s 0.587006 600924 27283.5 1070190
Th7h 0.587006 600924 27283.5 1070190
Th7d 0.587006 600924 27283.5 1070190
Td7s 0.587006 600924 27283.5 1070190
Td7h 0.587006 600924 27283.5 1070190
Ts7d 0.587006 600924 27283.5 1070190
Ts7h 0.587006 600924 27283.5 1070190
Ts7s 0.587006 600924 27283.5 1070190
Td6s 0.584009 596688 28312.5 1070190
Td6h 0.584009 596688 28312.5 1070190
Td6d 0.584009 596688 28312.5 1070190
Th6h 0.584009 596688 28312.5 1070190
Th6s 0.584009 596688 28312.5 1070190
Ts6d 0.584009 596688 28312.5 1070190
Ts6h 0.584009 596688 28312.5 1070190
Ts6s 0.584009 596688 28312.5 1070190
Th6d 0.584009 596688 28312.5 1070190
As7c 0.583276 612450 11766 1070190
Ad7c 0.583276 612450 11766 1070190
Ah7c 0.583276 612450 11766 1070190
Ts5d 0.581534 593232 29119.5 1070190
Ts5h 0.581534 593232 29119.5 1070190
Ts5s 0.581534 593232 29119.5 1070190
Th5s 0.581534 593232 29119.5 1070190
Th5h 0.581534 593232 29119.5 1070190
Th5d 0.581534 593232 29119.5 1070190
Td5s 0.581534 593232 29119.5 1070190
Td5h 0.581534 593232 29119.5 1070190
Td5d 0.581534 593232 29119.5 1070190
Td4s 0.580084 591204 29596.5 1070190
Ts4d 0.580084 591204 29596.5 1070190
Ts4h 0.580084 591204 29596.5 1070190
Ts4s 0.580084 591204 29596.5 1070190
Td4h 0.580084 591204 29596.5 1070190
Th4d 0.580084 591204 29596.5 1070190
Th4h 0.580084 591204 29596.5 1070190
Th4s 0.580084 591204 29596.5 1070190
Td4d 0.580084 591204 29596.5 1070190
Ts2h 0.578624 589389 29848.5 1070190
Td2h 0.578624 589389 29848.5 1070190
Td2d 0.578624 589389 29848.5 1070190
Td2s 0.578624 589389 29848.5 1070190
Ts2s 0.578624 589389 29848.5 1070190
Ts2d 0.578624 589389 29848.5 1070190
Th2d 0.578624 589389 29848.5 1070190
Th2h 0.578624 589389 29848.5 1070190
Th2s 0.578624 589389 29848.5 1070190
3h2c 0.572457 586788 25849.5 1070190
3d2c 0.572457 586788 25849.5 1070190
3s2c 0.572457 586788 25849.5 1070190
Kd8c 0.567973 597225 10614 1070190
Ks8c 0.567973 597225 10614 1070190
Kh8c 0.567973 597225 10614 1070190
Ah6c 0.566877 593946 12720 1070190
Ad6c 0.566877 593946 12720 1070190
As6c 0.566877 593946 12720 1070190
9c8d 0.561017 585416 14979 1070190
9c8h 0.561017 585416 14979 1070190
9c8s 0.561017 585416 14979 1070190
Ah5c 0.556967 582605 13455 1070190
Ad5c 0.556967 582605 13455 1070190
As5c 0.556967 582605 13455 1070190
Jc7d 0.553604 578160 14301 1070190
Jc7h 0.553604 578160 14301 1070190
Jc7s 0.553604 578160 14301 1070190
Kh7c 0.550845 577821 11688 1070190
Kd7c 0.550845 577821 11688 1070190
Ks7c 0.550845 577821 11688 1070190
Jc6d 0.549682 572883 15381 1070190
Jc6h 0.549682 572883 15381 1070190
Jc6s 0.549682 572883 15381 1070190
9d8c 0.549409 573309 14662.5 1070190
9h8c 0.549409 573309 14662.5 1070190
9s8c 0.549409 573309 14662.5 1070190
Jc5s 0.546189 568317 16209 1070190
Jc5h 0.546189 568317 16209 1070190
Jc5d 0.546189 568317 16209 1070190
Jc4s 0.544059 565569 16677 1070190
Jc4h 0.544059 565569 16677 1070190
Jc4d 0.544059 565569 16677 1070190
As4c 0.542805 567033 13872 1070190
Ad4c 0.542805 567033 13872 1070190
Ah4c 0.542805 567033 13872 1070190
9h9d 0.539717 560596 17004 1070190
9s9d 0.539717 560596 17004 1070190
9s9h 0.539717 560596 17004 1070190
Jc2d 0.537542 558627 16645.5 1070190
Jc2h 0.537542 558627 16645.5 1070190
Jc2s 0.537542 558627 16645.5 1070190
Kh6c 0.534446 559317 12642 1070190
Ks6c 0.534446 559317 12642 1070190
Kd6c 0.534446 559317 12642 1070190
Kh5c 0.518758 541793 13377 1070190
Kd5c 0.518758 541793 13377 1070190
Ks5c 0.518758 541793 13377 1070190
Js7c 0.515939 538911 13242 1070190
Jh7c 0.515939 538911 13242 1070190
Jd7c 0.515939 538911 13242 1070190
8s8d 0.515334 534944 16561.5 1070190
8s8h 0.515334 534944 16561.5 1070190
8h8d 0.515334 534944 16561.5 1070190
KsJh 0.51094 524302 22501 1070190
KsJs 0.51094 524302 22501 1070190
KsJd 0.51094 524302 22501 1070190
KhJs 0.51094 524302 22501 1070190
KhJh 0.51094 524302 22501 1070190
KhJd 0.51094 524302 22501 1070190
KdJs 0.51094 524302 22501 1070190
KdJh 0.51094 524302 22501 1070190
KdJd 0.51094 524302 22501 1070190
As2c 0.509974 519243 26526 1070190
Ah2c 0.509974 519243 26526 1070190
Ad2c 0.509974 519243 26526 1070190
2d2c 0.509814 529704 15894 1070190
2h2c 0.509814 529704 15894 1070190
2s2c 0.509814 529704 15894 1070190
Kd4c 0.504597 526221 13794 1070190
Ks4c 0.504597 526221 13794 1070190
Kh4c 0.504597 526221 13794 1070190
9c7d 0.501733 519170 17779.5 1070190
9c7h 0.501733 519170 17779.5 1070190
9c7s 0.501733 519170 17779.5 1070190
AsKd 0.50143 515577 21048.5 1070190
AsKh 0.50143 515577 21048.5 1070190
AhKs 0.50143 515577 21048.5 1070190
AhKh 0.50143 515577 21048.5 1070190
AdKs 0.50143 515577 21048.5 1070190
AsKs 0.50143 515577 21048.5 1070190
AdKh 0.50143 515577 21048.5 1070190
AdKd 0.50143 515577 21048.5 1070190
AhKd 0.50143 515577 21048.5 1070190
Js6c 0.49954 520407 14196 1070190
Jd6c 0.49954 520407 14196 1070190
Jh6c 0.49954 520407 14196 1070190
Ks3h 0.49908 512554 21556.5 1070190
Kd3s 0.49908 512554 21556.5 1070190
Kd3h 0.49908 512554 21556.5 1070190
Kd3d 0.49908 512554 21556.5 1070190
Ks3d 0.49908 512554 21556.5 1070190
Kh3d 0.49908 512554 21556.5 1070190
Kh3h 0.49908 512554 21556.5 1070190
Kh3s 0.49908 512554 21556.5 1070190
Ks3s 0.49908 512554 21556.5 1070190
Ah3s 0.498383 513119 20245.5 1070190
Ad3d 0.498383 513119 20245.5 1070190
Ad3h 0.498383 513119 20245.5 1070190
Ad3s 0.498383 513119 20245.5 1070190
As3s 0.498383 513119 20245.5 1070190
Ah3h 0.498383 513119 20245.5 1070190
As3h 0.498383 513119 20245.5 1070190
As3d 0.498383 513119 20245.5 1070190
Ah3d 0.498383 513119 20245.5 1070190
9c6s 0.497963 514217 18697.5 1070190
9c6d 0.497963 514217 18697.5 1070190
9c6h 0.497963 514217 18697.5 1070190
Jh3s 0.493518 502098 26059.5 1070190
Jh3h 0.493518 502098 26059.5 1070190
Jh3d 0.493518 502098 26059.5 1070190
Js3d 0.493518 502098 26059.5 1070190
Jd3d 0.493518 502098 26059.5 1070190
Jd3h 0.493518 502098 26059.5 1070190
Jd3s 0.493518 502098 26059.5 1070190
Js3h 0.493518 502098 26059.5 1070190
Js3s 0.493518 502098 26059.5 1070190
AhJh 0.492254 504447 22358 1070190
AdJs 0.492254 504447 22358 1070190
AsJh 0.492254 504447 22358 1070190
AsJs 0.492254 504447 22358 1070190
AsJd 0.492254 504447 22358 1070190
AdJh 0.492254 504447 22358 1070190
AdJd 0.492254 504447 22358 1070190
AhJs 0.492254 504447 22358 1070190
AhJd 0.492254 504447 22358 1070190
7h7d 0.491257 509619 16119 1070190
7s7d 0.491257 509619 16119 1070190
7s7h 0.491257 509619 16119 1070190
9c5s 0.487599 502190 19633.5 1070190
9c5h 0.487599 502190 19633.5 1070190
9c5d 0.487599 502190 19633.5 1070190
9c4s 0.485468 499442 20101.5 1070190
9c4d 0.485468 499442 20101.5 1070190
9c4h 0.485468 499442 20101.5 1070190
Jd5c 0.483878 502910 14931 1070190
Js5c 0.483878 502910 14931 1070190
Jh5c 0.483878 502910 14931 1070190
9c2h 0.478982 492563 20038.5 1070190
9c2d 0.478982 492563 20038.5 1070190
9c2s 0.478982 492563 20038.5 1070190
9d7c 0.478241 494550 17259 1070190
9s7c 0.478241 494550 17259 1070190
9h7c 0.478241 494550 17259 1070190
6s6d 0.476477 493833 16087.5 1070190
6h6d 0.476477 493833 16087.5 1070190
6s6h 0.476477 493833 16087.5 1070190
Ks2c 0.471766 478431 26448 1070190
Kh2c 0.471766 478431 26448 1070190
Kd2c 0.471766 478431 26448 1070190
9h3d 0.471706 472123 32692.5 1070190
9d3s 0.471706 472123 32692.5 1070190
9d3h 0.471706 472123 32692.5 1070190
9d3d 0.471706 472123 32692.5 1070190
9s3h 0.471706 472123 32692.5 1070190
9s3s 0.471706 472123 32692.5 1070190
9h3h 0.471706 472123 32692.5 1070190
9h3s 0.471706 472123 32692.5 1070190
9s3d 0.471706 472123 32692.5 1070190
Js4c 0.469717 487338 15348 1070190
Jh4c 0.469717 487338 15348 1070190
Jd4c 0.469717 487338 15348 1070190
8c7s 0.462037 476955 17512.5 1070190
8c7h 0.462037 476955 17512.5 1070190
8c7d 0.462037 476955 17512.5 1070190
9d6c 0.461981 476343 18064.5 1070190
9h6c 0.461981 476343 18064.5 1070190
9s6c 0.461981 476343 18064.5 1070190
5h5d 0.461217 477534 16056 1070190
5s5h 0.461217 477534 16056 1070190
5s5d 0.461217 477534 16056 1070190
8d3h 0.461066 460076 33352.5 1070190
8d3d 0.461066 460076 33352.5 1070190
8h3d 0.461066 460076 33352.5 1070190
8d3s 0.461066 460076 33352.5 1070190
8h3h 0.461066 460076 33352.5 1070190
8h3s 0.461066 460076 33352.5 1070190
8s3d 0.461066 460076 33352.5 1070190
8s3h 0.461066 460076 33352.5 1070190
8s3s 0.461066 460076 33352.5 1070190
8c6s 0.458267 472002 18430.5 1070190
8c6h 0.458267 472002 18430.5 1070190
8c6d 0.458267 472002 18430.5 1070190
Jd9d 0.456075 459637 28450 1070190
Jd9s 0.456075 459637 28450 1070190
Jd9h 0.456075 459637 28450 1070190
Js9s 0.456075 459637 28450 1070190
Jh9s 0.456075 459637 28450 1070190
Js9h 0.456075 459637 28450 1070190
Js9d 0.456075 459637 28450 1070190
Jh9h 0.456075 459637 28450 1070190
Jh9d 0.456075 459637 28450 1070190
7h3h 0.452301 450576 33472.5 1070190
7s3s 0.452301 450576 33472.5 1070190
7s3h 0.452301 450576 33472.5 1070190
7d3d 0.452301 450576 33472.5 1070190
7d3h 0.452301 450576 33472.5 1070190
7d3s 0.452301 450576 33472.5 1070190
7s3d 0.452301 450576 33472.5 1070190
7h3s 0.452301 450576 33472.5 1070190
7h3d 0.452301 450576 33472.5 1070190
6s3s 0.451316 449247 33747 1070190
6s3h 0.451316 449247 33747 1070190
6s3d 0.451316 449247 33747 1070190
6d3h 0.451316 449247 33747 1070190
6d3d 0.451316 449247 33747 1070190
6h3s 0.451316 449247 33747 1070190
6h3h 0.451316 449247 33747 1070190
6h3d 0.451316 449247 33747 1070190
6d3s 0.451316 449247 33747 1070190
5d3h 0.450558 448377 33805.5 1070190
5s3s 0.450558 448377 33805.5 1070190
5s3h 0.450558 448377 33805.5 1070190
5s3d 0.450558 448377 33805.5 1070190
5h3s 0.450558 448377 33805.5 1070190
5h3h 0.450558 448377 33805.5 1070190
5h3d 0.450558 448377 33805.5 1070190
5d3s 0.450558 448377 33805.5 1070190
5d3d 0.450558 448377 33805.5 1070190
8s7c 0.450426 464901 17140.5 1070190
8d7c 0.450426 464901 17140.5 1070190
8h7c 0.450426 464901 17140.5 1070190
4s3h 0.450128 447966 33756 1070190
4h3d 0.450128 447966 33756 1070190
4h3h 0.450128 447966 33756 1070190
4h3s 0.450128 447966 33756 1070190
4s3s 0.450128 447966 33756 1070190
4d3d 0.450128 447966 33756 1070190
4d3h 0.450128 447966 33756 1070190
4d3s 0.450128 447966 33756 1070190
4s3d 0.450128 447966 33756 1070190
8c5s 0.448029 460110 19366.5 1070190
8c5h 0.448029 460110 19366.5 1070190
8c5d 0.448029 460110 19366.5 1070190
4h4d 0.446084 461370 16024.5 1070190
4s4d 0.446084 461370 16024.5 1070190
4s4h 0.446084 461370 16024.5 1070190
8c4d 0.445899 457362 19834.5 1070190
8c4s 0.445899 457362 19834.5 1070190
8c4h 0.445899 457362 19834.5 1070190
9s5c 0.439439 451385 18898.5 1070190
9h5c 0.439439 451385 18898.5 1070190
9d5c 0.439439 451385 18898.5 1070190
8c2d 0.439412 450483 19771.5 1070190
8c2h 0.439412 450483 19771.5 1070190
8c2s 0.439412 450483 19771.5 1070190
3s2h 0.437669 434715 33673.5 1070190
3s2s 0.437669 434715 33673.5 1070190
3d2d 0.437669 434715 33673.5 1070190
3s2d 0.437669 434715 33673.5 1070190
3h2s 0.437669 434715 33673.5 1070190
3h2h 0.437669 434715 33673.5 1070190
3h2d 0.437669 434715 33673.5 1070190
3d2s 0.437669 434715 33673.5 1070190
3d2h 0.437669 434715 33673.5 1070190
Js2c 0.436923 439629 27961.5 1070190
Jd2c 0.436923 439629 27961.5 1070190
Jh2c 0.436923 439629 27961.5 1070190
8d6c 0.434166 446694 17946 1070190
8h6c 0.434166 446694 17946 1070190
8s6c 0.434166 446694 17946 1070190
7c6s 0.430816 443592 17463 1070190
7c6h 0.430816 443592 17463 1070190
7c6d 0.430816 443592 17463 1070190
Kh9d 0.42663 430110 26465 1070190
Ks9d 0.42663 430110 26465 1070190
Kh9h 0.42663 430110 26465 1070190
Kd9d 0.42663 430110 26465 1070190
Kh9s 0.42663 430110 26465 1070190
Kd9h 0.42663 430110 26465 1070190
Kd9s 0.42663 430110 26465 1070190
Ks9h 0.42663 430110 26465 1070190
Ks9s 0.42663 430110 26465 1070190
9d4c 0.425278 435813 19315.5 1070190
9h4c 0.425278 435813 19315.5 1070190
9s4c 0.425278 435813 19315.5 1070190
7c5s 0.421714 432915 18399 1070190
7c5h 0.421714 432915 18399 1070190
7c5d 0.421714 432915 18399 1070190
7c4s 0.419634 430275 18813 1070190
7c4h 0.419634 430275 18813 1070190
7c4d 0.419634 430275 18813 1070190
7d6c 0.418592 430848 17125.5 1070190
7h6c 0.418592 430848 17125.5 1070190
7s6c 0.418592 430848 17125.5 1070190
8d5c 0.41175 421871 18780 1070190
8h5c 0.41175 421871 18780 1070190
8s5c 0.41175 421871 18780 1070190
Ad9s 0.406245 407033 27726 1070190
Ad9h 0.406245 407033 27726 1070190
Ad9d 0.406245 407033 27726 1070190
Ah9h 0.406245 407033 27726 1070190
Ah9s 0.406245 407033 27726 1070190
Ah9d 0.406245 407033 27726 1070190
As9s 0.406245 407033 27726 1070190
As9h 0.406245 407033 27726 1070190
As9d 0.406245 407033 27726 1070190
7c2s 0.405452 415161 18750 1070190
7c2h 0.405452 415161 18750 1070190
7c2d 0.405452 415161 18750 1070190
6c5s 0.402704 413712 17257.5 1070190
6c5h 0.402704 413712 17257.5 1070190
6c5d 0.402704 413712 17257.5 1070190
6c4d 0.400624 411072 17671.5 1070190
6c4h 0.400624 411072 17671.5 1070190
6c4s 0.400624 411072 17671.5 1070190
Ad8s 0.398089 397217 28813.5 1070190
As8d 0.398089 397217 28813.5 1070190
Ah8d 0.398089 397217 28813.5 1070190
Ah8h 0.398089 397217 28813.5 1070190
Ah8s 0.398089 397217 28813.5 1070190
As8h 0.398089 397217 28813.5 1070190
Ad8d 0.398089 397217 28813.5 1070190
Ad8h 0.398089 397217 28813.5 1070190
As8s 0.398089 397217 28813.5 1070190
8s4c 0.397589 406299 19197 1070190
8d4c 0.397589 406299 19197 1070190
8h4c 0.397589 406299 19197 1070190
7s5c 0.397321 407249 17959.5 1070190
7h5c 0.397321 407249 17959.5 1070190
7d5c 0.397321 407249 17959.5 1070190
9s2c 0.392522 388185 31888.5 1070190
9d2c 0.392522 388185 31888.5 1070190
9h2c 0.392522 388185 31888.5 1070190
6s5c 0.390825 401288 16969.5 1070190
6d5c 0.390825 401288 16969.5 1070190
6h5c 0.390825 401288 16969.5 1070190
6c2s 0.386434 395949 17608.5 1070190
6c2h 0.386434 395949 17608.5 1070190
6c2d 0.386434 395949 17608.5 1070190
5c4s 0.386033 397115 16014 1070190
5c4h 0.386033 397115 16014 1070190
5c4d 0.386033 397115 16014 1070190
As7d 0.384379 381497 29862 1070190
Ah7d 0.384379 381497 29862 1070190
As7s 0.384379 381497 29862 1070190
Ad7s 0.384379 381497 29862 1070190
Ad7d 0.384379 381497 29862 1070190
Ah7h 0.384379 381497 29862 1070190
Ad7h 0.384379 381497 29862 1070190
As7h 0.384379 381497 29862 1070190
Ah7s 0.384379 381497 29862 1070190
As5d 0.383513 378335 32097 1070190
Ah5d 0.383513 378335 32097 1070190
Ad5d 0.383513 378335 32097 1070190
Ah5h 0.383513 378335 32097 1070190
Ah5s 0.383513 378335 32097 1070190
As5h 0.383513 378335 32097 1070190
Ad5h 0.383513 378335 32097 1070190
Ad5s 0.383513 378335 32097 1070190
As5s 0.383513 378335 32097 1070190
7d4c 0.383206 391776 18327 1070190
7h4c 0.383206 391776 18327 1070190
7s4c 0.383206 391776 18327 1070190
Jd8h 0.382085 379575 29328.5 1070190
Jd8d 0.382085 379575 29328.5 1070190
Js8h 0.382085 379575 29328.5 1070190
Jd8s 0.382085 379575 29328.5 1070190
Js8s 0.382085 379575 29328.5 1070190
Js8d 0.382085 379575 29328.5 1070190
Jh8s 0.382085 379575 29328.5 1070190
Jh8h 0.382085 379575 29328.5 1070190
Jh8d 0.382085 379575 29328.5 1070190
Ah4d 0.380763 374837 32652 1070190
Ad4s 0.380763 374837 32652 1070190
Ad4d 0.380763 374837 32652 1070190
Ad4h 0.380763 374837 32652 1070190
As4s 0.380763 374837 32652 1070190
As4h 0.380763 374837 32652 1070190
As4d 0.380763 374837 32652 1070190
Ah4h 0.380763 374837 32652 1070190
Ah4s 0.380763 374837 32652 1070190
As6h 0.379577 375098 31122 1070190
Ah6s 0.379577 375098 31122 1070190
As6d 0.379577 375098 31122 1070190
Ad6d 0.379577 375098 31122 1070190
Ah6h 0.379577 375098 31122 1070190
As6s 0.379577 375098 31122 1070190
Ad6s 0.379577 375098 31122 1070190
Ad6h 0.379577 375098 31122 1070190
Ah6d 0.379577 375098 31122 1070190
6d4c 0.376711 385815 17337 1070190
6h4c 0.376711 385815 17337 1070190
6s4c 0.376711 385815 17337 1070190
5d4c 0.374328 384759 15843 1070190
5h4c 0.374328 384759 15843 1070190
5s4c 0.374328 384759 15843 1070190
5c2s 0.371969 382127 15951 1070190
5c2h 0.371969 382127 15951 1070190
5c2d 0.371969 382127 15951 1070190
Ah2s 0.370711 364079 32652 1070190
As2d 0.370711 364079 32652 1070190
As2h 0.370711 364079 32652 1070190
As2s 0.370711 364079 32652 1070190
Ad2s 0.370711 364079 32652 1070190
Ah2h 0.370711 364079 32652 1070190
Ad2h 0.370711 364079 32652 1070190
Ah2d 0.370711 364079 32652 1070190
Ad2d 0.370711 364079 32652 1070190
8d2c 0.364833 358671 31770 1070190
8s2c 0.364833 358671 31770 1070190
8h2c 0.364833 358671 31770 1070190
2h2d 0.359141 365517 18832.5 1070190
2s2h 0.359141 365517 18832.5 1070190
2s2d 0.359141 365517 18832.5 1070190
4c2d 0.353301 364200 13899 1070190
4c2h 0.353301 364200 13899 1070190
4c2s 0.353301 364200 13899 1070190
Kh8h 0.351287 347513 28431 1070190
Kh8s 0.351287 347513 28431 1070190
Kh8d 0.351287 347513 28431 1070190
Ks8d 0.351287 347513 28431 1070190
Ks8s 0.351287 347513 28431 1070190
Kd8d 0.351287 347513 28431 1070190
Ks8h 0.351287 347513 28431 1070190
Kd8h 0.351287 347513 28431 1070190
Kd8s 0.351287 347513 28431 1070190
Kd7d 0.344716 339071 29841 1070190
Kd7h 0.344716 339071 29841 1070190
Ks7s 0.344716 339071 29841 1070190
Ks7h 0.344716 339071 29841 1070190
Kh7d 0.344716 339071 29841 1070190
Ks7d 0.344716 339071 29841 1070190
Kh7h 0.344716 339071 29841 1070190
Kd7s 0.344716 339071 29841 1070190
Kh7s 0.344716 339071 29841 1070190
7h2c 0.34273 335886 30900 1070190
7s2c 0.34273 335886 30900 1070190
7d2c 0.34273 335886 30900 1070190
Ks6h 0.339914 332672 31101 1070190
Ks6d 0.339914 332672 31101 1070190
Kh6d 0.339914 332672 31101 1070190
Kh6s 0.339914 332672 31101 1070190
Kd6s 0.339914 332672 31101 1070190
Kd6h 0.339914 332672 31101 1070190
Kd6d 0.339914 332672 31101 1070190
Kh6h 0.339914 332672 31101 1070190
Ks6s 0.339914 332672 31101 1070190
6s2c 0.336243 329934 29910 1070190
6h2c 0.336243 329934 29910 1070190
6d2c 0.336243 329934 29910 1070190
Kd5h 0.335457 326927 32076 1070190
Ks5d 0.335457 326927 32076 1070190
Ks5h 0.335457 326927 32076 1070190
Ks5s 0.335457 326927 32076 1070190
Kh5d 0.335457 326927 32076 1070190
Kh5s 0.335457 326927 32076 1070190
Kh5h 0.335457 326927 32076 1070190
Kd5s 0.335457 326927 32076 1070190
Kd5d 0.335457 326927 32076 1070190
5s2c 0.333986 329013 28416 1070190
5h2c 0.333986 329013 28416 1070190
5d2c 0.333986 329013 28416 1070190
9d8h 0.33352 324822 32108 1070190
9s8d 0.33352 324822 32108 1070190
9d8s 0.33352 324822 32108 1070190
9s8s 0.33352 324822 32108 1070190
9d8d 0.33352 324822 32108 1070190
9h8d 0.33352 324822 32108 1070190
9s8h 0.33352 324822 32108 1070190
9h8h 0.33352 324822 32108 1070190
9h8s 0.33352 324822 32108 1070190
Kd4h 0.332707 323429 32631 1070190
Kh4d 0.332707 323429 32631 1070190
Kd4s 0.332707 323429 32631 1070190
Ks4s 0.332707 323429 32631 1070190
Kh4s 0.332707 323429 32631 1070190
Ks4h 0.332707 323429 32631 1070190
Ks4d 0.332707 323429 32631 1070190
Kd4d 0.332707 323429 32631 1070190
Kh4h 0.332707 323429 32631 1070190
4h2c 0.327323 323763 26535 1070190
4d2c 0.327323 323763 26535 1070190
4s2c 0.327323 323763 26535 1070190
Ks2h 0.322655 312671 32631 1070190
Ks2s 0.322655 312671 32631 1070190
Ks2d 0.322655 312671 32631 1070190
Kd2d 0.322655 312671 32631 1070190
Kd2s 0.322655 312671 32631 1070190
Kh2d 0.322655 312671 32631 1070190
Kh2h 0.322655 312671 32631 1070190
Kd2h 0.322655 312671 32631 1070190
Kh2s 0.322655 312671 32631 1070190
Js7s 0.300949 290774 31299 1070190
Jd7s 0.300949 290774 31299 1070190
Jh7h 0.300949 290774 31299 1070190
Jh7d 0.300949 290774 31299 1070190
Js7h 0.300949 290774 31299 1070190
Jh7s 0.300949 290774 31299 1070190
Jd7h 0.300949 290774 31299 1070190
Jd7d 0.300949 290774 31299 1070190
Js7d 0.300949 290774 31299 1070190
Jh6s 0.296147 284375 32559 1070190
Js6h 0.296147 284375 32559 1070190
Jh6h 0.296147 284375 32559 1070190
Js6s 0.296147 284375 32559 1070190
Jd6d 0.296147 284375 32559 1070190
Jd6s 0.296147 284375 32559 1070190
Jh6d 0.296147 284375 32559 1070190
Jd6h 0.296147 284375 32559 1070190
Js6d 0.296147 284375 32559 1070190
Js5h 0.291741 278684 33534 1070190
Jh5h 0.291741 278684 33534 1070190
Jh5d 0.291741 278684 33534 1070190
Js5d 0.291741 278684 33534 1070190
Jh5s 0.291741 278684 33534 1070190
Jd5d 0.291741 278684 33534 1070190
Js5s 0.291741 278684 33534 1070190
Jd5h 0.291741 278684 33534 1070190
Jd5s 0.291741 278684 33534 1070190
Js4s 0.288991 275186 34089 1070190
Jh4s 0.288991 275186 34089 1070190
Jh4h 0.288991 275186 34089 1070190
Jd4h 0.288991 275186 34089 1070190
Jd4s 0.288991 275186 34089 1070190
Jd4d 0.288991 275186 34089 1070190
Jh4d 0.288991 275186 34089 1070190
Js4d 0.288991 275186 34089 1070190
Js4h 0.288991 275186 34089 1070190
Jd2h 0.278976 264509 34048.5 1070190
Jd2d 0.278976 264509 34048.5 1070190
Jh2d 0.278976 264509 34048.5 1070190
Js2s 0.278976 264509 34048.5 1070190
Jh2h 0.278976 264509 34048.5 1070190
Jh2s 0.278976 264509 34048.5 1070190
Js2d 0.278976 264509 34048.5 1070190
Js2h 0.278976 264509 34048.5 1070190
Jd2s 0.278976 264509 34048.5 1070190
9d7h 0.253244 235589 35430 1070190
9d7d 0.253244 235589 35430 1070190
9s7s 0.253244 235589 35430 1070190
9d7s 0.253244 235589 35430 1070190
9h7s 0.253244 235589 35430 1070190
9h7h 0.253244 235589 35430 1070190
9s7d 0.253244 235589 35430 1070190
9h7d 0.253244 235589 35430 1070190
9s7h 0.253244 235589 35430 1070190
9s6s 0.248631 229595 36487.5 1070190
9h6s 0.248631 229595 36487.5 1070190
9h6h 0.248631 229595 36487.5 1070190
9h6d 0.248631 229595 36487.5 1070190
9d6s 0.248631 229595 36487.5 1070190
9d6h 0.248631 229595 36487.5 1070190
9d6d 0.248631 229595 36487.5 1070190
9s6h 0.248631 229595 36487.5 1070190
9s6d 0.248631 229595 36487.5 1070190
9s5d 0.234318 213167 37597.5 1070190
9h5d 0.234318 213167 37597.5 1070190
9s5h 0.234318 213167 37597.5 1070190
9s5s 0.234318 213167 37597.5 1070190
9h5h 0.234318 213167 37597.5 1070190
9d5d 0.234318 213167 37597.5 1070190
9d5h 0.234318 213167 37597.5 1070190
9d5s 0.234318 213167 37597.5 1070190
9h5s 0.234318 213167 37597.5 1070190
9s4s 0.231568 209669 38152.5 1070190
9s4h 0.231568 209669 38152.5 1070190
9s4d 0.231568 209669 38152.5 1070190
9h4s 0.231568 209669 38152.5 1070190
9h4h 0.231568 209669 38152.5 1070190
9h4d 0.231568 209669 38152.5 1070190
9d4d 0.231568 209669 38152.5 1070190
9d4h 0.231568 209669 38152.5 1070190
9d4s 0.231568 209669 38152.5 1070190
9h2d 0.221591 199073 38071.5 1070190
9d2d 0.221591 199073 38071.5 1070190
9d2h 0.221591 199073 38071.5 1070190
9d2s 0.221591 199073 38071.5 1070190
9h2h 0.221591 199073 38071.5 1070190
9h2s 0.221591 199073 38071.5 1070190
9s2d 0.221591 199073 38071.5 1070190
9s2h 0.221591 199073 38071.5 1070190
9s2s 0.221591 199073 38071.5 1070190
8h7s 0.217176 197270 35149.5 1070190
8h7h 0.217176 197270 35149.5 1070190
8h7d 0.217176 197270 35149.5 1070190
8d7s 0.217176 197270 35149.5 1070190
8d7h 0.217176 197270 35149.5 1070190
8d7d 0.217176 197270 35149.5 1070190
8s7s 0.217176 197270 35149.5 1070190
8s7d 0.217176 197270 35149.5 1070190
8s7h 0.217176 197270 35149.5 1070190
8d6d 0.212563 191276 36207 1070190
8d6h 0.212563 191276 36207 1070190
8d6s 0.212563 191276 36207 1070190
8s6h 0.212563 191276 36207 1070190
8s6s 0.212563 191276 36207 1070190
8s6d 0.212563 191276 36207 1070190
8h6s 0.212563 191276 36207 1070190
8h6d 0.212563 191276 36207 1070190
8h6h 0.212563 191276 36207 1070190
8h5d 0.198426 175037 37317 1070190
8d5s 0.198426 175037 37317 1070190
8h5s 0.198426 175037 37317 1070190
8h5h 0.198426 175037 37317 1070190
8d5d 0.198426 175037 37317 1070190
8d5h 0.198426 175037 37317 1070190
8s5s 0.198426 175037 37317 1070190
8s5h 0.198426 175037 37317 1070190
8s5d 0.198426 175037 37317 1070190
8d4d 0.195676 171539 37872 1070190
8s4h 0.195676 171539 37872 1070190
8s4d 0.195676 171539 37872 1070190
8s4s 0.195676 171539 37872 1070190
8h4d 0.195676 171539 37872 1070190
8h4h 0.195676 171539 37872 1070190
8h4s 0.195676 171539 37872 1070190
8d4h 0.195676 171539 37872 1070190
8d4s 0.195676 171539 37872 1070190
7h6h 0.193246 171746 35064 1070190
7s6h 0.193246 171746 35064 1070190
7s6d 0.193246 171746 35064 1070190
7s6s 0.193246 171746 35064 1070190
7h6s 0.193246 171746 35064 1070190
7h6d 0.193246 171746 35064 1070190
7d6s 0.193246 171746 35064 1070190
7d6d 0.193246 171746 35064 1070190
7d6h 0.193246 171746 35064 1070190
8s2s 0.1857 160943 37791 1070190
8s2h 0.1857 160943 37791 1070190
8s2d 0.1857 160943 37791 1070190
8d2d 0.1857 160943 37791 1070190
8d2h 0.1857 160943 37791 1070190
8d2s 0.1857 160943 37791 1070190
8h2s 0.1857 160943 37791 1070190
8h2h 0.1857 160943 37791 1070190
8h2d 0.1857 160943 37791 1070190
7s5h 0.180732 157244 36174 1070190
7h5d 0.180732 157244 36174 1070190
7h5h 0.180732 157244 36174 1070190
7s5s 0.180732 157244 36174 1070190
7s5d 0.180732 157244 36174 1070190
7h5s 0.180732 157244 36174 1070190
7d5d 0.180732 157244 36174 1070190
7d5h 0.180732 157244 36174 1070190
7d5s 0.180732 157244 36174 1070190
7d4d 0.178045 153881 36661.5 1070190
7h4d 0.178045 153881 36661.5 1070190
7d4h 0.178045 153881 36661.5 1070190
7s4s 0.178045 153881 36661.5 1070190
7s4h 0.178045 153881 36661.5 1070190
7s4d 0.178045 153881 36661.5 1070190
7d4s 0.178045 153881 36661.5 1070190
7h4s 0.178045 153881 36661.5 1070190
7h4h 0.178045 153881 36661.5 1070190
6h5s 0.173773 151103 34867.5 1070190
6s5s 0.173773 151103 34867.5 1070190
6s5d 0.173773 151103 34867.5 1070190
6s5h 0.173773 151103 34867.5 1070190
6d5s 0.173773 151103 34867.5 1070190
6d5d 0.173773 151103 34867.5 1070190
6h5d 0.173773 151103 34867.5 1070190
6d5h 0.173773 151103 34867.5 1070190
6h5h 0.173773 151103 34867.5 1070190
6s4s 0.171086 147740 35355 1070190
6d4d 0.171086 147740 35355 1070190
6d4h 0.171086 147740 35355 1070190
6d4s 0.171086 147740 35355 1070190
6s4h 0.171086 147740 35355 1070190
6s4d 0.171086 147740 35355 1070190
6h4d 0.171086 147740 35355 1070190
6h4h 0.171086 147740 35355 1070190
6h4s 0.171086 147740 35355 1070190
5d4s 0.169434 147914 33412.5 1070190
5d4d 0.169434 147914 33412.5 1070190
5s4d 0.169434 147914 33412.5 1070190
5h4s 0.169434 147914 33412.5 1070190
5h4h 0.169434 147914 33412.5 1070190
5h4d 0.169434 147914 33412.5 1070190
5s4h 0.169434 147914 33412.5 1070190
5s4s 0.169434 147914 33412.5 1070190
5d4h 0.169434 147914 33412.5 1070190
7d2s 0.157052 131495 36580.5 1070190
7d2h 0.157052 131495 36580.5 1070190
7d2d 0.157052 131495 36580.5 1070190
7h2d 0.157052 131495 36580.5 1070190
7h2h 0.157052 131495 36580.5 1070190
7h2s 0.157052 131495 36580.5 1070190
7s2d 0.157052 131495 36580.5 1070190
7s2h 0.157052 131495 36580.5 1070190
7s2s 0.157052 131495 36580.5 1070190
6h2s 0.150093 125354 35274 1070190
6d2s 0.150093 125354 35274 1070190
6d2h 0.150093 125354 35274 1070190
6d2d 0.150093 125354 35274 1070190
6h2d 0.150093 125354 35274 1070190
6h2h 0.150093 125354 35274 1070190
6s2s 0.150093 125354 35274 1070190
6s2h 0.150093 125354 35274 1070190
6s2d 0.150093 125354 35274 1070190
5d2h 0.148617 125717 33331.5 1070190
5d2d 0.148617 125717 33331.5 1070190
5d2s 0.148617 125717 33331.5 1070190
5h2d 0.148617 125717 33331.5 1070190
5h2h 0.148617 125717 33331.5 1070190
5h2s 0.148617 125717 33331.5 1070190
5s2s 0.148617 125717 33331.5 1070190
5s2h 0.148617 125717 33331.5 1070190
5s2d 0.148617 125717 33331.5 1070190
4s2d 0.140333 119282 30901.5 1070190
4s2s 0.140333 119282 30901.5 1070190
4s2h 0.140333 119282 30901.5 1070190
4d2d 0.140333 119282 30901.5 1070190
4h2s 0.140333 119282 30901.5 1070190
4h2h 0.140333 119282 30901.5 1070190
4h2d 0.140333 119282 30901.5 1070190
4d2s 0.140333 119282 30901.5 1070190
4d2h 0.140333 119282 30901.5 1070190
