TsTc 0.931468 996783 64.5 1070190
ThTc 0.931468 996783 64.5 1070190
JhJd 0.921756 986454 0 1070190
JsJd 0.921756 986454 0 1070190
JsJh 0.921378 986049 0 1070190
TsTh 0.91644 980700 64.5 1070190
3h3d 0.907807 971406 120 1070190
3s3d 0.907807 971406 120 1070190
3s3h 0.90744 971013 120 1070190
JdTc 0.889832 949635 2654 1070190
JhTc 0.889369 949140 2654 1070190
JsTc 0.889369 949140 2654 1070190
JdTs 0.873458 932067 2699 1070190
JdTh 0.873458 932067 2699 1070190
JhTh 0.872995 931572 2699 1070190
JhTs 0.872995 931572 2699 1070190
JsTh 0.872995 931572 2699 1070190
JsTs 0.872995 931572 2699 1070190
Jd3d 0.85783 912036 6005 1070190
AcTc 0.853318 910037 3175.5 1070190
AdAc 0.853034 911791 1117.5 1070190
Tc3d 0.852825 906573 6111.5 1070190
Tc3h 0.852415 906135 6111.5 1070190
Tc3s 0.852415 906135 6111.5 1070190
AsAc 0.852253 910960 1113 1070190
AhAc 0.852253 910960 1113 1070190
Jd3h 0.852123 905838 6095 1070190
Jd3s 0.852123 905838 6095 1070190
Jh3d 0.852111 905826 6095 1070190
Js3d 0.852111 905826 6095 1070190
Jh3s 0.851765 905478 6072.5 1070190
Js3s 0.851765 905478 6072.5 1070190
Js3h 0.851765 905478 6072.5 1070190
Jh3h 0.851765 905478 6072.5 1070190
KcTc 0.849322 904662 4274 1070190
QcTc 0.845394 899432 5300.5 1070190
KdKc 0.841958 899352 1702.5 1070190
KsKc 0.841204 898554 1694 1070190
KhKc 0.841204 898554 1694 1070190
Ts3d 0.835879 888546 6003.5 1070190
Th3d 0.835879 888546 6003.5 1070190
Ts3s 0.83547 888108 6003.5 1070190
Ts3h 0.83547 888108 6003.5 1070190
Th3s 0.83547 888108 6003.5 1070190
Th3h 0.83547 888108 6003.5 1070190
QdQc 0.832635 888790 2287.5 1070190
QhQc 0.831914 888031 2275 1070190
QsQc 0.831914 888031 2275 1070190
AcJd 0.830087 884126 4224.5 1070190
AcJs 0.829318 883326 4202 1070190
AcJh 0.829318 883326 4202 1070190
KcJd 0.827829 880112 5822.5 1070190
KcJs 0.827093 879351 5796 1070190
KcJh 0.827093 879351 5796 1070190
AsAd 0.826805 883730 1108 1070190
AhAd 0.826805 883730 1108 1070190
AsAh 0.826024 882899 1103.5 1070190
QcJd 0.825246 875841 7328.5 1070190
QcJh 0.82454 875116 7298.5 1070190
QcJs 0.82454 875116 7298.5 1070190
Tc9c 0.824484 874281 8073 1070190
Tc8c 0.817636 866650 8375.5 1070190
KsKd 0.817249 872927 1685 1070190
KhKd 0.817249 872927 1685 1070190
KsKh 0.816496 872129 1676.5 1070190
AdJd 0.812262 865147 4127.5 1070190
Tc7c 0.811569 859867 8666 1070190
KdJd 0.811377 862654 5674 1070190
QdJd 0.810205 859944 7129.5 1070190
QhQd 0.809556 864117 2262 1070190
QsQd 0.809556 864117 2262 1070190
QsQh 0.808835 863358 2249.5 1070190
Tc6c 0.806328 853944 8980.5 1070190
Tc5c 0.804683 851637 9526.5 1070190
Tc4c 0.80364 850203 9844.5 1070190
AdJh 0.802469 854470 4324 1070190
AdJs 0.802469 854470 4324 1070190
AhJd 0.802444 854448 4320 1070190
AsJd 0.802444 854448 4320 1070190
Tc2c 0.802432 848694 10060.5 1070190
KdJh 0.802109 852455 5954 1070190
KdJs 0.802109 852455 5954 1070190
KsJd 0.80208 852427 5950.5 1070190
KhJd 0.80208 852427 5950.5 1070190
AhJs 0.801676 853648 4297.5 1070190
AsJs 0.801676 853648 4297.5 1070190
AsJh 0.801676 853648 4297.5 1070190
AhJh 0.801676 853648 4297.5 1070190
QdJh 0.801428 850191 7489.5 1070190
QdJs 0.801428 850191 7489.5 1070190
QhJd 0.801402 850166 7486 1070190
QsJd 0.801402 850166 7486 1070190
KhJh 0.801344 851666 5924 1070190
KsJs 0.801344 851666 5924 1070190
KsJh 0.801344 851666 5924 1070190
KhJs 0.801344 851666 5924 1070190
QhJs 0.800696 849441 7456 1070190
QsJh 0.800696 849441 7456 1070190
QsJs 0.800696 849441 7456 1070190
QhJh 0.800696 849441 7456 1070190
Jd9c 0.796785 840810 11901 1070190
Js9c 0.79613 840163 11847 1070190
Jh9c 0.79613 840163 11847 1070190
Jd9d 0.78491 828439 11563.5 1070190
Jd8c 0.784459 827218 12302 1070190
Jh8c 0.783837 826614 12240.5 1070190
Js8c 0.783837 826614 12240.5 1070190
Jh9d 0.774972 817279 12088.5 1070190
Js9d 0.774972 817279 12088.5 1070190
Jd9s 0.774896 817176 12109.5 1070190
Jd9h 0.774896 817176 12109.5 1070190
Js9h 0.774241 816529 12055.5 1070190
Jh9s 0.774241 816529 12055.5 1070190
Jh9h 0.774241 816529 12055.5 1070190
Js9s 0.774241 816529 12055.5 1070190
Jd8d 0.773911 816214 12018 1070190
Jd7c 0.773564 815157 12703 1070190
Js7c 0.772973 814595 12633.5 1070190
Jh7c 0.772973 814595 12633.5 1070190
AcTh 0.76532 814535 4503 1070190
AcTs 0.76532 814535 4503 1070190
Jd7d 0.764317 805496 12468.5 1070190
KcTh 0.764039 811555 6111.5 1070190
KcTs 0.764039 811555 6111.5 1070190
Jd6c 0.763903 804357 13164 1070190
Jh6c 0.763342 803835 13085.5 1070190
Js6c 0.763342 803835 13085.5 1070190
Js8d 0.763125 804149 12540 1070190
Jh8d 0.763125 804149 12540 1070190
Jd8h 0.762982 803964 12572 1070190
Jd8s 0.762982 803964 12572 1070190
QdTc 0.762593 808505 7614 1070190
KdTc 0.76252 809947 6094.5 1070190
QcTh 0.762428 808316 7627 1070190
QcTs 0.762428 808316 7627 1070190
KcQc 0.762373 810077 5807 1070190
Js8h 0.76236 803360 12510.5 1070190
Jh8s 0.76236 803360 12510.5 1070190
Jh8h 0.76236 803360 12510.5 1070190
Js8s 0.76236 803360 12510.5 1070190
AdTc 0.762168 811186 4479 1070190
QsTc 0.761835 807707 7601.5 1070190
QhTc 0.761835 807707 7601.5 1070190
KsTc 0.761728 809108 6086 1070190
KhTc 0.761728 809108 6086 1070190
AsTc 0.761348 810312 4474.5 1070190
AhTc 0.761348 810312 4474.5 1070190
Jd5c 0.760189 799513 14034 1070190
Jh5c 0.759646 799016 13949.5 1070190
Js5c 0.759646 799016 13949.5 1070190
Jd4c 0.757343 795957 14544 1070190
Jh4c 0.75681 795474 14456 1070190
Js4c 0.75681 795474 14456 1070190
AcKc 0.756075 804202 4941.5 1070190
Jd6d 0.755915 795999 12974 1070190
Jd2c 0.75454 792729 14772 1070190
Jh2c 0.75402 792264 14681 1070190
Js2c 0.75402 792264 14681 1070190
AcQc 0.754013 801513 5424 1070190
Jd5d 0.753524 792569 13845 1070190
Js7d 0.752802 792650 12991 1070190
Jh7d 0.752802 792650 12991 1070190
Jd7s 0.7526 792390 13034.5 1070190
Jd7h 0.7526 792390 13034.5 1070190
Js7s 0.752009 791828 12965 1070190
Js7h 0.752009 791828 12965 1070190
Jh7s 0.752009 791828 12965 1070190
Jh7h 0.752009 791828 12965 1070190
Jd4d 0.751955 790377 14358 1070190
Jd2d 0.750375 788448 14596 1070190
Jh6d 0.743743 782442 13504 1070190
Js6d 0.743743 782442 13504 1070190
Jd6s 0.743484 782109 13560 1070190
Jd6h 0.743484 782109 13560 1070190
Js6h 0.742923 781587 13481.5 1070190
Jh6s 0.742923 781587 13481.5 1070190
Jh6h 0.742923 781587 13481.5 1070190
Js6s 0.742923 781587 13481.5 1070190
Js5d 0.741283 778897 14417 1070190
Jh5d 0.741283 778897 14417 1070190
Jd5h 0.741012 778545 14479 1070190
Jd5s 0.741012 778545 14479 1070190
Jh5h 0.740469 778048 14394.5 1070190
Jh5s 0.740469 778048 14394.5 1070190
Js5h 0.740469 778048 14394.5 1070190
Js5s 0.740469 778048 14394.5 1070190
Jh4d 0.739646 776607 14954.5 1070190
Js4d 0.739646 776607 14954.5 1070190
Jd4h 0.739365 776241 15020 1070190
Jd4s 0.739365 776241 15020 1070190
Jh4h 0.738831 775758 14932 1070190
Js4h 0.738831 775758 14932 1070190
Js4s 0.738831 775758 14932 1070190
Jh4s 0.738831 775758 14932 1070190
QdTh 0.738537 782833 7542 1070190
QdTs 0.738537 782833 7542 1070190
KdTh 0.738137 783934 6013 1070190
KdTs 0.738137 783934 6013 1070190
Jh2d 0.738012 774624 15189.5 1070190
Js2d 0.738012 774624 15189.5 1070190
QhTs 0.73778 782035 7529.5 1070190
QsTs 0.73778 782035 7529.5 1070190
QhTh 0.73778 782035 7529.5 1070190
QsTh 0.73778 782035 7529.5 1070190
Jd2s 0.737726 774252 15255 1070190
Jd2h 0.737726 774252 15255 1070190
AdTh 0.737405 784772 4391 1070190
AdTs 0.737405 784772 4391 1070190
KsTh 0.737345 783095 6004.5 1070190
KsTs 0.737345 783095 6004.5 1070190
KhTs 0.737345 783095 6004.5 1070190
KhTh 0.737345 783095 6004.5 1070190
Jh2h 0.737206 773787 15164 1070190
Js2h 0.737206 773787 15164 1070190
Js2s 0.737206 773787 15164 1070190
Jh2s 0.737206 773787 15164 1070190
AhTh 0.736584 783898 4386.5 1070190
AhTs 0.736584 783898 4386.5 1070190
AsTs 0.736584 783898 4386.5 1070190
AsTh 0.736584 783898 4386.5 1070190
Tc9d 0.735047 774757 11883 1070190
Tc9s 0.734307 773977 11871 1070190
Tc9h 0.734307 773977 11871 1070190
Th9c 0.732276 771997 11677.5 1070190
Ts9c 0.732276 771997 11677.5 1070190
Tc8d 0.72278 761184 12327.5 1070190
Tc8s 0.722005 760363 12319.5 1070190
Tc8h 0.722005 760363 12319.5 1070190
Th8c 0.719331 757781 12040 1070190
Ts8c 0.719331 757781 12040 1070190
Qc9c 0.713471 753534 10016 1070190
Tc7d 0.711981 749187 12768 1070190
Tc7s 0.711177 748331 12764 1070190
Tc7h 0.711177 748331 12764 1070190
Ts9d 0.710519 748762 11628 1070190
Th9d 0.710519 748762 11628 1070190
Th9h 0.709779 747982 11616 1070190
Ts9s 0.709779 747982 11616 1070190
Ts9h 0.709779 747982 11616 1070190
Th9s 0.709779 747982 11616 1070190
Th7c 0.707808 745090 12399.5 1070190
Ts7c 0.707808 745090 12399.5 1070190
Tc6d 0.702566 738615 13264.5 1070190
Tc6s 0.701734 737724 13264.5 1070190
Tc6h 0.701734 737724 13264.5 1070190
Tc5d 0.700186 735184 14148.5 1070190
Tc5h 0.699359 734299 14148.5 1070190
Tc5s 0.699359 734299 14148.5 1070190
Tc4d 0.6986 732966 14668.5 1070190
Ts8d 0.698112 735104 12008.5 1070190
Th8d 0.698112 735104 12008.5 1070190
Tc4h 0.697773 732081 14668.5 1070190
Tc4s 0.697773 732081 14668.5 1070190
Ts6c 0.697671 733827 12813 1070190
Th6c 0.697671 733827 12813 1070190
Th8h 0.697337 734283 12000.5 1070190
Ts8s 0.697337 734283 12000.5 1070190
Th8s 0.697337 734283 12000.5 1070190
Ts8h 0.697337 734283 12000.5 1070190
Tc2d 0.69703 731052 14902.5 1070190
Tc2h 0.696197 730161 14902.5 1070190
Tc2s 0.696197 730161 14902.5 1070190
Kc9c 0.695551 734381 9990.5 1070190
Ts5c 0.694058 729121 13653 1070190
Th5c 0.694058 729121 13653 1070190
Th4c 0.691265 725637 14148 1070190
Ts4c 0.691265 725637 14148 1070190
Th2c 0.688456 722397 14382 1070190
Ts2c 0.688456 722397 14382 1070190
Th7d 0.687213 723063 12386 1070190
Ts7d 0.687213 723063 12386 1070190
Ts7h 0.68641 722207 12382 1070190
Th7s 0.68641 722207 12382 1070190
Ts7s 0.68641 722207 12382 1070190
Th7h 0.68641 722207 12382 1070190
Ac9c 0.685869 723221 10789.5 1070190
Ac8c 0.680131 716185 11684.5 1070190
Th6d 0.677728 712479 12819 1070190
Ts6d 0.677728 712479 12819 1070190
Ts6s 0.676896 711588 12819 1070190
Th6h 0.676896 711588 12819 1070190
Th6s 0.676896 711588 12819 1070190
Ts6h 0.676896 711588 12819 1070190
Th5d 0.675425 709152 13681.5 1070190
Ts5d 0.675425 709152 13681.5 1070190
Th5h 0.674598 708267 13681.5 1070190
Th5s 0.674598 708267 13681.5 1070190
Ts5s 0.674598 708267 13681.5 1070190
Ts5h 0.674598 708267 13681.5 1070190
Ts4d 0.673877 706986 14190 1070190
Th4d 0.673877 706986 14190 1070190
Ts4s 0.67305 706101 14190 1070190
Th4h 0.67305 706101 14190 1070190
Th4s 0.67305 706101 14190 1070190
Ts4h 0.67305 706101 14190 1070190
Ts2d 0.672291 705063 14416.5 1070190
Th2d 0.672291 705063 14416.5 1070190
Th2h 0.671459 704172 14416.5 1070190
Ts2s 0.671459 704172 14416.5 1070190
Ts2h 0.671459 704172 14416.5 1070190
Th2s 0.671459 704172 14416.5 1070190
Ac7c 0.669915 704590 12346 1070190
9c8c 0.665752 697497 14984.5 1070190
9d9c 0.665335 709564 2470.5 1070190
9h9c 0.664653 708847 2458.5 1070190
9s9c 0.664653 708847 2458.5 1070190
Ac5c 0.662801 695494 13828.5 1070190
Ac6c 0.660602 693927 13042.5 1070190
Ac4c 0.660279 692349 14275 1070190
Qc8c 0.659647 695455 10492.5 1070190
Ac2c 0.651066 682489 14275 1070190
9s9d 0.640546 683068 2437.5 1070190
9h9d 0.640546 683068 2437.5 1070190
KcQd 0.640455 677303 8105.5 1070190
Kc8c 0.640122 673690 11362 1070190
9s9h 0.639864 682351 2425.5 1070190
KcQs 0.639706 676541 8066 1070190
KcQh 0.639706 676541 8066 1070190
KdQc 0.638746 675492 8088 1070190
KhQc 0.637983 674718 8045 1070190
KsQc 0.637983 674718 8045 1070190
8d8c 0.637251 680130 1849.5 1070190
8s8c 0.636538 679375 1841.5 1070190
8h8c 0.636538 679375 1841.5 1070190
Kc7c 0.634908 667180 12292 1070190
KdQd 0.628844 665272 7711 1070190
Kc6c 0.625361 656267 12988.5 1070190
AcKd 0.622078 658741 7001 1070190
Kc5c 0.621591 651446 13774.5 1070190
AcKh 0.621295 657934 6969.5 1070190
AcKs 0.621295 657934 6969.5 1070190
AcQd 0.620917 656709 7790 1070190
AdKc 0.620381 656945 6981 1070190
AcQh 0.620167 655941 7755 1070190
AcQs 0.620167 655941 7755 1070190
AsKc 0.619588 656131 6945.5 1070190
AhKc 0.619588 656131 6945.5 1070190
Kc4c 0.61907 648301 14221 1070190
AdQc 0.617531 653088 7787.5 1070190
AsQc 0.616768 652307 7752 1070190
AhQc 0.616768 652307 7752 1070190
8s8d 0.612478 653642 1826 1070190
8h8d 0.612478 653642 1826 1070190
8s8h 0.611765 652887 1818 1070190
Ac3d 0.610687 648337 5214.5 1070190
KdQh 0.610483 645377 7955.5 1070190
KdQs 0.610483 645377 7955.5 1070190
KhQd 0.610468 645365 7952 1070190
KsQd 0.610468 645365 7952 1070190
Kc3d 0.610051 646145 6725.5 1070190
Qc3d 0.610005 644677 8144.5 1070190
Ac3h 0.60992 647538 5192 1070190
Ac3s 0.60992 647538 5192 1070190
Kc2c 0.609856 638441 14221 1070190
KhQh 0.609719 644603 7912.5 1070190
KhQs 0.609719 644603 7912.5 1070190
KsQh 0.609719 644603 7912.5 1070190
KsQs 0.609719 644603 7912.5 1070190
Kc3h 0.609317 645386 6699 1070190
Kc3s 0.609317 645386 6699 1070190
Qc3h 0.609303 643955 8114.5 1070190
Qc3s 0.609303 643955 8114.5 1070190
AdKd 0.609061 645189 6622 1070190
7d7c 0.608621 650112 1228.5 1070190
AdQd 0.607913 643196 7386.5 1070190
7h7c 0.607882 649325 1224.5 1070190
7s7c 0.607882 649325 1224.5 1070190
9c7c 0.606328 632246 16640.5 1070190
Qd3d 0.599171 633312 7915 1070190
Qc7c 0.598668 628844 11844.5 1070190
Kd3d 0.597893 633311 6548 1070190
Ad3d 0.597223 634052 5090 1070190
Qc6c 0.594708 623588 12863 1070190
Qc5c 0.590938 618767 13649 1070190
AdKs 0.588603 623045 6872.5 1070190
AdKh 0.588603 623045 6872.5 1070190
AsKd 0.588593 623038 6868.5 1070190
AhKd 0.588593 623038 6868.5 1070190
Qc4c 0.588417 615622 14095.5 1070190
AhKs 0.58781 622231 6837 1070190
AhKh 0.58781 622231 6837 1070190
AsKs 0.58781 622231 6837 1070190
AsKh 0.58781 622231 6837 1070190
AdQh 0.587787 621356 7687.5 1070190
AdQs 0.587787 621356 7687.5 1070190
AhQd 0.587774 621343 7687 1070190
AsQd 0.587774 621343 7687 1070190
AhQs 0.587024 620575 7652 1070190
AhQh 0.587024 620575 7652 1070190
AsQh 0.587024 620575 7652 1070190
AsQs 0.587024 620575 7652 1070190
7h7d 0.583856 623622 1214.5 1070190
7s7d 0.583856 623622 1214.5 1070190
9c3d 0.58341 605323 19036.5 1070190
7s7h 0.583117 622835 1210.5 1070190
9c3s 0.582806 604773 18940 1070190
9c3h 0.582806 604773 18940 1070190
6d6c 0.579569 619641 607.5 1070190
Qc2c 0.579203 605762 14095.5 1070190
6s6c 0.578803 618822 607.5 1070190
6h6c 0.578803 618822 607.5 1070190
Qh3d 0.578435 610764 8271.5 1070190
Qs3d 0.578435 610764 8271.5 1070190
Qd3h 0.578431 610756 8275 1070190
Qd3s 0.578431 610756 8275 1070190
Qs3s 0.577732 610042 8241.5 1070190
Qh3h 0.577732 610042 8241.5 1070190
Qh3s 0.577732 610042 8241.5 1070190
Qs3h 0.577732 610042 8241.5 1070190
8c7c 0.576932 601669 15757.5 1070190
Kh3d 0.576424 610059 6824.5 1070190
Ks3d 0.576424 610059 6824.5 1070190
Kd3s 0.576422 610053 6828 1070190
Kd3h 0.576422 610053 6828 1070190
Qc9d 0.575807 601985 14238 1070190
Ks3h 0.57569 609300 6798 1070190
Ks3s 0.57569 609300 6798 1070190
Kh3h 0.57569 609300 6798 1070190
Kh3s 0.57569 609300 6798 1070190
9d3d 0.575449 597157 18683 1070190
Qc9h 0.575131 601300 14199.5 1070190
Qc9s 0.575131 601300 14199.5 1070190
As3d 0.575056 610137 5282.5 1070190
Ah3d 0.575056 610137 5282.5 1070190
Ad3h 0.575048 610124 5286.5 1070190
Ad3s 0.575048 610124 5286.5 1070190
Ah3h 0.574289 609338 5260 1070190
As3s 0.574289 609338 5260 1070190
As3h 0.574289 609338 5260 1070190
Ah3s 0.574289 609338 5260 1070190
Qd9c 0.572121 598243 14035.5 1070190
Qs9c 0.571434 597571 13971.5 1070190
Qh9c 0.571434 597571 13971.5 1070190
8c3d 0.570722 591367 19413.5 1070190
8c3s 0.570138 590850 19306.5 1070190
8c3h 0.570138 590850 19306.5 1070190
Qd9d 0.566484 592770 13475.5 1070190
8d3d 0.564045 584548 19087 1070190
5d5c 0.560634 599413 571.5 1070190
5s5c 0.559874 598600 571.5 1070190
5h5c 0.559874 598600 571.5 1070190
7c3d 0.559035 578843 19430.5 1070190
7c3s 0.558468 578351 19316 1070190
7c3h 0.558468 578351 19316 1070190
6s6d 0.554756 593091 603 1070190
6h6d 0.554756 593091 603 1070190
9d3s 0.554251 573648 19505.5 1070190
9d3h 0.554251 573648 19505.5 1070190
9h3d 0.554165 573493 19569 1070190
9s3d 0.554165 573493 19569 1070190
6s6h 0.55399 592272 603 1070190
7d3d 0.553647 573370 19137 1070190
9h3h 0.553561 572943 19472.5 1070190
9h3s 0.553561 572943 19472.5 1070190
9s3s 0.553561 572943 19472.5 1070190
9s3h 0.553561 572943 19472.5 1070190
6c3d 0.54898 568485 19027.5 1070190
6c3s 0.548423 568008 18909 1070190
6c3h 0.548423 568008 18909 1070190
5c3d 0.547139 566449 19093.5 1070190
5c3h 0.546584 565975 18974 1070190
5c3s 0.546584 565975 18974 1070190
Qd9s 0.546393 570748 13996 1070190
Qd9h 0.546393 570748 13996 1070190
Qs9d 0.546381 570761 13970.5 1070190
Qh9d 0.546381 570761 13970.5 1070190
Qs9h 0.545705 570076 13932 1070190
Qs9s 0.545705 570076 13932 1070190
Qh9h 0.545705 570076 13932 1070190
Qh9s 0.545705 570076 13932 1070190
4c3d 0.5454 564642 19039.5 1070190
6d3d 0.544852 564321 18774 1070190
4c3s 0.544845 564168 18920 1070190
4c3h 0.544845 564168 18920 1070190
5d3d 0.54428 563644 18839.5 1070190
4d3d 0.54379 563172 18787 1070190
Kc9d 0.542427 566040 14460 1070190
8d3s 0.542084 560205 19927.5 1070190
8d3h 0.542084 560205 19927.5 1070190
8s3d 0.541944 559978 20005 1070190
8h3d 0.541944 559978 20005 1070190
9c6c 0.541897 562102 17830.5 1070190
Kc9s 0.541761 565361 14426 1070190
Kc9h 0.541761 565361 14426 1070190
8s3h 0.541361 559461 19898 1070190
8h3h 0.541361 559461 19898 1070190
8s3s 0.541361 559461 19898 1070190
8h3s 0.541361 559461 19898 1070190
4d4c 0.541237 578691 535.5 1070190
4h4c 0.540477 577878 535.5 1070190
4s4c 0.540477 577878 535.5 1070190
9c5c 0.538126 557281 18616.5 1070190
Kd9c 0.536893 560317 14260 1070190
5s5d 0.536553 573645 568.5 1070190
5h5d 0.536553 573645 568.5 1070190
Ks9c 0.536206 559641 14201 1070190
Kh9c 0.536206 559641 14201 1070190
5s5h 0.535793 572832 568.5 1070190
9c4c 0.535605 554136 19063 1070190
Kd9d 0.532024 555721 13646 1070190
7d3h 0.53098 548275 19974.5 1070190
7d3s 0.53098 548275 19974.5 1070190
7s3d 0.530796 547990 20063 1070190
7h3d 0.530796 547990 20063 1070190
7s3h 0.53023 547498 19948.5 1070190
7h3h 0.53023 547498 19948.5 1070190
7h3s 0.53023 547498 19948.5 1070190
7s3s 0.53023 547498 19948.5 1070190
3d2c 0.52948 547728 18916.5 1070190
3d2d 0.529335 547818 18671.5 1070190
3h2c 0.528931 547263 18794 1070190
3s2c 0.528931 547263 18794 1070190
9c2c 0.526455 544411 18995.5 1070190
Ac9d 0.521706 542422 15902.5 1070190
6d3s 0.521546 538569 19584 1070190
6d3h 0.521546 538569 19584 1070190
6s3d 0.521324 538236 19680 1070190
6h3d 0.521324 538236 19680 1070190
5d3h 0.521064 537981 19656.5 1070190
5d3s 0.521064 537981 19656.5 1070190
Ac9h 0.521057 541757 15873 1070190
Ac9s 0.521057 541757 15873 1070190
5h3d 0.520846 537651 19753.5 1070190
5s3d 0.520846 537651 19753.5 1070190
6s3s 0.520768 537759 19561.5 1070190
6s3h 0.520768 537759 19561.5 1070190
6h3h 0.520768 537759 19561.5 1070190
6h3s 0.520768 537759 19561.5 1070190
4d3h 0.5206 537537 19604 1070190
4d3s 0.5206 537537 19604 1070190
4h3d 0.520382 537207 19701 1070190
4s3d 0.520382 537207 19701 1070190
5s3s 0.520292 537177 19634 1070190
5s3h 0.520292 537177 19634 1070190
5h3s 0.520292 537177 19634 1070190
5h3h 0.520292 537177 19634 1070190
4s3s 0.519828 536733 19581.5 1070190
4h3s 0.519828 536733 19581.5 1070190
4h3h 0.519828 536733 19581.5 1070190
4s3h 0.519828 536733 19581.5 1070190
4s4d 0.517781 553590 534 1070190
4h4d 0.517781 553590 534 1070190
4s4h 0.517021 552777 534 1070190
Ad9c 0.514051 534481 15651.5 1070190
Ah9c 0.513363 533802 15594 1070190
As9c 0.513363 533802 15594 1070190
8c6c 0.513293 531515 17806 1070190
9c8d 0.512856 528448 20405 1070190
9c8h 0.512199 527791 20359 1070190
9c8s 0.512199 527791 20359 1070190
9d8c 0.511956 527618 20272.5 1070190
Ac8d 0.51179 530435 17277.5 1070190
9s8c 0.511343 527027 20207.5 1070190
9h8c 0.511343 527027 20207.5 1070190
Ac8h 0.51111 529737 17248 1070190
Ac8s 0.51111 529737 17248 1070190
Ad9d 0.509676 530473 14977.5 1070190
Kd9s 0.509528 531039 14253 1070190
Kd9h 0.509528 531039 14253 1070190
8c5c 0.509523 526694 18592 1070190
Kh9d 0.509508 531042 14228 1070190
Ks9d 0.509508 531042 14228 1070190
Ks9s 0.508841 530363 14194 1070190
Kh9h 0.508841 530363 14194 1070190
Ks9h 0.508841 530363 14194 1070190
Kh9s 0.508841 530363 14194 1070190
9d8d 0.508085 524377 19370.5 1070190
8c4c 0.507001 523549 19038.5 1070190
3h2d 0.505223 521199 19485.5 1070190
3s2d 0.505223 521199 19485.5 1070190
3d2s 0.505 520863 19582.5 1070190
3d2h 0.505 520863 19582.5 1070190
3h2h 0.504451 520398 19460 1070190
3s2s 0.504451 520398 19460 1070190
3h2s 0.504451 520398 19460 1070190
3s2h 0.504451 520398 19460 1070190
Ad8c 0.50324 521591 16971.5 1070190
Ah8c 0.50258 520947 16909 1070190
As8c 0.50258 520947 16909 1070190
Ad8d 0.500333 519169 16282.5 1070190
8c2c 0.497851 513824 18971 1070190
7c6c 0.497596 515295 17227.5 1070190
Ac7d 0.494711 511130 18304.5 1070190
Ac7s 0.494005 510401 18278.5 1070190
Ac7h 0.494005 510401 18278.5 1070190
7c5c 0.493826 510474 18013.5 1070190
7c4c 0.491354 507436 18406.5 1070190
Qc8d 0.491129 510358 15243.5 1070190
Qc8s 0.490456 509668 15213 1070190
Qc8h 0.490456 509668 15213 1070190
Qd8c 0.486422 505595 14968.5 1070190
9h8d 0.486146 500074 20194.5 1070190
9s8d 0.486146 500074 20194.5 1070190
9d8s 0.486102 500008 20213.5 1070190
9d8h 0.486102 500008 20213.5 1070190
Qs8c 0.485781 504974 14904 1070190
Qh8c 0.485781 504974 14904 1070190
Ad9h 0.485505 503870 15713 1070190
Ad9s 0.485505 503870 15713 1070190
9s8s 0.485489 499417 20148.5 1070190
9s8h 0.485489 499417 20148.5 1070190
9h8h 0.485489 499417 20148.5 1070190
9h8s 0.485489 499417 20148.5 1070190
Ah9d 0.485466 503856 15685 1070190
As9d 0.485466 503856 15685 1070190
Ad7c 0.485211 501351 17917 1070190
Ah9h 0.484817 503191 15655.5 1070190
Ah9s 0.484817 503191 15655.5 1070190
As9h 0.484817 503191 15655.5 1070190
As9s 0.484817 503191 15655.5 1070190
As7c 0.484581 500747 17846.5 1070190
Ah7c 0.484581 500747 17846.5 1070190
Ad7d 0.483896 500627 17234 1070190
Qd8d 0.483763 503340 14378 1070190
Ac5d 0.483562 496823 20680.5 1070190
6c5c 0.483032 500252 16684.5 1070190
Ac5s 0.482834 496066 20658 1070190
Ac5h 0.482834 496066 20658 1070190
6c4c 0.480561 497214 17077.5 1070190
Ac4d 0.480023 492313 21403 1070190
Ac4h 0.479295 491556 21380.5 1070190
Ac4s 0.479295 491556 21380.5 1070190
Ac6d 0.479132 493348 19414.5 1070190
Ac6h 0.478401 492588 19392 1070190
Ac6s 0.478401 492588 19392 1070190
5c4c 0.477231 495140 15588 1070190
Ah8d 0.475483 491812 17045 1070190
As8d 0.475483 491812 17045 1070190
Ad8s 0.475463 491758 17078 1070190
Ad8h 0.475463 491758 17078 1070190
Ah8h 0.474803 491114 17015.5 1070190
As8s 0.474803 491114 17015.5 1070190
As8h 0.474803 491114 17015.5 1070190
Ah8s 0.474803 491114 17015.5 1070190
7c2c 0.474002 488933 18339 1070190
Ad5d 0.473187 486945 19454.5 1070190
Ad5c 0.471676 484612 20170.5 1070190
As5c 0.471082 484062 20085 1070190
Ah5c 0.471082 484062 20085 1070190
Ad4d 0.46968 482511 20135.5 1070190
Ad6d 0.468892 483543 18260.5 1070190
Ac2d 0.468659 480151 21403 1070190
Ad6c 0.468658 482607 18946.5 1070190
Ah6c 0.468055 482041 18867 1070190
As6c 0.468055 482041 18867 1070190
Ac2h 0.467993 479461 21380.5 1070190
Ac2s 0.467993 479461 21380.5 1070190
Ad4c 0.46678 478674 20869.5 1070190
Ah4c 0.466196 478138 20780.5 1070190
As4c 0.466196 478138 20780.5 1070190
6c2c 0.463342 478854 17010 1070190
5c2c 0.460012 476780 15520.5 1070190
Qh8d 0.459113 476360 14978.5 1070190
Qs8d 0.459113 476360 14978.5 1070190
Qd8h 0.459081 476291 15012.5 1070190
Qd8s 0.459081 476291 15012.5 1070190
Qs8s 0.45844 475670 14948 1070190
Qs8h 0.45844 475670 14948 1070190
Qh8s 0.45844 475670 14948 1070190
Qh8h 0.45844 475670 14948 1070190
Ah7d 0.457985 472101 18030.5 1070190
As7d 0.457985 472101 18030.5 1070190
Ad7s 0.45791 471976 18075 1070190
Ad7h 0.45791 471976 18075 1070190
Ad2d 0.457682 469671 20135.5 1070190
As7s 0.45728 471372 18004.5 1070190
As7h 0.45728 471372 18004.5 1070190
Ah7h 0.45728 471372 18004.5 1070190
Ah7s 0.45728 471372 18004.5 1070190
Kc8d 0.45566 470802 16840.5 1070190
Kc8h 0.455008 470130 16814.5 1070190
Kc8s 0.455008 470130 16814.5 1070190
Ad2c 0.453342 464293 20869.5 1070190
As2c 0.452767 463766 20780.5 1070190
Ah2c 0.452767 463766 20780.5 1070190
4c2c 0.45227 470377 13638 1070190
Kd8c 0.44883 463820 16513 1070190
Kh8c 0.448189 463199 16448.5 1070190
Ks8c 0.448189 463199 16448.5 1070190
Kd8d 0.447111 462640 15853.5 1070190
Kc7d 0.446777 459838 18298.5 1070190
As5d 0.44675 457745 20362 1070190
Ah5d 0.44675 457745 20362 1070190
Ad5s 0.446615 457538 20425 1070190
Ad5h 0.446615 457538 20425 1070190
Kc7h 0.446101 459140 18272.5 1070190
Kc7s 0.446101 459140 18272.5 1070190
Ah5h 0.446021 456988 20339.5 1070190
As5h 0.446021 456988 20339.5 1070190
As5s 0.446021 456988 20339.5 1070190
Ah5s 0.446021 456988 20339.5 1070190
2d2c 0.444063 472170 3061.5 1070190
2h2c 0.443345 471405 3058.5 1070190
2s2c 0.443345 471405 3058.5 1070190
Ah4d 0.443135 453157 21081.5 1070190
As4d 0.443135 453157 21081.5 1070190
Ad4s 0.44299 452936 21148 1070190
Ad4h 0.44299 452936 21148 1070190
Ah4s 0.442406 452400 21059 1070190
Ah4h 0.442406 452400 21059 1070190
As4s 0.442406 452400 21059 1070190
As4h 0.442406 452400 21059 1070190
As6d 0.442011 453934 19102 1070190
Ah6d 0.442011 453934 19102 1070190
Ad6h 0.441883 453740 19159 1070190
Ad6s 0.441883 453740 19159 1070190
Ah6s 0.44128 453174 19079.5 1070190
Ah6h 0.44128 453174 19079.5 1070190
As6s 0.44128 453174 19079.5 1070190
As6h 0.44128 453174 19079.5 1070190
Kd7c 0.438972 451866 17917 1070190
Kd7d 0.438713 452273 17233.5 1070190
Kh7c 0.438357 451279 17846.5 1070190
Ks7c 0.438357 451279 17846.5 1070190
Ah2d 0.431084 440260 21081.5 1070190
As2d 0.431084 440260 21081.5 1070190
Ad2s 0.430994 440097 21148 1070190
Ad2h 0.430994 440097 21148 1070190
Kc6d 0.430818 441649 19408.5 1070190
Ah2s 0.430418 439570 21059 1070190
Ah2h 0.430418 439570 21059 1070190
As2h 0.430418 439570 21059 1070190
As2s 0.430418 439570 21059 1070190
Kc6h 0.430117 440921 19386 1070190
Kc6s 0.430117 440921 19386 1070190
Kc5d 0.425437 434624 20674.5 1070190
Kc5h 0.42474 433901 20652 1070190
Kc5s 0.42474 433901 20652 1070190
Kd6d 0.42334 434794 18260 1070190
Kd6c 0.422034 432710 18946.5 1070190
Kc4d 0.421898 430114 21397 1070190
Kh6c 0.421447 432161 18867 1070190
Ks6c 0.421447 432161 18867 1070190
Kc4h 0.421201 429391 21374.5 1070190
Kc4s 0.421201 429391 21374.5 1070190
9c7d 0.420279 426795 22983 1070190
Kh8d 0.419991 432874 16596 1070190
Ks8d 0.419991 432874 16596 1070190
Kd8h 0.419979 432823 16634.5 1070190
Kd8s 0.419979 432823 16634.5 1070190
9c7s 0.419636 426148 22942.5 1070190
9c7h 0.419636 426148 22942.5 1070190
Kh8h 0.419339 432202 16570 1070190
Ks8h 0.419339 432202 16570 1070190
Ks8s 0.419339 432202 16570 1070190
Kh8s 0.419339 432202 16570 1070190
9d7c 0.418429 424989 22809 1070190
2h2d 0.418388 444702 3052.5 1070190
2s2d 0.418388 444702 3052.5 1070190
Kd5d 0.41805 427939 19454 1070190
9s7c 0.417873 424461 22742.5 1070190
9h7c 0.417873 424461 22742.5 1070190
9d7d 0.417754 425326 21750.5 1070190
2s2h 0.41767 443937 3049.5 1070190
Kd5c 0.415273 424250 20170.5 1070190
Kh5c 0.414703 423726 20085 1070190
Ks5c 0.414703 423726 20085 1070190
Kd4d 0.414543 423505 20135 1070190
Kh7d 0.411041 421850 18042 1070190
Ks7d 0.411041 421850 18042 1070190
Kd7h 0.410979 421739 18086.5 1070190
Kd7s 0.410979 421739 18086.5 1070190
Kc2d 0.410534 417952 21397 1070190
Kd4c 0.410377 418312 20869.5 1070190
Kh7s 0.410365 421152 18016 1070190
Ks7h 0.410365 421152 18016 1070190
Ks7s 0.410365 421152 18016 1070190
Kh7h 0.410365 421152 18016 1070190
Kc2s 0.4099 417296 21374.5 1070190
Kc2h 0.4099 417296 21374.5 1070190
Ks4c 0.409817 417802 20780.5 1070190
Kh4c 0.409817 417802 20780.5 1070190
Kd2d 0.402545 410665 20135 1070190
Kd2c 0.396939 403931 20869.5 1070190
Ks2c 0.396388 403430 20780.5 1070190
Kh2c 0.396388 403430 20780.5 1070190
Qc7d 0.395965 406093 17664.5 1070190
Qc7s 0.395317 405422 17642 1070190
Qc7h 0.395317 405422 17642 1070190
Ks6d 0.394672 403261 19113.5 1070190
Kh6d 0.394672 403261 19113.5 1070190
Kd6h 0.394558 403082 19170.5 1070190
Kd6s 0.394558 403082 19170.5 1070190
Kh6h 0.393971 402533 19091 1070190
Ks6h 0.393971 402533 19091 1070190
Ks6s 0.393971 402533 19091 1070190
Kh6s 0.393971 402533 19091 1070190
9h7d 0.390942 395586 22796 1070190
9s7d 0.390942 395586 22796 1070190
9d7s 0.390855 395467 22822 1070190
9d7h 0.390855 395467 22822 1070190
Qd7d 0.390671 401471 16621.5 1070190
9h7h 0.390299 394939 22755.5 1070190
9h7s 0.390299 394939 22755.5 1070190
9s7h 0.390299 394939 22755.5 1070190
9s7s 0.390299 394939 22755.5 1070190
Qd7c 0.389887 399987 17266.5 1070190
Qh7c 0.389298 399428 17195 1070190
Qs7c 0.389298 399428 17195 1070190
Ks5d 0.389213 396158 20373.5 1070190
Kh5d 0.389213 396158 20373.5 1070190
Qc6d 0.389152 397172 19295 1070190
Kd5h 0.389086 395959 20436.5 1070190
Kd5s 0.389086 395959 20436.5 1070190
Ks5s 0.388516 395435 20351 1070190
Ks5h 0.388516 395435 20351 1070190
Kh5s 0.388516 395435 20351 1070190
Kh5h 0.388516 395435 20351 1070190
Qc6h 0.38848 396475 19272.5 1070190
Qc6s 0.38848 396475 19272.5 1070190
Kh4d 0.385598 391570 21093 1070190
Ks4d 0.385598 391570 21093 1070190
Kd4h 0.385461 391357 21159.5 1070190
Kd4s 0.385461 391357 21159.5 1070190
Kh4s 0.384901 390847 21070.5 1070190
Kh4h 0.384901 390847 21070.5 1070190
Ks4s 0.384901 390847 21070.5 1070190
Ks4h 0.384901 390847 21070.5 1070190
Qd6d 0.384264 393075 18160.5 1070190
Qc5d 0.383771 390147 20561 1070190
Qc5h 0.383103 389455 20538.5 1070190
Qc5s 0.383103 389455 20538.5 1070190
Qd6c 0.382077 390054 18841.5 1070190
Qs6c 0.381512 389528 18762.5 1070190
Qh6c 0.381512 389528 18762.5 1070190
Qc4d 0.380232 385637 21283.5 1070190
Qc4h 0.379564 384945 21261 1070190
Qc4s 0.379564 384945 21261 1070190
Qd5d 0.378974 386220 19354.5 1070190
Qd4d 0.375467 381786 20035.5 1070190
Qd5c 0.375316 381594 20065.5 1070190
8c7d 0.375003 379746 21578 1070190
Qs5c 0.374768 381093 19980.5 1070190
Qh5c 0.374768 381093 19980.5 1070190
8d7d 0.374733 380612 20423.5 1070190
8c7s 0.374392 379133 21537.5 1070190
8c7h 0.374392 379133 21537.5 1070190
8d7c 0.374085 378906 21436.5 1070190
Kh2d 0.373547 378673 21093 1070190
Ks2d 0.373547 378673 21093 1070190
8h7c 0.373515 378357 21375 1070190
8s7c 0.373515 378357 21375 1070190
Kd2h 0.373464 378518 21159.5 1070190
Kd2s 0.373464 378518 21159.5 1070190
Kh2h 0.372913 378017 21070.5 1070190
Kh2s 0.372913 378017 21070.5 1070190
Ks2h 0.372913 378017 21070.5 1070190
Ks2s 0.372913 378017 21070.5 1070190
Qd4c 0.370421 375656 20764.5 1070190
Qh4c 0.369883 375169 20676 1070190
Qs4c 0.369883 375169 20676 1070190
Qc2d 0.368868 373475 21283.5 1070190
Qc2h 0.368263 372850 21261 1070190
Qc2s 0.368263 372850 21261 1070190
Qd2d 0.36347 368946 20035.5 1070190
Qh7d 0.360986 368925 17399 1070190
Qs7d 0.360986 368925 17399 1070190
Qd7h 0.360927 368813 17448 1070190
Qd7s 0.360927 368813 17448 1070190
Qh7h 0.360338 368254 17376.5 1070190
Qh7s 0.360338 368254 17376.5 1070190
Qs7h 0.360338 368254 17376.5 1070190
Qs7s 0.360338 368254 17376.5 1070190
Qd2c 0.356983 361275 20764.5 1070190
Qh2c 0.356454 360797 20676 1070190
Qs2c 0.356454 360797 20676 1070190
Qs6d 0.354154 359992 19020.5 1070190
Qh6d 0.354154 359992 19020.5 1070190
Qd6s 0.354047 359821 19077 1070190
Qd6h 0.354047 359821 19077 1070190
Qs6s 0.353482 359295 18998 1070190
Qs6h 0.353482 359295 18998 1070190
Qh6s 0.353482 359295 18998 1070190
Qh6h 0.353482 359295 18998 1070190
Qh5d 0.348695 352889 20280.5 1070190
Qs5d 0.348695 352889 20280.5 1070190
Qd5s 0.348575 352698 20343 1070190
Qd5h 0.348575 352698 20343 1070190
Qh5h 0.348027 352197 20258 1070190
Qh5s 0.348027 352197 20258 1070190
Qs5h 0.348027 352197 20258 1070190
Qs5s 0.348027 352197 20258 1070190
8s7d 0.345491 348339 21402 1070190
8h7d 0.345491 348339 21402 1070190
8d7s 0.345451 348275 21423 1070190
8d7h 0.345451 348275 21423 1070190
Qh4d 0.34508 348301 21000 1070190
Qs4d 0.34508 348301 21000 1070190
Qd4h 0.34495 348096 21066 1070190
Qd4s 0.34495 348096 21066 1070190
8s7h 0.34488 347726 21361.5 1070190
8h7h 0.34488 347726 21361.5 1070190
8h7s 0.34488 347726 21361.5 1070190
8s7s 0.34488 347726 21361.5 1070190
Qs4h 0.344412 347609 20977.5 1070190
Qh4s 0.344412 347609 20977.5 1070190
Qh4h 0.344412 347609 20977.5 1070190
Qs4s 0.344412 347609 20977.5 1070190
Qs2d 0.333029 335404 21000 1070190
Qh2d 0.333029 335404 21000 1070190
Qd2h 0.332953 335257 21066 1070190
Qd2s 0.332953 335257 21066 1070190
Qs2s 0.332424 334779 20977.5 1070190
Qs2h 0.332424 334779 20977.5 1070190
Qh2s 0.332424 334779 20977.5 1070190
Qh2h 0.332424 334779 20977.5 1070190
9c6d 0.319723 316970 25194 1070190
9d6d 0.319526 318161 23793 1070190
9c6s 0.319099 316335 25161.5 1070190
9c6h 0.319099 316335 25161.5 1070190
9d6c 0.316735 314058 24909 1070190
9h6c 0.316239 313600 24835.5 1070190
9s6c 0.316239 313600 24835.5 1070190
9c5d 0.314341 309945 26460 1070190
9d5d 0.314222 311290 24987 1070190
9c5h 0.313722 309315 26427.5 1070190
9c5s 0.313722 309315 26427.5 1070190
9c4d 0.310802 305435 27182.5 1070190
9d4d 0.310715 306856 25668 1070190
9c4s 0.310183 304805 27150 1070190
9c4h 0.310183 304805 27150 1070190
9d5c 0.309974 305598 26133 1070190
9s5c 0.309495 305165 26053.5 1070190
9h5c 0.309495 305165 26053.5 1070190
9d4c 0.305079 299660 26832 1070190
9s4c 0.304609 299241 26749 1070190
9h4c 0.304609 299241 26749 1070190
9c2d 0.299511 293429 27104.5 1070190
9c2h 0.298954 292866 27072 1070190
9c2s 0.298954 292866 27072 1070190
9d2d 0.298791 294175 25588.5 1070190
9d2c 0.291716 285441 26751 1070190
9s2c 0.291256 285031 26668 1070190
9h2c 0.291256 285031 26668 1070190
9s6d 0.287401 282558 25015.5 1070190
9h6d 0.287401 282558 25015.5 1070190
9d6s 0.287274 282381 25056.5 1070190
9d6h 0.287274 282381 25056.5 1070190
9h6h 0.286777 281923 24983 1070190
9h6s 0.286777 281923 24983 1070190
9s6s 0.286777 281923 24983 1070190
9s6h 0.286777 281923 24983 1070190
9s5d 0.281941 275455 26275.5 1070190
9h5d 0.281941 275455 26275.5 1070190
9d5s 0.281801 275258 26322.5 1070190
9d5h 0.281801 275258 26322.5 1070190
9s5h 0.281322 274825 26243 1070190
9h5s 0.281322 274825 26243 1070190
9s5s 0.281322 274825 26243 1070190
9h5h 0.281322 274825 26243 1070190
9s4d 0.278326 270867 26995 1070190
9h4d 0.278326 270867 26995 1070190
9d4s 0.278176 270656 27045.5 1070190
9d4h 0.278176 270656 27045.5 1070190
8d6d 0.278139 274136 23526 1070190
9h4h 0.277707 270237 26962.5 1070190
9h4s 0.277707 270237 26962.5 1070190
9s4s 0.277707 270237 26962.5 1070190
9s4h 0.277707 270237 26962.5 1070190
8c6d 0.276086 270550 24914.5 1070190
8c6s 0.275495 269952 24880 1070190
8c6h 0.275495 269952 24880 1070190
8d6c 0.274085 268639 24683.5 1070190
8s6c 0.273572 268160 24614.5 1070190
8h6c 0.273572 268160 24614.5 1070190
8d5d 0.272835 267265 24720 1070190
8c5d 0.270705 263525 26180.5 1070190
8c5s 0.270118 262932 26146 1070190
8c5h 0.270118 262932 26146 1070190
8d4d 0.269328 262831 25401 1070190
8d5c 0.267323 260179 25907.5 1070190
8c4d 0.267166 259015 26903 1070190
8h5c 0.266829 259725 25832.5 1070190
8s5c 0.266829 259725 25832.5 1070190
8c4s 0.266579 258422 26868.5 1070190
8c4h 0.266579 258422 26868.5 1070190
9h2d 0.266351 258132 26914 1070190
9s2d 0.266351 258132 26914 1070190
9d2s 0.266255 257979 26964.5 1070190
9d2h 0.266255 257979 26964.5 1070190
9s2h 0.265794 257569 26881.5 1070190
9s2s 0.265794 257569 26881.5 1070190
9h2s 0.265794 257569 26881.5 1070190
9h2h 0.265794 257569 26881.5 1070190
8d4c 0.262428 254241 26606.5 1070190
8h4c 0.261943 253801 26528 1070190
8s4c 0.261943 253801 26528 1070190
8d2d 0.257404 250150 25321.5 1070190
7d6d 0.256216 251704 22495.5 1070190
8c2d 0.255874 247009 26825 1070190
8c2s 0.25535 246483 26790.5 1070190
8c2h 0.25535 246483 26790.5 1070190
7c6d 0.252402 246295 23823 1070190
7c6s 0.251835 245724 23787 1070190
7c6h 0.251835 245724 23787 1070190
7d6c 0.251459 245462 23646.5 1070190
7h6c 0.250931 244960 23583.5 1070190
7s6c 0.250931 244960 23583.5 1070190
7d5d 0.250912 244834 23689.5 1070190
8d2c 0.249066 240022 26525.5 1070190
8s2c 0.24859 239591 26447 1070190
8h2c 0.24859 239591 26447 1070190
7d4d 0.247484 240568 24286.5 1070190
7c5d 0.247021 239270 25089 1070190
7c5h 0.246458 238704 25053 1070190
7c5s 0.246458 238704 25053 1070190
7d5c 0.244697 237002 24870.5 1070190
7h5c 0.244187 236525 24801.5 1070190
7s5c 0.244187 236525 24801.5 1070190
8s6d 0.243721 236072 24756 1070190
8h6d 0.243721 236072 24756 1070190
8d6h 0.243642 235953 24790.5 1070190
8d6s 0.243642 235953 24790.5 1070190
7c4d 0.243565 234939 25722 1070190
8s6s 0.24313 235474 24721.5 1070190
8h6h 0.24313 235474 24721.5 1070190
8h6s 0.24313 235474 24721.5 1070190
8s6h 0.24313 235474 24721.5 1070190
7c4h 0.243003 234373 25686 1070190
7c4s 0.243003 234373 25686 1070190
7d4c 0.239883 231238 25482.5 1070190
7s4c 0.239382 230774 25410.5 1070190
7h4c 0.239382 230774 25410.5 1070190
8s5d 0.238261 228969 26016 1070190
8h5d 0.238261 228969 26016 1070190
8d5s 0.238169 228830 26056.5 1070190
8d5h 0.238169 228830 26056.5 1070190
8h5s 0.237675 228376 25981.5 1070190
8s5h 0.237675 228376 25981.5 1070190
8h5h 0.237675 228376 25981.5 1070190
8s5s 0.237675 228376 25981.5 1070190
6d5d 0.23597 230977 21555.5 1070190
8h4d 0.234647 224381 26735.5 1070190
8s4d 0.234647 224381 26735.5 1070190
8d4h 0.234545 224228 26779.5 1070190
8d4s 0.234545 224228 26779.5 1070190
8h4s 0.23406 223788 26701 1070190
8h4h 0.23406 223788 26701 1070190
8s4h 0.23406 223788 26701 1070190
8s4s 0.23406 223788 26701 1070190
6d4d 0.232541 226711 22152.5 1070190
6c5d 0.230484 223832 22830 1070190
6c5h 0.229945 223292 22793 1070190
6c5s 0.229945 223292 22793 1070190
5d4d 0.22978 226085 19823.5 1070190
6d5c 0.229243 222649 22685 1070190
6h5c 0.22872 222148 22626 1070190
6s5c 0.22872 222148 22626 1070190
6c4d 0.227029 219501 23463 1070190
6c4h 0.22649 218961 23426 1070190
6c4s 0.22649 218961 23426 1070190
6d4c 0.224429 216885 23297 1070190
6h4c 0.223915 216397 23235 1070190
6s4c 0.223915 216397 23235 1070190
5c4d 0.222846 217492 20995.5 1070190
7d2d 0.222802 214234 24207 1070190
8s2d 0.222671 211646 26654.5 1070190
8h2d 0.222671 211646 26654.5 1070190
8d2s 0.222624 211551 26698.5 1070190
8d2h 0.222624 211551 26698.5 1070190
5c4s 0.222327 216974 20958 1070190
5c4h 0.222327 216974 20958 1070190
8h2s 0.222147 211120 26620 1070190
8s2s 0.222147 211120 26620 1070190
8h2h 0.222147 211120 26620 1070190
8s2h 0.222147 211120 26620 1070190
5d4c 0.221632 216280 20908 1070190
5s4c 0.221125 215789 20857 1070190
5h4c 0.221125 215789 20857 1070190
7s6d 0.220727 212539 23680.5 1070190
7h6d 0.220727 212539 23680.5 1070190
7d6s 0.220687 212470 23707.5 1070190
7d6h 0.220687 212470 23707.5 1070190
7s6h 0.22016 211968 23644.5 1070190
7s6s 0.22016 211968 23644.5 1070190
7h6h 0.22016 211968 23644.5 1070190
7h6s 0.22016 211968 23644.5 1070190
7c2d 0.219213 208956 25644 1070190
7c2s 0.218722 208466 25608 1070190
7c2h 0.218722 208466 25608 1070190
7s5d 0.215267 205436 24940.5 1070190
7h5d 0.215267 205436 24940.5 1070190
7d5h 0.215215 205347 24973.5 1070190
7d5s 0.215215 205347 24973.5 1070190
7h5s 0.214704 204870 24904.5 1070190
7h5h 0.214704 204870 24904.5 1070190
7s5h 0.214704 204870 24904.5 1070190
7s5s 0.214704 204870 24904.5 1070190
7d2c 0.213447 203027 25401.5 1070190
7s2c 0.21296 202578 25329.5 1070190
7h2c 0.21296 202578 25329.5 1070190
7s4d 0.211736 201027 25570.5 1070190
7h4d 0.211736 201027 25570.5 1070190
7d4s 0.211674 200925 25606.5 1070190
7d4h 0.211674 200925 25606.5 1070190
7s4h 0.211173 200461 25534.5 1070190
7s4s 0.211173 200461 25534.5 1070190
7h4h 0.211173 200461 25534.5 1070190
7h4s 0.211173 200461 25534.5 1070190
6d2d 0.208072 200604 22073 1070190
5d2d 0.205311 199978 19744 1070190
6c2d 0.20289 193746 23385 1070190
6c2s 0.202421 193281 23348 1070190
6c2h 0.202421 193281 23348 1070190
6h5d 0.199626 190941 22696.5 1070190
6s5d 0.199626 190941 22696.5 1070190
6d5h 0.19961 190902 22718.5 1070190
6d5s 0.19961 190902 22718.5 1070190
6h5h 0.199087 190401 22659.5 1070190
6s5s 0.199087 190401 22659.5 1070190
6s5h 0.199087 190401 22659.5 1070190
6h5s 0.199087 190401 22659.5 1070190
5c2d 0.198707 191737 20917.5 1070190
5c2h 0.198258 191294 20880 1070190
5c2s 0.198258 191294 20880 1070190
6d2c 0.198215 188912 23216 1070190
6s2c 0.197716 188440 23154 1070190
6h2c 0.197716 188440 23154 1070190
6h4d 0.196095 186532 23326.5 1070190
6s4d 0.196095 186532 23326.5 1070190
6d4s 0.196069 186480 23351.5 1070190
6d4h 0.196069 186480 23351.5 1070190
6s4h 0.195555 185992 23289.5 1070190
6s4s 0.195555 185992 23289.5 1070190
6h4s 0.195555 185992 23289.5 1070190
6h4h 0.195555 185992 23289.5 1070190
5d2c 0.195418 188307 20827 1070190
4d2d 0.195177 192058 16818 1070190
5s2c 0.194926 187832 20776 1070190
5h2c 0.194926 187832 20776 1070190
5s4d 0.193539 186241 20882.5 1070190
5h4d 0.193539 186241 20882.5 1070190
5d4s 0.193526 186214 20896 1070190
5d4h 0.193526 186214 20896 1070190
5s4s 0.19302 185723 20845 1070190
5s4h 0.19302 185723 20845 1070190
5h4s 0.19302 185723 20845 1070190
5h4h 0.19302 185723 20845 1070190
4c2d 0.186946 182245 17823 1070190
4c2h 0.186523 181830 17785.5 1070190
4c2s 0.186523 181830 17785.5 1070190
7h2d 0.186173 173751 25489.5 1070190
7s2d 0.186173 173751 25489.5 1070190
7d2s 0.186168 173710 25525.5 1070190
7d2h 0.186168 173710 25525.5 1070190
7h2s 0.185682 173261 25453.5 1070190
7h2h 0.185682 173261 25453.5 1070190
7s2h 0.185682 173261 25453.5 1070190
7s2s 0.185682 173261 25453.5 1070190
4d2c 0.184992 180157 17820 1070190
4h2c 0.184513 179682 17782.5 1070190
4s2c 0.184513 179682 17782.5 1070190
6d2s 0.170789 159506 23270.5 1070190
6d2h 0.170789 159506 23270.5 1070190
6h2d 0.170759 159499 23245.5 1070190
6s2d 0.170759 159499 23245.5 1070190
6h2h 0.17029 159034 23208.5 1070190
6h2s 0.17029 159034 23208.5 1070190
6s2s 0.17029 159034 23208.5 1070190
6s2h 0.17029 159034 23208.5 1070190
5d2h 0.168246 159240 20815 1070190
5d2s 0.168246 159240 20815 1070190
5h2d 0.168203 159208 20801.5 1070190
5s2d 0.168203 159208 20801.5 1070190
5s2s 0.167754 158765 20764 1070190
5s2h 0.167754 158765 20764 1070190
5h2s 0.167754 158765 20764 1070190
5h2h 0.167754 158765 20764 1070190
4d2h 0.157698 151040 17727 1070190
4d2s 0.157698 151040 17727 1070190
4s2d 0.157642 150980 17727 1070190
4h2d 0.157642 150980 17727 1070190
4s2s 0.157219 150565 17689.5 1070190
4s2h 0.157219 150565 17689.5 1070190
4h2s 0.157219 150565 17689.5 1070190
4h2h 0.157219 150565 17689.5 1070190
