8c7c 1 1070190 0 1070190
7c3c 1 1070190 0 1070190
3c2c 0.994892 1064250 473 1070190
Ac7c 0.9806 1049428 0 1070190
Ac3c 0.978184 1046370 473 1070190
Ac8c 0.975342 1043328 473 1070190
Ac2c 0.973009 1040358 946 1070190
Ac9c 0.968316 1035336 946 1070190
AcTc 0.967833 1034346 1419 1070190
AcJc 0.967833 1034346 1419 1070190
AcQc 0.967833 1034346 1419 1070190
AcKc 0.967833 1034346 1419 1070190
Kc7c 0.967365 1035264 0 1070190
Kc3c 0.964949 1032206 473 1070190
Kc8c 0.960419 1027358 473 1070190
Kc2c 0.958086 1024388 946 1070190
Qc7c 0.954973 1022003 0 1070190
Qc3c 0.952558 1018945 473 1070190
Kc9c 0.951746 1017603 946 1070190
KcQc 0.951263 1016613 1419 1070190
KcTc 0.951263 1016613 1419 1070190
KcJc 0.951263 1016613 1419 1070190
Qc8c 0.94638 1012333 473 1070190
Qc2c 0.944046 1009363 946 1070190
Jc7c 0.943426 1009645 0 1070190
Jc3c 0.94101 1006587 473 1070190
Qc9c 0.936098 1000857 946 1070190
QcTc 0.935615 999867 1419 1070190
QcJc 0.935615 999867 1419 1070190
Jc8c 0.933223 998253 473 1070190
Tc7c 0.932722 998190 0 1070190
Jc2c 0.93089 995283 946 1070190
Tc3c 0.930307 995132 473 1070190
9c7c 0.922862 987638 0 1070190
Jc9c 0.921373 985098 946 1070190
Tc8c 0.92095 985118 473 1070190
9c3c 0.92093 985570 0 1070190
JcTc 0.92089 984108 1419 1070190
Tc2c 0.918616 982148 946 1070190
8c3c 0.916298 980613 0 1070190
8c2c 0.913523 977643 0 1070190
9c8c 0.909559 972928 473 1070190
9c2c 0.907709 970948 473 1070190
Tc9c 0.90757 970326 946 1070190
7c2c 0.906518 970146 0 1070190
8d7c 0.874181 921258 14281.5 1070190
8s7c 0.874181 921258 14281.5 1070190
8h7c 0.874181 921258 14281.5 1070190
8c7d 0.870439 916781 14754.5 1070190
8c7h 0.870439 916781 14754.5 1070190
8c7s 0.870439 916781 14754.5 1070190
7c3s 0.846308 883338 22372.5 1070190
7c3h 0.846308 883338 22372.5 1070190
7c3d 0.846308 883338 22372.5 1070190
7d3c 0.836508 865966 29256.5 1070190
7h3c 0.836508 865966 29256.5 1070190
7s3c 0.836508 865966 29256.5 1070190
AdAc 0.796988 840516 12412.5 1070190
AsAc 0.796988 840516 12412.5 1070190
AhAc 0.796988 840516 12412.5 1070190
3c2d 0.794714 816832 33663.5 1070190
3c2h 0.794714 816832 33663.5 1070190
3c2s 0.794714 816832 33663.5 1070190
8s7h 0.786116 809220 32073 1070190
8s7d 0.786116 809220 32073 1070190
8h7s 0.786116 809220 32073 1070190
8h7h 0.786116 809220 32073 1070190
8h7d 0.786116 809220 32073 1070190
8d7s 0.786116 809220 32073 1070190
8d7h 0.786116 809220 32073 1070190
8d7d 0.786116 809220 32073 1070190
8s7s 0.786116 809220 32073 1070190
3h2c 0.775034 794526 34907.5 1070190
3s2c 0.775034 794526 34907.5 1070190
3d2c 0.775034 794526 34907.5 1070190
KdKc 0.773022 814868 12412.5 1070190
KhKc 0.773022 814868 12412.5 1070190
KsKc 0.773022 814868 12412.5 1070190
7d3s 0.756387 767928 41550 1070190
7s3d 0.756387 767928 41550 1070190
7s3h 0.756387 767928 41550 1070190
7s3s 0.756387 767928 41550 1070190
7h3s 0.756387 767928 41550 1070190
7h3h 0.756387 767928 41550 1070190
7h3d 0.756387 767928 41550 1070190
7d3h 0.756387 767928 41550 1070190
7d3d 0.756387 767928 41550 1070190
7s7c 0.756198 796604 12672 1070190
7d7c 0.756198 796604 12672 1070190
7h7c 0.756198 796604 12672 1070190
6s6d 0.749741 770736 31629 1070190
6h6d 0.749741 770736 31629 1070190
6s6h 0.749741 770736 31629 1070190
QsQc 0.749322 789504 12412.5 1070190
QdQc 0.749322 789504 12412.5 1070190
QhQc 0.749322 789504 12412.5 1070190
5s5h 0.744971 765567 31693.5 1070190
5h5d 0.744971 765567 31693.5 1070190
5s5d 0.744971 765567 31693.5 1070190
Ac6h 0.743276 781056 14391 1070190
Ac6s 0.743276 781056 14391 1070190
Ac6d 0.743276 781056 14391 1070190
4h4d 0.739554 759714 31749 1070190
4s4h 0.739554 759714 31749 1070190
4s4d 0.739554 759714 31749 1070190
7c6d 0.734354 763400 22498.5 1070190
7c6h 0.734354 763400 22498.5 1070190
7c6s 0.734354 763400 22498.5 1070190
Kc6d 0.72594 761900 14994 1070190
Kc6h 0.72594 761900 14994 1070190
Kc6s 0.72594 761900 14994 1070190
JdJc 0.725887 764424 12412.5 1070190
JhJc 0.725887 764424 12412.5 1070190
JsJc 0.725887 764424 12412.5 1070190
8d8c 0.721322 761250 10701.5 1070190
8h8c 0.721322 761250 10701.5 1070190
8s8c 0.721322 761250 10701.5 1070190
Qc6d 0.709071 743316 15525 1070190
Qc6h 0.709071 743316 15525 1070190
Qc6s 0.709071 743316 15525 1070190
Ac5d 0.708893 744174 14476.5 1070190
Ac5s 0.708893 744174 14476.5 1070190
Ac5h 0.708893 744174 14476.5 1070190
7c5d 0.708356 735527 22548 1070190
7c5h 0.708356 735527 22548 1070190
7c5s 0.708356 735527 22548 1070190
3h2h 0.70831 712044 45982.5 1070190
3d2s 0.70831 712044 45982.5 1070190
3h2s 0.70831 712044 45982.5 1070190
3s2d 0.70831 712044 45982.5 1070190
3s2h 0.70831 712044 45982.5 1070190
3s2s 0.70831 712044 45982.5 1070190
3d2h 0.70831 712044 45982.5 1070190
3d2d 0.70831 712044 45982.5 1070190
3h2d 0.70831 712044 45982.5 1070190
8c6d 0.705674 737247 17958.5 1070190
8c6s 0.705674 737247 17958.5 1070190
8c6h 0.705674 737247 17958.5 1070190
TdTc 0.702717 739628 12412.5 1070190
TsTc 0.702717 739628 12412.5 1070190
ThTc 0.702717 739628 12412.5 1070190
Ac7d 0.700067 728970 20235 1070190
Ac7h 0.700067 728970 20235 1070190
Ac7s 0.700067 728970 20235 1070190
Jc6h 0.69267 725304 15984 1070190
Jc6d 0.69267 725304 15984 1070190
Jc6s 0.69267 725304 15984 1070190
Kc5d 0.691557 725018 15079.5 1070190
Kc5h 0.691557 725018 15079.5 1070190
Kc5s 0.691557 725018 15079.5 1070190
6s3c 0.689082 702447 35001.5 1070190
6d3c 0.689082 702447 35001.5 1070190
6h3c 0.689082 702447 35001.5 1070190
9s9c 0.684589 723909 8731 1070190
9h9c 0.684589 723909 8731 1070190
9d9c 0.684589 723909 8731 1070190
7c4d 0.677328 702407 22462.5 1070190
7c4h 0.677328 702407 22462.5 1070190
7c4s 0.677328 702407 22462.5 1070190
Tc6d 0.676735 707864 16371 1070190
Tc6h 0.676735 707864 16371 1070190
Tc6s 0.676735 707864 16371 1070190
8c5s 0.675101 704442 18044 1070190
8c5h 0.675101 704442 18044 1070190
8c5d 0.675101 704442 18044 1070190
Qc5s 0.674688 706434 15610.5 1070190
Qc5d 0.674688 706434 15610.5 1070190
Qc5h 0.674688 706434 15610.5 1070190
Ac4s 0.673896 706176 15021 1070190
Ac4h 0.673896 706176 15021 1070190
Ac4d 0.673896 706176 15021 1070190
9c6h 0.66585 699411 13175.5 1070190
9c6s 0.66585 699411 13175.5 1070190
9c6d 0.66585 699411 13175.5 1070190
Ac3d 0.664982 685998 25659 1070190
Ac3h 0.664982 685998 25659 1070190
Ac3s 0.664982 685998 25659 1070190
5s3c 0.662427 673998 34925 1070190
5h3c 0.662427 673998 34925 1070190
5d3c 0.662427 673998 34925 1070190
Kc7s 0.660728 687032 20073 1070190
Kc7h 0.660728 687032 20073 1070190
Kc7d 0.660728 687032 20073 1070190
Jc5d 0.658286 688422 16069.5 1070190
Jc5h 0.658286 688422 16069.5 1070190
Jc5s 0.658286 688422 16069.5 1070190
Kc4d 0.655526 685994 15543 1070190
Kc4h 0.655526 685994 15543 1070190
Kc4s 0.655526 685994 15543 1070190
Ac8d 0.652977 682119 16690.5 1070190
Ac8h 0.652977 682119 16690.5 1070190
Ac8s 0.652977 682119 16690.5 1070190
6d5d 0.649269 660747 34094 1070190
6h5s 0.649269 660747 34094 1070190
6h5h 0.649269 660747 34094 1070190
6d5h 0.649269 660747 34094 1070190
6d5s 0.649269 660747 34094 1070190
6h5d 0.649269 660747 34094 1070190
6s5s 0.649269 660747 34094 1070190
6s5d 0.649269 660747 34094 1070190
6s5h 0.649269 660747 34094 1070190
Tc5s 0.642352 670982 16456.5 1070190
Tc5h 0.642352 670982 16456.5 1070190
Tc5d 0.642352 670982 16456.5 1070190
8c4s 0.639675 666525 18048.5 1070190
8c4h 0.639675 666525 18048.5 1070190
8c4d 0.639675 666525 18048.5 1070190
6d4h 0.639253 647946 36176 1070190
6h4d 0.639253 647946 36176 1070190
6h4h 0.639253 647946 36176 1070190
6h4s 0.639253 647946 36176 1070190
6s4s 0.639253 647946 36176 1070190
6s4h 0.639253 647946 36176 1070190
6s4d 0.639253 647946 36176 1070190
6d4s 0.639253 647946 36176 1070190
6d4d 0.639253 647946 36176 1070190
Qc4s 0.637748 666519 15993 1070190
Qc4d 0.637748 666519 15993 1070190
Qc4h 0.637748 666519 15993 1070190
Ah7c 0.634521 657642 21415.5 1070190
As7c 0.634521 657642 21415.5 1070190
Ad7c 0.634521 657642 21415.5 1070190
6h2c 0.634486 646405 32615.5 1070190
6s2c 0.634486 646405 32615.5 1070190
6d2c 0.634486 646405 32615.5 1070190
7s7h 0.63321 647934 29721 1070190
7s7d 0.63321 647934 29721 1070190
7h7d 0.63321 647934 29721 1070190
9c5h 0.631467 662529 13261 1070190
9c5s 0.631467 662529 13261 1070190
9c5d 0.631467 662529 13261 1070190
4h3c 0.631109 640734 34673 1070190
4d3c 0.631109 640734 34673 1070190
4s3c 0.631109 640734 34673 1070190
5d4h 0.627492 635388 36147.5 1070190
5s4d 0.627492 635388 36147.5 1070190
5h4h 0.627492 635388 36147.5 1070190
5h4s 0.627492 635388 36147.5 1070190
5d4d 0.627492 635388 36147.5 1070190
5s4s 0.627492 635388 36147.5 1070190
5d4s 0.627492 635388 36147.5 1070190
5h4d 0.627492 635388 36147.5 1070190
5s4h 0.627492 635388 36147.5 1070190
Kc3d 0.625643 644060 25497 1070190
Kc3s 0.625643 644060 25497 1070190
Kc3h 0.625643 644060 25497 1070190
Qc7d 0.624598 648528 19911 1070190
Qc7s 0.624598 648528 19911 1070190
Qc7h 0.624598 648528 19911 1070190
Jc4s 0.620565 647751 16371 1070190
Jc4d 0.620565 647751 16371 1070190
Jc4h 0.620565 647751 16371 1070190
AcKh 0.619763 647049 16215 1070190
AcKd 0.619763 647049 16215 1070190
AcKs 0.619763 647049 16215 1070190
AcQs 0.613988 640869 16215 1070190
AcQh 0.613988 640869 16215 1070190
AcQd 0.613988 640869 16215 1070190
Ac2h 0.612888 633792 22114.5 1070190
Ac2s 0.612888 633792 22114.5 1070190
Ac2d 0.612888 633792 22114.5 1070190
Kc8s 0.609674 635939 16528.5 1070190
Kc8h 0.609674 635939 16528.5 1070190
Kc8d 0.609674 635939 16528.5 1070190
Kh7c 0.608356 629790 21267 1070190
Kd7c 0.608356 629790 21267 1070190
Ks7c 0.608356 629790 21267 1070190
AcJs 0.608213 634689 16215 1070190
AcJh 0.608213 634689 16215 1070190
AcJd 0.608213 634689 16215 1070190
AhKc 0.606486 632948 16107 1070190
AdKc 0.606486 632948 16107 1070190
AsKc 0.606486 632948 16107 1070190
Tc4s 0.603974 629690 16677 1070190
Tc4h 0.603974 629690 16677 1070190
Tc4d 0.603974 629690 16677 1070190
5d2c 0.603181 612988 32530 1070190
5h2c 0.603181 612988 32530 1070190
5s2c 0.603181 612988 32530 1070190
7d6s 0.603138 602639 42833.5 1070190
7h6h 0.603138 602639 42833.5 1070190
7h6d 0.603138 602639 42833.5 1070190
7s6d 0.603138 602639 42833.5 1070190
7d6h 0.603138 602639 42833.5 1070190
7h6s 0.603138 602639 42833.5 1070190
7s6s 0.603138 602639 42833.5 1070190
7s6h 0.603138 602639 42833.5 1070190
7d6d 0.603138 602639 42833.5 1070190
AcTs 0.602439 628509 16215 1070190
AcTh 0.602439 628509 16215 1070190
AcTd 0.602439 628509 16215 1070190
3s3c 0.602228 620202 24296 1070190
3d3c 0.602228 620202 24296 1070190
3h3c 0.602228 620202 24296 1070190
AsAd 0.601047 611304 31930.5 1070190
AsAh 0.601047 611304 31930.5 1070190
AhAd 0.601047 611304 31930.5 1070190
Ac9d 0.600802 629826 13146 1070190
Ac9h 0.600802 629826 13146 1070190
Ac9s 0.600802 629826 13146 1070190
9c4d 0.59256 620751 13400.5 1070190
9c4h 0.59256 620751 13400.5 1070190
9c4s 0.59256 620751 13400.5 1070190
Jc7s 0.591677 613458 19749 1070190
Jc7h 0.591677 613458 19749 1070190
Jc7d 0.591677 613458 19749 1070190
Qc3h 0.589513 605556 25335 1070190
Qc3d 0.589513 605556 25335 1070190
Qc3s 0.589513 605556 25335 1070190
Ah8c 0.588625 612935 17006 1070190
As8c 0.588625 612935 17006 1070190
Ad8c 0.588625 612935 17006 1070190
AsQc 0.587935 613095 16107 1070190
AhQc 0.587935 613095 16107 1070190
AdQc 0.587935 613095 16107 1070190
KhKd 0.586776 596031 31930.5 1070190
KsKd 0.586776 596031 31930.5 1070190
KsKh 0.586776 596031 31930.5 1070190
8h8d 0.585873 598518 28477.5 1070190
8s8d 0.585873 598518 28477.5 1070190
8s8h 0.585873 598518 28477.5 1070190
Qs7c 0.585136 605088 21118.5 1070190
Qd7c 0.585136 605088 21118.5 1070190
Qh7c 0.585136 605088 21118.5 1070190
Ah3c 0.578855 584752 34733 1070190
Ad3c 0.578855 584752 34733 1070190
As3c 0.578855 584752 34733 1070190
QsQh 0.572504 580758 31930.5 1070190
QsQd 0.572504 580758 31930.5 1070190
QhQd 0.572504 580758 31930.5 1070190
Qc8s 0.57038 594048 16366.5 1070190
Qc8h 0.57038 594048 16366.5 1070190
Qc8d 0.57038 594048 16366.5 1070190
AdJc 0.569649 593526 16107 1070190
AsJc 0.569649 593526 16107 1070190
AhJc 0.569649 593526 16107 1070190
Kc2d 0.569585 587612 21952.5 1070190
Kc2h 0.569585 587612 21952.5 1070190
Kc2s 0.569585 587612 21952.5 1070190
KcQd 0.567647 591437 16053 1070190
KcQs 0.567647 591437 16053 1070190
KcQh 0.567647 591437 16053 1070190
4d2c 0.567313 574891 32242 1070190
4h2c 0.567313 574891 32242 1070190
4s2c 0.567313 574891 32242 1070190
7d5d 0.566039 562892 42877 1070190
7d5h 0.566039 562892 42877 1070190
7h5h 0.566039 562892 42877 1070190
7h5d 0.566039 562892 42877 1070190
7h5s 0.566039 562892 42877 1070190
7s5s 0.566039 562892 42877 1070190
7s5h 0.566039 562892 42877 1070190
7d5s 0.566039 562892 42877 1070190
7s5d 0.566039 562892 42877 1070190
Js7c 0.564859 583536 20970 1070190
Jh7c 0.564859 583536 20970 1070190
Jd7c 0.564859 583536 20970 1070190
6d3h 0.563723 554198 49093 1070190
6s3h 0.563723 554198 49093 1070190
6d3d 0.563723 554198 49093 1070190
6d3s 0.563723 554198 49093 1070190
6s3s 0.563723 554198 49093 1070190
6h3d 0.563723 554198 49093 1070190
6h3h 0.563723 554198 49093 1070190
6s3d 0.563723 554198 49093 1070190
6h3s 0.563723 554198 49093 1070190
8h6s 0.562877 564340 38045 1070190
8s6d 0.562877 564340 38045 1070190
8h6d 0.562877 564340 38045 1070190
8s6h 0.562877 564340 38045 1070190
8d6h 0.562877 564340 38045 1070190
8s6s 0.562877 564340 38045 1070190
8d6d 0.562877 564340 38045 1070190
8d6s 0.562877 564340 38045 1070190
8h6h 0.562877 564340 38045 1070190
Tc7s 0.562482 582830 19132.5 1070190
Tc7d 0.562482 582830 19132.5 1070190
Tc7h 0.562482 582830 19132.5 1070190
KcJh 0.561872 585257 16053 1070190
KcJs 0.561872 585257 16053 1070190
KcJd 0.561872 585257 16053 1070190
Ks8c 0.558425 580763 16857.5 1070190
Kh8c 0.558425 580763 16857.5 1070190
Kd8c 0.558425 580763 16857.5 1070190
JsJh 0.558233 565485 31930.5 1070190
JsJd 0.558233 565485 31930.5 1070190
JhJd 0.558233 565485 31930.5 1070190
Jc3s 0.556592 570486 25173 1070190
Jc3h 0.556592 570486 25173 1070190
Jc3d 0.556592 570486 25173 1070190
KcTh 0.556098 579077 16053 1070190
KcTd 0.556098 579077 16053 1070190
KcTs 0.556098 579077 16053 1070190
KhQc 0.554623 577593 15958.5 1070190
KdQc 0.554623 577593 15958.5 1070190
KsQc 0.554623 577593 15958.5 1070190
Kc9s 0.55446 580394 12984 1070190
Kc9h 0.55446 580394 12984 1070190
Kc9d 0.55446 580394 12984 1070190
Kd3c 0.552691 556900 34584.5 1070190
Ks3c 0.552691 556900 34584.5 1070190
Kh3c 0.552691 556900 34584.5 1070190
AhTc 0.551629 574241 16107 1070190
AdTc 0.551629 574241 16107 1070190
AsTc 0.551629 574241 16107 1070190
Ts7c 0.54808 566214 20335.5 1070190
Td7c 0.54808 566214 20335.5 1070190
Th7c 0.54808 566214 20335.5 1070190
9c7d 0.544022 569976 12230.5 1070190
9c7s 0.544022 569976 12230.5 1070190
9c7h 0.544022 569976 12230.5 1070190
TsTh 0.543962 550212 31930.5 1070190
TsTd 0.543962 550212 31930.5 1070190
ThTd 0.543962 550212 31930.5 1070190
9d7c 0.543007 568539 12582 1070190
9h7c 0.543007 568539 12582 1070190
9s7c 0.543007 568539 12582 1070190
Ah9c 0.538457 563655 12596.5 1070190
As9c 0.538457 563655 12596.5 1070190
Ad9c 0.538457 563655 12596.5 1070190
KhJc 0.536337 558024 15958.5 1070190
KsJc 0.536337 558024 15958.5 1070190
KdJc 0.536337 558024 15958.5 1070190
9s9d 0.535929 546312 27234 1070190
9s9h 0.535929 546312 27234 1070190
9h9d 0.535929 546312 27234 1070190
Jc8d 0.535092 556446 16204.5 1070190
Jc8h 0.535092 556446 16204.5 1070190
Jc8s 0.535092 556446 16204.5 1070190
Qh8c 0.531966 552596 16709 1070190
Qd8c 0.531966 552596 16709 1070190
Qs8c 0.531966 552596 16709 1070190
Qc2d 0.53029 545721 21790.5 1070190
Qc2h 0.53029 545721 21790.5 1070190
Qc2s 0.53029 545721 21790.5 1070190
Qs3c 0.52947 532198 34436 1070190
Qh3c 0.52947 532198 34436 1070190
Qd3c 0.52947 532198 34436 1070190
Tc3d 0.526879 538850 25011 1070190
Tc3h 0.526879 538850 25011 1070190
Tc3s 0.526879 538850 25011 1070190
As6s 0.526168 528597 34503 1070190
Ah6s 0.526168 528597 34503 1070190
Ah6h 0.526168 528597 34503 1070190
Ah6d 0.526168 528597 34503 1070190
As6h 0.526168 528597 34503 1070190
Ad6d 0.526168 528597 34503 1070190
Ad6h 0.526168 528597 34503 1070190
Ad6s 0.526168 528597 34503 1070190
As6d 0.526168 528597 34503 1070190
5s3d 0.525903 513863 48953.5 1070190
5d3h 0.525903 513863 48953.5 1070190
5d3s 0.525903 513863 48953.5 1070190
5h3d 0.525903 513863 48953.5 1070190
5h3h 0.525903 513863 48953.5 1070190
5h3s 0.525903 513863 48953.5 1070190
5s3h 0.525903 513863 48953.5 1070190
5s3s 0.525903 513863 48953.5 1070190
5d3d 0.525903 513863 48953.5 1070190
7s4d 0.524074 518132 42727 1070190
7d4d 0.524074 518132 42727 1070190
7d4h 0.524074 518132 42727 1070190
7d4s 0.524074 518132 42727 1070190
7h4d 0.524074 518132 42727 1070190
7h4h 0.524074 518132 42727 1070190
7h4s 0.524074 518132 42727 1070190
7s4h 0.524074 518132 42727 1070190
7s4s 0.524074 518132 42727 1070190
2s2c 0.523719 536044 24434.5 1070190
2h2c 0.523719 536044 24434.5 1070190
2d2c 0.523719 536044 24434.5 1070190
Kh6s 0.52068 521967 35259 1070190
Ks6s 0.52068 521967 35259 1070190
Ks6h 0.52068 521967 35259 1070190
Kd6s 0.52068 521967 35259 1070190
Kd6h 0.52068 521967 35259 1070190
Kd6d 0.52068 521967 35259 1070190
Ks6d 0.52068 521967 35259 1070190
Kh6h 0.52068 521967 35259 1070190
Kh6d 0.52068 521967 35259 1070190
QcJd 0.520338 540969 15891 1070190
QcJh 0.520338 540969 15891 1070190
QcJs 0.520338 540969 15891 1070190
8s5s 0.5191 517417 38118.5 1070190
8d5h 0.5191 517417 38118.5 1070190
8d5s 0.5191 517417 38118.5 1070190
8s5d 0.5191 517417 38118.5 1070190
8s5h 0.5191 517417 38118.5 1070190
8d5d 0.5191 517417 38118.5 1070190
8h5d 0.5191 517417 38118.5 1070190
8h5h 0.5191 517417 38118.5 1070190
8h5s 0.5191 517417 38118.5 1070190
KsTc 0.518317 538739 15958.5 1070190
KdTc 0.518317 538739 15958.5 1070190
KhTc 0.518317 538739 15958.5 1070190
6h2d 0.517093 509011 44376.5 1070190
6s2d 0.517093 509011 44376.5 1070190
6h2s 0.517093 509011 44376.5 1070190
6h2h 0.517093 509011 44376.5 1070190
6d2s 0.517093 509011 44376.5 1070190
6d2h 0.517093 509011 44376.5 1070190
6d2d 0.517093 509011 44376.5 1070190
6s2s 0.517093 509011 44376.5 1070190
6s2h 0.517093 509011 44376.5 1070190
Qh6h 0.515443 515697 35925 1070190
Qh6d 0.515443 515697 35925 1070190
Qh6s 0.515443 515697 35925 1070190
Qd6d 0.515443 515697 35925 1070190
Qd6h 0.515443 515697 35925 1070190
Qd6s 0.515443 515697 35925 1070190
Qs6d 0.515443 515697 35925 1070190
Qs6h 0.515443 515697 35925 1070190
Qs6s 0.515443 515697 35925 1070190
QcTs 0.514563 534789 15891 1070190
QcTh 0.514563 534789 15891 1070190
QcTd 0.514563 534789 15891 1070190
Qc9h 0.512926 536106 12822 1070190
Qc9d 0.512926 536106 12822 1070190
Qc9s 0.512926 536106 12822 1070190
Js6d 0.510459 509787 36501 1070190
Js6h 0.510459 509787 36501 1070190
Js6s 0.510459 509787 36501 1070190
Jd6h 0.510459 509787 36501 1070190
Jd6s 0.510459 509787 36501 1070190
Jd6d 0.510459 509787 36501 1070190
Jh6d 0.510459 509787 36501 1070190
Jh6h 0.510459 509787 36501 1070190
Jh6s 0.510459 509787 36501 1070190
Js8c 0.50925 528434 16560.5 1070190
Jd8c 0.50925 528434 16560.5 1070190
Jh8c 0.50925 528434 16560.5 1070190
Jd3c 0.509193 510646 34287.5 1070190
Js3c 0.509193 510646 34287.5 1070190
Jh3c 0.509193 510646 34287.5 1070190
QsJc 0.507566 527382 15810 1070190
QdJc 0.507566 527382 15810 1070190
QhJc 0.507566 527382 15810 1070190
9h6s 0.507189 509838 32950.5 1070190
9s6s 0.507189 509838 32950.5 1070190
9s6h 0.507189 509838 32950.5 1070190
9s6d 0.507189 509838 32950.5 1070190
9d6d 0.507189 509838 32950.5 1070190
9d6h 0.507189 509838 32950.5 1070190
9d6s 0.507189 509838 32950.5 1070190
9h6d 0.507189 509838 32950.5 1070190
9h6h 0.507189 509838 32950.5 1070190
Th6h 0.505727 504237 36987 1070190
Th6s 0.505727 504237 36987 1070190
Ts6s 0.505727 504237 36987 1070190
Th6d 0.505727 504237 36987 1070190
Td6d 0.505727 504237 36987 1070190
Ts6h 0.505727 504237 36987 1070190
Td6h 0.505727 504237 36987 1070190
Ts6d 0.505727 504237 36987 1070190
Td6s 0.505727 504237 36987 1070190
Ad2c 0.505623 508680 32432.5 1070190
Ah2c 0.505623 508680 32432.5 1070190
As2c 0.505623 508680 32432.5 1070190
Kh9c 0.505145 528153 12448 1070190
Ks9c 0.505145 528153 12448 1070190
Kd9c 0.505145 528153 12448 1070190
9c3s 0.504958 519063 21338.5 1070190
9c3h 0.504958 519063 21338.5 1070190
9c3d 0.504958 519063 21338.5 1070190
8c3d 0.504546 518081 21879.5 1070190
8c3s 0.504546 518081 21879.5 1070190
8c3h 0.504546 518081 21879.5 1070190
Tc8s 0.50433 524141 15588 1070190
Tc8d 0.50433 524141 15588 1070190
Tc8h 0.50433 524141 15588 1070190
8c2s 0.49684 509834 21879.5 1070190
8c2h 0.49684 509834 21879.5 1070190
8c2d 0.49684 509834 21879.5 1070190
7c2d 0.496304 510831 20308.5 1070190
7c2h 0.496304 510831 20308.5 1070190
7c2s 0.496304 510831 20308.5 1070190
Jc2s 0.495003 508119 21628.5 1070190
Jc2h 0.495003 508119 21628.5 1070190
Jc2d 0.495003 508119 21628.5 1070190
Th3c 0.491859 492244 34139 1070190
Td3c 0.491859 492244 34139 1070190
Ts3c 0.491859 492244 34139 1070190
Td8c 0.490832 509357 15926 1070190
Ts8c 0.490832 509357 15926 1070190
Th8c 0.490832 509357 15926 1070190
QhTc 0.489546 508097 15810 1070190
QsTc 0.489546 508097 15810 1070190
QdTc 0.489546 508097 15810 1070190
9c8s 0.485102 510465 8686 1070190
9c8h 0.485102 510465 8686 1070190
9c8d 0.485102 510465 8686 1070190
9s8c 0.484918 510782 8172.5 1070190
9d8c 0.484918 510782 8172.5 1070190
9h8c 0.484918 510782 8172.5 1070190
8d3c 0.48372 488386 29286.5 1070190
8s3c 0.48372 488386 29286.5 1070190
8h3c 0.48372 488386 29286.5 1070190
4d3h 0.483715 469091 48575.5 1070190
4d3d 0.483715 469091 48575.5 1070190
4d3s 0.483715 469091 48575.5 1070190
4s3d 0.483715 469091 48575.5 1070190
4s3h 0.483715 469091 48575.5 1070190
4s3s 0.483715 469091 48575.5 1070190
4h3h 0.483715 469091 48575.5 1070190
4h3s 0.483715 469091 48575.5 1070190
4h3d 0.483715 469091 48575.5 1070190
9h3c 0.481607 484489 30921.5 1070190
9s3c 0.481607 484489 30921.5 1070190
9d3c 0.481607 484489 30921.5 1070190
JcTs 0.477835 495645 15729 1070190
JcTh 0.477835 495645 15729 1070190
JcTd 0.477835 495645 15729 1070190
As5s 0.476847 475740 34576.5 1070190
As5h 0.476847 475740 34576.5 1070190
As5d 0.476847 475740 34576.5 1070190
Ah5d 0.476847 475740 34576.5 1070190
Ad5d 0.476847 475740 34576.5 1070190
Ad5h 0.476847 475740 34576.5 1070190
Ad5s 0.476847 475740 34576.5 1070190
Ah5s 0.476847 475740 34576.5 1070190
Ah5h 0.476847 475740 34576.5 1070190
Qd9c 0.476374 497511 12299.5 1070190
Qs9c 0.476374 497511 12299.5 1070190
Qh9c 0.476374 497511 12299.5 1070190
Jc9h 0.476198 496962 12660 1070190
Jc9s 0.476198 496962 12660 1070190
Jc9d 0.476198 496962 12660 1070190
Kh2c 0.475422 476508 32284 1070190
Ks2c 0.475422 476508 32284 1070190
Kd2c 0.475422 476508 32284 1070190
Ad7h 0.475056 467560 40840 1070190
Ah7h 0.475056 467560 40840 1070190
Ad7d 0.475056 467560 40840 1070190
Ah7s 0.475056 467560 40840 1070190
As7d 0.475056 467560 40840 1070190
As7h 0.475056 467560 40840 1070190
Ah7d 0.475056 467560 40840 1070190
Ad7s 0.475056 467560 40840 1070190
As7s 0.475056 467560 40840 1070190
5h2h 0.472523 461470 44219 1070190
5d2s 0.472523 461470 44219 1070190
5s2s 0.472523 461470 44219 1070190
5s2h 0.472523 461470 44219 1070190
5d2h 0.472523 461470 44219 1070190
5s2d 0.472523 461470 44219 1070190
5h2s 0.472523 461470 44219 1070190
5h2d 0.472523 461470 44219 1070190
5d2d 0.472523 461470 44219 1070190
Ks5s 0.471358 469110 35332.5 1070190
Ks5d 0.471358 469110 35332.5 1070190
Kh5s 0.471358 469110 35332.5 1070190
Kh5d 0.471358 469110 35332.5 1070190
Kh5h 0.471358 469110 35332.5 1070190
Ks5h 0.471358 469110 35332.5 1070190
Kd5s 0.471358 469110 35332.5 1070190
Kd5d 0.471358 469110 35332.5 1070190
Kd5h 0.471358 469110 35332.5 1070190
8d4d 0.470647 465634 38048 1070190
8s4h 0.470647 465634 38048 1070190
8h4s 0.470647 465634 38048 1070190
8h4h 0.470647 465634 38048 1070190
8s4d 0.470647 465634 38048 1070190
8h4d 0.470647 465634 38048 1070190
8d4h 0.470647 465634 38048 1070190
8d4s 0.470647 465634 38048 1070190
8s4s 0.470647 465634 38048 1070190
Qs5h 0.466121 462840 35998.5 1070190
Qh5d 0.466121 462840 35998.5 1070190
Qh5h 0.466121 462840 35998.5 1070190
Qh5s 0.466121 462840 35998.5 1070190
Qd5d 0.466121 462840 35998.5 1070190
Qd5h 0.466121 462840 35998.5 1070190
Qs5s 0.466121 462840 35998.5 1070190
Qs5d 0.466121 462840 35998.5 1070190
Qd5s 0.466121 462840 35998.5 1070190
JhTc 0.465316 482315 15661.5 1070190
JdTc 0.465316 482315 15661.5 1070190
JsTc 0.465316 482315 15661.5 1070190
Tc2s 0.463724 474806 21466.5 1070190
Tc2h 0.463724 474806 21466.5 1070190
Tc2d 0.463724 474806 21466.5 1070190
Jh5d 0.461137 456930 36574.5 1070190
Jh5h 0.461137 456930 36574.5 1070190
Jh5s 0.461137 456930 36574.5 1070190
Jd5d 0.461137 456930 36574.5 1070190
Js5h 0.461137 456930 36574.5 1070190
Js5s 0.461137 456930 36574.5 1070190
Jd5h 0.461137 456930 36574.5 1070190
Js5d 0.461137 456930 36574.5 1070190
Jd5s 0.461137 456930 36574.5 1070190
9s5d 0.457867 456981 33024 1070190
9d5s 0.457867 456981 33024 1070190
9h5s 0.457867 456981 33024 1070190
9d5d 0.457867 456981 33024 1070190
9h5h 0.457867 456981 33024 1070190
9s5h 0.457867 456981 33024 1070190
9s5s 0.457867 456981 33024 1070190
9h5d 0.457867 456981 33024 1070190
9d5h 0.457867 456981 33024 1070190
Th5d 0.456405 451380 37060.5 1070190
Td5d 0.456405 451380 37060.5 1070190
Td5h 0.456405 451380 37060.5 1070190
Ts5d 0.456405 451380 37060.5 1070190
Th5h 0.456405 451380 37060.5 1070190
Th5s 0.456405 451380 37060.5 1070190
Td5s 0.456405 451380 37060.5 1070190
Ts5s 0.456405 451380 37060.5 1070190
Ts5h 0.456405 451380 37060.5 1070190
7s2c 0.455532 459096 28409.5 1070190
7h2c 0.455532 459096 28409.5 1070190
7d2c 0.455532 459096 28409.5 1070190
8d2c 0.453872 453861 31868.5 1070190
8s2c 0.453872 453861 31868.5 1070190
8h2c 0.453872 453861 31868.5 1070190
Js9c 0.452144 471729 12151 1070190
Jd9c 0.452144 471729 12151 1070190
Jh9c 0.452144 471729 12151 1070190
3h3d 0.449005 445941 34579.5 1070190
3s3d 0.449005 445941 34579.5 1070190
3s3h 0.449005 445941 34579.5 1070190
Qd2c 0.448964 448341 32135.5 1070190
Qh2c 0.448964 448341 32135.5 1070190
Qs2c 0.448964 448341 32135.5 1070190
Tc9d 0.444793 463970 12043.5 1070190
Tc9h 0.444793 463970 12043.5 1070190
Tc9s 0.444793 463970 12043.5 1070190
Kh7d 0.442946 433345 40691.5 1070190
Kh7s 0.442946 433345 40691.5 1070190
Kd7d 0.442946 433345 40691.5 1070190
Ks7d 0.442946 433345 40691.5 1070190
Ks7h 0.442946 433345 40691.5 1070190
Ks7s 0.442946 433345 40691.5 1070190
Kd7h 0.442946 433345 40691.5 1070190
Kd7s 0.442946 433345 40691.5 1070190
Kh7h 0.442946 433345 40691.5 1070190
9c2d 0.441035 454197 17794 1070190
9c2s 0.441035 454197 17794 1070190
9c2h 0.441035 454197 17794 1070190
Th9c 0.43301 451887 11516.5 1070190
Td9c 0.43301 451887 11516.5 1070190
Ts9c 0.43301 451887 11516.5 1070190
Ad4s 0.427025 421929 35068.5 1070190
Ad4h 0.427025 421929 35068.5 1070190
Ah4s 0.427025 421929 35068.5 1070190
Ah4h 0.427025 421929 35068.5 1070190
Ah4d 0.427025 421929 35068.5 1070190
As4h 0.427025 421929 35068.5 1070190
Ad4d 0.427025 421929 35068.5 1070190
As4s 0.427025 421929 35068.5 1070190
As4d 0.427025 421929 35068.5 1070190
As3d 0.426832 408877 47914 1070190
As3h 0.426832 408877 47914 1070190
Ad3s 0.426832 408877 47914 1070190
Ad3h 0.426832 408877 47914 1070190
Ah3d 0.426832 408877 47914 1070190
Ah3h 0.426832 408877 47914 1070190
Ah3s 0.426832 408877 47914 1070190
As3s 0.426832 408877 47914 1070190
Ad3d 0.426832 408877 47914 1070190
Jh2c 0.426248 424179 31987 1070190
Js2c 0.426248 424179 31987 1070190
Jd2c 0.426248 424179 31987 1070190
4s2d 0.423727 409681 43787 1070190
4s2h 0.423727 409681 43787 1070190
4s2s 0.423727 409681 43787 1070190
4d2s 0.423727 409681 43787 1070190
4d2h 0.423727 409681 43787 1070190
4h2s 0.423727 409681 43787 1070190
4d2d 0.423727 409681 43787 1070190
4h2h 0.423727 409681 43787 1070190
4h2d 0.423727 409681 43787 1070190
Ks4s 0.420514 414291 35739 1070190
Kh4s 0.420514 414291 35739 1070190
Kh4h 0.420514 414291 35739 1070190
Kh4d 0.420514 414291 35739 1070190
Kd4s 0.420514 414291 35739 1070190
Kd4h 0.420514 414291 35739 1070190
Kd4d 0.420514 414291 35739 1070190
Ks4h 0.420514 414291 35739 1070190
Ks4d 0.420514 414291 35739 1070190
Qh7d 0.414486 403036 40543 1070190
Qh7h 0.414486 403036 40543 1070190
Qd7s 0.414486 403036 40543 1070190
Qd7h 0.414486 403036 40543 1070190
Qh7s 0.414486 403036 40543 1070190
Qs7d 0.414486 403036 40543 1070190
Qs7h 0.414486 403036 40543 1070190
Qd7d 0.414486 403036 40543 1070190
Qs7s 0.414486 403036 40543 1070190
Qh4d 0.414382 407148 36319.5 1070190
Qd4s 0.414382 407148 36319.5 1070190
Qd4h 0.414382 407148 36319.5 1070190
Qd4d 0.414382 407148 36319.5 1070190
Qs4s 0.414382 407148 36319.5 1070190
Qh4h 0.414382 407148 36319.5 1070190
Qh4s 0.414382 407148 36319.5 1070190
Qs4d 0.414382 407148 36319.5 1070190
Qs4h 0.414382 407148 36319.5 1070190
Ah8s 0.410434 403107 36135.5 1070190
Ah8h 0.410434 403107 36135.5 1070190
Ah8d 0.410434 403107 36135.5 1070190
Ad8d 0.410434 403107 36135.5 1070190
Ad8h 0.410434 403107 36135.5 1070190
Ad8s 0.410434 403107 36135.5 1070190
As8s 0.410434 403107 36135.5 1070190
As8h 0.410434 403107 36135.5 1070190
As8d 0.410434 403107 36135.5 1070190
Jh4s 0.408628 400500 36810 1070190
Jh4h 0.408628 400500 36810 1070190
Jh4d 0.408628 400500 36810 1070190
Js4h 0.408628 400500 36810 1070190
Jd4d 0.408628 400500 36810 1070190
Jd4h 0.408628 400500 36810 1070190
Jd4s 0.408628 400500 36810 1070190
Js4s 0.408628 400500 36810 1070190
Js4d 0.408628 400500 36810 1070190
Ts2c 0.407274 404022 31838.5 1070190
Td2c 0.407274 404022 31838.5 1070190
Th2c 0.407274 404022 31838.5 1070190
9d4s 0.404198 399480 33088.5 1070190
9d4d 0.404198 399480 33088.5 1070190
9d4h 0.404198 399480 33088.5 1070190
9h4h 0.404198 399480 33088.5 1070190
9s4d 0.404198 399480 33088.5 1070190
9s4h 0.404198 399480 33088.5 1070190
9s4s 0.404198 399480 33088.5 1070190
9h4d 0.404198 399480 33088.5 1070190
9h4s 0.404198 399480 33088.5 1070190
Ts4s 0.403253 394347 37210.5 1070190
Ts4d 0.403253 394347 37210.5 1070190
Ts4h 0.403253 394347 37210.5 1070190
Th4d 0.403253 394347 37210.5 1070190
Th4h 0.403253 394347 37210.5 1070190
Th4s 0.403253 394347 37210.5 1070190
Td4d 0.403253 394347 37210.5 1070190
Td4h 0.403253 394347 37210.5 1070190
Td4s 0.403253 394347 37210.5 1070190
9d2c 0.39618 395367 28621 1070190
9h2c 0.39618 395367 28621 1070190
9s2c 0.39618 395367 28621 1070190
Ks3s 0.394722 374662 47765.5 1070190
Kd3s 0.394722 374662 47765.5 1070190
Kd3h 0.394722 374662 47765.5 1070190
Kd3d 0.394722 374662 47765.5 1070190
Kh3d 0.394722 374662 47765.5 1070190
Ks3h 0.394722 374662 47765.5 1070190
Kh3s 0.394722 374662 47765.5 1070190
Kh3h 0.394722 374662 47765.5 1070190
Ks3d 0.394722 374662 47765.5 1070190
Jh7d 0.389676 376633 40394.5 1070190
Jd7s 0.389676 376633 40394.5 1070190
Jd7h 0.389676 376633 40394.5 1070190
Jd7d 0.389676 376633 40394.5 1070190
Js7s 0.389676 376633 40394.5 1070190
Js7h 0.389676 376633 40394.5 1070190
Js7d 0.389676 376633 40394.5 1070190
Jh7s 0.389676 376633 40394.5 1070190
Jh7h 0.389676 376633 40394.5 1070190
Kh8h 0.37313 363333 35987 1070190
Kd8d 0.37313 363333 35987 1070190
Kd8h 0.37313 363333 35987 1070190
Kd8s 0.37313 363333 35987 1070190
Kh8d 0.37313 363333 35987 1070190
Kh8s 0.37313 363333 35987 1070190
Ks8s 0.37313 363333 35987 1070190
Ks8h 0.37313 363333 35987 1070190
Ks8d 0.37313 363333 35987 1070190
2s2h 0.370757 363444 33336 1070190
2s2d 0.370757 363444 33336 1070190
2h2d 0.370757 363444 33336 1070190
Td7d 0.369232 355534 39614.5 1070190
Td7h 0.369232 355534 39614.5 1070190
Ts7h 0.369232 355534 39614.5 1070190
Ts7d 0.369232 355534 39614.5 1070190
Th7s 0.369232 355534 39614.5 1070190
Ts7s 0.369232 355534 39614.5 1070190
Th7h 0.369232 355534 39614.5 1070190
Th7d 0.369232 355534 39614.5 1070190
Td7s 0.369232 355534 39614.5 1070190
Qh3h 0.366262 344353 47617 1070190
Qh3s 0.366262 344353 47617 1070190
Qs3d 0.366262 344353 47617 1070190
Qs3h 0.366262 344353 47617 1070190
Qs3s 0.366262 344353 47617 1070190
Qh3d 0.366262 344353 47617 1070190
Qd3s 0.366262 344353 47617 1070190
Qd3h 0.366262 344353 47617 1070190
Qd3d 0.366262 344353 47617 1070190
9d7d 0.362409 357226 30620.5 1070190
9s7h 0.362409 357226 30620.5 1070190
9d7h 0.362409 357226 30620.5 1070190
9d7s 0.362409 357226 30620.5 1070190
9h7d 0.362409 357226 30620.5 1070190
9h7h 0.362409 357226 30620.5 1070190
9h7s 0.362409 357226 30620.5 1070190
9s7d 0.362409 357226 30620.5 1070190
9s7s 0.362409 357226 30620.5 1070190
AdKs 0.360752 350210 35863.5 1070190
AdKh 0.360752 350210 35863.5 1070190
AdKd 0.360752 350210 35863.5 1070190
AhKd 0.360752 350210 35863.5 1070190
AhKh 0.360752 350210 35863.5 1070190
AsKd 0.360752 350210 35863.5 1070190
AhKs 0.360752 350210 35863.5 1070190
AsKh 0.360752 350210 35863.5 1070190
AsKs 0.360752 350210 35863.5 1070190
Ah2d 0.355777 337539 43209.5 1070190
As2s 0.355777 337539 43209.5 1070190
As2h 0.355777 337539 43209.5 1070190
As2d 0.355777 337539 43209.5 1070190
Ad2d 0.355777 337539 43209.5 1070190
Ad2h 0.355777 337539 43209.5 1070190
Ad2s 0.355777 337539 43209.5 1070190
Ah2h 0.355777 337539 43209.5 1070190
Ah2s 0.355777 337539 43209.5 1070190
AdQd 0.353957 342938 35863.5 1070190
AdQh 0.353957 342938 35863.5 1070190
AdQs 0.353957 342938 35863.5 1070190
AsQs 0.353957 342938 35863.5 1070190
AsQh 0.353957 342938 35863.5 1070190
AsQd 0.353957 342938 35863.5 1070190
AhQd 0.353957 342938 35863.5 1070190
AhQh 0.353957 342938 35863.5 1070190
AhQs 0.353957 342938 35863.5 1070190
AsJh 0.347162 335666 35863.5 1070190
AsJs 0.347162 335666 35863.5 1070190
AsJd 0.347162 335666 35863.5 1070190
AhJs 0.347162 335666 35863.5 1070190
AhJh 0.347162 335666 35863.5 1070190
AhJd 0.347162 335666 35863.5 1070190
AdJh 0.347162 335666 35863.5 1070190
AdJs 0.347162 335666 35863.5 1070190
AdJd 0.347162 335666 35863.5 1070190
Jh3s 0.341452 317950 47468.5 1070190
Jh3d 0.341452 317950 47468.5 1070190
Js3h 0.341452 317950 47468.5 1070190
Js3s 0.341452 317950 47468.5 1070190
Jh3h 0.341452 317950 47468.5 1070190
Jd3s 0.341452 317950 47468.5 1070190
Jd3h 0.341452 317950 47468.5 1070190
Jd3d 0.341452 317950 47468.5 1070190
Js3d 0.341452 317950 47468.5 1070190
Qs8s 0.340527 328590 35838.5 1070190
Qs8d 0.340527 328590 35838.5 1070190
Qs8h 0.340527 328590 35838.5 1070190
Qh8s 0.340527 328590 35838.5 1070190
Qh8h 0.340527 328590 35838.5 1070190
Qh8d 0.340527 328590 35838.5 1070190
Qd8d 0.340527 328590 35838.5 1070190
Qd8s 0.340527 328590 35838.5 1070190
Qd8h 0.340527 328590 35838.5 1070190
AdTd 0.340367 328394 35863.5 1070190
AhTd 0.340367 328394 35863.5 1070190
AhTh 0.340367 328394 35863.5 1070190
AdTs 0.340367 328394 35863.5 1070190
AdTh 0.340367 328394 35863.5 1070190
AhTs 0.340367 328394 35863.5 1070190
AsTd 0.340367 328394 35863.5 1070190
AsTh 0.340367 328394 35863.5 1070190
AsTs 0.340367 328394 35863.5 1070190
Ad9s 0.339514 331913 31431 1070190
As9s 0.339514 331913 31431 1070190
As9h 0.339514 331913 31431 1070190
As9d 0.339514 331913 31431 1070190
Ad9h 0.339514 331913 31431 1070190
Ah9s 0.339514 331913 31431 1070190
Ad9d 0.339514 331913 31431 1070190
Ah9h 0.339514 331913 31431 1070190
Ah9d 0.339514 331913 31431 1070190
Th3s 0.320292 295453 47320 1070190
Td3d 0.320292 295453 47320 1070190
Td3h 0.320292 295453 47320 1070190
Td3s 0.320292 295453 47320 1070190
Ts3s 0.320292 295453 47320 1070190
Ts3h 0.320292 295453 47320 1070190
Ts3d 0.320292 295453 47320 1070190
Th3d 0.320292 295453 47320 1070190
Th3h 0.320292 295453 47320 1070190
Ks2h 0.318472 297765 43061 1070190
Ks2s 0.318472 297765 43061 1070190
Ks2d 0.318472 297765 43061 1070190
Kd2s 0.318472 297765 43061 1070190
Kh2s 0.318472 297765 43061 1070190
Kh2h 0.318472 297765 43061 1070190
Kh2d 0.318472 297765 43061 1070190
Kd2h 0.318472 297765 43061 1070190
Kd2d 0.318472 297765 43061 1070190
KhQs 0.312687 298919 35715 1070190
KhQh 0.312687 298919 35715 1070190
KhQd 0.312687 298919 35715 1070190
KsQs 0.312687 298919 35715 1070190
KdQh 0.312687 298919 35715 1070190
KdQs 0.312687 298919 35715 1070190
KsQh 0.312687 298919 35715 1070190
KdQd 0.312687 298919 35715 1070190
KsQd 0.312687 298919 35715 1070190
Jd8d 0.312625 298878 35690 1070190
Jd8s 0.312625 298878 35690 1070190
Js8s 0.312625 298878 35690 1070190
Js8h 0.312625 298878 35690 1070190
Js8d 0.312625 298878 35690 1070190
Jd8h 0.312625 298878 35690 1070190
Jh8s 0.312625 298878 35690 1070190
Jh8h 0.312625 298878 35690 1070190
Jh8d 0.312625 298878 35690 1070190
8s3s 0.310189 289519 42442 1070190
8d3d 0.310189 289519 42442 1070190
8d3h 0.310189 289519 42442 1070190
8d3s 0.310189 289519 42442 1070190
8h3s 0.310189 289519 42442 1070190
8h3h 0.310189 289519 42442 1070190
8h3d 0.310189 289519 42442 1070190
8s3d 0.310189 289519 42442 1070190
8s3h 0.310189 289519 42442 1070190
9h3d 0.308723 287653 42739 1070190
9s3h 0.308723 287653 42739 1070190
9s3s 0.308723 287653 42739 1070190
9d3h 0.308723 287653 42739 1070190
9d3d 0.308723 287653 42739 1070190
9s3d 0.308723 287653 42739 1070190
9d3s 0.308723 287653 42739 1070190
9h3s 0.308723 287653 42739 1070190
9h3h 0.308723 287653 42739 1070190
KsJs 0.305891 291647 35715 1070190
KdJh 0.305891 291647 35715 1070190
KdJd 0.305891 291647 35715 1070190
KdJs 0.305891 291647 35715 1070190
KsJd 0.305891 291647 35715 1070190
KsJh 0.305891 291647 35715 1070190
KhJs 0.305891 291647 35715 1070190
KhJh 0.305891 291647 35715 1070190
KhJd 0.305891 291647 35715 1070190
7s2s 0.300762 282139 39733 1070190
7s2h 0.300762 282139 39733 1070190
7s2d 0.300762 282139 39733 1070190
7h2s 0.300762 282139 39733 1070190
7h2h 0.300762 282139 39733 1070190
7h2d 0.300762 282139 39733 1070190
7d2d 0.300762 282139 39733 1070190
7d2h 0.300762 282139 39733 1070190
7d2s 0.300762 282139 39733 1070190
8s2s 0.300055 278674 42442 1070190
8d2d 0.300055 278674 42442 1070190
8d2h 0.300055 278674 42442 1070190
8s2d 0.300055 278674 42442 1070190
8d2s 0.300055 278674 42442 1070190
8s2h 0.300055 278674 42442 1070190
8h2s 0.300055 278674 42442 1070190
8h2h 0.300055 278674 42442 1070190
8h2d 0.300055 278674 42442 1070190
KhTs 0.299096 284375 35715 1070190
KhTd 0.299096 284375 35715 1070190
KhTh 0.299096 284375 35715 1070190
KsTs 0.299096 284375 35715 1070190
KsTh 0.299096 284375 35715 1070190
KsTd 0.299096 284375 35715 1070190
KdTs 0.299096 284375 35715 1070190
KdTh 0.299096 284375 35715 1070190
KdTd 0.299096 284375 35715 1070190
Kd9d 0.298243 287894 31282.5 1070190
Kd9h 0.298243 287894 31282.5 1070190
Ks9h 0.298243 287894 31282.5 1070190
Kd9s 0.298243 287894 31282.5 1070190
Ks9d 0.298243 287894 31282.5 1070190
Kh9d 0.298243 287894 31282.5 1070190
Kh9h 0.298243 287894 31282.5 1070190
Kh9s 0.298243 287894 31282.5 1070190
Ks9s 0.298243 287894 31282.5 1070190
Th8d 0.29014 275595 34910 1070190
Ts8s 0.29014 275595 34910 1070190
Ts8h 0.29014 275595 34910 1070190
Ts8d 0.29014 275595 34910 1070190
Td8d 0.29014 275595 34910 1070190
Td8h 0.29014 275595 34910 1070190
Td8s 0.29014 275595 34910 1070190
Th8h 0.29014 275595 34910 1070190
Th8s 0.29014 275595 34910 1070190
Qd2d 0.285869 263022 42912.5 1070190
Qh2h 0.285869 263022 42912.5 1070190
Qh2s 0.285869 263022 42912.5 1070190
Qs2s 0.285869 263022 42912.5 1070190
Qh2d 0.285869 263022 42912.5 1070190
Qs2h 0.285869 263022 42912.5 1070190
Qs2d 0.285869 263022 42912.5 1070190
Qd2h 0.285869 263022 42912.5 1070190
Qd2s 0.285869 263022 42912.5 1070190
9d8s 0.282327 276228 25916 1070190
9h8d 0.282327 276228 25916 1070190
9h8h 0.282327 276228 25916 1070190
9h8s 0.282327 276228 25916 1070190
9s8s 0.282327 276228 25916 1070190
9s8h 0.282327 276228 25916 1070190
9d8h 0.282327 276228 25916 1070190
9d8d 0.282327 276228 25916 1070190
9s8d 0.282327 276228 25916 1070190
QsJd 0.270373 253784 35566.5 1070190
QhJh 0.270373 253784 35566.5 1070190
QhJd 0.270373 253784 35566.5 1070190
QdJs 0.270373 253784 35566.5 1070190
QsJs 0.270373 253784 35566.5 1070190
QdJd 0.270373 253784 35566.5 1070190
QhJs 0.270373 253784 35566.5 1070190
QdJh 0.270373 253784 35566.5 1070190
QsJh 0.270373 253784 35566.5 1070190
QhTs 0.263578 246512 35566.5 1070190
QdTd 0.263578 246512 35566.5 1070190
QdTh 0.263578 246512 35566.5 1070190
QhTh 0.263578 246512 35566.5 1070190
QsTd 0.263578 246512 35566.5 1070190
QhTd 0.263578 246512 35566.5 1070190
QdTs 0.263578 246512 35566.5 1070190
QsTh 0.263578 246512 35566.5 1070190
QsTs 0.263578 246512 35566.5 1070190
Qd9s 0.262724 250031 31134 1070190
Qd9h 0.262724 250031 31134 1070190
Qd9d 0.262724 250031 31134 1070190
Qs9s 0.262724 250031 31134 1070190
Qs9h 0.262724 250031 31134 1070190
Qs9d 0.262724 250031 31134 1070190
Qh9s 0.262724 250031 31134 1070190
Qh9h 0.262724 250031 31134 1070190
Qh9d 0.262724 250031 31134 1070190
Jh2s 0.257967 233310 42764 1070190
Jh2h 0.257967 233310 42764 1070190
Jh2d 0.257967 233310 42764 1070190
Js2s 0.257967 233310 42764 1070190
Js2h 0.257967 233310 42764 1070190
Jd2d 0.257967 233310 42764 1070190
Jd2h 0.257967 233310 42764 1070190
Jd2s 0.257967 233310 42764 1070190
Js2d 0.257967 233310 42764 1070190
Td2d 0.234766 208629 42615.5 1070190
Th2d 0.234766 208629 42615.5 1070190
Th2h 0.234766 208629 42615.5 1070190
Th2s 0.234766 208629 42615.5 1070190
Ts2d 0.234766 208629 42615.5 1070190
Ts2h 0.234766 208629 42615.5 1070190
Ts2s 0.234766 208629 42615.5 1070190
Td2s 0.234766 208629 42615.5 1070190
Td2h 0.234766 208629 42615.5 1070190
JsTs 0.233812 214805 35418 1070190
JsTh 0.233812 214805 35418 1070190
JsTd 0.233812 214805 35418 1070190
JdTs 0.233812 214805 35418 1070190
JdTh 0.233812 214805 35418 1070190
JhTd 0.233812 214805 35418 1070190
JhTh 0.233812 214805 35418 1070190
JhTs 0.233812 214805 35418 1070190
JdTd 0.233812 214805 35418 1070190
Js9d 0.232958 218324 30985.5 1070190
Jh9d 0.232958 218324 30985.5 1070190
Jh9h 0.232958 218324 30985.5 1070190
Jh9s 0.232958 218324 30985.5 1070190
Jd9d 0.232958 218324 30985.5 1070190
Jd9h 0.232958 218324 30985.5 1070190
Js9h 0.232958 218324 30985.5 1070190
Jd9s 0.232958 218324 30985.5 1070190
Js9s 0.232958 218324 30985.5 1070190
9d2h 0.222208 199770 38034.5 1070190
9d2s 0.222208 199770 38034.5 1070190
9d2d 0.222208 199770 38034.5 1070190
9s2d 0.222208 199770 38034.5 1070190
9h2d 0.222208 199770 38034.5 1070190
9h2h 0.222208 199770 38034.5 1070190
9h2s 0.222208 199770 38034.5 1070190
9s2h 0.222208 199770 38034.5 1070190
9s2s 0.222208 199770 38034.5 1070190
Td9s 0.20966 194171 30205.5 1070190
Ts9s 0.20966 194171 30205.5 1070190
Ts9h 0.20966 194171 30205.5 1070190
Ts9d 0.20966 194171 30205.5 1070190
Td9h 0.20966 194171 30205.5 1070190
Td9d 0.20966 194171 30205.5 1070190
Th9s 0.20966 194171 30205.5 1070190
Th9h 0.20966 194171 30205.5 1070190
Th9d 0.20966 194171 30205.5 1070190
