Ac7c 0.982449 1051407 0 1070190
Ac5c 0.982407 1051362 0 1070190
Ac8c 0.982213 1051155 0 1070190
Ac3c 0.982166 1051104 0 1070190
AcTc 0.981977 1050902 0 1070190
Ac2c 0.981925 1050846 0 1070190
AcQc 0.981695 1050600 0 1070190
AcJc 0.981695 1050600 0 1070190
AcKc 0.981689 1050594 0 1070190
Kc7c 0.965645 1033424 0 1070190
Kc5c 0.965603 1033379 0 1070190
Kc8c 0.965372 1033131 0 1070190
Kc3c 0.965324 1033080 0 1070190
KcTc 0.965132 1032875 0 1070190
Kc2c 0.965045 1032781 0 1070190
KcJc 0.964814 1032534 0 1070190
KcQc 0.964814 1032534 0 1070190
Qc7c 0.949764 1016428 0 1070190
Qc5c 0.949722 1016383 0 1070190
Qc8c 0.949529 1016176 0 1070190
Qc3c 0.949405 1016044 0 1070190
QcTc 0.949253 1015881 0 1070190
Qc2c 0.949088 1015705 0 1070190
QcJc 0.948936 1015542 0 1070190
Jc7c 0.934799 1000413 0 1070190
Jc5c 0.934757 1000368 0 1070190
Jc8c 0.934528 1000122 0 1070190
Jc3c 0.934404 999990 0 1070190
JcTc 0.934215 999788 0 1070190
Jc2c 0.934051 999612 0 1070190
Tc7c 0.927909 993039 0 1070190
Tc8c 0.927677 992791 0 1070190
8c7c 0.923586 988413 0 1070190
Tc5c 0.920954 985596 0 1070190
Tc3c 0.920752 985380 0 1070190
Tc2c 0.920364 984964 0 1070190
8c5c 0.916593 980929 0 1070190
7c5c 0.914687 978889 0 1070190
8c3c 0.907795 971513 0 1070190
8c2c 0.907595 971299 0 1070190
5c3c 0.906392 970012 0 1070190
7c3c 0.905891 969475 0 1070190
5c2c 0.896104 959002 0 1070190
7c2c 0.895521 958378 0 1070190
AdAc 0.882183 943788 315 1070190
AsAc 0.882183 943788 315 1070190
AhAc 0.882183 943788 315 1070190
3c2c 0.8781 931953 7780.5 1070190
KsKc 0.857465 917336 315 1070190
KdKc 0.857465 917336 315 1070190
KhKc 0.857465 917336 315 1070190
Ac9d 0.84992 907215 2361 1070190
Ac9h 0.84992 907215 2361 1070190
Ac9s 0.84992 907215 2361 1070190
QsQc 0.833017 891171 315 1070190
QhQc 0.833017 891171 315 1070190
QdQc 0.833017 891171 315 1070190
Kc9s 0.83211 887552 2964 1070190
Kc9h 0.83211 887552 2964 1070190
Kc9d 0.83211 887552 2964 1070190
9s9h 0.825691 867504 16142.5 1070190
9s9d 0.825691 867504 16142.5 1070190
9h9d 0.825691 867504 16142.5 1070190
6s6d 0.819865 861204 16207 1070190
6s6h 0.819865 861204 16207 1070190
6h6d 0.819865 861204 16207 1070190
Qc9d 0.81477 868464 3495 1070190
Qc9s 0.81477 868464 3495 1070190
Qc9h 0.81477 868464 3495 1070190
4s4h 0.813831 854691 16262.5 1070190
4s4d 0.813831 854691 16262.5 1070190
4h4d 0.813831 854691 16262.5 1070190
JdJc 0.808527 864963 315 1070190
JhJc 0.808527 864963 315 1070190
JsJc 0.808527 864963 315 1070190
Jc9h 0.797819 849864 3954 1070190
Jc9s 0.797819 849864 3954 1070190
Jc9d 0.797819 849864 3954 1070190
Ac6d 0.790997 844035 2482.5 1070190
Ac6h 0.790997 844035 2482.5 1070190
Ac6s 0.790997 844035 2482.5 1070190
TdTc 0.790482 845300 666 1070190
ThTc 0.790482 845300 666 1070190
TsTc 0.790482 845300 666 1070190
Tc9s 0.785393 835679 4840.5 1070190
Tc9h 0.785393 835679 4840.5 1070190
Tc9d 0.785393 835679 4840.5 1070190
Kc6d 0.773187 824372 3085.5 1070190
Kc6h 0.773187 824372 3085.5 1070190
Kc6s 0.773187 824372 3085.5 1070190
9s8c 0.764671 812688 5655 1070190
9d8c 0.764671 812688 5655 1070190
9h8c 0.764671 812688 5655 1070190
Qc6d 0.755848 805284 3616.5 1070190
Qc6h 0.755848 805284 3616.5 1070190
Qc6s 0.755848 805284 3616.5 1070190
9h7c 0.752518 798940 6397.5 1070190
9s7c 0.752518 798940 6397.5 1070190
9d7c 0.752518 798940 6397.5 1070190
9d6s 0.747996 781692 18805.5 1070190
9h6h 0.747996 781692 18805.5 1070190
9h6d 0.747996 781692 18805.5 1070190
9d6d 0.747996 781692 18805.5 1070190
9h6s 0.747996 781692 18805.5 1070190
9d6h 0.747996 781692 18805.5 1070190
9s6s 0.747996 781692 18805.5 1070190
9s6h 0.747996 781692 18805.5 1070190
9s6d 0.747996 781692 18805.5 1070190
Ac4h 0.74125 790143 3135 1070190
Ac4d 0.74125 790143 3135 1070190
Ac4s 0.74125 790143 3135 1070190
Jc6s 0.738896 786684 4075.5 1070190
Jc6h 0.738896 786684 4075.5 1070190
Jc6d 0.738896 786684 4075.5 1070190
9h4s 0.736259 766791 21145.5 1070190
9h4d 0.736259 766791 21145.5 1070190
9h4h 0.736259 766791 21145.5 1070190
9d4s 0.736259 766791 21145.5 1070190
9d4h 0.736259 766791 21145.5 1070190
9d4d 0.736259 766791 21145.5 1070190
9s4d 0.736259 766791 21145.5 1070190
9s4h 0.736259 766791 21145.5 1070190
9s4s 0.736259 766791 21145.5 1070190
9d5c 0.733367 776122 8719.5 1070190
9s5c 0.733367 776122 8719.5 1070190
9h5c 0.733367 776122 8719.5 1070190
Tc6s 0.727639 773750 4962 1070190
Tc6h 0.727639 773750 4962 1070190
Tc6d 0.727639 773750 4962 1070190
8d8c 0.724399 774228 1017 1070190
8s8c 0.724399 774228 1017 1070190
8h8c 0.724399 774228 1017 1070190
Kc4d 0.722405 769454 3657 1070190
Kc4s 0.722405 769454 3657 1070190
Kc4h 0.722405 769454 3657 1070190
6h4s 0.714641 743373 21429 1070190
6d4s 0.714641 743373 21429 1070190
6d4d 0.714641 743373 21429 1070190
6h4d 0.714641 743373 21429 1070190
6h4h 0.714641 743373 21429 1070190
6s4d 0.714641 743373 21429 1070190
6d4h 0.714641 743373 21429 1070190
6s4s 0.714641 743373 21429 1070190
6s4h 0.714641 743373 21429 1070190
8c6d 0.71078 752280 8389.5 1070190
8c6s 0.71078 752280 8389.5 1070190
8c6h 0.71078 752280 8389.5 1070190
7d7c 0.707418 755704 1368 1070190
7h7c 0.707418 755704 1368 1070190
7s7c 0.707418 755704 1368 1070190
9s3c 0.707379 738344 18685.5 1070190
9h3c 0.707379 738344 18685.5 1070190
9d3c 0.707379 738344 18685.5 1070190
Qc4d 0.704157 749475 4107 1070190
Qc4h 0.704157 749475 4107 1070190
Qc4s 0.704157 749475 4107 1070190
7c6d 0.699693 739312 9492 1070190
7c6h 0.699693 739312 9492 1070190
7c6s 0.699693 739312 9492 1070190
AsAh 0.696389 728811 16457.5 1070190
AsAd 0.696389 728811 16457.5 1070190
AhAd 0.696389 728811 16457.5 1070190
9d2c 0.691295 718819 20998 1070190
9h2c 0.691295 718819 20998 1070190
9s2c 0.691295 718819 20998 1070190
Jc4d 0.686424 730119 4485 1070190
Jc4h 0.686424 730119 4485 1070190
Jc4s 0.686424 730119 4485 1070190
KhKd 0.681714 713106 16457.5 1070190
KsKd 0.681714 713106 16457.5 1070190
KsKh 0.681714 713106 16457.5 1070190
AcKh 0.677573 720906 4225.5 1070190
AcKs 0.677573 720906 4225.5 1070190
AcKd 0.677573 720906 4225.5 1070190
6d5c 0.676891 714391 10011 1070190
6s5c 0.676891 714391 10011 1070190
6h5c 0.676891 714391 10011 1070190
Tc4h 0.674889 716969 5290.5 1070190
Tc4s 0.674889 716969 5290.5 1070190
Tc4d 0.674889 716969 5290.5 1070190
AcQd 0.671722 714645 4225.5 1070190
AcQh 0.671722 714645 4225.5 1070190
AcQs 0.671722 714645 4225.5 1070190
QhQd 0.667039 697401 16457.5 1070190
QsQd 0.667039 697401 16457.5 1070190
QsQh 0.667039 697401 16457.5 1070190
AcTs 0.666426 708522 4680 1070190
AcTh 0.666426 708522 4680 1070190
AcTd 0.666426 708522 4680 1070190
AcJs 0.665645 708141 4225.5 1070190
AcJd 0.665645 708141 4225.5 1070190
AcJh 0.665645 708141 4225.5 1070190
AdKc 0.663797 706271 4117.5 1070190
AsKc 0.663797 706271 4117.5 1070190
AhKc 0.663797 706271 4117.5 1070190
Ac7d 0.660368 698619 8100 1070190
Ac7h 0.660368 698619 8100 1070190
Ac7s 0.660368 698619 8100 1070190
Ac8d 0.659312 698268 7321.5 1070190
Ac8h 0.659312 698268 7321.5 1070190
Ac8s 0.659312 698268 7321.5 1070190
8c4s 0.65845 696129 8538 1070190
8c4h 0.65845 696129 8538 1070190
8c4d 0.65845 696129 8538 1070190
JhJd 0.651759 681048 16457.5 1070190
JsJd 0.651759 681048 16457.5 1070190
JsJh 0.651759 681048 16457.5 1070190
Ah9s 0.650259 676767 19133.5 1070190
Ah9h 0.650259 676767 19133.5 1070190
Ah9d 0.650259 676767 19133.5 1070190
As9d 0.650259 676767 19133.5 1070190
As9h 0.650259 676767 19133.5 1070190
As9s 0.650259 676767 19133.5 1070190
Ad9s 0.650259 676767 19133.5 1070190
Ad9h 0.650259 676767 19133.5 1070190
Ad9d 0.650259 676767 19133.5 1070190
6s3c 0.649558 675101 20049 1070190
6h3c 0.649558 675101 20049 1070190
6d3c 0.649558 675101 20049 1070190
7c4d 0.647927 683845 9559.5 1070190
7c4h 0.647927 683845 9559.5 1070190
7c4s 0.647927 683845 9559.5 1070190
Ac5s 0.646399 680328 11442 1070190
Ac5d 0.646399 680328 11442 1070190
Ac5h 0.646399 680328 11442 1070190
TsTh 0.645941 674411 16868.5 1070190
TsTd 0.645941 674411 16868.5 1070190
ThTd 0.645941 674411 16868.5 1070190
Kd9h 0.64477 670137 19889.5 1070190
Ks9s 0.64477 670137 19889.5 1070190
Kd9s 0.64477 670137 19889.5 1070190
Kh9d 0.64477 670137 19889.5 1070190
Kh9h 0.64477 670137 19889.5 1070190
Kh9s 0.64477 670137 19889.5 1070190
Kd9d 0.64477 670137 19889.5 1070190
Ks9h 0.64477 670137 19889.5 1070190
Ks9d 0.64477 670137 19889.5 1070190
AhQc 0.644699 685833 4117.5 1070190
AsQc 0.644699 685833 4117.5 1070190
AdQc 0.644699 685833 4117.5 1070190
Qs9d 0.639534 663867 20555.5 1070190
Qs9s 0.639534 663867 20555.5 1070190
Qs9h 0.639534 663867 20555.5 1070190
Qh9s 0.639534 663867 20555.5 1070190
Qh9h 0.639534 663867 20555.5 1070190
Qh9d 0.639534 663867 20555.5 1070190
Qd9s 0.639534 663867 20555.5 1070190
Qd9h 0.639534 663867 20555.5 1070190
Qd9d 0.639534 663867 20555.5 1070190
Ts9s 0.635985 658367 22258 1070190
Ts9h 0.635985 658367 22258 1070190
Td9d 0.635985 658367 22258 1070190
Ts9d 0.635985 658367 22258 1070190
Th9s 0.635985 658367 22258 1070190
Th9h 0.635985 658367 22258 1070190
Th9d 0.635985 658367 22258 1070190
Td9s 0.635985 658367 22258 1070190
Td9h 0.635985 658367 22258 1070190
Jd9h 0.634247 657633 21131.5 1070190
Jd9s 0.634247 657633 21131.5 1070190
Jh9d 0.634247 657633 21131.5 1070190
Jh9h 0.634247 657633 21131.5 1070190
Jh9s 0.634247 657633 21131.5 1070190
Js9d 0.634247 657633 21131.5 1070190
Js9h 0.634247 657633 21131.5 1070190
Js9s 0.634247 657633 21131.5 1070190
Jd9d 0.634247 657633 21131.5 1070190
Ac3d 0.632743 665700 11455.5 1070190
Ac3h 0.632743 665700 11455.5 1070190
Ac3s 0.632743 665700 11455.5 1070190
6d2c 0.632549 654586 22361.5 1070190
6s2c 0.632549 654586 22361.5 1070190
6h2c 0.632549 654586 22361.5 1070190
5s5c 0.632025 674920 1467 1070190
5d5c 0.632025 674920 1467 1070190
5h5c 0.632025 674920 1467 1070190
5c4h 0.629603 663193 10602 1070190
5c4s 0.629603 663193 10602 1070190
5c4d 0.629603 663193 10602 1070190
9s7d 0.62655 646287 24241 1070190
9s7h 0.62655 646287 24241 1070190
9d7s 0.62655 646287 24241 1070190
9h7d 0.62655 646287 24241 1070190
9d7h 0.62655 646287 24241 1070190
9h7h 0.62655 646287 24241 1070190
9h7s 0.62655 646287 24241 1070190
9d7d 0.62655 646287 24241 1070190
9s7s 0.62655 646287 24241 1070190
AdJc 0.625788 665595 4117.5 1070190
AhJc 0.625788 665595 4117.5 1070190
AsJc 0.625788 665595 4117.5 1070190
9h8s 0.625583 646198 23294.5 1070190
9d8s 0.625583 646198 23294.5 1070190
9h8h 0.625583 646198 23294.5 1070190
9s8s 0.625583 646198 23294.5 1070190
9s8h 0.625583 646198 23294.5 1070190
9d8h 0.625583 646198 23294.5 1070190
9d8d 0.625583 646198 23294.5 1070190
9s8d 0.625583 646198 23294.5 1070190
9h8d 0.625583 646198 23294.5 1070190
Ac2h 0.625299 658188 11001 1070190
Ac2s 0.625299 658188 11001 1070190
Ac2d 0.625299 658188 11001 1070190
KcQs 0.62489 664688 4063.5 1070190
KcQd 0.62489 664688 4063.5 1070190
KcQh 0.62489 664688 4063.5 1070190
KcTh 0.619686 658664 4518 1070190
KcTs 0.619686 658664 4518 1070190
KcTd 0.619686 658664 4518 1070190
KcJd 0.618813 658184 4063.5 1070190
KcJh 0.618813 658184 4063.5 1070190
KcJs 0.618813 658184 4063.5 1070190
9s5h 0.616254 631839 27670 1070190
9s5s 0.616254 631839 27670 1070190
9d5d 0.616254 631839 27670 1070190
9s5d 0.616254 631839 27670 1070190
9d5h 0.616254 631839 27670 1070190
9d5s 0.616254 631839 27670 1070190
9h5d 0.616254 631839 27670 1070190
9h5s 0.616254 631839 27670 1070190
9h5h 0.616254 631839 27670 1070190
AdTc 0.613089 651518 4603.5 1070190
AsTc 0.613089 651518 4603.5 1070190
AhTc 0.613089 651518 4603.5 1070190
KdQc 0.611378 650322 3969 1070190
KhQc 0.611378 650322 3969 1070190
KsQc 0.611378 650322 3969 1070190
Kc7d 0.608759 643550 7938 1070190
Kc7h 0.608759 643550 7938 1070190
Kc7s 0.608759 643550 7938 1070190
9s3d 0.608435 623479 27662.5 1070190
9d3s 0.608435 623479 27662.5 1070190
9s3h 0.608435 623479 27662.5 1070190
9d3h 0.608435 623479 27662.5 1070190
9d3d 0.608435 623479 27662.5 1070190
9h3d 0.608435 623479 27662.5 1070190
9s3s 0.608435 623479 27662.5 1070190
9h3h 0.608435 623479 27662.5 1070190
9h3s 0.608435 623479 27662.5 1070190
Kc8d 0.607359 642830 7159.5 1070190
Kc8h 0.607359 642830 7159.5 1070190
Kc8s 0.607359 642830 7159.5 1070190
9d2s 0.603033 618338 27022 1070190
9d2h 0.603033 618338 27022 1070190
9d2d 0.603033 618338 27022 1070190
9s2d 0.603033 618338 27022 1070190
9s2s 0.603033 618338 27022 1070190
9s2h 0.603033 618338 27022 1070190
9h2s 0.603033 618338 27022 1070190
9h2h 0.603033 618338 27022 1070190
9h2d 0.603033 618338 27022 1070190
4s3c 0.596411 618176 20097 1070190
4d3c 0.596411 618176 20097 1070190
4h3c 0.596411 618176 20097 1070190
Kc5d 0.594791 625259 11280 1070190
Kc5h 0.594791 625259 11280 1070190
Kc5s 0.594791 625259 11280 1070190
KsJc 0.592468 630084 3969 1070190
KdJc 0.592468 630084 3969 1070190
KhJc 0.592468 630084 3969 1070190
Ad8c 0.590633 625098 6991.5 1070190
As8c 0.590633 625098 6991.5 1070190
Ah8c 0.590633 625098 6991.5 1070190
Kc3s 0.58079 610262 11293.5 1070190
Kc3h 0.58079 610262 11293.5 1070190
Kc3d 0.58079 610262 11293.5 1070190
KsTc 0.579869 616115 4455 1070190
KhTc 0.579869 616115 4455 1070190
KdTc 0.579869 616115 4455 1070190
Ad7c 0.57897 611833 7774.5 1070190
As7c 0.57897 611833 7774.5 1070190
Ah7c 0.57897 611833 7774.5 1070190
QcTs 0.57874 615006 4356 1070190
QcTh 0.57874 615006 4356 1070190
QcTd 0.57874 615006 4356 1070190
4d2c 0.578401 596626 22373.5 1070190
4h2c 0.578401 596626 22373.5 1070190
4s2c 0.578401 596626 22373.5 1070190
QcJs 0.578128 614805 3901.5 1070190
QcJh 0.578128 614805 3901.5 1070190
QcJd 0.578128 614805 3901.5 1070190
8c7s 0.574245 607338 7213.5 1070190
8c7h 0.574245 607338 7213.5 1070190
8c7d 0.574245 607338 7213.5 1070190
Kc2s 0.573001 602381 10839 1070190
Kc2h 0.573001 602381 10839 1070190
Kc2d 0.573001 602381 10839 1070190
8h8d 0.572192 595075 17279.5 1070190
8s8d 0.572192 595075 17279.5 1070190
8s8h 0.572192 595075 17279.5 1070190
7h7d 0.566924 589026 17690.5 1070190
7s7h 0.566924 589026 17690.5 1070190
7s7d 0.566924 589026 17690.5 1070190
Ah6h 0.566914 587469 19237 1070190
Ah6s 0.566914 587469 19237 1070190
Ad6s 0.566914 587469 19237 1070190
Ah6d 0.566914 587469 19237 1070190
Ad6h 0.566914 587469 19237 1070190
Ad6d 0.566914 587469 19237 1070190
As6d 0.566914 587469 19237 1070190
As6h 0.566914 587469 19237 1070190
As6s 0.566914 587469 19237 1070190
Qc8s 0.566497 599262 6997.5 1070190
Qc8h 0.566497 599262 6997.5 1070190
Qc8d 0.566497 599262 6997.5 1070190
QhJc 0.565009 600846 3820.5 1070190
QsJc 0.565009 600846 3820.5 1070190
QdJc 0.565009 600846 3820.5 1070190
8h7c 0.561861 594229 7069.5 1070190
8s7c 0.561861 594229 7069.5 1070190
8d7c 0.561861 594229 7069.5 1070190
Qc7d 0.561859 593520 7776 1070190
Qc7h 0.561859 593520 7776 1070190
Qc7s 0.561859 593520 7776 1070190
Kh6h 0.561426 580839 19993 1070190
Kd6s 0.561426 580839 19993 1070190
Kd6h 0.561426 580839 19993 1070190
Kd6d 0.561426 580839 19993 1070190
Ks6d 0.561426 580839 19993 1070190
Kh6s 0.561426 580839 19993 1070190
Kh6d 0.561426 580839 19993 1070190
Ks6s 0.561426 580839 19993 1070190
Ks6h 0.561426 580839 19993 1070190
Qs6d 0.556189 574569 20659 1070190
Qs6h 0.556189 574569 20659 1070190
Qd6s 0.556189 574569 20659 1070190
Qd6h 0.556189 574569 20659 1070190
Qd6d 0.556189 574569 20659 1070190
Qh6s 0.556189 574569 20659 1070190
Qs6s 0.556189 574569 20659 1070190
Qh6h 0.556189 574569 20659 1070190
Qh6d 0.556189 574569 20659 1070190
Ts6h 0.554337 570884 22361.5 1070190
Ts6d 0.554337 570884 22361.5 1070190
Ts6s 0.554337 570884 22361.5 1070190
Td6s 0.554337 570884 22361.5 1070190
Th6h 0.554337 570884 22361.5 1070190
Th6d 0.554337 570884 22361.5 1070190
Th6s 0.554337 570884 22361.5 1070190
Td6d 0.554337 570884 22361.5 1070190
Td6h 0.554337 570884 22361.5 1070190
7h6h 0.552476 562482 28772.5 1070190
7h6s 0.552476 562482 28772.5 1070190
7h6d 0.552476 562482 28772.5 1070190
7d6s 0.552476 562482 28772.5 1070190
7d6h 0.552476 562482 28772.5 1070190
7d6d 0.552476 562482 28772.5 1070190
7s6d 0.552476 562482 28772.5 1070190
7s6h 0.552476 562482 28772.5 1070190
7s6s 0.552476 562482 28772.5 1070190
Kh8c 0.552174 584088 6843 1070190
Kd8c 0.552174 584088 6843 1070190
Ks8c 0.552174 584088 6843 1070190
QdTc 0.552166 586616 4306.5 1070190
QhTc 0.552166 586616 4306.5 1070190
QsTc 0.552166 586616 4306.5 1070190
Tc8s 0.552124 584312 6565.5 1070190
Tc8h 0.552124 584312 6565.5 1070190
Tc8d 0.552124 584312 6565.5 1070190
Ah5c 0.551234 579277 10648.5 1070190
As5c 0.551234 579277 10648.5 1070190
Ad5c 0.551234 579277 10648.5 1070190
Jh6h 0.550902 568335 21235 1070190
Jh6s 0.550902 568335 21235 1070190
Jh6d 0.550902 568335 21235 1070190
Js6d 0.550902 568335 21235 1070190
Js6h 0.550902 568335 21235 1070190
Js6s 0.550902 568335 21235 1070190
Jd6d 0.550902 568335 21235 1070190
Jd6h 0.550902 568335 21235 1070190
Jd6s 0.550902 568335 21235 1070190
8h6d 0.549872 561199 27268 1070190
8h6h 0.549872 561199 27268 1070190
8d6h 0.549872 561199 27268 1070190
8d6s 0.549872 561199 27268 1070190
8d6d 0.549872 561199 27268 1070190
8h6s 0.549872 561199 27268 1070190
8s6s 0.549872 561199 27268 1070190
8s6h 0.549872 561199 27268 1070190
8s6d 0.549872 561199 27268 1070190
Qc5d 0.547991 575337 11118 1070190
Qc5h 0.547991 575337 11118 1070190
Qc5s 0.547991 575337 11118 1070190
Tc7s 0.547138 578522 7020 1070190
Tc7d 0.547138 578522 7020 1070190
Tc7h 0.547138 578522 7020 1070190
Kd7c 0.540864 571201 7626 1070190
Ks7c 0.540864 571201 7626 1070190
Kh7c 0.540864 571201 7626 1070190
3s3c 0.540568 566603 11907 1070190
3d3c 0.540568 566603 11907 1070190
3h3c 0.540568 566603 11907 1070190
7c5d 0.538962 567046 9745.5 1070190
7c5h 0.538962 567046 9745.5 1070190
7c5s 0.538962 567046 9745.5 1070190
6h5h 0.53712 545268 29552.5 1070190
6d5d 0.53712 545268 29552.5 1070190
6h5s 0.53712 545268 29552.5 1070190
6h5d 0.53712 545268 29552.5 1070190
6d5s 0.53712 545268 29552.5 1070190
6d5h 0.53712 545268 29552.5 1070190
6s5d 0.53712 545268 29552.5 1070190
6s5h 0.53712 545268 29552.5 1070190
6s5s 0.53712 545268 29552.5 1070190
Td8c 0.537094 568566 6226.5 1070190
Ts8c 0.537094 568566 6226.5 1070190
Th8c 0.537094 568566 6226.5 1070190
JcTs 0.536699 570630 3739.5 1070190
JcTh 0.536699 570630 3739.5 1070190
JcTd 0.536699 570630 3739.5 1070190
Qc3h 0.533772 560106 11131.5 1070190
Qc3d 0.533772 560106 11131.5 1070190
Qc3s 0.533772 560106 11131.5 1070190
6d3d 0.527314 534715 29611 1070190
6h3d 0.527314 534715 29611 1070190
6h3h 0.527314 534715 29611 1070190
6h3s 0.527314 534715 29611 1070190
6d3s 0.527314 534715 29611 1070190
6d3h 0.527314 534715 29611 1070190
6s3s 0.527314 534715 29611 1070190
6s3d 0.527314 534715 29611 1070190
6s3h 0.527314 534715 29611 1070190
7d5c 0.525844 553519 9234 1070190
7s5c 0.525844 553519 9234 1070190
7h5c 0.525844 553519 9234 1070190
Qc2d 0.525765 551991 10677 1070190
Qc2h 0.525765 551991 10677 1070190
Qc2s 0.525765 551991 10677 1070190
Qs8c 0.52458 554706 6694.5 1070190
Qh8c 0.52458 554706 6694.5 1070190
Qd8c 0.52458 554706 6694.5 1070190
Jc8s 0.524548 554985 6381 1070190
Jc8h 0.524548 554985 6381 1070190
Jc8d 0.524548 554985 6381 1070190
JhTc 0.522991 556028 3672 1070190
JsTc 0.522991 556028 3672 1070190
JdTc 0.522991 556028 3672 1070190
6d2s 0.520563 528131 28970.5 1070190
6d2d 0.520563 528131 28970.5 1070190
6d2h 0.520563 528131 28970.5 1070190
6s2s 0.520563 528131 28970.5 1070190
6s2h 0.520563 528131 28970.5 1070190
6h2d 0.520563 528131 28970.5 1070190
6s2d 0.520563 528131 28970.5 1070190
6h2s 0.520563 528131 28970.5 1070190
6h2h 0.520563 528131 28970.5 1070190
Jc7s 0.520003 549342 7159.5 1070190
Jc7d 0.520003 549342 7159.5 1070190
Jc7h 0.520003 549342 7159.5 1070190
Ts7c 0.519586 549343 6712.5 1070190
Td7c 0.519586 549343 6712.5 1070190
Th7c 0.519586 549343 6712.5 1070190
Ah3c 0.514621 530159 20583 1070190
Ad3c 0.514621 530159 20583 1070190
As3c 0.514621 530159 20583 1070190
Kd5c 0.513129 538645 10500 1070190
Ks5c 0.513129 538645 10500 1070190
Kh5c 0.513129 538645 10500 1070190
2d2c 0.510472 531934 14368 1070190
2h2c 0.510472 531934 14368 1070190
2s2c 0.510472 531934 14368 1070190
Qd7c 0.507207 535330 7477.5 1070190
Qs7c 0.507207 535330 7477.5 1070190
Qh7c 0.507207 535330 7477.5 1070190
Jc5d 0.505618 530151 10956 1070190
Jc5h 0.505618 530151 10956 1070190
Jc5s 0.505618 530151 10956 1070190
5c3s 0.503335 529822 8842.5 1070190
5c3d 0.503335 529822 8842.5 1070190
5c3h 0.503335 529822 8842.5 1070190
8c5s 0.49665 521463 10047 1070190
8c5d 0.49665 521463 10047 1070190
8c5h 0.49665 521463 10047 1070190
As4h 0.496312 511329 19819 1070190
Ah4d 0.496312 511329 19819 1070190
Ad4d 0.496312 511329 19819 1070190
As4s 0.496312 511329 19819 1070190
Ad4h 0.496312 511329 19819 1070190
Ad4s 0.496312 511329 19819 1070190
Ah4s 0.496312 511329 19819 1070190
Ah4h 0.496312 511329 19819 1070190
As4d 0.496312 511329 19819 1070190
Jd8c 0.495506 524226 6060 1070190
Jh8c 0.495506 524226 6060 1070190
Js8c 0.495506 524226 6060 1070190
As2c 0.494454 506251 22909 1070190
Ah2c 0.494454 506251 22909 1070190
Ad2c 0.494454 506251 22909 1070190
Jc3s 0.491306 514821 10969.5 1070190
Jc3h 0.491306 514821 10969.5 1070190
Jc3d 0.491306 514821 10969.5 1070190
Kd4d 0.489801 503691 20489.5 1070190
Ks4s 0.489801 503691 20489.5 1070190
Ks4h 0.489801 503691 20489.5 1070190
Ks4d 0.489801 503691 20489.5 1070190
Kh4d 0.489801 503691 20489.5 1070190
Kh4h 0.489801 503691 20489.5 1070190
Kh4s 0.489801 503691 20489.5 1070190
Kd4h 0.489801 503691 20489.5 1070190
Kd4s 0.489801 503691 20489.5 1070190
Qd4d 0.483669 496548 21070 1070190
Qh4s 0.483669 496548 21070 1070190
Qh4h 0.483669 496548 21070 1070190
Qs4s 0.483669 496548 21070 1070190
Qs4h 0.483669 496548 21070 1070190
Qs4d 0.483669 496548 21070 1070190
Qd4h 0.483669 496548 21070 1070190
Qh4d 0.483669 496548 21070 1070190
Qd4s 0.483669 496548 21070 1070190
Jc2d 0.483206 506607 10515 1070190
Jc2h 0.483206 506607 10515 1070190
Jc2s 0.483206 506607 10515 1070190
7h4s 0.481052 486132 28685.5 1070190
7d4d 0.481052 486132 28685.5 1070190
7d4h 0.481052 486132 28685.5 1070190
7h4d 0.481052 486132 28685.5 1070190
7h4h 0.481052 486132 28685.5 1070190
7s4d 0.481052 486132 28685.5 1070190
7s4h 0.481052 486132 28685.5 1070190
7d4s 0.481052 486132 28685.5 1070190
7s4s 0.481052 486132 28685.5 1070190
5s3c 0.481006 496109 18658.5 1070190
5h3c 0.481006 496109 18658.5 1070190
5d3c 0.481006 496109 18658.5 1070190
Ts4h 0.480967 492125 22601.5 1070190
Td4d 0.480967 492125 22601.5 1070190
Td4h 0.480967 492125 22601.5 1070190
Td4s 0.480967 492125 22601.5 1070190
Ts4d 0.480967 492125 22601.5 1070190
Ts4s 0.480967 492125 22601.5 1070190
Th4s 0.480967 492125 22601.5 1070190
Th4d 0.480967 492125 22601.5 1070190
Th4h 0.480967 492125 22601.5 1070190
5h5d 0.480814 496782 17780.5 1070190
5s5d 0.480814 496782 17780.5 1070190
5s5h 0.480814 496782 17780.5 1070190
Qh5c 0.479564 502873 10351.5 1070190
Qs5c 0.479564 502873 10351.5 1070190
Qd5c 0.479564 502873 10351.5 1070190
Jd7c 0.478234 504958 6843 1070190
Jh7c 0.478234 504958 6843 1070190
Js7c 0.478234 504958 6843 1070190
Jh4h 0.477613 489576 21560.5 1070190
Jh4d 0.477613 489576 21560.5 1070190
Jh4s 0.477613 489576 21560.5 1070190
Jd4h 0.477613 489576 21560.5 1070190
Jd4d 0.477613 489576 21560.5 1070190
Jd4s 0.477613 489576 21560.5 1070190
Js4s 0.477613 489576 21560.5 1070190
Js4h 0.477613 489576 21560.5 1070190
Js4d 0.477613 489576 21560.5 1070190
8d4d 0.477423 483667 27266.5 1070190
8s4s 0.477423 483667 27266.5 1070190
8s4h 0.477423 483667 27266.5 1070190
8s4d 0.477423 483667 27266.5 1070190
8h4s 0.477423 483667 27266.5 1070190
8h4h 0.477423 483667 27266.5 1070190
8h4d 0.477423 483667 27266.5 1070190
8d4s 0.477423 483667 27266.5 1070190
8d4h 0.477423 483667 27266.5 1070190
Kh3c 0.476162 489149 20434.5 1070190
Kd3c 0.476162 489149 20434.5 1070190
Ks3c 0.476162 489149 20434.5 1070190
5s4h 0.472609 475527 30254.5 1070190
5s4d 0.472609 475527 30254.5 1070190
5s4s 0.472609 475527 30254.5 1070190
5h4s 0.472609 475527 30254.5 1070190
5d4d 0.472609 475527 30254.5 1070190
5d4h 0.472609 475527 30254.5 1070190
5h4h 0.472609 475527 30254.5 1070190
5h4d 0.472609 475527 30254.5 1070190
5d4s 0.472609 475527 30254.5 1070190
8d5c 0.470758 494287 9513 1070190
8s5c 0.470758 494287 9513 1070190
8h5c 0.470758 494287 9513 1070190
Tc5d 0.469711 491963 10717.5 1070190
Tc5s 0.469711 491963 10717.5 1070190
Tc5h 0.469711 491963 10717.5 1070190
7c3d 0.464447 487216 9831 1070190
7c3h 0.464447 487216 9831 1070190
7c3s 0.464447 487216 9831 1070190
Tc3d 0.461425 482681 11131.5 1070190
Tc3h 0.461425 482681 11131.5 1070190
Tc3s 0.461425 482681 11131.5 1070190
Ks2c 0.455642 464863 22760.5 1070190
Kh2c 0.455642 464863 22760.5 1070190
Kd2c 0.455642 464863 22760.5 1070190
4s3d 0.454439 456709 29627.5 1070190
4s3h 0.454439 456709 29627.5 1070190
4s3s 0.454439 456709 29627.5 1070190
4h3s 0.454439 456709 29627.5 1070190
4h3h 0.454439 456709 29627.5 1070190
4h3d 0.454439 456709 29627.5 1070190
4d3s 0.454439 456709 29627.5 1070190
4d3h 0.454439 456709 29627.5 1070190
4d3d 0.454439 456709 29627.5 1070190
Tc2s 0.453359 474503 10677 1070190
Tc2d 0.453359 474503 10677 1070190
Tc2h 0.453359 474503 10677 1070190
Jd5c 0.450036 471421 10203 1070190
Js5c 0.450036 471421 10203 1070190
Jh5c 0.450036 471421 10203 1070190
4d2d 0.446223 448610 28933 1070190
4s2d 0.446223 448610 28933 1070190
4s2h 0.446223 448610 28933 1070190
4s2s 0.446223 448610 28933 1070190
4h2s 0.446223 448610 28933 1070190
4h2h 0.446223 448610 28933 1070190
4h2d 0.446223 448610 28933 1070190
4d2s 0.446223 448610 28933 1070190
4d2h 0.446223 448610 28933 1070190
Qs3c 0.44237 453134 20286 1070190
Qd3c 0.44237 453134 20286 1070190
Qh3c 0.44237 453134 20286 1070190
5c2s 0.433256 455068 8598 1070190
5c2h 0.433256 455068 8598 1070190
5c2d 0.433256 455068 8598 1070190
7h3c 0.428333 439163 19234.5 1070190
7d3c 0.428333 439163 19234.5 1070190
7s3c 0.428333 439163 19234.5 1070190
Td5c 0.427447 447526 9924 1070190
Ts5c 0.427447 447526 9924 1070190
Th5c 0.427447 447526 9924 1070190
Qh2c 0.421623 428605 22612 1070190
Qs2c 0.421623 428605 22612 1070190
Qd2c 0.421623 428605 22612 1070190
8c3d 0.421051 440058 10546.5 1070190
8c3h 0.421051 440058 10546.5 1070190
8c3s 0.421051 440058 10546.5 1070190
8c2h 0.419187 438063 10546.5 1070190
8c2s 0.419187 438063 10546.5 1070190
8c2d 0.419187 438063 10546.5 1070190
AsKh 0.41657 425288 20521 1070190
AhKh 0.41657 425288 20521 1070190
AsKs 0.41657 425288 20521 1070190
AhKd 0.41657 425288 20521 1070190
AhKs 0.41657 425288 20521 1070190
AdKd 0.41657 425288 20521 1070190
AdKh 0.41657 425288 20521 1070190
AdKs 0.41657 425288 20521 1070190
AsKd 0.41657 425288 20521 1070190
Jh3c 0.412741 421574 20137.5 1070190
Jd3c 0.412741 421574 20137.5 1070190
Js3c 0.412741 421574 20137.5 1070190
AsQh 0.409699 417935 20521 1070190
AsQd 0.409699 417935 20521 1070190
AsQs 0.409699 417935 20521 1070190
AdQs 0.409699 417935 20521 1070190
AdQh 0.409699 417935 20521 1070190
AdQd 0.409699 417935 20521 1070190
AhQs 0.409699 417935 20521 1070190
AhQh 0.409699 417935 20521 1070190
AhQd 0.409699 417935 20521 1070190
AhTh 0.404915 412184 21152.5 1070190
AhTs 0.404915 412184 21152.5 1070190
AsTd 0.404915 412184 21152.5 1070190
AsTh 0.404915 412184 21152.5 1070190
AsTs 0.404915 412184 21152.5 1070190
AhTd 0.404915 412184 21152.5 1070190
AdTs 0.404915 412184 21152.5 1070190
AdTh 0.404915 412184 21152.5 1070190
AdTd 0.404915 412184 21152.5 1070190
AdJd 0.402526 410258 20521 1070190
AhJh 0.402526 410258 20521 1070190
AsJs 0.402526 410258 20521 1070190
AsJh 0.402526 410258 20521 1070190
AsJd 0.402526 410258 20521 1070190
AhJs 0.402526 410258 20521 1070190
AhJd 0.402526 410258 20521 1070190
AdJs 0.402526 410258 20521 1070190
AdJh 0.402526 410258 20521 1070190
Ah7s 0.398754 401705 25037.5 1070190
Ah7h 0.398754 401705 25037.5 1070190
Ah7d 0.398754 401705 25037.5 1070190
As7s 0.398754 401705 25037.5 1070190
As7h 0.398754 401705 25037.5 1070190
As7d 0.398754 401705 25037.5 1070190
Ad7d 0.398754 401705 25037.5 1070190
Ad7h 0.398754 401705 25037.5 1070190
Ad7s 0.398754 401705 25037.5 1070190
5d2c 0.39807 404797 21214 1070190
5s2c 0.39807 404797 21214 1070190
5h2c 0.39807 404797 21214 1070190
Ad8s 0.396199 399953 24055 1070190
As8s 0.396199 399953 24055 1070190
Ah8d 0.396199 399953 24055 1070190
Ah8h 0.396199 399953 24055 1070190
As8h 0.396199 399953 24055 1070190
Ah8s 0.396199 399953 24055 1070190
Ad8d 0.396199 399953 24055 1070190
As8d 0.396199 399953 24055 1070190
Ad8h 0.396199 399953 24055 1070190
Td3c 0.396153 403664 20295 1070190
Ts3c 0.396153 403664 20295 1070190
Th3c 0.396153 403664 20295 1070190
7c2h 0.392564 410674 9444 1070190
7c2d 0.392564 410674 9444 1070190
7c2s 0.392564 410674 9444 1070190
3c2s 0.391933 403010 16432.5 1070190
3c2h 0.391933 403010 16432.5 1070190
3c2d 0.391933 403010 16432.5 1070190
Js2c 0.391893 396937 22463.5 1070190
Jd2c 0.391893 396937 22463.5 1070190
Jh2c 0.391893 396937 22463.5 1070190
8d7s 0.39012 393556 23946.5 1070190
8d7h 0.39012 393556 23946.5 1070190
8h7s 0.39012 393556 23946.5 1070190
8h7h 0.39012 393556 23946.5 1070190
8h7d 0.39012 393556 23946.5 1070190
8d7d 0.39012 393556 23946.5 1070190
8s7d 0.39012 393556 23946.5 1070190
8s7h 0.39012 393556 23946.5 1070190
8s7s 0.39012 393556 23946.5 1070190
3h3d 0.38562 394552 18134.5 1070190
3s3h 0.38562 394552 18134.5 1070190
3s3d 0.38562 394552 18134.5 1070190
Ah5s 0.380003 377786 28889.5 1070190
Ad5d 0.380003 377786 28889.5 1070190
Ad5h 0.380003 377786 28889.5 1070190
Ad5s 0.380003 377786 28889.5 1070190
As5h 0.380003 377786 28889.5 1070190
As5d 0.380003 377786 28889.5 1070190
As5s 0.380003 377786 28889.5 1070190
Ah5d 0.380003 377786 28889.5 1070190
Ah5h 0.380003 377786 28889.5 1070190
3s2c 0.379523 386929 19232.5 1070190
3d2c 0.379523 386929 19232.5 1070190
3h2c 0.379523 386929 19232.5 1070190
Ts2c 0.375331 379054 22621 1070190
Th2c 0.375331 379054 22621 1070190
Td2c 0.375331 379054 22621 1070190
8s3c 0.371246 377423 19881 1070190
8h3c 0.371246 377423 19881 1070190
8d3c 0.371246 377423 19881 1070190
KsQh 0.369127 374663 20372.5 1070190
KhQh 0.369127 374663 20372.5 1070190
KhQs 0.369127 374663 20372.5 1070190
KsQs 0.369127 374663 20372.5 1070190
KdQd 0.369127 374663 20372.5 1070190
KhQd 0.369127 374663 20372.5 1070190
KdQh 0.369127 374663 20372.5 1070190
KsQd 0.369127 374663 20372.5 1070190
KdQs 0.369127 374663 20372.5 1070190
KhTs 0.364469 369047 21004 1070190
KhTd 0.364469 369047 21004 1070190
KhTh 0.364469 369047 21004 1070190
KsTs 0.364469 369047 21004 1070190
KdTh 0.364469 369047 21004 1070190
KdTd 0.364469 369047 21004 1070190
KdTs 0.364469 369047 21004 1070190
KsTh 0.364469 369047 21004 1070190
KsTd 0.364469 369047 21004 1070190
KsJs 0.361953 366986 20372.5 1070190
KsJh 0.361953 366986 20372.5 1070190
KhJs 0.361953 366986 20372.5 1070190
KsJd 0.361953 366986 20372.5 1070190
KdJd 0.361953 366986 20372.5 1070190
KdJh 0.361953 366986 20372.5 1070190
KdJs 0.361953 366986 20372.5 1070190
KhJh 0.361953 366986 20372.5 1070190
KhJd 0.361953 366986 20372.5 1070190
2h2d 0.361342 368981 17723.5 1070190
2s2d 0.361342 368981 17723.5 1070190
2s2h 0.361342 368981 17723.5 1070190
7d5s 0.36108 359452 26972 1070190
7d5h 0.36108 359452 26972 1070190
7h5d 0.36108 359452 26972 1070190
7h5h 0.36108 359452 26972 1070190
7h5s 0.36108 359452 26972 1070190
7d5d 0.36108 359452 26972 1070190
7s5d 0.36108 359452 26972 1070190
7s5s 0.36108 359452 26972 1070190
7s5h 0.36108 359452 26972 1070190
Ah3s 0.36027 356744 28813 1070190
As3s 0.36027 356744 28813 1070190
Ah3d 0.36027 356744 28813 1070190
As3h 0.36027 356744 28813 1070190
Ah3h 0.36027 356744 28813 1070190
Ad3s 0.36027 356744 28813 1070190
Ad3h 0.36027 356744 28813 1070190
As3d 0.36027 356744 28813 1070190
Ad3d 0.36027 356744 28813 1070190
8d2c 0.356596 358933 22693 1070190
8h2c 0.356596 358933 22693 1070190
8s2c 0.356596 358933 22693 1070190
Kd7h 0.351151 350909 24889 1070190
Ks7h 0.351151 350909 24889 1070190
Ks7d 0.351151 350909 24889 1070190
Ks7s 0.351151 350909 24889 1070190
Kh7d 0.351151 350909 24889 1070190
Kh7s 0.351151 350909 24889 1070190
Kd7s 0.351151 350909 24889 1070190
Kh7h 0.351151 350909 24889 1070190
Kd7d 0.351151 350909 24889 1070190
Ad2s 0.349722 346088 28181.5 1070190
As2h 0.349722 346088 28181.5 1070190
Ah2d 0.349722 346088 28181.5 1070190
Ah2h 0.349722 346088 28181.5 1070190
Ah2s 0.349722 346088 28181.5 1070190
As2d 0.349722 346088 28181.5 1070190
Ad2d 0.349722 346088 28181.5 1070190
Ad2h 0.349722 346088 28181.5 1070190
As2s 0.349722 346088 28181.5 1070190
Kd8h 0.348116 348644 23906.5 1070190
Ks8s 0.348116 348644 23906.5 1070190
Kd8s 0.348116 348644 23906.5 1070190
Kd8d 0.348116 348644 23906.5 1070190
Ks8h 0.348116 348644 23906.5 1070190
Kh8s 0.348116 348644 23906.5 1070190
Kh8d 0.348116 348644 23906.5 1070190
Kh8h 0.348116 348644 23906.5 1070190
Ks8d 0.348116 348644 23906.5 1070190
7d2c 0.342561 344971 21634 1070190
7s2c 0.342561 344971 21634 1070190
7h2c 0.342561 344971 21634 1070190
Ts8h 0.337339 337896 23121 1070190
Td8d 0.337339 337896 23121 1070190
Ts8s 0.337339 337896 23121 1070190
Td8h 0.337339 337896 23121 1070190
Ts8d 0.337339 337896 23121 1070190
Td8s 0.337339 337896 23121 1070190
Th8s 0.337339 337896 23121 1070190
Th8h 0.337339 337896 23121 1070190
Th8d 0.337339 337896 23121 1070190
Kh5s 0.3324 326990 28741 1070190
Ks5d 0.3324 326990 28741 1070190
Ks5h 0.3324 326990 28741 1070190
Kh5h 0.3324 326990 28741 1070190
Kh5d 0.3324 326990 28741 1070190
Kd5d 0.3324 326990 28741 1070190
Kd5h 0.3324 326990 28741 1070190
Kd5s 0.3324 326990 28741 1070190
Ks5s 0.3324 326990 28741 1070190
5s3s 0.331462 328660 26067.5 1070190
5s3h 0.331462 328660 26067.5 1070190
5s3d 0.331462 328660 26067.5 1070190
5h3s 0.331462 328660 26067.5 1070190
5h3h 0.331462 328660 26067.5 1070190
5h3d 0.331462 328660 26067.5 1070190
5d3s 0.331462 328660 26067.5 1070190
5d3h 0.331462 328660 26067.5 1070190
5d3d 0.331462 328660 26067.5 1070190
Ts7h 0.331199 330693 23752.5 1070190
Ts7d 0.331199 330693 23752.5 1070190
Ts7s 0.331199 330693 23752.5 1070190
Th7s 0.331199 330693 23752.5 1070190
Td7d 0.331199 330693 23752.5 1070190
Td7h 0.331199 330693 23752.5 1070190
Th7h 0.331199 330693 23752.5 1070190
Th7d 0.331199 330693 23752.5 1070190
Td7s 0.331199 330693 23752.5 1070190
QhTd 0.331137 333524 20855.5 1070190
QsTs 0.331137 333524 20855.5 1070190
QsTh 0.331137 333524 20855.5 1070190
QsTd 0.331137 333524 20855.5 1070190
QdTd 0.331137 333524 20855.5 1070190
QdTh 0.331137 333524 20855.5 1070190
QdTs 0.331137 333524 20855.5 1070190
QhTs 0.331137 333524 20855.5 1070190
QhTh 0.331137 333524 20855.5 1070190
QhJh 0.328974 331841 20224 1070190
QhJs 0.328974 331841 20224 1070190
QhJd 0.328974 331841 20224 1070190
QsJs 0.328974 331841 20224 1070190
QsJd 0.328974 331841 20224 1070190
QsJh 0.328974 331841 20224 1070190
QdJh 0.328974 331841 20224 1070190
QdJs 0.328974 331841 20224 1070190
QdJd 0.328974 331841 20224 1070190
Qs8h 0.31491 313256 23758 1070190
Qd8s 0.31491 313256 23758 1070190
Qd8h 0.31491 313256 23758 1070190
Qd8d 0.31491 313256 23758 1070190
Qs8d 0.31491 313256 23758 1070190
Qh8s 0.31491 313256 23758 1070190
Qh8h 0.31491 313256 23758 1070190
Qs8s 0.31491 313256 23758 1070190
Qh8d 0.31491 313256 23758 1070190
Kh3d 0.312187 305435 28664.5 1070190
Kd3h 0.312187 305435 28664.5 1070190
Kd3s 0.312187 305435 28664.5 1070190
Kh3s 0.312187 305435 28664.5 1070190
Kh3h 0.312187 305435 28664.5 1070190
Kd3d 0.312187 305435 28664.5 1070190
Ks3s 0.312187 305435 28664.5 1070190
Ks3h 0.312187 305435 28664.5 1070190
Ks3d 0.312187 305435 28664.5 1070190
Qh7h 0.309174 306134 24740.5 1070190
Qs7h 0.309174 306134 24740.5 1070190
Qs7s 0.309174 306134 24740.5 1070190
Qh7s 0.309174 306134 24740.5 1070190
Qd7s 0.309174 306134 24740.5 1070190
Qd7h 0.309174 306134 24740.5 1070190
Qh7d 0.309174 306134 24740.5 1070190
Qs7d 0.309174 306134 24740.5 1070190
Qd7d 0.309174 306134 24740.5 1070190
Kd2h 0.301161 294266 28033 1070190
Kd2s 0.301161 294266 28033 1070190
Kd2d 0.301161 294266 28033 1070190
Kh2s 0.301161 294266 28033 1070190
Ks2s 0.301161 294266 28033 1070190
Kh2h 0.301161 294266 28033 1070190
Kh2d 0.301161 294266 28033 1070190
Ks2d 0.301161 294266 28033 1070190
Ks2h 0.301161 294266 28033 1070190
JdTd 0.294821 295439 20075.5 1070190
JsTs 0.294821 295439 20075.5 1070190
JhTd 0.294821 295439 20075.5 1070190
JhTs 0.294821 295439 20075.5 1070190
JhTh 0.294821 295439 20075.5 1070190
JsTh 0.294821 295439 20075.5 1070190
JsTd 0.294821 295439 20075.5 1070190
JdTh 0.294821 295439 20075.5 1070190
JdTs 0.294821 295439 20075.5 1070190
Qd5h 0.290549 282350 28592.5 1070190
Qh5d 0.290549 282350 28592.5 1070190
Qd5d 0.290549 282350 28592.5 1070190
Qs5d 0.290549 282350 28592.5 1070190
Qs5h 0.290549 282350 28592.5 1070190
Qd5s 0.290549 282350 28592.5 1070190
Qs5s 0.290549 282350 28592.5 1070190
Qh5s 0.290549 282350 28592.5 1070190
Qh5h 0.290549 282350 28592.5 1070190
8s5h 0.285077 277722 27364.5 1070190
8s5s 0.285077 277722 27364.5 1070190
8s5d 0.285077 277722 27364.5 1070190
8h5h 0.285077 277722 27364.5 1070190
8h5d 0.285077 277722 27364.5 1070190
8d5s 0.285077 277722 27364.5 1070190
8d5h 0.285077 277722 27364.5 1070190
8d5d 0.285077 277722 27364.5 1070190
8h5s 0.285077 277722 27364.5 1070190
Js8h 0.278721 275306 22978 1070190
Jh8d 0.278721 275306 22978 1070190
Js8d 0.278721 275306 22978 1070190
Jd8s 0.278721 275306 22978 1070190
Jh8h 0.278721 275306 22978 1070190
Jd8h 0.278721 275306 22978 1070190
Js8s 0.278721 275306 22978 1070190
Jd8d 0.278721 275306 22978 1070190
Jh8s 0.278721 275306 22978 1070190
Jd7d 0.27311 268319 23960.5 1070190
Js7s 0.27311 268319 23960.5 1070190
Js7h 0.27311 268319 23960.5 1070190
Js7d 0.27311 268319 23960.5 1070190
Jd7h 0.27311 268319 23960.5 1070190
Jh7d 0.27311 268319 23960.5 1070190
Jh7h 0.27311 268319 23960.5 1070190
Jh7s 0.27311 268319 23960.5 1070190
Jd7s 0.27311 268319 23960.5 1070190
Qd3s 0.270033 260471 28516 1070190
Qd3d 0.270033 260471 28516 1070190
Qd3h 0.270033 260471 28516 1070190
Qs3s 0.270033 260471 28516 1070190
Qs3h 0.270033 260471 28516 1070190
Qs3d 0.270033 260471 28516 1070190
Qh3s 0.270033 260471 28516 1070190
Qh3h 0.270033 260471 28516 1070190
Qh3d 0.270033 260471 28516 1070190
7s3s 0.259339 250398 27144 1070190
7s3d 0.259339 250398 27144 1070190
7s3h 0.259339 250398 27144 1070190
7h3d 0.259339 250398 27144 1070190
7h3h 0.259339 250398 27144 1070190
7h3s 0.259339 250398 27144 1070190
7d3s 0.259339 250398 27144 1070190
7d3h 0.259339 250398 27144 1070190
7d3d 0.259339 250398 27144 1070190
Qh2h 0.258704 248978 27884.5 1070190
Qh2s 0.258704 248978 27884.5 1070190
Qh2d 0.258704 248978 27884.5 1070190
Qd2s 0.258704 248978 27884.5 1070190
Qd2h 0.258704 248978 27884.5 1070190
Qd2d 0.258704 248978 27884.5 1070190
Qs2s 0.258704 248978 27884.5 1070190
Qs2h 0.258704 248978 27884.5 1070190
Qs2d 0.258704 248978 27884.5 1070190
Js5s 0.253769 243137 28444 1070190
Jh5d 0.253769 243137 28444 1070190
Jh5h 0.253769 243137 28444 1070190
Jh5s 0.253769 243137 28444 1070190
Js5h 0.253769 243137 28444 1070190
Js5d 0.253769 243137 28444 1070190
Jd5s 0.253769 243137 28444 1070190
Jd5h 0.253769 243137 28444 1070190
Jd5d 0.253769 243137 28444 1070190
5s2h 0.236786 227538 25867.5 1070190
5h2d 0.236786 227538 25867.5 1070190
5h2h 0.236786 227538 25867.5 1070190
5h2s 0.236786 227538 25867.5 1070190
5d2s 0.236786 227538 25867.5 1070190
5d2h 0.236786 227538 25867.5 1070190
5d2d 0.236786 227538 25867.5 1070190
5s2d 0.236786 227538 25867.5 1070190
5s2s 0.236786 227538 25867.5 1070190
Jd3s 0.233127 221123 28367.5 1070190
Jd3h 0.233127 221123 28367.5 1070190
Jd3d 0.233127 221123 28367.5 1070190
Jh3h 0.233127 221123 28367.5 1070190
Jh3d 0.233127 221123 28367.5 1070190
Jh3s 0.233127 221123 28367.5 1070190
Js3s 0.233127 221123 28367.5 1070190
Js3h 0.233127 221123 28367.5 1070190
Js3d 0.233127 221123 28367.5 1070190
Td5h 0.225679 213341 28178.5 1070190
Td5d 0.225679 213341 28178.5 1070190
Td5s 0.225679 213341 28178.5 1070190
Ts5s 0.225679 213341 28178.5 1070190
Ts5h 0.225679 213341 28178.5 1070190
Ts5d 0.225679 213341 28178.5 1070190
Th5d 0.225679 213341 28178.5 1070190
Th5h 0.225679 213341 28178.5 1070190
Th5s 0.225679 213341 28178.5 1070190
Jd2d 0.221672 209495 27736 1070190
Jh2s 0.221672 209495 27736 1070190
Jh2h 0.221672 209495 27736 1070190
Jd2h 0.221672 209495 27736 1070190
Jh2d 0.221672 209495 27736 1070190
Jd2s 0.221672 209495 27736 1070190
Js2d 0.221672 209495 27736 1070190
Js2h 0.221672 209495 27736 1070190
Js2s 0.221672 209495 27736 1070190
Td3s 0.213702 200036 28666 1070190
Ts3d 0.213702 200036 28666 1070190
Ts3h 0.213702 200036 28666 1070190
Ts3s 0.213702 200036 28666 1070190
Th3d 0.213702 200036 28666 1070190
Th3h 0.213702 200036 28666 1070190
Th3s 0.213702 200036 28666 1070190
Td3h 0.213702 200036 28666 1070190
Td3d 0.213702 200036 28666 1070190
3s2h 0.211095 202653 23259 1070190
3d2d 0.211095 202653 23259 1070190
3d2h 0.211095 202653 23259 1070190
3d2s 0.211095 202653 23259 1070190
3h2d 0.211095 202653 23259 1070190
3h2h 0.211095 202653 23259 1070190
3h2s 0.211095 202653 23259 1070190
3s2d 0.211095 202653 23259 1070190
3s2s 0.211095 202653 23259 1070190
Td2s 0.202297 188462 28034.5 1070190
Ts2s 0.202297 188462 28034.5 1070190
Td2d 0.202297 188462 28034.5 1070190
Ts2h 0.202297 188462 28034.5 1070190
Ts2d 0.202297 188462 28034.5 1070190
Th2d 0.202297 188462 28034.5 1070190
Td2h 0.202297 188462 28034.5 1070190
Th2h 0.202297 188462 28034.5 1070190
Th2s 0.202297 188462 28034.5 1070190
8s3s 0.181381 166088 28024 1070190
8s3h 0.181381 166088 28024 1070190
8d3d 0.181381 166088 28024 1070190
8s3d 0.181381 166088 28024 1070190
8d3h 0.181381 166088 28024 1070190
8h3h 0.181381 166088 28024 1070190
8h3s 0.181381 166088 28024 1070190
8d3s 0.181381 166088 28024 1070190
8h3d 0.181381 166088 28024 1070190
8s2d 0.17888 163412 28024 1070190
8d2s 0.17888 163412 28024 1070190
8h2d 0.17888 163412 28024 1070190
8d2h 0.17888 163412 28024 1070190
8h2h 0.17888 163412 28024 1070190
8d2d 0.17888 163412 28024 1070190
8h2s 0.17888 163412 28024 1070190
8s2s 0.17888 163412 28024 1070190
8s2h 0.17888 163412 28024 1070190
7d2h 0.161524 146093 26768.5 1070190
7d2d 0.161524 146093 26768.5 1070190
7s2d 0.161524 146093 26768.5 1070190
7s2h 0.161524 146093 26768.5 1070190
7s2s 0.161524 146093 26768.5 1070190
7d2s 0.161524 146093 26768.5 1070190
7h2s 0.161524 146093 26768.5 1070190
7h2h 0.161524 146093 26768.5 1070190
7h2d 0.161524 146093 26768.5 1070190
