KsKc 0.933502 999024 0 1070190
KhKc 0.933502 999024 0 1070190
KsKh 0.933132 998628 0 1070190
4h4d 0.926744 991672 120 1070190
4s4d 0.926744 991672 120 1070190
6s6c 0.925208 990084 64.5 1070190
6h6c 0.925208 990084 64.5 1070190
6s6h 0.92483 989679 64.5 1070190
4s4h 0.918594 982950 120 1070190
Kc6c 0.891317 951153 2726 1070190
Kc4d 0.886951 943996 5210 1070190
Ks6c 0.886611 946026 2816 1070190
Kh6c 0.886611 946026 2816 1070190
Kc6s 0.886602 946017 2816 1070190
Kc6h 0.886602 946017 2816 1070190
Kh4d 0.886601 943645 5187 1070190
Ks4d 0.886601 943645 5187 1070190
Kh6s 0.886253 945666 2793.5 1070190
Kh6h 0.886253 945666 2793.5 1070190
Ks6h 0.886253 945666 2793.5 1070190
Ks6s 0.886253 945666 2793.5 1070190
Kc4h 0.877481 933816 5255 1070190
Kc4s 0.877481 933816 5255 1070190
Kh4h 0.877131 933465 5232 1070190
Kh4s 0.877131 933465 5232 1070190
Ks4h 0.877131 933465 5232 1070190
Ks4s 0.877131 933465 5232 1070190
AdKc 0.86436 921723 3306 1070190
AdKs 0.86359 920922 3283.5 1070190
AdKh 0.86359 920922 3283.5 1070190
AdAc 0.854777 914301 472.5 1070190
AsAd 0.853958 913425 472.5 1070190
AhAd 0.853958 913425 472.5 1070190
AcKc 0.845477 901560 3261 1070190
6c4d 0.844141 897184 6207.5 1070190
6h4d 0.843783 896824 6184.5 1070190
6s4d 0.843783 896824 6184.5 1070190
KcQd 0.842676 897745 4078 1070190
KhQd 0.841943 896988 4051.5 1070190
KsQd 0.841943 896988 4051.5 1070190
AcKh 0.837505 892893 3396 1070190
AcKs 0.837505 892893 3396 1070190
AsKc 0.837443 892827 3396 1070190
AhKc 0.837443 892827 3396 1070190
AsKs 0.836673 892026 3373.5 1070190
AsKh 0.836673 892026 3373.5 1070190
AhKs 0.836673 892026 3373.5 1070190
AhKh 0.836673 892026 3373.5 1070190
KcJd 0.835511 889397 4758 1070190
KsJd 0.834814 888682 4728 1070190
KhJd 0.834814 888682 4728 1070190
6c4s 0.833586 885843 6252.5 1070190
6c4h 0.833586 885843 6252.5 1070190
6h4h 0.833228 885483 6229.5 1070190
6h4s 0.833228 885483 6229.5 1070190
6s4h 0.833228 885483 6229.5 1070190
6s4s 0.833228 885483 6229.5 1070190
KcTd 0.828913 881748 5346 1070190
KhTd 0.828251 881073 5313 1070190
KsTd 0.828251 881073 5313 1070190
AhAc 0.828118 885771 472.5 1070190
AsAc 0.828118 885771 472.5 1070190
AsAh 0.827299 884895 472.5 1070190
KcQc 0.825381 879293 4022 1070190
Kc8d 0.822958 873646 7075 1070190
Kc7d 0.8226 872122 8216 1070190
Ks8d 0.822353 873036 7037.5 1070190
Kh8d 0.822353 873036 7037.5 1070190
Kc9d 0.822044 873901 5842 1070190
Ks7d 0.822017 871537 8177 1070190
Kh7d 0.822017 871537 8177 1070190
Ks9d 0.821415 873264 5806.5 1070190
Kh9d 0.821415 873264 5806.5 1070190
KcJc 0.819745 872591 4692 1070190
KhQc 0.816556 869682 4188 1070190
KsQc 0.816556 869682 4188 1070190
KcQh 0.816462 869578 4192 1070190
KcQs 0.816462 869578 4192 1070190
KsQh 0.81573 868821 4165.5 1070190
KsQs 0.81573 868821 4165.5 1070190
KhQs 0.81573 868821 4165.5 1070190
KhQh 0.81573 868821 4165.5 1070190
Kc5d 0.815571 860038 12778 1070190
Ks5d 0.815043 859534 12717 1070190
Kh5d 0.815043 859534 12717 1070190
KcTc 0.814661 866571 5271 1070190
Kc7c 0.81272 861738 8027 1070190
Kc8c 0.811597 861625 6938.5 1070190
KhJc 0.810665 862680 4885.5 1070190
KsJc 0.810665 862680 4885.5 1070190
KcJs 0.810536 862534 4893 1070190
KcJh 0.810536 862534 4893 1070190
KhJh 0.809839 861819 4863 1070190
KhJs 0.809839 861819 4863 1070190
KsJh 0.809839 861819 4863 1070190
KsJs 0.809839 861819 4863 1070190
Kc9c 0.809238 860279 5759 1070190
Kc5c 0.807238 851389 12509.5 1070190
KhTc 0.805386 856428 5488.5 1070190
KsTc 0.805386 856428 5488.5 1070190
KcTh 0.805228 856248 5499 1070190
KcTs 0.805228 856248 5499 1070190
Kc3d 0.804626 848469 12634 1070190
KsTh 0.804566 855573 5466 1070190
KsTs 0.804566 855573 5466 1070190
KhTs 0.804566 855573 5466 1070190
KhTh 0.804566 855573 5466 1070190
Ks3d 0.804117 847988 12569.5 1070190
Kh3d 0.804117 847988 12569.5 1070190
Ks7c 0.803969 851993 8406.5 1070190
Kh7c 0.803969 851993 8406.5 1070190
Kc7s 0.803789 851791 8416 1070190
Kc7h 0.803789 851791 8416 1070190
Kh7h 0.803206 851206 8377 1070190
Kh7s 0.803206 851206 8377 1070190
Ks7s 0.803206 851206 8377 1070190
Ks7h 0.803206 851206 8377 1070190
Kh8c 0.802472 851548 7249 1070190
Ks8c 0.802472 851548 7249 1070190
Kc8s 0.80228 851331 7260.5 1070190
Kc8h 0.80228 851331 7260.5 1070190
Ks8s 0.801674 850721 7223 1070190
Ks8h 0.801674 850721 7223 1070190
Kh8h 0.801674 850721 7223 1070190
Kh8s 0.801674 850721 7223 1070190
Ks9c 0.799678 849810 5997 1070190
Kh9c 0.799678 849810 5997 1070190
Kc9s 0.79948 849586 6010 1070190
Kc9h 0.79948 849586 6010 1070190
Ks9s 0.798852 848949 5974.5 1070190
Ks9h 0.798852 848949 5974.5 1070190
Kh9h 0.798852 848949 5974.5 1070190
Kh9s 0.798852 848949 5974.5 1070190
Kc3c 0.79883 842516 12384 1070190
Kh5c 0.798571 841528 13094.5 1070190
Ks5c 0.798571 841528 13094.5 1070190
Kc5s 0.798386 841303 13121.5 1070190
Kc5h 0.798386 841303 13121.5 1070190
Kc2d 0.798091 842304 11805 1070190
Kh5h 0.797858 840799 13060.5 1070190
Kh5s 0.797858 840799 13060.5 1070190
Ks5h 0.797858 840799 13060.5 1070190
Ks5s 0.797858 840799 13060.5 1070190
Kh2d 0.797588 841830 11740.5 1070190
Ks2d 0.797588 841830 11740.5 1070190
Kc2c 0.793457 837548 11601.5 1070190
Ks3c 0.789459 831918 12953.5 1070190
Kh3c 0.789459 831918 12953.5 1070190
Kc3s 0.789217 831624 12988 1070190
Kc3h 0.789217 831624 12988 1070190
Ks3h 0.788707 831143 12923.5 1070190
Ks3s 0.788707 831143 12923.5 1070190
Kh3h 0.788707 831143 12923.5 1070190
Kh3s 0.788707 831143 12923.5 1070190
Kh2c 0.783523 826403 12115.5 1070190
Ks2c 0.783523 826403 12115.5 1070190
Kc2s 0.78324 826062 12153.5 1070190
Kc2h 0.78324 826062 12153.5 1070190
Kh2s 0.782737 825588 12089 1070190
Kh2h 0.782737 825588 12089 1070190
Ks2h 0.782737 825588 12089 1070190
Ks2s 0.782737 825588 12089 1070190
Ad4d 0.762239 812466 3274.5 1070190
QdQc 0.761025 813969 472.5 1070190
QhQd 0.760254 813144 472.5 1070190
QsQd 0.760254 813144 472.5 1070190
Qd4d 0.748376 794210 6695 1070190
JdJc 0.74151 793084 472.5 1070190
Jd4d 0.741164 785957 7229.5 1070190
JhJd 0.740739 792259 472.5 1070190
JsJd 0.740739 792259 472.5 1070190
Td4d 0.734494 778152 7896 1070190
QhQc 0.732351 783282 472.5 1070190
QsQc 0.732351 783282 472.5 1070190
QsQh 0.73158 782457 472.5 1070190
7d4d 0.728495 768670 10958.5 1070190
8d4d 0.728404 769698 9832.5 1070190
9d4d 0.728192 770681 8622.5 1070190
5d4d 0.725607 764112 12425 1070190
TdTc 0.722643 772893 472.5 1070190
ThTd 0.721878 772074 472.5 1070190
TsTd 0.721878 772074 472.5 1070190
JhJc 0.713642 763260 472.5 1070190
JsJc 0.713642 763260 472.5 1070190
JsJh 0.712871 762435 472.5 1070190
4d3d 0.710877 748852 11921 1070190
4d2d 0.705752 743899 11389.5 1070190
AdQd 0.703954 748808 4556 1070190
Ad6c 0.703435 749382 3427.5 1070190
Ad6h 0.702666 748581 3405 1070190
Ad6s 0.702666 748581 3405 1070190
9d9c 0.702569 751410 472.5 1070190
9h9d 0.701798 750585 472.5 1070190
9s9d 0.701798 750585 472.5 1070190
AdJd 0.697309 741071 5182.5 1070190
TsTc 0.695634 743988 472.5 1070190
ThTc 0.695634 743988 472.5 1070190
TsTh 0.694869 743169 472.5 1070190
8d8c 0.693475 741092 1057.5 1070190
8h8d 0.69273 740299 1053.5 1070190
8s8d 0.69273 740299 1053.5 1070190
AdTd 0.691023 733806 5719.5 1070190
Qd6c 0.688625 728440 8519.5 1070190
Qd6s 0.687901 727692 8493 1070190
Qd6h 0.687901 727692 8493 1070190
Ac6c 0.686369 731163 3382.5 1070190
7d7c 0.684515 730919 1642.5 1070190
7h7d 0.683802 730164 1634.5 1070190
7s7d 0.683802 730164 1634.5 1070190
Jd6c 0.682013 720460 9423.5 1070190
Jd6s 0.681329 719761 9390 1070190
Jd6h 0.681329 719761 9390 1070190
Ad7d 0.680214 720200 7758.5 1070190
Ad8d 0.680077 720804 7007.5 1070190
Ad9d 0.679914 721470 6167 1070190
9s9c 0.676224 723216 472.5 1070190
9h9c 0.676224 723216 472.5 1070190
Td6c 0.675722 712587 10563.5 1070190
9s9h 0.675453 722391 472.5 1070190
Td6h 0.675076 711939 10521 1070190
Td6s 0.675076 711939 10521 1070190
7d6c 0.673392 704800 15857.5 1070190
7d6h 0.672827 704267 15786 1070190
7d6s 0.672827 704267 15786 1070190
Qc6c 0.672579 711150 8637.5 1070190
8d6c 0.671831 705086 13900.5 1070190
8d6s 0.671247 704524 13838 1070190
8d6h 0.671247 704524 13838 1070190
Ad5d 0.669682 705197 11490 1070190
Ac6h 0.669642 713127 3517.5 1070190
Ac6s 0.669642 713127 3517.5 1070190
Ah6c 0.669614 713097 3517.5 1070190
As6c 0.669614 713097 3517.5 1070190
9d6c 0.669137 704284 11819.5 1070190
Ah6h 0.668845 712296 3495 1070190
Ah6s 0.668845 712296 3495 1070190
As6s 0.668845 712296 3495 1070190
As6h 0.668845 712296 3495 1070190
8s8c 0.668616 714497 1049.5 1070190
8h8c 0.668616 714497 1049.5 1070190
9d6s 0.668529 703686 11767 1070190
9d6h 0.668529 703686 11767 1070190
8s8h 0.667872 713704 1045.5 1070190
Jc6c 0.667387 704727 9503.5 1070190
7c6c 0.664377 695307 15702.5 1070190
Tc6c 0.66252 698418 10604.5 1070190
6c5d 0.662232 691300 17414.5 1070190
6s5d 0.661685 690793 17336 1070190
6h5d 0.661685 690793 17336 1070190
8c6c 0.661383 693984 13822 1070190
7s7c 0.661188 705970 1626.5 1070190
7h7c 0.661188 705970 1626.5 1070190
7s7h 0.660475 705215 1618.5 1070190
9c6c 0.657309 691623 11822.5 1070190
Qc6s 0.656086 693333 8803.5 1070190
Qc6h 0.656086 693333 8803.5 1070190
Qh6c 0.656026 693265 8807.5 1070190
Qs6c 0.656026 693265 8807.5 1070190
Qh6s 0.655302 692517 8781 1070190
Qh6h 0.655302 692517 8781 1070190
Qs6h 0.655302 692517 8781 1070190
Qs6s 0.655302 692517 8781 1070190
6c5c 0.654893 683668 17192 1070190
Ad3d 0.653155 687528 11471.5 1070190
QdJd 0.651296 690294 6716 1070190
Jc6s 0.650799 686757 9721.5 1070190
Jc6h 0.650799 686757 9721.5 1070190
Js6c 0.6507 686640 9732.5 1070190
Jh6c 0.6507 686640 9732.5 1070190
Jh6s 0.650015 685941 9699 1070190
Jh6h 0.650015 685941 9699 1070190
Js6s 0.650015 685941 9699 1070190
Js6h 0.650015 685941 9699 1070190
7c6h 0.648638 677856 16309.5 1070190
7c6s 0.648638 677856 16309.5 1070190
7h6c 0.648478 677643 16351.5 1070190
7s6c 0.648478 677643 16351.5 1070190
6c3d 0.648204 676215 17486.5 1070190
7h6h 0.647913 677110 16280 1070190
7h6s 0.647913 677110 16280 1070190
7s6h 0.647913 677110 16280 1070190
7s6s 0.647913 677110 16280 1070190
6h3d 0.647676 675732 17404.5 1070190
6s3d 0.647676 675732 17404.5 1070190
Ad2d 0.646039 680395 10989 1070190
Tc6s 0.645862 680307 10888.5 1070190
Tc6h 0.645862 680307 10888.5 1070190
Th6c 0.64573 680145 10908.5 1070190
Ts6c 0.64573 680145 10908.5 1070190
8c6s 0.645132 676106 14307.5 1070190
8c6h 0.645132 676106 14307.5 1070190
Ts6s 0.645085 679497 10866 1070190
Th6h 0.645085 679497 10866 1070190
Th6s 0.645085 679497 10866 1070190
Ts6h 0.645085 679497 10866 1070190
8s6c 0.644958 675884 14344 1070190
8h6c 0.644958 675884 14344 1070190
QdTd 0.644874 682885 7253 1070190
8s6s 0.644375 675322 14281.5 1070190
8h6h 0.644375 675322 14281.5 1070190
8h6s 0.644375 675322 14281.5 1070190
8s6h 0.644375 675322 14281.5 1070190
6c3c 0.643438 671324 17276.5 1070190
9c6s 0.640467 673242 12179.5 1070190
9c6h 0.640467 673242 12179.5 1070190
9h6c 0.640291 673024 12209.5 1070190
9s6c 0.640291 673024 12209.5 1070190
6c2d 0.63975 667997 16657.5 1070190
9h6s 0.639684 672426 12157 1070190
9s6h 0.639684 672426 12157 1070190
9s6s 0.639684 672426 12157 1070190
9h6h 0.639684 672426 12157 1070190
6h2d 0.63923 667522 16575.5 1070190
6s2d 0.63923 667522 16575.5 1070190
6h5c 0.63885 665791 17899.5 1070190
6s5c 0.63885 665791 17899.5 1070190
6c5s 0.638712 665599 17944 1070190
6c5h 0.638712 665599 17944 1070190
6h5h 0.638165 665092 17865.5 1070190
6h5s 0.638165 665092 17865.5 1070190
6s5s 0.638165 665092 17865.5 1070190
6s5h 0.638165 665092 17865.5 1070190
6c2c 0.636163 664321 16494 1070190
Qd9d 0.633765 670549 7700.5 1070190
Qd7d 0.629092 663956 9292 1070190
Qd8d 0.628587 664167 8541 1070190
7d5d 0.628386 661720 10772 1070190
6s3c 0.626494 652499 17968.5 1070190
6h3c 0.626494 652499 17968.5 1070190
6c3s 0.6263 652239 18020.5 1070190
6c3h 0.6263 652239 18020.5 1070190
6h3s 0.625772 651756 17938.5 1070190
6s3s 0.625772 651756 17938.5 1070190
6s3h 0.625772 651756 17938.5 1070190
6h3h 0.625772 651756 17938.5 1070190
Ad4s 0.620452 659769 4233 1070190
Ad4h 0.620452 659769 4233 1070190
Qd5d 0.619061 649489 13023.5 1070190
6h2c 0.618551 644837 17130.5 1070190
6s2c 0.618551 644837 17130.5 1070190
6c2h 0.618317 644531 17186 1070190
6c2s 0.618317 644531 17186 1070190
6h2s 0.617797 644056 17104 1070190
6h2h 0.617797 644056 17104 1070190
6s2h 0.617797 644056 17104 1070190
6s2s 0.617797 644056 17104 1070190
Ac4d 0.61025 648850 4233 1070190
As4d 0.609435 647983 4228.5 1070190
Ah4d 0.609435 647983 4228.5 1070190
JdTd 0.608185 643824 7050 1070190
Qd4h 0.604824 638165 9111.5 1070190
Qd4s 0.604824 638165 9111.5 1070190
Qd3d 0.602066 631356 12969 1070190
5d3d 0.600245 631911 10465 1070190
5d5c 0.59856 638246 2326.5 1070190
5s5d 0.597925 637580 2313.5 1070190
5h5d 0.597925 637580 2313.5 1070190
Jd4s 0.597515 629578 9877 1070190
Jd4h 0.597515 629578 9877 1070190
Jd9d 0.597077 631488 7497.5 1070190
Qc4d 0.595885 628375 9335 1070190
Qs4d 0.595093 627532 9331 1070190
Qh4d 0.595093 627532 9331 1070190
Qd2d 0.594583 623830 12486.5 1070190
Jd7d 0.592737 625252 9089 1070190
Jd8d 0.591999 625213 8338 1070190
8d7d 0.590799 624298 7969 1070190
Td4h 0.590658 621249 10867.5 1070190
Td4s 0.590658 621249 10867.5 1070190
7d4s 0.590227 615949 15706 1070190
7d4h 0.590227 615949 15706 1070190
Jc4d 0.589789 621037 10149 1070190
Jh4d 0.588998 620194 10145.5 1070190
Js4d 0.588998 620194 10145.5 1070190
5d4h 0.588607 611867 18054.5 1070190
5d4s 0.588607 611867 18054.5 1070190
5c4d 0.588272 610959 18604 1070190
7c4d 0.588158 613253 16188 1070190
5s4d 0.587587 610239 18591 1070190
5h4d 0.587587 610239 18591 1070190
7h4d 0.587431 612484 16178.5 1070190
7s4d 0.587431 612484 16178.5 1070190
8d4s 0.587281 614606 13896 1070190
8d4h 0.587281 614606 13896 1070190
Ac4s 0.586955 624042 4111.5 1070190
Ac4h 0.586955 624042 4111.5 1070190
As4h 0.586141 623175 4107 1070190
As4s 0.586141 623175 4107 1070190
Ah4h 0.586141 623175 4107 1070190
Ah4s 0.586141 623175 4107 1070190
Tc4d 0.584177 613981 11199 1070190
9d4s 0.583627 612623 11969 1070190
9d4h 0.583627 612623 11969 1070190
8c4d 0.583523 610142 14338.5 1070190
Th4d 0.583392 613144 11196 1070190
Ts4d 0.583392 613144 11196 1070190
Jd5d 0.583073 611178 12820.5 1070190
8s4d 0.582761 609333 14332.5 1070190
8h4d 0.582761 609333 14332.5 1070190
9c4d 0.578255 606478 12365 1070190
9s4d 0.577465 605635 12362.5 1070190
9h4d 0.577465 605635 12362.5 1070190
8d5d 0.574882 604354 10878.5 1070190
5s5c 0.574014 612002 2302.5 1070190
5h5c 0.574014 612002 2302.5 1070190
5s5h 0.57338 611336 2289.5 1070190
Td9d 0.57328 606313 7205 1070190
Qc4s 0.572773 603974 9001.5 1070190
Qc4h 0.572773 603974 9001.5 1070190
Qs4h 0.571981 603131 8997.5 1070190
Qs4s 0.571981 603131 8997.5 1070190
Qh4h 0.571981 603131 8997.5 1070190
Qh4s 0.571981 603131 8997.5 1070190
Td7d 0.568638 599754 8796.5 1070190
Td8d 0.567933 599751 8045.5 1070190
Jc4s 0.566805 596802 9787.5 1070190
Jc4h 0.566805 596802 9787.5 1070190
5c4h 0.566485 588089 18157.5 1070190
5c4s 0.566485 588089 18157.5 1070190
7c4s 0.566201 590187 15755.5 1070190
7c4h 0.566201 590187 15755.5 1070190
Jh4h 0.566014 595959 9784 1070190
Js4h 0.566014 595959 9784 1070190
Jh4s 0.566014 595959 9784 1070190
Js4s 0.566014 595959 9784 1070190
4d3c 0.565925 587858 17789.5 1070190
5s4s 0.5658 587369 18144.5 1070190
5h4h 0.5658 587369 18144.5 1070190
5h4s 0.5658 587369 18144.5 1070190
5s4h 0.5658 587369 18144.5 1070190
Jd3d 0.565711 592652 12766 1070190
7s4s 0.565473 589418 15746 1070190
7s4h 0.565473 589418 15746 1070190
7h4s 0.565473 589418 15746 1070190
7h4h 0.565473 589418 15746 1070190
4d3h 0.565202 587092 17781 1070190
4d3s 0.565202 587092 17781 1070190
4h3d 0.564224 586606 17220.5 1070190
4s3d 0.564224 586606 17220.5 1070190
Tc4h 0.561328 589923 10804.5 1070190
Tc4s 0.561328 589923 10804.5 1070190
8c4h 0.56122 586706 13905.5 1070190
8c4s 0.56122 586706 13905.5 1070190
Ts4s 0.560543 589086 10801.5 1070190
Th4h 0.560543 589086 10801.5 1070190
Th4s 0.560543 589086 10801.5 1070190
Ts4h 0.560543 589086 10801.5 1070190
8h4s 0.560458 585897 13899.5 1070190
8h4h 0.560458 585897 13899.5 1070190
8s4h 0.560458 585897 13899.5 1070190
8s4s 0.560458 585897 13899.5 1070190
Jd2d 0.557994 584876 12283.5 1070190
4d2c 0.556535 578680 16918 1070190
4d2h 0.555777 577874 16913.5 1070190
4d2s 0.555777 577874 16913.5 1070190
9c4h 0.555516 582572 11935.5 1070190
9c4s 0.555516 582572 11935.5 1070190
9s4s 0.554726 581729 11933 1070190
9s4h 0.554726 581729 11933 1070190
9h4h 0.554726 581729 11933 1070190
9h4s 0.554726 581729 11933 1070190
4h2d 0.55408 576636 16335 1070190
4s2d 0.55408 576636 16335 1070190
Td5d 0.551918 578129 12528 1070190
4s3c 0.543399 564244 17296 1070190
4h3c 0.543399 564244 17296 1070190
9d7d 0.542714 572875 7932 1070190
4h3s 0.542675 563478 17287.5 1070190
4h3h 0.542675 563478 17287.5 1070190
4s3s 0.542675 563478 17287.5 1070190
4s3h 0.542675 563478 17287.5 1070190
9d8d 0.542044 572909 7181 1070190
7d3d 0.541698 569028 10692 1070190
AdQc 0.53904 570386 6489.5 1070190
AdQs 0.538303 569620 6467 1070190
AdQh 0.538303 569620 6467 1070190
AcQd 0.536805 568062 6421.5 1070190
AsQd 0.536008 567235 6395 1070190
AhQd 0.536008 567235 6395 1070190
Td3d 0.534422 559460 12473.5 1070190
4h2c 0.533704 554769 16395.5 1070190
4s2c 0.533704 554769 16395.5 1070190
4s2s 0.532946 553963 16391 1070190
4h2h 0.532946 553963 16391 1070190
4h2s 0.532946 553963 16391 1070190
4s2h 0.532946 553963 16391 1070190
AdJc 0.52917 558860 7452 1070190
AdJs 0.528433 558094 7429.5 1070190
AdJh 0.528433 558094 7429.5 1070190
5d2d 0.527387 554376 10028.5 1070190
AcQc 0.526978 557857 6109.5 1070190
Td2d 0.526606 551577 11991 1070190
9d5d 0.526094 551357 11663.5 1070190
AcJd 0.525594 555126 7359.5 1070190
AhJd 0.524833 554341 7329.5 1070190
AsJd 0.524833 554341 7329.5 1070190
AdTc 0.520024 548247 8277 1070190
AdTs 0.519292 547487 8254.5 1070190
AdTh 0.519292 547487 8254.5 1070190
AcJc 0.517504 546801 7026.5 1070190
AcTd 0.515068 543057 8163.5 1070190
AhTd 0.514341 542312 8130.5 1070190
AsTd 0.514341 542312 8130.5 1070190
AcTc 0.508694 536587 7812.5 1070190
9d3d 0.507794 531345 12091.5 1070190
Ad7c 0.507501 531618 11505 1070190
Ad7s 0.506825 530924 11475.5 1070190
Ad7h 0.506825 530924 11475.5 1070190
Ad8c 0.505036 530181 10303.5 1070190
Ad8h 0.504329 529450 10277.5 1070190
Ad8s 0.504329 529450 10277.5 1070190
3d2d 0.5034 530848 7886 1070190
Ad9c 0.502607 528920 8964.5 1070190
AcQh 0.502031 530904 6364.5 1070190
AcQs 0.502031 530904 6364.5 1070190
AhQc 0.50197 530843 6360.5 1070190
AsQc 0.50197 530843 6360.5 1070190
Ad9s 0.501873 528158 8942 1070190
Ad9h 0.501873 528158 8942 1070190
AhQs 0.501233 530077 6338 1070190
AsQh 0.501233 530077 6338 1070190
AsQs 0.501233 530077 6338 1070190
AhQh 0.501233 530077 6338 1070190
9d2d 0.500011 523498 11609 1070190
Ac7d 0.497866 521427 11384.5 1070190
Ah7d 0.49722 520774 11345.5 1070190
As7d 0.49722 520774 11345.5 1070190
Ac8d 0.497124 521841 10176 1070190
As8d 0.496454 521162 10138.5 1070190
Ah8d 0.496454 521162 10138.5 1070190
Ac9d 0.496392 522400 8833.5 1070190
Ac7c 0.496367 520294 10913.5 1070190
Ad5c 0.495795 513276 17319 1070190
Ah9d 0.495698 521693 8798 1070190
As9d 0.495698 521693 8798 1070190
Ad5s 0.495213 512686 17286 1070190
Ad5h 0.495213 512686 17286 1070190
Ac8c 0.494083 519007 9756 1070190
AcJs 0.492125 519344 7323.5 1070190
AcJh 0.492125 519344 7323.5 1070190
AsJc 0.4921 519325 7316 1070190
AhJc 0.4921 519325 7316 1070190
3d3c 0.491972 522259 4245 1070190
Ac9c 0.491808 517861 8467.5 1070190
AsJh 0.491364 518559 7293.5 1070190
AhJs 0.491364 518559 7293.5 1070190
AhJh 0.491364 518559 7293.5 1070190
AsJs 0.491364 518559 7293.5 1070190
3h3d 0.491302 521550 4236.5 1070190
3s3d 0.491302 521550 4236.5 1070190
8d3d 0.486763 509720 11209 1070190
8d2d 0.48535 508208 11209 1070190
Ac5c 0.48424 501821 16408 1070190
Ac5d 0.483958 500886 17041 1070190
Ah5d 0.48336 500306 16981 1070190
As5d 0.48336 500306 16981 1070190
AhTc 0.482961 508725 8135 1070190
AsTc 0.482961 508725 8135 1070190
AcTs 0.482957 508710 8145.5 1070190
AcTh 0.482957 508710 8145.5 1070190
AsTs 0.48223 507965 8112.5 1070190
AhTh 0.48223 507965 8112.5 1070190
AsTh 0.48223 507965 8112.5 1070190
AhTs 0.48223 507965 8112.5 1070190
Ad3c 0.471849 487710 17258 1070190
Ad3h 0.471232 487079 17228.5 1070190
Ad3s 0.471232 487079 17228.5 1070190
As7c 0.470796 492431 11410 1070190
Ah7c 0.470796 492431 11410 1070190
Ac7h 0.470766 492390 11419.5 1070190
Ac7s 0.470766 492390 11419.5 1070190
Ah7s 0.47012 491737 11380.5 1070190
As7h 0.47012 491737 11380.5 1070190
Ah7h 0.47012 491737 11380.5 1070190
As7s 0.47012 491737 11380.5 1070190
7d2d 0.468362 491107 10129.5 1070190
As8c 0.467967 490632 10182 1070190
Ah8c 0.467967 490632 10182 1070190
Ac8s 0.46793 490580 10193.5 1070190
Ac8h 0.46793 490580 10193.5 1070190
3s3c 0.467426 496021 4214 1070190
3h3c 0.467426 496021 4214 1070190
Ah8h 0.46726 489901 10156 1070190
Ah8s 0.46726 489901 10156 1070190
As8h 0.46726 489901 10156 1070190
As8s 0.46726 489901 10156 1070190
3s3h 0.466756 495312 4205.5 1070190
QdJc 0.465673 488778 9580.5 1070190
As9c 0.465158 488990 8817.5 1070190
Ah9c 0.465158 488990 8817.5 1070190
Ac9s 0.465119 488935 8830.5 1070190
Ac9h 0.465119 488935 8830.5 1070190
QdJs 0.464976 488055 9558 1070190
QdJh 0.464976 488055 9558 1070190
As9h 0.464425 488228 8795 1070190
As9s 0.464425 488228 8795 1070190
Ah9h 0.464425 488228 8795 1070190
Ah9s 0.464425 488228 8795 1070190
QcJd 0.46423 487272 9542 1070190
QsJd 0.46354 486563 9512.5 1070190
QhJd 0.46354 486563 9512.5 1070190
2d2c 0.462742 491562 3660 1070190
2h2d 0.462041 490816 3655.5 1070190
2s2d 0.462041 490816 3655.5 1070190
Ac3c 0.460606 476613 16322.5 1070190
Ad2c 0.459609 475400 16469 1070190
Ad2h 0.458962 474734 16443 1070190
Ad2s 0.458962 474734 16443 1070190
Ac5h 0.458938 473934 17216.5 1070190
Ac5s 0.458938 473934 17216.5 1070190
As5c 0.458922 473944 17189.5 1070190
Ah5c 0.458922 473944 17189.5 1070190
As5s 0.45834 473354 17156.5 1070190
Ah5h 0.45834 473354 17156.5 1070190
Ah5s 0.45834 473354 17156.5 1070190
As5h 0.45834 473354 17156.5 1070190
7d5c 0.457543 474229 15428.5 1070190
Ac3d 0.457089 472232 16940.5 1070190
7d5s 0.457005 473692 15390 1070190
7d5h 0.457005 473692 15390 1070190
QcJc 0.456735 479606 9187.5 1070190
As3d 0.456508 471674 16876.5 1070190
Ah3d 0.456508 471674 16876.5 1070190
QdTc 0.456309 477932 10405.5 1070190
7c5c 0.455989 473203 14792 1070190
QdTh 0.455618 477215 10383 1070190
QdTs 0.455618 477215 10383 1070190
7c5d 0.455574 472290 15260.5 1070190
7s5d 0.454995 471730 15201 1070190
7h5d 0.454995 471730 15201 1070190
QcTd 0.453486 474970 10346 1070190
QsTd 0.45283 474301 10313.5 1070190
QhTd 0.45283 474301 10313.5 1070190
Ac2c 0.448732 464671 15558 1070190
QcTc 0.447713 469165 9973.5 1070190
Ac2d 0.443851 458871 16134 1070190
Ah2d 0.443275 458319 16070 1070190
As2d 0.443275 458319 16070 1070190
Qd9c 0.438887 458600 11093 1070190
Qd9s 0.438194 457880 11070.5 1070190
Qd9h 0.438194 457880 11070.5 1070190
2s2c 0.437979 465084 3637 1070190
2h2c 0.437979 465084 3637 1070190
2s2h 0.437278 464338 3632.5 1070190
Qd7c 0.435694 452642 13633.5 1070190
Qd7s 0.435059 451992 13604 1070190
Qd7h 0.435059 451992 13604 1070190
Qc9d 0.434814 454318 11016 1070190
Ah3c 0.43421 447593 17094 1070190
As3c 0.43421 447593 17094 1070190
Qh9d 0.434193 453688 10981 1070190
Qs9d 0.434193 453688 10981 1070190
Ac3s 0.434174 447520 17128.5 1070190
Ac3h 0.434174 447520 17128.5 1070190
As3s 0.433593 446962 17064.5 1070190
Ah3h 0.433593 446962 17064.5 1070190
As3h 0.433593 446962 17064.5 1070190
Ah3s 0.433593 446962 17064.5 1070190
Qd8c 0.432631 450565 12432 1070190
Qd8h 0.431965 449879 12406 1070190
Qd8s 0.431965 449879 12406 1070190
7c5h 0.431874 446936 15251 1070190
7c5s 0.431874 446936 15251 1070190
7s5c 0.431833 446913 15230 1070190
7h5c 0.431833 446913 15230 1070190
7s5s 0.431295 446376 15191.5 1070190
7s5h 0.431295 446376 15191.5 1070190
7h5h 0.431295 446376 15191.5 1070190
7h5s 0.431295 446376 15191.5 1070190
Qc9c 0.430828 450439 10628.5 1070190
QhJc 0.42947 450143 9471.5 1070190
QsJc 0.42947 450143 9471.5 1070190
QcJh 0.429463 450129 9478.5 1070190
QcJs 0.429463 450129 9478.5 1070190
QsJh 0.428773 449420 9449 1070190
QsJs 0.428773 449420 9449 1070190
QhJh 0.428773 449420 9449 1070190
QhJs 0.428773 449420 9449 1070190
Qc7d 0.428191 444679 13567 1070190
Qs7d 0.427617 444103 13528.5 1070190
Qh7d 0.427617 444103 13528.5 1070190
Qc7c 0.427427 444354 13074.5 1070190
Qc8d 0.426846 444448 12358.5 1070190
Qh8d 0.426249 443846 12321.5 1070190
Qs8d 0.426249 443846 12321.5 1070190
Qd5c 0.424804 435173 19447.5 1070190
Qc8c 0.424562 442445 11917 1070190
Qd5s 0.424262 434626 19414.5 1070190
Qd5h 0.424262 434626 19414.5 1070190
As2c 0.421493 434802 16275.5 1070190
Ah2c 0.421493 434802 16275.5 1070190
Ac2h 0.421422 434688 16313.5 1070190
Ac2s 0.421422 434688 16313.5 1070190
5c3c 0.421079 436127 14507.5 1070190
As2s 0.420846 434136 16249.5 1070190
Ah2h 0.420846 434136 16249.5 1070190
Ah2s 0.420846 434136 16249.5 1070190
As2h 0.420846 434136 16249.5 1070190
5d3c 0.420655 435134 15047 1070190
5d3h 0.420125 434605 15008.5 1070190
5d3s 0.420125 434605 15008.5 1070190
QhTc 0.420104 439301 10290.5 1070190
QsTc 0.420104 439301 10290.5 1070190
QcTh 0.420069 439253 10300.5 1070190
QcTs 0.420069 439253 10300.5 1070190
QsTs 0.419413 438584 10268 1070190
QsTh 0.419413 438584 10268 1070190
QhTh 0.419413 438584 10268 1070190
QhTs 0.419413 438584 10268 1070190
5c3d 0.417942 432306 14971.5 1070190
5h3d 0.417458 431844 14915.5 1070190
5s3d 0.417458 431844 14915.5 1070190
Qc5c 0.416096 426733 18569 1070190
Qc5d 0.415103 425016 19223.5 1070190
Qs5d 0.414578 424513 19164 1070190
Qh5d 0.414578 424513 19164 1070190
JdTc 0.403794 422012 10124.5 1070190
JdTh 0.403137 421331 10102 1070190
JdTs 0.403137 421331 10102 1070190
JcTd 0.402336 420505 10070.5 1070190
Qh9c 0.402302 419567 10973 1070190
Qs9c 0.402302 419567 10973 1070190
Qc9h 0.40223 419477 10985.5 1070190
Qc9s 0.40223 419477 10985.5 1070190
JhTd 0.401681 419836 10039 1070190
JsTd 0.401681 419836 10039 1070190
Qs9s 0.401609 418847 10950.5 1070190
Qh9s 0.401609 418847 10950.5 1070190
Qh9h 0.401609 418847 10950.5 1070190
Qs9h 0.401609 418847 10950.5 1070190
Qd3c 0.400079 408815 19346 1070190
Qd3s 0.399503 408228 19316.5 1070190
Qd3h 0.399503 408228 19316.5 1070190
Qs7c 0.399473 413947 13565.5 1070190
Qh7c 0.399473 413947 13565.5 1070190
Qc7s 0.399413 413873 13574.5 1070190
Qc7h 0.399413 413873 13574.5 1070190
Qh7s 0.398839 413297 13536 1070190
Qs7s 0.398839 413297 13536 1070190
Qs7h 0.398839 413297 13536 1070190
Qh7h 0.398839 413297 13536 1070190
JcTc 0.398013 416243 9707 1070190
5s3c 0.396256 409149 14920.5 1070190
5h3c 0.396256 409149 14920.5 1070190
5c3s 0.39621 409082 14938 1070190
5c3h 0.39621 409082 14938 1070190
Qh8c 0.396025 411484 12337.5 1070190
Qs8c 0.396025 411484 12337.5 1070190
Qc8h 0.395956 411400 12348.5 1070190
Qc8s 0.395956 411400 12348.5 1070190
5h3h 0.395726 408620 14882 1070190
5h3s 0.395726 408620 14882 1070190
5s3s 0.395726 408620 14882 1070190
5s3h 0.395726 408620 14882 1070190
Qh8h 0.395359 410798 12311.5 1070190
Qs8s 0.395359 410798 12311.5 1070190
Qs8h 0.395359 410798 12311.5 1070190
Qh8s 0.395359 410798 12311.5 1070190
8d7c 0.392021 408164 11372.5 1070190
Qc3c 0.391706 400757 18443 1070190
8d7h 0.391431 407564 11342 1070190
8d7s 0.391431 407564 11342 1070190
8c7c 0.391072 407586 10935.5 1070190
8c7d 0.390442 406533 11314 1070190
8h7d 0.389842 405931 11274.5 1070190
8s7d 0.389842 405931 11274.5 1070190
Qh5c 0.388446 396366 19345 1070190
Qs5c 0.388446 396366 19345 1070190
Qc5h 0.38843 396322 19371.5 1070190
Qc5s 0.38843 396322 19371.5 1070190
Qs5h 0.387904 395819 19312 1070190
Qh5h 0.387904 395819 19312 1070190
Qh5s 0.387904 395819 19312 1070190
Qs5s 0.387904 395819 19312 1070190
Qc3d 0.387452 395565 19082.5 1070190
Qd2c 0.387242 395865 18557 1070190
Qh3d 0.386943 395084 19019 1070190
Qs3d 0.386943 395084 19019 1070190
Qd2h 0.386637 395244 18531 1070190
Qd2s 0.386637 395244 18531 1070190
Jd9c 0.386373 402680 10812 1070190
Jd9h 0.385712 401996 10789.5 1070190
Jd9s 0.385712 401996 10789.5 1070190
Jd7c 0.383722 397303 13352.5 1070190
Jc9d 0.383664 399853 10740.5 1070190
Jd7s 0.383119 396687 13323 1070190
Jd7h 0.383119 396687 13323 1070190
Js9d 0.383044 399223 10706.5 1070190
Jh9d 0.383044 399223 10706.5 1070190
Jc9c 0.381128 397517 10362 1070190
Jd8c 0.380278 394819 12151 1070190
Jd8h 0.379646 394168 12125 1070190
Jd8s 0.379646 394168 12125 1070190
Qc2c 0.379252 388193 17678.5 1070190
Jc7c 0.378253 391995 12808 1070190
Jc7d 0.377593 390805 13291.5 1070190
Js7d 0.37702 390229 13254 1070190
Jh7d 0.37702 390229 13254 1070190
Jc8d 0.375863 390162 12083 1070190
Jh8d 0.375267 389560 12047 1070190
Js8d 0.375267 389560 12047 1070190
Jc8c 0.375019 389691 11650.5 1070190
Qc2d 0.373611 381559 18276 1070190
Jd5c 0.373429 380474 19166.5 1070190
Qh2d 0.373108 381084 18212.5 1070190
Qs2d 0.373108 381084 18212.5 1070190
Jd5s 0.372918 379960 19133.5 1070190
Jd5h 0.372918 379960 19133.5 1070190
8d5c 0.371306 381483 15884.5 1070190
8d5s 0.370807 380983 15850.5 1070190
8d5h 0.370807 380983 15850.5 1070190
8c5c 0.370203 380982 15206 1070190
JhTc 0.367934 383746 10013 1070190
JsTc 0.367934 383746 10013 1070190
JcTh 0.367931 383734 10022 1070190
JcTs 0.367931 383734 10022 1070190
8c5d 0.367647 377742 15710.5 1070190
Jc5c 0.367503 374996 18302.5 1070190
JhTh 0.367276 383065 9990.5 1070190
JhTs 0.367276 383065 9990.5 1070190
JsTh 0.367276 383065 9990.5 1070190
JsTs 0.367276 383065 9990.5 1070190
8h5d 0.367096 377207 15656 1070190
8s5d 0.367096 377207 15656 1070190
Jc5d 0.365108 371787 18948 1070190
Jh5d 0.364583 371284 18889.5 1070190
Js5d 0.364583 371284 18889.5 1070190
Qh3c 0.362925 369190 19209 1070190
Qs3c 0.362925 369190 19209 1070190
Qc3h 0.362858 369084 19243 1070190
Qc3s 0.362858 369084 19243 1070190
Qs3s 0.362349 368603 19179.5 1070190
Qs3h 0.362349 368603 19179.5 1070190
Qh3h 0.362349 368603 19179.5 1070190
Qh3s 0.362349 368603 19179.5 1070190
8c7s 0.362314 376494 11250.5 1070190
8c7h 0.362314 376494 11250.5 1070190
8h7c 0.362303 376492 11241.5 1070190
8s7c 0.362303 376492 11241.5 1070190
8h7h 0.361714 375892 11211 1070190
8h7s 0.361714 375892 11211 1070190
8s7h 0.361714 375892 11211 1070190
8s7s 0.361714 375892 11211 1070190
Td9c 0.353975 368427 10393.5 1070190
Td9h 0.353342 367772 10371 1070190
Td9s 0.353342 367772 10371 1070190
Tc9d 0.352664 367087 10331 1070190
Ts9d 0.352044 366456 10298.5 1070190
Th9d 0.352044 366456 10298.5 1070190
Tc9c 0.351053 365729 9964.5 1070190
Td7c 0.350829 362520 12934 1070190
Td7h 0.350251 361931 12904.5 1070190
Td7s 0.350251 361931 12904.5 1070190
Jh9c 0.350132 364012 10695.5 1070190
Js9c 0.350132 364012 10695.5 1070190
Jc9h 0.350092 363958 10707 1070190
Jc9s 0.350092 363958 10707 1070190
Qh2c 0.349588 355735 18390.5 1070190
Qs2c 0.349588 355735 18390.5 1070190
Qc2h 0.349487 355589 18428 1070190
Qc2s 0.349487 355589 18428 1070190
Jh9s 0.349472 363328 10673 1070190
Js9h 0.349472 363328 10673 1070190
Js9s 0.349472 363328 10673 1070190
Jh9h 0.349472 363328 10673 1070190
Qh2s 0.348983 355114 18364.5 1070190
Qs2s 0.348983 355114 18364.5 1070190
Qh2h 0.348983 355114 18364.5 1070190
Qs2h 0.348983 355114 18364.5 1070190
Jd3c 0.348107 353476 19065 1070190
Jh7c 0.347865 358994 13288 1070190
Js7c 0.347865 358994 13288 1070190
Jc7s 0.347835 358954 13296 1070190
Jc7h 0.347835 358954 13296 1070190
Tc7c 0.347699 359694 12410.5 1070190
Jd3h 0.347563 352923 19035.5 1070190
Jd3s 0.347563 352923 19035.5 1070190
Td8c 0.347441 360095 11732.5 1070190
Js7s 0.347262 358378 13258.5 1070190
Js7h 0.347262 358378 13258.5 1070190
Jh7h 0.347262 358378 13258.5 1070190
Jh7s 0.347262 358378 13258.5 1070190
Td8h 0.346834 359472 11706.5 1070190
Td8s 0.346834 359472 11706.5 1070190
Tc7d 0.346112 357524 12882 1070190
Th7d 0.345541 356948 12846 1070190
Ts7d 0.345541 356948 12846 1070190
Tc8c 0.34452 357449 11253 1070190
Tc8d 0.344433 356935 11673.5 1070190
Jh8c 0.344022 356109 12060 1070190
Js8c 0.344022 356109 12060 1070190
Jc8h 0.343986 356060 12070 1070190
Jc8s 0.343986 356060 12070 1070190
Th8d 0.343838 356333 11639 1070190
Ts8d 0.343838 356333 11639 1070190
Jh8h 0.343389 355458 12034 1070190
Js8s 0.343389 355458 12034 1070190
Js8h 0.343389 355458 12034 1070190
Jh8s 0.343389 355458 12034 1070190
Jc3c 0.342532 348398 18176.5 1070190
8c5h 0.341103 349293 15751.5 1070190
8c5s 0.341103 349293 15751.5 1070190
8h5c 0.341051 349258 15731 1070190
8s5c 0.341051 349258 15731 1070190
8h5h 0.340552 348758 15697 1070190
8s5s 0.340552 348758 15697 1070190
8h5s 0.340552 348758 15697 1070190
8s5h 0.340552 348758 15697 1070190
Jc5h 0.337472 342066 19093 1070190
Jc5s 0.337472 342066 19093 1070190
Js5c 0.337458 342077 19067.5 1070190
Jh5c 0.337458 342077 19067.5 1070190
Js5s 0.336947 341563 19034.5 1070190
Jh5h 0.336947 341563 19034.5 1070190
Jh5s 0.336947 341563 19034.5 1070190
Js5h 0.336947 341563 19034.5 1070190
Jc3d 0.336854 341691 18807 1070190
Js3d 0.336346 341210 18744.5 1070190
Jh3d 0.336346 341210 18744.5 1070190
Jd2c 0.334889 340119 18276 1070190
Jd2s 0.334317 339533 18250 1070190
Jd2h 0.334317 339533 18250 1070190
Jc2c 0.329709 335439 17412 1070190
Td5c 0.32917 333526 18748 1070190
Td5s 0.328689 333045 18715 1070190
Td5h 0.328689 333045 18715 1070190
7c3c 0.325969 333879 14970 1070190
Tc5c 0.325825 330790 17905 1070190
7d3c 0.324672 331792 15669 1070190
7d3h 0.324169 331284 15638.5 1070190
7d3s 0.324169 331284 15638.5 1070190
Jc2d 0.322628 327273 18000.5 1070190
Tc5d 0.322251 326331 18538.5 1070190
Jh2d 0.322126 326798 17938 1070190
Js2d 0.322126 326798 17938 1070190
Th5d 0.321731 325832 18481.5 1070190
Ts5d 0.321731 325832 18481.5 1070190
7c3d 0.319838 326827 15460 1070190
7s3d 0.319333 326346 15401.5 1070190
7h3d 0.319333 326346 15401.5 1070190
Th9c 0.318807 330903 10281.5 1070190
Ts9c 0.318807 330903 10281.5 1070190
Tc9s 0.318794 330879 10291.5 1070190
Tc9h 0.318794 330879 10291.5 1070190
Th9h 0.318174 330248 10259 1070190
Ts9h 0.318174 330248 10259 1070190
Ts9s 0.318174 330248 10259 1070190
Th9s 0.318174 330248 10259 1070190
Th7c 0.316032 325340 12874 1070190
Ts7c 0.316032 325340 12874 1070190
Tc7s 0.316026 325327 12880.5 1070190
Tc7h 0.316026 325327 12880.5 1070190
Ts7s 0.315454 324751 12844.5 1070190
Ts7h 0.315454 324751 12844.5 1070190
Th7h 0.315454 324751 12844.5 1070190
Th7s 0.315454 324751 12844.5 1070190
9d7c 0.313718 324149 11589 1070190
9d7s 0.313168 323586 11563 1070190
9d7h 0.313168 323586 11563 1070190
9c7c 0.312933 323780 11117.5 1070190
Ts8c 0.312246 322517 11646 1070190
Th8c 0.312246 322517 11646 1070190
Tc8s 0.312235 322496 11654.5 1070190
Tc8h 0.312235 322496 11654.5 1070190
Ts8h 0.31164 321894 11620 1070190
Th8h 0.31164 321894 11620 1070190
Ts8s 0.31164 321894 11620 1070190
Th8s 0.31164 321894 11620 1070190
Jh3c 0.311317 314237 18931.5 1070190
Js3c 0.311317 314237 18931.5 1070190
Jc3s 0.311281 314165 18964.5 1070190
Jc3h 0.311281 314165 18964.5 1070190
Jh3h 0.310773 313684 18902 1070190
Js3h 0.310773 313684 18902 1070190
Jh3s 0.310773 313684 18902 1070190
Js3s 0.310773 313684 18902 1070190
9d8c 0.310385 321783 10387.5 1070190
5c2c 0.310318 317957 14142.5 1070190
9c7d 0.310297 320545 11532 1070190
9c8c 0.309809 321594 9960 1070190
9d8h 0.309807 321187 10365 1070190
9d8s 0.309807 321187 10365 1070190
9s7d 0.309724 319966 11498 1070190
9h7d 0.309724 319966 11498 1070190
9c8d 0.308668 320010 10323.5 1070190
9h8d 0.308072 319405 10291 1070190
9s8d 0.308072 319405 10291 1070190
5d2c 0.30722 314090 14694 1070190
5d2s 0.306728 313594 14663.5 1070190
5d2h 0.306728 313594 14663.5 1070190
Td3c 0.303634 306300 18646.5 1070190
5c2d 0.303462 310154 14608.5 1070190
Td3h 0.303122 305781 18617 1070190
Td3s 0.303122 305781 18617 1070190
5h2d 0.303042 309756 14557 1070190
5s2d 0.303042 309756 14557 1070190
Tc3c 0.300642 303965 17779 1070190
Jh2c 0.297585 300360 18113 1070190
Js2c 0.297585 300360 18113 1070190
Jc2h 0.297516 300249 18149.5 1070190
Jc2s 0.297516 300249 18149.5 1070190
Js2s 0.297014 299774 18087 1070190
Jh2h 0.297014 299774 18087 1070190
Js2h 0.297014 299774 18087 1070190
Jh2s 0.297014 299774 18087 1070190
7c3h 0.294982 300162 15525 1070190
7c3s 0.294982 300162 15525 1070190
7s3c 0.294981 300189 15497 1070190
7h3c 0.294981 300189 15497 1070190
7s3s 0.294478 299681 15466.5 1070190
7s3h 0.294478 299681 15466.5 1070190
7h3h 0.294478 299681 15466.5 1070190
7h3s 0.294478 299681 15466.5 1070190
Tc5s 0.29382 295766 18677.5 1070190
Tc5h 0.29382 295766 18677.5 1070190
Ts5c 0.293781 295748 18653.5 1070190
Th5c 0.293781 295748 18653.5 1070190
Tc3d 0.293774 295997 18397.5 1070190
Ts5h 0.293301 295267 18620.5 1070190
Th5h 0.293301 295267 18620.5 1070190
Ts5s 0.293301 295267 18620.5 1070190
Th5s 0.293301 295267 18620.5 1070190
Ts3d 0.293271 295519 18336.5 1070190
Th3d 0.293271 295519 18336.5 1070190
9d5c 0.292221 295329 17403 1070190
9d5s 0.291767 294873 17373.5 1070190
9d5h 0.291767 294873 17373.5 1070190
9c5c 0.291216 295044 16612 1070190
Td2c 0.290254 292769 17857.5 1070190
Td2h 0.289714 292218 17831.5 1070190
Td2s 0.289714 292218 17831.5 1070190
Tc2c 0.287662 290838 17014.5 1070190
9c5d 0.286603 289531 17188.5 1070190
9h5d 0.286082 289029 17133.5 1070190
9s5d 0.286082 289029 17133.5 1070190
9c7h 0.279578 287689 11513 1070190
9c7s 0.279578 287689 11513 1070190
9s7c 0.279556 287673 11505 1070190
9h7c 0.279556 287673 11505 1070190
5s2c 0.279508 284521 14606 1070190
5h2c 0.279508 284521 14606 1070190
5c2h 0.279436 284423 14627 1070190
5c2s 0.279436 284423 14627 1070190
Tc2d 0.279381 281400 17591 1070190
5h2s 0.279016 284025 14575.5 1070190
5s2h 0.279016 284025 14575.5 1070190
5s2s 0.279016 284025 14575.5 1070190
5h2h 0.279016 284025 14575.5 1070190
9h7s 0.279006 287110 11479 1070190
9h7h 0.279006 287110 11479 1070190
9s7h 0.279006 287110 11479 1070190
9s7s 0.279006 287110 11479 1070190
3c2c 0.278919 287476 11020 1070190
Ts2d 0.278883 280928 17530 1070190
Th2d 0.278883 280928 17530 1070190
9c8s 0.275846 284921 10287 1070190
9c8h 0.275846 284921 10287 1070190
9s8c 0.275829 284912 10277 1070190
9h8c 0.275829 284912 10277 1070190
9s8h 0.275251 284316 10254.5 1070190
9s8s 0.275251 284316 10254.5 1070190
9h8h 0.275251 284316 10254.5 1070190
9h8s 0.275251 284316 10254.5 1070190
3d2c 0.272051 279792 11354.5 1070190
3d2h 0.271599 279339 11324 1070190
3d2s 0.271599 279339 11324 1070190
3c2d 0.271164 278853 11344.5 1070190
3s2d 0.27074 278433 11310.5 1070190
3h2d 0.27074 278433 11310.5 1070190
Ts3c 0.267413 267665 18517.5 1070190
Th3c 0.267413 267665 18517.5 1070190
Tc3h 0.267404 267624 18549 1070190
Tc3s 0.267404 267624 18549 1070190
Ts3s 0.2669 267146 18488 1070190
Ts3h 0.2669 267146 18488 1070190
Th3h 0.2669 267146 18488 1070190
Th3s 0.2669 267146 18488 1070190
9d3c 0.265623 266177 18090.5 1070190
9d3h 0.265143 265692 18061 1070190
9d3s 0.265143 265692 18061 1070190
9c3c 0.265004 266354 17250.5 1070190
9c5s 0.25754 258307 17310 1070190
9c5h 0.25754 258307 17310 1070190
9h5c 0.257473 258261 17284.5 1070190
9s5c 0.257473 258261 17284.5 1070190
9c3d 0.257038 257226 17854 1070190
9s5h 0.25702 257805 17255 1070190
9h5h 0.25702 257805 17255 1070190
9h5s 0.25702 257805 17255 1070190
9s5s 0.25702 257805 17255 1070190
9s3d 0.256534 256745 17795 1070190
9h3d 0.256534 256745 17795 1070190
Th2c 0.253513 253608 17699 1070190
Ts2c 0.253513 253608 17699 1070190
Tc2s 0.253472 253529 17734 1070190
Tc2h 0.253472 253529 17734 1070190
Th2h 0.252974 253057 17673 1070190
Th2s 0.252974 253057 17673 1070190
Ts2h 0.252974 253057 17673 1070190
Ts2s 0.252974 253057 17673 1070190
9d2c 0.252298 252705 17301.5 1070190
9c2c 0.252079 253286 16486 1070190
9d2h 0.251791 252189 17275.5 1070190
9d2s 0.251791 252189 17275.5 1070190
3s2c 0.246343 252349 11285 1070190
3h2c 0.246343 252349 11285 1070190
3c2s 0.246316 252316 11288.5 1070190
3c2h 0.246316 252316 11288.5 1070190
3s2h 0.245891 251896 11254.5 1070190
3h2h 0.245891 251896 11254.5 1070190
3h2s 0.245891 251896 11254.5 1070190
3s2s 0.245891 251896 11254.5 1070190
9c2d 0.242696 242683 17047.5 1070190
9h2d 0.242197 242208 16988.5 1070190
9s2d 0.242197 242208 16988.5 1070190
8c3c 0.238334 239084 15979 1070190
8d3c 0.236744 236598 16763.5 1070190
8d3s 0.236291 236139 16737.5 1070190
8d3h 0.236291 236139 16737.5 1070190
8c2c 0.235608 236166 15979 1070190
8d2c 0.233851 233502 16763.5 1070190
8d2s 0.233369 233012 16737.5 1070190
8d2h 0.233369 233012 16737.5 1070190
9c3h 0.230028 228177 17996.5 1070190
9c3s 0.230028 228177 17996.5 1070190
9s3c 0.230004 228181 17967 1070190
9h3c 0.230004 228181 17967 1070190
8c3d 0.229819 229421 16529 1070190
9h3s 0.229523 227696 17937.5 1070190
9h3h 0.229523 227696 17937.5 1070190
9s3h 0.229523 227696 17937.5 1070190
9s3s 0.229523 227696 17937.5 1070190
8h3d 0.229339 228964 16472 1070190
8s3d 0.229339 228964 16472 1070190
8c2d 0.225897 225224 16529 1070190
8h2d 0.225417 224767 16472 1070190
8s2d 0.225417 224767 16472 1070190
9s2c 0.216162 214186 17148.5 1070190
9h2c 0.216162 214186 17148.5 1070190
9c2h 0.216155 214145 17181.5 1070190
9c2s 0.216155 214145 17181.5 1070190
9h2h 0.215656 213670 17122.5 1070190
9s2s 0.215656 213670 17122.5 1070190
9s2h 0.215656 213670 17122.5 1070190
9h2s 0.215656 213670 17122.5 1070190
7c2c 0.214546 215213 14391.5 1070190
7d2c 0.210752 210437 15107.5 1070190
7d2s 0.210298 209974 15085 1070190
7d2h 0.210298 209974 15085 1070190
7c2d 0.204459 203925 14885 1070190
7h2d 0.204006 203494 14831 1070190
7s2d 0.204006 203494 14831 1070190
8c3h 0.202334 199873 16662.5 1070190
8c3s 0.202334 199873 16662.5 1070190
8s3c 0.202307 199875 16631.5 1070190
8h3c 0.202307 199875 16631.5 1070190
8s3s 0.201853 199416 16605.5 1070190
8s3h 0.201853 199416 16605.5 1070190
8h3h 0.201853 199416 16605.5 1070190
8h3s 0.201853 199416 16605.5 1070190
8h2c 0.199318 196677 16631.5 1070190
8s2c 0.199318 196677 16631.5 1070190
8c2s 0.199316 196644 16662.5 1070190
8c2h 0.199316 196644 16662.5 1070190
8s2h 0.198836 196187 16605.5 1070190
8s2s 0.198836 196187 16605.5 1070190
8h2s 0.198836 196187 16605.5 1070190
8h2h 0.198836 196187 16605.5 1070190
7s2c 0.17753 175022 14969 1070190
7h2c 0.17753 175022 14969 1070190
7c2s 0.17753 174990 15000.5 1070190
7c2h 0.17753 174990 15000.5 1070190
7s2h 0.177077 174559 14946.5 1070190
7s2s 0.177077 174559 14946.5 1070190
7h2s 0.177077 174559 14946.5 1070190
7h2h 0.177077 174559 14946.5 1070190
