Ac8c 0.982454 1051412 0 1070190
Ac5c 0.982412 1051368 0 1070190
Ac6c 0.982412 1051368 0 1070190
Ac9c 0.982178 1051117 0 1070190
AcTc 0.982178 1051117 0 1070190
Ac3c 0.982166 1051104 0 1070190
AcKc 0.981931 1050853 0 1070190
AcQc 0.981931 1050853 0 1070190
Ac2c 0.981925 1050846 0 1070190
Kc8c 0.965606 1033382 0 1070190
Kc5c 0.965569 1033342 0 1070190
Kc6c 0.965566 1033339 0 1070190
KcTc 0.965329 1033085 0 1070190
Kc9c 0.965329 1033085 0 1070190
Kc3c 0.965283 1033036 0 1070190
KcQc 0.965084 1032823 0 1070190
Kc2c 0.965004 1032738 0 1070190
Qc8c 0.949679 1016337 0 1070190
Qc5c 0.949643 1016298 0 1070190
Qc6c 0.94964 1016295 0 1070190
QcTc 0.949365 1016001 0 1070190
Qc9c 0.949365 1016001 0 1070190
Qc3c 0.949318 1015951 0 1070190
Qc2c 0.949003 1015614 0 1070190
Tc8c 0.940298 1006298 0 1070190
Tc9c 0.940063 1006046 0 1070190
Tc5c 0.934998 1000626 0 1070190
Tc6c 0.934996 1000623 0 1070190
Tc3c 0.934638 1000240 0 1070190
Tc2c 0.934287 999865 0 1070190
9c8c 0.926177 991185 0 1070190
9c5c 0.920916 985555 0 1070190
9c6c 0.920913 985552 0 1070190
9c3c 0.920519 985130 0 1070190
9c2c 0.920134 984718 0 1070190
8c5c 0.916517 980847 0 1070190
8c6c 0.916515 980845 0 1070190
6c5c 0.914565 978758 0 1070190
8c3c 0.907559 971261 0 1070190
8c2c 0.907363 971051 0 1070190
6c3c 0.90573 969303 0 1070190
6c2c 0.895363 958208 0 1070190
5c3c 0.894579 957369 0 1070190
AdAc 0.88863 950688 315 1070190
AsAc 0.88863 950688 315 1070190
AhAc 0.88863 950688 315 1070190
5c2c 0.884211 946274 0 1070190
AcJd 0.875828 934941 2361 1070190
AcJh 0.875828 934941 2361 1070190
AcJs 0.875828 934941 2361 1070190
3c2c 0.864514 915561 9633 1070190
KsKc 0.863605 923906 315 1070190
KhKc 0.863605 923906 315 1070190
KdKc 0.863605 923906 315 1070190
KcJs 0.857936 915191 2964 1070190
KcJh 0.857936 915191 2964 1070190
KcJd 0.857936 915191 2964 1070190
QcJd 0.840512 896013 3495 1070190
QcJh 0.840512 896013 3495 1070190
QcJs 0.840512 896013 3495 1070190
QdQc 0.838845 897408 315 1070190
QsQc 0.838845 897408 315 1070190
QhQc 0.838845 897408 315 1070190
JhJd 0.832994 875298 16163.5 1070190
JsJh 0.832994 875298 16163.5 1070190
JsJd 0.832994 875298 16163.5 1070190
7s7h 0.82671 868509 16228 1070190
7s7d 0.82671 868509 16228 1070190
7h7d 0.82671 868509 16228 1070190
4s4h 0.820186 861471 16283.5 1070190
4s4d 0.820186 861471 16283.5 1070190
4h4d 0.820186 861471 16283.5 1070190
JsTc 0.818005 870967 4453.5 1070190
JhTc 0.818005 870967 4453.5 1070190
JdTc 0.818005 870967 4453.5 1070190
Ac7d 0.806283 860358 2518.5 1070190
Ac7h 0.806283 860358 2518.5 1070190
Ac7s 0.806283 860358 2518.5 1070190
Jh9c 0.801695 853125 4840.5 1070190
Js9c 0.801695 853125 4840.5 1070190
Jd9c 0.801695 853125 4840.5 1070190
Jh8c 0.790042 839840 5655 1070190
Js8c 0.790042 839840 5655 1070190
Jd8c 0.790042 839840 5655 1070190
Kc7s 0.788392 840608 3121.5 1070190
Kc7h 0.788392 840608 3121.5 1070190
Kc7d 0.788392 840608 3121.5 1070190
TdTc 0.77101 824461 666 1070190
ThTc 0.77101 824461 666 1070190
TsTc 0.77101 824461 666 1070190
Qc7d 0.770968 821430 3652.5 1070190
Qc7h 0.770968 821430 3652.5 1070190
Qc7s 0.770968 821430 3652.5 1070190
Js6c 0.770879 816443 8544 1070190
Jd6c 0.770879 816443 8544 1070190
Jh6c 0.770879 816443 8544 1070190
Jd7s 0.76477 799578 18871.5 1070190
Jd7h 0.76477 799578 18871.5 1070190
Jd7d 0.76477 799578 18871.5 1070190
Jh7s 0.76477 799578 18871.5 1070190
Jh7h 0.76477 799578 18871.5 1070190
Jh7d 0.76477 799578 18871.5 1070190
Js7d 0.76477 799578 18871.5 1070190
Js7h 0.76477 799578 18871.5 1070190
Js7s 0.76477 799578 18871.5 1070190
Js5c 0.757109 801232 9018 1070190
Jh5c 0.757109 801232 9018 1070190
Jd5c 0.757109 801232 9018 1070190
Tc7h 0.753243 798865 7248 1070190
Tc7d 0.753243 798865 7248 1070190
Tc7s 0.753243 798865 7248 1070190
Js4s 0.75194 783387 21331.5 1070190
Js4h 0.75194 783387 21331.5 1070190
Js4d 0.75194 783387 21331.5 1070190
Jd4s 0.75194 783387 21331.5 1070190
Jd4h 0.75194 783387 21331.5 1070190
Jd4d 0.75194 783387 21331.5 1070190
Jh4s 0.75194 783387 21331.5 1070190
Jh4h 0.75194 783387 21331.5 1070190
Jh4d 0.75194 783387 21331.5 1070190
9d9c 0.74733 799119 666 1070190
9s9c 0.74733 799119 666 1070190
9h9c 0.74733 799119 666 1070190
Ac4s 0.746553 795711 3243 1070190
Ac4h 0.746553 795711 3243 1070190
Ac4d 0.746553 795711 3243 1070190
9c7s 0.737149 780834 8055 1070190
9c7h 0.737149 780834 8055 1070190
9c7d 0.737149 780834 8055 1070190
Js3c 0.731022 763312 19020 1070190
Jh3c 0.731022 763312 19020 1070190
Jd3c 0.731022 763312 19020 1070190
8d8c 0.730403 780653 1017 1070190
8h8c 0.730403 780653 1017 1070190
8s8c 0.730403 780653 1017 1070190
Kc4h 0.727628 774935 3765 1070190
Kc4d 0.727628 774935 3765 1070190
Kc4s 0.727628 774935 3765 1070190
8c7s 0.726216 767984 9205.5 1070190
8c7d 0.726216 767984 9205.5 1070190
8c7h 0.726216 767984 9205.5 1070190
7s4h 0.724898 753999 21780 1070190
7s4s 0.724898 753999 21780 1070190
7s4d 0.724898 753999 21780 1070190
7h4s 0.724898 753999 21780 1070190
7h4h 0.724898 753999 21780 1070190
7h4d 0.724898 753999 21780 1070190
7d4s 0.724898 753999 21780 1070190
7d4h 0.724898 753999 21780 1070190
7d4d 0.724898 753999 21780 1070190
Jd2c 0.714818 743307 21684 1070190
Js2c 0.714818 743307 21684 1070190
Jh2c 0.714818 743307 21684 1070190
Qc4s 0.709296 754866 4215 1070190
Qc4h 0.709296 754866 4215 1070190
Qc4d 0.709296 754866 4215 1070190
AsAd 0.705188 738207 16478.5 1070190
AsAh 0.705188 738207 16478.5 1070190
AhAd 0.705188 738207 16478.5 1070190
7h6c 0.702479 741797 9988.5 1070190
7s6c 0.702479 741797 9988.5 1070190
7d6c 0.702479 741797 9988.5 1070190
Tc4d 0.691394 732292 7630.5 1070190
Tc4h 0.691394 732292 7630.5 1070190
Tc4s 0.691394 732292 7630.5 1070190
KhKd 0.689908 721854 16478.5 1070190
KsKh 0.689908 721854 16478.5 1070190
KsKd 0.689908 721854 16478.5 1070190
7d5c 0.688708 726586 10462.5 1070190
7s5c 0.688708 726586 10462.5 1070190
7h5c 0.688708 726586 10462.5 1070190
AcKs 0.687392 731415 4225.5 1070190
AcKh 0.687392 731415 4225.5 1070190
AcKd 0.687392 731415 4225.5 1070190
AsJs 0.685566 714531 19154.5 1070190
AsJh 0.685566 714531 19154.5 1070190
AhJs 0.685566 714531 19154.5 1070190
AhJh 0.685566 714531 19154.5 1070190
AsJd 0.685566 714531 19154.5 1070190
AdJd 0.685566 714531 19154.5 1070190
AdJh 0.685566 714531 19154.5 1070190
AdJs 0.685566 714531 19154.5 1070190
AhJd 0.685566 714531 19154.5 1070190
AcQs 0.681315 724911 4225.5 1070190
AcQd 0.681315 724911 4225.5 1070190
AcQh 0.681315 724911 4225.5 1070190
KsJh 0.679774 707577 19910.5 1070190
KsJd 0.679774 707577 19910.5 1070190
KhJs 0.679774 707577 19910.5 1070190
KsJs 0.679774 707577 19910.5 1070190
KdJs 0.679774 707577 19910.5 1070190
KhJh 0.679774 707577 19910.5 1070190
KhJd 0.679774 707577 19910.5 1070190
KdJd 0.679774 707577 19910.5 1070190
KdJh 0.679774 707577 19910.5 1070190
9c4s 0.674643 713640 8356.5 1070190
9c4d 0.674643 713640 8356.5 1070190
9c4h 0.674643 713640 8356.5 1070190
QsQh 0.674627 705501 16478.5 1070190
QsQd 0.674627 705501 16478.5 1070190
QhQd 0.674627 705501 16478.5 1070190
AcTh 0.6743 714978 6651 1070190
AcTs 0.6743 714978 6651 1070190
AcTd 0.6743 714978 6651 1070190
QhJd 0.674235 700983 20576.5 1070190
QdJh 0.674235 700983 20576.5 1070190
QdJs 0.674235 700983 20576.5 1070190
QsJd 0.674235 700983 20576.5 1070190
QsJh 0.674235 700983 20576.5 1070190
QdJd 0.674235 700983 20576.5 1070190
QhJh 0.674235 700983 20576.5 1070190
QsJs 0.674235 700983 20576.5 1070190
QhJs 0.674235 700983 20576.5 1070190
AsKc 0.673771 716945 4117.5 1070190
AdKc 0.673771 716945 4117.5 1070190
AhKc 0.673771 716945 4117.5 1070190
Ac8d 0.664619 703191 8077.5 1070190
Ac8s 0.664619 703191 8077.5 1070190
Ac8h 0.664619 703191 8077.5 1070190
8c4d 0.66435 701555 9426 1070190
8c4h 0.66435 701555 9426 1070190
8c4s 0.66435 701555 9426 1070190
Ac9d 0.663457 702834 7191 1070190
Ac9h 0.663457 702834 7191 1070190
Ac9s 0.663457 702834 7191 1070190
JdTd 0.662591 687305 21793 1070190
JhTs 0.662591 687305 21793 1070190
JhTh 0.662591 687305 21793 1070190
JhTd 0.662591 687305 21793 1070190
JsTd 0.662591 687305 21793 1070190
JsTh 0.662591 687305 21793 1070190
JsTs 0.662591 687305 21793 1070190
JdTh 0.662591 687305 21793 1070190
JdTs 0.662591 687305 21793 1070190
7s3c 0.661503 687361 20572.5 1070190
7h3c 0.661503 687361 20572.5 1070190
7d3c 0.661503 687361 20572.5 1070190
Jd8d 0.659609 682591 23315.5 1070190
Jd8s 0.659609 682591 23315.5 1070190
Jd8h 0.659609 682591 23315.5 1070190
Js8d 0.659609 682591 23315.5 1070190
Jh8h 0.659609 682591 23315.5 1070190
Jh8s 0.659609 682591 23315.5 1070190
Js8s 0.659609 682591 23315.5 1070190
Jh8d 0.659609 682591 23315.5 1070190
Js8h 0.659609 682591 23315.5 1070190
Jd9d 0.657506 681377 22279 1070190
Jd9h 0.657506 681377 22279 1070190
Jh9s 0.657506 681377 22279 1070190
Jd9s 0.657506 681377 22279 1070190
Jh9h 0.657506 681377 22279 1070190
Js9s 0.657506 681377 22279 1070190
Js9h 0.657506 681377 22279 1070190
Jh9d 0.657506 681377 22279 1070190
Js9d 0.657506 681377 22279 1070190
AsQc 0.654589 696417 4117.5 1070190
AhQc 0.654589 696417 4117.5 1070190
AdQc 0.654589 696417 4117.5 1070190
6d6c 0.654259 699029 1152 1070190
6h6c 0.654259 699029 1152 1070190
6s6c 0.654259 699029 1152 1070190
Ac5h 0.652983 685788 13027.5 1070190
Ac5d 0.652983 685788 13027.5 1070190
Ac5s 0.652983 685788 13027.5 1070190
Ac6s 0.650255 683589 12307.5 1070190
Ac6h 0.650255 683589 12307.5 1070190
Ac6d 0.650255 683589 12307.5 1070190
Js6s 0.649629 667699 27527.5 1070190
Js6h 0.649629 667699 27527.5 1070190
Jh6h 0.649629 667699 27527.5 1070190
Js6d 0.649629 667699 27527.5 1070190
Jd6s 0.649629 667699 27527.5 1070190
Jh6d 0.649629 667699 27527.5 1070190
Jd6d 0.649629 667699 27527.5 1070190
Jd6h 0.649629 667699 27527.5 1070190
Jh6s 0.649629 667699 27527.5 1070190
Js5h 0.647381 664594 28226.5 1070190
Js5s 0.647381 664594 28226.5 1070190
Js5d 0.647381 664594 28226.5 1070190
Jh5s 0.647381 664594 28226.5 1070190
Jd5s 0.647381 664594 28226.5 1070190
Jd5h 0.647381 664594 28226.5 1070190
Jd5d 0.647381 664594 28226.5 1070190
Jh5d 0.647381 664594 28226.5 1070190
Jh5h 0.647381 664594 28226.5 1070190
6c4d 0.645332 678947 11680.5 1070190
6c4h 0.645332 678947 11680.5 1070190
6c4s 0.645332 678947 11680.5 1070190
7s2c 0.64482 666843 23236.5 1070190
7h2c 0.64482 666843 23236.5 1070190
7d2c 0.64482 666843 23236.5 1070190
Jd3s 0.639257 655874 28252 1070190
Jd3h 0.639257 655874 28252 1070190
Jd3d 0.639257 655874 28252 1070190
Jh3d 0.639257 655874 28252 1070190
Js3h 0.639257 655874 28252 1070190
Js3d 0.639257 655874 28252 1070190
Jh3s 0.639257 655874 28252 1070190
Jh3h 0.639257 655874 28252 1070190
Js3s 0.639257 655874 28252 1070190
Ac3s 0.638231 669987 13041 1070190
Ac3h 0.638231 669987 13041 1070190
Ac3d 0.638231 669987 13041 1070190
KcQd 0.634789 675281 4063.5 1070190
KcQh 0.634789 675281 4063.5 1070190
KcQs 0.634789 675281 4063.5 1070190
Jd2d 0.63409 650985 27611.5 1070190
Jd2s 0.63409 650985 27611.5 1070190
Js2s 0.63409 650985 27611.5 1070190
Js2h 0.63409 650985 27611.5 1070190
Js2d 0.63409 650985 27611.5 1070190
Jh2s 0.63409 650985 27611.5 1070190
Jh2d 0.63409 650985 27611.5 1070190
Jd2h 0.63409 650985 27611.5 1070190
Jh2h 0.63409 650985 27611.5 1070190
5c4s 0.63257 665308 11662.5 1070190
5c4h 0.63257 665308 11662.5 1070190
5c4d 0.63257 665308 11662.5 1070190
5s5c 0.632322 675589 1116 1070190
5h5c 0.632322 675589 1116 1070190
5d5c 0.632322 675589 1116 1070190
AsTc 0.631258 669307 6259.5 1070190
AdTc 0.631258 669307 6259.5 1070190
AhTc 0.631258 669307 6259.5 1070190
Ac2d 0.630691 662373 12586.5 1070190
Ac2h 0.630691 662373 12586.5 1070190
Ac2s 0.630691 662373 12586.5 1070190
KcTh 0.627513 665069 6489 1070190
KcTd 0.627513 665069 6489 1070190
KcTs 0.627513 665069 6489 1070190
KhQc 0.621411 661059 3969 1070190
KdQc 0.621411 661059 3969 1070190
KsQc 0.621411 661059 3969 1070190
Kc9h 0.616662 652916 7029 1070190
Kc9s 0.616662 652916 7029 1070190
Kc9d 0.616662 652916 7029 1070190
Kc8s 0.612483 647558 7915.5 1070190
Kc8h 0.612483 647558 7915.5 1070190
Kc8d 0.612483 647558 7915.5 1070190
Ah9c 0.607957 643875 6754.5 1070190
Ad9c 0.607957 643875 6754.5 1070190
As9c 0.607957 643875 6754.5 1070190
TsTh 0.599578 624773 16889.5 1070190
ThTd 0.599578 624773 16889.5 1070190
TsTd 0.599578 624773 16889.5 1070190
Kc6d 0.598246 628091 12145.5 1070190
Kc6h 0.598246 628091 12145.5 1070190
Kc6s 0.598246 628091 12145.5 1070190
4s3c 0.598026 618880 21121.5 1070190
4h3c 0.598026 618880 21121.5 1070190
4d3c 0.598026 618880 21121.5 1070190
KsTc 0.597837 633688 6111 1070190
KdTc 0.597837 633688 6111 1070190
KhTc 0.597837 633688 6111 1070190
As8c 0.596112 630317 7636.5 1070190
Ah8c 0.596112 630317 7636.5 1070190
Ad8c 0.596112 630317 7636.5 1070190
Kc5d 0.595238 624152 12865.5 1070190
Kc5h 0.595238 624152 12865.5 1070190
Kc5s 0.595238 624152 12865.5 1070190
Ah7s 0.587683 609645 19288 1070190
Ah7h 0.587683 609645 19288 1070190
Ah7d 0.587683 609645 19288 1070190
Ad7h 0.587683 609645 19288 1070190
As7s 0.587683 609645 19288 1070190
Ad7s 0.587683 609645 19288 1070190
As7h 0.587683 609645 19288 1070190
As7d 0.587683 609645 19288 1070190
Ad7d 0.587683 609645 19288 1070190
9h9d 0.584892 609056 16889.5 1070190
9s9d 0.584892 609056 16889.5 1070190
9s9h 0.584892 609056 16889.5 1070190
Tc9s 0.584025 617086 7932 1070190
Tc9h 0.584025 617086 7932 1070190
Tc9d 0.584025 617086 7932 1070190
Ks7d 0.581892 602691 20044 1070190
Kd7d 0.581892 602691 20044 1070190
Kh7s 0.581892 602691 20044 1070190
Kh7h 0.581892 602691 20044 1070190
Kh7d 0.581892 602691 20044 1070190
Kd7s 0.581892 602691 20044 1070190
Kd7h 0.581892 602691 20044 1070190
Ks7h 0.581892 602691 20044 1070190
Ks7s 0.581892 602691 20044 1070190
QcTd 0.580154 615003 5872.5 1070190
QcTh 0.580154 615003 5872.5 1070190
QcTs 0.580154 615003 5872.5 1070190
4h2c 0.58014 597111 23749.5 1070190
4d2c 0.58014 597111 23749.5 1070190
4s2c 0.58014 597111 23749.5 1070190
8s8d 0.580081 603496 17300.5 1070190
8h8d 0.580081 603496 17300.5 1070190
8s8h 0.580081 603496 17300.5 1070190
Kc3h 0.580015 607847 12879 1070190
Kc3s 0.580015 607847 12879 1070190
Kc3d 0.580015 607847 12879 1070190
Tc8d 0.579309 611584 8386.5 1070190
Tc8h 0.579309 611584 8386.5 1070190
Tc8s 0.579309 611584 8386.5 1070190
Qh7h 0.576353 596097 20710 1070190
Qd7h 0.576353 596097 20710 1070190
Qh7d 0.576353 596097 20710 1070190
Qd7s 0.576353 596097 20710 1070190
Qs7d 0.576353 596097 20710 1070190
Qh7s 0.576353 596097 20710 1070190
Qd7d 0.576353 596097 20710 1070190
Qs7h 0.576353 596097 20710 1070190
Qs7s 0.576353 596097 20710 1070190
Kh9c 0.574544 608265 6606 1070190
Ks9c 0.574544 608265 6606 1070190
Kd9c 0.574544 608265 6606 1070190
Kc2s 0.572896 600683 12424.5 1070190
Kc2h 0.572896 600683 12424.5 1070190
Kc2d 0.572896 600683 12424.5 1070190
Td7d 0.572118 586550 25724.5 1070190
Ts7h 0.572118 586550 25724.5 1070190
Ts7d 0.572118 586550 25724.5 1070190
Ts7s 0.572118 586550 25724.5 1070190
Th7s 0.572118 586550 25724.5 1070190
Th7h 0.572118 586550 25724.5 1070190
Th7d 0.572118 586550 25724.5 1070190
Td7s 0.572118 586550 25724.5 1070190
Td7h 0.572118 586550 25724.5 1070190
Td9c 0.571418 603789 7737 1070190
Ts9c 0.571418 603789 7737 1070190
Th9c 0.571418 603789 7737 1070190
8h7s 0.570571 582184 28435 1070190
8s7s 0.570571 582184 28435 1070190
8h7h 0.570571 582184 28435 1070190
8h7d 0.570571 582184 28435 1070190
8d7s 0.570571 582184 28435 1070190
8d7h 0.570571 582184 28435 1070190
8d7d 0.570571 582184 28435 1070190
8s7d 0.570571 582184 28435 1070190
8s7h 0.570571 582184 28435 1070190
Qc9d 0.569303 602850 6412.5 1070190
Qc9h 0.569303 602850 6412.5 1070190
Qc9s 0.569303 602850 6412.5 1070190
Ad6c 0.567763 596342 11272.5 1070190
As6c 0.567763 596342 11272.5 1070190
Ah6c 0.567763 596342 11272.5 1070190
9h7h 0.567369 580322 26870.5 1070190
9d7d 0.567369 580322 26870.5 1070190
9d7h 0.567369 580322 26870.5 1070190
9s7s 0.567369 580322 26870.5 1070190
9s7h 0.567369 580322 26870.5 1070190
9s7d 0.567369 580322 26870.5 1070190
9d7s 0.567369 580322 26870.5 1070190
9h7s 0.567369 580322 26870.5 1070190
9h7d 0.567369 580322 26870.5 1070190
Qc8s 0.565217 597591 7299 1070190
Qc8h 0.565217 597591 7299 1070190
Qc8d 0.565217 597591 7299 1070190
QdTc 0.563616 597700 5476.5 1070190
QhTc 0.563616 597700 5476.5 1070190
QsTc 0.563616 597700 5476.5 1070190
Ah5c 0.558214 585487 11908.5 1070190
Ad5c 0.558214 585487 11908.5 1070190
As5c 0.558214 585487 11908.5 1070190
Kh8c 0.557334 588965 7488 1070190
Ks8c 0.557334 588965 7488 1070190
Kd8c 0.557334 588965 7488 1070190
7d6d 0.554177 563473 29602 1070190
7d6s 0.554177 563473 29602 1070190
7s6s 0.554177 563473 29602 1070190
7h6s 0.554177 563473 29602 1070190
7h6h 0.554177 563473 29602 1070190
7h6d 0.554177 563473 29602 1070190
7s6h 0.554177 563473 29602 1070190
7d6h 0.554177 563473 29602 1070190
7s6d 0.554177 563473 29602 1070190
Th8c 0.553914 584570 8223 1070190
Td8c 0.553914 584570 8223 1070190
Ts8c 0.553914 584570 8223 1070190
7d5s 0.551929 560368 30301 1070190
7d5d 0.551929 560368 30301 1070190
7h5d 0.551929 560368 30301 1070190
7h5h 0.551929 560368 30301 1070190
7h5s 0.551929 560368 30301 1070190
7s5s 0.551929 560368 30301 1070190
7d5h 0.551929 560368 30301 1070190
7s5d 0.551929 560368 30301 1070190
7s5h 0.551929 560368 30301 1070190
Qc6h 0.550589 577251 11983.5 1070190
Qc6s 0.550589 577251 11983.5 1070190
Qc6d 0.550589 577251 11983.5 1070190
Qc5s 0.547581 573312 12703.5 1070190
Qc5h 0.547581 573312 12703.5 1070190
Qc5d 0.547581 573312 12703.5 1070190
9c8d 0.542671 573297 7464 1070190
9c8h 0.542671 573297 7464 1070190
9c8s 0.542671 573297 7464 1070190
7d3h 0.542129 549755 30425.5 1070190
7d3s 0.542129 549755 30425.5 1070190
7h3d 0.542129 549755 30425.5 1070190
7h3h 0.542129 549755 30425.5 1070190
7h3s 0.542129 549755 30425.5 1070190
7d3d 0.542129 549755 30425.5 1070190
7s3d 0.542129 549755 30425.5 1070190
7s3h 0.542129 549755 30425.5 1070190
7s3s 0.542129 549755 30425.5 1070190
Qh9c 0.540323 572277 5971.5 1070190
Qs9c 0.540323 572277 5971.5 1070190
Qd9c 0.540323 572277 5971.5 1070190
3d3c 0.539424 564880 12406.5 1070190
3h3c 0.539424 564880 12406.5 1070190
3s3c 0.539424 564880 12406.5 1070190
7s2h 0.536264 544119 29785 1070190
7d2s 0.536264 544119 29785 1070190
7d2h 0.536264 544119 29785 1070190
7h2s 0.536264 544119 29785 1070190
7d2d 0.536264 544119 29785 1070190
7h2h 0.536264 544119 29785 1070190
7s2d 0.536264 544119 29785 1070190
7h2d 0.536264 544119 29785 1070190
7s2s 0.536264 544119 29785 1070190
6c5d 0.534546 560531 11535 1070190
6c5h 0.534546 560531 11535 1070190
6c5s 0.534546 560531 11535 1070190
Qc3d 0.532013 556638 12717 1070190
Qc3h 0.532013 556638 12717 1070190
Qc3s 0.532013 556638 12717 1070190
9s8c 0.52961 559475 7308 1070190
9h8c 0.52961 559475 7308 1070190
9d8c 0.52961 559475 7308 1070190
Ks6c 0.529111 555125 11124 1070190
Kd6c 0.529111 555125 11124 1070190
Kh6c 0.529111 555125 11124 1070190
Qc2s 0.524802 549375 12262.5 1070190
Qc2h 0.524802 549375 12262.5 1070190
Qc2d 0.524802 549375 12262.5 1070190
Qs8c 0.523214 553085 6853.5 1070190
Qh8c 0.523214 553085 6853.5 1070190
Qd8c 0.523214 553085 6853.5 1070190
6d5c 0.522542 547900 11319 1070190
6s5c 0.522542 547900 11319 1070190
6h5c 0.522542 547900 11319 1070190
As3c 0.520509 535201 21843 1070190
Ad3c 0.520509 535201 21843 1070190
Ah3c 0.520509 535201 21843 1070190
Kh5c 0.513877 538186 11760 1070190
Kd5c 0.513877 538186 11760 1070190
Ks5c 0.513877 538186 11760 1070190
2d2c 0.508881 529380 15219 1070190
2s2c 0.508881 529380 15219 1070190
2h2c 0.508881 529380 15219 1070190
Tc6s 0.506 528598 12918 1070190
Tc6h 0.506 528598 12918 1070190
Tc6d 0.506 528598 12918 1070190
8c6d 0.505269 529004 11730 1070190
8c6h 0.505269 529004 11730 1070190
8c6s 0.505269 529004 11730 1070190
Ad4h 0.503396 518799 19930 1070190
As4d 0.503396 518799 19930 1070190
As4h 0.503396 518799 19930 1070190
As4s 0.503396 518799 19930 1070190
Ad4s 0.503396 518799 19930 1070190
Ad4d 0.503396 518799 19930 1070190
Ah4s 0.503396 518799 19930 1070190
Ah4d 0.503396 518799 19930 1070190
Ah4h 0.503396 518799 19930 1070190
8c5s 0.503133 526718 11730 1070190
8c5h 0.503133 526718 11730 1070190
8c5d 0.503133 526718 11730 1070190
Tc5d 0.502992 524659 13638 1070190
Tc5h 0.502992 524659 13638 1070190
Tc5s 0.502992 524659 13638 1070190
Ad2c 0.499912 510480 24520.5 1070190
As2c 0.499912 510480 24520.5 1070190
Ah2c 0.499912 510480 24520.5 1070190
Kh4d 0.496582 510837 20600.5 1070190
Kh4h 0.496582 510837 20600.5 1070190
Kd4d 0.496582 510837 20600.5 1070190
Kh4s 0.496582 510837 20600.5 1070190
Ks4d 0.496582 510837 20600.5 1070190
Kd4h 0.496582 510837 20600.5 1070190
Kd4s 0.496582 510837 20600.5 1070190
Ks4s 0.496582 510837 20600.5 1070190
Ks4h 0.496582 510837 20600.5 1070190
Qd6c 0.494562 518300 10975.5 1070190
Qh6c 0.494562 518300 10975.5 1070190
Qs6c 0.494562 518300 10975.5 1070190
6h6d 0.493019 510202 17422 1070190
6s6d 0.493019 510202 17422 1070190
6s6h 0.493019 510202 17422 1070190
8s6c 0.491648 515171 10986 1070190
8h6c 0.491648 515171 10986 1070190
8d6c 0.491648 515171 10986 1070190
Qs4h 0.490148 503370 21181 1070190
Qd4d 0.490148 503370 21181 1070190
Qd4h 0.490148 503370 21181 1070190
Qd4s 0.490148 503370 21181 1070190
Qh4s 0.490148 503370 21181 1070190
Qs4d 0.490148 503370 21181 1070190
Qs4s 0.490148 503370 21181 1070190
Qh4h 0.490148 503370 21181 1070190
Qh4d 0.490148 503370 21181 1070190
Tc3d 0.48737 507958 13620 1070190
Tc3h 0.48737 507958 13620 1070190
Tc3s 0.48737 507958 13620 1070190
Ts4s 0.486082 494246 25954 1070190
Ts4h 0.486082 494246 25954 1070190
Td4s 0.486082 494246 25954 1070190
Td4h 0.486082 494246 25954 1070190
Td4d 0.486082 494246 25954 1070190
Ts4d 0.486082 494246 25954 1070190
Th4d 0.486082 494246 25954 1070190
Th4h 0.486082 494246 25954 1070190
Th4s 0.486082 494246 25954 1070190
8h4s 0.48507 490624 28493.5 1070190
8s4s 0.48507 490624 28493.5 1070190
8d4s 0.48507 490624 28493.5 1070190
8d4h 0.48507 490624 28493.5 1070190
8d4d 0.48507 490624 28493.5 1070190
8s4h 0.48507 490624 28493.5 1070190
8s4d 0.48507 490624 28493.5 1070190
8h4h 0.48507 490624 28493.5 1070190
8h4d 0.48507 490624 28493.5 1070190
9d4s 0.48069 487415 27014.5 1070190
9s4s 0.48069 487415 27014.5 1070190
9d4h 0.48069 487415 27014.5 1070190
9d4d 0.48069 487415 27014.5 1070190
9s4h 0.48069 487415 27014.5 1070190
9s4d 0.48069 487415 27014.5 1070190
9h4s 0.48069 487415 27014.5 1070190
9h4h 0.48069 487415 27014.5 1070190
9h4d 0.48069 487415 27014.5 1070190
Tc2d 0.480192 500731 13165.5 1070190
Tc2h 0.480192 500731 13165.5 1070190
Tc2s 0.480192 500731 13165.5 1070190
5h5d 0.480184 496498 17390.5 1070190
5s5d 0.480184 496498 17390.5 1070190
5s5h 0.480184 496498 17390.5 1070190
Qs5c 0.479328 501361 11611.5 1070190
Qd5c 0.479328 501361 11611.5 1070190
Qh5c 0.479328 501361 11611.5 1070190
8s5c 0.477362 499882 10986 1070190
8d5c 0.477362 499882 10986 1070190
8h5c 0.477362 499882 10986 1070190
6d4d 0.476019 477610 31820.5 1070190
6d4h 0.476019 477610 31820.5 1070190
6d4s 0.476019 477610 31820.5 1070190
6s4s 0.476019 477610 31820.5 1070190
6s4h 0.476019 477610 31820.5 1070190
6s4d 0.476019 477610 31820.5 1070190
6h4d 0.476019 477610 31820.5 1070190
6h4h 0.476019 477610 31820.5 1070190
6h4s 0.476019 477610 31820.5 1070190
Ks3c 0.475693 487387 21694.5 1070190
Kh3c 0.475693 487387 21694.5 1070190
Kd3c 0.475693 487387 21694.5 1070190
5h4h 0.475437 476983 31825 1070190
5h4s 0.475437 476983 31825 1070190
5h4d 0.475437 476983 31825 1070190
5d4d 0.475437 476983 31825 1070190
5s4d 0.475437 476983 31825 1070190
5s4h 0.475437 476983 31825 1070190
5s4s 0.475437 476983 31825 1070190
5d4s 0.475437 476983 31825 1070190
5d4h 0.475437 476983 31825 1070190
9c6h 0.469261 490203 11995.5 1070190
9c6d 0.469261 490203 11995.5 1070190
9c6s 0.469261 490203 11995.5 1070190
Th6c 0.466273 486854 12147 1070190
Ts6c 0.466273 486854 12147 1070190
Td6c 0.466273 486854 12147 1070190
9c5d 0.466253 486264 12715.5 1070190
9c5s 0.466253 486264 12715.5 1070190
9c5h 0.466253 486264 12715.5 1070190
Ks2c 0.455499 463098 24372 1070190
Kh2c 0.455499 463098 24372 1070190
Kd2c 0.455499 463098 24372 1070190
4s3s 0.455176 455972 31153 1070190
4s3h 0.455176 455972 31153 1070190
4s3d 0.455176 455972 31153 1070190
4d3d 0.455176 455972 31153 1070190
4d3h 0.455176 455972 31153 1070190
4d3s 0.455176 455972 31153 1070190
4h3d 0.455176 455972 31153 1070190
4h3h 0.455176 455972 31153 1070190
4h3s 0.455176 455972 31153 1070190
6c3s 0.453744 473741 11851.5 1070190
6c3h 0.453744 473741 11851.5 1070190
6c3d 0.453744 473741 11851.5 1070190
Th5c 0.45104 469915 12783 1070190
Ts5c 0.45104 469915 12783 1070190
Td5c 0.45104 469915 12783 1070190
9c3s 0.450021 468456 13152 1070190
9c3d 0.450021 468456 13152 1070190
9c3h 0.450021 468456 13152 1070190
4d2d 0.447565 448521 30458.5 1070190
4s2s 0.447565 448521 30458.5 1070190
4d2h 0.447565 448521 30458.5 1070190
4s2h 0.447565 448521 30458.5 1070190
4s2d 0.447565 448521 30458.5 1070190
4h2s 0.447565 448521 30458.5 1070190
4h2h 0.447565 448521 30458.5 1070190
4h2d 0.447565 448521 30458.5 1070190
4d2s 0.447565 448521 30458.5 1070190
9c2s 0.443003 461400 12697.5 1070190
9c2d 0.443003 461400 12697.5 1070190
9c2h 0.443003 461400 12697.5 1070190
9d6c 0.442062 461858 11232 1070190
9h6c 0.442062 461858 11232 1070190
9s6c 0.442062 461858 11232 1070190
Qh3c 0.440791 450184 21546 1070190
Qd3c 0.440791 450184 21546 1070190
Qs3c 0.440791 450184 21546 1070190
5c3s 0.440052 460420 10519.5 1070190
5c3h 0.440052 460420 10519.5 1070190
5c3d 0.440052 460420 10519.5 1070190
AsKs 0.430281 439940 20542 1070190
AsKh 0.430281 439940 20542 1070190
AdKh 0.430281 439940 20542 1070190
AdKd 0.430281 439940 20542 1070190
AdKs 0.430281 439940 20542 1070190
AsKd 0.430281 439940 20542 1070190
AhKd 0.430281 439940 20542 1070190
AhKh 0.430281 439940 20542 1070190
AhKs 0.430281 439940 20542 1070190
9s5c 0.426828 444919 11868 1070190
9h5c 0.426828 444919 11868 1070190
9d5c 0.426828 444919 11868 1070190
AdQd 0.423107 432263 20542 1070190
AhQd 0.423107 432263 20542 1070190
AsQs 0.423107 432263 20542 1070190
AhQh 0.423107 432263 20542 1070190
AsQh 0.423107 432263 20542 1070190
AsQd 0.423107 432263 20542 1070190
AhQs 0.423107 432263 20542 1070190
AdQs 0.423107 432263 20542 1070190
AdQh 0.423107 432263 20542 1070190
Qs2c 0.420496 425787 24223.5 1070190
Qh2c 0.420496 425787 24223.5 1070190
Qd2c 0.420496 425787 24223.5 1070190
6s3c 0.419237 427087 21576 1070190
6h3c 0.419237 427087 21576 1070190
6d3c 0.419237 427087 21576 1070190
8c3s 0.418726 435905 12211.5 1070190
8c3d 0.418726 435905 12211.5 1070190
8c3h 0.418726 435905 12211.5 1070190
8c2s 0.417902 435023 12211.5 1070190
8c2h 0.417902 435023 12211.5 1070190
8c2d 0.417902 435023 12211.5 1070190
5d3c 0.417566 426520 20355 1070190
5h3c 0.417566 426520 20355 1070190
5s3c 0.417566 426520 20355 1070190
AdTs 0.414469 420398 23162.5 1070190
AdTh 0.414469 420398 23162.5 1070190
AhTs 0.414469 420398 23162.5 1070190
AhTh 0.414469 420398 23162.5 1070190
AhTd 0.414469 420398 23162.5 1070190
AsTd 0.414469 420398 23162.5 1070190
AdTd 0.414469 420398 23162.5 1070190
AsTs 0.414469 420398 23162.5 1070190
AsTh 0.414469 420398 23162.5 1070190
Td3c 0.412431 418702 22677 1070190
Ts3c 0.412431 418702 22677 1070190
Th3c 0.412431 418702 22677 1070190
Ah8h 0.403011 406451 24847 1070190
As8h 0.403011 406451 24847 1070190
Ah8s 0.403011 406451 24847 1070190
Ad8h 0.403011 406451 24847 1070190
Ah8d 0.403011 406451 24847 1070190
Ad8s 0.403011 406451 24847 1070190
As8d 0.403011 406451 24847 1070190
As8s 0.403011 406451 24847 1070190
Ad8d 0.403011 406451 24847 1070190
Ad9d 0.40022 404564 23747.5 1070190
As9s 0.40022 404564 23747.5 1070190
Ad9h 0.40022 404564 23747.5 1070190
As9h 0.40022 404564 23747.5 1070190
As9d 0.40022 404564 23747.5 1070190
Ad9s 0.40022 404564 23747.5 1070190
Ah9s 0.40022 404564 23747.5 1070190
Ah9h 0.40022 404564 23747.5 1070190
Ah9d 0.40022 404564 23747.5 1070190
Ts2c 0.392161 394332 25354.5 1070190
Th2c 0.392161 394332 25354.5 1070190
Td2c 0.392161 394332 25354.5 1070190
Ah5s 0.388498 385238 30529 1070190
Ad5d 0.388498 385238 30529 1070190
As5h 0.388498 385238 30529 1070190
As5s 0.388498 385238 30529 1070190
Ad5h 0.388498 385238 30529 1070190
Ad5s 0.388498 385238 30529 1070190
As5d 0.388498 385238 30529 1070190
Ah5d 0.388498 385238 30529 1070190
Ah5h 0.388498 385238 30529 1070190
9d3c 0.387563 392518 22248 1070190
9s3c 0.387563 392518 22248 1070190
9h3c 0.387563 392518 22248 1070190
Ah6h 0.383974 381236 29689 1070190
Ah6d 0.383974 381236 29689 1070190
As6d 0.383974 381236 29689 1070190
Ah6s 0.383974 381236 29689 1070190
Ad6d 0.383974 381236 29689 1070190
Ad6h 0.383974 381236 29689 1070190
Ad6s 0.383974 381236 29689 1070190
As6h 0.383974 381236 29689 1070190
As6s 0.383974 381236 29689 1070190
KhQs 0.382761 389234 20393.5 1070190
KhQh 0.382761 389234 20393.5 1070190
KhQd 0.382761 389234 20393.5 1070190
KdQs 0.382761 389234 20393.5 1070190
KdQh 0.382761 389234 20393.5 1070190
KsQs 0.382761 389234 20393.5 1070190
KdQd 0.382761 389234 20393.5 1070190
KsQh 0.382761 389234 20393.5 1070190
KsQd 0.382761 389234 20393.5 1070190
6c2d 0.38271 398108 11464.5 1070190
6c2h 0.38271 398108 11464.5 1070190
6c2s 0.38271 398108 11464.5 1070190
3h3d 0.382403 390662 18581.5 1070190
3s3h 0.382403 390662 18581.5 1070190
3s3d 0.382403 390662 18581.5 1070190
KsTd 0.37377 376991 23014 1070190
KsTs 0.37377 376991 23014 1070190
KsTh 0.37377 376991 23014 1070190
KhTs 0.37377 376991 23014 1070190
KhTh 0.37377 376991 23014 1070190
KhTd 0.37377 376991 23014 1070190
KdTd 0.37377 376991 23014 1070190
KdTh 0.37377 376991 23014 1070190
KdTs 0.37377 376991 23014 1070190
8d3c 0.369155 373729 21337.5 1070190
8s3c 0.369155 373729 21337.5 1070190
8h3c 0.369155 373729 21337.5 1070190
5c2h 0.368616 384214 10275 1070190
5c2d 0.368616 384214 10275 1070190
5c2s 0.368616 384214 10275 1070190
9d2c 0.367445 368310 24925.5 1070190
9h2c 0.367445 368310 24925.5 1070190
9s2c 0.367445 368310 24925.5 1070190
Ah3h 0.367184 362504 30452.5 1070190
Ah3d 0.367184 362504 30452.5 1070190
Ad3d 0.367184 362504 30452.5 1070190
Ad3h 0.367184 362504 30452.5 1070190
Ad3s 0.367184 362504 30452.5 1070190
Ah3s 0.367184 362504 30452.5 1070190
As3h 0.367184 362504 30452.5 1070190
As3s 0.367184 362504 30452.5 1070190
As3d 0.367184 362504 30452.5 1070190
Ts9d 0.362518 363393 24570 1070190
Td9s 0.362518 363393 24570 1070190
Td9h 0.362518 363393 24570 1070190
Td9d 0.362518 363393 24570 1070190
Th9d 0.362518 363393 24570 1070190
Th9h 0.362518 363393 24570 1070190
Th9s 0.362518 363393 24570 1070190
Ts9h 0.362518 363393 24570 1070190
Ts9s 0.362518 363393 24570 1070190
Ks9s 0.359521 361157 23599 1070190
Kd9h 0.359521 361157 23599 1070190
Kh9d 0.359521 361157 23599 1070190
Ks9h 0.359521 361157 23599 1070190
Kh9h 0.359521 361157 23599 1070190
Kh9s 0.359521 361157 23599 1070190
Ks9d 0.359521 361157 23599 1070190
Kd9s 0.359521 361157 23599 1070190
Kd9d 0.359521 361157 23599 1070190
2h2d 0.357917 364869 18170.5 1070190
2s2h 0.357917 364869 18170.5 1070190
2s2d 0.357917 364869 18170.5 1070190
Th8h 0.356817 356661 25201.5 1070190
Td8d 0.356817 356661 25201.5 1070190
Td8h 0.356817 356661 25201.5 1070190
Td8s 0.356817 356661 25201.5 1070190
Ts8d 0.356817 356661 25201.5 1070190
Ts8h 0.356817 356661 25201.5 1070190
Ts8s 0.356817 356661 25201.5 1070190
Th8s 0.356817 356661 25201.5 1070190
Th8d 0.356817 356661 25201.5 1070190
As2h 0.356494 351695 29821 1070190
Ad2h 0.356494 351695 29821 1070190
Ad2d 0.356494 351695 29821 1070190
Ah2d 0.356494 351695 29821 1070190
Ad2s 0.356494 351695 29821 1070190
As2s 0.356494 351695 29821 1070190
Ah2h 0.356494 351695 29821 1070190
Ah2s 0.356494 351695 29821 1070190
As2d 0.356494 351695 29821 1070190
6h5d 0.355705 351721 28950.5 1070190
6h5h 0.355705 351721 28950.5 1070190
6h5s 0.355705 351721 28950.5 1070190
6d5h 0.355705 351721 28950.5 1070190
6s5d 0.355705 351721 28950.5 1070190
6d5d 0.355705 351721 28950.5 1070190
6s5h 0.355705 351721 28950.5 1070190
6s5s 0.355705 351721 28950.5 1070190
6d5s 0.355705 351721 28950.5 1070190
8d2c 0.355218 355650 24501 1070190
8h2c 0.355218 355650 24501 1070190
8s2c 0.355218 355650 24501 1070190
Kd8s 0.354499 354683 24698.5 1070190
Kd8h 0.354499 354683 24698.5 1070190
Ks8s 0.354499 354683 24698.5 1070190
Ks8h 0.354499 354683 24698.5 1070190
Ks8d 0.354499 354683 24698.5 1070190
Kh8s 0.354499 354683 24698.5 1070190
Kh8h 0.354499 354683 24698.5 1070190
Kh8d 0.354499 354683 24698.5 1070190
Kd8d 0.354499 354683 24698.5 1070190
Kd6s 0.335639 329657 29540.5 1070190
Ks6d 0.335639 329657 29540.5 1070190
Kh6s 0.335639 329657 29540.5 1070190
Ks6h 0.335639 329657 29540.5 1070190
Kd6h 0.335639 329657 29540.5 1070190
Ks6s 0.335639 329657 29540.5 1070190
Kd6d 0.335639 329657 29540.5 1070190
Kh6h 0.335639 329657 29540.5 1070190
Kh6d 0.335639 329657 29540.5 1070190
6d2c 0.334455 333603 24327 1070190
6s2c 0.334455 333603 24327 1070190
6h2c 0.334455 333603 24327 1070190
5d2c 0.332571 332652 23262 1070190
5h2c 0.332571 332652 23262 1070190
5s2c 0.332571 332652 23262 1070190
Kh5d 0.331897 324812 30380.5 1070190
Kh5h 0.331897 324812 30380.5 1070190
Kd5d 0.331897 324812 30380.5 1070190
Kd5h 0.331897 324812 30380.5 1070190
Kd5s 0.331897 324812 30380.5 1070190
Kh5s 0.331897 324812 30380.5 1070190
Ks5s 0.331897 324812 30380.5 1070190
Ks5h 0.331897 324812 30380.5 1070190
Ks5d 0.331897 324812 30380.5 1070190
QdTs 0.330995 331994 22234 1070190
QsTs 0.330995 331994 22234 1070190
QdTd 0.330995 331994 22234 1070190
QdTh 0.330995 331994 22234 1070190
QhTd 0.330995 331994 22234 1070190
QhTh 0.330995 331994 22234 1070190
QhTs 0.330995 331994 22234 1070190
QsTh 0.330995 331994 22234 1070190
QsTd 0.330995 331994 22234 1070190
3c2d 0.327021 331843 18132 1070190
3c2h 0.327021 331843 18132 1070190
3c2s 0.327021 331843 18132 1070190
9h8d 0.326527 325359 24087 1070190
9d8d 0.326527 325359 24087 1070190
9d8h 0.326527 325359 24087 1070190
9s8s 0.326527 325359 24087 1070190
9s8h 0.326527 325359 24087 1070190
9s8d 0.326527 325359 24087 1070190
9d8s 0.326527 325359 24087 1070190
9h8s 0.326527 325359 24087 1070190
9h8h 0.326527 325359 24087 1070190
Qd9d 0.316747 316160 22819 1070190
Qs9h 0.316747 316160 22819 1070190
Qh9s 0.316747 316160 22819 1070190
Qh9h 0.316747 316160 22819 1070190
Qh9d 0.316747 316160 22819 1070190
Qd9h 0.316747 316160 22819 1070190
Qd9s 0.316747 316160 22819 1070190
Qs9s 0.316747 316160 22819 1070190
Qs9d 0.316747 316160 22819 1070190
3s2c 0.314076 314838 21283.5 1070190
3h2c 0.314076 314838 21283.5 1070190
3d2c 0.314076 314838 21283.5 1070190
Qs8s 0.311851 309821 23918.5 1070190
Qs8d 0.311851 309821 23918.5 1070190
Qs8h 0.311851 309821 23918.5 1070190
Qh8s 0.311851 309821 23918.5 1070190
Qh8h 0.311851 309821 23918.5 1070190
Qh8d 0.311851 309821 23918.5 1070190
Qd8d 0.311851 309821 23918.5 1070190
Qd8h 0.311851 309821 23918.5 1070190
Qd8s 0.311851 309821 23918.5 1070190
Ks3d 0.309926 301376 30304 1070190
Kh3s 0.309926 301376 30304 1070190
Kh3h 0.309926 301376 30304 1070190
Kh3d 0.309926 301376 30304 1070190
Ks3h 0.309926 301376 30304 1070190
Kd3s 0.309926 301376 30304 1070190
Kd3h 0.309926 301376 30304 1070190
Kd3d 0.309926 301376 30304 1070190
Ks3s 0.309926 301376 30304 1070190
Kh2d 0.29985 291224 29672.5 1070190
Ks2h 0.29985 291224 29672.5 1070190
Ks2s 0.29985 291224 29672.5 1070190
Ks2d 0.29985 291224 29672.5 1070190
Kh2s 0.29985 291224 29672.5 1070190
Kh2h 0.29985 291224 29672.5 1070190
Kd2s 0.29985 291224 29672.5 1070190
Kd2h 0.29985 291224 29672.5 1070190
Kd2d 0.29985 291224 29672.5 1070190
8d6s 0.29545 287130 29058 1070190
8s6s 0.29545 287130 29058 1070190
8h6d 0.29545 287130 29058 1070190
8h6s 0.29545 287130 29058 1070190
8s6h 0.29545 287130 29058 1070190
8d6d 0.29545 287130 29058 1070190
8d6h 0.29545 287130 29058 1070190
8s6d 0.29545 287130 29058 1070190
8h6h 0.29545 287130 29058 1070190
8h5s 0.292812 284307 29058 1070190
8d5h 0.292812 284307 29058 1070190
8s5s 0.292812 284307 29058 1070190
8s5h 0.292812 284307 29058 1070190
8s5d 0.292812 284307 29058 1070190
8d5d 0.292812 284307 29058 1070190
8h5h 0.292812 284307 29058 1070190
8d5s 0.292812 284307 29058 1070190
8h5d 0.292812 284307 29058 1070190
Qh6h 0.292451 283586 29392 1070190
Qh6d 0.292451 283586 29392 1070190
Qh6s 0.292451 283586 29392 1070190
Qs6d 0.292451 283586 29392 1070190
Qs6h 0.292451 283586 29392 1070190
Qd6s 0.292451 283586 29392 1070190
Qd6h 0.292451 283586 29392 1070190
Qd6d 0.292451 283586 29392 1070190
Qs6s 0.292451 283586 29392 1070190
Qs5s 0.288709 278741 30232 1070190
Qs5h 0.288709 278741 30232 1070190
Qd5s 0.288709 278741 30232 1070190
Qd5h 0.288709 278741 30232 1070190
Qs5d 0.288709 278741 30232 1070190
Qd5d 0.288709 278741 30232 1070190
Qh5d 0.288709 278741 30232 1070190
Qh5h 0.288709 278741 30232 1070190
Qh5s 0.288709 278741 30232 1070190
Qs3h 0.266259 254792 30155.5 1070190
Qh3s 0.266259 254792 30155.5 1070190
Qh3h 0.266259 254792 30155.5 1070190
Qd3d 0.266259 254792 30155.5 1070190
Qd3h 0.266259 254792 30155.5 1070190
Qh3d 0.266259 254792 30155.5 1070190
Qd3s 0.266259 254792 30155.5 1070190
Qs3d 0.266259 254792 30155.5 1070190
Qs3s 0.266259 254792 30155.5 1070190
Ts6d 0.257052 244562 30532 1070190
Th6s 0.257052 244562 30532 1070190
Th6h 0.257052 244562 30532 1070190
Th6d 0.257052 244562 30532 1070190
Td6d 0.257052 244562 30532 1070190
Td6h 0.257052 244562 30532 1070190
Td6s 0.257052 244562 30532 1070190
Ts6s 0.257052 244562 30532 1070190
Ts6h 0.257052 244562 30532 1070190
Qd2d 0.256056 244505 29524 1070190
Qd2h 0.256056 244505 29524 1070190
Qd2s 0.256056 244505 29524 1070190
Qh2d 0.256056 244505 29524 1070190
Qh2h 0.256056 244505 29524 1070190
Qh2s 0.256056 244505 29524 1070190
Qs2s 0.256056 244505 29524 1070190
Qs2h 0.256056 244505 29524 1070190
Qs2d 0.256056 244505 29524 1070190
Th5h 0.253309 239717 31372 1070190
Th5d 0.253309 239717 31372 1070190
Th5s 0.253309 239717 31372 1070190
Ts5d 0.253309 239717 31372 1070190
Ts5h 0.253309 239717 31372 1070190
Ts5s 0.253309 239717 31372 1070190
Td5s 0.253309 239717 31372 1070190
Td5h 0.253309 239717 31372 1070190
Td5d 0.253309 239717 31372 1070190
6s3d 0.245442 233256 29413.5 1070190
6s3h 0.245442 233256 29413.5 1070190
6s3s 0.245442 233256 29413.5 1070190
6h3s 0.245442 233256 29413.5 1070190
6h3h 0.245442 233256 29413.5 1070190
6h3d 0.245442 233256 29413.5 1070190
6d3s 0.245442 233256 29413.5 1070190
6d3d 0.245442 233256 29413.5 1070190
6d3h 0.245442 233256 29413.5 1070190
5s3s 0.244828 234153 27859.5 1070190
5h3s 0.244828 234153 27859.5 1070190
5h3h 0.244828 234153 27859.5 1070190
5h3d 0.244828 234153 27859.5 1070190
5s3d 0.244828 234153 27859.5 1070190
5s3h 0.244828 234153 27859.5 1070190
5d3s 0.244828 234153 27859.5 1070190
5d3h 0.244828 234153 27859.5 1070190
5d3d 0.244828 234153 27859.5 1070190
Ts3s 0.230771 215714 31255 1070190
Ts3h 0.230771 215714 31255 1070190
Th3h 0.230771 215714 31255 1070190
Ts3d 0.230771 215714 31255 1070190
Td3s 0.230771 215714 31255 1070190
Td3h 0.230771 215714 31255 1070190
Th3d 0.230771 215714 31255 1070190
Td3d 0.230771 215714 31255 1070190
Th3s 0.230771 215714 31255 1070190
9d6s 0.226826 213329 29417.5 1070190
9d6d 0.226826 213329 29417.5 1070190
9d6h 0.226826 213329 29417.5 1070190
9h6d 0.226826 213329 29417.5 1070190
9h6h 0.226826 213329 29417.5 1070190
9s6s 0.226826 213329 29417.5 1070190
9h6s 0.226826 213329 29417.5 1070190
9s6h 0.226826 213329 29417.5 1070190
9s6d 0.226826 213329 29417.5 1070190
9d5d 0.223083 208484 30257.5 1070190
9h5h 0.223083 208484 30257.5 1070190
9h5d 0.223083 208484 30257.5 1070190
9h5s 0.223083 208484 30257.5 1070190
9d5h 0.223083 208484 30257.5 1070190
9d5s 0.223083 208484 30257.5 1070190
9s5d 0.223083 208484 30257.5 1070190
9s5h 0.223083 208484 30257.5 1070190
9s5s 0.223083 208484 30257.5 1070190
Th2d 0.220619 205481 30623.5 1070190
Td2d 0.220619 205481 30623.5 1070190
Th2h 0.220619 205481 30623.5 1070190
Td2h 0.220619 205481 30623.5 1070190
Td2s 0.220619 205481 30623.5 1070190
Ts2d 0.220619 205481 30623.5 1070190
Ts2h 0.220619 205481 30623.5 1070190
Ts2s 0.220619 205481 30623.5 1070190
Th2s 0.220619 205481 30623.5 1070190
9h3d 0.199703 182948 30772 1070190
9d3d 0.199703 182948 30772 1070190
9d3h 0.199703 182948 30772 1070190
9d3s 0.199703 182948 30772 1070190
9h3s 0.199703 182948 30772 1070190
9s3d 0.199703 182948 30772 1070190
9s3h 0.199703 182948 30772 1070190
9h3h 0.199703 182948 30772 1070190
9s3s 0.199703 182948 30772 1070190
9d2h 0.189778 172958 30140.5 1070190
9d2d 0.189778 172958 30140.5 1070190
9h2d 0.189778 172958 30140.5 1070190
9h2s 0.189778 172958 30140.5 1070190
9s2s 0.189778 172958 30140.5 1070190
9s2h 0.189778 172958 30140.5 1070190
9h2h 0.189778 172958 30140.5 1070190
9d2s 0.189778 172958 30140.5 1070190
9s2d 0.189778 172958 30140.5 1070190
8d3d 0.17675 159455 29701 1070190
8s3s 0.17675 159455 29701 1070190
8d3h 0.17675 159455 29701 1070190
8d3s 0.17675 159455 29701 1070190
8s3d 0.17675 159455 29701 1070190
8h3d 0.17675 159455 29701 1070190
8h3h 0.17675 159455 29701 1070190
8h3s 0.17675 159455 29701 1070190
8s3h 0.17675 159455 29701 1070190
8h2s 0.17573 158363 29701 1070190
8s2s 0.17573 158363 29701 1070190
8h2h 0.17573 158363 29701 1070190
8d2d 0.17573 158363 29701 1070190
8d2h 0.17573 158363 29701 1070190
8h2d 0.17573 158363 29701 1070190
8s2h 0.17573 158363 29701 1070190
8s2d 0.17573 158363 29701 1070190
8d2s 0.17573 158363 29701 1070190
6s2d 0.148942 130358 29038 1070190
6s2h 0.148942 130358 29038 1070190
6s2s 0.148942 130358 29038 1070190
6h2d 0.148942 130358 29038 1070190
6h2h 0.148942 130358 29038 1070190
6d2d 0.148942 130358 29038 1070190
6h2s 0.148942 130358 29038 1070190
6d2h 0.148942 130358 29038 1070190
6d2s 0.148942 130358 29038 1070190
5d2s 0.147951 130676 27659.5 1070190
5s2s 0.147951 130676 27659.5 1070190
5d2d 0.147951 130676 27659.5 1070190
5s2h 0.147951 130676 27659.5 1070190
5s2d 0.147951 130676 27659.5 1070190
5h2s 0.147951 130676 27659.5 1070190
5d2h 0.147951 130676 27659.5 1070190
5h2h 0.147951 130676 27659.5 1070190
5h2d 0.147951 130676 27659.5 1070190
3h2s 0.12215 105662 25061.5 1070190
3d2d 0.12215 105662 25061.5 1070190
3s2d 0.12215 105662 25061.5 1070190
3s2h 0.12215 105662 25061.5 1070190
3s2s 0.12215 105662 25061.5 1070190
3d2h 0.12215 105662 25061.5 1070190
3d2s 0.12215 105662 25061.5 1070190
3h2d 0.12215 105662 25061.5 1070190
3h2h 0.12215 105662 25061.5 1070190
