7s7h 0.999428 1069578 0 1070190
7h4d 0.984894 1050158 3866 1070190
7s4d 0.984894 1050158 3866 1070190
7h4h 0.984883 1050146 3866 1070190
7h4s 0.984883 1050146 3866 1070190
7s4h 0.984883 1050146 3866 1070190
7s4s 0.984883 1050146 3866 1070190
4s4d 0.954713 1019922 1802 1070190
4h4d 0.954713 1019922 1802 1070190
4s4h 0.954702 1019910 1802 1070190
Ac7h 0.942909 1004058 5034 1070190
Ac7s 0.942909 1004058 5034 1070190
Kc7h 0.938575 999420 5034 1070190
Kc7s 0.938575 999420 5034 1070190
Qc7h 0.934851 995194 5274 1070190
Qc7s 0.934851 995194 5274 1070190
7s6c 0.934382 990296 9670 1070190
7h6c 0.934382 990296 9670 1070190
8c7h 0.931874 988997 8285 1070190
8c7s 0.931874 988997 8285 1070190
Jc7h 0.931848 991560 5694 1070190
Jc7s 0.931848 991560 5694 1070190
7s5c 0.931661 987024 10030 1070190
7h5c 0.931661 987024 10030 1070190
Tc7h 0.928871 987834 6234 1070190
Tc7s 0.928871 987834 6234 1070190
7h6d 0.925471 980547 9883 1070190
7s6d 0.925471 980547 9883 1070190
9c7h 0.925222 983329 6834 1070190
9c7s 0.925222 983329 6834 1070190
Ad7s 0.925176 985035 5079 1070190
Ad7h 0.925176 985035 5079 1070190
7h6s 0.925117 980176 9875 1070190
7h6h 0.925117 980176 9875 1070190
7s6s 0.925117 980176 9875 1070190
7s6h 0.925117 980176 9875 1070190
As7h 0.924806 984639 5079 1070190
As7s 0.924806 984639 5079 1070190
Ah7h 0.924806 984639 5079 1070190
Ah7s 0.924806 984639 5079 1070190
7h5d 0.923975 978568 10261 1070190
7s5d 0.923975 978568 10261 1070190
7s5s 0.923624 978200 10253 1070190
7s5h 0.923624 978200 10253 1070190
7h5s 0.923624 978200 10253 1070190
7h5h 0.923624 978200 10253 1070190
Kd7h 0.922174 981822 5079 1070190
Kd7s 0.922174 981822 5079 1070190
8d7h 0.921922 978171 8460.5 1070190
8d7s 0.921922 978171 8460.5 1070190
Kh7s 0.921801 981423 5079 1070190
Kh7h 0.921801 981423 5079 1070190
Ks7h 0.921801 981423 5079 1070190
Ks7s 0.921801 981423 5079 1070190
8s7s 0.921556 977783 8456.5 1070190
8h7s 0.921556 977783 8456.5 1070190
8h7h 0.921556 977783 8456.5 1070190
8s7h 0.921556 977783 8456.5 1070190
7s3c 0.920643 975668 9594.5 1070190
7h3c 0.920643 975668 9594.5 1070190
Qd7h 0.919785 979014 5331 1070190
Qd7s 0.919785 979014 5331 1070190
Qs7s 0.919412 978615 5331 1070190
Qs7h 0.919412 978615 5331 1070190
Qh7h 0.919412 978615 5331 1070190
Qh7s 0.919412 978615 5331 1070190
Jd7s 0.918129 976800 5772 1070190
Jd7h 0.918129 976800 5772 1070190
Js7h 0.917756 976401 5772 1070190
Js7s 0.917756 976401 5772 1070190
Jh7s 0.917756 976401 5772 1070190
Jh7h 0.917756 976401 5772 1070190
Td7h 0.916472 974460 6339 1070190
Td7s 0.916472 974460 6339 1070190
Ts7s 0.916099 974061 6339 1070190
Th7h 0.916099 974061 6339 1070190
Th7s 0.916099 974061 6339 1070190
Ts7h 0.916099 974061 6339 1070190
7s3d 0.91418 968519 9827 1070190
7h3d 0.91418 968519 9827 1070190
9d7h 0.914083 971274 6969 1070190
9d7s 0.914083 971274 6969 1070190
7h3h 0.913819 968137 9823 1070190
7s3s 0.913819 968137 9823 1070190
7h3s 0.913819 968137 9823 1070190
7s3h 0.913819 968137 9823 1070190
9s7s 0.913708 970872 6969 1070190
9s7h 0.913708 970872 6969 1070190
9h7s 0.913708 970872 6969 1070190
9h7h 0.913708 970872 6969 1070190
7s2c 0.911753 967005 8743.5 1070190
7h2c 0.911753 967005 8743.5 1070190
7s2d 0.906525 961188 8965.5 1070190
7h2d 0.906525 961188 8965.5 1070190
7h2h 0.906155 960792 8965.5 1070190
7s2h 0.906155 960792 8965.5 1070190
7s2s 0.906155 960792 8965.5 1070190
7h2s 0.906155 960792 8965.5 1070190
AdAc 0.865468 925700 515.5 1070190
AhAc 0.865014 925214 515.5 1070190
AsAc 0.865014 925214 515.5 1070190
AsAd 0.844842 903626 515.5 1070190
AhAd 0.844842 903626 515.5 1070190
AsAh 0.844388 903140 515.5 1070190
KdKc 0.84132 899861 511.5 1070190
KsKc 0.840863 899372 511.5 1070190
KhKc 0.840863 899372 511.5 1070190
KhKd 0.821257 878390 511.5 1070190
KsKd 0.821257 878390 511.5 1070190
KsKh 0.820801 877901 511.5 1070190
QdQc 0.818312 875242 507.5 1070190
QsQc 0.817855 874753 507.5 1070190
QhQc 0.817855 874753 507.5 1070190
QsQd 0.798848 854412 507.5 1070190
QhQd 0.798848 854412 507.5 1070190
QsQh 0.798391 853923 507.5 1070190
JdJc 0.796447 851846 503.5 1070190
JsJc 0.79599 851357 503.5 1070190
JhJc 0.79599 851357 503.5 1070190
JsJd 0.777615 831692 503.5 1070190
JhJd 0.777615 831692 503.5 1070190
JsJh 0.777158 831203 503.5 1070190
TdTc 0.774749 828629 499.5 1070190
TsTc 0.774292 828140 499.5 1070190
ThTc 0.774292 828140 499.5 1070190
TsTd 0.756531 809132 499.5 1070190
ThTd 0.756531 809132 499.5 1070190
TsTh 0.756074 808643 499.5 1070190
9d9c 0.752243 804547 495.5 1070190
9s9c 0.751783 804055 495.5 1070190
9h9c 0.751783 804055 495.5 1070190
8d8c 0.742216 793236 1076.5 1070190
8s8c 0.74177 792762 1072.5 1070190
8h8c 0.74177 792762 1072.5 1070190
AcKc 0.736602 775629 12675 1070190
9h9d 0.73457 785634 495.5 1070190
9s9d 0.73457 785634 495.5 1070190
9s9h 0.73411 785142 495.5 1070190
AcQc 0.730649 768655 13278 1070190
8s8d 0.725118 774945 1068.5 1070190
8h8d 0.725118 774945 1068.5 1070190
8s8h 0.724671 774471 1064.5 1070190
AcJc 0.724654 761334 14183.5 1070190
AcTc 0.718711 753873 15284.5 1070190
Ac8c 0.713498 745451 18127.5 1070190
Ac5c 0.71321 742787 20483 1070190
Ac9c 0.712914 746479 16474 1070190
Ac6c 0.712296 742506 19786 1070190
6d6c 0.701785 747467 3576.5 1070190
6s6c 0.701354 747014 3568.5 1070190
6h6c 0.701354 747014 3568.5 1070190
Ac4d 0.698035 732647 14383.5 1070190
Ac4s 0.697594 732197 14361 1070190
Ac4h 0.697594 732197 14361 1070190
Ac3c 0.694521 722287 20982.5 1070190
Ac2c 0.687769 715543 20500 1070190
6s6d 0.685345 729919 3530.5 1070190
6h6d 0.685345 729919 3530.5 1070190
6s6h 0.684914 729466 3522.5 1070190
Ad4d 0.682955 716753 14138.5 1070190
KcQc 0.680931 713227 15499 1070190
Kc4d 0.680547 709779 18535.5 1070190
Kc4h 0.680173 709437 18477 1070190
Kc4s 0.680173 709437 18477 1070190
5d5c 0.677081 721135 3470.5 1070190
5s5c 0.676653 720685 3462.5 1070190
5h5c 0.676653 720685 3462.5 1070190
KcJc 0.674937 705906 16404.5 1070190
KcTc 0.668994 698445 17505.5 1070190
Ad4s 0.667374 699944 14273.5 1070190
Ad4h 0.667374 699944 14273.5 1070190
As4d 0.667055 699602 14273.5 1070190
Ah4d 0.667055 699602 14273.5 1070190
Kd4d 0.666909 695490 18229 1070190
As4s 0.666613 699152 14251 1070190
As4h 0.666613 699152 14251 1070190
Ah4s 0.666613 699152 14251 1070190
Ah4h 0.666613 699152 14251 1070190
Qc4d 0.665695 690693 21727.5 1070190
Qc4s 0.665373 690435 21641 1070190
Qc4h 0.665373 690435 21641 1070190
Kc8c 0.664185 690456 20348.5 1070190
Kc6c 0.663557 688125 22007 1070190
Kc9c 0.663196 691051 18695 1070190
5h5d 0.661315 704301 3432 1070190
5s5d 0.661315 704301 3432 1070190
5s5h 0.660887 703851 3424 1070190
Kc5c 0.659713 683314 22704 1070190
Qd4d 0.653486 677979 21375.5 1070190
Jc4d 0.653259 675032 24079.5 1070190
Jc4h 0.652977 674837 23972 1070190
Jc4s 0.652977 674837 23972 1070190
Kd4h 0.651037 678111 18622 1070190
Kd4s 0.651037 678111 18622 1070190
Kh4d 0.650644 677655 18658 1070190
Ks4d 0.650644 677655 18658 1070190
Kh4s 0.65027 677313 18599.5 1070190
Kh4h 0.65027 677313 18599.5 1070190
Ks4h 0.65027 677313 18599.5 1070190
Ks4s 0.65027 677313 18599.5 1070190
Tc4d 0.642731 662133 25711.5 1070190
Tc4s 0.642477 661983 25589 1070190
Tc4h 0.642477 661983 25589 1070190
Jd4d 0.642473 663872 23696 1070190
Kc3c 0.639336 661102 23109.5 1070190
Qd4s 0.637452 660224 21970.5 1070190
Qd4h 0.637452 660224 21970.5 1070190
Qs4d 0.637007 659684 22034.5 1070190
Qh4d 0.637007 659684 22034.5 1070190
Qs4s 0.636685 659426 21948 1070190
Qs4h 0.636685 659426 21948 1070190
Qh4s 0.636685 659426 21948 1070190
Qh4h 0.636685 659426 21948 1070190
8c4d 0.635435 652032 28004.5 1070190
8c4s 0.635203 651922 27866 1070190
8c4h 0.635203 651922 27866 1070190
6c4d 0.6341 649615 28992.5 1070190
6c4s 0.633866 649505 28852 1070190
6c4h 0.633866 649505 28852 1070190
9c4d 0.633604 651333 26743.5 1070190
9c4h 0.633368 651213 26611 1070190
9c4s 0.633368 651213 26611 1070190
Td4d 0.633345 652491 25308.5 1070190
Kc2c 0.632699 654481 22627 1070190
6c5c 0.631593 651617 24308 1070190
QcJc 0.631559 657835 18053 1070190
5c4d 0.628732 644014 28848.5 1070190
5c4h 0.628499 643906 28707.5 1070190
5c4s 0.628499 643906 28707.5 1070190
8d4d 0.628349 644904 27549 1070190
6d4d 0.628059 643643 28499 1070190
Jd4h 0.626386 645908 24444 1070190
Jd4s 0.626386 645908 24444 1070190
Js4d 0.625908 645311 24529 1070190
Jh4d 0.625908 645311 24529 1070190
Js4s 0.625625 645116 24421.5 1070190
Js4h 0.625625 645116 24421.5 1070190
Jh4h 0.625625 645116 24421.5 1070190
Jh4s 0.625625 645116 24421.5 1070190
QcTc 0.625616 650374 19154 1070190
9d4d 0.625585 643164 26331 1070190
5d4d 0.624008 639444 28363 1070190
Qc8c 0.621078 642674 21997 1070190
Qc6c 0.620988 640920 23655.5 1070190
Qc9c 0.619818 642980 20343.5 1070190
Td4h 0.617258 634416 26167.5 1070190
Td4s 0.617258 634416 26167.5 1070190
Qc5c 0.617144 636109 24352.5 1070190
Ts4d 0.616757 633780 26267.5 1070190
Th4d 0.616757 633780 26267.5 1070190
Ts4h 0.616503 633630 26145 1070190
Th4h 0.616503 633630 26145 1070190
Th4s 0.616503 633630 26145 1070190
Ts4s 0.616503 633630 26145 1070190
AcKd 0.615709 642084 16842 1070190
AcKh 0.61485 641187 16819.5 1070190
AcKs 0.61485 641187 16819.5 1070190
AdKc 0.614437 640902 16662 1070190
AhKc 0.613617 640083 16603.5 1070190
AsKc 0.613617 640083 16603.5 1070190
6d4s 0.613293 626727 29613 1070190
6d4h 0.613293 626727 29613 1070190
8d4s 0.613043 627485 28587.5 1070190
8d4h 0.613043 627485 28587.5 1070190
6h4d 0.61283 626121 29724 1070190
6s4d 0.61283 626121 29724 1070190
6h4h 0.612596 626011 29583.5 1070190
6s4s 0.612596 626011 29583.5 1070190
6s4h 0.612596 626011 29583.5 1070190
6h4s 0.612596 626011 29583.5 1070190
8h4d 0.612549 626844 28700 1070190
8s4d 0.612549 626844 28700 1070190
8h4h 0.612317 626734 28561.5 1070190
8h4s 0.612317 626734 28561.5 1070190
8s4h 0.612317 626734 28561.5 1070190
8s4s 0.612317 626734 28561.5 1070190
9d4h 0.609487 625001 27266 1070190
9d4s 0.609487 625001 27266 1070190
5d4s 0.609269 622550 29483.5 1070190
5d4h 0.609269 622550 29483.5 1070190
9s4d 0.608968 624335 27376 1070190
9h4d 0.608968 624335 27376 1070190
5s4d 0.608805 621942 29595 1070190
5h4d 0.608805 621942 29595 1070190
9h4h 0.608732 624215 27243.5 1070190
9h4s 0.608732 624215 27243.5 1070190
9s4h 0.608732 624215 27243.5 1070190
9s4s 0.608732 624215 27243.5 1070190
5h4s 0.608572 621834 29454 1070190
5s4h 0.608572 621834 29454 1070190
5s4s 0.608572 621834 29454 1070190
5h4h 0.608572 621834 29454 1070190
AcQd 0.607045 632008 17646 1070190
AcQs 0.606186 631111 17623.5 1070190
AcQh 0.606186 631111 17623.5 1070190
AdQc 0.604419 629428 17415 1070190
AsQc 0.603625 628637 17356.5 1070190
AhQc 0.603625 628637 17356.5 1070190
AdKd 0.601737 628035 15937.5 1070190
AcJd 0.598404 621426 18980.5 1070190
AcJs 0.597551 620535 18958 1070190
AcJh 0.597551 620535 18958 1070190
4d3c 0.596908 610949 27856 1070190
4s3c 0.596744 610936 27693 1070190
4h3c 0.596744 610936 27693 1070190
JcTc 0.595411 616955 20248 1070190
Qc3c 0.595348 612472 24664 1070190
AdJc 0.594394 617427 18687 1070190
4d3d 0.593913 608130 27470 1070190
AhJc 0.593629 616671 18625 1070190
AsJc 0.593629 616671 18625 1070190
AdQd 0.593327 618255 16717.5 1070190
Jc8c 0.591074 609684 22877 1070190
AcTd 0.589782 610512 20666.5 1070190
Jc9c 0.589614 609561 21437.5 1070190
AcTh 0.588934 609627 20644 1070190
AcTs 0.588934 609627 20644 1070190
Qc2c 0.588441 605562 24181.5 1070190
4d2c 0.587987 602243 27015 1070190
4h2c 0.587829 602237 26852 1070190
4s2c 0.587829 602237 26852 1070190
4d2d 0.586459 600947 26675.5 1070190
Ac5d 0.586197 598467 28875 1070190
Ac5s 0.585415 597660 28845.5 1070190
Ac5h 0.585415 597660 28845.5 1070190
AdJd 0.584931 607995 17992.5 1070190
Jc6c 0.58476 601108 24696 1070190
AdTc 0.584403 605118 20304 1070190
Ac6d 0.584029 597270 27752 1070190
Ac8d 0.583788 599598 25166 1070190
AsTc 0.583669 604401 20236 1070190
AhTc 0.583669 604401 20236 1070190
Ac6h 0.583249 596465 27722.5 1070190
Ac6s 0.583249 596465 27722.5 1070190
Ac8s 0.582974 598753 25140 1070190
Ac8h 0.582974 598753 25140 1070190
8c6c 0.582675 599015 24557.5 1070190
AsKd 0.582073 606384 16545 1070190
AhKd 0.582073 606384 16545 1070190
AdKh 0.582034 606306 16581 1070190
AdKs 0.582034 606306 16581 1070190
AhKh 0.581214 605487 16522.5 1070190
AhKs 0.581214 605487 16522.5 1070190
AsKh 0.581214 605487 16522.5 1070190
AsKs 0.581214 605487 16522.5 1070190
Ac9d 0.581173 599440 22525 1070190
Jc5c 0.580916 596297 25393 1070190
Ac9s 0.580325 598555 22502.5 1070190
Ac9h 0.580325 598555 22502.5 1070190
4h3d 0.577554 589575 28517 1070190
4s3d 0.577554 589575 28517 1070190
4d3s 0.577048 588919 28632 1070190
4d3h 0.577048 588919 28632 1070190
4h3h 0.576884 588906 28469 1070190
4s3h 0.576884 588906 28469 1070190
4h3s 0.576884 588906 28469 1070190
4s3s 0.576884 588906 28469 1070190
AdTd 0.576561 597435 19594.5 1070190
Ad8c 0.575736 591463 24683.5 1070190
Ad5c 0.575409 587488 28308.5 1070190
Ah8c 0.575053 590816 24600 1070190
As8c 0.575053 590816 24600 1070190
Ah5c 0.574752 586881 28212.5 1070190
As5c 0.574752 586881 28212.5 1070190
Ad6c 0.574581 587682 27228.5 1070190
Ad9c 0.574489 592720 22092 1070190
As6c 0.573914 587060 27137.5 1070190
Ah6c 0.573914 587060 27137.5 1070190
As9c 0.573785 592043 22016.5 1070190
Ah9c 0.573785 592043 22016.5 1070190
AsQd 0.573376 596296 17325 1070190
AhQd 0.573376 596296 17325 1070190
AdQs 0.57331 596190 17361 1070190
AdQh 0.57331 596190 17361 1070190
8c5c 0.572945 588495 24664.5 1070190
Ad5d 0.572672 585468 27400 1070190
AhQs 0.572517 595399 17302.5 1070190
AsQh 0.572517 595399 17302.5 1070190
AsQs 0.572517 595399 17302.5 1070190
AhQh 0.572517 595399 17302.5 1070190
Ad8d 0.570561 586737 23872 1070190
Ad6d 0.570557 584268 26336 1070190
4h2d 0.569453 581759 27663.5 1070190
4s2d 0.569453 581759 27663.5 1070190
4d2h 0.568913 581063 27781.5 1070190
4d2s 0.568913 581063 27781.5 1070190
4s2h 0.568755 581057 27618.5 1070190
4s2s 0.568755 581057 27618.5 1070190
4h2s 0.568755 581057 27618.5 1070190
4h2h 0.568755 581057 27618.5 1070190
Ad9d 0.568232 586761 21355.5 1070190
Tc8c 0.567277 583660 23434.5 1070190
Tc9c 0.566086 583825 21995 1070190
AsJd 0.564701 585699 18638.5 1070190
AhJd 0.564701 585699 18638.5 1070190
AdJs 0.564612 585564 18678 1070190
AdJh 0.564612 585564 18678 1070190
AsJh 0.563848 584808 18616 1070190
AhJs 0.563848 584808 18616 1070190
AhJh 0.563848 584808 18616 1070190
AsJs 0.563848 584808 18616 1070190
Tc6c 0.561249 575550 25093 1070190
Ac3d 0.559895 569809 29384.5 1070190
Ac3h 0.559151 569044 29354 1070190
Ac3s 0.559151 569044 29354 1070190
Jc3c 0.557969 571522 25610.5 1070190
AsTd 0.556036 574758 20306.5 1070190
AhTd 0.556036 574758 20306.5 1070190
AdTs 0.555922 574590 20352 1070190
AdTh 0.555922 574590 20352 1070190
AsTs 0.555188 573873 20284 1070190
AsTh 0.555188 573873 20284 1070190
AhTh 0.555188 573873 20284 1070190
AhTs 0.555188 573873 20284 1070190
Ah5d 0.553085 563378 28528 1070190
As5d 0.553085 563378 28528 1070190
Ad5h 0.55296 563178 28594.5 1070190
Ad5s 0.55296 563178 28594.5 1070190
Ah5h 0.552303 562571 28498.5 1070190
Ah5s 0.552303 562571 28498.5 1070190
As5s 0.552303 562571 28498.5 1070190
As5h 0.552303 562571 28498.5 1070190
Jc2c 0.550926 564467 25128 1070190
Ah6d 0.550698 561942 27409 1070190
As6d 0.550698 561942 27409 1070190
Ad6h 0.550584 561759 27470.5 1070190
Ad6s 0.550584 561759 27470.5 1070190
Ah8d 0.550258 564072 24808.5 1070190
As8d 0.550258 564072 24808.5 1070190
Tc5c 0.550186 562907 25897 1070190
Ad8s 0.550127 563874 24866 1070190
Ad8h 0.550127 563874 24866 1070190
Ah6h 0.549918 561137 27379.5 1070190
Ah6s 0.549918 561137 27379.5 1070190
As6h 0.549918 561137 27379.5 1070190
As6s 0.549918 561137 27379.5 1070190
As8s 0.549444 563227 24782.5 1070190
Ah8h 0.549444 563227 24782.5 1070190
Ah8s 0.549444 563227 24782.5 1070190
As8h 0.549444 563227 24782.5 1070190
Ac2d 0.548758 558680 28595.5 1070190
Ac2s 0.547983 557877 28568.5 1070190
Ac2h 0.547983 557877 28568.5 1070190
Ah9d 0.547368 563638 22150 1070190
As9d 0.547368 563638 22150 1070190
Ad9s 0.547223 563430 22203 1070190
Ad9h 0.547223 563430 22203 1070190
Ad3c 0.547089 556724 28765 1070190
Ah9h 0.54652 562753 22127.5 1070190
As9s 0.54652 562753 22127.5 1070190
As9h 0.54652 562753 22127.5 1070190
Ah9s 0.54652 562753 22127.5 1070190
As3c 0.54646 556155 28661 1070190
Ah3c 0.54646 556155 28661 1070190
Ad3d 0.546329 556790 27885.5 1070190
9c8c 0.541922 556969 22991 1070190
6c3c 0.54099 554489 24473.5 1070190
5c3c 0.538044 552540 23269.5 1070190
9c6c 0.53603 549004 24649.5 1070190
Ad2d 0.535528 545996 27121 1070190
KcQd 0.534855 551971 20425 1070190
Ad2c 0.534691 544262 27958.5 1070190
Ah2c 0.534067 543699 27854.5 1070190
As2c 0.534067 543699 27854.5 1070190
KcQh 0.534033 551118 20398.5 1070190
KcQs 0.534033 551118 20398.5 1070190
KdQc 0.53353 550714 20265 1070190
KhQc 0.532735 549917 20210.5 1070190
KsQc 0.532735 549917 20210.5 1070190
Tc3c 0.526457 537388 26020.5 1070190
KcJd 0.526214 541389 21759.5 1070190
Ah3d 0.525657 533559 28993.5 1070190
As3d 0.525657 533559 28993.5 1070190
Ad3h 0.525542 533363 29067 1070190
Ad3s 0.525542 533363 29067 1070190
KcJh 0.525397 540542 21733 1070190
KcJs 0.525397 540542 21733 1070190
9c5c 0.524967 536361 25453.5 1070190
As3h 0.524913 532794 28963 1070190
As3s 0.524913 532794 28963 1070190
Ah3s 0.524913 532794 28963 1070190
Ah3h 0.524913 532794 28963 1070190
KdQd 0.524619 542115 19327.5 1070190
KdJc 0.523505 538713 21537 1070190
KsJc 0.522739 537951 21479 1070190
KhJc 0.522739 537951 21479 1070190
Tc2c 0.519412 530332 25538 1070190
KcTd 0.517591 530475 23445.5 1070190
KcTh 0.51678 529634 23419 1070190
KcTs 0.51678 529634 23419 1070190
KdJd 0.516224 531855 20602.5 1070190
Ah2d 0.514092 522001 28175 1070190
As2d 0.514092 522001 28175 1070190
Ad2s 0.51394 521761 28252 1070190
Ad2h 0.51394 521761 28252 1070190
KdTc 0.513514 526404 23154 1070190
Ah2h 0.513316 521198 28148 1070190
As2s 0.513316 521198 28148 1070190
Ah2s 0.513316 521198 28148 1070190
As2h 0.513316 521198 28148 1070190
Kc6d 0.513302 518800 30531 1070190
KhTc 0.512779 525681 23090 1070190
KsTc 0.512779 525681 23090 1070190
Kc6s 0.512558 518037 30497.5 1070190
Kc6h 0.512558 518037 30497.5 1070190
Kc8d 0.512195 520201 27945 1070190
Kc8h 0.511418 519399 27915 1070190
Kc8s 0.511418 519399 27915 1070190
Kc9d 0.508982 519403 25304 1070190
Kc9h 0.508171 518562 25277.5 1070190
Kc9s 0.508171 518562 25277.5 1070190
KdTd 0.507853 521295 22204.5 1070190
Kc5d 0.507687 511668 31654 1070190
Kc5s 0.506942 510904 31620.5 1070190
Kc5h 0.506942 510904 31620.5 1070190
Kd8c 0.50545 513394 27533.5 1070190
Kd6c 0.505171 510550 30078.5 1070190
Ks8c 0.504766 512741 27454 1070190
Kh8c 0.504766 512741 27454 1070190
Ks6c 0.504503 509923 29991.5 1070190
Kh6c 0.504503 509923 29991.5 1070190
Kd9c 0.5036 514006 24942 1070190
Kd6d 0.503279 509658 28946 1070190
Kh9c 0.502895 513323 24870.5 1070190
Ks9c 0.502895 513323 24870.5 1070190
Kd8d 0.502435 511219 26482 1070190
3d3c 0.501302 516914 19574 1070190
KhQd 0.50112 516139 20155 1070190
KsQd 0.50112 516139 20155 1070190
KdQh 0.501094 516083 20183 1070190
KdQs 0.501094 516083 20183 1070190
3s3c 0.500963 516578 19548 1070190
3h3c 0.500963 516578 19548 1070190
KhQh 0.500299 515286 20128.5 1070190
KhQs 0.500299 515286 20128.5 1070190
KsQh 0.500299 515286 20128.5 1070190
KsQs 0.500299 515286 20128.5 1070190
9c3c 0.500071 509206 25965.5 1070190
Kd9d 0.499525 510621 23965.5 1070190
Kd5c 0.498248 502062 31158.5 1070190
Kd5d 0.497789 502719 30010 1070190
Kh5c 0.497598 501458 31066.5 1070190
Ks5c 0.497598 501458 31066.5 1070190
9c2c 0.493161 502293 25483 1070190
KsJd 0.492446 505542 21468.5 1070190
KhJd 0.492446 505542 21468.5 1070190
KdJs 0.492396 505457 21500 1070190
KdJh 0.492396 505457 21500 1070190
KsJs 0.49163 504695 21442 1070190
KhJh 0.49163 504695 21442 1070190
KsJh 0.49163 504695 21442 1070190
KhJs 0.49163 504695 21442 1070190
KsTd 0.483781 494601 23136.5 1070190
KhTd 0.483781 494601 23136.5 1070190
KdTh 0.483706 494483 23174 1070190
KdTs 0.483706 494483 23174 1070190
KsTh 0.48297 493760 23110 1070190
KsTs 0.48297 493760 23110 1070190
KhTh 0.48297 493760 23110 1070190
KhTs 0.48297 493760 23110 1070190
3s3d 0.482914 497323 19486.5 1070190
3h3d 0.482914 497323 19486.5 1070190
3s3h 0.482576 496987 19460.5 1070190
8c3c 0.48011 488828 24981 1070190
Ks6d 0.479968 483418 30239 1070190
Kh6d 0.479968 483418 30239 1070190
Kd6h 0.479891 483282 30292.5 1070190
Kd6s 0.479891 483282 30292.5 1070190
8c2c 0.479619 488302 24981 1070190
Kc3d 0.479362 480950 32058.5 1070190
Kh6s 0.479224 482655 30205.5 1070190
Ks6s 0.479224 482655 30205.5 1070190
Ks6h 0.479224 482655 30205.5 1070190
Kh6h 0.479224 482655 30205.5 1070190
Kc3h 0.478664 480237 32024.5 1070190
Kc3s 0.478664 480237 32024.5 1070190
Kh8d 0.478623 484579 27638.5 1070190
Ks8d 0.478623 484579 27638.5 1070190
Kd8h 0.47853 484430 27688 1070190
Kd8s 0.47853 484430 27688 1070190
Kh8h 0.477846 483777 27608.5 1070190
Ks8h 0.477846 483777 27608.5 1070190
Ks8s 0.477846 483777 27608.5 1070190
Kh8s 0.477846 483777 27608.5 1070190
Kh9d 0.475113 483481 24980 1070190
Ks9d 0.475113 483481 24980 1070190
Kd9h 0.475007 483323 25025 1070190
Kd9s 0.475007 483323 25025 1070190
Ks9h 0.474302 482640 24953.5 1070190
Kh9s 0.474302 482640 24953.5 1070190
Ks9s 0.474302 482640 24953.5 1070190
Kh9h 0.474302 482640 24953.5 1070190
Kh5d 0.474268 476199 31358 1070190
Ks5d 0.474268 476199 31358 1070190
Kd5h 0.474173 476039 31416.5 1070190
Kd5s 0.474173 476039 31416.5 1070190
Ks5h 0.473523 475435 31324.5 1070190
Kh5h 0.473523 475435 31324.5 1070190
Kh5s 0.473523 475435 31324.5 1070190
Ks5s 0.473523 475435 31324.5 1070190
6c2c 0.470623 479641 24014.5 1070190
Kd3d 0.469442 472002 30390.5 1070190
6c5d 0.469312 470496 31756.5 1070190
6c5h 0.468634 469826 31701.5 1070190
6c5s 0.468634 469826 31701.5 1070190
Kc2d 0.468489 470103 31269.5 1070190
6d5d 0.468459 471162 30178.5 1070190
6d5c 0.468118 469326 31649 1070190
Kd3c 0.467889 469223 31507 1070190
Kc2h 0.46776 469353 31239 1070190
Kc2s 0.46776 469353 31239 1070190
2d2c 0.467681 481565 18943 1070190
6h5c 0.467457 468689 31578.5 1070190
6s5c 0.467457 468689 31578.5 1070190
2h2c 0.467332 481214 18920.5 1070190
2s2c 0.467332 481214 18920.5 1070190
Ks3c 0.467267 468657 31407.5 1070190
Kh3c 0.467267 468657 31407.5 1070190
5c2c 0.467196 477053 22936 1070190
QcJd 0.46311 471825 23790.5 1070190
QcJs 0.46233 471020 23760.5 1070190
QcJh 0.46233 471020 23760.5 1070190
QdJc 0.461754 470531 23633 1070190
QhJc 0.460991 469769 23578.5 1070190
QsJc 0.460991 469769 23578.5 1070190
Kd2d 0.4589 461484 29626 1070190
QdJd 0.45626 465771 22514 1070190
Kd2c 0.455745 457033 30700.5 1070190
Ks2c 0.455128 456472 30601 1070190
Kh2c 0.455128 456472 30601 1070190
QcTd 0.454487 460911 25476.5 1070190
QcTs 0.453712 460112 25446.5 1070190
QcTh 0.453712 460112 25446.5 1070190
QdTc 0.451763 458222 25250 1070190
Qc6d 0.451395 450516 32562 1070190
QsTc 0.451031 457499 25189.5 1070190
QhTc 0.451031 457499 25189.5 1070190
Qc6h 0.450684 449793 32525 1070190
Qc6s 0.450684 449793 32525 1070190
2h2d 0.449631 462329 18862 1070190
2s2d 0.449631 462329 18862 1070190
Qc8d 0.449472 451044 29976 1070190
2s2h 0.449282 461978 18839.5 1070190
Qc8h 0.448729 450283 29942.5 1070190
Qc8s 0.448729 450283 29942.5 1070190
QdTd 0.44789 455211 24116 1070190
Qc9d 0.445878 449839 27335 1070190
6h5d 0.445826 445525 31594 1070190
6s5d 0.445826 445525 31594 1070190
6d5h 0.44581 445492 31609.5 1070190
6d5s 0.44581 445492 31609.5 1070190
Qc5d 0.44578 443384 33685 1070190
6s5s 0.445149 444855 31539 1070190
6s5h 0.445149 444855 31539 1070190
6h5s 0.445149 444855 31539 1070190
6h5h 0.445149 444855 31539 1070190
Qc9h 0.445103 449040 27305 1070190
Qc9s 0.445103 449040 27305 1070190
Qc5s 0.445069 442660 33648 1070190
Qc5h 0.445069 442660 33648 1070190
Kh3d 0.444782 444284 31717 1070190
Ks3d 0.444782 444284 31717 1070190
Kd3h 0.444706 444137 31782.5 1070190
Kd3s 0.444706 444137 31782.5 1070190
Qd6c 0.444624 443658 32174.5 1070190
Qd6d 0.444478 444818 30857.5 1070190
Ks3s 0.444084 443571 31683 1070190
Kh3s 0.444084 443571 31683 1070190
Kh3h 0.444084 443571 31683 1070190
Ks3h 0.444084 443571 31683 1070190
Qd8c 0.444083 445624 29629.5 1070190
Qh6c 0.44396 443031 32091 1070190
Qs6c 0.44396 443031 32091 1070190
Qh8c 0.443402 444971 29553.5 1070190
Qs8c 0.443402 444971 29553.5 1070190
Qd8d 0.442841 445530 28393.5 1070190
Qd9c 0.441849 445824 27038 1070190
Qh9c 0.441147 445141 26970 1070190
Qs9c 0.441147 445141 26970 1070190
Qd9d 0.439561 444537 25877 1070190
Qd5d 0.438988 437879 31921.5 1070190
Qd5c 0.437702 435170 33254.5 1070190
3c2c 0.437606 447714 20607.5 1070190
Qh5c 0.437055 434566 33166 1070190
Qs5c 0.437055 434566 33166 1070190
Kh2d 0.433492 433020 30898.5 1070190
Ks2d 0.433492 433020 30898.5 1070190
Kd2h 0.43338 432831 30967.5 1070190
Kd2s 0.43338 432831 30967.5 1070190
Ks2s 0.432762 432270 30868 1070190
Ks2h 0.432762 432270 30868 1070190
Kh2s 0.432762 432270 30868 1070190
Kh2h 0.432762 432270 30868 1070190
QsJd 0.429484 436082 23547 1070190
QhJd 0.429484 436082 23547 1070190
QdJs 0.429466 436039 23571.5 1070190
QdJh 0.429466 436039 23571.5 1070190
QsJh 0.428703 435277 23517 1070190
QhJs 0.428703 435277 23517 1070190
QhJh 0.428703 435277 23517 1070190
QsJs 0.428703 435277 23517 1070190
QhTd 0.420819 425141 25215 1070190
QsTd 0.420819 425141 25215 1070190
QdTh 0.420776 425065 25245.5 1070190
QdTs 0.420776 425065 25245.5 1070190
QhTh 0.420044 424342 25185 1070190
QhTs 0.420044 424342 25185 1070190
QsTs 0.420044 424342 25185 1070190
QsTh 0.420044 424342 25185 1070190
Qh6d 0.418247 415286 32317.5 1070190
Qs6d 0.418247 415286 32317.5 1070190
Qd6h 0.418201 415190 32364 1070190
Qd6s 0.418201 415190 32364 1070190
Qs6h 0.417537 414563 32280.5 1070190
Qs6s 0.417537 414563 32280.5 1070190
Qh6s 0.417537 414563 32280.5 1070190
Qh6h 0.417537 414563 32280.5 1070190
Qs8d 0.416055 415541 29717 1070190
Qh8d 0.416055 415541 29717 1070190
Qd8h 0.415994 415433 29759.5 1070190
Qd8s 0.415994 415433 29759.5 1070190
Qc3d 0.415781 410980 33984.5 1070190
Qh8h 0.415313 414780 29683.5 1070190
Qh8s 0.415313 414780 29683.5 1070190
Qs8h 0.415313 414780 29683.5 1070190
Qs8s 0.415313 414780 29683.5 1070190
Qc3h 0.415125 410315 33947.5 1070190
Qc3s 0.415125 410315 33947.5 1070190
Qs5d 0.412547 408067 33436.5 1070190
Qh5d 0.412547 408067 33436.5 1070190
Qd5h 0.412483 407947 33488 1070190
Qd5s 0.412483 407947 33488 1070190
Qs9d 0.412151 414021 27058.5 1070190
Qh9d 0.412151 414021 27058.5 1070190
Qd9h 0.412078 413905 27096.5 1070190
Qd9s 0.412078 413905 27096.5 1070190
Qh5s 0.411836 407343 33399.5 1070190
Qs5s 0.411836 407343 33399.5 1070190
Qh5h 0.411836 407343 33399.5 1070190
Qs5h 0.411836 407343 33399.5 1070190
JcTd 0.411528 413649 26764 1070190
Qs9h 0.411376 413222 27028.5 1070190
Qh9s 0.411376 413222 27028.5 1070190
Qs9s 0.411376 413222 27028.5 1070190
Qh9h 0.411376 413222 27028.5 1070190
JcTh 0.410782 412884 26731 1070190
JcTs 0.410782 412884 26731 1070190
JdTc 0.410209 412403 26599 1070190
JhTc 0.409481 411681 26542 1070190
JsTc 0.409481 411681 26542 1070190
Qd3d 0.408982 405491 32197 1070190
JdTd 0.407544 410818 25331.5 1070190
Jc8d 0.406792 404439 30905.5 1070190
Jc8h 0.406077 403711 30869 1070190
Jc8s 0.406077 403711 30869 1070190
Qd3c 0.405654 400632 33495 1070190
Qs3c 0.405036 400066 33399.5 1070190
Qh3c 0.405036 400066 33399.5 1070190
Qc2d 0.404528 399726 33195.5 1070190
Qc2h 0.403841 399025 33162 1070190
Qc2s 0.403841 399025 33162 1070190
Jc9d 0.402919 402577 28622.5 1070190
Jd8c 0.402805 400447 30630.5 1070190
Jd8d 0.402753 401749 29273 1070190
Jc9s 0.402173 401812 28589.5 1070190
Jc9h 0.402173 401812 28589.5 1070190
Js8c 0.402126 399791 30560 1070190
Jh8c 0.402126 399791 30560 1070190
Jd9c 0.400295 400005 28387 1070190
Jh9c 0.399598 399323 28322.5 1070190
Js9c 0.399598 399323 28322.5 1070190
Jd9d 0.399215 400143 27092.5 1070190
Jc6d 0.39869 392914 33760 1070190
Qd2d 0.39807 394578 31432.5 1070190
Jc6s 0.398013 392229 33720 1070190
Jc6h 0.398013 392229 33720 1070190
8c6d 0.397136 392574 32437.5 1070190
8d6d 0.397065 394164 30770.5 1070190
8c6s 0.396474 391912 32390.5 1070190
8c6h 0.396474 391912 32390.5 1070190
8d6c 0.396079 391602 32277.5 1070190
8s6c 0.395419 390966 32207.5 1070190
8h6c 0.395419 390966 32207.5 1070190
Jd6d 0.394548 390252 31989 1070190
Jd6c 0.393318 387489 33436.5 1070190
Qd2c 0.393125 388030 32688.5 1070190
Jc5d 0.393075 385782 34883 1070190
Js6c 0.392661 386865 33357 1070190
Jh6c 0.392661 386865 33357 1070190
Qh2c 0.392512 387469 32593 1070190
Qs2c 0.392512 387469 32593 1070190
Jc5s 0.392397 385096 34843 1070190
Jc5h 0.392397 385096 34843 1070190
Jd5d 0.389058 383313 33053 1070190
Jd5c 0.386396 379001 34516.5 1070190
Jh5c 0.385756 378400 34432 1070190
Js5c 0.385756 378400 34432 1070190
8d5d 0.382077 377957 30938.5 1070190
8c5d 0.381785 375966 32616.5 1070190
Qs3d 0.38136 374439 33689 1070190
Qh3d 0.38136 374439 33689 1070190
Qd3s 0.381322 374340 33747.5 1070190
Qd3h 0.381322 374340 33747.5 1070190
8c5h 0.381127 375309 32569.5 1070190
8c5s 0.381127 375309 32569.5 1070190
Qs3s 0.380704 373774 33652 1070190
Qs3h 0.380704 373774 33652 1070190
Qh3h 0.380704 373774 33652 1070190
Qh3s 0.380704 373774 33652 1070190
8d5c 0.379481 373665 32451.5 1070190
8s5c 0.378839 373049 32380.5 1070190
8h5c 0.378839 373049 32380.5 1070190
JhTd 0.378672 378704 26546.5 1070190
JsTd 0.378672 378704 26546.5 1070190
JdTs 0.378654 378661 26570.5 1070190
JdTh 0.378654 378661 26570.5 1070190
JhTs 0.377926 377939 26513.5 1070190
JsTh 0.377926 377939 26513.5 1070190
JhTh 0.377926 377939 26513.5 1070190
JsTs 0.377926 377939 26513.5 1070190
Jh8d 0.374184 369758 30690.5 1070190
Js8d 0.374184 369758 30690.5 1070190
Jd8h 0.374149 369686 30724.5 1070190
Jd8s 0.374149 369686 30724.5 1070190
Js8s 0.37347 369030 30654 1070190
Js8h 0.37347 369030 30654 1070190
Jh8h 0.37347 369030 30654 1070190
Jh8s 0.37347 369030 30654 1070190
Tc8d 0.373012 367740 31454 1070190
Tc8s 0.372325 367043 31415 1070190
Tc8h 0.372325 367043 31415 1070190
Td8d 0.371266 367530 29795 1070190
Td8c 0.370426 365187 31239.5 1070190
Jh9d 0.370003 367584 28390 1070190
Js9d 0.370003 367584 28390 1070190
Jd9s 0.369955 367501 28421.5 1070190
Jd9h 0.369955 367501 28421.5 1070190
8s6d 0.369857 363544 32273 1070190
8h6d 0.369857 363544 32273 1070190
8d6h 0.369854 363518 32296 1070190
8d6s 0.369854 363518 32296 1070190
Ts8c 0.369751 364531 31173 1070190
Th8c 0.369751 364531 31173 1070190
Qh2d 0.369676 362753 32870.5 1070190
Qs2d 0.369676 362753 32870.5 1070190
Qd2h 0.369603 362613 32932.5 1070190
Qd2s 0.369603 362613 32932.5 1070190
Tc9d 0.369579 366349 29171 1070190
Js9h 0.369258 366819 28357 1070190
Js9s 0.369258 366819 28357 1070190
Jh9h 0.369258 366819 28357 1070190
Jh9s 0.369258 366819 28357 1070190
8s6s 0.369194 362882 32226 1070190
8h6h 0.369194 362882 32226 1070190
8h6s 0.369194 362882 32226 1070190
8s6h 0.369194 362882 32226 1070190
Qs2s 0.36899 362052 32837 1070190
Qh2s 0.36899 362052 32837 1070190
Qh2h 0.36899 362052 32837 1070190
Qs2h 0.36899 362052 32837 1070190
Tc9h 0.368861 365616 29135.5 1070190
Tc9s 0.368861 365616 29135.5 1070190
Td9c 0.368348 365206 28996 1070190
Td9d 0.368153 366379 27614.5 1070190
Ts9c 0.367653 364523 28935.5 1070190
Th9c 0.367653 364523 28935.5 1070190
Jh6d 0.36594 358066 33559.5 1070190
Js6d 0.36594 358066 33559.5 1070190
Jd6h 0.36592 358005 33599 1070190
Jd6s 0.36592 358005 33599 1070190
Tc6d 0.365319 356921 34040 1070190
Jh6h 0.365263 357381 33519.5 1070190
Jh6s 0.365263 357381 33519.5 1070190
Js6s 0.365263 357381 33519.5 1070190
Js6h 0.365263 357381 33519.5 1070190
Tc6s 0.364667 356265 33997.5 1070190
Tc6h 0.364667 356265 33997.5 1070190
Td6d 0.363453 356705 32259 1070190
Jc3d 0.361752 352066 35077.5 1070190
Td6c 0.361356 352935 33784.5 1070190
Jc3s 0.361136 351446 35038 1070190
Jc3h 0.361136 351446 35038 1070190
Th6c 0.360702 352309 33710.5 1070190
Ts6c 0.360702 352309 33710.5 1070190
Jh5d 0.36024 350847 34678.5 1070190
Js5d 0.36024 350847 34678.5 1070190
Jd5s 0.360202 350762 34723 1070190
Jd5h 0.360202 350762 34723 1070190
Jh5s 0.359562 350161 34638.5 1070190
Jh5h 0.359562 350161 34638.5 1070190
Js5h 0.359562 350161 34638.5 1070190
Js5s 0.359562 350161 34638.5 1070190
Jd3d 0.357736 349622 33223.5 1070190
8h5d 0.35401 346406 32452 1070190
8s5d 0.35401 346406 32452 1070190
8d5s 0.353994 346365 32476 1070190
8d5h 0.353994 346365 32476 1070190
8h5h 0.353352 345749 32405 1070190
8h5s 0.353352 345749 32405 1070190
8s5h 0.353352 345749 32405 1070190
8s5s 0.353352 345749 32405 1070190
Jd3c 0.353011 343140 34649 1070190
Js3c 0.3524 342577 34558 1070190
Jh3c 0.3524 342577 34558 1070190
Jc2d 0.350336 340638 34288.5 1070190
Jc2s 0.349691 339983 34252.5 1070190
Jc2h 0.349691 339983 34252.5 1070190
Tc5d 0.348182 337279 35342 1070190
Tc5s 0.347535 336629 35299.5 1070190
Tc5h 0.347535 336629 35299.5 1070190
Jd2d 0.346667 338541 32459 1070190
Td5d 0.346665 337506 33491 1070190
Td5c 0.342902 331932 35038.5 1070190
Th5c 0.34227 331335 34958.5 1070190
Ts5c 0.34227 331335 34958.5 1070190
Ts8d 0.341398 334081 31279.5 1070190
Th8d 0.341398 334081 31279.5 1070190
Td8h 0.341385 334040 31307 1070190
Td8s 0.341385 334040 31307 1070190
6d3d 0.341014 334305 30644.5 1070190
Ts8s 0.34071 333384 31240.5 1070190
Ts8h 0.34071 333384 31240.5 1070190
Th8h 0.34071 333384 31240.5 1070190
Th8s 0.34071 333384 31240.5 1070190
Jd2c 0.340315 330359 33842.5 1070190
Jh2c 0.339708 329801 33751.5 1070190
Js2c 0.339708 329801 33751.5 1070190
6c3d 0.33956 331080 32313.5 1070190
6c3h 0.339006 330536 32265 1070190
6c3s 0.339006 330536 32265 1070190
5d3d 0.338434 333398 28790.5 1070190
Th9d 0.337668 332390 28979 1070190
Ts9d 0.337668 332390 28979 1070190
Td9h 0.337645 332340 29004 1070190
Td9s 0.337645 332340 29004 1070190
Th9h 0.33695 331657 28943.5 1070190
Ts9s 0.33695 331657 28943.5 1070190
Ts9h 0.33695 331657 28943.5 1070190
Th9s 0.33695 331657 28943.5 1070190
6d3c 0.336474 327941 32150 1070190
9d8d 0.33631 331054 28861.5 1070190
6h3c 0.335892 327388 32080 1070190
6s3c 0.335892 327388 32080 1070190
9c8d 0.335779 328868 30479 1070190
5c3d 0.335644 328849 30353.5 1070190
9c8h 0.335118 328198 30441.5 1070190
9c8s 0.335118 328198 30441.5 1070190
5c3s 0.335112 328329 30305 1070190
5c3h 0.335112 328329 30305 1070190
9d8c 0.334556 327730 30309 1070190
9h8c 0.333886 327074 30247.5 1070190
9s8c 0.333886 327074 30247.5 1070190
5d3c 0.333751 326932 30245 1070190
Td6s 0.333575 323077 33911.5 1070190
Td6h 0.333575 323077 33911.5 1070190
Th6d 0.333573 323107 33880 1070190
Ts6d 0.333573 323107 33880 1070190
5h3c 0.333171 326373 30183 1070190
5s3c 0.333171 326373 30183 1070190
Th6h 0.332921 322451 33837.5 1070190
Th6s 0.332921 322451 33837.5 1070190
Ts6s 0.332921 322451 33837.5 1070190
Ts6h 0.332921 322451 33837.5 1070190
9d6d 0.328653 320396 31325.5 1070190
9c6d 0.328248 318223 33065 1070190
Js3d 0.327711 315889 34824.5 1070190
Jh3d 0.327711 315889 34824.5 1070190
Jd3s 0.327706 315832 34876 1070190
Jd3h 0.327706 315832 34876 1070190
9c6s 0.327621 317593 33024 1070190
9c6h 0.327621 317593 33024 1070190
Jh3h 0.327095 315269 34785 1070190
Jh3s 0.327095 315269 34785 1070190
Js3s 0.327095 315269 34785 1070190
Js3h 0.327095 315269 34785 1070190
9d6c 0.325653 315657 32854 1070190
9s6c 0.325004 315031 32785 1070190
9h6c 0.325004 315031 32785 1070190
Tc3d 0.316052 302804 35431.5 1070190
Th5d 0.315887 302881 35178 1070190
Ts5d 0.315887 302881 35178 1070190
Td5h 0.315872 302828 35215.5 1070190
Td5s 0.315872 302828 35215.5 1070190
Jh2d 0.315859 304023 34006 1070190
Js2d 0.315859 304023 34006 1070190
Jd2s 0.31582 303926 34061 1070190
Jd2h 0.31582 303926 34061 1070190
Tc3s 0.315473 302226 35390 1070190
Tc3h 0.315473 302226 35390 1070190
Ts5h 0.31524 302231 35135.5 1070190
Ts5s 0.31524 302231 35135.5 1070190
Th5h 0.31524 302231 35135.5 1070190
Th5s 0.31524 302231 35135.5 1070190
Jh2h 0.315213 303368 33970 1070190
Jh2s 0.315213 303368 33970 1070190
Js2s 0.315213 303368 33970 1070190
Js2h 0.315213 303368 33970 1070190
Td3d 0.314528 303048 33556.5 1070190
6d3h 0.312086 301806 32185.5 1070190
6d3s 0.312086 301806 32185.5 1070190
6h3d 0.312058 301797 32164 1070190
6s3d 0.312058 301797 32164 1070190
9d5d 0.311865 301197 32557.5 1070190
6h3h 0.311504 301253 32115.5 1070190
6h3s 0.311504 301253 32115.5 1070190
6s3h 0.311504 301253 32115.5 1070190
6s3s 0.311504 301253 32115.5 1070190
9c5d 0.311111 298581 34367 1070190
9c5h 0.31049 297957 34326 1070190
9c5s 0.31049 297957 34326 1070190
5d3h 0.309689 301191 30235.5 1070190
5d3s 0.309689 301191 30235.5 1070190
5s3d 0.30964 301152 30222 1070190
5h3d 0.30964 301152 30222 1070190
5h3h 0.309109 300632 30173.5 1070190
5s3h 0.309109 300632 30173.5 1070190
5s3s 0.309109 300632 30173.5 1070190
5h3s 0.309109 300632 30173.5 1070190
Td3c 0.308694 295298 35063 1070190
Ts3c 0.30809 294738 34977 1070190
Th3c 0.30809 294738 34977 1070190
9d5c 0.3072 294654 34108 1070190
9s5c 0.306572 294057 34033 1070190
9h5c 0.306572 294057 34033 1070190
9d8s 0.304812 295871 30336 1070190
9d8h 0.304812 295871 30336 1070190
9s8d 0.304803 295885 30312 1070190
9h8d 0.304803 295885 30312 1070190
Tc2d 0.304691 291435 34642.5 1070190
9h8s 0.304142 295215 30274.5 1070190
9s8h 0.304142 295215 30274.5 1070190
9s8s 0.304142 295215 30274.5 1070190
9h8h 0.304142 295215 30274.5 1070190
Tc2s 0.304084 290823 34604.5 1070190
Tc2h 0.304084 290823 34604.5 1070190
Td2d 0.303514 292026 32792 1070190
9d6s 0.297169 285087 32940.5 1070190
9d6h 0.297169 285087 32940.5 1070190
9h6d 0.297147 285091 32912.5 1070190
9s6d 0.297147 285091 32912.5 1070190
9s6s 0.29652 284461 32871.5 1070190
9h6h 0.29652 284461 32871.5 1070190
9s6h 0.29652 284461 32871.5 1070190
9h6s 0.29652 284461 32871.5 1070190
Td2c 0.296048 282571 34256.5 1070190
Ts2c 0.295449 282016 34170.5 1070190
Th2c 0.295449 282016 34170.5 1070190
Td3s 0.282566 267137 35262 1070190
Td3h 0.282566 267137 35262 1070190
Th3d 0.282541 267155 35217.5 1070190
Ts3d 0.282541 267155 35217.5 1070190
Th3s 0.281962 266577 35176 1070190
Th3h 0.281962 266577 35176 1070190
Ts3h 0.281962 266577 35176 1070190
Ts3s 0.281962 266577 35176 1070190
9d5s 0.279467 264838 34244.5 1070190
9d5h 0.279467 264838 34244.5 1070190
9h5d 0.27946 264865 34210.5 1070190
9s5d 0.27946 264865 34210.5 1070190
9h5h 0.278839 264241 34169.5 1070190
9s5s 0.278839 264241 34169.5 1070190
9s5h 0.278839 264241 34169.5 1070190
9h5s 0.278839 264241 34169.5 1070190
9d3d 0.278185 264428 33282.5 1070190
9c3d 0.277456 261790 35140.5 1070190
9c3h 0.276912 261251 35097.5 1070190
9c3s 0.276912 261251 35097.5 1070190
9d3c 0.271436 255657 34831 1070190
9h3c 0.270837 255097 34750.5 1070190
9s3c 0.270837 255097 34750.5 1070190
Th2d 0.270746 255351 34399 1070190
Ts2d 0.270746 255351 34399 1070190
Td2s 0.270738 255294 34447 1070190
Td2h 0.270738 255294 34447 1070190
Th2h 0.270139 254739 34361 1070190
Ts2h 0.270139 254739 34361 1070190
Th2s 0.270139 254739 34361 1070190
Ts2s 0.270139 254739 34361 1070190
9d2d 0.267438 253692 32518 1070190
9c2d 0.266368 250713 34351.5 1070190
9c2h 0.265797 250141 34312 1070190
9c2s 0.265797 250141 34312 1070190
9d2c 0.259058 243217 34024.5 1070190
9h2c 0.258464 242662 33944 1070190
9s2c 0.258464 242662 33944 1070190
8d3d 0.251543 237506 31693 1070190
8d2d 0.250658 236559 31693 1070190
8c3d 0.249173 233194 33468 1070190
8c3s 0.248657 232683 33427.5 1070190
8c3h 0.248657 232683 33427.5 1070190
8c2d 0.248176 232127 33468 1070190
8c2s 0.247629 231583 33427.5 1070190
8c2h 0.247629 231583 33427.5 1070190
9d3s 0.244609 226779 34999.5 1070190
9d3h 0.244609 226779 34999.5 1070190
9h3d 0.244555 226758 34962 1070190
9s3d 0.244555 226758 34962 1070190
8d3c 0.244479 228431 33207.5 1070190
9s3s 0.244011 226219 34919 1070190
9h3s 0.244011 226219 34919 1070190
9s3h 0.244011 226219 34919 1070190
9h3h 0.244011 226219 34919 1070190
8h3c 0.243912 227899 33133.5 1070190
8s3c 0.243912 227899 33133.5 1070190
8d2c 0.242185 225976 33207.5 1070190
8h2c 0.241618 225444 33133.5 1070190
8s2c 0.241618 225444 33133.5 1070190
6d2d 0.240314 226962 30219.5 1070190
5d2d 0.237242 225349 28545 1070190
6c2d 0.236565 221270 31899.5 1070190
6c2s 0.236043 220752 31858.5 1070190
6c2h 0.236043 220752 31858.5 1070190
9d2s 0.233067 215241 34184.5 1070190
9d2h 0.233067 215241 34184.5 1070190
9s2d 0.233044 215258 34143.5 1070190
9h2d 0.233044 215258 34143.5 1070190
9s2s 0.232473 214686 34104 1070190
9h2s 0.232473 214686 34104 1070190
9s2h 0.232473 214686 34104 1070190
9h2h 0.232473 214686 34104 1070190
5c2d 0.232115 218274 30133.5 1070190
6d2c 0.231911 216474 31715 1070190
5c2s 0.231614 217779 30092.5 1070190
5c2h 0.231614 217779 30092.5 1070190
6h2c 0.231374 215965 31649.5 1070190
6s2c 0.231374 215965 31649.5 1070190
5d2c 0.22877 214817 30010.5 1070190
5h2c 0.228236 214303 29953 1070190
5s2c 0.228236 214303 29953 1070190
8d3s 0.217109 199005 33343 1070190
8d3h 0.217109 199005 33343 1070190
8s3d 0.217058 198984 33309.5 1070190
8h3d 0.217058 198984 33309.5 1070190
8s3s 0.216543 198473 33269 1070190
8h3h 0.216543 198473 33269 1070190
8s3h 0.216543 198473 33269 1070190
8h3s 0.216543 198473 33269 1070190
8d2s 0.216062 197884 33343 1070190
8d2h 0.216062 197884 33343 1070190
8h2d 0.216042 197896 33309.5 1070190
8s2d 0.216042 197896 33309.5 1070190
8s2h 0.215495 197352 33269 1070190
8s2s 0.215495 197352 33269 1070190
8h2s 0.215495 197352 33269 1070190
8h2h 0.215495 197352 33269 1070190
6d2h 0.205813 188450 31808.5 1070190
6d2s 0.205813 188450 31808.5 1070190
6s2d 0.205798 188459 31784 1070190
6h2d 0.205798 188459 31784 1070190
6s2s 0.205276 187941 31743 1070190
6s2h 0.205276 187941 31743 1070190
6h2s 0.205276 187941 31743 1070190
6h2h 0.205276 187941 31743 1070190
5d2s 0.202946 187137 30054 1070190
5d2h 0.202946 187137 30054 1070190
5h2d 0.202913 187118 30037.5 1070190
5s2d 0.202913 187118 30037.5 1070190
5h2h 0.202412 186623 29996.5 1070190
5h2s 0.202412 186623 29996.5 1070190
5s2h 0.202412 186623 29996.5 1070190
5s2s 0.202412 186623 29996.5 1070190
3d2d 0.198279 187023 25173.5 1070190
3c2d 0.190806 177627 26571.5 1070190
3c2h 0.190362 177193 26531 1070190
3c2s 0.190362 177193 26531 1070190
3d2c 0.189592 176339 26560 1070190
3s2c 0.18917 175931 26516.5 1070190
3h2c 0.18917 175931 26516.5 1070190
3h2d 0.162678 147612 26484.5 1070190
3s2d 0.162678 147612 26484.5 1070190
3d2h 0.162657 147586 26487.5 1070190
3d2s 0.162657 147586 26487.5 1070190
3s2s 0.162235 147178 26444 1070190
3h2h 0.162235 147178 26444 1070190
3h2s 0.162235 147178 26444 1070190
3s2h 0.162235 147178 26444 1070190
