TsTc 0.92115 985806 0 1070190
ThTc 0.92115 985806 0 1070190
TsTh 0.920783 985413 0 1070190
4h4d 0.916436 980641 120 1070190
4s4d 0.916436 980641 120 1070190
7h7c 0.915069 979233 64.5 1070190
7s7c 0.915069 979233 64.5 1070190
7s7h 0.914696 978834 64.5 1070190
4s4h 0.907894 971499 120 1070190
Tc7c 0.866652 924702 2780 1070190
Th7c 0.861331 918918 2870 1070190
Ts7c 0.861331 918918 2870 1070190
Tc7s 0.861326 918912 2870 1070190
Tc7h 0.861326 918912 2870 1070190
Tc4d 0.860987 916024 5396 1070190
Th7s 0.860979 918564 2847.5 1070190
Th7h 0.860979 918564 2847.5 1070190
Ts7s 0.860979 918564 2847.5 1070190
Ts7h 0.860979 918564 2847.5 1070190
Ts4d 0.860641 915676 5373 1070190
Th4d 0.860641 915676 5373 1070190
Tc4s 0.850721 904992 5441 1070190
Tc4h 0.850721 904992 5441 1070190
Ts4h 0.850374 904644 5418 1070190
Ts4s 0.850374 904644 5418 1070190
Th4h 0.850374 904644 5418 1070190
Th4s 0.850374 904644 5418 1070190
AdAc 0.843379 902103 472.5 1070190
AhAd 0.842571 901239 472.5 1070190
AsAd 0.842571 901239 472.5 1070190
7c4d 0.83602 888961 5739.5 1070190
7h4d 0.835668 888607 5716.5 1070190
7s4d 0.835668 888607 5716.5 1070190
7c4s 0.825098 877227 5784.5 1070190
7c4h 0.825098 877227 5784.5 1070190
7h4h 0.824746 876873 5761.5 1070190
7h4s 0.824746 876873 5761.5 1070190
7s4h 0.824746 876873 5761.5 1070190
7s4s 0.824746 876873 5761.5 1070190
KdKc 0.823655 880995 472.5 1070190
KhKd 0.822848 880131 472.5 1070190
KsKd 0.822848 880131 472.5 1070190
AhAc 0.816698 873549 472.5 1070190
AsAc 0.816698 873549 472.5 1070190
AsAh 0.81589 872685 472.5 1070190
QdQc 0.803952 859909 472.5 1070190
AdTc 0.803555 856650 3306 1070190
QsQd 0.803145 859045 472.5 1070190
QhQd 0.803145 859045 472.5 1070190
AdTh 0.802791 855855 3283.5 1070190
AdTs 0.802791 855855 3283.5 1070190
KsKc 0.797787 853311 472.5 1070190
KhKc 0.797787 853311 472.5 1070190
KsKh 0.79698 852447 472.5 1070190
KdTc 0.795814 847594 4078 1070190
KdTh 0.795087 846843 4051.5 1070190
KdTs 0.795087 846843 4051.5 1070190
JdJc 0.794762 849489 1057.5 1070190
JhJd 0.793988 848665 1053.5 1070190
JsJd 0.793988 848665 1053.5 1070190
JdTc 0.788531 837703 6175 1070190
QdTc 0.788352 838928 4758 1070190
JdTh 0.787869 837027 6142 1070190
JdTs 0.787869 837027 6142 1070190
QdTs 0.787661 838219 4728 1070190
QdTh 0.787661 838219 4728 1070190
AcTc 0.786225 838149 3261 1070190
KcTc 0.779801 830513 4022 1070190
QhQc 0.778876 833073 472.5 1070190
QsQc 0.778876 833073 472.5 1070190
QsQh 0.778069 832209 472.5 1070190
JcTc 0.774897 823233 6053.5 1070190
AcTs 0.774664 825642 3396 1070190
AcTh 0.774664 825642 3396 1070190
AsTc 0.774608 825582 3396 1070190
AhTc 0.774608 825582 3396 1070190
Tc9d 0.77433 821180 7500 1070190
AsTh 0.773844 824787 3373.5 1070190
AsTs 0.773844 824787 3373.5 1070190
AhTh 0.773844 824787 3373.5 1070190
AhTs 0.773844 824787 3373.5 1070190
Th9d 0.773694 820535 7464.5 1070190
Ts9d 0.773694 820535 7464.5 1070190
QcTc 0.773661 823272 4692 1070190
Tc8d 0.773331 818878 8733 1070190
Th8d 0.772719 818261 8695.5 1070190
Ts8d 0.772719 818261 8695.5 1070190
JhJc 0.770971 824036 1049.5 1070190
JsJc 0.770971 824036 1049.5 1070190
JsJh 0.770197 823212 1045.5 1070190
KcTs 0.768214 817947 4188 1070190
KcTh 0.768214 817947 4188 1070190
KhTc 0.768121 817843 4192 1070190
KsTc 0.768121 817843 4192 1070190
KhTh 0.767394 817092 4165.5 1070190
KhTs 0.767394 817092 4165.5 1070190
KsTh 0.767394 817092 4165.5 1070190
KsTs 0.767394 817092 4165.5 1070190
JcTs 0.763891 811182 6326.5 1070190
JcTh 0.763891 811182 6326.5 1070190
JsTc 0.763768 811043 6333.5 1070190
JhTc 0.763768 811043 6333.5 1070190
JsTh 0.763105 810367 6300.5 1070190
JsTs 0.763105 810367 6300.5 1070190
JhTh 0.763105 810367 6300.5 1070190
JhTs 0.763105 810367 6300.5 1070190
Tc8c 0.762516 807534 8503.5 1070190
QcTh 0.762029 810630 4885.5 1070190
QcTs 0.762029 810630 4885.5 1070190
Tc9c 0.762025 808187 7324 1070190
QsTc 0.761899 810484 4893 1070190
QhTc 0.761899 810484 4893 1070190
QhTs 0.761209 809775 4863 1070190
QhTh 0.761209 809775 4863 1070190
QsTs 0.761209 809775 4863 1070190
QsTh 0.761209 809775 4863 1070190
Tc6d 0.759742 799940 13128 1070190
Ts6d 0.759192 799413 13066.5 1070190
Th6d 0.759192 799413 13066.5 1070190
Ad4d 0.756234 806112 3202.5 1070190
Th8c 0.751499 795322 8925 1070190
Ts8c 0.751499 795322 8925 1070190
Tc8h 0.751382 795192 8929.5 1070190
Tc8s 0.751382 795192 8929.5 1070190
Th8s 0.75077 794575 8892 1070190
Ts8h 0.75077 794575 8892 1070190
Ts8s 0.75077 794575 8892 1070190
Th8h 0.75077 794575 8892 1070190
Th9c 0.750697 795715 7673 1070190
Ts9c 0.750697 795715 7673 1070190
Tc6c 0.750591 790401 12874.5 1070190
Tc9h 0.750575 795579 7679 1070190
Tc9s 0.750575 795579 7679 1070190
Tc5d 0.750469 789961 13183 1070190
Ts5d 0.749944 789468 13115 1070190
Th5d 0.749944 789468 13115 1070190
Th9s 0.749939 794934 7643.5 1070190
Ts9h 0.749939 794934 7643.5 1070190
Ts9s 0.749939 794934 7643.5 1070190
Th9h 0.749939 794934 7643.5 1070190
Kd4d 0.74776 796520 3725 1070190
Tc5c 0.742779 781965 12950 1070190
Qd4d 0.739883 787640 4175.5 1070190
Tc3d 0.739695 778539 13075 1070190
Th3d 0.739188 778068 13003.5 1070190
Ts3d 0.739188 778068 13003.5 1070190
Ts6c 0.739038 777455 13456.5 1070190
Th6c 0.739038 777455 13456.5 1070190
Tc6h 0.738875 777253 13483.5 1070190
Tc6s 0.738875 777253 13483.5 1070190
Jd4d 0.738436 785217 5049.5 1070190
Ts6h 0.738325 776726 13422 1070190
Ts6s 0.738325 776726 13422 1070190
Th6s 0.738325 776726 13422 1070190
Th6h 0.738325 776726 13422 1070190
Tc3c 0.734567 773267 12859.5 1070190
Tc2d 0.733019 772224 12246 1070190
Th2d 0.732518 771759 12174.5 1070190
Ts2d 0.732518 771759 12174.5 1070190
9d4d 0.731865 774845 8389.5 1070190
8d4d 0.731342 773219 9455.5 1070190
Ts5c 0.730544 768289 13531.5 1070190
Th5c 0.730544 768289 13531.5 1070190
Tc5h 0.730326 768019 13569 1070190
Tc5s 0.730326 768019 13569 1070190
Th5s 0.729802 767526 13501 1070190
Ts5s 0.729802 767526 13501 1070190
Th5h 0.729802 767526 13501 1070190
Ts5h 0.729802 767526 13501 1070190
Tc2c 0.72906 768156 12077 1070190
6d4d 0.721951 761022 11602.5 1070190
Ts3c 0.721669 758897 13425.5 1070190
Th3c 0.721669 758897 13425.5 1070190
Tc3s 0.7214 758565 13470.5 1070190
Tc3h 0.7214 758565 13470.5 1070190
Th3s 0.720893 758094 13399 1070190
Th3h 0.720893 758094 13399 1070190
Ts3h 0.720893 758094 13399 1070190
Ts3s 0.720893 758094 13399 1070190
Ts2c 0.715588 753228 12587.5 1070190
Th2c 0.715588 753228 12587.5 1070190
Tc2h 0.71528 752850 12636 1070190
Tc2s 0.71528 752850 12636 1070190
5d4d 0.714976 753999 11161.5 1070190
Th2s 0.714779 752385 12564.5 1070190
Th2h 0.714779 752385 12564.5 1070190
Ts2s 0.714779 752385 12564.5 1070190
Ts2h 0.714779 752385 12564.5 1070190
9d9c 0.712052 760388 1642.5 1070190
9s9d 0.711346 759641 1634.5 1070190
9h9d 0.711346 759641 1634.5 1070190
Ad7c 0.709959 756327 3463.5 1070190
Ad7h 0.709195 755532 3441 1070190
Ad7s 0.709195 755532 3441 1070190
AdKd 0.706445 752173 3857 1070190
8d8c 0.703388 750531 2227.5 1070190
8s8d 0.702708 749816 2215.5 1070190
8h8d 0.702708 749816 2215.5 1070190
Kd7c 0.702218 747271 4235.5 1070190
Kd7s 0.701491 746520 4209 1070190
Kd7h 0.701491 746520 4209 1070190
AdQd 0.700229 745521 3857 1070190
4d3d 0.700117 738637 10621.5 1070190
AdJd 0.699916 744704 4339.5 1070190
Jd7c 0.696969 739557 6332.5 1070190
Jd7s 0.696307 738881 6299.5 1070190
Jd7h 0.696307 738881 6299.5 1070190
4d2d 0.695411 734132 10090 1070190
Qd7c 0.694756 738605 4915.5 1070190
Qd7h 0.694065 737896 4885.5 1070190
Qd7s 0.694065 737896 4885.5 1070190
Ac7c 0.693086 738315 3418.5 1070190
8d7c 0.690697 725527 13650.5 1070190
9d7c 0.690315 726959 11809.5 1070190
8d7s 0.690107 724954 13592 1070190
8d7h 0.690107 724954 13592 1070190
9d7h 0.689702 726353 11759 1070190
9d7s 0.689702 726353 11759 1070190
Kc7c 0.686662 730679 4179.5 1070190
9s9c 0.686647 733216 1626.5 1070190
9h9c 0.686647 733216 1626.5 1070190
9s9h 0.685941 732469 1618.5 1070190
Ad9d 0.685198 726681 6611.5 1070190
Ad8d 0.684895 725516 7452 1070190
Jc7c 0.683756 725538 6211 1070190
Qc7c 0.680522 723438 4849.5 1070190
8c7c 0.679894 714183 13433 1070190
8s8c 0.679505 724996 2203.5 1070190
8h8c 0.679505 724996 2203.5 1070190
8s8h 0.678826 724281 2191.5 1070190
9c7c 0.678072 713996 11669.5 1070190
Ac7s 0.676877 720834 3553.5 1070190
Ac7h 0.676877 720834 3553.5 1070190
Ah7c 0.676855 720810 3553.5 1070190
As7c 0.676855 720810 3553.5 1070190
Ah7s 0.676091 720015 3531 1070190
As7s 0.676091 720015 3531 1070190
As7h 0.676091 720015 3531 1070190
Ah7h 0.676091 720015 3531 1070190
9d8d 0.672307 711987 7509 1070190
7c6d 0.670443 702759 14742.5 1070190
Kc7h 0.670427 713139 4345.5 1070190
Kc7s 0.670427 713139 4345.5 1070190
Ks7c 0.670367 713071 4349.5 1070190
Kh7c 0.670367 713071 4349.5 1070190
7s6d 0.669884 702230 14673.5 1070190
7h6d 0.669884 702230 14673.5 1070190
Ks7s 0.669641 712320 4323 1070190
Kh7s 0.669641 712320 4323 1070190
Kh7h 0.669641 712320 4323 1070190
Ks7h 0.669641 712320 4323 1070190
Jc7h 0.668237 708657 6484 1070190
Jc7s 0.668237 708657 6484 1070190
Js7c 0.668147 708553 6491 1070190
Jh7c 0.668147 708553 6491 1070190
Ad6d 0.667518 703036 11335.5 1070190
Js7h 0.667484 707877 6458 1070190
Jh7h 0.667484 707877 6458 1070190
Js7s 0.667484 707877 6458 1070190
Jh7s 0.667484 707877 6458 1070190
8c7h 0.665409 698113 14001.5 1070190
8c7s 0.665409 698113 14001.5 1070190
8h7c 0.665309 697980 14027 1070190
8s7c 0.665309 697980 14027 1070190
KdQd 0.665256 708219 3731.5 1070190
8s7s 0.664719 697407 13968.5 1070190
8h7s 0.664719 697407 13968.5 1070190
8h7h 0.664719 697407 13968.5 1070190
8s7h 0.664719 697407 13968.5 1070190
KdJd 0.664674 707114 4214 1070190
Qc7h 0.664242 705822 5043 1070190
Qc7s 0.664242 705822 5043 1070190
Qs7c 0.664146 705712 5050.5 1070190
Qh7c 0.664146 705712 5050.5 1070190
Ad5d 0.663991 698922 11674 1070190
Qs7s 0.663456 705003 5020.5 1070190
Qs7h 0.663456 705003 5020.5 1070190
Qh7s 0.663456 705003 5020.5 1070190
Qh7h 0.663456 705003 5020.5 1070190
9c7s 0.663151 697574 12123.5 1070190
9c7h 0.663151 697574 12123.5 1070190
9h7c 0.663047 697442 12144.5 1070190
9s7c 0.663047 697442 12144.5 1070190
9s7s 0.662434 696836 12094 1070190
9s7h 0.662434 696836 12094 1070190
9h7s 0.662434 696836 12094 1070190
9h7h 0.662434 696836 12094 1070190
7c6c 0.661478 693412 14495 1070190
7c5d 0.658719 690157 14797.5 1070190
7s5d 0.658186 689662 14722 1070190
7h5d 0.658186 689662 14722 1070190
7c5c 0.651258 682399 14570.5 1070190
Kd9d 0.650228 689382 6486 1070190
Ad3d 0.64787 681688 11655.5 1070190
7c3d 0.646431 677042 14761.5 1070190
7s3d 0.645916 676570 14682.5 1070190
7h3d 0.645916 676570 14682.5 1070190
7s6c 0.645909 676116 15129.5 1070190
7h6c 0.645909 676116 15129.5 1070190
7c6h 0.645783 675947 15164 1070190
7c6s 0.645783 675947 15164 1070190
Jd9d 0.645773 684839 6261 1070190
7s6s 0.645225 675418 15095 1070190
7h6s 0.645225 675418 15095 1070190
7s6h 0.645225 675418 15095 1070190
7h6h 0.645225 675418 15095 1070190
Kd8d 0.644518 682430 7326.5 1070190
7c3c 0.641536 672015 14550 1070190
Ad2d 0.640602 674393 11173 1070190
8d6d 0.640267 674626 10581 1070190
Jd8d 0.640089 678273 6743.5 1070190
7c2d 0.639044 669966 13932.5 1070190
7s2d 0.638536 669501 13853.5 1070190
7h2d 0.638536 669501 13853.5 1070190
7c2c 0.635307 666132 13767.5 1070190
7h5c 0.634845 664200 15204.5 1070190
7s5c 0.634845 664200 15204.5 1070190
7c5s 0.634666 663964 15249.5 1070190
7c5h 0.634666 663964 15249.5 1070190
7s5s 0.634133 663469 15174 1070190
7s5h 0.634133 663469 15174 1070190
7h5s 0.634133 663469 15174 1070190
7h5h 0.634133 663469 15174 1070190
QdJd 0.628434 668938 3606 1070190
Kd6d 0.627102 659908 11210 1070190
7s3c 0.624377 653033 15168.5 1070190
7h3c 0.624377 653033 15168.5 1070190
7c3h 0.624148 652736 15221 1070190
7c3s 0.624148 652736 15221 1070190
7s3h 0.623633 652264 15142 1070190
7s3s 0.623633 652264 15142 1070190
7h3h 0.623633 652264 15142 1070190
7h3s 0.623633 652264 15142 1070190
7h2c 0.617551 646566 14330.5 1070190
7s2c 0.617551 646566 14330.5 1070190
Kd5d 0.617297 649077 11548.5 1070190
7c2h 0.617283 646224 14386.5 1070190
7c2s 0.617283 646224 14386.5 1070190
7h2s 0.616775 645759 14307.5 1070190
7h2h 0.616775 645759 14307.5 1070190
7s2s 0.616775 645759 14307.5 1070190
7s2h 0.616775 645759 14307.5 1070190
Qd9d 0.61426 651497 5878 1070190
6d5d 0.613508 645378 11192 1070190
Ad4s 0.611782 650562 4161 1070190
Ad4h 0.611782 650562 4161 1070190
Qd8d 0.608783 644795 6718.5 1070190
6d6c 0.607366 647635 2362.5 1070190
6h6d 0.606732 646970 2349 1070190
6s6d 0.606732 646970 2349 1070190
Kd4s 0.60315 640634 4851.5 1070190
Kd4h 0.60315 640634 4851.5 1070190
Ac4d 0.601899 639985 4161 1070190
As4d 0.601096 639130 4156.5 1070190
Ah4d 0.601096 639130 4156.5 1070190
Kd3d 0.600809 631450 11530 1070190
Jd4s 0.597218 632355 6782 1070190
Jd4h 0.597218 632355 6782 1070190
Qd4h 0.594934 631243 5449 1070190
Qd4s 0.594934 631243 5449 1070190
Kc4d 0.594474 631325 4875 1070190
8d4s 0.594325 622474 13567 1070190
8d4h 0.594325 622474 13567 1070190
Kd2d 0.593961 624604 11047.5 1070190
9d6d 0.593951 625078 10562.5 1070190
Kh4d 0.593671 630470 4871 1070190
Ks4d 0.593671 630470 4871 1070190
9d4h 0.591873 621549 11868 1070190
9d4s 0.591873 621549 11868 1070190
8c4d 0.591119 618736 13873.5 1070190
Jc4d 0.591116 625780 6826.5 1070190
Qd6d 0.590778 621160 11084.5 1070190
8s4d 0.590425 618007 13859.5 1070190
8h4d 0.590425 618007 13859.5 1070190
Js4d 0.590348 624965 6819.5 1070190
Jh4d 0.590348 624965 6819.5 1070190
Qc4d 0.587452 623192 5493 1070190
9c4d 0.587045 616110 12140 1070190
Qh4d 0.58665 622337 5489.5 1070190
Qs4d 0.58665 622337 5489.5 1070190
9s4d 0.586323 615347 12129.5 1070190
9h4d 0.586323 615347 12129.5 1070190
6d4s 0.582013 605995 16869 1070190
6d4h 0.582013 605995 16869 1070190
6h6c 0.58163 620116 2338.5 1070190
6s6c 0.58163 620116 2338.5 1070190
6s6h 0.580996 619451 2325 1070190
Qd5d 0.580703 610040 11423 1070190
6c4d 0.58012 603481 17358 1070190
5d5c 0.579728 618678 1741.5 1070190
6s4d 0.579435 602761 17344.5 1070190
6h4d 0.579435 602761 17344.5 1070190
5s5d 0.579069 617981 1732.5 1070190
5h5d 0.579069 617981 1732.5 1070190
Ac4h 0.578391 614949 4039.5 1070190
Ac4s 0.578391 614949 4039.5 1070190
As4h 0.577588 614094 4035 1070190
Ah4h 0.577588 614094 4035 1070190
Ah4s 0.577588 614094 4035 1070190
As4s 0.577588 614094 4035 1070190
5d4h 0.571488 595443 16158 1070190
5d4s 0.571488 595443 16158 1070190
Kc4h 0.571133 606491 4729.5 1070190
Kc4s 0.571133 606491 4729.5 1070190
5c4d 0.57061 593989 16672.5 1070190
8d5d 0.570491 599746 10787.5 1070190
Kh4h 0.57033 605636 4725.5 1070190
Ks4s 0.57033 605636 4725.5 1070190
Kh4s 0.57033 605636 4725.5 1070190
Ks4h 0.57033 605636 4725.5 1070190
5h4d 0.569897 593235 16663.5 1070190
5s4d 0.569897 593235 16663.5 1070190
8c4h 0.569249 595622 13582.5 1070190
8c4s 0.569249 595622 13582.5 1070190
8s4h 0.568555 594893 13568.5 1070190
8s4s 0.568555 594893 13568.5 1070190
8h4h 0.568555 594893 13568.5 1070190
8h4s 0.568555 594893 13568.5 1070190
Jc4s 0.568427 601652 6672.5 1070190
Jc4h 0.568427 601652 6672.5 1070190
Js4s 0.567659 600837 6665.5 1070190
Js4h 0.567659 600837 6665.5 1070190
Jh4h 0.567659 600837 6665.5 1070190
Jh4s 0.567659 600837 6665.5 1070190
9c4h 0.564793 592589 11846.5 1070190
9c4s 0.564793 592589 11846.5 1070190
Qc4h 0.564268 598548 5326.5 1070190
Qc4s 0.564268 598548 5326.5 1070190
9h4h 0.56407 591826 11836 1070190
9h4s 0.56407 591826 11836 1070190
9s4s 0.56407 591826 11836 1070190
9s4h 0.56407 591826 11836 1070190
Qd3d 0.563982 592163 11404.5 1070190
Qh4s 0.563466 597693 5323 1070190
Qh4h 0.563466 597693 5323 1070190
Qs4s 0.563466 597693 5323 1070190
Qs4h 0.563466 597693 5323 1070190
Jd6d 0.560965 589470 10869.5 1070190
6c4h 0.558205 580414 16971 1070190
6c4s 0.558205 580414 16971 1070190
6h4h 0.557519 579694 16957.5 1070190
6h4s 0.557519 579694 16957.5 1070190
6s4h 0.557519 579694 16957.5 1070190
6s4s 0.557519 579694 16957.5 1070190
Qd2d 0.557034 585210 10922 1070190
Jd5d 0.556943 584451 11583.5 1070190
5s5c 0.554139 591308 1725.5 1070190
5h5c 0.554139 591308 1725.5 1070190
5s5h 0.553479 590611 1716.5 1070190
5c4s 0.548402 570644 16250.5 1070190
5c4h 0.548402 570644 16250.5 1070190
4d3c 0.548169 570847 15798 1070190
5s4s 0.547689 569890 16241.5 1070190
5s4h 0.547689 569890 16241.5 1070190
5h4s 0.547689 569890 16241.5 1070190
5h4h 0.547689 569890 16241.5 1070190
4d3s 0.547423 570053 15793.5 1070190
4d3h 0.547423 570053 15793.5 1070190
4s3d 0.546943 570066 15267 1070190
4h3d 0.546943 570066 15267 1070190
AdKc 0.540648 572998 5598.5 1070190
Jd3d 0.540121 566467 11565 1070190
AdKh 0.539849 572165 5576 1070190
AdKs 0.539849 572165 5576 1070190
4d2c 0.539475 562414 14926.5 1070190
AcKd 0.539178 571444 5578.5 1070190
4d2s 0.538695 561580 14926 1070190
4d2h 0.538695 561580 14926 1070190
AsKd 0.538383 570620 5552 1070190
AhKd 0.538383 570620 5552 1070190
4s2d 0.53749 560835 14381.5 1070190
4h2d 0.53749 560835 14381.5 1070190
6d3d 0.537412 563918 11214.5 1070190
Jd2d 0.533207 559550 11082.5 1070190
AdJc 0.532986 564009 6387.5 1070190
AdJs 0.53222 563215 6361.5 1070190
AdJh 0.53222 563215 6361.5 1070190
AdQc 0.531475 563181 5598.5 1070190
AdQh 0.530676 562348 5576 1070190
AdQs 0.530676 562348 5576 1070190
AcKc 0.529671 561606 5242.5 1070190
AcQd 0.528658 560186 5578.5 1070190
AcJd 0.528652 559373 6385 1070190
AsJd 0.527917 558613 6358.5 1070190
AhJd 0.527917 558613 6358.5 1070190
AsQd 0.527896 559397 5552 1070190
AhQd 0.527896 559397 5552 1070190
5d3d 0.526936 554440 9482 1070190
4h3c 0.525204 546735 15333.5 1070190
4s3c 0.525204 546735 15333.5 1070190
4s3s 0.524458 545941 15329 1070190
4s3h 0.524458 545941 15329 1070190
4h3h 0.524458 545941 15329 1070190
4h3s 0.524458 545941 15329 1070190
9d5d 0.522703 547909 11483 1070190
AcJc 0.522193 552839 6007 1070190
AcQc 0.520858 552174 5242.5 1070190
4h2c 0.516231 538032 14433 1070190
4s2c 0.516231 538032 14433 1070190
Ad8c 0.515775 540832 11145 1070190
4s2s 0.515451 537198 14432.5 1070190
4s2h 0.515451 537198 14432.5 1070190
4h2h 0.515451 537198 14432.5 1070190
4h2s 0.515451 537198 14432.5 1070190
Ad8h 0.51513 540175 11112 1070190
Ad8s 0.51513 540175 11112 1070190
Ad9c 0.514237 540525 9806 1070190
Ad9s 0.513566 539837 9776.5 1070190
Ad9h 0.513566 539837 9776.5 1070190
9d8c 0.512596 538000 10575.5 1070190
9d3d 0.51217 536262 11857.5 1070190
9d8s 0.511967 537365 10537 1070190
9d8h 0.511967 537365 10537 1070190
9c8d 0.511062 536408 10525.5 1070190
9h8d 0.510428 535776 10479 1070190
9s8d 0.510428 535776 10479 1070190
Ac9d 0.507813 533718 9738.5 1070190
Ac8d 0.507696 532250 11081 1070190
As9d 0.507121 533011 9704.5 1070190
Ah9d 0.507121 533011 9704.5 1070190
As8d 0.507029 531572 11045 1070190
Ah8d 0.507029 531572 11045 1070190
9c8c 0.507024 532484 10127.5 1070190
9d2d 0.505423 529524 11375 1070190
Ac8c 0.504453 529284 10577 1070190
AhKc 0.504257 534157 5493.5 1070190
AsKc 0.504257 534157 5493.5 1070190
AcKs 0.504252 534148 5497.5 1070190
AcKh 0.504252 534148 5497.5 1070190
AsKh 0.503457 533324 5471 1070190
AhKs 0.503457 533324 5471 1070190
AhKh 0.503457 533324 5471 1070190
AsKs 0.503457 533324 5471 1070190
Ac9c 0.503009 529027 9288.5 1070190
AhJc 0.496965 525535 6312 1070190
AsJc 0.496965 525535 6312 1070190
AcJs 0.496934 525501 6312.5 1070190
AcJh 0.496934 525501 6312.5 1070190
AsJh 0.496199 524741 6286 1070190
AhJh 0.496199 524741 6286 1070190
AhJs 0.496199 524741 6286 1070190
AsJs 0.496199 524741 6286 1070190
AsQc 0.495084 524340 5493.5 1070190
AhQc 0.495084 524340 5493.5 1070190
AcQh 0.495046 524296 5497.5 1070190
AcQs 0.495046 524296 5497.5 1070190
AsQs 0.494284 523507 5471 1070190
AhQs 0.494284 523507 5471 1070190
AhQh 0.494284 523507 5471 1070190
AsQh 0.494284 523507 5471 1070190
Ad6c 0.492059 509444 17152.5 1070190
Ad6s 0.491477 508854 17119.5 1070190
Ad6h 0.491477 508854 17119.5 1070190
8d3d 0.490939 514387 11010.5 1070190
8d2d 0.490629 514056 11010.5 1070190
Ad5c 0.486319 502813 17640.5 1070190
Ad5h 0.48571 502191 17611 1070190
Ad5s 0.48571 502191 17611 1070190
9c8s 0.484818 508417 10430.5 1070190
9c8h 0.484818 508417 10430.5 1070190
9s8c 0.484813 508420 10422.5 1070190
9h8c 0.484813 508420 10422.5 1070190
9s8s 0.484184 507785 10384 1070190
9s8h 0.484184 507785 10384 1070190
9h8s 0.484184 507785 10384 1070190
9h8h 0.484184 507785 10384 1070190
KdJc 0.48381 511543 6226 1070190
KdJh 0.483073 510780 6200 1070190
KdJs 0.483073 510780 6200 1070190
KdQc 0.48274 511186 5437 1070190
Ac6d 0.482045 499006 16874 1070190
KdQs 0.48197 510385 5414.5 1070190
KdQh 0.48197 510385 5414.5 1070190
Ah6d 0.481432 498408 16815.5 1070190
As6d 0.481432 498408 16815.5 1070190
KcQd 0.481282 509644 5419.5 1070190
KcJd 0.480845 508370 6226 1070190
Ac6c 0.480829 498325 16253 1070190
KhQd 0.480516 508850 5393.5 1070190
KsQd 0.480516 508850 5393.5 1070190
KsJd 0.480107 507606 6200 1070190
KhJd 0.480107 507606 6200 1070190
Ac8h 0.479576 502140 11097.5 1070190
Ac8s 0.479576 502140 11097.5 1070190
Ah8c 0.479554 502119 11094.5 1070190
As8c 0.479554 502119 11094.5 1070190
Ah8s 0.478909 501462 11061.5 1070190
As8s 0.478909 501462 11061.5 1070190
As8h 0.478909 501462 11061.5 1070190
Ah8h 0.478909 501462 11061.5 1070190
Ac9s 0.477677 501471 9734.5 1070190
Ac9h 0.477677 501471 9734.5 1070190
As9c 0.477655 501452 9730 1070190
Ah9c 0.477655 501452 9730 1070190
Ah9s 0.476985 500764 9700.5 1070190
Ah9h 0.476985 500764 9700.5 1070190
As9s 0.476985 500764 9700.5 1070190
As9h 0.476985 500764 9700.5 1070190
KcJc 0.475748 503287 5854 1070190
Ac5c 0.475469 492164 16678.5 1070190
Ac5d 0.475176 491223 17305.5 1070190
KcQc 0.474837 503076 5089.5 1070190
Ah5d 0.474579 490650 17240 1070190
As5d 0.474579 490650 17240 1070190
3d3c 0.471898 502560 2460 1070190
8d6c 0.471462 489196 15357.5 1070190
3h3d 0.471207 501826 2455.5 1070190
3s3d 0.471207 501826 2455.5 1070190
8d6h 0.470904 488638 15319 1070190
8d6s 0.470904 488638 15319 1070190
8c6d 0.469736 487566 15141 1070190
8s6d 0.469169 487023 15076.5 1070190
8h6d 0.469169 487023 15076.5 1070190
8c6c 0.467958 486157 14646.5 1070190
Jd9c 0.466211 489925 9009.5 1070190
Jd9h 0.465569 489268 8979 1070190
Jd9s 0.465569 489268 8979 1070190
Kd9c 0.465437 488461 9644.5 1070190
6d2d 0.465203 487204 10652 1070190
Kd9h 0.464793 487802 9615 1070190
Kd9s 0.464793 487802 9615 1070190
Jc9d 0.464255 487927 8914.5 1070190
Jh9d 0.463554 487217 8874 1070190
Js9d 0.463554 487217 8874 1070190
Ad3c 0.463371 478316 17579.5 1070190
Ad3s 0.462733 477659 17553.5 1070190
Ad3h 0.462733 477659 17553.5 1070190
Jc9c 0.460691 484484 8542.5 1070190
Kc9d 0.460396 483132 9579.5 1070190
Kh9d 0.459702 482422 9546 1070190
Ks9d 0.459702 482422 9546 1070190
Jd8c 0.458825 481231 9798.5 1070190
Jd8s 0.458209 480606 9764.5 1070190
Jd8h 0.458209 480606 9764.5 1070190
Kd8c 0.458176 479352 10983.5 1070190
Kd8h 0.457562 478728 10950.5 1070190
Kd8s 0.457562 478728 10950.5 1070190
Kc9c 0.456933 479870 9135.5 1070190
5d2d 0.456306 479289 9045.5 1070190
Ac6h 0.455304 470218 17043.5 1070190
Ac6s 0.455304 470218 17043.5 1070190
Jc8d 0.455299 477535 9721 1070190
Ah6c 0.455272 470210 17018 1070190
As6c 0.455272 470210 17018 1070190
Ah6s 0.45469 469620 16985 1070190
As6s 0.45469 469620 16985 1070190
As6h 0.45469 469620 16985 1070190
Ah6h 0.45469 469620 16985 1070190
Jh8d 0.454624 476854 9680.5 1070190
Js8d 0.454624 476854 9680.5 1070190
Jc8c 0.453432 475951 9307 1070190
Ac3c 0.452741 467926 16593 1070190
Kc8d 0.451467 472233 10922 1070190
Ad2c 0.450949 465811 16790.5 1070190
Ks8d 0.450798 471553 10886.5 1070190
Kh8d 0.450798 471553 10886.5 1070190
Ad2h 0.450282 465119 16768 1070190
Ad2s 0.450282 465119 16768 1070190
Kc8c 0.449735 470878 10424 1070190
Ah5c 0.449481 463564 17466.5 1070190
As5c 0.449481 463564 17466.5 1070190
Ac5h 0.449469 463515 17502.5 1070190
Ac5s 0.449469 463515 17502.5 1070190
Ac3d 0.449194 463518 17205 1070190
Ah5h 0.448873 462942 17437 1070190
As5h 0.448873 462942 17437 1070190
Ah5s 0.448873 462942 17437 1070190
As5s 0.448873 462942 17437 1070190
As3d 0.448613 462966 17135.5 1070190
Ah3d 0.448613 462966 17135.5 1070190
KcJs 0.448454 473778 6153.5 1070190
KcJh 0.448454 473778 6153.5 1070190
KhJc 0.448454 473777 6153.5 1070190
KsJc 0.448454 473777 6153.5 1070190
KhJs 0.447716 473014 6127.5 1070190
KhJh 0.447716 473014 6127.5 1070190
KsJh 0.447716 473014 6127.5 1070190
KsJs 0.447716 473014 6127.5 1070190
KhQc 0.447023 473065 5335 1070190
KsQc 0.447023 473065 5335 1070190
KcQs 0.44702 473058 5338.5 1070190
KcQh 0.44702 473058 5338.5 1070190
3s3c 0.446369 475260 2440 1070190
3h3c 0.446369 475260 2440 1070190
KhQh 0.446254 472264 5312.5 1070190
KhQs 0.446254 472264 5312.5 1070190
KsQs 0.446254 472264 5312.5 1070190
KsQh 0.446254 472264 5312.5 1070190
3s3h 0.445679 474526 2435.5 1070190
8c6s 0.444565 460591 15177.5 1070190
8c6h 0.444565 460591 15177.5 1070190
8s6c 0.444554 460606 15151.5 1070190
8h6c 0.444554 460606 15151.5 1070190
8h6s 0.443997 460048 15113 1070190
8s6h 0.443997 460048 15113 1070190
8s6s 0.443997 460048 15113 1070190
8h6h 0.443997 460048 15113 1070190
2d2c 0.442337 471510 1875 1070190
2h2d 0.441616 470739 1874.5 1070190
2s2d 0.441616 470739 1874.5 1070190
Ac2c 0.440675 455777 15828.5 1070190
6d5c 0.436328 450636 16317.5 1070190
6d5s 0.435785 450094 16279 1070190
6d5h 0.435785 450094 16279 1070190
Ac2d 0.435754 449941 16398.5 1070190
6c5d 0.435304 449646 16212 1070190
Ah2d 0.435179 449395 16329 1070190
As2d 0.435179 449395 16329 1070190
6c5c 0.435152 449974 15721.5 1070190
6s5d 0.434807 449177 16149 1070190
6h5d 0.434807 449177 16149 1070190
Jc9h 0.434516 456145 8869.5 1070190
Jc9s 0.434516 456145 8869.5 1070190
Kd6c 0.43446 447964 16991 1070190
Js9c 0.434457 456092 8859.5 1070190
Jh9c 0.434457 456092 8859.5 1070190
3d2d 0.434158 457705 6927 1070190
Kd6s 0.433909 447407 16958 1070190
Kd6h 0.433909 447407 16958 1070190
Js9h 0.433815 455435 8829 1070190
Js9s 0.433815 455435 8829 1070190
Jh9s 0.433815 455435 8829 1070190
Jh9h 0.433815 455435 8829 1070190
QdJc 0.432114 457169 5275.5 1070190
QdJs 0.431406 456433 5253 1070190
QdJh 0.431406 456433 5253 1070190
QcJd 0.430519 455477 5260.5 1070190
QsJd 0.429782 454713 5235 1070190
QhJd 0.429782 454713 5235 1070190
Kc9h 0.429591 450168 9575.5 1070190
Kc9s 0.429591 450168 9575.5 1070190
Kh9c 0.429539 450117 9571.5 1070190
Ks9c 0.429539 450117 9571.5 1070190
Ks9s 0.428896 449458 9542 1070190
Ks9h 0.428896 449458 9542 1070190
Kh9h 0.428896 449458 9542 1070190
Kh9s 0.428896 449458 9542 1070190
Jc8s 0.427121 447416 9684.5 1070190
Jc8h 0.427121 447416 9684.5 1070190
Jh8c 0.427062 447360 9678 1070190
Js8c 0.427062 447360 9678 1070190
QcJc 0.426773 451792 4936.5 1070190
Js8s 0.426447 446735 9644 1070190
Js8h 0.426447 446735 9644 1070190
Jh8s 0.426447 446735 9644 1070190
Jh8h 0.426447 446735 9644 1070190
Kc6c 0.42611 439919 16100 1070190
Kc6d 0.425816 438989 16715 1070190
Ah3c 0.425796 438312 17371 1070190
As3c 0.425796 438312 17371 1070190
Ac3h 0.425739 438207 17414.5 1070190
Ac3s 0.425739 438207 17414.5 1070190
Ks6d 0.425201 438389 16657 1070190
Kh6d 0.425201 438389 16657 1070190
As3s 0.425158 437655 17345 1070190
Ah3h 0.425158 437655 17345 1070190
Ah3s 0.425158 437655 17345 1070190
As3h 0.425158 437655 17345 1070190
Kc8s 0.422296 440998 10938.5 1070190
Kc8h 0.422296 440998 10938.5 1070190
Kh8c 0.422241 440942 10936 1070190
Ks8c 0.422241 440942 10936 1070190
Kh8h 0.421627 440318 10903 1070190
Kh8s 0.421627 440318 10903 1070190
Ks8h 0.421627 440318 10903 1070190
Ks8s 0.421627 440318 10903 1070190
Kd5c 0.418478 430372 17479 1070190
Kd5s 0.417903 429786 17449.5 1070190
Kd5h 0.417903 429786 17449.5 1070190
2s2c 0.416576 443952 1863 1070190
2h2c 0.416576 443952 1863 1070190
2s2h 0.415855 443181 1862.5 1070190
Qd9c 0.414121 434494 8694 1070190
Qd9h 0.413505 433861 8668 1070190
Qd9s 0.413505 433861 8668 1070190
As2c 0.412886 425314 16552.5 1070190
Ah2c 0.412886 425314 16552.5 1070190
Ac2s 0.412794 425168 16599.5 1070190
Ac2h 0.412794 425168 16599.5 1070190
As2s 0.412218 424622 16530 1070190
Ah2h 0.412218 424622 16530 1070190
As2h 0.412218 424622 16530 1070190
Ah2s 0.412218 424622 16530 1070190
Kc5c 0.410745 423050 16525.5 1070190
6s5c 0.410617 423227 16211.5 1070190
6h5c 0.410617 423227 16211.5 1070190
6c5h 0.410572 423154 16236 1070190
6c5s 0.410572 423154 16236 1070190
Qc9d 0.410455 430651 8614 1070190
6s5s 0.410075 422685 16173 1070190
6h5h 0.410075 422685 16173 1070190
6s5h 0.410075 422685 16173 1070190
6h5s 0.410075 422685 16173 1070190
Qs9d 0.409761 429941 8581 1070190
Qh9d 0.409761 429941 8581 1070190
Kc5d 0.408728 420270 17146.5 1070190
Qc9c 0.408327 428770 8218 1070190
Kh5d 0.408137 419703 17081.5 1070190
Ks5d 0.408137 419703 17081.5 1070190
Qd8c 0.407241 425792 10033 1070190
Qd8s 0.406653 425193 10003.5 1070190
Qd8h 0.406653 425193 10003.5 1070190
Qc8d 0.40191 420164 9956.5 1070190
Qc8c 0.401498 420173 9506.5 1070190
Qs8d 0.401242 419484 9921.5 1070190
Qh8d 0.401242 419484 9921.5 1070190
Kc6h 0.398023 409076 16884.5 1070190
Kc6s 0.398023 409076 16884.5 1070190
Kh6c 0.39796 409033 16859.5 1070190
Ks6c 0.39796 409033 16859.5 1070190
Ks6s 0.397408 408476 16826.5 1070190
Kh6h 0.397408 408476 16826.5 1070190
Kh6s 0.397408 408476 16826.5 1070190
Ks6h 0.397408 408476 16826.5 1070190
QcJs 0.397183 419882 5179.5 1070190
QcJh 0.397183 419882 5179.5 1070190
QsJc 0.397154 419854 5176.5 1070190
QhJc 0.397154 419854 5176.5 1070190
QsJs 0.396445 419118 5154 1070190
QsJh 0.396445 419118 5154 1070190
QhJs 0.396445 419118 5154 1070190
QhJh 0.396445 419118 5154 1070190
9d6c 0.395935 408085 15640.5 1070190
9d6h 0.395411 407558 15606.5 1070190
9d6s 0.395411 407558 15606.5 1070190
Kd3c 0.394933 405235 17418 1070190
Kd3h 0.394329 404615 17392 1070190
Kd3s 0.394329 404615 17392 1070190
9c6d 0.392551 404683 15421 1070190
9c6c 0.392539 405192 14899.5 1070190
9h6d 0.392008 404161 15362.5 1070190
9s6d 0.392008 404161 15362.5 1070190
Kc3c 0.387436 398190 16440 1070190
Kd2c 0.38321 393478 16629 1070190
Qd6c 0.382625 392652 16829.5 1070190
Kd2h 0.382577 392824 16606.5 1070190
Kd2s 0.382577 392824 16606.5 1070190
Kc3d 0.382143 391920 17046 1070190
Qd6s 0.382105 392128 16796.5 1070190
Qd6h 0.382105 392128 16796.5 1070190
Kh3d 0.381569 391374 16977 1070190
Ks3d 0.381569 391374 16977 1070190
Kc5s 0.381533 390969 17343.5 1070190
Kc5h 0.381533 390969 17343.5 1070190
Ks5c 0.381517 390988 17308 1070190
Kh5c 0.381517 390988 17308 1070190
Kh5s 0.380942 390402 17278.5 1070190
Ks5h 0.380942 390402 17278.5 1070190
Kh5h 0.380942 390402 17278.5 1070190
Ks5s 0.380942 390402 17278.5 1070190
Qc9s 0.378713 396693 8601.5 1070190
Qc9h 0.378713 396693 8601.5 1070190
Qs9c 0.378634 396616 8594.5 1070190
Qh9c 0.378634 396616 8594.5 1070190
Qs9h 0.378018 395983 8568.5 1070190
Qs9s 0.378018 395983 8568.5 1070190
Qh9h 0.378018 395983 8568.5 1070190
Qh9s 0.378018 395983 8568.5 1070190
Qc6c 0.377002 387517 15947 1070190
Kc2c 0.376051 386771 15675.5 1070190
Qc6d 0.375339 385128 16556 1070190
Qs6d 0.374725 384528 16498.5 1070190
Qh6d 0.374725 384528 16498.5 1070190
Qc8s 0.371811 387944 9964.5 1070190
Qc8h 0.371811 387944 9964.5 1070190
Qs8c 0.37173 387863 9959 1070190
Qh8c 0.37173 387863 9959 1070190
Qh8s 0.371143 387264 9929.5 1070190
Qh8h 0.371143 387264 9929.5 1070190
Qs8s 0.371143 387264 9929.5 1070190
Qs8h 0.371143 387264 9929.5 1070190
Kc2d 0.369393 379081 16239.5 1070190
Ks2d 0.368823 378540 16170.5 1070190
Kh2d 0.368823 378540 16170.5 1070190
Qd5c 0.366263 374653 17317.5 1070190
Qd5h 0.365719 374101 17288 1070190
Qd5s 0.365719 374101 17288 1070190
8d5c 0.365155 374764 16021 1070190
9c6s 0.364753 374850 15505 1070190
9c6h 0.364753 374850 15505 1070190
9s6c 0.364735 374855 15480.5 1070190
9h6c 0.364735 374855 15480.5 1070190
8d5h 0.36463 374233 15990.5 1070190
8d5s 0.36463 374233 15990.5 1070190
8c5c 0.364268 374611 15225 1070190
9s6h 0.364211 374328 15446.5 1070190
9s6s 0.364211 374328 15446.5 1070190
9h6h 0.364211 374328 15446.5 1070190
9h6s 0.364211 374328 15446.5 1070190
8c5d 0.362264 371941 15750 1070190
8h5d 0.36176 371467 15685 1070190
8s5d 0.36176 371467 15685 1070190
Qc5c 0.361268 370253 16372.5 1070190
Qc5d 0.357866 365997 16987.5 1070190
Qh5d 0.357276 365430 16923 1070190
Qs5d 0.357276 365430 16923 1070190
Ks3c 0.357212 365072 17212.5 1070190
Kh3c 0.357212 365072 17212.5 1070190
Kc3h 0.357183 364998 17255.5 1070190
Kc3s 0.357183 364998 17255.5 1070190
Ks3s 0.356608 364452 17186.5 1070190
Kh3s 0.356608 364452 17186.5 1070190
Kh3h 0.356608 364452 17186.5 1070190
Ks3h 0.356608 364452 17186.5 1070190
Qc6s 0.34661 354213 16725.5 1070190
Qc6h 0.34661 354213 16725.5 1070190
Qh6c 0.346516 354137 16701 1070190
Qs6c 0.346516 354137 16701 1070190
Qh6h 0.345996 353613 16668 1070190
Qh6s 0.345996 353613 16668 1070190
Qs6h 0.345996 353613 16668 1070190
Qs6s 0.345996 353613 16668 1070190
Kh2c 0.345028 352852 16394 1070190
Ks2c 0.345028 352852 16394 1070190
Kc2s 0.344966 352739 16440.5 1070190
Kc2h 0.344966 352739 16440.5 1070190
Ks2s 0.344396 352198 16371.5 1070190
Kh2h 0.344396 352198 16371.5 1070190
Kh2s 0.344396 352198 16371.5 1070190
Ks2h 0.344396 352198 16371.5 1070190
Qd3c 0.342337 349109 17256.5 1070190
Qd3s 0.341766 348524 17230.5 1070190
Qd3h 0.341766 348524 17230.5 1070190
Jd6c 0.341336 348746 16548 1070190
Jd6h 0.340842 348247 16518.5 1070190
Jd6s 0.340842 348247 16518.5 1070190
Jc6c 0.337933 345990 15663 1070190
Qc3c 0.33759 344998 16287 1070190
Jc6d 0.335505 342809 16245.5 1070190
8h5c 0.335123 342810 15835.5 1070190
8s5c 0.335123 342810 15835.5 1070190
8c5s 0.335102 342753 15870 1070190
8c5h 0.335102 342753 15870 1070190
Js6d 0.334916 342238 16185.5 1070190
Jh6d 0.334916 342238 16185.5 1070190
Jd5c 0.334696 340542 17646 1070190
8s5s 0.334599 342279 15805 1070190
8s5h 0.334599 342279 15805 1070190
8h5h 0.334599 342279 15805 1070190
8h5s 0.334599 342279 15805 1070190
Jd5s 0.334178 340017 17616.5 1070190
Jd5h 0.334178 340017 17616.5 1070190
Jc5c 0.331715 338313 16685 1070190
Qc3d 0.330896 337235 16887 1070190
Qd2c 0.330451 337178 16467.5 1070190
Qh3d 0.330322 336689 16818.5 1070190
Qs3d 0.330322 336689 16818.5 1070190
Qd2h 0.329853 336560 16445 1070190
Qd2s 0.329853 336560 16445 1070190
Qc5s 0.329726 335685 17184.5 1070190
Qc5h 0.329726 335685 17184.5 1070190
Qh5c 0.329679 335670 17149.5 1070190
Qs5c 0.329679 335670 17149.5 1070190
Qh5h 0.329136 335118 17120 1070190
Qh5s 0.329136 335118 17120 1070190
Qs5h 0.329136 335118 17120 1070190
Qs5s 0.329136 335118 17120 1070190
Jc5d 0.327739 333433 17309.5 1070190
Jh5d 0.327169 332889 17243.5 1070190
Js5d 0.327169 332889 17243.5 1070190
Qc2c 0.326048 333411 15522.5 1070190
6c3c 0.32187 328372 16090 1070190
6d3c 0.320714 326498 16726.5 1070190
6d3h 0.320203 325982 16696 1070190
6d3s 0.320203 325982 16696 1070190
Qc2d 0.317979 324217 16080.5 1070190
Qh2d 0.317409 323676 16012 1070190
Qs2d 0.317409 323676 16012 1070190
6c3d 0.316748 322383 16597.5 1070190
6h3d 0.316319 321985 16536 1070190
6s3d 0.316319 321985 16536 1070190
Jd3c 0.310607 314824 17585 1070190
Jd3h 0.310063 314267 17559 1070190
Jd3s 0.310063 314267 17559 1070190
5c3c 0.308871 316984 13567 1070190
Jc3c 0.307879 312890 16599.5 1070190
Jc6s 0.306031 311078 16433 1070190
Jc6h 0.306031 311078 16433 1070190
Jh6c 0.305935 311006 16402.5 1070190
Js6c 0.305935 311006 16402.5 1070190
5d3c 0.305688 313116 14028 1070190
Js6h 0.305441 310507 16373 1070190
Js6s 0.305441 310507 16373 1070190
Jh6h 0.305441 310507 16373 1070190
Jh6s 0.305441 310507 16373 1070190
5d3h 0.30521 312635 13997.5 1070190
5d3s 0.30521 312635 13997.5 1070190
Qc3h 0.304983 309293 17096.5 1070190
Qc3s 0.304983 309293 17096.5 1070190
Qh3c 0.304979 309332 17054 1070190
Qs3c 0.304979 309332 17054 1070190
Qs3h 0.304409 308747 17028 1070190
Qh3s 0.304409 308747 17028 1070190
Qh3h 0.304409 308747 17028 1070190
Qs3s 0.304409 308747 17028 1070190
5c3d 0.30282 310115 13960 1070190
5h3d 0.302383 309695 13912 1070190
5s3d 0.302383 309695 13912 1070190
Jc3d 0.300602 304492 17209 1070190
Js3d 0.300048 303969 17139 1070190
Jh3d 0.300048 303969 17139 1070190
Jc5s 0.299274 302753 17527 1070190
Jc5h 0.299274 302753 17527 1070190
Js5c 0.299222 302734 17490.5 1070190
Jh5c 0.299222 302734 17490.5 1070190
Jd2c 0.298777 302952 16796 1070190
Js5s 0.298704 302209 17461 1070190
Js5h 0.298704 302209 17461 1070190
Jh5s 0.298704 302209 17461 1070190
Jh5h 0.298704 302209 17461 1070190
Jd2h 0.298205 302363 16773.5 1070190
Jd2s 0.298205 302363 16773.5 1070190
Jc2c 0.296393 301362 15835 1070190
Qs2c 0.292628 296932 16235.5 1070190
Qh2c 0.292628 296932 16235.5 1070190
Qc2h 0.292599 296855 16281.5 1070190
Qc2s 0.292599 296855 16281.5 1070190
Qs2s 0.292029 296314 16213 1070190
Qs2h 0.292029 296314 16213 1070190
Qh2s 0.292029 296314 16213 1070190
Qh2h 0.292029 296314 16213 1070190
6h3c 0.291654 295462 16663.5 1070190
6s3c 0.291654 295462 16663.5 1070190
6c3s 0.291573 295344 16694.5 1070190
6c3h 0.291573 295344 16694.5 1070190
6h3s 0.291144 294946 16633 1070190
6h3h 0.291144 294946 16633 1070190
6s3h 0.291144 294946 16633 1070190
6s3s 0.291144 294946 16633 1070190
Jc2d 0.287734 291528 16402.5 1070190
9d5c 0.287718 290511 17402 1070190
9d5s 0.287237 290022 17376 1070190
9d5h 0.287237 290022 17376 1070190
Js2d 0.287185 291010 16332.5 1070190
Jh2d 0.287185 291010 16332.5 1070190
9c5c 0.286849 290483 16500 1070190
9c5d 0.282862 285622 17094 1070190
9s5d 0.282383 285174 17029 1070190
9h5d 0.282383 285174 17029 1070190
5s3c 0.277635 283142 13980 1070190
5h3c 0.277635 283142 13980 1070190
5c3s 0.277594 283081 13997.5 1070190
5c3h 0.277594 283081 13997.5 1070190
5s3s 0.277157 282661 13949.5 1070190
5s3h 0.277157 282661 13949.5 1070190
5h3h 0.277157 282661 13949.5 1070190
5h3s 0.277157 282661 13949.5 1070190
Jc3s 0.274363 276182 17439 1070190
Jc3h 0.274363 276182 17439 1070190
Jh3c 0.274354 276216 17395 1070190
Js3c 0.274354 276216 17395 1070190
9d3c 0.273909 275135 18000 1070190
Jh3h 0.273809 275659 17369 1070190
Jh3s 0.273809 275659 17369 1070190
Js3s 0.273809 275659 17369 1070190
Js3h 0.273809 275659 17369 1070190
9d3h 0.2734 274616 17974 1070190
9d3s 0.2734 274616 17974 1070190
9c3c 0.27307 275182 17054.5 1070190
9c3d 0.265986 266983 17672.5 1070190
9s3d 0.265517 266550 17604 1070190
9h3d 0.265517 266550 17604 1070190
9d2c 0.262352 263555 17211 1070190
Js2c 0.26206 263878 16576.5 1070190
Jh2c 0.26206 263878 16576.5 1070190
Jc2s 0.262039 263807 16624 1070190
Jc2h 0.262039 263807 16624 1070190
9c2c 0.261851 263940 16290 1070190
9d2s 0.261817 263005 17188.5 1070190
9d2h 0.261817 263005 17188.5 1070190
Jh2s 0.261489 263289 16554 1070190
Jh2h 0.261489 263289 16554 1070190
Js2h 0.261489 263289 16554 1070190
Js2s 0.261489 263289 16554 1070190
9c2d 0.253387 254306 16866 1070190
9s5c 0.253221 253742 17252.5 1070190
9h5c 0.253221 253742 17252.5 1070190
9c5h 0.253219 253701 17291.5 1070190
9c5s 0.253219 253701 17291.5 1070190
9s2d 0.252923 253878 16797.5 1070190
9h2d 0.252923 253878 16797.5 1070190
9h5h 0.25274 253253 17226.5 1070190
9s5s 0.25274 253253 17226.5 1070190
9s5h 0.25274 253253 17226.5 1070190
9h5s 0.25274 253253 17226.5 1070190
8c3c 0.245967 247418 15813 1070190
8c2c 0.245056 246444 15813 1070190
8d3c 0.244599 245059 16708.5 1070190
8d3h 0.244118 244567 16686 1070190
8d3s 0.244118 244567 16686 1070190
8d2c 0.24358 243968 16708.5 1070190
8d2s 0.243071 243446 16686 1070190
8d2h 0.243071 243446 16686 1070190
9s3c 0.239051 237984 17845.5 1070190
9h3c 0.239051 237984 17845.5 1070190
9c3s 0.23901 237898 17888 1070190
9c3h 0.23901 237898 17888 1070190
9s3h 0.238541 237465 17819.5 1070190
9h3s 0.238541 237465 17819.5 1070190
9h3h 0.238541 237465 17819.5 1070190
9s3s 0.238541 237465 17819.5 1070190
8c3d 0.238289 238631 16383.5 1070190
8s3d 0.237843 238221 16316.5 1070190
8h3d 0.237843 238221 16316.5 1070190
8c2d 0.236216 236413 16383.5 1070190
8h2d 0.235771 236003 16316.5 1070190
8s2d 0.235771 236003 16316.5 1070190
9h2c 0.227041 225950 17027 1070190
9s2c 0.227041 225950 17027 1070190
9c2s 0.22697 225828 17073 1070190
9c2h 0.22697 225828 17073 1070190
9h2s 0.226506 225400 17004.5 1070190
9h2h 0.226506 225400 17004.5 1070190
9s2s 0.226506 225400 17004.5 1070190
9s2h 0.226506 225400 17004.5 1070190
6c2c 0.212101 211477 15511.5 1070190
8s3c 0.210868 209123 16545.5 1070190
8h3c 0.210868 209123 16545.5 1070190
8c3s 0.210833 209041 16590 1070190
8c3h 0.210833 209041 16590 1070190
8s3h 0.210387 208631 16523 1070190
8s3s 0.210387 208631 16523 1070190
8h3s 0.210387 208631 16523 1070190
8h3h 0.210387 208631 16523 1070190
8s2c 0.209829 208011 16545.5 1070190
8h2c 0.209829 208011 16545.5 1070190
8c2s 0.209766 207899 16590 1070190
8c2h 0.209766 207899 16590 1070190
8s2h 0.20932 207489 16523 1070190
8s2s 0.20932 207489 16523 1070190
8h2s 0.20932 207489 16523 1070190
8h2h 0.20932 207489 16523 1070190
6d2c 0.208449 206915 16165 1070190
6d2s 0.207978 206434 16142.5 1070190
6d2h 0.207978 206434 16142.5 1070190
6c2d 0.203179 201418 16022.5 1070190
6h2d 0.202806 201075 15965.5 1070190
6s2d 0.202806 201075 15965.5 1070190
5c2c 0.201699 202654 13202 1070190
5d2c 0.196064 196151 13675 1070190
5d2s 0.195624 195702 13652.5 1070190
5d2h 0.195624 195702 13652.5 1070190
5c2d 0.191985 191863 13597 1070190
5s2d 0.191604 191499 13553.5 1070190
5h2d 0.191604 191499 13553.5 1070190
6s2c 0.175957 172172 16135.5 1070190
6h2c 0.175957 172172 16135.5 1070190
6c2h 0.17586 172034 16170 1070190
6c2s 0.17586 172034 16170 1070190
6s2h 0.175487 171691 16113 1070190
6h2h 0.175487 171691 16113 1070190
6s2s 0.175487 171691 16113 1070190
6h2s 0.175487 171691 16113 1070190
3c2c 0.17376 175854 10102 1070190
5h2c 0.164732 162629 13665.5 1070190
5s2c 0.164732 162629 13665.5 1070190
5c2h 0.164672 162544 13686.5 1070190
5c2s 0.164672 162544 13686.5 1070190
3d2c 0.164393 165568 10364 1070190
5s2h 0.164291 162180 13643 1070190
5h2h 0.164291 162180 13643 1070190
5h2s 0.164291 162180 13643 1070190
5s2s 0.164291 162180 13643 1070190
3d2s 0.163991 165160 10341.5 1070190
3d2h 0.163991 165160 10341.5 1070190
3c2d 0.163411 164527 10354 1070190
3h2d 0.163029 164144 10328 1070190
3s2d 0.163029 164144 10328 1070190
3h2c 0.135397 134533 10367 1070190
3s2c 0.135397 134533 10367 1070190
3c2s 0.135376 134508 10370.5 1070190
3c2h 0.135376 134508 10370.5 1070190
3h2h 0.134994 134125 10344.5 1070190
3h2s 0.134994 134125 10344.5 1070190
3s2h 0.134994 134125 10344.5 1070190
3s2s 0.134994 134125 10344.5 1070190
