6d5d 0.93077 973619 22481.5 1070190
6h5h 0.930717 973563 22481.5 1070190
6c5c 0.930695 973539 22481.5 1070190
6c5d 0.929368 971742 22858.5 1070190
6c5h 0.929368 971742 22858.5 1070190
6d5c 0.929368 971742 22858.5 1070190
6d5h 0.929368 971742 22858.5 1070190
6h5d 0.929368 971742 22858.5 1070190
6h5c 0.929368 971742 22858.5 1070190
6s5h 0.928624 971070 22734.5 1070190
6s5d 0.928624 971070 22734.5 1070190
6s5c 0.928624 971070 22734.5 1070190
6h5s 0.928588 971028 22738 1070190
6d5s 0.928588 971028 22738 1070190
6c5s 0.928588 971028 22738 1070190
6s5s 0.927845 970356 22614 1070190
8d8c 0.912085 969590 6514 1070190
8s8d 0.911727 969211 6510 1070190
8s8c 0.911718 969202 6510 1070190
7h7c 0.907144 964238 6578.5 1070190
7s7h 0.906783 963856 6574.5 1070190
7s7c 0.906778 963850 6574.5 1070190
4h4d 0.900468 957038 6634 1070190
4s4d 0.90011 956659 6630 1070190
4s4h 0.900107 956656 6630 1070190
8c7c 0.84946 900220 8864 1070190
8d7h 0.842832 892660 9330 1070190
8d7c 0.842725 892524 9352 1070190
8c7h 0.842722 892521 9352 1070190
8s7h 0.842385 892186 9326 1070190
8d7s 0.842385 892186 9326 1070190
8s7c 0.842278 892050 9348 1070190
8c7s 0.842276 892047 9348 1070190
8s7s 0.841938 891712 9322 1070190
8d4d 0.836628 883989 11361.5 1070190
8d4h 0.829537 875913 11849.5 1070190
8c4h 0.829527 875902 11850 1070190
8c4d 0.829429 875775 11872 1070190
8s4h 0.829192 875569 11823.5 1070190
8d4s 0.829099 875448 11845.5 1070190
8s4d 0.829093 875442 11845.5 1070190
8c4s 0.829089 875437 11846 1070190
8s4s 0.828753 875104 11819.5 1070190
7h4h 0.821269 867545 11369 1070190
7h4d 0.813611 858861 11857 1070190
7c4d 0.813604 858853 11857.5 1070190
7c4h 0.813541 858764 11879.5 1070190
7s4d 0.813265 858517 11831 1070190
7h4s 0.813211 858437 11853 1070190
7c4s 0.813204 858429 11853.5 1070190
7s4h 0.813202 858428 11853 1070190
7s4s 0.812865 858093 11827 1070190
AdAc 0.804123 853563 7001 1070190
AhAd 0.804123 853563 7001 1070190
AhAc 0.804123 853563 7001 1070190
AsAd 0.803343 852733 6997 1070190
AsAc 0.803343 852733 6997 1070190
AsAh 0.803343 852733 6997 1070190
KhKd 0.784444 832503 7001 1070190
KdKc 0.784444 832503 7001 1070190
KhKc 0.784444 832503 7001 1070190
KsKh 0.783659 831667 6997 1070190
KsKd 0.783659 831667 6997 1070190
KsKc 0.783659 831667 6997 1070190
QhQc 0.765472 812199 7001 1070190
QhQd 0.765472 812199 7001 1070190
QdQc 0.765472 812199 7001 1070190
QsQd 0.764687 811363 6997 1070190
QsQh 0.764687 811363 6997 1070190
QsQc 0.764687 811363 6997 1070190
JhJd 0.757722 803286 7621 1070190
JdJc 0.757722 803285 7621 1070190
JhJc 0.757722 803285 7621 1070190
JsJd 0.75697 802489 7613 1070190
JsJh 0.75697 802489 7613 1070190
JsJc 0.756969 802488 7613 1070190
8d6d 0.749299 777167 24725 1070190
ThTd 0.749245 793594 8241 1070190
ThTc 0.749244 793592 8241 1070190
TdTc 0.749244 793592 8241 1070190
8c6c 0.749189 777047 24728 1070190
TsTh 0.748526 792836 8229 1070190
TsTd 0.748526 792836 8229 1070190
TsTc 0.748524 792834 8229 1070190
Ad8d 0.743887 786747 9353 1070190
Ac8c 0.743819 786675 9353 1070190
9h9d 0.740684 790318 2355 1070190
9h9c 0.740682 790315 2355 1070190
9d9c 0.740682 790315 2355 1070190
9s9d 0.739964 789559 2343 1070190
9s9h 0.739964 789559 2343 1070190
9s9c 0.739961 789556 2343 1070190
8d5d 0.739656 767553 24019 1070190
8c5c 0.739584 767473 24022 1070190
8d6h 0.737917 763961 25750 1070190
8c6h 0.737903 763947 25749 1070190
8c6d 0.73785 763873 25766.5 1070190
8d6c 0.737848 763869 25768.5 1070190
8s6h 0.737327 763400 25680 1070190
8s6d 0.737274 763326 25697.5 1070190
8s6c 0.737258 763308 25698.5 1070190
8d6s 0.737231 763289 25688 1070190
Kd8d 0.737225 778850 10121 1070190
8c6s 0.737217 763275 25687 1070190
Kc8c 0.737158 778781 10118 1070190
9d8d 0.737045 780095 8683.5 1070190
9c8c 0.736925 779981 8668.5 1070190
8s6s 0.736641 762728 25618 1070190
Td8d 0.735149 773223 13526 1070190
Tc8c 0.735051 773130 13514 1070190
Jd8d 0.734086 773404 12207.5 1070190
Jc8c 0.734007 773328 12198.5 1070190
Qd8d 0.731149 771671 10797.5 1070190
Qc8c 0.731085 771608 10791.5 1070190
Ah8c 0.729615 770942 9885 1070190
Ah8d 0.729615 770942 9885 1070190
Ac8d 0.729545 770845 9907 1070190
Ad8c 0.729545 770845 9907 1070190
Ah8s 0.728883 770184 9859 1070190
Ac8s 0.728813 770087 9881 1070190
Ad8s 0.728813 770087 9881 1070190
As8d 0.728754 770024 9881 1070190
As8c 0.728754 770024 9881 1070190
As8s 0.728021 769266 9855 1070190
8d5h 0.727491 753558 24996 1070190
8c5h 0.727476 753543 24995 1070190
8c5d 0.727421 753466 25013 1070190
8d5c 0.727421 753464 25015 1070190
8s5h 0.726921 753019 24925 1070190
8s5d 0.726866 752942 24943 1070190
8s5c 0.726851 752925 24944 1070190
8d5s 0.726776 752850 24938 1070190
8c5s 0.726761 752835 24937 1070190
8s5s 0.726206 752311 24867 1070190
9h8d 0.72413 765850 9106.5 1070190
9h8c 0.724127 765847 9106.5 1070190
9c8d 0.724063 765757 9127.5 1070190
9d8c 0.724063 765757 9127.5 1070190
9h8s 0.723545 765262 9069 1070190
9d8s 0.723481 765172 9090 1070190
9c8s 0.723478 765169 9090 1070190
9s8d 0.723334 765010 9094.5 1070190
9s8c 0.723331 765007 9094.5 1070190
Kh8d 0.722847 762899 10685 1070190
Kh8c 0.722847 762899 10685 1070190
Kc8d 0.722777 762802 10707 1070190
Kd8c 0.722777 762802 10707 1070190
9s8s 0.722749 764422 9057 1070190
Kh8s 0.722151 762184 10655 1070190
Kc8s 0.722081 762087 10677 1070190
Kd8s 0.722081 762087 10677 1070190
Ks8d 0.72198 761975 10681 1070190
Ks8c 0.72198 761975 10681 1070190
Th8d 0.721914 758311 14274 1070190
Th8c 0.721912 758309 14274 1070190
Tc8d 0.721847 758218 14295 1070190
Td8c 0.721847 758218 14295 1070190
Th8s 0.721304 757697 14235 1070190
Ks8s 0.721284 761260 10651 1070190
Td8s 0.721238 757606 14256 1070190
Tc8s 0.721236 757604 14256 1070190
Ts8d 0.721118 757471 14262 1070190
Ts8c 0.721116 757469 14262 1070190
Ts8s 0.720508 756857 14223 1070190
Jh8d 0.720323 758003 12879.5 1070190
Jh8c 0.720322 758002 12879.5 1070190
Jc8d 0.720254 757908 12901 1070190
Jd8c 0.720254 757908 12901 1070190
Jh8s 0.719688 757360 12843 1070190
Jd8s 0.71962 757266 12864.5 1070190
Jc8s 0.719619 757265 12864.5 1070190
Js8d 0.719491 757121 12871.5 1070190
Js8c 0.71949 757120 12871.5 1070190
Js8s 0.718856 756478 12835 1070190
Qh8d 0.7167 755616 11389.5 1070190
Qh8c 0.7167 755616 11389.5 1070190
Qd8c 0.71663 755519 11411.5 1070190
Qc8d 0.71663 755519 11411.5 1070190
Qh8s 0.716039 754942 11356 1070190
Qc8s 0.715969 754845 11378 1070190
Qd8s 0.715969 754845 11378 1070190
Qs8d 0.715833 754692 11385.5 1070190
Qs8c 0.715833 754692 11385.5 1070190
Qs8s 0.715172 754018 11352 1070190
7h6h 0.697629 721992 24603.5 1070190
7c6c 0.696467 720746 24606.5 1070190
8d3d 0.687559 718072 17747 1070190
8c3c 0.687534 718072 17720 1070190
8d2d 0.687486 717994 17747 1070190
8c2c 0.687461 717994 17720 1070190
7h5h 0.687031 711356 23897.5 1070190
7c5c 0.6859 710143 23900.5 1070190
Ah7h 0.684559 723098 9510.5 1070190
Ac7c 0.68336 721815 9510.5 1070190
7h6d 0.683075 705391 25628.5 1070190
7c6d 0.683061 705378 25627.5 1070190
7c6h 0.683056 705355 25645 1070190
7h6c 0.683029 705324 25647 1070190
7s6d 0.682485 704830 25558.5 1070190
7s6h 0.68248 704807 25576 1070190
7s6c 0.68244 704763 25577 1070190
7h6s 0.682436 704770 25566.5 1070190
7c6s 0.682423 704757 25565.5 1070190
7s6s 0.681847 704209 25496.5 1070190
9h7h 0.679135 717963 8841 1070190
Kh7h 0.677898 715201 10278.5 1070190
9c7c 0.677887 716642 8826 1070190
Th7h 0.67724 711092 13683.5 1070190
Kc7c 0.676699 713921 10275.5 1070190
Tc7c 0.676013 709791 13671.5 1070190
Jh7h 0.675388 710428 12365 1070190
Jc7c 0.674175 709139 12356 1070190
Qh7h 0.671827 708028 10955 1070190
7h5d 0.671628 693895 24874.5 1070190
7c5d 0.671614 693881 24873.5 1070190
7c5h 0.671607 693856 24891.5 1070190
8d3h 0.671584 700069 18654 1070190
8c3h 0.671583 700069 18652 1070190
7h5c 0.671581 693826 24893.5 1070190
8d2h 0.671517 699997 18654 1070190
8c2h 0.671515 699997 18652 1070190
8d3c 0.671498 699954 18676.5 1070190
8c3d 0.671497 699954 18675.5 1070190
8d2c 0.671431 699882 18676.5 1070190
8c2d 0.67143 699882 18675.5 1070190
8s3h 0.6711 699624 18580 1070190
7s5d 0.671058 693356 24803.5 1070190
7s5h 0.671051 693331 24821.5 1070190
8s2h 0.671032 699552 18580 1070190
8s3d 0.671014 699509 18603.5 1070190
8s3c 0.671013 699509 18602.5 1070190
7s5c 0.671011 693287 24822.5 1070190
7h5s 0.670961 693239 24816.5 1070190
8s2d 0.670947 699437 18603.5 1070190
7c5s 0.670947 693225 24815.5 1070190
8s2c 0.670946 699437 18602.5 1070190
8d3s 0.670723 699151 18650 1070190
8c3s 0.670721 699151 18648 1070190
8d2s 0.670656 699079 18650 1070190
8c2s 0.670654 699079 18648 1070190
Qc7c 0.670626 706748 10949 1070190
7s5s 0.670391 692700 24745.5 1070190
8s3s 0.670238 698706 18576 1070190
8s2s 0.670171 698634 18576 1070190
Ad7h 0.666535 703277 10042.5 1070190
Ad7c 0.666535 703277 10042.5 1070190
Ah7c 0.666506 703224 10064.5 1070190
Ac7h 0.666474 703189 10064.5 1070190
Ad7s 0.665803 702519 10016.5 1070190
Ah7s 0.665774 702466 10038.5 1070190
Ac7s 0.665741 702431 10038.5 1070190
As7h 0.665715 702403 10038.5 1070190
As7c 0.665715 702403 10038.5 1070190
As7s 0.664982 701645 10012.5 1070190
9d7h 0.66256 699801 9264 1070190
9d7c 0.662557 699798 9264 1070190
9h7c 0.662532 699750 9285 1070190
9c7h 0.662501 699717 9285 1070190
9d7s 0.661975 699213 9226.5 1070190
9h7s 0.66195 699165 9247.5 1070190
9c7s 0.661917 699129 9247.5 1070190
9s7h 0.661803 699003 9252 1070190
9s7c 0.6618 699000 9252 1070190
9s7s 0.661219 698415 9214.5 1070190
Td7h 0.660344 692262 14431.5 1070190
Td7c 0.660342 692260 14431.5 1070190
Th7c 0.660316 692211 14452.5 1070190
Tc7h 0.660285 692178 14452.5 1070190
Kd7c 0.659767 695234 10842.5 1070190
Kd7h 0.659767 695234 10842.5 1070190
Kh7c 0.659738 695181 10864.5 1070190
Td7s 0.659734 691648 14392.5 1070190
Th7s 0.659708 691599 14413.5 1070190
Kc7h 0.659706 695146 10864.5 1070190
Tc7s 0.659675 691564 14413.5 1070190
Ts7h 0.659587 691464 14419.5 1070190
Ts7c 0.659585 691462 14419.5 1070190
Kd7s 0.659071 694519 10812.5 1070190
Kh7s 0.659042 694466 10834.5 1070190
Kc7s 0.65901 694431 10834.5 1070190
Ts7s 0.658977 690850 14380.5 1070190
Ks7c 0.658941 694354 10838.5 1070190
Ks7h 0.658941 694354 10838.5 1070190
Ks7s 0.658245 693639 10808.5 1070190
Jd7h 0.657909 691051 13037 1070190
Jd7c 0.657908 691050 13037 1070190
Jh7c 0.657881 690999 13058.5 1070190
Jc7h 0.657849 690965 13058.5 1070190
Jd7s 0.657274 690408 13000.5 1070190
Jh7s 0.657247 690357 13022 1070190
Jc7s 0.657214 690322 13022 1070190
Js7h 0.657118 690212 13029 1070190
Js7c 0.657117 690211 13029 1070190
Js7s 0.656483 689569 12992.5 1070190
Qd7c 0.65362 687951 11547 1070190
Qd7h 0.65362 687951 11547 1070190
Qh7c 0.653591 687898 11569 1070190
Qc7h 0.653559 687863 11569 1070190
Qd7s 0.652959 687277 11513.5 1070190
Qh7s 0.65293 687224 11535.5 1070190
Qc7s 0.652898 687189 11535.5 1070190
Qs7h 0.652794 687071 11543 1070190
Qs7c 0.652794 687071 11543 1070190
Qs7s 0.652133 686397 11509.5 1070190
6h6d 0.637491 671172 11065 1070190
6d6c 0.637451 671128 11066 1070190
6h6c 0.63745 671127 11066 1070190
6s6d 0.6369 670601 11003 1070190
6s6h 0.636899 670600 11003 1070190
6s6c 0.636859 670556 11004 1070190
6d4d 0.632486 650694 26186.5 1070190
6h4h 0.632459 650665 26186.5 1070190
7h3h 0.626784 653153 17625.5 1070190
7h2h 0.626718 653082 17625.5 1070190
7c3c 0.625579 651890 17598.5 1070190
7c2c 0.625486 651790 17598.5 1070190
5d4d 0.622105 640290 25480.5 1070190
5h4h 0.622078 640261 25480.5 1070190
5h5d 0.619863 652926 10445 1070190
5d5c 0.619823 652882 10446 1070190
5h5c 0.619822 652881 10446 1070190
5s5d 0.619245 652323 10387 1070190
5s5h 0.619244 652322 10387 1070190
5s5c 0.619204 652278 10388 1070190
6d4h 0.615479 631355 27325 1070190
6h4d 0.615479 631355 27325 1070190
6c4d 0.615472 631364 27308.5 1070190
6c4h 0.615472 631363 27308.5 1070190
6d4s 0.61491 630828 27243 1070190
6h4s 0.61491 630827 27243 1070190
6c4s 0.614902 630836 27226.5 1070190
6s4d 0.614881 630794 27245.5 1070190
6s4h 0.61488 630793 27245.5 1070190
6s4s 0.614311 630266 27163.5 1070190
7h3d 0.607049 631125 18532.5 1070190
7c3d 0.607048 631126 18530.5 1070190
7c3h 0.60702 631073 18554 1070190
7h3c 0.606988 631038 18555 1070190
7h2d 0.606982 631054 18532.5 1070190
7c2d 0.606981 631054 18530.5 1070190
7c2h 0.606953 631001 18554 1070190
7h2c 0.606921 630966 18555 1070190
7s3d 0.606564 630680 18458.5 1070190
7s3h 0.606536 630627 18482 1070190
7s3c 0.606504 630593 18481 1070190
7s2d 0.606497 630609 18458.5 1070190
7s2h 0.60647 630556 18482 1070190
7s2c 0.606436 630521 18481 1070190
7h3s 0.606245 630269 18528.5 1070190
7c3s 0.606244 630270 18526.5 1070190
7h2s 0.606179 630198 18528.5 1070190
7c2s 0.606177 630198 18526.5 1070190
7s3s 0.60576 629824 18454.5 1070190
7s2s 0.605694 629753 18454.5 1070190
5h4d 0.60431 620155 26571.5 1070190
5d4h 0.60431 620155 26571.5 1070190
5c4d 0.604303 620165 26554.5 1070190
5c4h 0.604303 620164 26554.5 1070190
5d4s 0.603748 619637 26488.5 1070190
5h4s 0.603747 619636 26488.5 1070190
5c4s 0.603741 619646 26471.5 1070190
5s4d 0.603684 619561 26495.5 1070190
5s4h 0.603683 619560 26495.5 1070190
5s4s 0.603121 619042 26412.5 1070190
Ad4d 0.597866 629708 10122.5 1070190
Ah4h 0.597861 629702 10122.5 1070190
9d4d 0.590607 623056 9005.5 1070190
9h4h 0.590607 623056 9005.5 1070190
Kd4d 0.59012 620739 10801 1070190
Kh4h 0.590114 620733 10801 1070190
Td4d 0.58928 616704 13937.5 1070190
Th4h 0.58928 616704 13937.5 1070190
Jd4d 0.586534 614994 12708.5 1070190
Jh4h 0.586534 614994 12708.5 1070190
Qh4h 0.583092 612631 11388 1070190
Qd4d 0.583092 612631 11388 1070190
Ac4d 0.575715 605465 10659 1070190
Ac4h 0.575715 605465 10659 1070190
Ah4d 0.575698 605430 10676.5 1070190
Ad4h 0.575698 605430 10676.5 1070190
Ac4s 0.574982 604707 10633 1070190
Ad4s 0.574966 604672 10650.5 1070190
Ah4s 0.574966 604672 10650.5 1070190
As4d 0.574939 604644 10650.5 1070190
As4h 0.574939 604644 10650.5 1070190
As4s 0.574207 603886 10624.5 1070190
9c4d 0.570098 600683 9430.5 1070190
9c4h 0.570098 600683 9430.5 1070190
9h4d 0.570085 600650 9449.5 1070190
9d4h 0.570085 600650 9449.5 1070190
9c4s 0.569517 600098 9393 1070190
9h4s 0.569504 600065 9412 1070190
9d4s 0.569504 600065 9412 1070190
9s4h 0.569387 599936 9416.5 1070190
9s4d 0.569387 599936 9416.5 1070190
9s4s 0.568806 599351 9379 1070190
Tc4h 0.568434 593644 14688 1070190
Tc4d 0.568434 593644 14688 1070190
Th4d 0.56842 593611 14706.5 1070190
Td4h 0.56842 593611 14706.5 1070190
Kc4h 0.567861 596350 11369 1070190
Kc4d 0.567861 596350 11369 1070190
Kd4h 0.567845 596315 11387 1070190
Kh4d 0.567845 596315 11387 1070190
Tc4s 0.567825 593032 14649 1070190
Td4s 0.567812 592999 14667.5 1070190
Th4s 0.567812 592999 14667.5 1070190
Ts4h 0.567722 592897 14673.5 1070190
Ts4d 0.567722 592897 14673.5 1070190
Kc4s 0.567165 595635 11339 1070190
Kd4s 0.567149 595600 11357 1070190
Kh4s 0.567149 595600 11357 1070190
Ts4s 0.567114 592285 14634.5 1070190
Ks4d 0.567081 595523 11361 1070190
Ks4h 0.567081 595523 11361 1070190
Ks4s 0.566384 594808 11331 1070190
Jc4d 0.564988 591261 13383.5 1070190
Jc4h 0.564988 591261 13383.5 1070190
Jd4h 0.564974 591227 13402 1070190
Jh4d 0.564974 591227 13402 1070190
Jc4s 0.564354 590619 13347 1070190
Jd4s 0.56434 590585 13365.5 1070190
Jh4s 0.56434 590585 13365.5 1070190
Js4d 0.564242 590474 13372.5 1070190
Js4h 0.564242 590474 13372.5 1070190
Js4s 0.563608 589832 13336 1070190
Qc4h 0.560762 588138 11983.5 1070190
Qc4d 0.560762 588138 11983.5 1070190
Qh4d 0.560746 588103 12002 1070190
Qd4h 0.560746 588103 12002 1070190
Qc4s 0.560101 587464 11950 1070190
Qd4s 0.560085 587429 11968.5 1070190
Qh4s 0.560085 587429 11968.5 1070190
Qs4h 0.559982 587311 11976 1070190
Qs4d 0.559982 587311 11976 1070190
Qs4s 0.559321 586637 11942.5 1070190
Ad6d 0.545054 556063 27248 1070190
Ah6h 0.545048 556057 27248 1070190
Ac6c 0.544877 555856 27265.5 1070190
Ad5d 0.540302 551603 26623 1070190
Ah5h 0.540297 551597 26623 1070190
Ac5c 0.540149 551422 26640.5 1070190
Th9h 0.536298 566441 7500 1070190
Td9d 0.53628 566422 7500 1070190
Tc9c 0.536113 566247 7495.5 1070190
4d3d 0.535171 554684 18051 1070190
4h3h 0.535145 554656 18051 1070190
4d2d 0.535079 554585 18051 1070190
4h2h 0.535079 554585 18051 1070190
Ah6d 0.523415 531719 28435 1070190
Ad6h 0.523415 531719 28435 1070190
Ac6h 0.52341 531715 28433 1070190
Ac6d 0.52341 531715 28433 1070190
Ah6c 0.523364 531664 28435 1070190
Ad6c 0.523364 531664 28435 1070190
Ad6s 0.522854 531198 28355.5 1070190
Ah6s 0.522854 531198 28355.5 1070190
Ac6s 0.522849 531194 28353.5 1070190
As6h 0.522777 531101 28370 1070190
As6d 0.522777 531101 28370 1070190
As6c 0.522726 531046 28370 1070190
As6s 0.522216 530580 28290.5 1070190
Ah5d 0.518229 526835 27768 1070190
Ad5h 0.518229 526835 27768 1070190
Ac5d 0.518221 526829 27766 1070190
Ac5h 0.518221 526829 27766 1070190
Ad5c 0.518175 526778 27768 1070190
Ah5c 0.518175 526778 27768 1070190
AhKh 0.517809 542618 11535.5 1070190
AdKd 0.517809 542618 11535.5 1070190
AcKc 0.517706 542513 11531 1070190
Ad5s 0.517639 526280 27692 1070190
Ah5s 0.517639 526280 27692 1070190
Ac5s 0.517631 526274 27690 1070190
As5d 0.517602 526231 27702 1070190
As5h 0.517602 526231 27702 1070190
As5c 0.517549 526174 27702 1070190
As5s 0.517013 525676 27626 1070190
Th9d 0.51421 542537 7765 1070190
Th9c 0.51421 542537 7765 1070190
Tc9d 0.51421 542537 7765 1070190
Tc9h 0.51421 542537 7765 1070190
Td9h 0.51421 542537 7765 1070190
Td9c 0.51421 542537 7765 1070190
Ts9d 0.513522 541842 7724.5 1070190
Ts9h 0.513522 541842 7724.5 1070190
Ts9c 0.513522 541842 7724.5 1070190
Tc9s 0.51352 541838 7726.5 1070190
Th9s 0.51352 541838 7726.5 1070190
Td9s 0.51352 541838 7726.5 1070190
Ts9s 0.512833 541143 7686 1070190
4d3c 0.511461 528354 19006.5 1070190
4h3c 0.51146 528353 19006.5 1070190
4d3h 0.511458 528328 19029.5 1070190
4h3d 0.511458 528328 19029.5 1070190
4d2c 0.511394 528282 19006.5 1070190
4h2c 0.511394 528282 19006.5 1070190
4h2d 0.511391 528256 19029.5 1070190
4d2h 0.511391 528256 19029.5 1070190
AhTh 0.511342 534092 13141.5 1070190
AdTd 0.511337 534086 13141.5 1070190
AcTc 0.511223 533969 13137 1070190
4s3c 0.51097 527908 18926.5 1070190
4s3d 0.510968 527883 18949.5 1070190
4s3h 0.510967 527882 18949.5 1070190
4s2c 0.510903 527837 18926.5 1070190
4s2d 0.5109 527811 18949.5 1070190
4s2h 0.5109 527811 18949.5 1070190
4d3s 0.510715 527560 19002 1070190
4h3s 0.510714 527559 19002 1070190
4d2s 0.510648 527488 19002 1070190
4h2s 0.510648 527488 19002 1070190
AhJh 0.510399 533885 12338.5 1070190
AdJd 0.510393 533879 12338.5 1070190
AcJc 0.510285 533768 12334 1070190
4s3s 0.510223 527114 18922 1070190
4s2s 0.510157 527043 18922 1070190
Ah9h 0.509805 537691 7897 1070190
Ad9d 0.509799 537685 7897 1070190
Ac9c 0.50968 537562 7892.5 1070190
AhQh 0.508767 532942 11535.5 1070190
AdQd 0.508762 532936 11535.5 1070190
AcQc 0.508659 532831 11531 1070190
Kd6d 0.496745 504519 27093 1070190
Kh6h 0.49674 504513 27093 1070190
Kc6c 0.496577 504321 27110.5 1070190
Td6d 0.492149 501211 25482 1070190
Th6h 0.492149 501211 25482 1070190
Tc6c 0.491966 500998 25499.5 1070190
AcKh 0.491705 514014 12203.5 1070190
AcKd 0.491705 514014 12203.5 1070190
AdKh 0.491705 514014 12203.5 1070190
AdKc 0.491705 514014 12203.5 1070190
AhKd 0.491705 514014 12203.5 1070190
AhKc 0.491705 514014 12203.5 1070190
AsKh 0.49094 513226 12173.5 1070190
AsKd 0.49094 513226 12173.5 1070190
AsKc 0.49094 513226 12173.5 1070190
AcKs 0.490931 513212 12177.5 1070190
AhKs 0.490931 513212 12177.5 1070190
AdKs 0.490931 513212 12177.5 1070190
AsKs 0.490167 512424 12147.5 1070190
AdTc 0.485872 506058 13917.5 1070190
AcTh 0.485872 506058 13917.5 1070190
AhTd 0.485872 506058 13917.5 1070190
AhTc 0.485872 506058 13917.5 1070190
AcTd 0.485872 506058 13917.5 1070190
AdTh 0.485872 506058 13917.5 1070190
AsTh 0.485192 505360 13887.5 1070190
AsTd 0.485192 505360 13887.5 1070190
AsTc 0.485192 505360 13887.5 1070190
AcTs 0.485165 505334 13884.5 1070190
AhTs 0.485165 505334 13884.5 1070190
AdTs 0.485165 505334 13884.5 1070190
AsTs 0.484485 504636 13854.5 1070190
AcJd 0.484446 505389 13060.5 1070190
AcJh 0.484446 505389 13060.5 1070190
AdJh 0.484446 505389 13060.5 1070190
AdJc 0.484446 505389 13060.5 1070190
AhJd 0.484446 505389 13060.5 1070190
AhJc 0.484446 505389 13060.5 1070190
Ad9c 0.484407 510076 8332 1070190
Ac9d 0.484407 510076 8332 1070190
Ad9h 0.484407 510076 8332 1070190
Ah9d 0.484407 510076 8332 1070190
Ah9c 0.484407 510076 8332 1070190
Ac9h 0.484407 510076 8332 1070190
As9h 0.483755 509404 8305.5 1070190
As9d 0.483755 509404 8305.5 1070190
As9c 0.483755 509404 8305.5 1070190
AsJd 0.48374 504663 13030.5 1070190
AsJc 0.48374 504663 13030.5 1070190
AsJh 0.48374 504663 13030.5 1070190
AdJs 0.483706 504626 13031 1070190
AcJs 0.483706 504626 13031 1070190
AhJs 0.483706 504626 13031 1070190
Ad9s 0.4837 509352 8299 1070190
Ah9s 0.4837 509352 8299 1070190
Ac9s 0.4837 509352 8299 1070190
As9s 0.483047 508680 8272.5 1070190
AsJs 0.482999 503900 13001 1070190
AcQd 0.482277 503924 12203.5 1070190
AcQh 0.482277 503924 12203.5 1070190
AdQh 0.482277 503924 12203.5 1070190
AhQc 0.482277 503924 12203.5 1070190
AhQd 0.482277 503924 12203.5 1070190
AdQc 0.482277 503924 12203.5 1070190
Kd5d 0.481548 488880 26468 1070190
AsQh 0.481544 503170 12173.5 1070190
AsQd 0.481544 503170 12173.5 1070190
AsQc 0.481544 503170 12173.5 1070190
Kh5h 0.481543 488874 26468 1070190
AhQs 0.481503 503122 12177.5 1070190
AcQs 0.481503 503122 12177.5 1070190
AdQs 0.481503 503122 12177.5 1070190
Kc5c 0.481407 488711 26485.5 1070190
AsQs 0.48077 502368 12147.5 1070190
9h6h 0.479794 499298 14173 1070190
9d6d 0.479794 499298 14173 1070190
9c6c 0.479573 499044 14190.5 1070190
Kd6h 0.472957 477880 28274 1070190
Kh6d 0.472957 477880 28274 1070190
Kc6h 0.472952 477876 28272 1070190
Kc6d 0.472952 477876 28272 1070190
Kd6c 0.472906 477825 28274 1070190
Kh6c 0.472906 477825 28274 1070190
Kd6s 0.472421 477386 28194.5 1070190
Kh6s 0.472421 477386 28194.5 1070190
Kc6s 0.472416 477382 28192.5 1070190
Ks6d 0.472317 477259 28209.5 1070190
Ks6h 0.472317 477259 28209.5 1070190
Ks6c 0.472265 477204 28209.5 1070190
Ks6s 0.471781 476765 28130 1070190
Th6d 0.469631 476085 26509 1070190
Td6h 0.469631 476085 26509 1070190
Tc6h 0.469626 476082 26507 1070190
Tc6d 0.469626 476082 26507 1070190
Td6c 0.469584 476035 26509 1070190
Th6c 0.469584 476035 26509 1070190
Th6s 0.469101 475599 26428.5 1070190
Td6s 0.469101 475599 26428.5 1070190
Tc6s 0.469097 475596 26426.5 1070190
Ts6h 0.469005 475482 26442 1070190
Ts6d 0.469005 475482 26442 1070190
Ts6c 0.468958 475432 26442 1070190
Ts6s 0.468475 474996 26361.5 1070190
JhTh 0.465749 486053 12386.5 1070190
JdTd 0.465731 486034 12386.5 1070190
JcTc 0.465604 485903 12382 1070190
Jh9h 0.464917 490407 7142 1070190
Jd9d 0.464899 490388 7142 1070190
Jc9c 0.464767 490252 7137.5 1070190
KhTh 0.456787 475862 12986.5 1070190
KdTd 0.456781 475856 12986.5 1070190
KcTc 0.456676 475748 12982 1070190
Kh5d 0.456657 461103 27607 1070190
Kd5h 0.456657 461103 27607 1070190
Kc5h 0.45665 461097 27605 1070190
Kc5d 0.45665 461097 27605 1070190
Kd5c 0.456604 461046 27607 1070190
Kh5c 0.456604 461046 27607 1070190
9h6d 0.45655 473833 14762 1070190
9d6h 0.45655 473833 14762 1070190
9c6h 0.456545 473830 14760 1070190
9c6d 0.456545 473830 14760 1070190
9d6c 0.456503 473783 14762 1070190
9h6c 0.456503 473783 14762 1070190
Kd5s 0.456096 460578 27531 1070190
Kh5s 0.456096 460578 27531 1070190
Kc5s 0.456088 460572 27529 1070190
Ks5d 0.456034 460502 27541.5 1070190
Ks5h 0.456034 460502 27541.5 1070190
9h6s 0.455992 473275 14723.5 1070190
9d6s 0.455992 473275 14723.5 1070190
9c6s 0.455988 473272 14721.5 1070190
Ks5c 0.455981 460445 27541.5 1070190
9s6d 0.455924 473230 14695.5 1070190
9s6h 0.455924 473230 14695.5 1070190
9s6c 0.455877 473180 14695.5 1070190
Ks5s 0.455473 459977 27465.5 1070190
9s6s 0.455367 472672 14657 1070190
Kh9h 0.455249 479461 7742 1070190
Kd9d 0.455243 479455 7742 1070190
KhJh 0.455232 475001 12183.5 1070190
KdJd 0.455226 474995 12183.5 1070190
Kc9c 0.455133 479341 7737.5 1070190
KcJc 0.455127 474893 12179 1070190
Qd6d 0.453881 458801 26938 1070190
Qh6h 0.453881 458801 26938 1070190
Qc6c 0.453724 458615 26955.5 1070190
KhQh 0.453212 473642 11380.5 1070190
KdQd 0.453206 473636 11380.5 1070190
KcQc 0.453112 473540 11376 1070190
JcTh 0.439264 457051 13044.5 1070190
JcTd 0.439264 457051 13044.5 1070190
JhTc 0.439264 457051 13044.5 1070190
JhTd 0.439264 457051 13044.5 1070190
JdTh 0.439264 457051 13044.5 1070190
JdTc 0.439264 457051 13044.5 1070190
JcTs 0.43859 456364 13010.5 1070190
JhTs 0.43859 456364 13010.5 1070190
JdTs 0.43859 456364 13010.5 1070190
JsTd 0.438573 456348 13008 1070190
JsTh 0.438573 456348 13008 1070190
JsTc 0.438573 456348 13008 1070190
Jd9h 0.438505 461825 7459 1070190
Jd9c 0.438505 461825 7459 1070190
Jh9c 0.438505 461825 7459 1070190
Jh9d 0.438505 461825 7459 1070190
Jc9h 0.438505 461825 7459 1070190
Jc9d 0.438505 461825 7459 1070190
Ad3d 0.438367 448480 20656.5 1070190
Ah3h 0.438362 448474 20656.5 1070190
Ac3c 0.438281 448381 20663 1070190
Qd5d 0.438073 442508 26313 1070190
Qh5h 0.438073 442508 26313 1070190
Qc5c 0.437942 442351 26330.5 1070190
JsTs 0.437899 455661 12974 1070190
Js9h 0.437842 461148 7426 1070190
Js9c 0.437842 461148 7426 1070190
Js9d 0.437842 461148 7426 1070190
Jh9s 0.437832 461138 7425 1070190
Jc9s 0.437832 461138 7425 1070190
Jd9s 0.437832 461138 7425 1070190
Js9s 0.437168 460461 7392 1070190
Ad2d 0.436697 446692 20656.5 1070190
Ah2h 0.436697 446692 20656.5 1070190
Ac2c 0.43661 446593 20663 1070190
3d3c 0.432043 454669 7699.5 1070190
3h3d 0.432043 454668 7700.5 1070190
3h3c 0.432042 454668 7699.5 1070190
3s3d 0.431353 453935 7695 1070190
3s3c 0.431352 453935 7694 1070190
3s3h 0.431352 453934 7695 1070190
KdTh 0.428813 445155 13756.5 1070190
KcTd 0.428813 445155 13756.5 1070190
KcTh 0.428813 445155 13756.5 1070190
KdTc 0.428813 445155 13756.5 1070190
KhTd 0.428813 445155 13756.5 1070190
KhTc 0.428813 445155 13756.5 1070190
Qh6d 0.428214 430157 28113 1070190
Qd6h 0.428214 430157 28113 1070190
Qc6d 0.428208 430153 28111 1070190
Qc6h 0.428208 430153 28111 1070190
Qd6c 0.428162 430102 28113 1070190
Qh6c 0.428162 430102 28113 1070190
KcTs 0.428137 444464 13723.5 1070190
KhTs 0.428137 444464 13723.5 1070190
KdTs 0.428137 444464 13723.5 1070190
KsTh 0.428128 444451 13727 1070190
KsTc 0.428128 444451 13727 1070190
KsTd 0.428128 444451 13727 1070190
Qh6s 0.427703 429690 28033.5 1070190
Qd6s 0.427703 429690 28033.5 1070190
Qc6s 0.427697 429686 28031.5 1070190
Qs6h 0.427574 429536 28049 1070190
Qs6d 0.427574 429536 28049 1070190
Qs6c 0.427522 429481 28049 1070190
KsTs 0.427451 443760 13694 1070190
Kc9d 0.427348 449173 8171 1070190
Kd9c 0.427348 449173 8171 1070190
Kc9h 0.427348 449173 8171 1070190
Kh9d 0.427348 449173 8171 1070190
Kh9c 0.427348 449173 8171 1070190
Kd9h 0.427348 449173 8171 1070190
Qs6s 0.427063 429069 27969.5 1070190
KcJd 0.426737 443790 12899.5 1070190
KcJh 0.426737 443790 12899.5 1070190
KhJd 0.426737 443790 12899.5 1070190
KhJc 0.426737 443790 12899.5 1070190
KdJh 0.426737 443790 12899.5 1070190
KdJc 0.426737 443790 12899.5 1070190
Ks9d 0.426691 448495 8145 1070190
Ks9c 0.426691 448495 8145 1070190
Ks9h 0.426691 448495 8145 1070190
Kc9s 0.426672 448482 8138 1070190
Kh9s 0.426672 448482 8138 1070190
Kd9s 0.426672 448482 8138 1070190
KhJs 0.426028 443061 12870 1070190
KdJs 0.426028 443061 12870 1070190
KcJs 0.426028 443061 12870 1070190
KsJh 0.426025 443058 12870 1070190
KsJd 0.426025 443058 12870 1070190
KsJc 0.426025 443058 12870 1070190
Ks9s 0.426014 447804 8112 1070190
KsJs 0.425317 442329 12840.5 1070190
KcQd 0.424153 441882 12042.5 1070190
KdQc 0.424153 441882 12042.5 1070190
KdQh 0.424153 441882 12042.5 1070190
KhQd 0.424153 441882 12042.5 1070190
KhQc 0.424153 441882 12042.5 1070190
KcQh 0.424153 441882 12042.5 1070190
KsQh 0.423415 441122 12013 1070190
KsQd 0.423415 441122 12013 1070190
KsQc 0.423415 441122 12013 1070190
KcQs 0.423412 441115 12016.5 1070190
KhQs 0.423412 441115 12016.5 1070190
KdQs 0.423412 441115 12016.5 1070190
KsQs 0.422674 440355 11987 1070190
Jd6d 0.420107 422811 26783 1070190
Jh6h 0.420107 422811 26783 1070190
Jc6c 0.419955 422631 26800.5 1070190
Jh5h 0.414083 416365 26783 1070190
Jd5d 0.414083 416365 26783 1070190
Jc5c 0.413959 416214 26800.5 1070190
2h2d 0.413829 435175 7700.5 1070190
2h2c 0.413828 435175 7699.5 1070190
2d2c 0.413828 435175 7699.5 1070190
2s2d 0.413139 434442 7695 1070190
2s2h 0.413139 434442 7695 1070190
2s2c 0.413138 434442 7694 1070190
Qd5h 0.411263 412684 27446 1070190
Qh5d 0.411263 412684 27446 1070190
Qc5h 0.411256 412678 27444 1070190
Qc5d 0.411256 412678 27444 1070190
Qd5c 0.41121 412627 27446 1070190
Qh5c 0.41121 412627 27446 1070190
Qd5s 0.410728 412187 27370 1070190
Qh5s 0.410728 412187 27370 1070190
Qc5s 0.410721 412181 27368 1070190
Qs5d 0.410641 412083 27381 1070190
Qs5h 0.410641 412083 27381 1070190
Qs5c 0.410588 412026 27381 1070190
Ad3c 0.410404 417436 21774.5 1070190
Ah3d 0.410404 417436 21774.5 1070190
Ad3h 0.410404 417436 21774.5 1070190
Ah3c 0.410404 417436 21774.5 1070190
Ac3d 0.410403 417436 21773.5 1070190
Ac3h 0.410403 417436 21773.5 1070190
Qs5s 0.410106 411586 27305 1070190
As3c 0.40985 416910 21707 1070190
As3d 0.40985 416910 21707 1070190
As3h 0.40985 416910 21707 1070190
Ad3s 0.409766 416779 21748.5 1070190
Ah3s 0.409766 416779 21748.5 1070190
Ac3s 0.409765 416779 21747.5 1070190
QhTh 0.409577 426297 12028.5 1070190
QdTd 0.40956 426278 12028.5 1070190
QcTc 0.409466 426182 12024 1070190
As3s 0.409211 416253 21681 1070190
Ad2h 0.408739 415654 21774.5 1070190
Ad2c 0.408739 415654 21774.5 1070190
Ah2c 0.408739 415654 21774.5 1070190
Ah2d 0.408739 415654 21774.5 1070190
Ac2h 0.408738 415654 21773.5 1070190
Ac2d 0.408738 415654 21773.5 1070190
As2c 0.408185 415128 21707 1070190
As2d 0.408185 415128 21707 1070190
As2h 0.408185 415128 21707 1070190
Ad2s 0.408101 414997 21748.5 1070190
Ah2s 0.408101 414997 21748.5 1070190
Ac2s 0.4081 414997 21747.5 1070190
Qh9h 0.40804 429896 6784 1070190
Qd9d 0.408022 429877 6784 1070190
Qc9c 0.407922 429775 6779.5 1070190
QhJh 0.407635 425021 11225.5 1070190
QdJd 0.407616 425001 11225.5 1070190
As2s 0.407546 414471 21681 1070190
QcJc 0.407528 424911 11221 1070190
Jh6d 0.393278 392930 27952 1070190
Jd6h 0.393278 392930 27952 1070190
Jc6h 0.393272 392926 27950 1070190
Jc6d 0.393272 392926 27950 1070190
Jh6c 0.393226 392875 27952 1070190
Jd6c 0.393226 392875 27952 1070190
Jd6s 0.392788 392482 27876 1070190
Jh6s 0.392788 392482 27876 1070190
Jc6s 0.392783 392478 27874 1070190
Js6d 0.392663 392339 27885 1070190
Js6h 0.392663 392339 27885 1070190
Js6c 0.392612 392284 27885 1070190
Js6s 0.392173 391891 27809 1070190
Jd5h 0.386723 385915 27952 1070190
Jh5d 0.386723 385915 27952 1070190
Jc5d 0.386715 385909 27950 1070190
Jc5h 0.386715 385909 27950 1070190
Jd5c 0.38667 385858 27952 1070190
Jh5c 0.38667 385858 27952 1070190
Jd5s 0.386207 385439 27876 1070190
Jh5s 0.386207 385439 27876 1070190
Jc5s 0.3862 385433 27874 1070190
Js5d 0.38612 385337 27885 1070190
Js5h 0.38612 385337 27885 1070190
Js5c 0.386067 385280 27885 1070190
Js5s 0.385604 384861 27809 1070190
Td5d 0.384569 385487 26075 1070190
Th5h 0.384569 385487 26075 1070190
Tc5c 0.38445 385342 26092.5 1070190
QhTc 0.379483 393380 12738.5 1070190
QhTd 0.379483 393380 12738.5 1070190
QcTd 0.379483 393380 12738.5 1070190
QcTh 0.379483 393380 12738.5 1070190
QdTh 0.379483 393380 12738.5 1070190
QdTc 0.379483 393380 12738.5 1070190
QdTs 0.378833 392714 12709 1070190
QhTs 0.378833 392714 12709 1070190
QcTs 0.378833 392714 12709 1070190
QsTh 0.378798 392676 12709.5 1070190
QsTc 0.378798 392676 12709.5 1070190
QsTd 0.378798 392676 12709.5 1070190
QsTs 0.378148 392010 12680 1070190
Qd9c 0.378018 397398 7153 1070190
Qh9c 0.378018 397398 7153 1070190
Qh9d 0.378018 397398 7153 1070190
Qc9h 0.378018 397398 7153 1070190
Qd9h 0.378018 397398 7153 1070190
Qc9d 0.378018 397398 7153 1070190
Qc9s 0.377368 396732 7123.5 1070190
Qh9s 0.377368 396732 7123.5 1070190
Qd9s 0.377368 396732 7123.5 1070190
Qs9d 0.377361 396720 7127.5 1070190
Qs9h 0.377361 396720 7127.5 1070190
Qs9c 0.377361 396720 7127.5 1070190
QcJh 0.376992 391572 11881.5 1070190
QhJc 0.376992 391572 11881.5 1070190
QhJd 0.376992 391572 11881.5 1070190
QdJc 0.376992 391572 11881.5 1070190
QcJd 0.376992 391572 11881.5 1070190
QdJh 0.376992 391572 11881.5 1070190
Qs9s 0.376711 396054 7098 1070190
QcJs 0.376311 390869 11855.5 1070190
QdJs 0.376311 390869 11855.5 1070190
QhJs 0.376311 390869 11855.5 1070190
QsJc 0.376281 390840 11852.5 1070190
QsJd 0.376281 390840 11852.5 1070190
QsJh 0.376281 390840 11852.5 1070190
QsJs 0.3756 390137 11826.5 1070190
Kd3d 0.373999 379749 20501.5 1070190
Kh3h 0.373994 379743 20501.5 1070190
Kc3c 0.373924 379662 20508 1070190
Kh2h 0.372329 377961 20501.5 1070190
Kd2d 0.372329 377961 20501.5 1070190
Kc2c 0.372254 377874 20508 1070190
9d5d 0.371441 382746 14766 1070190
9h5h 0.371441 382746 14766 1070190
9c5c 0.371283 382560 14783.5 1070190
Th5d 0.356224 354019 27208 1070190
Td5h 0.356224 354019 27208 1070190
Tc5d 0.356216 354013 27206 1070190
Tc5h 0.356216 354013 27206 1070190
Td5c 0.35617 353962 27208 1070190
Th5c 0.35617 353962 27208 1070190
Th5s 0.35573 353563 27135.5 1070190
Td5s 0.35573 353563 27135.5 1070190
Tc5s 0.355722 353557 27133.5 1070190
Ts5d 0.355653 353476 27140.5 1070190
Ts5h 0.355653 353476 27140.5 1070190
Ts5c 0.3556 353419 27140.5 1070190
Ts5s 0.355159 353020 27068 1070190
Kd3h 0.342917 345373 21613.5 1070190
Kd3c 0.342917 345373 21613.5 1070190
Kh3d 0.342917 345373 21613.5 1070190
Kh3c 0.342917 345373 21613.5 1070190
Kc3h 0.342916 345373 21612.5 1070190
Kc3d 0.342916 345373 21612.5 1070190
9d5h 0.342369 350939 15461 1070190
9h5d 0.342369 350939 15461 1070190
Ks3c 0.342365 344849 21546.5 1070190
Ks3h 0.342365 344849 21546.5 1070190
Ks3d 0.342365 344849 21546.5 1070190
9c5d 0.342362 350933 15459 1070190
9c5h 0.342362 350933 15459 1070190
9d5c 0.342316 350882 15461 1070190
9h5c 0.342316 350882 15461 1070190
Kh3s 0.342314 344753 21587.5 1070190
Kd3s 0.342314 344753 21587.5 1070190
Kc3s 0.342313 344753 21586.5 1070190
9d5s 0.341847 350411 15430.5 1070190
9h5s 0.341847 350411 15430.5 1070190
9c5s 0.34184 350405 15428.5 1070190
9s5h 0.341799 350396 15394 1070190
9s5d 0.341799 350396 15394 1070190
Ks3s 0.341761 344229 21520.5 1070190
9s5c 0.341746 350339 15394 1070190
9s5s 0.341277 349868 15363.5 1070190
Kd2c 0.341252 343591 21613.5 1070190
Kh2c 0.341252 343591 21613.5 1070190
Kh2d 0.341252 343591 21613.5 1070190
Kd2h 0.341252 343591 21613.5 1070190
Kc2d 0.341251 343591 21612.5 1070190
Kc2h 0.341251 343591 21612.5 1070190
Ks2c 0.3407 343067 21546.5 1070190
Ks2d 0.3407 343067 21546.5 1070190
Ks2h 0.3407 343067 21546.5 1070190
Kh2s 0.340648 342971 21587.5 1070190
Kd2s 0.340648 342971 21587.5 1070190
Kc2s 0.340647 342971 21586.5 1070190
Ks2s 0.340096 342447 21520.5 1070190
Qd3d 0.325306 327793 20346.5 1070190
Qh3h 0.325306 327793 20346.5 1070190
Qc3c 0.325242 327718 20353 1070190
Qh2h 0.323641 326011 20346.5 1070190
Qd2d 0.323636 326005 20346.5 1070190
Qc2c 0.323572 325930 20353 1070190
6d3d 0.309916 307402 24266.5 1070190
6h3h 0.309863 307346 24266.5 1070190
6c3c 0.309671 307012 24394.5 1070190
6d2d 0.308265 305636 24266.5 1070190
6h2h 0.308265 305636 24266.5 1070190
6c2c 0.308021 305246 24394.5 1070190
5d3d 0.29842 295814 23552.5 1070190
5c3c 0.298413 295678 23680.5 1070190
5h3h 0.298368 295758 23552.5 1070190
Jd3d 0.297583 297654 20816.5 1070190
Jh3h 0.297583 297654 20816.5 1070190
Jc3c 0.297525 297585 20823 1070190
5h2h 0.29677 294048 23552.5 1070190
5d2d 0.29677 294048 23552.5 1070190
5c2c 0.296763 293912 23680.5 1070190
Jh2h 0.295918 295872 20816.5 1070190
Jd2d 0.295912 295866 20816.5 1070190
Jc2c 0.295854 295797 20823 1070190
Qd3c 0.292017 291061 21452.5 1070190
Qd3h 0.292017 291061 21452.5 1070190
Qh3c 0.292017 291061 21452.5 1070190
Qh3d 0.292017 291061 21452.5 1070190
Qc3d 0.292016 291061 21451.5 1070190
Qc3h 0.292016 291061 21451.5 1070190
Qs3c 0.291465 290537 21386 1070190
Qs3h 0.291465 290537 21386 1070190
Qs3d 0.291465 290537 21386 1070190
Qd3s 0.291446 290476 21426.5 1070190
Qh3s 0.291446 290476 21426.5 1070190
Qc3s 0.291445 290476 21425.5 1070190
Qs3s 0.290894 289952 21360 1070190
Qd2h 0.290352 289279 21452.5 1070190
Qd2c 0.290352 289279 21452.5 1070190
Qh2c 0.290352 289279 21452.5 1070190
Qh2d 0.290352 289279 21452.5 1070190
Qc2d 0.290351 289279 21451.5 1070190
Qc2h 0.290351 289279 21451.5 1070190
Qs2h 0.2898 288755 21386 1070190
Qs2d 0.2898 288755 21386 1070190
Qs2c 0.2898 288755 21386 1070190
Qd2s 0.289781 288694 21426.5 1070190
Qh2s 0.289781 288694 21426.5 1070190
Qc2s 0.28978 288694 21425.5 1070190
Qs2s 0.289229 288170 21360 1070190
6h3d 0.279415 273685 25342.5 1070190
6d3h 0.279415 273685 25342.5 1070190
6h3c 0.279414 273691 25335.5 1070190
6d3c 0.279414 273691 25335.5 1070190
6c3h 0.279364 273630 25342.5 1070190
6c3d 0.279364 273630 25342.5 1070190
6s3d 0.279023 273358 25249.5 1070190
6s3h 0.279023 273358 25249.5 1070190
6s3c 0.279022 273364 25242.5 1070190
6d3s 0.278904 273175 25305 1070190
6h3s 0.278904 273175 25305 1070190
6c3s 0.278852 273120 25305 1070190
6s3s 0.278511 272848 25212 1070190
6h2d 0.277817 271975 25342.5 1070190
6d2h 0.277817 271975 25342.5 1070190
6d2c 0.277817 271981 25335.5 1070190
6h2c 0.277817 271981 25335.5 1070190
6c2h 0.277766 271920 25342.5 1070190
6c2d 0.277766 271920 25342.5 1070190
6s2d 0.277425 271648 25249.5 1070190
6s2h 0.277425 271648 25249.5 1070190
6s2c 0.277424 271654 25242.5 1070190
6h2s 0.277306 271465 25305 1070190
6d2s 0.277306 271465 25305 1070190
6c2s 0.277255 271410 25305 1070190
6s2s 0.276913 271138 25212 1070190
Th3h 0.275521 274037 20822.5 1070190
Td3d 0.275521 274037 20822.5 1070190
Tc3c 0.275468 273974 20829 1070190
Th2h 0.273856 272255 20822.5 1070190
Td2d 0.27385 272249 20822.5 1070190
Tc2c 0.273797 272186 20829 1070190
5h3d 0.26726 261438 24580.5 1070190
5d3h 0.26726 261438 24580.5 1070190
5h3c 0.267252 261437 24573.5 1070190
5d3c 0.267252 261437 24573.5 1070190
5c3h 0.267206 261381 24580.5 1070190
5c3d 0.267206 261381 24580.5 1070190
5s3d 0.266848 261088 24490.5 1070190
5s3h 0.266848 261088 24490.5 1070190
5s3c 0.266841 261087 24483.5 1070190
5d3s 0.266774 260956 24543 1070190
5h3s 0.266774 260956 24543 1070190
5c3s 0.266721 260899 24543 1070190
5s3s 0.266363 260606 24453 1070190
5h2d 0.265662 259728 24580.5 1070190
5d2h 0.265662 259728 24580.5 1070190
5h2c 0.265654 259727 24573.5 1070190
5d2c 0.265654 259727 24573.5 1070190
5c2d 0.265608 259671 24580.5 1070190
5c2h 0.265608 259671 24580.5 1070190
5s2d 0.265251 259378 24490.5 1070190
5s2h 0.265251 259378 24490.5 1070190
5s2c 0.265243 259377 24483.5 1070190
5d2s 0.265176 259246 24543 1070190
5h2s 0.265176 259246 24543 1070190
5c2s 0.265123 259189 24543 1070190
5s2s 0.264765 258896 24453 1070190
Jh3c 0.263538 260077 21958.5 1070190
Jh3d 0.263538 260077 21958.5 1070190
Jd3c 0.263538 260077 21958.5 1070190
Jd3h 0.263538 260077 21958.5 1070190
Jc3h 0.263537 260077 21957.5 1070190
Jc3d 0.263537 260077 21957.5 1070190
Js3h 0.263006 259576 21890 1070190
Js3c 0.263006 259576 21890 1070190
Js3d 0.263006 259576 21890 1070190
Jd3s 0.262993 259520 21932.5 1070190
Jh3s 0.262993 259520 21932.5 1070190
Jc3s 0.262992 259520 21931.5 1070190
Js3s 0.262461 259019 21864 1070190
Jd2c 0.261873 258295 21958.5 1070190
Jd2h 0.261873 258295 21958.5 1070190
Jh2c 0.261873 258295 21958.5 1070190
Jh2d 0.261873 258295 21958.5 1070190
Jc2d 0.261872 258295 21957.5 1070190
Jc2h 0.261872 258295 21957.5 1070190
Js2c 0.261341 257794 21890 1070190
Js2d 0.261341 257794 21890 1070190
Js2h 0.261341 257794 21890 1070190
Jd2s 0.261328 257738 21932.5 1070190
Jh2s 0.261328 257738 21932.5 1070190
Jc2s 0.261327 257738 21931.5 1070190
Js2s 0.260796 257237 21864 1070190
9d3d 0.254683 257136 15423 1070190
9h3h 0.254683 257136 15423 1070190
9c3c 0.254636 257079 15429.5 1070190
9h2h 0.253018 255354 15423 1070190
9d2d 0.253012 255348 15423 1070190
9c2c 0.252965 255291 15429.5 1070190
Td3c 0.240965 235902 21976.5 1070190
Th3d 0.240965 235902 21976.5 1070190
Th3c 0.240965 235902 21976.5 1070190
Td3h 0.240965 235902 21976.5 1070190
Tc3d 0.240964 235902 21975.5 1070190
Tc3h 0.240964 235902 21975.5 1070190
Ts3h 0.240454 235424 21908 1070190
Ts3d 0.240454 235424 21908 1070190
Ts3c 0.240454 235424 21908 1070190
Td3s 0.240447 235373 21950.5 1070190
Th3s 0.240447 235373 21950.5 1070190
Tc3s 0.240446 235373 21949.5 1070190
Ts3s 0.239936 234895 21882 1070190
Th2d 0.2393 234120 21976.5 1070190
Td2h 0.2393 234120 21976.5 1070190
Td2c 0.2393 234120 21976.5 1070190
Th2c 0.2393 234120 21976.5 1070190
Tc2d 0.239299 234120 21975.5 1070190
Tc2h 0.239299 234120 21975.5 1070190
Ts2d 0.238789 233642 21908 1070190
Ts2h 0.238789 233642 21908 1070190
Ts2c 0.238789 233642 21908 1070190
Td2s 0.238781 233591 21950.5 1070190
Th2s 0.238781 233591 21950.5 1070190
Tc2s 0.23878 233591 21949.5 1070190
Ts2s 0.238271 233113 21882 1070190
9d3h 0.219347 218513 16230 1070190
9h3d 0.219347 218513 16230 1070190
9h3c 0.219347 218513 16230 1070190
9d3c 0.219347 218513 16230 1070190
9c3d 0.219346 218513 16229 1070190
9c3h 0.219346 218513 16229 1070190
9h3s 0.218857 218011 16207.5 1070190
9d3s 0.218857 218011 16207.5 1070190
9c3s 0.218856 218011 16206.5 1070190
9s3h 0.218837 218035 16162 1070190
9s3d 0.218837 218035 16162 1070190
9s3c 0.218837 218035 16162 1070190
9s3s 0.218347 217533 16139.5 1070190
9h2d 0.217682 216731 16230 1070190
9d2c 0.217682 216731 16230 1070190
9h2c 0.217682 216731 16230 1070190
9d2h 0.217682 216731 16230 1070190
9c2d 0.217681 216731 16229 1070190
9c2h 0.217681 216731 16229 1070190
9d2s 0.217192 216229 16207.5 1070190
9h2s 0.217192 216229 16207.5 1070190
9c2s 0.217191 216229 16206.5 1070190
9s2d 0.217172 216253 16162 1070190
9s2c 0.217172 216253 16162 1070190
9s2h 0.217172 216253 16162 1070190
9s2s 0.216682 215751 16139.5 1070190
3c2c 0.168649 166270 14217 1070190
3d2d 0.168463 166215 14072 1070190
3h2h 0.168463 166215 14072 1070190
3h2d 0.130236 124514 14863 1070190
3d2h 0.130236 124514 14863 1070190
3h2c 0.130229 124514 14856 1070190
3d2c 0.130229 124514 14856 1070190
3c2h 0.130229 124514 14856 1070190
3c2d 0.130229 124514 14856 1070190
3d2s 0.129847 124131 14830 1070190
3s2d 0.129847 124131 14830 1070190
3s2h 0.129847 124131 14830 1070190
3h2s 0.129847 124131 14830 1070190
3c2s 0.12984 124131 14823 1070190
3s2c 0.12984 124131 14823 1070190
3s2s 0.129458 123748 14797 1070190
