JsJc 0.945071 1011405 0 1070190
JhJc 0.945071 1011405 0 1070190
JsJh 0.930653 995976 0 1070190
8s8d 0.925043 989907 64.5 1070190
8h8d 0.925043 989907 64.5 1070190
8s8h 0.924667 989505 64.5 1070190
4h4d 0.917669 981960 120 1070190
4s4d 0.917669 981960 120 1070190
4s4h 0.917299 981564 120 1070190
Jc8d 0.896935 957105 2786 1070190
Jc8s 0.896475 956613 2786 1070190
Jc8h 0.896475 956613 2786 1070190
AcJc 0.893595 953955 2361 1070190
KcJc 0.886102 945333 2964 1070190
QcJc 0.882923 940905 3990.5 1070190
Jc4d 0.882406 938760 5582 1070190
Jc4h 0.881952 938274 5582 1070190
Jc4s 0.881952 938274 5582 1070190
Jh8d 0.881137 940191 2793.5 1070190
Js8d 0.881137 940191 2793.5 1070190
Jh8h 0.880678 939699 2793.5 1070190
Jh8s 0.880678 939699 2793.5 1070190
Js8h 0.880678 939699 2793.5 1070190
Js8s 0.880678 939699 2793.5 1070190
JcTc 0.869772 925876 4945 1070190
Js4d 0.866729 922062 5502.5 1070190
Jh4d 0.866729 922062 5502.5 1070190
Jc9c 0.866276 921748 5332 1070190
Js4s 0.866275 921576 5502.5 1070190
Js4h 0.866275 921576 5502.5 1070190
Jh4h 0.866275 921576 5502.5 1070190
Jh4s 0.866275 921576 5502.5 1070190
Jc7c 0.859759 911773 8332 1070190
Jc6c 0.854758 906107 8646.5 1070190
AdAc 0.853955 913422 472.5 1070190
Jc5c 0.853174 903938 9120.5 1070190
AhAc 0.853142 912552 472.5 1070190
AsAc 0.853142 912552 472.5 1070190
Jc3c 0.847905 898224 9195 1070190
Jc2c 0.847854 898170 9195 1070190
8d4d 0.842287 895510 5897.5 1070190
8d4h 0.836517 889245 5987.5 1070190
8d4s 0.836517 889245 5987.5 1070190
8s4d 0.836512 889239 5987.5 1070190
8h4d 0.836512 889239 5987.5 1070190
8h4h 0.836163 888888 5965 1070190
8h4s 0.836163 888888 5965 1070190
8s4s 0.836163 888888 5965 1070190
8s4h 0.836163 888888 5965 1070190
KdKc 0.833604 891642 472.5 1070190
KhKc 0.832785 890766 472.5 1070190
KsKc 0.832785 890766 472.5 1070190
AcJh 0.828799 883653 3319.5 1070190
AcJs 0.828799 883653 3319.5 1070190
AsAd 0.827462 885069 472.5 1070190
AhAd 0.827462 885069 472.5 1070190
AsAh 0.826649 884199 472.5 1070190
AdJc 0.825235 879843 3315 1070190
AhJc 0.824338 878883 3315 1070190
AsJc 0.824338 878883 3315 1070190
QdQc 0.824019 880799 1057.5 1070190
QsQc 0.823233 879962 1053.5 1070190
QhQc 0.823233 879962 1053.5 1070190
KcJh 0.820964 874488 4099.5 1070190
KcJs 0.820964 874488 4099.5 1070190
QcJh 0.820559 872539 5615 1070190
QcJs 0.820559 872539 5615 1070190
QdJc 0.819836 871742 5638.5 1070190
QhJc 0.818969 870818 5634.5 1070190
QsJc 0.818969 870818 5634.5 1070190
KdJc 0.818557 871892 4119 1070190
KhJc 0.817654 870926 4119 1070190
KsJc 0.817654 870926 4119 1070190
KhKd 0.80785 864081 472.5 1070190
KsKd 0.80785 864081 472.5 1070190
KsKh 0.807032 863205 472.5 1070190
JcTd 0.805079 854525 7062 1070190
JcTs 0.804253 853649 7054 1070190
JcTh 0.804253 853649 7054 1070190
AdJs 0.802793 855948 3193.5 1070190
AdJh 0.802793 855948 3193.5 1070190
JhTc 0.80266 851961 7037.5 1070190
JsTc 0.80266 851961 7037.5 1070190
AsJh 0.801896 854988 3193.5 1070190
AhJs 0.801896 854988 3193.5 1070190
AhJh 0.801896 854988 3193.5 1070190
AsJs 0.801896 854988 3193.5 1070190
QsQd 0.799867 854960 1049.5 1070190
QhQd 0.799867 854960 1049.5 1070190
Jc9d 0.799494 848032 7578 1070190
QsQh 0.799081 854123 1045.5 1070190
Jc9h 0.798662 847150 7570 1070190
Jc9s 0.798662 847150 7570 1070190
QdJh 0.797917 848420 5502.5 1070190
QdJs 0.797917 848420 5502.5 1070190
QsJs 0.79705 847496 5498.5 1070190
QsJh 0.79705 847496 5498.5 1070190
QhJs 0.79705 847496 5498.5 1070190
QhJh 0.79705 847496 5498.5 1070190
KdJs 0.796273 848190 3973.5 1070190
KdJh 0.796273 848190 3973.5 1070190
Jh9c 0.796017 844351 7538.5 1070190
Js9c 0.796017 844351 7538.5 1070190
KsJs 0.79537 847224 3973.5 1070190
KsJh 0.79537 847224 3973.5 1070190
KhJs 0.79537 847224 3973.5 1070190
KhJh 0.79537 847224 3973.5 1070190
Jc7d 0.789205 832318 12281 1070190
Jc7s 0.788373 831436 12273 1070190
Jc7h 0.788373 831436 12273 1070190
Jh7c 0.785118 828220 12005.5 1070190
Js7c 0.785118 828220 12005.5 1070190
JhTd 0.782879 830891 6938.5 1070190
JsTd 0.782879 830891 6938.5 1070190
JsTs 0.782053 830015 6930.5 1070190
JhTs 0.782053 830015 6930.5 1070190
JsTh 0.782053 830015 6930.5 1070190
JhTh 0.782053 830015 6930.5 1070190
Jc6d 0.7802 822185 12777.5 1070190
Jc6h 0.779339 821267 12773.5 1070190
Jc6s 0.779339 821267 12773.5 1070190
Jc5d 0.777932 818994 13541.5 1070190
Js9d 0.777444 824573 7439.5 1070190
Jh9d 0.777444 824573 7439.5 1070190
Jc5h 0.777077 818082 13537.5 1070190
Jc5s 0.777077 818082 13537.5 1070190
Js9s 0.776612 823691 7431.5 1070190
Js9h 0.776612 823691 7431.5 1070190
Jh9s 0.776612 823691 7431.5 1070190
Jh9h 0.776612 823691 7431.5 1070190
Jh6c 0.775388 817394 12419 1070190
Js6c 0.775388 817394 12419 1070190
Jh5c 0.771882 812915 13145 1070190
Js5c 0.771882 812915 13145 1070190
Jc3d 0.769034 809469 13544 1070190
Jc2d 0.768973 809403 13544 1070190
Jc3h 0.768137 808509 13544 1070190
Jc3s 0.768137 808509 13544 1070190
Jc2s 0.768076 808443 13544 1070190
Jc2h 0.768076 808443 13544 1070190
Js7d 0.767372 809249 11984.5 1070190
Jh7d 0.767372 809249 11984.5 1070190
Js7s 0.76654 808367 11976.5 1070190
Jh7h 0.76654 808367 11976.5 1070190
Jh7s 0.76654 808367 11976.5 1070190
Js7h 0.76654 808367 11976.5 1070190
Jh3c 0.762048 802434 13102.5 1070190
Js3c 0.762048 802434 13102.5 1070190
Js2c 0.760736 801030 13102.5 1070190
Jh2c 0.760736 801030 13102.5 1070190
Jh6d 0.758319 799128 12417.5 1070190
Js6d 0.758319 799128 12417.5 1070190
Jh6s 0.757458 798210 12413.5 1070190
Jh6h 0.757458 798210 12413.5 1070190
Js6s 0.757458 798210 12413.5 1070190
Js6h 0.757458 798210 12413.5 1070190
Jh5d 0.756126 796035 13163 1070190
Js5d 0.756126 796035 13163 1070190
Js5h 0.75527 795123 13159 1070190
Js5s 0.75527 795123 13159 1070190
Jh5h 0.75527 795123 13159 1070190
Jh5s 0.75527 795123 13159 1070190
Js3d 0.747111 786435 13116 1070190
Jh3d 0.747111 786435 13116 1070190
Js2d 0.74705 786369 13116 1070190
Jh2d 0.74705 786369 13116 1070190
Js3h 0.746214 785475 13116 1070190
Js3s 0.746214 785475 13116 1070190
Jh3s 0.746214 785475 13116 1070190
Jh3h 0.746214 785475 13116 1070190
Jh2h 0.746153 785409 13116 1070190
Js2s 0.746153 785409 13116 1070190
Jh2s 0.746153 785409 13116 1070190
Js2h 0.746153 785409 13116 1070190
TdTc 0.738696 788903 1642.5 1070190
TsTc 0.737949 788111 1634.5 1070190
ThTc 0.737949 788111 1634.5 1070190
Ac8d 0.736645 784851 3499.5 1070190
Ac8s 0.735876 784050 3477 1070190
Ac8h 0.735876 784050 3477 1070190
Qc8d 0.730057 775525 5774.5 1070190
Qc8h 0.729354 774803 5744.5 1070190
Qc8s 0.729354 774803 5744.5 1070190
Kc8d 0.728619 775492 4268.5 1070190
Kc8s 0.727887 774735 4242 1070190
Kc8h 0.727887 774735 4242 1070190
Ad8d 0.722129 769371 3444.5 1070190
9d9c 0.721138 770112 1642.5 1070190
9s9c 0.720385 769314 1634.5 1070190
9h9c 0.720385 769314 1634.5 1070190
Tc8d 0.71988 759062 11346.5 1070190
Tc8s 0.719229 758422 11289.5 1070190
Tc8h 0.719229 758422 11289.5 1070190
Qd8d 0.718156 762899 5664 1070190
ThTd 0.716384 765041 1626.5 1070190
TsTd 0.716384 765041 1626.5 1070190
TsTh 0.715637 764249 1618.5 1070190
Kd8d 0.715414 761420 4208.5 1070190
9c8d 0.713658 751470 12279.5 1070190
9c8h 0.713035 750865 12217.5 1070190
9c8s 0.713035 750865 12217.5 1070190
AcKc 0.711845 757966 3843.5 1070190
Td8d 0.71102 749884 11042.5 1070190
AcQc 0.710656 756211 4326 1070190
Ad8h 0.706229 752220 3579.5 1070190
Ad8s 0.706229 752220 3579.5 1070190
As8d 0.706173 752160 3579.5 1070190
Ah8d 0.706173 752160 3579.5 1070190
9d8d 0.706007 743578 11983.5 1070190
As8s 0.705404 751359 3557 1070190
Ah8s 0.705404 751359 3557 1070190
Ah8h 0.705404 751359 3557 1070190
As8h 0.705404 751359 3557 1070190
Qd8h 0.702932 746364 5907 1070190
Qd8s 0.702932 746364 5907 1070190
Qh8d 0.702837 746258 5911 1070190
Qs8d 0.702837 746258 5911 1070190
Qs8h 0.702134 745536 5881 1070190
Qs8s 0.702134 745536 5881 1070190
Qh8s 0.702134 745536 5881 1070190
Qh8h 0.702134 745536 5881 1070190
9s9d 0.699576 747053 1626.5 1070190
9h9d 0.699576 747053 1626.5 1070190
Kd8h 0.699431 744153 4371.5 1070190
Kd8s 0.699431 744153 4371.5 1070190
Ks8d 0.699332 744043 4375.5 1070190
Kh8d 0.699332 744043 4375.5 1070190
AcTc 0.699272 741586 6767.5 1070190
9s9h 0.698823 746255 1618.5 1070190
Ks8h 0.6986 743286 4349 1070190
Kh8s 0.6986 743286 4349 1070190
Kh8h 0.6986 743286 4349 1070190
Ks8s 0.6986 743286 4349 1070190
Td8s 0.696176 733505 11536 1070190
Td8h 0.696176 733505 11536 1070190
Th8d 0.696068 733362 11563.5 1070190
Ts8d 0.696068 733362 11563.5 1070190
Th8h 0.695417 732722 11506.5 1070190
Th8s 0.695417 732722 11506.5 1070190
Ts8h 0.695417 732722 11506.5 1070190
Ts8s 0.695417 732722 11506.5 1070190
8d7c 0.694058 729297 13476.5 1070190
8s7c 0.69346 728727 13406.5 1070190
8h7c 0.69346 728727 13406.5 1070190
9d8s 0.691074 727069 12512 1070190
9d8h 0.691074 727069 12512 1070190
9h8d 0.690933 726885 12544.5 1070190
9s8d 0.690933 726885 12544.5 1070190
9h8s 0.69031 726280 12482.5 1070190
9s8h 0.69031 726280 12482.5 1070190
9s8s 0.69031 726280 12482.5 1070190
9h8h 0.69031 726280 12482.5 1070190
Tc9c 0.690221 730158 8509.5 1070190
Ac9c 0.688389 729404 7302.5 1070190
8d7d 0.687492 722562 13185.5 1070190
8d6c 0.682157 716100 13937.5 1070190
8s6c 0.681588 715570 13858.5 1070190
8h6c 0.681588 715570 13858.5 1070190
8d5c 0.678555 711495 14687.5 1070190
8s5c 0.678003 710988 14603.5 1070190
8h5c 0.678003 710988 14603.5 1070190
QcTc 0.677092 718075 6542.5 1070190
8d6d 0.676913 710735 13691 1070190
8d5d 0.674638 707547 14444 1070190
Ac7c 0.671985 707873 11278.5 1070190
8s7d 0.671633 705005 13770 1070190
8h7d 0.671633 705005 13770 1070190
8d7h 0.671467 704787 13810.5 1070190
8d7s 0.671467 704787 13810.5 1070190
8h7h 0.670869 704217 13740.5 1070190
8s7s 0.670869 704217 13740.5 1070190
8s7h 0.670869 704217 13740.5 1070190
8h7s 0.670869 704217 13740.5 1070190
KcQc 0.669339 712602 3718 1070190
8d3c 0.667773 699915 14728.5 1070190
8h3c 0.66725 699447 14637.5 1070190
8s3c 0.66725 699447 14637.5 1070190
Qc9c 0.667239 707530 6542.5 1070190
8d2c 0.666461 698511 14728.5 1070190
8s2c 0.665938 698043 14637.5 1070190
8h2c 0.665938 698043 14637.5 1070190
8d3d 0.665312 697468 14542.5 1070190
8d2d 0.665245 697396 14542.5 1070190
Ac5c 0.665133 699165 12654 1070190
Ac6c 0.662689 697228 11975 1070190
8s6d 0.660244 692304 14283 1070190
8h6d 0.660244 692304 14283 1070190
8d6h 0.660022 692013 14336 1070190
8d6s 0.660022 692013 14336 1070190
8s6s 0.659453 691483 14257 1070190
8s6h 0.659453 691483 14257 1070190
8h6h 0.659453 691483 14257 1070190
8h6s 0.659453 691483 14257 1070190
KcTc 0.658456 698513 6159.5 1070190
8h5d 0.657902 689009 15071 1070190
8s5d 0.657902 689009 15071 1070190
8d5h 0.657668 688701 15129 1070190
8d5s 0.657668 688701 15129 1070190
8h5h 0.657116 688194 15045 1070190
8s5h 0.657116 688194 15045 1070190
8s5s 0.657116 688194 15045 1070190
8h5s 0.657116 688194 15045 1070190
Ac3c 0.648685 681545 12671.5 1070190
8s3d 0.647813 678144 15139 1070190
8h3d 0.647813 678144 15139 1070190
8s2d 0.647746 678072 15139 1070190
8h2d 0.647746 678072 15139 1070190
Kc9c 0.647572 686331 6694.5 1070190
8d3h 0.647524 677769 15204.5 1070190
8d3s 0.647524 677769 15204.5 1070190
8d2s 0.647457 677697 15204.5 1070190
8d2h 0.647457 677697 15204.5 1070190
Ac2c 0.647415 680186 12671.5 1070190
8h3s 0.647001 677301 15113.5 1070190
8s3h 0.647001 677301 15113.5 1070190
8h3h 0.647001 677301 15113.5 1070190
8s3s 0.647001 677301 15113.5 1070190
8s2h 0.646934 677229 15113.5 1070190
8s2s 0.646934 677229 15113.5 1070190
8h2s 0.646934 677229 15113.5 1070190
8h2h 0.646934 677229 15113.5 1070190
Kc7c 0.630523 663626 11153 1070190
7d7c 0.625675 667778 1813.5 1070190
Ac4d 0.625627 665316 4224 1070190
7s7c 0.624963 667024 1805.5 1070190
7h7c 0.624963 667024 1805.5 1070190
Ac4h 0.624858 664515 4201.5 1070190
Ac4s 0.624858 664515 4201.5 1070190
Kc6c 0.620993 652731 11849.5 1070190
Tc7c 0.618866 650633 11671.5 1070190
Qc4d 0.617818 654858 6325 1070190
Kc5c 0.617468 648280 12528.5 1070190
Qc4s 0.617117 654137 6295 1070190
Qc4h 0.617117 654137 6295 1070190
Kc4d 0.616527 654895 4906 1070190
Kc4h 0.615795 654138 4879.5 1070190
Kc4s 0.615795 654138 4879.5 1070190
Ad4d 0.611827 650616 4155.5 1070190
Tc4d 0.608998 640096 11648 1070190
Tc4h 0.608349 639458 11591 1070190
Tc4s 0.608349 639458 11591 1070190
Qd4d 0.606622 643003 6198 1070190
Kd4d 0.604042 641609 4831 1070190
9c4d 0.602098 631865 12494 1070190
7s7d 0.601619 642055 1791.5 1070190
7h7d 0.601619 642055 1791.5 1070190
9c4h 0.601476 631262 12432 1070190
9c4s 0.601476 631262 12432 1070190
7s7h 0.600907 641301 1783.5 1070190
Td4d 0.6008 631644 11326 1070190
Kc3c 0.600615 630226 12546 1070190
Kc2c 0.599345 628867 12546 1070190
6d6c 0.597646 638402 1192.5 1070190
6h6c 0.596908 637616 1188.5 1070190
6s6c 0.596908 637616 1188.5 1070190
Qc7c 0.595524 626403 10920.5 1070190
9d4d 0.595113 624706 12178.5 1070190
9c7c 0.593207 623977 10867 1070190
Qc6c 0.591547 621129 11939 1070190
Ad4h 0.590265 627405 4290.5 1070190
Ad4s 0.590265 627405 4290.5 1070190
Ah4d 0.590242 627381 4290.5 1070190
As4d 0.590242 627381 4290.5 1070190
7c4d 0.589676 613089 17976.5 1070190
As4s 0.589473 626580 4268 1070190
As4h 0.589473 626580 4268 1070190
Ah4s 0.589473 626580 4268 1070190
Ah4h 0.589473 626580 4268 1070190
7c4h 0.589115 612589 17876.5 1070190
7c4s 0.589115 612589 17876.5 1070190
Qc5c 0.588023 616678 12618 1070190
Qd4s 0.585793 620469 6441 1070190
Qd4h 0.585793 620469 6441 1070190
Qs4d 0.585731 620398 6445 1070190
Qh4d 0.585731 620398 6445 1070190
Qh4h 0.585029 619677 6415 1070190
Qs4h 0.585029 619677 6415 1070190
Qs4s 0.585029 619677 6415 1070190
Qh4s 0.585029 619677 6415 1070190
7d4d 0.583518 606833 17642.5 1070190
Kd4s 0.582398 618282 4994 1070190
Kd4h 0.582398 618282 4994 1070190
Kh4d 0.582332 618208 4998 1070190
Ks4d 0.582332 618208 4998 1070190
Ks4s 0.5816 617451 4971.5 1070190
Kh4h 0.5816 617451 4971.5 1070190
Kh4s 0.5816 617451 4971.5 1070190
Ks4h 0.5816 617451 4971.5 1070190
Td4s 0.580497 609423 11819.5 1070190
Td4h 0.580497 609423 11819.5 1070190
Th4d 0.580421 609314 11847 1070190
Ts4d 0.580421 609314 11847 1070190
5d5c 0.579952 619502 1156.5 1070190
Th4h 0.579772 608676 11790 1070190
Ts4s 0.579772 608676 11790 1070190
Ts4h 0.579772 608676 11790 1070190
Th4s 0.579772 608676 11790 1070190
6c4d 0.579655 602827 17513.5 1070190
5s5c 0.579219 618722 1152.5 1070190
5h5c 0.579219 618722 1152.5 1070190
6c4s 0.579103 602340 17410 1070190
6c4h 0.579103 602340 17410 1070190
5c4d 0.577813 600790 17579.5 1070190
5c4h 0.577263 600306 17475 1070190
5c4s 0.577263 600306 17475 1070190
6d4d 0.574758 597880 17220.5 1070190
9d4s 0.574721 602354 12707 1070190
9d4h 0.574721 602354 12707 1070190
9h4d 0.574612 602204 12739.5 1070190
9s4d 0.574612 602204 12739.5 1070190
5d4d 0.574187 597203 17286 1070190
9s4s 0.57399 601601 12677.5 1070190
9s4h 0.57399 601601 12677.5 1070190
9h4s 0.57399 601601 12677.5 1070190
9h4h 0.57399 601601 12677.5 1070190
6h6d 0.573593 612674 1180 1070190
6s6d 0.573593 612674 1180 1070190
6s6h 0.572855 611888 1176 1070190
Qc3c 0.570898 598334 12635.5 1070190
Qc2c 0.569628 596975 12635.5 1070190
7c6c 0.569145 594621 14472.5 1070190
7c5c 0.566599 591896 14472.5 1070190
7d4h 0.562946 584022 18437 1070190
7d4s 0.562946 584022 18437 1070190
7h4d 0.562784 583778 18507.5 1070190
7s4d 0.562784 583778 18507.5 1070190
7h4s 0.562223 583278 18407.5 1070190
7h4h 0.562223 583278 18407.5 1070190
7s4h 0.562223 583278 18407.5 1070190
7s4s 0.562223 583278 18407.5 1070190
5s5d 0.556691 594620 1145.5 1070190
5h5d 0.556691 594620 1145.5 1070190
5s5h 0.555959 593840 1141.5 1070190
Tc6c 0.554392 580372 12933 1070190
6d4h 0.553548 574417 17984 1070190
6d4s 0.553548 574417 17984 1070190
6c5c 0.553391 579358 12875 1070190
6s4d 0.553349 574127 18061.5 1070190
6h4d 0.553349 574127 18061.5 1070190
5d4h 0.553066 573829 18056.5 1070190
5d4s 0.553066 573829 18056.5 1070190
4d3c 0.552949 575070 16690.5 1070190
5s4d 0.552871 573542 18135 1070190
5h4d 0.552871 573542 18135 1070190
6h4h 0.552797 573640 17958 1070190
6h4s 0.552797 573640 17958 1070190
6s4h 0.552797 573640 17958 1070190
6s4s 0.552797 573640 17958 1070190
4s3c 0.552411 574602 16583 1070190
4h3c 0.552411 574602 16583 1070190
5s4h 0.552321 573058 18030.5 1070190
5s4s 0.552321 573058 18030.5 1070190
5h4s 0.552321 573058 18030.5 1070190
5h4h 0.552321 573058 18030.5 1070190
4d2c 0.551637 573666 16690.5 1070190
4s2c 0.551099 573198 16583 1070190
4h2c 0.551099 573198 16583 1070190
4d3d 0.551025 573252 16449 1070190
4d2d 0.550957 573180 16449 1070190
Tc5c 0.550714 575757 13612 1070190
AcQd 0.549751 581950 6387.5 1070190
AcKd 0.549227 582179 5598.5 1070190
AcQs 0.548973 581144 6361.5 1070190
AcQh 0.548973 581144 6361.5 1070190
AcKs 0.548417 581334 5576 1070190
AcKh 0.548417 581334 5576 1070190
AdKc 0.547802 580674 5578.5 1070190
AsKc 0.547001 579843 5552 1070190
AhKc 0.547001 579843 5552 1070190
AdQc 0.546507 578481 6385 1070190
Tc9d 0.545869 573115 11069 1070190
AhQc 0.545734 577681 6358.5 1070190
AsQc 0.545734 577681 6358.5 1070190
Tc9h 0.545145 572381 11028 1070190
Tc9s 0.545145 572381 11028 1070190
Td9c 0.544567 571756 11034 1070190
Ts9c 0.543857 571047 10983 1070190
Th9c 0.543857 571047 10983 1070190
Td9d 0.541057 568590 10444 1070190
AdQd 0.538444 570226 6011.5 1070190
AcTd 0.538421 566645 9567.5 1070190
AdKd 0.538054 570573 5247 1070190
AcTs 0.537682 565884 9538 1070190
AcTh 0.537682 565884 9538 1070190
Tc3c 0.533589 557453 13589 1070190
Tc2c 0.532319 556094 13589 1070190
AdTc 0.531201 558928 9558.5 1070190
AsTc 0.530469 558183 9520 1070190
AhTc 0.530469 558183 9520 1070190
9c6c 0.52847 553435 12128.5 1070190
4h3d 0.528221 548136 17161 1070190
4s3d 0.528221 548136 17161 1070190
4h2d 0.528154 548064 17161 1070190
4s2d 0.528154 548064 17161 1070190
4d3s 0.527981 547797 17243 1070190
4d3h 0.527981 547797 17243 1070190
4d2s 0.527914 547725 17243 1070190
4d2h 0.527914 547725 17243 1070190
4s3h 0.527443 547329 17135.5 1070190
4h3h 0.527443 547329 17135.5 1070190
4s3s 0.527443 547329 17135.5 1070190
4h3s 0.527443 547329 17135.5 1070190
4s2s 0.527376 547257 17135.5 1070190
4h2s 0.527376 547257 17135.5 1070190
4h2h 0.527376 547257 17135.5 1070190
4s2h 0.527376 547257 17135.5 1070190
AdTd 0.526867 554849 8999 1070190
9c5c 0.524792 548820 12807.5 1070190
Ac9d 0.521196 547496 10282.5 1070190
Ac9h 0.520455 546733 10253 1070190
Ac9s 0.520455 546733 10253 1070190
Ts9d 0.51958 545154 10895 1070190
Th9d 0.51958 545154 10895 1070190
Td9h 0.519566 545129 10905 1070190
Td9s 0.519566 545129 10905 1070190
Th9s 0.518856 544420 10854 1070190
Ts9h 0.518856 544420 10854 1070190
Ts9s 0.518856 544420 10854 1070190
Th9h 0.518856 544420 10854 1070190
QcTd 0.514667 541859 8932.5 1070190
QcTs 0.51394 541111 8902 1070190
QcTh 0.51394 541111 8902 1070190
AsQd 0.513802 543554 6312 1070190
AhQd 0.513802 543554 6312 1070190
AdQs 0.513797 543548 6312.5 1070190
AdQh 0.513797 543548 6312.5 1070190
AhQh 0.513025 542748 6286 1070190
AsQh 0.513025 542748 6286 1070190
AsQs 0.513025 542748 6286 1070190
AhQs 0.513025 542748 6286 1070190
AsKd 0.512934 543443 5493.5 1070190
AhKd 0.512934 543443 5493.5 1070190
AdKh 0.512924 543429 5497.5 1070190
AdKs 0.512924 543429 5497.5 1070190
Ad9c 0.512794 538524 10263.5 1070190
AhKs 0.512123 542598 5471 1070190
AsKh 0.512123 542598 5471 1070190
AsKs 0.512123 542598 5471 1070190
AhKh 0.512123 542598 5471 1070190
As9c 0.512097 537821 10220 1070190
Ah9c 0.512097 537821 10220 1070190
QdTc 0.510842 537805 8893.5 1070190
Ad9d 0.510219 536387 9644 1070190
QhTc 0.510107 537063 8848 1070190
QsTc 0.510107 537063 8848 1070190
9c3c 0.507116 529443 13267 1070190
QdTd 0.50711 534298 8406 1070190
9c2c 0.505846 528084 13267 1070190
AsTd 0.502546 528334 9485.5 1070190
AhTd 0.502546 528334 9485.5 1070190
AdTh 0.502539 528318 9494.5 1070190
AdTs 0.502539 528318 9494.5 1070190
AsTh 0.501807 527573 9456 1070190
AsTs 0.501807 527573 9456 1070190
AhTh 0.501807 527573 9456 1070190
AhTs 0.501807 527573 9456 1070190
Qc9d 0.498739 524813 8932.5 1070190
Qc9s 0.498009 524062 8902 1070190
Qc9h 0.498009 524062 8902 1070190
Ac7d 0.497996 516322 16628.5 1070190
Ac7s 0.49732 515628 16599 1070190
Ac7h 0.49732 515628 16599 1070190
Qd9c 0.493805 519572 8893.5 1070190
Qh9c 0.4931 518863 8848 1070190
Qs9c 0.4931 518863 8848 1070190
Qd9d 0.49174 517849 8406 1070190
KcQd 0.490579 519576 5437 1070190
KcQs 0.48983 518797 5414.5 1070190
KcQh 0.48983 518797 5414.5 1070190
KdQc 0.488675 517556 5419.5 1070190
Ad7c 0.488189 506108 16347.5 1070190
KhQc 0.487898 516750 5393.5 1070190
KsQc 0.487898 516750 5393.5 1070190
As7c 0.487541 505477 16284 1070190
Ah7c 0.487541 505477 16284 1070190
Ac5d 0.487162 502530 18825.5 1070190
Ad7d 0.486971 505490 15662 1070190
Ac5h 0.486463 501808 18799.5 1070190
Ac5s 0.486463 501808 18799.5 1070190
As9d 0.484965 508819 10185.5 1070190
Ah9d 0.484965 508819 10185.5 1070190
Ad9s 0.484922 508759 10199.5 1070190
Ad9h 0.484922 508759 10199.5 1070190
Ah9h 0.484224 508056 10156 1070190
Ah9s 0.484224 508056 10156 1070190
As9s 0.484224 508056 10156 1070190
As9h 0.484224 508056 10156 1070190
QdTs 0.482658 507747 8788.5 1070190
QdTh 0.482658 507747 8788.5 1070190
QhTd 0.482649 507753 8773.5 1070190
QsTd 0.482649 507753 8773.5 1070190
Ac6d 0.482382 498502 17738.5 1070190
KdQd 0.482186 510937 5094 1070190
QsTh 0.481922 507005 8743 1070190
QsTs 0.481922 507005 8743 1070190
QhTs 0.481922 507005 8743 1070190
QhTh 0.481922 507005 8743 1070190
Ac6h 0.48168 497777 17712.5 1070190
Ac6s 0.48168 497777 17712.5 1070190
KcTd 0.480065 505144 8617 1070190
KcTh 0.479354 504409 8591 1070190
KcTs 0.479354 504409 8591 1070190
7c3c 0.477456 496286 14682.5 1070190
Ad5d 0.476599 492337 17714.5 1070190
7c2c 0.476186 494927 14682.5 1070190
Ad5c 0.475001 489914 18427 1070190
As5c 0.474387 489335 18349.5 1070190
Ah5c 0.474387 489335 18349.5 1070190
KdTc 0.474191 498881 8593 1070190
KhTc 0.473453 498130 8555 1070190
KsTc 0.473453 498130 8555 1070190
Ad6d 0.471948 488386 16688.5 1070190
Ad6c 0.47162 487346 17377 1070190
KdTd 0.471402 496408 8081.5 1070190
Ah6c 0.470998 486753 17304.5 1070190
As6c 0.470998 486753 17304.5 1070190
3d3c 0.470031 500496 2526 1070190
3h3c 0.469307 499725 2523 1070190
3s3c 0.469307 499725 2523 1070190
6c3c 0.466764 486119 13407 1070190
Qs9d 0.466399 490362 8773.5 1070190
Qh9d 0.466399 490362 8773.5 1070190
Qd9h 0.466374 490320 8788.5 1070190
Qd9s 0.466374 490320 8788.5 1070190
Qh9s 0.465669 489611 8743 1070190
Qh9h 0.465669 489611 8743 1070190
Qs9h 0.465669 489611 8743 1070190
Qs9s 0.465669 489611 8743 1070190
6c2c 0.465494 484760 13407 1070190
5c3c 0.464069 484349 12292.5 1070190
Ac3d 0.463194 476857 18848.5 1070190
Kc9d 0.46284 485995 9332 1070190
5c2c 0.462799 482990 12292.5 1070190
Ac3s 0.462526 476165 18826 1070190
Ac3h 0.462526 476165 18826 1070190
Kc9h 0.462127 485258 9306 1070190
Kc9s 0.462127 485258 9306 1070190
Ac2d 0.46168 475237 18848.5 1070190
Ah7d 0.461227 477177 16423.5 1070190
As7d 0.461227 477177 16423.5 1070190
Ad7h 0.4612 477114 16457.5 1070190
Ad7s 0.4612 477114 16457.5 1070190
Ac2s 0.461013 474545 18826 1070190
Ac2h 0.461013 474545 18826 1070190
As7s 0.460551 476483 16394 1070190
Ah7s 0.460551 476483 16394 1070190
Ah7h 0.460551 476483 16394 1070190
As7h 0.460551 476483 16394 1070190
Kd9c 0.455784 478477 9298 1070190
Kh9c 0.455081 477768 9255 1070190
Ks9c 0.455081 477768 9255 1070190
KdQs 0.454844 481431 5338.5 1070190
KdQh 0.454844 481431 5338.5 1070190
KhQd 0.454816 481404 5335 1070190
KsQd 0.454816 481404 5335 1070190
Kd9d 0.454753 477946 8726.5 1070190
KsQh 0.454067 480625 5312.5 1070190
KsQs 0.454067 480625 5312.5 1070190
KhQh 0.454067 480625 5312.5 1070190
KhQs 0.454067 480625 5312.5 1070190
Ad3d 0.452571 466622 17715 1070190
2d2c 0.451271 480420 2526 1070190
Ad2d 0.450973 464912 17715 1070190
2h2c 0.450548 479649 2523 1070190
2s2c 0.450548 479649 2523 1070190
As5d 0.450319 463351 18576 1070190
Ah5d 0.450319 463351 18576 1070190
Ad5h 0.450234 463208 18627.5 1070190
Ad5s 0.450234 463208 18627.5 1070190
As5h 0.44962 462629 18550 1070190
Ah5h 0.44962 462629 18550 1070190
Ah5s 0.44962 462629 18550 1070190
As5s 0.44962 462629 18550 1070190
Ad3c 0.449164 462284 18406.5 1070190
Ah3c 0.448574 461734 18325 1070190
As3c 0.448574 461734 18325 1070190
Ad2c 0.446254 459170 18406.5 1070190
As2c 0.445664 458620 18325 1070190
Ah2c 0.445664 458620 18325 1070190
Ah6d 0.44522 458975 17495 1070190
As6d 0.44522 458975 17495 1070190
Ad6s 0.44514 458843 17541.5 1070190
Ad6h 0.44514 458843 17541.5 1070190
As6s 0.444518 458250 17469 1070190
As6h 0.444518 458250 17469 1070190
Ah6h 0.444518 458250 17469 1070190
Ah6s 0.444518 458250 17469 1070190
KdTs 0.444432 467106 8520.5 1070190
KdTh 0.444432 467106 8520.5 1070190
KsTd 0.444406 467090 8508.5 1070190
KhTd 0.444406 467090 8508.5 1070190
3s3d 0.443945 472587 2518.5 1070190
3h3d 0.443945 472587 2518.5 1070190
KhTs 0.443695 466355 8482.5 1070190
KhTh 0.443695 466355 8482.5 1070190
KsTh 0.443695 466355 8482.5 1070190
KsTs 0.443695 466355 8482.5 1070190
3s3h 0.443222 471816 2515.5 1070190
3c2c 0.440852 461881 9914 1070190
Kc7d 0.438523 452836 16467 1070190
Kc7h 0.437879 452176 16437.5 1070190
Kc7s 0.437879 452176 16437.5 1070190
Tc7d 0.436848 451082 16428.5 1070190
Tc7h 0.436216 450442 16392 1070190
Tc7s 0.436216 450442 16392 1070190
Td7c 0.434264 448558 16187.5 1070190
Td7d 0.433936 448905 15489 1070190
Ts7c 0.433631 447943 16125 1070190
Th7c 0.433631 447943 16125 1070190
Kd7d 0.430422 445124 15509 1070190
Kd7c 0.43004 444036 16188.5 1070190
Kh7c 0.429386 443399 16125.5 1070190
Ks7c 0.429386 443399 16125.5 1070190
Ks9d 0.426825 447575 9208.5 1070190
Kh9d 0.426825 447575 9208.5 1070190
Kd9s 0.426814 447547 9225.5 1070190
Kd9h 0.426814 447547 9225.5 1070190
Kh9h 0.426112 446838 9182.5 1070190
Kh9s 0.426112 446838 9182.5 1070190
Ks9h 0.426112 446838 9182.5 1070190
Ks9s 0.426112 446838 9182.5 1070190
2s2d 0.425791 453159 2518.5 1070190
2h2d 0.425791 453159 2518.5 1070190
As3d 0.425286 436570 18566.5 1070190
Ah3d 0.425286 436570 18566.5 1070190
Ad3s 0.425208 436428 18625.5 1070190
Ad3h 0.425208 436428 18625.5 1070190
2s2h 0.425068 452388 2515.5 1070190
As3h 0.424618 435878 18544 1070190
Ah3s 0.424618 435878 18544 1070190
Ah3h 0.424618 435878 18544 1070190
As3s 0.424618 435878 18544 1070190
As2d 0.423688 434860 18566.5 1070190
Ah2d 0.423688 434860 18566.5 1070190
Ad2h 0.42361 434718 18625.5 1070190
Ad2s 0.42361 434718 18625.5 1070190
As2s 0.42302 434168 18544 1070190
Ah2s 0.42302 434168 18544 1070190
As2h 0.42302 434168 18544 1070190
Ah2h 0.42302 434168 18544 1070190
Kc6d 0.422529 434609 17577 1070190
Kc6s 0.42186 433919 17551 1070190
Kc6h 0.42186 433919 17551 1070190
Kc5d 0.417497 428137 18664 1070190
Kc5h 0.416833 427452 18638 1070190
Kc5s 0.416833 427452 18638 1070190
Kd6d 0.41503 427625 16535.5 1070190
Kd6c 0.413086 424862 17218 1070190
Ks6c 0.412459 424263 17146 1070190
Kh6c 0.412459 424263 17146 1070190
Kd5d 0.410096 421319 17561.5 1070190
Td7s 0.407382 419730 16246.5 1070190
Td7h 0.407382 419730 16246.5 1070190
Th7d 0.407381 419755 16220.5 1070190
Ts7d 0.407381 419755 16220.5 1070190
Ts7s 0.406749 419115 16184 1070190
Ts7h 0.406749 419115 16184 1070190
Th7s 0.406749 419115 16184 1070190
Th7h 0.406749 419115 16184 1070190
Kd5c 0.406688 416965 18268 1070190
Ks5c 0.406077 416389 18191 1070190
Kh5c 0.406077 416389 18191 1070190
Kd7h 0.401938 413851 16298.5 1070190
Kd7s 0.401938 413851 16298.5 1070190
Ks7d 0.401928 413874 16265 1070190
Kh7d 0.401928 413874 16265 1070190
Kh7s 0.401283 413214 16235.5 1070190
Ks7h 0.401283 413214 16235.5 1070190
Ks7s 0.401283 413214 16235.5 1070190
Kh7h 0.401283 413214 16235.5 1070190
9c7d 0.399321 412140 15209.5 1070190
9c7s 0.398717 411526 15176.5 1070190
9c7h 0.398717 411526 15176.5 1070190
9d7d 0.39862 412274 14325.5 1070190
9d7c 0.397875 410844 14958 1070190
9s7c 0.397241 410226 14897.5 1070190
9h7c 0.397241 410226 14897.5 1070190
Kc3d 0.392931 401824 18687 1070190
Kc3s 0.392299 401170 18664.5 1070190
Kc3h 0.392299 401170 18664.5 1070190
Kc2d 0.391417 400204 18687 1070190
Kc2h 0.390785 399550 18664.5 1070190
Kc2s 0.390785 399550 18664.5 1070190
Qc7d 0.389756 400933 16180 1070190
Qc7s 0.389139 400299 16154 1070190
Qc7h 0.389139 400299 16154 1070190
Kh6d 0.385526 395250 17336.5 1070190
Ks6d 0.385526 395250 17336.5 1070190
Kd3d 0.385487 394982 17562 1070190
Kd6h 0.385484 395159 17382.5 1070190
Kd6s 0.385484 395159 17382.5 1070190
Kh6h 0.384857 394560 17310.5 1070190
Kh6s 0.384857 394560 17310.5 1070190
Ks6s 0.384857 394560 17310.5 1070190
Ks6h 0.384857 394560 17310.5 1070190
Qd7d 0.384367 396119 15227 1070190
Kd2d 0.383889 393272 17562 1070190
Qd7c 0.383029 394043 15871 1070190
Qc6d 0.382853 391915 17810.5 1070190
Qh7c 0.382399 393434 15806 1070190
Qs7c 0.382399 393434 15806 1070190
Qc6s 0.382211 391254 17784.5 1070190
Qc6h 0.382211 391254 17784.5 1070190
Kh5d 0.380427 388712 18417.5 1070190
Ks5d 0.380427 388712 18417.5 1070190
Kd5h 0.380373 388603 18468.5 1070190
Kd5s 0.380373 388603 18468.5 1070190
Kd3c 0.380248 388690 18247.5 1070190
Ks5h 0.379763 388027 18391.5 1070190
Kh5s 0.379763 388027 18391.5 1070190
Ks5s 0.379763 388027 18391.5 1070190
Kh5h 0.379763 388027 18391.5 1070190
Kh3c 0.379661 388143 18166.5 1070190
Ks3c 0.379661 388143 18166.5 1070190
Qd6d 0.377886 387644 16766 1070190
Qc5d 0.377821 385443 18897.5 1070190
Kd2c 0.377338 385576 18247.5 1070190
Qc5h 0.377184 384787 18871.5 1070190
Qc5s 0.377184 384787 18871.5 1070190
Ks2c 0.376751 385029 18166.5 1070190
Kh2c 0.376751 385029 18166.5 1070190
Qd6c 0.375152 384038 17446 1070190
Qh6c 0.374546 383462 17373.5 1070190
Qs6c 0.374546 383462 17373.5 1070190
Qd5d 0.372952 381338 17792 1070190
9d7s 0.370381 381370 15008.5 1070190
9d7h 0.370381 381370 15008.5 1070190
9s7d 0.370352 381366 14981 1070190
9h7d 0.370352 381366 14981 1070190
9h7s 0.369747 380752 14948 1070190
9h7h 0.369747 380752 14948 1070190
9s7h 0.369747 380752 14948 1070190
9s7s 0.369747 380752 14948 1070190
Qd5c 0.368754 376141 18496 1070190
Qs5c 0.368165 375588 18418.5 1070190
Qh5c 0.368165 375588 18418.5 1070190
7d6d 0.363739 370209 19061 1070190
7c6d 0.362686 367993 20150 1070190
7c6s 0.362089 367395 20109.5 1070190
7c6h 0.362089 367395 20109.5 1070190
7d6c 0.361764 367184 19972.5 1070190
7h6c 0.361209 366657 19905.5 1070190
7s6c 0.361209 366657 19905.5 1070190
7d5d 0.360357 366589 19061 1070190
7c5d 0.359206 364269 20150 1070190
7c5h 0.358614 363676 20109.5 1070190
7c5s 0.358614 363676 20109.5 1070190
7d5c 0.356971 362054 19972.5 1070190
7h5c 0.356428 361540 19905.5 1070190
7s5c 0.356428 361540 19905.5 1070190
Kh3d 0.354773 361267 18408 1070190
Ks3d 0.354773 361267 18408 1070190
Kd3s 0.354728 361160 18466.5 1070190
Kd3h 0.354728 361160 18466.5 1070190
Ks3h 0.354141 360613 18385.5 1070190
Ks3s 0.354141 360613 18385.5 1070190
Kh3s 0.354141 360613 18385.5 1070190
Kh3h 0.354141 360613 18385.5 1070190
Qd7s 0.354021 362868 16002 1070190
Qd7h 0.354021 362868 16002 1070190
Qh7d 0.354008 362893 15963 1070190
Qs7d 0.354008 362893 15963 1070190
Qh7s 0.353391 362259 15937 1070190
Qh7h 0.353391 362259 15937 1070190
Qs7h 0.353391 362259 15937 1070190
Qs7s 0.353391 362259 15937 1070190
Ks2d 0.353176 359557 18408 1070190
Kh2d 0.353176 359557 18408 1070190
Kd2s 0.35313 359450 18466.5 1070190
Kd2h 0.35313 359450 18466.5 1070190
Qc3d 0.352875 358723 18920.5 1070190
Kh2s 0.352543 358903 18385.5 1070190
Kh2h 0.352543 358903 18385.5 1070190
Ks2s 0.352543 358903 18385.5 1070190
Ks2h 0.352543 358903 18385.5 1070190
Qc3s 0.352271 358099 18898 1070190
Qc3h 0.352271 358099 18898 1070190
Qc2d 0.351361 357103 18920.5 1070190
Qc2s 0.350757 356479 18898 1070190
Qc2h 0.350757 356479 18898 1070190
Qd3d 0.347974 354606 17792.5 1070190
Qs6d 0.347086 353863 17584.5 1070190
Qh6d 0.347086 353863 17584.5 1070190
Qd6h 0.34705 353778 17631 1070190
Qd6s 0.34705 353778 17631 1070190
Qh6s 0.346444 353202 17558.5 1070190
Qh6h 0.346444 353202 17558.5 1070190
Qs6h 0.346444 353202 17558.5 1070190
Qs6s 0.346444 353202 17558.5 1070190
Qd2d 0.346376 352896 17792.5 1070190
Qh5d 0.341986 347325 18665.5 1070190
Qs5d 0.341986 347325 18665.5 1070190
Qd5s 0.341938 347222 18717 1070190
Qd5h 0.341938 347222 18717 1070190
Qd3c 0.341929 347454 18475.5 1070190
Qs3c 0.341364 346930 18394 1070190
Qh3c 0.341364 346930 18394 1070190
Qs5h 0.341349 346669 18639.5 1070190
Qs5s 0.341349 346669 18639.5 1070190
Qh5h 0.341349 346669 18639.5 1070190
Qh5s 0.341349 346669 18639.5 1070190
6d5d 0.341338 348701 16595.5 1070190
Qd2c 0.33902 344340 18475.5 1070190
6c5d 0.338524 344740 17544.5 1070190
Qs2c 0.338454 343816 18394 1070190
Qh2c 0.338454 343816 18394 1070190
6c5h 0.337958 344175 17504 1070190
6c5s 0.337958 344175 17504 1070190
6d5c 0.337252 343489 17434.5 1070190
6h5c 0.336696 342951 17378 1070190
6s5c 0.336696 342951 17378 1070190
Tc6d 0.336067 340909 18747 1070190
Td6d 0.335501 341419 17630.5 1070190
Tc6h 0.335455 340282 18718.5 1070190
Tc6s 0.335455 340282 18718.5 1070190
7s6d 0.334592 338087 19990.5 1070190
7h6d 0.334592 338087 19990.5 1070190
7d6h 0.334551 338016 20017 1070190
7d6s 0.334551 338016 20017 1070190
7h6h 0.333996 337489 19950 1070190
7h6s 0.333996 337489 19950 1070190
7s6h 0.333996 337489 19950 1070190
7s6s 0.333996 337489 19950 1070190
Td6c 0.332298 337229 18392.5 1070190
Th6c 0.331719 336680 18322.5 1070190
Ts6c 0.331719 336680 18322.5 1070190
7h5d 0.331082 334330 19990.5 1070190
7s5d 0.331082 334330 19990.5 1070190
Tc5d 0.331036 334437 19834 1070190
7d5h 0.331033 334251 20017 1070190
7d5s 0.331033 334251 20017 1070190
Td5d 0.330567 335113 18656.5 1070190
7s5s 0.33049 333737 19950 1070190
7s5h 0.33049 333737 19950 1070190
7h5h 0.33049 333737 19950 1070190
7h5s 0.33049 333737 19950 1070190
Tc5h 0.330428 333815 19805.5 1070190
Tc5s 0.330428 333815 19805.5 1070190
Td5c 0.3259 329332 19442.5 1070190
Th5c 0.325338 328806 19367.5 1070190
Ts5c 0.325338 328806 19367.5 1070190
Qs3d 0.315938 319458 18656 1070190
Qh3d 0.315938 319458 18656 1070190
Qd3h 0.3159 319358 18715 1070190
Qd3s 0.3159 319358 18715 1070190
Qh3s 0.315334 318834 18633.5 1070190
Qs3s 0.315334 318834 18633.5 1070190
Qh3h 0.315334 318834 18633.5 1070190
Qs3h 0.315334 318834 18633.5 1070190
Qs2d 0.31434 317748 18656 1070190
Qh2d 0.31434 317748 18656 1070190
Qd2h 0.314302 317648 18715 1070190
Qd2s 0.314302 317648 18715 1070190
Qh2s 0.313736 317124 18633.5 1070190
Qh2h 0.313736 317124 18633.5 1070190
Qs2h 0.313736 317124 18633.5 1070190
Qs2s 0.313736 317124 18633.5 1070190
6h5d 0.311049 315484 17397.5 1070190
6s5d 0.311049 315484 17397.5 1070190
6d5h 0.311039 315457 17413.5 1070190
6d5s 0.311039 315457 17413.5 1070190
6s5s 0.310483 314919 17357 1070190
6s5h 0.310483 314919 17357 1070190
6h5s 0.310483 314919 17357 1070190
6h5h 0.310483 314919 17357 1070190
Tc3d 0.306187 307862 19816.5 1070190
Td3d 0.30568 308518 18618 1070190
Tc3s 0.305614 307274 19791.5 1070190
Tc3h 0.305614 307274 19791.5 1070190
Tc2d 0.304673 306242 19816.5 1070190
Tc2s 0.304101 305654 19791.5 1070190
Tc2h 0.304101 305654 19791.5 1070190
Td2d 0.304082 306808 18618 1070190
Th6d 0.303571 306334 18544.5 1070190
Ts6d 0.303571 306334 18544.5 1070190
Td6h 0.303537 306256 18586 1070190
Td6s 0.303537 306256 18586 1070190
Th6h 0.302958 305707 18516 1070190
Ts6h 0.302958 305707 18516 1070190
Ts6s 0.302958 305707 18516 1070190
Th6s 0.302958 305707 18516 1070190
9d6d 0.299934 304519 16467 1070190
Td3c 0.299159 300775 19381.5 1070190
Ts3c 0.298619 300277 19302.5 1070190
Th3c 0.298619 300277 19302.5 1070190
Th5d 0.298472 299796 19625.5 1070190
Ts5d 0.298472 299796 19625.5 1070190
Td5h 0.298426 299700 19672 1070190
Td5s 0.298426 299700 19672 1070190
9c6d 0.298269 301677 17528 1070190
Ts5h 0.297864 299174 19597 1070190
Th5s 0.297864 299174 19597 1070190
Th5h 0.297864 299174 19597 1070190
Ts5s 0.297864 299174 19597 1070190
9c6h 0.297685 301076 17503 1070190
9c6s 0.297685 301076 17503 1070190
Td2c 0.296249 297661 19381.5 1070190
9d6c 0.29571 299303 17163 1070190
Th2c 0.29571 297163 19302.5 1070190
Ts2c 0.29571 297163 19302.5 1070190
9s6c 0.295131 298751 17095 1070190
9h6c 0.295131 298751 17095 1070190
9d5d 0.295 298213 17493 1070190
9c5d 0.293238 295205 18615 1070190
9c5s 0.292657 294609 18590 1070190
9c5h 0.292657 294609 18590 1070190
9d5c 0.289312 291406 18213 1070190
9h5c 0.28875 290877 18140 1070190
9s5c 0.28875 290877 18140 1070190
Ts3d 0.272518 272071 19575.5 1070190
Th3d 0.272518 272071 19575.5 1070190
Td3s 0.272485 271981 19629.5 1070190
Td3h 0.272485 271981 19629.5 1070190
Ts3h 0.271946 271483 19550.5 1070190
Th3s 0.271946 271483 19550.5 1070190
Ts3s 0.271946 271483 19550.5 1070190
Th3h 0.271946 271483 19550.5 1070190
Th2d 0.270921 270361 19575.5 1070190
Ts2d 0.270921 270361 19575.5 1070190
Td2h 0.270887 270271 19629.5 1070190
Td2s 0.270887 270271 19629.5 1070190
Ts2s 0.270348 269773 19550.5 1070190
Ts2h 0.270348 269773 19550.5 1070190
Th2s 0.270348 269773 19550.5 1070190
Th2h 0.270348 269773 19550.5 1070190
9d3d 0.269297 269980 18219 1070190
9d2d 0.267699 268270 18219 1070190
9c3d 0.267545 266937 19386.5 1070190
9c3h 0.267004 266384 19361.5 1070190
9c3s 0.267004 266384 19361.5 1070190
9h6d 0.266318 267706 17305 1070190
9s6d 0.266318 267706 17305 1070190
9d6s 0.266313 267657 17348 1070190
9d6h 0.266313 267657 17348 1070190
9c2d 0.266031 265317 19386.5 1070190
9s6s 0.265733 267105 17280 1070190
9s6h 0.265733 267105 17280 1070190
9h6s 0.265733 267105 17280 1070190
9h6h 0.265733 267105 17280 1070190
9c2h 0.265491 264764 19361.5 1070190
9c2s 0.265491 264764 19361.5 1070190
9d3c 0.261701 261111 18958.5 1070190
9s5d 0.261219 261168 18386 1070190
9h5d 0.261219 261168 18386 1070190
9d5h 0.261201 261101 18434 1070190
9d5s 0.261201 261101 18434 1070190
9s3c 0.261161 260610 18881.5 1070190
9h3c 0.261161 260610 18881.5 1070190
9h5s 0.260639 260572 18361 1070190
9h5h 0.260639 260572 18361 1070190
9s5h 0.260639 260572 18361 1070190
9s5s 0.260639 260572 18361 1070190
9d2c 0.258791 257997 18958.5 1070190
9s2c 0.258251 257496 18881.5 1070190
9h2c 0.258251 257496 18881.5 1070190
9d3s 0.234391 231636 19206.5 1070190
9s3d 0.234391 231688 19154.5 1070190
9h3d 0.234391 231688 19154.5 1070190
9d3h 0.234391 231636 19206.5 1070190
9s3s 0.233851 231135 19129.5 1070190
9h3h 0.233851 231135 19129.5 1070190
9h3s 0.233851 231135 19129.5 1070190
9s3h 0.233851 231135 19129.5 1070190
9d2s 0.232793 229926 19206.5 1070190
9d2h 0.232793 229926 19206.5 1070190
9s2d 0.232793 229978 19154.5 1070190
9h2d 0.232793 229978 19154.5 1070190
9s2s 0.232253 229425 19129.5 1070190
9s2h 0.232253 229425 19129.5 1070190
9h2s 0.232253 229425 19129.5 1070190
9h2h 0.232253 229425 19129.5 1070190
7d3d 0.229566 225981 19698 1070190
7d2d 0.227968 224271 19698 1070190
7c3d 0.225969 220951 20878.5 1070190
7c3h 0.225472 220452 20846 1070190
7c3s 0.225472 220452 20846 1070190
7c2d 0.224455 219331 20878.5 1070190
7c2s 0.223958 218832 20846 1070190
7c2h 0.223958 218832 20846 1070190
7d3c 0.221724 216648 20638.5 1070190
7h3c 0.221257 216217 20570 1070190
7s3c 0.221257 216217 20570 1070190
7d2c 0.218814 213534 20638.5 1070190
7h2c 0.218347 213103 20570 1070190
7s2c 0.218347 213103 20570 1070190
6d3d 0.21473 212163 17639 1070190
6d2d 0.213132 210453 17639 1070190
5d3d 0.212922 211971 15895.5 1070190
5d2d 0.211324 210261 15895.5 1070190
6c3d 0.209543 205549 18701.5 1070190
6c3s 0.209069 205076 18668 1070190
6c3h 0.209069 205076 18668 1070190
6c2d 0.208029 203929 18701.5 1070190
6c2h 0.207556 203456 18668 1070190
6c2s 0.207556 203456 18668 1070190
6d3c 0.206369 202316 18538.5 1070190
5c3d 0.206359 203988 16855 1070190
5c3s 0.205905 203537 16821 1070190
5c3h 0.205905 203537 16821 1070190
6s3c 0.205891 201862 18480 1070190
6h3c 0.205891 201862 18480 1070190
5c2d 0.204845 202368 16855 1070190
5d3c 0.204536 202139 16753 1070190
5c2s 0.204392 201917 16821 1070190
5c2h 0.204392 201917 16821 1070190
5s3c 0.204061 201682 16702.5 1070190
5h3c 0.204061 201682 16702.5 1070190
6d2c 0.20346 199202 18538.5 1070190
6h2c 0.202981 198748 18480 1070190
6s2c 0.202981 198748 18480 1070190
5d2c 0.201626 199025 16753 1070190
5h2c 0.201152 198568 16702.5 1070190
5s2c 0.201152 198568 16702.5 1070190
7s3d 0.193504 186344 20742.5 1070190
7h3d 0.193504 186344 20742.5 1070190
7d3h 0.193475 186276 20778.5 1070190
7d3s 0.193475 186276 20778.5 1070190
7s3s 0.193008 185845 20710 1070190
7s3h 0.193008 185845 20710 1070190
7h3s 0.193008 185845 20710 1070190
7h3h 0.193008 185845 20710 1070190
7s2d 0.191907 184634 20742.5 1070190
7h2d 0.191907 184634 20742.5 1070190
7d2s 0.191877 184566 20778.5 1070190
7d2h 0.191877 184566 20778.5 1070190
7h2h 0.19141 184135 20710 1070190
7h2s 0.19141 184135 20710 1070190
7s2h 0.19141 184135 20710 1070190
7s2s 0.19141 184135 20710 1070190
3d2d 0.180211 180657 12203.5 1070190
6d3s 0.177972 171858 18606 1070190
6d3h 0.177972 171858 18606 1070190
6s3d 0.177967 171877 18581 1070190
6h3d 0.177967 171877 18581 1070190
6h3s 0.177493 171404 18547.5 1070190
6h3h 0.177493 171404 18547.5 1070190
6s3s 0.177493 171404 18547.5 1070190
6s3h 0.177493 171404 18547.5 1070190
5d3h 0.176429 172041 16772 1070190
5d3s 0.176429 172041 16772 1070190
5s3d 0.176408 172035 16755.5 1070190
5h3d 0.176408 172035 16755.5 1070190
6d2s 0.176374 170148 18606 1070190
6d2h 0.176374 170148 18606 1070190
6s2d 0.176369 170167 18581 1070190
6h2d 0.176369 170167 18581 1070190
5s3h 0.175955 171584 16721.5 1070190
5h3s 0.175955 171584 16721.5 1070190
5s3s 0.175955 171584 16721.5 1070190
5h3h 0.175955 171584 16721.5 1070190
6h2s 0.175895 169694 18547.5 1070190
6h2h 0.175895 169694 18547.5 1070190
6s2s 0.175895 169694 18547.5 1070190
6s2h 0.175895 169694 18547.5 1070190
5d2h 0.174832 170331 16772 1070190
5d2s 0.174832 170331 16772 1070190
5h2d 0.174811 170325 16755.5 1070190
5s2d 0.174811 170325 16755.5 1070190
5h2h 0.174357 169874 16721.5 1070190
5s2h 0.174357 169874 16721.5 1070190
5s2s 0.174357 169874 16721.5 1070190
5h2s 0.174357 169874 16721.5 1070190
3c2d 0.171565 170655 12952.5 1070190
3c2s 0.171152 170247 12918.5 1070190
3c2h 0.171152 170247 12918.5 1070190
3d2c 0.170295 169296 12952.5 1070190
3h2c 0.169882 168888 12918.5 1070190
3s2c 0.169882 168888 12918.5 1070190
3d2s 0.142355 139486 12861 1070190
3d2h 0.142355 139486 12861 1070190
3h2d 0.142355 139486 12861 1070190
3s2d 0.142355 139486 12861 1070190
3s2h 0.141942 139078 12827 1070190
3s2s 0.141942 139078 12827 1070190
3h2h 0.141942 139078 12827 1070190
3h2s 0.141942 139078 12827 1070190
