AsAc 0.941998 1008117 0 1070190
AhAc 0.941998 1008117 0 1070190
AsAh 0.941623 1007715 0 1070190
4s4d 0.934388 999853 120 1070190
4h4d 0.934388 999853 120 1070190
8s8c 0.934279 999792 64.5 1070190
8h8c 0.934279 999792 64.5 1070190
8s8h 0.933904 999390 64.5 1070190
4s4h 0.926535 991449 120 1070190
Ac8c 0.907571 968487 2786 1070190
Ah8c 0.903433 963969 2876 1070190
Ac8s 0.903433 963969 2876 1070190
Ac8h 0.903433 963969 2876 1070190
As8c 0.903433 963969 2876 1070190
As8s 0.903078 963612 2853.5 1070190
As8h 0.903078 963612 2853.5 1070190
Ah8s 0.903078 963612 2853.5 1070190
Ah8h 0.903078 963612 2853.5 1070190
Ac4d 0.901006 958666 5582 1070190
Ah4d 0.900651 958309 5559 1070190
As4d 0.900651 958309 5559 1070190
Ac4h 0.891985 948966 5627 1070190
Ac4s 0.891985 948966 5627 1070190
Ah4h 0.89163 948609 5604 1070190
Ah4s 0.89163 948609 5604 1070190
As4h 0.89163 948609 5604 1070190
As4s 0.89163 948609 5604 1070190
AcKd 0.875856 934026 3306 1070190
AhKd 0.875081 933219 3283.5 1070190
AsKd 0.875081 933219 3283.5 1070190
AcQd 0.86869 925585 4078 1070190
AhQd 0.867952 924822 4051.5 1070190
AsQd 0.867952 924822 4051.5 1070190
AcJd 0.861808 917540 4758 1070190
AsJd 0.861106 916819 4728 1070190
AhJd 0.861106 916819 4728 1070190
8c4d 0.859691 913585 6447.5 1070190
8h4d 0.859336 913228 6424.5 1070190
8s4d 0.859336 913228 6424.5 1070190
AcKc 0.856653 913521 3261 1070190
AcTd 0.85521 909891 5346 1070190
AhTd 0.854543 909210 5313 1070190
AsTd 0.854543 909210 5313 1070190
AcQc 0.851059 906773 4022 1070190
8c4s 0.849492 902625 6492.5 1070190
8c4h 0.849492 902625 6492.5 1070190
AsKc 0.849312 905529 3396 1070190
AhKc 0.849312 905529 3396 1070190
AcKs 0.84925 905463 3396 1070190
AcKh 0.84925 905463 3396 1070190
8h4s 0.849137 902268 6469.5 1070190
8h4h 0.849137 902268 6469.5 1070190
8s4s 0.849137 902268 6469.5 1070190
8s4h 0.849137 902268 6469.5 1070190
AhKh 0.848475 904656 3373.5 1070190
AhKs 0.848475 904656 3373.5 1070190
AsKs 0.848475 904656 3373.5 1070190
AsKh 0.848475 904656 3373.5 1070190
Ac9d 0.848341 902044 5842 1070190
As9d 0.847707 901401 5806.5 1070190
Ah9d 0.847707 901401 5806.5 1070190
AcJc 0.84572 900389 4692 1070190
AhQc 0.843503 898521 4188 1070190
AsQc 0.843503 898521 4188 1070190
AcQs 0.84341 898417 4192 1070190
AcQh 0.84341 898417 4192 1070190
AsQs 0.842672 897654 4165.5 1070190
AsQh 0.842672 897654 4165.5 1070190
AhQs 0.842672 897654 4165.5 1070190
AhQh 0.842672 897654 4165.5 1070190
Ac7d 0.842276 889851 11544 1070190
Ah7d 0.8417 889294 11484.5 1070190
As7d 0.8417 889294 11484.5 1070190
AcTc 0.840636 894369 5271 1070190
Ac5d 0.838344 882922 14265 1070190
AhJc 0.83796 891891 4885.5 1070190
AsJc 0.83796 891891 4885.5 1070190
AcJs 0.837836 891751 4893 1070190
AcJh 0.837836 891751 4893 1070190
As5d 0.837806 882420 14191.5 1070190
Ah5d 0.837806 882420 14191.5 1070190
AsJs 0.837135 891030 4863 1070190
AhJs 0.837135 891030 4863 1070190
AsJh 0.837135 891030 4863 1070190
AhJh 0.837135 891030 4863 1070190
Ac6d 0.837016 883094 12672 1070190
Ah6d 0.836468 882576 12604 1070190
As6d 0.836468 882576 12604 1070190
Ac9c 0.835212 888077 5759 1070190
AsTc 0.832682 885639 5488.5 1070190
AhTc 0.832682 885639 5488.5 1070190
AcTs 0.832529 885465 5499 1070190
AcTh 0.832529 885465 5499 1070190
AsTs 0.831862 884784 5466 1070190
AhTh 0.831862 884784 5466 1070190
AsTh 0.831862 884784 5466 1070190
AhTs 0.831862 884784 5466 1070190
Ac7c 0.830671 877566 11409.5 1070190
Ac5c 0.82962 873824 14027 1070190
Ac3d 0.827606 871443 14253 1070190
Ah3d 0.827086 870964 14175.5 1070190
As3d 0.827086 870964 14175.5 1070190
Ah9c 0.826973 879021 5997 1070190
As9c 0.826973 879021 5997 1070190
Ac6c 0.826833 872364 12504.5 1070190
Ac9h 0.826781 878803 6010 1070190
Ac9s 0.826781 878803 6010 1070190
Ac2d 0.826294 870039 14253 1070190
As9h 0.826147 878160 5974.5 1070190
As9s 0.826147 878160 5974.5 1070190
Ah9s 0.826147 878160 5974.5 1070190
Ah9h 0.826147 878160 5974.5 1070190
As2d 0.825774 869560 14175.5 1070190
Ah2d 0.825774 869560 14175.5 1070190
As7c 0.822642 868523 11860 1070190
Ah7c 0.822642 868523 11860 1070190
Ac7s 0.822441 868277 11891.5 1070190
Ac7h 0.822441 868277 11891.5 1070190
Ah7h 0.821865 867720 11832 1070190
Ah7s 0.821865 867720 11832 1070190
As7h 0.821865 867720 11832 1070190
As7s 0.821865 867720 11832 1070190
Ah5c 0.821759 864788 14650 1070190
As5c 0.821759 864788 14650 1070190
Ac5s 0.821549 864520 14693 1070190
Ac5h 0.821549 864520 14693 1070190
Ac3c 0.821413 865038 14030.5 1070190
Ac2c 0.821341 864960 14030.5 1070190
Ah5s 0.821011 864018 14619.5 1070190
As5s 0.821011 864018 14619.5 1070190
As5h 0.821011 864018 14619.5 1070190
Ah5h 0.821011 864018 14619.5 1070190
As6c 0.818546 862976 13024 1070190
Ah6c 0.818546 862976 13024 1070190
Ac6s 0.818312 862685 13064.5 1070190
Ac6h 0.818312 862685 13064.5 1070190
As6h 0.817765 862167 12996.5 1070190
Ah6s 0.817765 862167 12996.5 1070190
Ah6h 0.817765 862167 12996.5 1070190
As6s 0.817765 862167 12996.5 1070190
As3c 0.812858 855271 14641.5 1070190
Ah3c 0.812858 855271 14641.5 1070190
Ah2c 0.812791 855199 14641.5 1070190
As2c 0.812791 855199 14641.5 1070190
Ac3h 0.812591 854934 14692.5 1070190
Ac3s 0.812591 854934 14692.5 1070190
Ac2h 0.812523 854862 14692.5 1070190
Ac2s 0.812523 854862 14692.5 1070190
As3h 0.812071 854455 14615 1070190
Ah3s 0.812071 854455 14615 1070190
Ah3h 0.812071 854455 14615 1070190
As3s 0.812071 854455 14615 1070190
As2h 0.812003 854383 14615 1070190
As2s 0.812003 854383 14615 1070190
Ah2h 0.812003 854383 14615 1070190
Ah2s 0.812003 854383 14615 1070190
KdKc 0.788581 843459 472.5 1070190
KhKd 0.787799 842622 472.5 1070190
KsKd 0.787799 842622 472.5 1070190
QdQc 0.769662 823212 472.5 1070190
QsQd 0.768885 822381 472.5 1070190
QhQd 0.768885 822381 472.5 1070190
Kd4d 0.761104 807669 6856.5 1070190
KhKc 0.759239 812058 472.5 1070190
KsKc 0.759239 812058 472.5 1070190
KsKh 0.758457 811221 472.5 1070190
Qd4d 0.753697 799412 7187 1070190
JdJc 0.750769 802993 472.5 1070190
JsJd 0.749998 802168 472.5 1070190
JhJd 0.749998 802168 472.5 1070190
Jd4d 0.746591 791273 7721.5 1070190
QhQc 0.741231 792786 472.5 1070190
QsQc 0.741231 792786 472.5 1070190
QsQh 0.740455 791955 472.5 1070190
Td4d 0.739921 783468 8388 1070190
Kd8c 0.735695 778746 8587.5 1070190
Kd8h 0.734928 777948 8565 1070190
Kd8s 0.734928 777948 8565 1070190
9d4d 0.733619 775997 9114.5 1070190
TdTc 0.731902 782802 472.5 1070190
TsTd 0.731137 781983 472.5 1070190
ThTd 0.731137 781983 472.5 1070190
Qd8c 0.729553 771625 9135.5 1070190
Qd8s 0.728824 770871 9109 1070190
Qd8h 0.728824 770871 9109 1070190
7d4d 0.72871 766793 13065 1070190
5d4d 0.727511 764906 13669.5 1070190
6d4d 0.725754 763539 13155.5 1070190
Jd8c 0.723224 763948 10039.5 1070190
JsJc 0.723223 773514 472.5 1070190
JhJc 0.723223 773514 472.5 1070190
Jd8h 0.722534 763243 10006 1070190
Jd8s 0.722534 763243 10006 1070190
JsJh 0.722453 772689 472.5 1070190
Kc8c 0.717339 758925 8764.5 1070190
Td8c 0.716933 756075 11179.5 1070190
Td8h 0.716282 755421 11137 1070190
Td8s 0.716282 755421 11137 1070190
Qc8c 0.712636 753378 9277.5 1070190
4d3d 0.712511 749393 13129.5 1070190
4d2d 0.712461 749339 13129.5 1070190
9d9c 0.711828 761319 472.5 1070190
9s9d 0.711057 760494 472.5 1070190
9h9d 0.711057 760494 472.5 1070190
9d8c 0.710348 747772 12435.5 1070190
9d8h 0.709735 747168 12383 1070190
9d8s 0.709735 747168 12383 1070190
Jc8c 0.70774 747273 10143.5 1070190
ThTc 0.705215 754242 472.5 1070190
TsTc 0.705215 754242 472.5 1070190
TsTh 0.70445 753423 472.5 1070190
Kc8s 0.703259 743721 8899.5 1070190
Kc8h 0.703259 743721 8899.5 1070190
Ks8c 0.703231 743691 8899.5 1070190
Kh8c 0.703231 743691 8899.5 1070190
Tc8c 0.702874 740964 11244.5 1070190
Kh8s 0.702464 742893 8877 1070190
Ks8s 0.702464 742893 8877 1070190
Ks8h 0.702464 742893 8877 1070190
Kh8h 0.702464 742893 8877 1070190
Qc8h 0.69855 738138 9443.5 1070190
Qc8s 0.69855 738138 9443.5 1070190
Qh8c 0.69849 738070 9447.5 1070190
Qs8c 0.69849 738070 9447.5 1070190
KdQd 0.69838 740668 6731 1070190
Qs8h 0.697761 737316 9421 1070190
Qs8s 0.697761 737316 9421 1070190
Qh8s 0.697761 737316 9421 1070190
Qh8h 0.697761 737316 9421 1070190
9c8c 0.697663 734169 12462.5 1070190
8c7d 0.696987 731428 14480.5 1070190
8s7d 0.696405 730870 14416 1070190
8h7d 0.696405 730870 14416 1070190
8c5d 0.69427 725799 17201.5 1070190
8s5d 0.693727 725297 17123 1070190
8h5d 0.693727 725297 17123 1070190
Jc8s 0.693611 731934 10361.5 1070190
Jc8h 0.693611 731934 10361.5 1070190
Jh8c 0.693518 731823 10372.5 1070190
Js8c 0.693518 731823 10372.5 1070190
Jh8s 0.692827 731118 10339 1070190
Jh8h 0.692827 731118 10339 1070190
Js8s 0.692827 731118 10339 1070190
Js8h 0.692827 731118 10339 1070190
8c6d 0.691727 724671 15608.5 1070190
KdJd 0.691708 732901 7357.5 1070190
8h6d 0.691174 724152 15535.5 1070190
8s6d 0.691174 724152 15535.5 1070190
Tc8s 0.688674 725484 11528.5 1070190
Tc8h 0.688674 725484 11528.5 1070190
Th8c 0.688547 725328 11548.5 1070190
Ts8c 0.688547 725328 11548.5 1070190
Th8s 0.687897 724674 11506 1070190
Th8h 0.687897 724674 11506 1070190
Ts8h 0.687897 724674 11506 1070190
Ts8s 0.687897 724674 11506 1070190
8c5c 0.686163 717281 17043.5 1070190
8c7c 0.68602 719746 14426 1070190
9s9c 0.685806 733470 472.5 1070190
9h9c 0.685806 733470 472.5 1070190
KdTd 0.685421 725636 7894.5 1070190
9s9h 0.685035 732645 472.5 1070190
9c8s 0.683279 718419 12819.5 1070190
9c8h 0.683279 718419 12819.5 1070190
9s8c 0.683109 718207 12849.5 1070190
9h8c 0.683109 718207 12849.5 1070190
9s8s 0.682496 717603 12797 1070190
9h8s 0.682496 717603 12797 1070190
9h8h 0.682496 717603 12797 1070190
9s8h 0.682496 717603 12797 1070190
8c3d 0.682486 713020 17369.5 1070190
8c6c 0.682182 714543 15521 1070190
8s3d 0.681962 712542 17287 1070190
8h3d 0.681962 712542 17287 1070190
8c2d 0.681174 711616 17369.5 1070190
8s2d 0.68065 711138 17287 1070190
8h2d 0.68065 711138 17287 1070190
8c3c 0.676909 707199 17222 1070190
8c2c 0.676836 707121 17222 1070190
Kd9d 0.674312 713300 8342 1070190
8h5c 0.671635 701076 17701.5 1070190
8s5c 0.671635 701076 17701.5 1070190
8c5h 0.671462 700842 17749.5 1070190
8c5s 0.671462 700842 17749.5 1070190
8h7c 0.671249 703453 14911.5 1070190
8s7c 0.671249 703453 14911.5 1070190
8c7h 0.671086 703242 14948 1070190
8c7s 0.671086 703242 14948 1070190
8s5h 0.670919 700340 17671 1070190
8s5s 0.670919 700340 17671 1070190
8h5h 0.670919 700340 17671 1070190
8h5s 0.670919 700340 17671 1070190
8h7s 0.670505 702684 14883.5 1070190
8s7s 0.670505 702684 14883.5 1070190
8h7h 0.670505 702684 14883.5 1070190
8s7h 0.670505 702684 14883.5 1070190
8h6c 0.667154 697906 16075.5 1070190
8s6c 0.667154 697906 16075.5 1070190
8c6s 0.666957 697650 16121 1070190
8c6h 0.666957 697650 16121 1070190
8s6s 0.666404 697131 16048 1070190
8s6h 0.666404 697131 16048 1070190
8h6s 0.666404 697131 16048 1070190
8h6h 0.666404 697131 16048 1070190
Kd7d 0.662592 695971 13128.5 1070190
8s3c 0.661629 690201 17868 1070190
8h3c 0.661629 690201 17868 1070190
8s2c 0.661562 690129 17868 1070190
8h2c 0.661562 690129 17868 1070190
8c3h 0.661399 689899 17924 1070190
8c3s 0.661399 689899 17924 1070190
8c2h 0.661332 689827 17924 1070190
8c2s 0.661332 689827 17924 1070190
8s3s 0.660876 689421 17841.5 1070190
8h3h 0.660876 689421 17841.5 1070190
8h3s 0.660876 689421 17841.5 1070190
8s3h 0.660876 689421 17841.5 1070190
8h2s 0.660808 689349 17841.5 1070190
8h2h 0.660808 689349 17841.5 1070190
8s2h 0.660808 689349 17841.5 1070190
8s2s 0.660808 689349 17841.5 1070190
Kd5d 0.660299 691249 15396 1070190
Kd6d 0.658065 690055 14199.5 1070190
QdJd 0.655906 694700 7244 1070190
QdTd 0.649485 687291 7781 1070190
Kd3d 0.644055 673866 15395 1070190
Kd2d 0.642936 672669 15395 1070190
Qd9d 0.638376 674955 8228.5 1070190
7d7c 0.624197 666781 1228.5 1070190
7h7d 0.623506 666047 1222.5 1070190
7s7d 0.623506 666047 1222.5 1070190
Qd7d 0.621349 651946 13015 1070190
Kd4s 0.619822 653982 9345 1070190
Kd4h 0.619822 653982 9345 1070190
Qd5d 0.619422 647617 15282.5 1070190
JdTd 0.619385 655282 7578 1070190
Qd6d 0.616821 646030 14086 1070190
Qd4s 0.612841 646085 9771.5 1070190
Qd4h 0.612841 646085 9771.5 1070190
Kc4d 0.609608 642835 9561 1070190
Kh4d 0.608805 641980 9556.5 1070190
Ks4d 0.608805 641980 9556.5 1070190
Jd9d 0.608276 642945 8025.5 1070190
Jd4s 0.605816 637801 10537 1070190
Jd4h 0.605816 637801 10537 1070190
6d6c 0.60507 646347 1192.5 1070190
6h6d 0.604373 645607 1187 1070190
6s6d 0.604373 645607 1187 1070190
Qc4d 0.60393 636301 10019 1070190
Qh4d 0.603133 635452 10015 1070190
Qs4d 0.603133 635452 10015 1070190
Qd3d 0.602811 629841 15281.5 1070190
Qd2d 0.601693 628644 15281.5 1070190
Td4s 0.598959 629472 11527.5 1070190
Td4h 0.598959 629472 11527.5 1070190
Jc4d 0.598173 629326 10833 1070190
Js4d 0.597382 628483 10829.5 1070190
Jh4d 0.597382 628483 10829.5 1070190
7s7c 0.596872 637546 1220.5 1070190
7h7c 0.596872 637546 1220.5 1070190
5d5c 0.59633 636445 1741.5 1070190
7s7h 0.596181 636812 1214.5 1070190
5h5d 0.595665 635742 1732.5 1070190
5s5d 0.595665 635742 1732.5 1070190
Tc4d 0.592561 622270 11883 1070190
9d4h 0.591928 620846 12629 1070190
9d4s 0.591928 620846 12629 1070190
Ts4d 0.591776 621433 11880 1070190
Th4d 0.591776 621433 11880 1070190
Jd7d 0.591548 620471 12598 1070190
5d4h 0.590551 612220 19782 1070190
5d4s 0.590551 612220 19782 1070190
5c4d 0.589889 610817 20476.5 1070190
5s4d 0.589171 610057 20467.5 1070190
5h4d 0.589171 610057 20467.5 1070190
7d4s 0.588562 611155 18718.5 1070190
7d4h 0.588562 611155 18718.5 1070190
9c4d 0.58664 614767 13049 1070190
Kc4s 0.586518 618462 9223.5 1070190
Kc4h 0.586518 618462 9223.5 1070190
9s4d 0.58585 613924 13046.5 1070190
9h4d 0.58585 613924 13046.5 1070190
Kh4h 0.585715 617607 9219 1070190
Ks4s 0.585715 617607 9219 1070190
Ks4h 0.585715 617607 9219 1070190
Kh4s 0.585715 617607 9219 1070190
6d4s 0.585666 607881 18893 1070190
6d4h 0.585666 607881 18893 1070190
7c4d 0.584807 606442 19413 1070190
7s4d 0.58406 605648 19407 1070190
7h4d 0.58406 605648 19407 1070190
Td9d 0.583978 617234 7733 1070190
6c4d 0.583176 604510 19599 1070190
Jd5d 0.583156 609062 15026 1070190
6h4d 0.582423 603710 19593.5 1070190
6s4d 0.582423 603710 19593.5 1070190
Qc4h 0.580975 612092 9661.5 1070190
Qc4s 0.580975 612092 9661.5 1070190
Jd6d 0.580322 607225 13829.5 1070190
Qs4h 0.580178 611243 9657.5 1070190
Qs4s 0.580178 611243 9657.5 1070190
Qh4h 0.580178 611243 9657.5 1070190
Qh4s 0.580178 611243 9657.5 1070190
6h6c 0.57843 617845 1184.5 1070190
6s6c 0.57843 617845 1184.5 1070190
6s6h 0.577733 617105 1179 1070190
Jc4h 0.575355 605292 10447.5 1070190
Jc4s 0.575355 605292 10447.5 1070190
Jh4h 0.574564 604449 10444 1070190
Jh4s 0.574564 604449 10444 1070190
Js4s 0.574564 604449 10444 1070190
Js4h 0.574564 604449 10444 1070190
7d6d 0.574202 600232 14273.5 1070190
5h5c 0.571225 609594 1725.5 1070190
5s5c 0.571225 609594 1725.5 1070190
5s5h 0.57056 608891 1716.5 1070190
Tc4s 0.569878 598413 11464.5 1070190
Tc4h 0.569878 598413 11464.5 1070190
7d5d 0.569708 594833 14863 1070190
Ts4h 0.569093 597576 11461.5 1070190
Ts4s 0.569093 597576 11461.5 1070190
Th4s 0.569093 597576 11461.5 1070190
Th4h 0.569093 597576 11461.5 1070190
5c4h 0.567974 587919 19921 1070190
5c4s 0.567974 587919 19921 1070190
5h4s 0.567255 587159 19912 1070190
5h4h 0.567255 587159 19912 1070190
5s4s 0.567255 587159 19912 1070190
5s4h 0.567255 587159 19912 1070190
4d3c 0.567109 587312 19602 1070190
4d2c 0.567047 587246 19602 1070190
Td7d 0.566982 594473 12305.5 1070190
4d3s 0.566351 586506 19597.5 1070190
4d3h 0.566351 586506 19597.5 1070190
Jd3d 0.566312 591036 15025 1070190
4d2s 0.56629 586440 19597.5 1070190
4d2h 0.56629 586440 19597.5 1070190
4s3d 0.565729 586546 18891 1070190
4h3d 0.565729 586546 18891 1070190
Jd2d 0.565193 589839 15025 1070190
4s2d 0.564417 585142 18891 1070190
4h2d 0.564417 585142 18891 1070190
9c4s 0.564066 591062 12595.5 1070190
9c4h 0.564066 591062 12595.5 1070190
9s4s 0.563276 590219 12593 1070190
9h4s 0.563276 590219 12593 1070190
9h4h 0.563276 590219 12593 1070190
9s4h 0.563276 590219 12593 1070190
7c4s 0.562689 583348 18836 1070190
7c4h 0.562689 583348 18836 1070190
7h4h 0.561941 582554 18830 1070190
7h4s 0.561941 582554 18830 1070190
7s4h 0.561941 582554 18830 1070190
7s4s 0.561941 582554 18830 1070190
6c4s 0.561063 581428 19016 1070190
6c4h 0.561063 581428 19016 1070190
6h4s 0.56031 580628 19010.5 1070190
6h4h 0.56031 580628 19010.5 1070190
6s4h 0.56031 580628 19010.5 1070190
6s4s 0.56031 580628 19010.5 1070190
Td6d 0.555905 581548 13376.5 1070190
6d5d 0.554151 579970 13076.5 1070190
Td5d 0.551451 575477 14680 1070190
4s3c 0.544422 563638 18996.5 1070190
4h3c 0.544422 563638 18996.5 1070190
4s2c 0.54436 563572 18996.5 1070190
4h2c 0.54436 563572 18996.5 1070190
4h3s 0.543664 562832 18992 1070190
4s3s 0.543664 562832 18992 1070190
4s3h 0.543664 562832 18992 1070190
4h3h 0.543664 562832 18992 1070190
4s2h 0.543603 562766 18992 1070190
4h2s 0.543603 562766 18992 1070190
4h2h 0.543603 562766 18992 1070190
4s2s 0.543603 562766 18992 1070190
9d7d 0.54069 567200 11441 1070190
5d3d 0.535732 560013 13322.5 1070190
5d2d 0.535245 559491 13322.5 1070190
Td3d 0.534606 557451 14679 1070190
Td2d 0.533488 556254 14679 1070190
KdQc 0.532546 560425 9500.5 1070190
KdQh 0.531813 559663 9478 1070190
KdQs 0.531813 559663 9478 1070190
KcQd 0.531004 558791 9484.5 1070190
KsQd 0.53027 558032 9458 1070190
KhQd 0.53027 558032 9458 1070190
9d6d 0.529748 554419 12512 1070190
9d5d 0.52526 548312 13815.5 1070190
KdJc 0.522797 549029 10463 1070190
KdJs 0.522069 548273 10440.5 1070190
KdJh 0.522069 548273 10440.5 1070190
KcQc 0.520183 547550 9144.5 1070190
KcJd 0.519859 545925 10422.5 1070190
KhJd 0.519161 545208 10392.5 1070190
KsJd 0.519161 545208 10392.5 1070190
KdTc 0.513651 538416 11288 1070190
KdTs 0.512929 537666 11265.5 1070190
KdTh 0.512929 537666 11265.5 1070190
KcJc 0.510794 536585 10061.5 1070190
3d2d 0.510762 535801 10811.5 1070190
KcTd 0.509332 533856 11226.5 1070190
KhTd 0.508669 533179 11193.5 1070190
KsTd 0.508669 533179 11193.5 1070190
9d3d 0.507744 529086 14297 1070190
9d2d 0.506626 527889 14297 1070190
KcTc 0.501984 526371 10847.5 1070190
Kd9c 0.496234 519089 11975.5 1070190
KcQh 0.495813 521215 9399.5 1070190
KcQs 0.495813 521215 9399.5 1070190
KhQc 0.495812 521218 9395.5 1070190
KsQc 0.495812 521218 9395.5 1070190
Kd9h 0.49551 518337 11953 1070190
Kd9s 0.49551 518337 11953 1070190
KhQh 0.495079 520456 9373 1070190
KsQs 0.495079 520456 9373 1070190
KsQh 0.495079 520456 9373 1070190
KhQs 0.495079 520456 9373 1070190
Kc9d 0.490656 513199 11896.5 1070190
Ks9d 0.490026 512560 11861 1070190
Kh9d 0.490026 512560 11861 1070190
3d3c 0.489148 518797 4684.5 1070190
3s3d 0.488447 518051 4680 1070190
3h3d 0.488447 518051 4680 1070190
KsJc 0.486064 509830 10351 1070190
KhJc 0.486064 509830 10351 1070190
KcJh 0.486035 509791 10358.5 1070190
KcJs 0.486035 509791 10358.5 1070190
KhJh 0.485337 509074 10328.5 1070190
KhJs 0.485337 509074 10328.5 1070190
KsJh 0.485337 509074 10328.5 1070190
KsJs 0.485337 509074 10328.5 1070190
Kc9c 0.485098 507645 11502.5 1070190
Kd7c 0.482944 497373 19468.5 1070190
7d3d 0.482333 501084 15103.5 1070190
Kd7h 0.482318 496729 19442.5 1070190
Kd7s 0.482318 496729 19442.5 1070190
Kd5c 0.481834 492651 23002.5 1070190
Kd5s 0.481231 492036 22973 1070190
Kd5h 0.481231 492036 22973 1070190
7d2d 0.481214 499887 15103.5 1070190
KsTc 0.476925 499230 11170 1070190
KhTc 0.476925 499230 11170 1070190
KcTs 0.476866 499157 11180.5 1070190
KcTh 0.476866 499157 11180.5 1070190
KsTh 0.476203 498480 11147.5 1070190
KhTh 0.476203 498480 11147.5 1070190
KhTs 0.476203 498480 11147.5 1070190
KsTs 0.476203 498480 11147.5 1070190
Kd6c 0.476154 488460 21115.5 1070190
Kd6h 0.475523 487810 21089.5 1070190
Kd6s 0.475523 487810 21089.5 1070190
Kc7d 0.475112 489295 19165 1070190
Kh7d 0.474534 488734 19107.5 1070190
Ks7d 0.474534 488734 19107.5 1070190
QdJc 0.472716 495576 10319.5 1070190
QdJs 0.472018 494852 10297 1070190
QdJh 0.472018 494852 10297 1070190
2d2c 0.471631 500050 4684.5 1070190
Kc7c 0.471372 485825 18633 1070190
QcJd 0.471221 494015 10281 1070190
Kc5d 0.470942 481366 22631.5 1070190
2h2d 0.470929 499304 4680 1070190
2s2d 0.470929 499304 4680 1070190
QsJd 0.470525 493300 10251.5 1070190
QhJd 0.470525 493300 10251.5 1070190
Kh5d 0.470403 480862 22559 1070190
Ks5d 0.470403 480862 22559 1070190
Kc5c 0.470257 481312 21952.5 1070190
Kc6d 0.46706 479082 20761 1070190
Kh6d 0.46651 478560 20694.5 1070190
Ks6d 0.46651 478560 20694.5 1070190
6d3d 0.466417 485592 13563 1070190
6d2d 0.465299 484395 13563 1070190
Kc6c 0.464908 477374 20166 1070190
3s3c 0.463986 491896 4657 1070190
3h3c 0.463986 491896 4657 1070190
QcJc 0.463564 486176 9926 1070190
QdTc 0.463352 484730 11144.5 1070190
3s3h 0.463285 491150 4652.5 1070190
QdTs 0.46266 484012 11122 1070190
QdTh 0.46266 484012 11122 1070190
QcTd 0.460477 481713 11085 1070190
QhTd 0.459816 481038 11052.5 1070190
QsTd 0.459816 481038 11052.5 1070190
Ks9c 0.459122 479495 11852.5 1070190
Kh9c 0.459122 479495 11852.5 1070190
Kc9h 0.459028 479382 11865.5 1070190
Kc9s 0.459028 479382 11865.5 1070190
Kd3c 0.458501 467693 22990.5 1070190
Ks9s 0.458398 478743 11830 1070190
Ks9h 0.458398 478743 11830 1070190
Kh9s 0.458398 478743 11830 1070190
Kh9h 0.458398 478743 11830 1070190
Kd3s 0.457864 467037 22964.5 1070190
Kd3h 0.457864 467037 22964.5 1070190
Kd2c 0.45717 466268 22990.5 1070190
Kd2s 0.456532 465612 22964.5 1070190
Kd2h 0.456532 465612 22964.5 1070190
QcTc 0.454543 475735 10712 1070190
Kc3c 0.447191 456669 21910.5 1070190
2s2c 0.447133 473860 4657 1070190
2h2c 0.447133 473860 4657 1070190
2s2h 0.446431 473114 4652.5 1070190
Qd9c 0.44593 465398 11832 1070190
Kc2c 0.445781 455160 21910.5 1070190
Ks7c 0.4457 457705 19279 1070190
Kh7c 0.4457 457705 19279 1070190
Kc7s 0.445652 457622 19310.5 1070190
Kc7h 0.445652 457622 19310.5 1070190
Qd9s 0.445235 464677 11809.5 1070190
Qd9h 0.445235 464677 11809.5 1070190
Kh7s 0.445074 457061 19253 1070190
Ks7s 0.445074 457061 19253 1070190
Ks7h 0.445074 457061 19253 1070190
Kh7h 0.445074 457061 19253 1070190
Kh5c 0.444868 453276 22817.5 1070190
Ks5c 0.444868 453276 22817.5 1070190
Kc5s 0.444805 453165 22860.5 1070190
Kc5h 0.444805 453165 22860.5 1070190
Kc3d 0.444639 453271 22577.5 1070190
Ks5s 0.444266 452661 22788 1070190
Kh5h 0.444266 452661 22788 1070190
Ks5h 0.444266 452661 22788 1070190
Kh5s 0.444266 452661 22788 1070190
Ks3d 0.444117 452789 22500.5 1070190
Kh3d 0.444117 452789 22500.5 1070190
Kc2d 0.441931 450373 22577.5 1070190
Qc9d 0.441806 461061 11755 1070190
Ks2d 0.441409 449891 22500.5 1070190
Kh2d 0.441409 449891 22500.5 1070190
Qs9d 0.441179 460425 11720 1070190
Qh9d 0.441179 460425 11720 1070190
Ks6c 0.438872 448765 20911 1070190
Kh6c 0.438872 448765 20911 1070190
Kc6h 0.43879 448637 20951.5 1070190
Kc6s 0.43879 448637 20951.5 1070190
Kh6s 0.43824 448115 20885 1070190
Ks6h 0.43824 448115 20885 1070190
Kh6h 0.43824 448115 20885 1070190
Ks6s 0.43824 448115 20885 1070190
Qc9c 0.437657 457009 11367 1070190
QhJc 0.436644 457082 10210 1070190
QsJc 0.436644 457082 10210 1070190
QcJh 0.436642 457073 10217 1070190
QcJs 0.436642 457073 10217 1070190
QhJh 0.435946 456358 10187.5 1070190
QhJs 0.435946 456358 10187.5 1070190
QsJs 0.435946 456358 10187.5 1070190
QsJh 0.435946 456358 10187.5 1070190
QsTc 0.427278 446240 11029 1070190
QhTc 0.427278 446240 11029 1070190
QcTh 0.427247 446197 11039 1070190
QcTs 0.427247 446197 11039 1070190
QhTh 0.426586 445522 11006.5 1070190
QsTs 0.426586 445522 11006.5 1070190
QsTh 0.426586 445522 11006.5 1070190
QhTs 0.426586 445522 11006.5 1070190
Qd7c 0.424009 434445 19325 1070190
Qd5c 0.423497 430363 22859 1070190
Qd7h 0.423415 433836 19299 1070190
Qd7s 0.423415 433836 19299 1070190
Qd5s 0.422926 429782 22829.5 1070190
Qd5h 0.422926 429782 22829.5 1070190
JdTc 0.421621 440351 10863.5 1070190
JdTs 0.420958 439664 10841 1070190
JdTh 0.420958 439664 10841 1070190
Ks3c 0.42079 427554 22771 1070190
Kh3c 0.42079 427554 22771 1070190
Kc3s 0.420675 427380 22822 1070190
Kc3h 0.420675 427380 22822 1070190
JcTd 0.420167 438849 10809.5 1070190
Kh3s 0.420152 426898 22745 1070190
Ks3h 0.420152 426898 22745 1070190
Ks3s 0.420152 426898 22745 1070190
Kh3h 0.420152 426898 22745 1070190
JsTd 0.419508 438175 10778 1070190
JhTd 0.419508 438175 10778 1070190
Ks2c 0.419385 426051 22771 1070190
Kh2c 0.419385 426051 22771 1070190
Kc2h 0.41927 425877 22822 1070190
Kc2s 0.41927 425877 22822 1070190
Kh2h 0.418748 425395 22745 1070190
Ks2s 0.418748 425395 22745 1070190
Ks2h 0.418748 425395 22745 1070190
Kh2s 0.418748 425395 22745 1070190
Qc7d 0.417611 427900 19023.5 1070190
Qd6c 0.417219 425532 20972 1070190
Qh7d 0.417037 427342 18966.5 1070190
Qs7d 0.417037 427342 18966.5 1070190
Qd6h 0.41662 424917 20946 1070190
Qd6s 0.41662 424917 20946 1070190
Qc7c 0.415445 426108 18497.5 1070190
JcTc 0.415415 434128 10445.5 1070190
Qc5c 0.414911 422217 21817 1070190
Qc5d 0.414044 420616 22490 1070190
Qs5d 0.413509 420115 22418 1070190
Qh5d 0.413509 420115 22418 1070190
Qc6d 0.40956 417687 20619.5 1070190
Qh9c 0.409476 426506 11711.5 1070190
Qs9c 0.409476 426506 11711.5 1070190
Qc9s 0.409409 426421 11724 1070190
Qc9h 0.409409 426421 11724 1070190
Qh6d 0.409013 417168 20553.5 1070190
Qs6d 0.409013 417168 20553.5 1070190
Qc6c 0.408981 417657 20030.5 1070190
Qs9h 0.408782 425785 11689 1070190
Qh9h 0.408782 425785 11689 1070190
Qh9s 0.408782 425785 11689 1070190
Qs9s 0.408782 425785 11689 1070190
Jd9c 0.404199 421019 11551 1070190
Jd9h 0.403533 420329 11528.5 1070190
Jd9s 0.403533 420329 11528.5 1070190
Jc9d 0.401496 418197 11479.5 1070190
Js9d 0.40087 417562 11445.5 1070190
Jh9d 0.40087 417562 11445.5 1070190
Qd3c 0.399566 404765 22847 1070190
Qd3h 0.398962 404144 22821 1070190
Qd3s 0.398962 404144 22821 1070190
Jc9c 0.39853 415402 11100.5 1070190
Qd2c 0.398235 403340 22847 1070190
Qd2s 0.39763 402719 22821 1070190
Qd2h 0.39763 402719 22821 1070190
Qc3c 0.391264 396952 21775 1070190
Qc2c 0.389854 395443 21775 1070190
Qc3d 0.387139 391876 22436 1070190
Qs7c 0.387026 395053 19138 1070190
Qh7c 0.387026 395053 19138 1070190
Qc7h 0.387007 395002 19169 1070190
Qc7s 0.387007 395002 19169 1070190
Qh5c 0.386814 391288 22676.5 1070190
Qs5c 0.386814 391288 22676.5 1070190
Qc5s 0.386779 391208 22719 1070190
Qc5h 0.386779 391208 22719 1070190
Qs3d 0.38662 391397 22359.5 1070190
Qh3d 0.38662 391397 22359.5 1070190
Qs7h 0.386432 394444 19112 1070190
Qh7s 0.386432 394444 19112 1070190
Qh7h 0.386432 394444 19112 1070190
Qs7s 0.386432 394444 19112 1070190
JsTc 0.386399 402769 10751.5 1070190
JhTc 0.386399 402769 10751.5 1070190
JcTh 0.386395 402756 10760.5 1070190
JcTs 0.386395 402756 10760.5 1070190
Qh5s 0.386244 390707 22647 1070190
Qs5s 0.386244 390707 22647 1070190
Qs5h 0.386244 390707 22647 1070190
Qh5h 0.386244 390707 22647 1070190
JhTs 0.385736 402082 10729 1070190
JsTh 0.385736 402082 10729 1070190
JsTs 0.385736 402082 10729 1070190
JhTh 0.385736 402082 10729 1070190
Qc2d 0.384431 388978 22436 1070190
Qs2d 0.383912 388499 22359.5 1070190
Qh2d 0.383912 388499 22359.5 1070190
Jd7c 0.38277 390951 18686 1070190
Jd7s 0.382204 390371 18660 1070190
Jd7h 0.382204 390371 18660 1070190
Qs6c 0.380197 386113 20770 1070190
Qh6c 0.380197 386113 20770 1070190
Qc6h 0.380145 386017 20810 1070190
Qc6s 0.380145 386017 20810 1070190
Qs6s 0.379598 385498 20744 1070190
Qs6h 0.379598 385498 20744 1070190
Qh6s 0.379598 385498 20744 1070190
Qh6h 0.379598 385498 20744 1070190
Jc7d 0.377798 385916 18400 1070190
Jh7d 0.377225 385356 18346 1070190
Js7d 0.377225 385356 18346 1070190
Jc7c 0.376789 385341 17895 1070190
Jd5c 0.371791 375398 22488.5 1070190
Jd5s 0.371252 374851 22459 1070190
Jd5h 0.371252 374851 22459 1070190
Td9c 0.370986 385893 11132.5 1070190
Td9h 0.370348 385233 11110 1070190
Td9s 0.370348 385233 11110 1070190
7d6c 0.36969 374574 21065 1070190
Tc9d 0.369675 384553 11070 1070190
7d6s 0.369151 374027 21034.5 1070190
7d6h 0.369151 374027 21034.5 1070190
Ts9d 0.369051 383917 11037.5 1070190
Th9d 0.369051 383917 11037.5 1070190
Js9c 0.368597 383035 11434 1070190
Jh9c 0.368597 383035 11434 1070190
Jc9s 0.368557 382980 11445.5 1070190
Jc9h 0.368557 382980 11445.5 1070190
7c6c 0.368545 373940 20473.5 1070190
7c6d 0.368497 373431 20930.5 1070190
7h6d 0.367989 372948 20870 1070190
7s6d 0.367989 372948 20870 1070190
Js9h 0.367931 382345 11411.5 1070190
Js9s 0.367931 382345 11411.5 1070190
Jh9h 0.367931 382345 11411.5 1070190
Jh9s 0.367931 382345 11411.5 1070190
Tc9c 0.367662 382765 10703 1070190
Jc5c 0.366003 370226 21466.5 1070190
Jd6c 0.365133 370160 20601.5 1070190
Jd6h 0.364567 369580 20575.5 1070190
Jd6s 0.364567 369580 20575.5 1070190
7d5c 0.364282 367818 22033 1070190
7d5h 0.363773 367307 21999 1070190
7d5s 0.363773 367307 21999 1070190
Jc5d 0.363756 367161 22127.5 1070190
Js5d 0.363225 366663 22057 1070190
Jh5d 0.363225 366663 22057 1070190
7c5c 0.363092 367171 21406 1070190
Qh3c 0.362115 364902 22630 1070190
Qs3c 0.362115 364902 22630 1070190
Qc3s 0.36203 364760 22680.5 1070190
Qc3h 0.36203 364760 22680.5 1070190
Qs3h 0.361511 364281 22604 1070190
Qh3h 0.361511 364281 22604 1070190
Qh3s 0.361511 364281 22604 1070190
Qs3s 0.361511 364281 22604 1070190
7c5d 0.361395 364850 21911 1070190
7h5d 0.360901 364383 21849.5 1070190
7s5d 0.360901 364383 21849.5 1070190
Qh2c 0.360711 363399 22630 1070190
Qs2c 0.360711 363399 22630 1070190
Qc2h 0.360625 363257 22680.5 1070190
Qc2s 0.360625 363257 22680.5 1070190
Qs2h 0.360106 362778 22604 1070190
Qh2h 0.360106 362778 22604 1070190
Qh2s 0.360106 362778 22604 1070190
Qs2s 0.360106 362778 22604 1070190
Jc6c 0.359703 365271 19680 1070190
Jc6d 0.358887 363820 20257 1070190
Js6d 0.358344 363304 20192.5 1070190
Jh6d 0.358344 363304 20192.5 1070190
Td7c 0.349117 355354 18267.5 1070190
Td7s 0.348578 354803 18241.5 1070190
Td7h 0.348578 354803 18241.5 1070190
Jd3c 0.34748 349393 22476.5 1070190
Jd3s 0.346908 348807 22450.5 1070190
Jd3h 0.346908 348807 22450.5 1070190
Jc7s 0.346658 352459 18530.5 1070190
Jc7h 0.346658 352459 18530.5 1070190
Js7c 0.34665 352479 18502.5 1070190
Jh7c 0.34665 352479 18502.5 1070190
Jd2c 0.346148 347968 22476.5 1070190
Js7h 0.346084 351899 18476.5 1070190
Js7s 0.346084 351899 18476.5 1070190
Jh7s 0.346084 351899 18476.5 1070190
Jh7h 0.346084 351899 18476.5 1070190
Jd2h 0.345576 347382 22450.5 1070190
Jd2s 0.345576 347382 22450.5 1070190
Tc7d 0.345548 351811 17990.5 1070190
Tc7c 0.345497 352250 17497.5 1070190
Th7d 0.344975 351251 17938 1070190
Ts7d 0.344975 351251 17938 1070190
6c5c 0.343436 348760 18782 1070190
6d5c 0.342399 347182 19250 1070190
Jc3c 0.341986 344566 21424.5 1070190
6d5h 0.341918 346698 19219.5 1070190
6d5s 0.341918 346698 19219.5 1070190
6c5d 0.340757 345517 19158 1070190
Jc2c 0.340576 343057 21424.5 1070190
6s5d 0.34027 345047 19106.5 1070190
6h5d 0.34027 345047 19106.5 1070190
7s6c 0.339737 342571 21012 1070190
7h6c 0.339737 342571 21012 1070190
7c6h 0.339705 342507 21042 1070190
7c6s 0.339705 342507 21042 1070190
7s6s 0.339197 342024 20981.5 1070190
7s6h 0.339197 342024 20981.5 1070190
7h6h 0.339197 342024 20981.5 1070190
7h6s 0.339197 342024 20981.5 1070190
Jc3d 0.336466 338009 22073.5 1070190
Th9c 0.336426 349020 11020 1070190
Ts9c 0.336426 349020 11020 1070190
Tc9s 0.336413 348996 11030 1070190
Tc9h 0.336413 348996 11030 1070190
Js3d 0.335951 337533 21998.5 1070190
Jh3d 0.335951 337533 21998.5 1070190
Th9h 0.335789 348360 10997.5 1070190
Th9s 0.335789 348360 10997.5 1070190
Ts9s 0.335789 348360 10997.5 1070190
Ts9h 0.335789 348360 10997.5 1070190
Jh5c 0.335525 336766 22309.5 1070190
Js5c 0.335525 336766 22309.5 1070190
Jc5h 0.335518 336717 22350.5 1070190
Jc5s 0.335518 336717 22350.5 1070190
Js5s 0.334986 336219 22280 1070190
Jh5s 0.334986 336219 22280 1070190
Js5h 0.334986 336219 22280 1070190
Jh5h 0.334986 336219 22280 1070190
7s5c 0.334205 335653 22009.5 1070190
7h5c 0.334205 335653 22009.5 1070190
7c5h 0.334189 335609 22037 1070190
7c5s 0.334189 335609 22037 1070190
Jc2d 0.333758 335111 22073.5 1070190
7s5h 0.333695 335142 21975.5 1070190
7s5s 0.333695 335142 21975.5 1070190
7h5s 0.333695 335142 21975.5 1070190
7h5h 0.333695 335142 21975.5 1070190
Js2d 0.333243 334635 21998.5 1070190
Jh2d 0.333243 334635 21998.5 1070190
Td6c 0.331726 335095 19914.5 1070190
Td6h 0.331186 334543 19888.5 1070190
Td6s 0.331186 334543 19888.5 1070190
Tc6c 0.328647 332684 19030.5 1070190
Js6c 0.328514 331169 20403 1070190
Jh6c 0.328514 331169 20403 1070190
Jc6s 0.32849 331105 20441.5 1070190
Jc6h 0.32849 331105 20441.5 1070190
Jh6h 0.327947 330589 20377 1070190
Js6s 0.327947 330589 20377 1070190
Jh6s 0.327947 330589 20377 1070190
Js6h 0.327947 330589 20377 1070190
Tc6d 0.326884 330242 19586.5 1070190
Td5c 0.326631 327577 21980.5 1070190
Th6d 0.326343 329724 19525 1070190
Ts6d 0.326343 329724 19525 1070190
Td5s 0.326124 327064 21951 1070190
Td5h 0.326124 327064 21951 1070190
Tc5c 0.323453 325171 20985 1070190
5c3c 0.322255 325533 19341.5 1070190
5c2c 0.321629 324863 19341.5 1070190
Tc5d 0.319997 320827 21631 1070190
Th5d 0.319472 320333 21562.5 1070190
Ts5d 0.319472 320333 21562.5 1070190
5d3c 0.319318 321953 19778 1070190
5d3h 0.318826 321457 19747.5 1070190
5d3s 0.318826 321457 19747.5 1070190
5d2c 0.318741 321335 19778 1070190
5d2h 0.318249 320839 19747.5 1070190
5d2s 0.318249 320839 19747.5 1070190
5c3d 0.316443 318960 19694 1070190
5s3d 0.315992 318529 19642.5 1070190
5h3d 0.315992 318529 19642.5 1070190
5c2d 0.314576 316962 19694 1070190
5h2d 0.314125 316531 19642.5 1070190
5s2d 0.314125 316531 19642.5 1070190
Tc7s 0.314061 317990 18115 1070190
Tc7h 0.314061 317990 18115 1070190
Th7c 0.314028 317981 18088.5 1070190
Ts7c 0.314028 317981 18088.5 1070190
Ts7s 0.313489 317430 18062.5 1070190
Th7h 0.313489 317430 18062.5 1070190
Ts7h 0.313489 317430 18062.5 1070190
Th7s 0.313489 317430 18062.5 1070190
6c5s 0.313302 316050 19242.5 1070190
6c5h 0.313302 316050 19242.5 1070190
6h5c 0.313295 316064 19221.5 1070190
6s5c 0.313295 316064 19221.5 1070190
6h5s 0.312815 315580 19191 1070190
6s5h 0.312815 315580 19191 1070190
6h5h 0.312815 315580 19191 1070190
6s5s 0.312815 315580 19191 1070190
9d7c 0.311408 316343 16922.5 1070190
9d7s 0.310897 315819 16900 1070190
9d7h 0.310897 315819 16900 1070190
Jh3c 0.310432 309958 22263 1070190
Js3c 0.310432 309958 22263 1070190
Jc3s 0.310375 309848 22312 1070190
Jc3h 0.310375 309848 22312 1070190
9c7c 0.310149 315714 16204.5 1070190
Js3s 0.30986 309372 22237 1070190
Js3h 0.30986 309372 22237 1070190
Jh3h 0.30986 309372 22237 1070190
Jh3s 0.30986 309372 22237 1070190
9c7d 0.30913 314187 16640.5 1070190
Jh2c 0.309027 308455 22263 1070190
Js2c 0.309027 308455 22263 1070190
Jc2s 0.30897 308345 22312 1070190
Jc2h 0.30897 308345 22312 1070190
9s7d 0.308556 313624 16590 1070190
9h7d 0.308556 313624 16590 1070190
Jh2s 0.308456 307869 22237 1070190
Jh2h 0.308456 307869 22237 1070190
Js2s 0.308456 307869 22237 1070190
Js2h 0.308456 307869 22237 1070190
Td3c 0.302325 301577 21968.5 1070190
Td3s 0.301786 301026 21942.5 1070190
Td3h 0.301786 301026 21942.5 1070190
Td2c 0.300994 300152 21968.5 1070190
Td2s 0.300455 299601 21942.5 1070190
Td2h 0.300455 299601 21942.5 1070190
Tc3c 0.299437 299511 20943 1070190
Tc2c 0.298027 298002 20943 1070190
Tc6h 0.296145 297175 19756 1070190
Tc6s 0.296145 297175 19756 1070190
Th6c 0.296143 297209 19720.5 1070190
Ts6c 0.296143 297209 19720.5 1070190
Th6h 0.295603 296657 19694.5 1070190
Th6s 0.295603 296657 19694.5 1070190
Ts6s 0.295603 296657 19694.5 1070190
Ts6h 0.295603 296657 19694.5 1070190
9d6c 0.294234 296317 18569.5 1070190
9d6h 0.293723 295792 18547 1070190
9d6s 0.293723 295792 18547 1070190
9c6c 0.293511 296375 17737.5 1070190
Tc3d 0.292702 291670 21577 1070190
Ts3d 0.292192 291197 21504 1070190
Th3d 0.292192 291197 21504 1070190
5s3c 0.291557 292228 19793 1070190
5h3c 0.291557 292228 19793 1070190
5c3s 0.291516 292163 19814 1070190
5c3h 0.291516 292163 19814 1070190
5s3h 0.291065 291732 19762.5 1070190
5s3s 0.291065 291732 19762.5 1070190
5h3s 0.291065 291732 19762.5 1070190
5h3h 0.291065 291732 19762.5 1070190
5h2c 0.290957 291586 19793 1070190
5s2c 0.290957 291586 19793 1070190
Tc5h 0.290936 289512 21845 1070190
Tc5s 0.290936 289512 21845 1070190
Th5c 0.290918 289531 21806 1070190
Ts5c 0.290918 289531 21806 1070190
5c2s 0.290916 291521 19814 1070190
5c2h 0.290916 291521 19814 1070190
9c6d 0.290684 292851 18236.5 1070190
5h2h 0.290465 291090 19762.5 1070190
5h2s 0.290465 291090 19762.5 1070190
5s2h 0.290465 291090 19762.5 1070190
5s2s 0.290465 291090 19762.5 1070190
Ts5h 0.290411 289018 21776.5 1070190
Ts5s 0.290411 289018 21776.5 1070190
Th5s 0.290411 289018 21776.5 1070190
Th5h 0.290411 289018 21776.5 1070190
9h6d 0.290142 292330 18177 1070190
9s6d 0.290142 292330 18177 1070190
Tc2d 0.289994 288772 21577 1070190
3c2c 0.289517 294180 15658 1070190
Ts2d 0.289484 288299 21504 1070190
Th2d 0.289484 288299 21504 1070190
9d5c 0.289085 288740 20635.5 1070190
9d5s 0.288605 288253 20609.5 1070190
9d5h 0.288605 288253 20609.5 1070190
9c5c 0.288262 288803 19692 1070190
9c5d 0.283747 283382 20281 1070190
9s5d 0.28322 282885 20214.5 1070190
9h5d 0.28322 282885 20214.5 1070190
3d2c 0.282814 286824 15840.5 1070190
3d2h 0.282362 286371 15810 1070190
3d2s 0.282362 286371 15810 1070190
3c2d 0.281547 285468 15840.5 1070190
3h2d 0.281095 285015 15810 1070190
3s2d 0.281095 285015 15810 1070190
9c7s 0.276994 279689 16747.5 1070190
9c7h 0.276994 279689 16747.5 1070190
9h7c 0.276932 279650 16719.5 1070190
9s7c 0.276932 279650 16719.5 1070190
9h7h 0.276421 279126 16697 1070190
9h7s 0.276421 279126 16697 1070190
9s7h 0.276421 279126 16697 1070190
9s7s 0.276421 279126 16697 1070190
Ts3c 0.265823 262722 21759.5 1070190
Th3c 0.265823 262722 21759.5 1070190
Tc3h 0.265794 262644 21806.5 1070190
Tc3s 0.265794 262644 21806.5 1070190
Th3h 0.265284 262171 21733.5 1070190
Ts3s 0.265284 262171 21733.5 1070190
Th3s 0.265284 262171 21733.5 1070190
Ts3h 0.265284 262171 21733.5 1070190
Ts2c 0.264419 261219 21759.5 1070190
Th2c 0.264419 261219 21759.5 1070190
Tc2s 0.26439 261141 21806.5 1070190
Tc2h 0.26439 261141 21806.5 1070190
9d3c 0.263934 261047 21412.5 1070190
Ts2h 0.26388 260668 21733.5 1070190
Th2h 0.26388 260668 21733.5 1070190
Ts2s 0.26388 260668 21733.5 1070190
Th2s 0.26388 260668 21733.5 1070190
9c3c 0.263429 261505 20414.5 1070190
9d3s 0.263428 260531 21386.5 1070190
9d3h 0.263428 260531 21386.5 1070190
9d2c 0.262602 259622 21412.5 1070190
9d2h 0.262096 259106 21386.5 1070190
9d2s 0.262096 259106 21386.5 1070190
9c2c 0.262019 259996 20414.5 1070190
9c6s 0.259304 259116 18388.5 1070190
9c6h 0.259304 259116 18388.5 1070190
9h6c 0.259273 259120 18351.5 1070190
9s6c 0.259273 259120 18351.5 1070190
9h6h 0.258762 258595 18329 1070190
9h6s 0.258762 258595 18329 1070190
9s6h 0.258762 258595 18329 1070190
9s6s 0.258762 258595 18329 1070190
3s2c 0.257043 259212 15872.5 1070190
3h2c 0.257043 259212 15872.5 1070190
3c2s 0.257043 259212 15872.5 1070190
3c2h 0.257043 259212 15872.5 1070190
3s2s 0.256591 258759 15842 1070190
3s2h 0.256591 258759 15842 1070190
3h2s 0.256591 258759 15842 1070190
3h2h 0.256591 258759 15842 1070190
9c3d 0.255581 252487 21033.5 1070190
9h3d 0.25507 252011 20962.5 1070190
9s3d 0.25507 252011 20962.5 1070190
9c5s 0.254037 251390 20477.5 1070190
9c5h 0.254037 251390 20477.5 1070190
9s5c 0.253989 251380 20437 1070190
9h5c 0.253989 251380 20437 1070190
9s5h 0.25351 250893 20411 1070190
9s5s 0.25351 250893 20411 1070190
9h5s 0.25351 250893 20411 1070190
9h5h 0.25351 250893 20411 1070190
9c2d 0.252873 249589 21033.5 1070190
9s2d 0.252362 249113 20962.5 1070190
9h2d 0.252362 249113 20962.5 1070190
7c3c 0.232298 226565 22037.5 1070190
7c2c 0.230867 225034 22037.5 1070190
7d3c 0.230794 224224 22769.5 1070190
7d3s 0.23032 223743 22743.5 1070190
7d3h 0.23032 223743 22743.5 1070190
7d2c 0.229463 222799 22769.5 1070190
7d2h 0.228989 222318 22743.5 1070190
7d2s 0.228989 222318 22743.5 1070190
9c3s 0.228025 222776 21254 1070190
9c3h 0.228025 222776 21254 1070190
9h3c 0.22802 222816 21209 1070190
9s3c 0.22802 222816 21209 1070190
9h3s 0.227514 222300 21183 1070190
9s3s 0.227514 222300 21183 1070190
9s3h 0.227514 222300 21183 1070190
9h3h 0.227514 222300 21183 1070190
9c2h 0.226621 221273 21254 1070190
9c2s 0.226621 221273 21254 1070190
9s2c 0.226616 221313 21209 1070190
9h2c 0.226616 221313 21209 1070190
9s2h 0.226109 220797 21183 1070190
9h2s 0.226109 220797 21183 1070190
9s2s 0.226109 220797 21183 1070190
9h2h 0.226109 220797 21183 1070190
7c3d 0.224799 217987 22591 1070190
7h3d 0.224382 217604 22527 1070190
7s3d 0.224382 217604 22527 1070190
7c2d 0.222091 215089 22591 1070190
7s2d 0.221674 214706 22527 1070190
7h2d 0.221674 214706 22527 1070190
6c3c 0.212274 207344 19829.5 1070190
6c2c 0.210843 205813 19829.5 1070190
6d3c 0.20854 202790 20387 1070190
6d3h 0.208094 202336 20364.5 1070190
6d3s 0.208094 202336 20364.5 1070190
6d2c 0.207208 201365 20387 1070190
6d2s 0.206763 200911 20364.5 1070190
6d2h 0.206763 200911 20364.5 1070190
6c3d 0.20386 197919 20249.5 1070190
6s3d 0.203448 197533 20195.5 1070190
6h3d 0.203448 197533 20195.5 1070190
6c2d 0.201152 195021 20249.5 1070190
6s2d 0.200741 194635 20195.5 1070190
6h2d 0.200741 194635 20195.5 1070190
7h3c 0.196619 187651 22768.5 1070190
7s3c 0.196619 187651 22768.5 1070190
7c3h 0.196563 187553 22806.5 1070190
7c3s 0.196563 187553 22806.5 1070190
7h3h 0.196145 187170 22742.5 1070190
7s3h 0.196145 187170 22742.5 1070190
7s3s 0.196145 187170 22742.5 1070190
7h3s 0.196145 187170 22742.5 1070190
7s2c 0.195214 186148 22768.5 1070190
7h2c 0.195214 186148 22768.5 1070190
7c2s 0.195158 186050 22806.5 1070190
7c2h 0.195158 186050 22806.5 1070190
7s2h 0.194741 185667 22742.5 1070190
7h2h 0.194741 185667 22742.5 1070190
7h2s 0.194741 185667 22742.5 1070190
7s2s 0.194741 185667 22742.5 1070190
6s3c 0.175383 167297 20396.5 1070190
6h3c 0.175383 167297 20396.5 1070190
6c3s 0.175349 167229 20428 1070190
6c3h 0.175349 167229 20428 1070190
6h3h 0.174938 166843 20374 1070190
6s3s 0.174938 166843 20374 1070190
6s3h 0.174938 166843 20374 1070190
6h3s 0.174938 166843 20374 1070190
6s2c 0.173979 165794 20396.5 1070190
6h2c 0.173979 165794 20396.5 1070190
6c2s 0.173945 165726 20428 1070190
6c2h 0.173945 165726 20428 1070190
6h2h 0.173534 165340 20374 1070190
6h2s 0.173534 165340 20374 1070190
6s2s 0.173534 165340 20374 1070190
6s2h 0.173534 165340 20374 1070190
