Kc5c 0.982648 1051620 0 1070190
Kc3c 0.982642 1051614 0 1070190
Kc2c 0.982637 1051608 0 1070190
Kc8c 0.982412 1051368 0 1070190
Kc7c 0.982412 1051368 0 1070190
KcTc 0.982407 1051362 0 1070190
Kc6c 0.982407 1051362 0 1070190
KcJc 0.982401 1051356 0 1070190
KcQc 0.982397 1051351 0 1070190
Qc5c 0.96576 1033547 0 1070190
Qc3c 0.965755 1033541 0 1070190
Qc2c 0.965749 1033535 0 1070190
Qc8c 0.965522 1033292 0 1070190
QcTc 0.965516 1033286 0 1070190
QcJc 0.965512 1033281 0 1070190
Qc7c 0.965487 1033254 0 1070190
Qc6c 0.965481 1033248 0 1070190
Jc5c 0.949797 1016463 0 1070190
Jc3c 0.949791 1016457 0 1070190
Jc2c 0.949786 1016451 0 1070190
Jc8c 0.949597 1016249 0 1070190
JcTc 0.949592 1016244 0 1070190
Jc7c 0.949561 1016211 0 1070190
Jc6c 0.94948 1016124 0 1070190
Tc5c 0.934757 1000368 0 1070190
Tc3c 0.934752 1000362 0 1070190
Tc2c 0.934746 1000356 0 1070190
Tc8c 0.934637 1000239 0 1070190
Tc7c 0.9346 1000200 0 1070190
Tc6c 0.934519 1000113 0 1070190
8c5c 0.920795 985426 0 1070190
8c3c 0.920637 985256 0 1070190
8c2c 0.920631 985250 0 1070190
8c7c 0.920603 985220 0 1070190
8c6c 0.920523 985134 0 1070190
AdKc 0.910599 972153 2361 1070190
AsKc 0.910599 972153 2361 1070190
AhKc 0.910599 972153 2361 1070190
7c5c 0.907795 971513 0 1070190
7c3c 0.907636 971343 0 1070190
7c6c 0.907523 971222 0 1070190
7c2c 0.90744 971133 0 1070190
5c3c 0.896147 959048 0 1070190
5c2c 0.895952 958839 0 1070190
6c5c 0.895521 958378 0 1070190
6c3c 0.895363 958209 0 1070190
6c2c 0.895167 957999 0 1070190
AhQc 0.893033 952751 2964 1070190
AsQc 0.893033 952751 2964 1070190
AdQc 0.893033 952751 2964 1070190
3c2c 0.87822 932082 7780.5 1070190
AhJc 0.875937 933924 3495 1070190
AdJc 0.875937 933924 3495 1070190
AsJc 0.875937 933924 3495 1070190
AsTc 0.859311 915672 3954 1070190
AhTc 0.859311 915672 3954 1070190
AdTc 0.859311 915672 3954 1070190
KdKc 0.851459 910908 315 1070190
KhKc 0.851459 910908 315 1070190
KsKc 0.851459 910908 315 1070190
AsAd 0.849202 892647 16161 1070190
AsAh 0.849202 892647 16161 1070190
AhAd 0.849202 892647 16161 1070190
9s9d 0.842479 885387 16225.5 1070190
9s9h 0.842479 885387 16225.5 1070190
9h9d 0.842479 885387 16225.5 1070190
As8c 0.839556 891263 7221 1070190
Ad8c 0.839556 891263 7221 1070190
Ah8c 0.839556 891263 7221 1070190
4s4h 0.834973 877299 16281 1070190
4s4d 0.834973 877299 16281 1070190
4h4d 0.834973 877299 16281 1070190
Kc9s 0.831835 884058 6163.5 1070190
Kc9h 0.831835 884058 6163.5 1070190
Kc9d 0.831835 884058 6163.5 1070190
QsQc 0.826885 884609 315 1070190
QdQc 0.826885 884609 315 1070190
QhQc 0.826885 884609 315 1070190
Ah7c 0.824228 874074 8007 1070190
As7c 0.824228 874074 8007 1070190
Ad7c 0.824228 874074 8007 1070190
Qc9h 0.814989 865619 6574.5 1070190
Qc9s 0.814989 865619 6574.5 1070190
Qc9d 0.814989 865619 6574.5 1070190
Ah6c 0.809525 857637 8709 1070190
Ad6c 0.809525 857637 8709 1070190
As6c 0.809525 857637 8709 1070190
JsJc 0.802579 858597 315 1070190
JhJc 0.802579 858597 315 1070190
JdJc 0.802579 858597 315 1070190
Ad5c 0.798811 845125 9754.5 1070190
As5c 0.798811 845125 9754.5 1070190
Ah5c 0.798811 845125 9754.5 1070190
Jc9h 0.798311 847155 7189.5 1070190
Jc9s 0.798311 847155 7189.5 1070190
Jc9d 0.798311 847155 7189.5 1070190
Ah9d 0.79677 833862 18833 1070190
Ah9s 0.79677 833862 18833 1070190
Ad9d 0.79677 833862 18833 1070190
Ah9h 0.79677 833862 18833 1070190
Ad9h 0.79677 833862 18833 1070190
Ad9s 0.79677 833862 18833 1070190
As9d 0.79677 833862 18833 1070190
As9h 0.79677 833862 18833 1070190
As9s 0.79677 833862 18833 1070190
Tc9s 0.781935 828882 7936.5 1070190
Tc9d 0.781935 828882 7936.5 1070190
Tc9h 0.781935 828882 7936.5 1070190
Ah4s 0.781871 815091 21659 1070190
As4h 0.781871 815091 21659 1070190
Ah4h 0.781871 815091 21659 1070190
Ah4d 0.781871 815091 21659 1070190
Ad4d 0.781871 815091 21659 1070190
Ad4h 0.781871 815091 21659 1070190
As4d 0.781871 815091 21659 1070190
Ad4s 0.781871 815091 21659 1070190
As4s 0.781871 815091 21659 1070190
ThTc 0.778541 832872 315 1070190
TdTc 0.778541 832872 315 1070190
TsTc 0.778541 832872 315 1070190
As3c 0.775209 808922 20698.5 1070190
Ad3c 0.775209 808922 20698.5 1070190
Ah3c 0.775209 808922 20698.5 1070190
As2c 0.762272 792617 23159 1070190
Ad2c 0.762272 792617 23159 1070190
Ah2c 0.762272 792617 23159 1070190
9d8c 0.757335 801785 8707.5 1070190
9h8c 0.757335 801785 8707.5 1070190
9s8c 0.757335 801785 8707.5 1070190
Kc4d 0.750955 796767 6897 1070190
Kc4h 0.750955 796767 6897 1070190
Kc4s 0.750955 796767 6897 1070190
9s4d 0.747656 777843 22290.5 1070190
9h4s 0.747656 777843 22290.5 1070190
9h4h 0.747656 777843 22290.5 1070190
9h4d 0.747656 777843 22290.5 1070190
9s4s 0.747656 777843 22290.5 1070190
9d4s 0.747656 777843 22290.5 1070190
9d4h 0.747656 777843 22290.5 1070190
9d4d 0.747656 777843 22290.5 1070190
9s4h 0.747656 777843 22290.5 1070190
9s7c 0.742008 784596 9493.5 1070190
9d7c 0.742008 784596 9493.5 1070190
9h7c 0.742008 784596 9493.5 1070190
Qc4d 0.733075 777302 7227 1070190
Qc4h 0.733075 777302 7227 1070190
Qc4s 0.733075 777302 7227 1070190
AsKd 0.731761 763971 19152 1070190
AsKh 0.731761 763971 19152 1070190
AhKh 0.731761 763971 19152 1070190
AdKs 0.731761 763971 19152 1070190
AdKh 0.731761 763971 19152 1070190
AsKs 0.731761 763971 19152 1070190
AhKd 0.731761 763971 19152 1070190
AhKs 0.731761 763971 19152 1070190
AdKd 0.731761 763971 19152 1070190
9h6c 0.727305 768159 10195.5 1070190
9s6c 0.727305 768159 10195.5 1070190
9d6c 0.727305 768159 10195.5 1070190
AdQh 0.726524 757611 19908 1070190
AhQd 0.726524 757611 19908 1070190
AdQd 0.726524 757611 19908 1070190
AsQd 0.726524 757611 19908 1070190
AsQh 0.726524 757611 19908 1070190
AsQs 0.726524 757611 19908 1070190
AhQh 0.726524 757611 19908 1070190
AhQs 0.726524 757611 19908 1070190
AdQs 0.726524 757611 19908 1070190
AdJs 0.72154 751611 20574 1070190
AdJh 0.72154 751611 20574 1070190
AhJs 0.72154 751611 20574 1070190
AdJd 0.72154 751611 20574 1070190
AhJd 0.72154 751611 20574 1070190
AsJs 0.72154 751611 20574 1070190
AhJh 0.72154 751611 20574 1070190
AsJh 0.72154 751611 20574 1070190
AsJd 0.72154 751611 20574 1070190
9h5c 0.717272 756376 11241 1070190
9d5c 0.717272 756376 11241 1070190
9s5c 0.717272 756376 11241 1070190
AsTs 0.716808 745971 21150 1070190
AsTh 0.716808 745971 21150 1070190
AsTd 0.716808 745971 21150 1070190
AdTd 0.716808 745971 21150 1070190
AdTh 0.716808 745971 21150 1070190
AdTs 0.716808 745971 21150 1070190
AhTd 0.716808 745971 21150 1070190
AhTh 0.716808 745971 21150 1070190
AhTs 0.716808 745971 21150 1070190
Jc4s 0.715488 757947 7761 1070190
Jc4d 0.715488 757947 7761 1070190
Jc4h 0.715488 757947 7761 1070190
As8h 0.707263 731148 25758 1070190
As8s 0.707263 731148 25758 1070190
Ad8s 0.707263 731148 25758 1070190
Ad8h 0.707263 731148 25758 1070190
Ad8d 0.707263 731148 25758 1070190
Ah8d 0.707263 731148 25758 1070190
Ah8s 0.707263 731148 25758 1070190
As8d 0.707263 731148 25758 1070190
Ah8h 0.707263 731148 25758 1070190
Ad7h 0.703341 725808 26901 1070190
Ah7d 0.703341 725808 26901 1070190
Ah7h 0.703341 725808 26901 1070190
Ah7s 0.703341 725808 26901 1070190
Ad7d 0.703341 725808 26901 1070190
As7d 0.703341 725808 26901 1070190
As7h 0.703341 725808 26901 1070190
As7s 0.703341 725808 26901 1070190
Ad7s 0.703341 725808 26901 1070190
Ah5d 0.702577 722513 29377.5 1070190
Ah5h 0.702577 722513 29377.5 1070190
Ah5s 0.702577 722513 29377.5 1070190
Ad5d 0.702577 722513 29377.5 1070190
Ad5h 0.702577 722513 29377.5 1070190
As5d 0.702577 722513 29377.5 1070190
Ad5s 0.702577 722513 29377.5 1070190
As5s 0.702577 722513 29377.5 1070190
As5h 0.702577 722513 29377.5 1070190
8s8c 0.701804 750542 522 1070190
8h8c 0.701804 750542 522 1070190
8d8c 0.701804 750542 522 1070190
As6d 0.699739 720924 27930 1070190
As6s 0.699739 720924 27930 1070190
Ah6s 0.699739 720924 27930 1070190
Ah6h 0.699739 720924 27930 1070190
Ad6h 0.699739 720924 27930 1070190
Ah6d 0.699739 720924 27930 1070190
Ad6s 0.699739 720924 27930 1070190
As6h 0.699739 720924 27930 1070190
Ad6d 0.699739 720924 27930 1070190
Ad3s 0.699726 718730 30109.5 1070190
Ah3d 0.699726 718730 30109.5 1070190
Ad3d 0.699726 718730 30109.5 1070190
Ah3h 0.699726 718730 30109.5 1070190
Ah3s 0.699726 718730 30109.5 1070190
Ad3h 0.699726 718730 30109.5 1070190
As3d 0.699726 718730 30109.5 1070190
As3s 0.699726 718730 30109.5 1070190
As3h 0.699726 718730 30109.5 1070190
As2d 0.699367 718346 30109.5 1070190
Ad2h 0.699367 718346 30109.5 1070190
As2h 0.699367 718346 30109.5 1070190
Ad2s 0.699367 718346 30109.5 1070190
As2s 0.699367 718346 30109.5 1070190
Ah2d 0.699367 718346 30109.5 1070190
Ah2h 0.699367 718346 30109.5 1070190
Ah2s 0.699367 718346 30109.5 1070190
Ad2d 0.699367 718346 30109.5 1070190
Tc4d 0.698329 738918 8427 1070190
Tc4h 0.698329 738918 8427 1070190
Tc4s 0.698329 738918 8427 1070190
9s3c 0.693804 720173 22329 1070190
9h3c 0.693804 720173 22329 1070190
9d3c 0.693804 720173 22329 1070190
9s2c 0.680867 703868 24789.5 1070190
9d2c 0.680867 703868 24789.5 1070190
9h2c 0.680867 703868 24789.5 1070190
KcQs 0.680227 720162 7810.5 1070190
KcQh 0.680227 720162 7810.5 1070190
KcQd 0.680227 720162 7810.5 1070190
7d7c 0.677512 724581 486 1070190
7h7c 0.677512 724581 486 1070190
7s7c 0.677512 724581 486 1070190
8c4s 0.676106 710564 12997.5 1070190
8c4h 0.676106 710564 12997.5 1070190
8c4d 0.676106 710564 12997.5 1070190
KcJd 0.673746 712470 8566.5 1070190
KcJh 0.673746 712470 8566.5 1070190
KcJs 0.673746 712470 8566.5 1070190
KcTh 0.667694 705345 9214.5 1070190
KcTs 0.667694 705345 9214.5 1070190
KcTd 0.667694 705345 9214.5 1070190
KhQc 0.66644 705503 7714.5 1070190
KdQc 0.66644 705503 7714.5 1070190
KsQc 0.66644 705503 7714.5 1070190
7c4s 0.661905 694989 13375.5 1070190
7c4h 0.661905 694989 13375.5 1070190
7c4d 0.661905 694989 13375.5 1070190
6s6c 0.653306 698712 450 1070190
6h6c 0.653306 698712 450 1070190
6d6c 0.653306 698712 450 1070190
KsKd 0.651554 680811 16476 1070190
KhKd 0.651554 680811 16476 1070190
KsKh 0.651554 680811 16476 1070190
6c4s 0.648422 680397 13537.5 1070190
6c4d 0.648422 680397 13537.5 1070190
6c4h 0.648422 680397 13537.5 1070190
Kc8s 0.647544 679017 13978.5 1070190
Kc8h 0.647544 679017 13978.5 1070190
Kc8d 0.647544 679017 13978.5 1070190
KsJc 0.646701 683685 8407.5 1070190
KhJc 0.646701 683685 8407.5 1070190
KdJc 0.646701 683685 8407.5 1070190
Kc7s 0.642689 672597 15202.5 1070190
Kc7h 0.642689 672597 15202.5 1070190
Kc7d 0.642689 672597 15202.5 1070190
Kc5d 0.641771 669252 17565 1070190
Kc5h 0.641771 669252 17565 1070190
Kc5s 0.641771 669252 17565 1070190
5c4h 0.639852 670708 14055 1070190
5c4s 0.639852 670708 14055 1070190
5c4d 0.639852 670708 14055 1070190
Kc6h 0.638313 666834 16282.5 1070190
Kc6s 0.638313 666834 16282.5 1070190
Kc6d 0.638313 666834 16282.5 1070190
QhQd 0.637081 665322 16476 1070190
QsQd 0.637081 665322 16476 1070190
QsQh 0.637081 665322 16476 1070190
5d5c 0.635807 679669 765 1070190
5h5c 0.635807 679669 765 1070190
5s5c 0.635807 679669 765 1070190
Kc3s 0.634173 660684 18001.5 1070190
Kc3h 0.634173 660684 18001.5 1070190
Kc3d 0.634173 660684 18001.5 1070190
Kc2d 0.633223 659667 18001.5 1070190
Kc2h 0.633223 659667 18001.5 1070190
Kc2s 0.633223 659667 18001.5 1070190
KhTc 0.627633 662685 9001.5 1070190
KsTc 0.627633 662685 9001.5 1070190
KdTc 0.627633 662685 9001.5 1070190
QcJd 0.626749 662318 8422.5 1070190
QcJh 0.626749 662318 8422.5 1070190
QcJs 0.626749 662318 8422.5 1070190
JhJd 0.622608 649833 16476 1070190
JsJd 0.622608 649833 16476 1070190
JsJh 0.622608 649833 16476 1070190
Kh9d 0.622108 641478 24295.5 1070190
Ks9h 0.622108 641478 24295.5 1070190
Ks9s 0.622108 641478 24295.5 1070190
Kh9s 0.622108 641478 24295.5 1070190
Ks9d 0.622108 641478 24295.5 1070190
Kh9h 0.622108 641478 24295.5 1070190
Kd9d 0.622108 641478 24295.5 1070190
Kd9h 0.622108 641478 24295.5 1070190
Kd9s 0.622108 641478 24295.5 1070190
QcTd 0.620571 655058 9070.5 1070190
QcTh 0.620571 655058 9070.5 1070190
QcTs 0.620571 655058 9070.5 1070190
Qs9d 0.617914 636474 24811.5 1070190
Qd9s 0.617914 636474 24811.5 1070190
Qd9h 0.617914 636474 24811.5 1070190
Qh9s 0.617914 636474 24811.5 1070190
Qd9d 0.617914 636474 24811.5 1070190
Qh9h 0.617914 636474 24811.5 1070190
Qh9d 0.617914 636474 24811.5 1070190
Qs9h 0.617914 636474 24811.5 1070190
Qs9s 0.617914 636474 24811.5 1070190
Jd9h 0.613535 630954 25645.5 1070190
Jd9s 0.613535 630954 25645.5 1070190
Jh9d 0.613535 630954 25645.5 1070190
Jh9h 0.613535 630954 25645.5 1070190
Jh9s 0.613535 630954 25645.5 1070190
Js9d 0.613535 630954 25645.5 1070190
Js9h 0.613535 630954 25645.5 1070190
Js9s 0.613535 630954 25645.5 1070190
Jd9d 0.613535 630954 25645.5 1070190
QdJc 0.613278 648048 8275.5 1070190
QsJc 0.613278 648048 8275.5 1070190
QhJc 0.613278 648048 8275.5 1070190
4d3c 0.610054 628490 24384 1070190
4h3c 0.610054 628490 24384 1070190
4s3c 0.610054 628490 24384 1070190
Ts9h 0.609174 625242 26689.5 1070190
Ts9d 0.609174 625242 26689.5 1070190
Th9s 0.609174 625242 26689.5 1070190
Th9h 0.609174 625242 26689.5 1070190
Th9d 0.609174 625242 26689.5 1070190
Ts9s 0.609174 625242 26689.5 1070190
Td9s 0.609174 625242 26689.5 1070190
Td9h 0.609174 625242 26689.5 1070190
Td9d 0.609174 625242 26689.5 1070190
TsTh 0.608135 634344 16476 1070190
TsTd 0.608135 634344 16476 1070190
ThTd 0.608135 634344 16476 1070190
Qc8s 0.600665 629261 13564.5 1070190
Qc8h 0.600665 629261 13564.5 1070190
Qc8d 0.600665 629261 13564.5 1070190
4d2c 0.597118 612185 26844.5 1070190
4s2c 0.597118 612185 26844.5 1070190
4h2c 0.597118 612185 26844.5 1070190
QhTc 0.594084 626913 8869.5 1070190
QsTc 0.594084 626913 8869.5 1070190
QdTc 0.594084 626913 8869.5 1070190
9d8d 0.592749 606534 27820.5 1070190
9h8h 0.592749 606534 27820.5 1070190
9d8h 0.592749 606534 27820.5 1070190
9d8s 0.592749 606534 27820.5 1070190
9h8d 0.592749 606534 27820.5 1070190
9h8s 0.592749 606534 27820.5 1070190
9s8d 0.592749 606534 27820.5 1070190
9s8h 0.592749 606534 27820.5 1070190
9s8s 0.592749 606534 27820.5 1070190
Kd8c 0.592697 621203 13095 1070190
Kh8c 0.592697 621203 13095 1070190
Ks8c 0.592697 621203 13095 1070190
Qc7s 0.590049 616460 15004.5 1070190
Qc7d 0.590049 616460 15004.5 1070190
Qc7h 0.590049 616460 15004.5 1070190
Qc5d 0.589476 613484 17367 1070190
Qc5s 0.589476 613484 17367 1070190
Qc5h 0.589476 613484 17367 1070190
9h5d 0.589047 598952 31440 1070190
9d5s 0.589047 598952 31440 1070190
9d5h 0.589047 598952 31440 1070190
9d5d 0.589047 598952 31440 1070190
9h5h 0.589047 598952 31440 1070190
9s5d 0.589047 598952 31440 1070190
9h5s 0.589047 598952 31440 1070190
9s5s 0.589047 598952 31440 1070190
9s5h 0.589047 598952 31440 1070190
9s7d 0.588828 601194 28963.5 1070190
9h7s 0.588828 601194 28963.5 1070190
9h7d 0.588828 601194 28963.5 1070190
9h7h 0.588828 601194 28963.5 1070190
9d7d 0.588828 601194 28963.5 1070190
9s7h 0.588828 601194 28963.5 1070190
9s7s 0.588828 601194 28963.5 1070190
9d7s 0.588828 601194 28963.5 1070190
9d7h 0.588828 601194 28963.5 1070190
9h3s 0.586319 595169 32304 1070190
9s3d 0.586319 595169 32304 1070190
9s3h 0.586319 595169 32304 1070190
9s3s 0.586319 595169 32304 1070190
9h3h 0.586319 595169 32304 1070190
9h3d 0.586319 595169 32304 1070190
9d3s 0.586319 595169 32304 1070190
9d3h 0.586319 595169 32304 1070190
9d3d 0.586319 595169 32304 1070190
9d2h 0.58596 594785 32304 1070190
9s2s 0.58596 594785 32304 1070190
9s2h 0.58596 594785 32304 1070190
9s2d 0.58596 594785 32304 1070190
9h2d 0.58596 594785 32304 1070190
9h2s 0.58596 594785 32304 1070190
9h2h 0.58596 594785 32304 1070190
9d2s 0.58596 594785 32304 1070190
9d2d 0.58596 594785 32304 1070190
Qc6s 0.585673 610697 16084.5 1070190
Qc6h 0.585673 610697 16084.5 1070190
Qc6d 0.585673 610697 16084.5 1070190
9h6s 0.585226 596310 29992.5 1070190
9d6s 0.585226 596310 29992.5 1070190
9h6d 0.585226 596310 29992.5 1070190
9h6h 0.585226 596310 29992.5 1070190
9d6h 0.585226 596310 29992.5 1070190
9s6d 0.585226 596310 29992.5 1070190
9d6d 0.585226 596310 29992.5 1070190
9s6h 0.585226 596310 29992.5 1070190
9s6s 0.585226 596310 29992.5 1070190
Qc3d 0.581878 604916 17803.5 1070190
Qc3h 0.581878 604916 17803.5 1070190
Qc3s 0.581878 604916 17803.5 1070190
Qc2h 0.580927 603899 17803.5 1070190
Qc2s 0.580927 603899 17803.5 1070190
Qc2d 0.580927 603899 17803.5 1070190
JcTs 0.579232 611070 8818.5 1070190
JcTh 0.579232 611070 8818.5 1070190
JcTd 0.579232 611070 8818.5 1070190
Kh7c 0.575343 601557 14169 1070190
Kd7c 0.575343 601557 14169 1070190
Ks7c 0.575343 601557 14169 1070190
JdTc 0.56606 597153 8638.5 1070190
JhTc 0.56606 597153 8638.5 1070190
JsTc 0.56606 597153 8638.5 1070190
Qd8c 0.559387 585935 12715.5 1070190
Qh8c 0.559387 585935 12715.5 1070190
Qs8c 0.559387 585935 12715.5 1070190
Jc8h 0.5592 585138 13312.5 1070190
Jc8d 0.5592 585138 13312.5 1070190
Jc8s 0.5592 585138 13312.5 1070190
Ks6c 0.55879 582888 15123 1070190
Kh6c 0.55879 582888 15123 1070190
Kd6c 0.55879 582888 15123 1070190
3s3c 0.550769 574580 14847 1070190
3h3c 0.550769 574580 14847 1070190
3d3c 0.550769 574580 14847 1070190
Kh5c 0.549349 571564 16344 1070190
Kd5c 0.549349 571564 16344 1070190
Ks5c 0.549349 571564 16344 1070190
Jc7s 0.548778 572760 14536.5 1070190
Jc7h 0.548778 572760 14536.5 1070190
Jc7d 0.548778 572760 14536.5 1070190
Jc5s 0.542015 562998 17061 1070190
Jc5h 0.542015 562998 17061 1070190
Jc5d 0.542015 562998 17061 1070190
Jc6d 0.537994 559977 15778.5 1070190
Jc6h 0.537994 559977 15778.5 1070190
Jc6s 0.537994 559977 15778.5 1070190
Qh7c 0.536256 559908 13987.5 1070190
Qs7c 0.536256 559908 13987.5 1070190
Qd7c 0.536256 559908 13987.5 1070190
Jc3d 0.534417 554430 17497.5 1070190
Jc3h 0.534417 554430 17497.5 1070190
Jc3s 0.534417 554430 17497.5 1070190
Jc2d 0.533466 553413 17497.5 1070190
Jc2h 0.533466 553413 17497.5 1070190
Jc2s 0.533466 553413 17497.5 1070190
Jd8c 0.531237 556040 12484.5 1070190
Jh8c 0.531237 556040 12484.5 1070190
Js8c 0.531237 556040 12484.5 1070190
2s2c 0.527572 547295 17307.5 1070190
2h2c 0.527572 547295 17307.5 1070190
2d2c 0.527572 547295 17307.5 1070190
Tc8s 0.523394 547179 12952.5 1070190
Tc8h 0.523394 547179 12952.5 1070190
Tc8d 0.523394 547179 12952.5 1070190
8h8d 0.520869 540768 16660.5 1070190
8s8d 0.520869 540768 16660.5 1070190
8s8h 0.520869 540768 16660.5 1070190
Qh6c 0.519703 541239 14941.5 1070190
Qd6c 0.519703 541239 14941.5 1070190
Qs6c 0.519703 541239 14941.5 1070190
Kd3c 0.517594 526829 27094.5 1070190
Ks3c 0.517594 526829 27094.5 1070190
Kh3c 0.517594 526829 27094.5 1070190
Tc7s 0.512846 534666 14176.5 1070190
Tc7h 0.512846 534666 14176.5 1070190
Tc7d 0.512846 534666 14176.5 1070190
Qh5c 0.510615 530293 16162.5 1070190
Qd5c 0.510615 530293 16162.5 1070190
Qs5c 0.510615 530293 16162.5 1070190
Ks4h 0.508829 519672 24871.5 1070190
Kd4d 0.508829 519672 24871.5 1070190
Kd4h 0.508829 519672 24871.5 1070190
Kd4s 0.508829 519672 24871.5 1070190
Ks4d 0.508829 519672 24871.5 1070190
Kh4d 0.508829 519672 24871.5 1070190
Ks4s 0.508829 519672 24871.5 1070190
Kh4s 0.508829 519672 24871.5 1070190
Kh4h 0.508829 519672 24871.5 1070190
Ts8c 0.508486 532022 12154.5 1070190
Td8c 0.508486 532022 12154.5 1070190
Th8c 0.508486 532022 12154.5 1070190
Jh7c 0.508299 530418 13558.5 1070190
Js7c 0.508299 530418 13558.5 1070190
Jd7c 0.508299 530418 13558.5 1070190
7s7d 0.505357 524199 16629 1070190
7s7h 0.505357 524199 16629 1070190
7h7d 0.505357 524199 16629 1070190
Kd2c 0.503631 509426 29555 1070190
Ks2c 0.503631 509426 29555 1070190
Kh2c 0.503631 509426 29555 1070190
Qh4h 0.503613 513660 25302 1070190
Qh4d 0.503613 513660 25302 1070190
Qd4d 0.503613 513660 25302 1070190
Qh4s 0.503613 513660 25302 1070190
Qd4s 0.503613 513660 25302 1070190
Qd4h 0.503613 513660 25302 1070190
Qs4s 0.503613 513660 25302 1070190
Qs4h 0.503613 513660 25302 1070190
Qs4d 0.503613 513660 25302 1070190
Tc6s 0.502205 522198 15256.5 1070190
Tc6h 0.502205 522198 15256.5 1070190
Tc6d 0.502205 522198 15256.5 1070190
Tc5h 0.499389 517794 16647 1070190
Tc5d 0.499389 517794 16647 1070190
Tc5s 0.499389 517794 16647 1070190
Jh4d 0.498339 507267 26050.5 1070190
Jh4h 0.498339 507267 26050.5 1070190
Jh4s 0.498339 507267 26050.5 1070190
Js4s 0.498339 507267 26050.5 1070190
Js4h 0.498339 507267 26050.5 1070190
Js4d 0.498339 507267 26050.5 1070190
Jd4d 0.498339 507267 26050.5 1070190
Jd4s 0.498339 507267 26050.5 1070190
Jd4h 0.498339 507267 26050.5 1070190
Ts4d 0.493208 500817 27009 1070190
Td4s 0.493208 500817 27009 1070190
Ts4h 0.493208 500817 27009 1070190
Ts4s 0.493208 500817 27009 1070190
Td4h 0.493208 500817 27009 1070190
Th4s 0.493208 500817 27009 1070190
Td4d 0.493208 500817 27009 1070190
Th4d 0.493208 500817 27009 1070190
Th4h 0.493208 500817 27009 1070190
Tc3h 0.491791 509226 17083.5 1070190
Tc3d 0.491791 509226 17083.5 1070190
Tc3s 0.491791 509226 17083.5 1070190
Tc2s 0.49084 508209 17083.5 1070190
Tc2h 0.49084 508209 17083.5 1070190
Tc2d 0.49084 508209 17083.5 1070190
6s6d 0.489366 507117 16597.5 1070190
6h6d 0.489366 507117 16597.5 1070190
6s6h 0.489366 507117 16597.5 1070190
Th7c 0.485422 506265 13228.5 1070190
Ts7c 0.485422 506265 13228.5 1070190
Td7c 0.485422 506265 13228.5 1070190
Js6c 0.485317 504720 14661 1070190
Jh6c 0.485317 504720 14661 1070190
Jd6c 0.485317 504720 14661 1070190
5d4h 0.483457 482201 35190 1070190
5s4s 0.483457 482201 35190 1070190
5s4h 0.483457 482201 35190 1070190
5s4d 0.483457 482201 35190 1070190
5h4s 0.483457 482201 35190 1070190
5h4h 0.483457 482201 35190 1070190
5h4d 0.483457 482201 35190 1070190
5d4d 0.483457 482201 35190 1070190
5d4s 0.483457 482201 35190 1070190
5s5h 0.483267 500210 16977 1070190
5s5d 0.483267 500210 16977 1070190
5h5d 0.483267 500210 16977 1070190
8s4s 0.480918 481056 33618 1070190
8s4h 0.480918 481056 33618 1070190
8s4d 0.480918 481056 33618 1070190
8h4s 0.480918 481056 33618 1070190
8h4h 0.480918 481056 33618 1070190
8h4d 0.480918 481056 33618 1070190
8d4d 0.480918 481056 33618 1070190
8d4h 0.480918 481056 33618 1070190
8d4s 0.480918 481056 33618 1070190
7h4s 0.478899 478296 34216.5 1070190
7h4d 0.478899 478296 34216.5 1070190
7h4h 0.478899 478296 34216.5 1070190
7d4s 0.478899 478296 34216.5 1070190
7d4h 0.478899 478296 34216.5 1070190
7d4d 0.478899 478296 34216.5 1070190
7s4d 0.478899 478296 34216.5 1070190
7s4s 0.478899 478296 34216.5 1070190
7s4h 0.478899 478296 34216.5 1070190
Qh3c 0.47886 485558 26913 1070190
Qd3c 0.47886 485558 26913 1070190
Qs3c 0.47886 485558 26913 1070190
6d4d 0.477308 476319 34491 1070190
6d4h 0.477308 476319 34491 1070190
6d4s 0.477308 476319 34491 1070190
6s4s 0.477308 476319 34491 1070190
6s4h 0.477308 476319 34491 1070190
6h4d 0.477308 476319 34491 1070190
6h4h 0.477308 476319 34491 1070190
6s4d 0.477308 476319 34491 1070190
6h4s 0.477308 476319 34491 1070190
Jd5c 0.476457 494017 15882 1070190
Jh5c 0.476457 494017 15882 1070190
Js5c 0.476457 494017 15882 1070190
4d3s 0.471822 469766 35173.5 1070190
4d3h 0.471822 469766 35173.5 1070190
4h3d 0.471822 469766 35173.5 1070190
4h3h 0.471822 469766 35173.5 1070190
4h3s 0.471822 469766 35173.5 1070190
4d3d 0.471822 469766 35173.5 1070190
4s3d 0.471822 469766 35173.5 1070190
4s3h 0.471822 469766 35173.5 1070190
4s3s 0.471822 469766 35173.5 1070190
4s2s 0.471463 469382 35173.5 1070190
4d2s 0.471463 469382 35173.5 1070190
4h2h 0.471463 469382 35173.5 1070190
4h2d 0.471463 469382 35173.5 1070190
4s2h 0.471463 469382 35173.5 1070190
4s2d 0.471463 469382 35173.5 1070190
4d2d 0.471463 469382 35173.5 1070190
4h2s 0.471463 469382 35173.5 1070190
4d2h 0.471463 469382 35173.5 1070190
8c7s 0.470254 486632 16629 1070190
8c7h 0.470254 486632 16629 1070190
8c7d 0.470254 486632 16629 1070190
Qd2c 0.464897 468155 29373.5 1070190
Qs2c 0.464897 468155 29373.5 1070190
Qh2c 0.464897 468155 29373.5 1070190
Td6c 0.462587 480873 14182.5 1070190
Ts6c 0.462587 480873 14182.5 1070190
Th6c 0.462587 480873 14182.5 1070190
8c6s 0.459739 474299 17709 1070190
8c6d 0.459739 474299 17709 1070190
8c6h 0.459739 474299 17709 1070190
8s7c 0.457921 473793 16269 1070190
8h7c 0.457921 473793 16269 1070190
8d7c 0.457921 473793 16269 1070190
8c5h 0.456856 469931 18991.5 1070190
8c5d 0.456856 469931 18991.5 1070190
8c5s 0.456856 469931 18991.5 1070190
5c3h 0.450549 465841 16332 1070190
5c3d 0.450549 465841 16332 1070190
5c3s 0.450549 465841 16332 1070190
Td5c 0.446873 462736 15502.5 1070190
Th5c 0.446873 462736 15502.5 1070190
Ts5c 0.446873 462736 15502.5 1070190
Js3c 0.444701 449282 26632.5 1070190
Jh3c 0.444701 449282 26632.5 1070190
Jd3c 0.444701 449282 26632.5 1070190
5c2s 0.442408 457129 16332 1070190
5c2h 0.442408 457129 16332 1070190
5c2d 0.442408 457129 16332 1070190
8c3h 0.441962 453533 19450.5 1070190
8c3d 0.441962 453533 19450.5 1070190
8c3s 0.441962 453533 19450.5 1070190
8c2s 0.441012 452516 19450.5 1070190
8c2h 0.441012 452516 19450.5 1070190
8c2d 0.441012 452516 19450.5 1070190
7c6s 0.43665 450255 17043 1070190
7c6h 0.43665 450255 17043 1070190
7c6d 0.43665 450255 17043 1070190
8s6c 0.435212 448536 17223 1070190
8d6c 0.435212 448536 17223 1070190
8h6c 0.435212 448536 17223 1070190
7c5s 0.433632 445743 18325.5 1070190
7c5h 0.433632 445743 18325.5 1070190
7c5d 0.433632 445743 18325.5 1070190
Jh2c 0.430738 431879 29093 1070190
Jd2c 0.430738 431879 29093 1070190
Js2c 0.430738 431879 29093 1070190
5s3c 0.426863 430307 26517 1070190
5d3c 0.426863 430307 26517 1070190
5h3c 0.426863 430307 26517 1070190
7d6c 0.424701 437805 16705.5 1070190
7s6c 0.424701 437805 16705.5 1070190
7h6c 0.424701 437805 16705.5 1070190
KsQd 0.421964 427424 24157.5 1070190
KsQh 0.421964 427424 24157.5 1070190
KhQd 0.421964 427424 24157.5 1070190
KdQs 0.421964 427424 24157.5 1070190
KdQh 0.421964 427424 24157.5 1070190
KdQd 0.421964 427424 24157.5 1070190
KhQh 0.421964 427424 24157.5 1070190
KsQs 0.421964 427424 24157.5 1070190
KhQs 0.421964 427424 24157.5 1070190
8s5c 0.419447 430444 18444 1070190
8h5c 0.419447 430444 18444 1070190
8d5c 0.419447 430444 18444 1070190
7c3s 0.41878 429444 18730.5 1070190
7c3h 0.41878 429444 18730.5 1070190
7c3d 0.41878 429444 18730.5 1070190
Th3c 0.415117 418001 26253 1070190
Ts3c 0.415117 418001 26253 1070190
Td3c 0.415117 418001 26253 1070190
KhJd 0.414325 418430 24976.5 1070190
KsJs 0.414325 418430 24976.5 1070190
KsJh 0.414325 418430 24976.5 1070190
KsJd 0.414325 418430 24976.5 1070190
KdJd 0.414325 418430 24976.5 1070190
KdJh 0.414325 418430 24976.5 1070190
KdJs 0.414325 418430 24976.5 1070190
KhJs 0.414325 418430 24976.5 1070190
KhJh 0.414325 418430 24976.5 1070190
7c2s 0.410135 420192 18730.5 1070190
7c2h 0.410135 420192 18730.5 1070190
7c2d 0.410135 420192 18730.5 1070190
7d5c 0.408819 419587 17926.5 1070190
7h5c 0.408819 419587 17926.5 1070190
7s5c 0.408819 419587 17926.5 1070190
6c5s 0.4075 419373 16729.5 1070190
6c5h 0.4075 419373 16729.5 1070190
6c5d 0.4075 419373 16729.5 1070190
3c2s 0.40736 411326 24627 1070190
3c2d 0.40736 411326 24627 1070190
3c2h 0.40736 411326 24627 1070190
KsTh 0.407191 410093 25678.5 1070190
KsTs 0.407191 410093 25678.5 1070190
KdTd 0.407191 410093 25678.5 1070190
KhTh 0.407191 410093 25678.5 1070190
KhTd 0.407191 410093 25678.5 1070190
KhTs 0.407191 410093 25678.5 1070190
KsTd 0.407191 410093 25678.5 1070190
KdTs 0.407191 410093 25678.5 1070190
KdTh 0.407191 410093 25678.5 1070190
5d2c 0.405886 405398 28977.5 1070190
5h2c 0.405886 405398 28977.5 1070190
5s2c 0.405886 405398 28977.5 1070190
Ts2c 0.401154 400598 28713.5 1070190
Th2c 0.401154 400598 28713.5 1070190
Td2c 0.401154 400598 28713.5 1070190
3h3d 0.397293 404552 20626.5 1070190
3s3h 0.397293 404552 20626.5 1070190
3s3d 0.397293 404552 20626.5 1070190
6s5c 0.394982 406255 16450.5 1070190
6h5c 0.394982 406255 16450.5 1070190
6d5c 0.394982 406255 16450.5 1070190
3h2c 0.394609 395219 27087.5 1070190
3s2c 0.394609 395219 27087.5 1070190
3d2c 0.394609 395219 27087.5 1070190
6c3d 0.392775 403209 17134.5 1070190
6c3h 0.392775 403209 17134.5 1070190
6c3s 0.392775 403209 17134.5 1070190
6c2d 0.384129 393957 17134.5 1070190
6c2s 0.384129 393957 17134.5 1070190
6c2h 0.384129 393957 17134.5 1070190
2h2d 0.383161 389429 20626.5 1070190
2s2d 0.383161 389429 20626.5 1070190
2s2h 0.383161 389429 20626.5 1070190
8h3c 0.380375 377870 29203.5 1070190
8d3c 0.380375 377870 29203.5 1070190
8s3c 0.380375 377870 29203.5 1070190
Kh8h 0.380102 375761 31020 1070190
Ks8s 0.380102 375761 31020 1070190
Ks8h 0.380102 375761 31020 1070190
Kh8s 0.380102 375761 31020 1070190
Kd8s 0.380102 375761 31020 1070190
Kd8h 0.380102 375761 31020 1070190
Kd8d 0.380102 375761 31020 1070190
Kh8d 0.380102 375761 31020 1070190
Ks8d 0.380102 375761 31020 1070190
Kd7h 0.374198 368033 32430 1070190
Ks7h 0.374198 368033 32430 1070190
Kh7h 0.374198 368033 32430 1070190
Ks7d 0.374198 368033 32430 1070190
Kh7d 0.374198 368033 32430 1070190
Kd7d 0.374198 368033 32430 1070190
Kd7s 0.374198 368033 32430 1070190
Kh7s 0.374198 368033 32430 1070190
Ks7s 0.374198 368033 32430 1070190
Ks5h 0.374107 365069 35296.5 1070190
Kh5s 0.374107 365069 35296.5 1070190
Kh5h 0.374107 365069 35296.5 1070190
Kh5d 0.374107 365069 35296.5 1070190
Ks5d 0.374107 365069 35296.5 1070190
Kd5s 0.374107 365069 35296.5 1070190
Ks5s 0.374107 365069 35296.5 1070190
Kd5d 0.374107 365069 35296.5 1070190
Kd5h 0.374107 365069 35296.5 1070190
QdJh 0.37314 374486 24844.5 1070190
QsJs 0.37314 374486 24844.5 1070190
QdJs 0.37314 374486 24844.5 1070190
QsJh 0.37314 374486 24844.5 1070190
QdJd 0.37314 374486 24844.5 1070190
QhJs 0.37314 374486 24844.5 1070190
QhJh 0.37314 374486 24844.5 1070190
QhJd 0.37314 374486 24844.5 1070190
QsJd 0.37314 374486 24844.5 1070190
7s3c 0.369801 367121 28636.5 1070190
7h3c 0.369801 367121 28636.5 1070190
7d3c 0.369801 367121 28636.5 1070190
Kh6s 0.368791 360986 33690 1070190
Ks6d 0.368791 360986 33690 1070190
Ks6h 0.368791 360986 33690 1070190
Ks6s 0.368791 360986 33690 1070190
Kh6d 0.368791 360986 33690 1070190
Kd6s 0.368791 360986 33690 1070190
Kd6h 0.368791 360986 33690 1070190
Kd6d 0.368791 360986 33690 1070190
Kh6h 0.368791 360986 33690 1070190
8d2c 0.366413 360467 31664 1070190
8h2c 0.366413 360467 31664 1070190
8s2c 0.366413 360467 31664 1070190
QsTd 0.365829 365960 25546.5 1070190
QsTh 0.365829 365960 25546.5 1070190
QsTs 0.365829 365960 25546.5 1070190
QdTs 0.365829 365960 25546.5 1070190
QdTh 0.365829 365960 25546.5 1070190
QdTd 0.365829 365960 25546.5 1070190
QhTd 0.365829 365960 25546.5 1070190
QhTh 0.365829 365960 25546.5 1070190
QhTs 0.365829 365960 25546.5 1070190
Ks3h 0.362898 352559 35811 1070190
Kd3d 0.362898 352559 35811 1070190
Kd3h 0.362898 352559 35811 1070190
Kh3h 0.362898 352559 35811 1070190
Kd3s 0.362898 352559 35811 1070190
Kh3d 0.362898 352559 35811 1070190
Ks3s 0.362898 352559 35811 1070190
Ks3d 0.362898 352559 35811 1070190
Kh3s 0.362898 352559 35811 1070190
Kh2h 0.361544 351110 35811 1070190
Kd2d 0.361544 351110 35811 1070190
Kd2h 0.361544 351110 35811 1070190
Kd2s 0.361544 351110 35811 1070190
Ks2h 0.361544 351110 35811 1070190
Ks2d 0.361544 351110 35811 1070190
Kh2d 0.361544 351110 35811 1070190
Ks2s 0.361544 351110 35811 1070190
Kh2s 0.361544 351110 35811 1070190
6h3c 0.356091 353924 27160.5 1070190
6s3c 0.356091 353924 27160.5 1070190
6d3c 0.356091 353924 27160.5 1070190
7d2c 0.348119 341456 31097 1070190
7h2c 0.348119 341456 31097 1070190
7s2c 0.348119 341456 31097 1070190
Qs8h 0.339055 332303 30550.5 1070190
Qs8s 0.339055 332303 30550.5 1070190
Qs8d 0.339055 332303 30550.5 1070190
Qd8s 0.339055 332303 30550.5 1070190
Qd8h 0.339055 332303 30550.5 1070190
Qd8d 0.339055 332303 30550.5 1070190
Qh8d 0.339055 332303 30550.5 1070190
Qh8h 0.339055 332303 30550.5 1070190
Qh8s 0.339055 332303 30550.5 1070190
6d2c 0.334408 328259 29621 1070190
6h2c 0.334408 328259 29621 1070190
6s2c 0.334408 328259 29621 1070190
JsTd 0.331649 329630 25297.5 1070190
JsTh 0.331649 329630 25297.5 1070190
JsTs 0.331649 329630 25297.5 1070190
JdTh 0.331649 329630 25297.5 1070190
JdTd 0.331649 329630 25297.5 1070190
JhTs 0.331649 329630 25297.5 1070190
JdTs 0.331649 329630 25297.5 1070190
JhTh 0.331649 329630 25297.5 1070190
JhTd 0.331649 329630 25297.5 1070190
Qh5s 0.325172 312899 35097 1070190
Qs5d 0.325172 312899 35097 1070190
Qs5h 0.325172 312899 35097 1070190
Qs5s 0.325172 312899 35097 1070190
Qd5s 0.325172 312899 35097 1070190
Qd5h 0.325172 312899 35097 1070190
Qd5d 0.325172 312899 35097 1070190
Qh5d 0.325172 312899 35097 1070190
Qh5h 0.325172 312899 35097 1070190
Qs7d 0.324784 315350 32230.5 1070190
Qd7s 0.324784 315350 32230.5 1070190
Qh7d 0.324784 315350 32230.5 1070190
Qd7h 0.324784 315350 32230.5 1070190
Qh7h 0.324784 315350 32230.5 1070190
Qd7d 0.324784 315350 32230.5 1070190
Qh7s 0.324784 315350 32230.5 1070190
Qs7h 0.324784 315350 32230.5 1070190
Qs7s 0.324784 315350 32230.5 1070190
Qh6d 0.319376 308303 33490.5 1070190
Qh6h 0.319376 308303 33490.5 1070190
Qd6d 0.319376 308303 33490.5 1070190
Qd6h 0.319376 308303 33490.5 1070190
Qd6s 0.319376 308303 33490.5 1070190
Qh6s 0.319376 308303 33490.5 1070190
Qs6h 0.319376 308303 33490.5 1070190
Qs6s 0.319376 308303 33490.5 1070190
Qs6d 0.319376 308303 33490.5 1070190
Qd3h 0.313963 300389 35611.5 1070190
Qh3s 0.313963 300389 35611.5 1070190
Qh3h 0.313963 300389 35611.5 1070190
Qh3d 0.313963 300389 35611.5 1070190
Qd3s 0.313963 300389 35611.5 1070190
Qd3d 0.313963 300389 35611.5 1070190
Qs3s 0.313963 300389 35611.5 1070190
Qs3h 0.313963 300389 35611.5 1070190
Qs3d 0.313963 300389 35611.5 1070190
Qs2h 0.312609 298940 35611.5 1070190
Qd2s 0.312609 298940 35611.5 1070190
Qh2d 0.312609 298940 35611.5 1070190
Qh2h 0.312609 298940 35611.5 1070190
Qh2s 0.312609 298940 35611.5 1070190
Qd2h 0.312609 298940 35611.5 1070190
Qd2d 0.312609 298940 35611.5 1070190
Qs2d 0.312609 298940 35611.5 1070190
Qs2s 0.312609 298940 35611.5 1070190
Jd8s 0.304699 295784 30301.5 1070190
Jd8h 0.304699 295784 30301.5 1070190
Js8d 0.304699 295784 30301.5 1070190
Js8h 0.304699 295784 30301.5 1070190
Js8s 0.304699 295784 30301.5 1070190
Jh8d 0.304699 295784 30301.5 1070190
Jd8d 0.304699 295784 30301.5 1070190
Jh8s 0.304699 295784 30301.5 1070190
Jh8h 0.304699 295784 30301.5 1070190
Js7h 0.29068 279371 31711.5 1070190
Jd7s 0.29068 279371 31711.5 1070190
Jd7d 0.29068 279371 31711.5 1070190
Js7d 0.29068 279371 31711.5 1070190
Js7s 0.29068 279371 31711.5 1070190
Jh7d 0.29068 279371 31711.5 1070190
Jh7h 0.29068 279371 31711.5 1070190
Jh7s 0.29068 279371 31711.5 1070190
Jd7h 0.29068 279371 31711.5 1070190
Jh5d 0.282107 267128 34780.5 1070190
Jh5h 0.282107 267128 34780.5 1070190
Js5h 0.282107 267128 34780.5 1070190
Jd5d 0.282107 267128 34780.5 1070190
Js5d 0.282107 267128 34780.5 1070190
Js5s 0.282107 267128 34780.5 1070190
Jd5h 0.282107 267128 34780.5 1070190
Jd5s 0.282107 267128 34780.5 1070190
Jh5s 0.282107 267128 34780.5 1070190
Ts8s 0.277347 266879 29935.5 1070190
Ts8d 0.277347 266879 29935.5 1070190
Ts8h 0.277347 266879 29935.5 1070190
Th8h 0.277347 266879 29935.5 1070190
Th8d 0.277347 266879 29935.5 1070190
Td8s 0.277347 266879 29935.5 1070190
Td8h 0.277347 266879 29935.5 1070190
Td8d 0.277347 266879 29935.5 1070190
Th8s 0.277347 266879 29935.5 1070190
Js6d 0.276009 262208 33174 1070190
Js6h 0.276009 262208 33174 1070190
Jh6d 0.276009 262208 33174 1070190
Jh6h 0.276009 262208 33174 1070190
Jh6s 0.276009 262208 33174 1070190
Js6s 0.276009 262208 33174 1070190
Jd6s 0.276009 262208 33174 1070190
Jd6h 0.276009 262208 33174 1070190
Jd6d 0.276009 262208 33174 1070190
Jh3d 0.270899 254618 35295 1070190
Js3d 0.270899 254618 35295 1070190
Jd3s 0.270899 254618 35295 1070190
Jd3h 0.270899 254618 35295 1070190
Jd3d 0.270899 254618 35295 1070190
Js3h 0.270899 254618 35295 1070190
Jh3h 0.270899 254618 35295 1070190
Jh3s 0.270899 254618 35295 1070190
Js3s 0.270899 254618 35295 1070190
Js2d 0.269545 253169 35295 1070190
Jh2d 0.269545 253169 35295 1070190
Js2h 0.269545 253169 35295 1070190
Js2s 0.269545 253169 35295 1070190
Jh2h 0.269545 253169 35295 1070190
Jh2s 0.269545 253169 35295 1070190
Jd2d 0.269545 253169 35295 1070190
Jd2h 0.269545 253169 35295 1070190
Jd2s 0.269545 253169 35295 1070190
Td7h 0.263152 250277 31345.5 1070190
Td7d 0.263152 250277 31345.5 1070190
Ts7s 0.263152 250277 31345.5 1070190
Th7d 0.263152 250277 31345.5 1070190
Td7s 0.263152 250277 31345.5 1070190
Th7s 0.263152 250277 31345.5 1070190
Ts7h 0.263152 250277 31345.5 1070190
Ts7d 0.263152 250277 31345.5 1070190
Th7h 0.263152 250277 31345.5 1070190
5h3s 0.256529 240402 34133 1070190
5s3s 0.256529 240402 34133 1070190
5h3h 0.256529 240402 34133 1070190
5h3d 0.256529 240402 34133 1070190
5s3h 0.256529 240402 34133 1070190
5d3d 0.256529 240402 34133 1070190
5s3d 0.256529 240402 34133 1070190
5d3s 0.256529 240402 34133 1070190
5d3h 0.256529 240402 34133 1070190
Td6d 0.24867 233519 32605.5 1070190
Ts6h 0.24867 233519 32605.5 1070190
Ts6d 0.24867 233519 32605.5 1070190
Ts6s 0.24867 233519 32605.5 1070190
Th6s 0.24867 233519 32605.5 1070190
Th6h 0.24867 233519 32605.5 1070190
Th6d 0.24867 233519 32605.5 1070190
Td6h 0.24867 233519 32605.5 1070190
Td6s 0.24867 233519 32605.5 1070190
5d2s 0.244927 227985 34133 1070190
5d2h 0.244927 227985 34133 1070190
5d2d 0.244927 227985 34133 1070190
5s2s 0.244927 227985 34133 1070190
5s2h 0.244927 227985 34133 1070190
5s2d 0.244927 227985 34133 1070190
5h2d 0.244927 227985 34133 1070190
5h2s 0.244927 227985 34133 1070190
5h2h 0.244927 227985 34133 1070190
Td5h 0.244913 227756 34347 1070190
Th5d 0.244913 227756 34347 1070190
Td5d 0.244913 227756 34347 1070190
Th5h 0.244913 227756 34347 1070190
Th5s 0.244913 227756 34347 1070190
Ts5s 0.244913 227756 34347 1070190
Ts5h 0.244913 227756 34347 1070190
Td5s 0.244913 227756 34347 1070190
Ts5d 0.244913 227756 34347 1070190
Th3h 0.233704 215246 34861.5 1070190
Td3h 0.233704 215246 34861.5 1070190
Th3d 0.233704 215246 34861.5 1070190
Ts3h 0.233704 215246 34861.5 1070190
Ts3s 0.233704 215246 34861.5 1070190
Td3s 0.233704 215246 34861.5 1070190
Td3d 0.233704 215246 34861.5 1070190
Ts3d 0.233704 215246 34861.5 1070190
Th3s 0.233704 215246 34861.5 1070190
Td2d 0.23235 213797 34861.5 1070190
Th2d 0.23235 213797 34861.5 1070190
Th2s 0.23235 213797 34861.5 1070190
Ts2s 0.23235 213797 34861.5 1070190
Ts2h 0.23235 213797 34861.5 1070190
Th2h 0.23235 213797 34861.5 1070190
Td2h 0.23235 213797 34861.5 1070190
Td2s 0.23235 213797 34861.5 1070190
Ts2d 0.23235 213797 34861.5 1070190
3s2h 0.22954 213975 31676 1070190
3h2s 0.22954 213975 31676 1070190
3h2h 0.22954 213975 31676 1070190
3h2d 0.22954 213975 31676 1070190
3d2s 0.22954 213975 31676 1070190
3d2h 0.22954 213975 31676 1070190
3d2d 0.22954 213975 31676 1070190
3s2d 0.22954 213975 31676 1070190
3s2s 0.22954 213975 31676 1070190
8d7s 0.229088 210761 34407 1070190
8s7s 0.229088 210761 34407 1070190
8s7h 0.229088 210761 34407 1070190
8s7d 0.229088 210761 34407 1070190
8d7d 0.229088 210761 34407 1070190
8h7s 0.229088 210761 34407 1070190
8h7h 0.229088 210761 34407 1070190
8h7d 0.229088 210761 34407 1070190
8d7h 0.229088 210761 34407 1070190
8h6s 0.214783 194192 35667 1070190
8h6h 0.214783 194192 35667 1070190
8h6d 0.214783 194192 35667 1070190
8s6s 0.214783 194192 35667 1070190
8s6d 0.214783 194192 35667 1070190
8d6d 0.214783 194192 35667 1070190
8d6h 0.214783 194192 35667 1070190
8d6s 0.214783 194192 35667 1070190
8s6h 0.214783 194192 35667 1070190
8s5h 0.210925 188456 37273.5 1070190
8d5d 0.210925 188456 37273.5 1070190
8d5h 0.210925 188456 37273.5 1070190
8s5d 0.210925 188456 37273.5 1070190
8d5s 0.210925 188456 37273.5 1070190
8h5d 0.210925 188456 37273.5 1070190
8h5h 0.210925 188456 37273.5 1070190
8s5s 0.210925 188456 37273.5 1070190
8h5s 0.210925 188456 37273.5 1070190
7s6d 0.20277 182060 34942.5 1070190
7h6s 0.20277 182060 34942.5 1070190
7h6h 0.20277 182060 34942.5 1070190
7h6d 0.20277 182060 34942.5 1070190
7d6s 0.20277 182060 34942.5 1070190
7d6h 0.20277 182060 34942.5 1070190
7s6s 0.20277 182060 34942.5 1070190
7s6h 0.20277 182060 34942.5 1070190
7d6d 0.20277 182060 34942.5 1070190
7s5d 0.198735 176135 36549 1070190
7s5h 0.198735 176135 36549 1070190
7s5s 0.198735 176135 36549 1070190
7h5s 0.198735 176135 36549 1070190
7h5h 0.198735 176135 36549 1070190
7h5d 0.198735 176135 36549 1070190
7d5s 0.198735 176135 36549 1070190
7d5h 0.198735 176135 36549 1070190
7d5d 0.198735 176135 36549 1070190
8h3h 0.189229 164696 37815 1070190
8d3d 0.189229 164696 37815 1070190
8d3h 0.189229 164696 37815 1070190
8d3s 0.189229 164696 37815 1070190
8s3h 0.189229 164696 37815 1070190
8h3s 0.189229 164696 37815 1070190
8s3d 0.189229 164696 37815 1070190
8s3s 0.189229 164696 37815 1070190
8h3d 0.189229 164696 37815 1070190
8h2s 0.187875 163247 37815 1070190
8s2h 0.187875 163247 37815 1070190
8s2s 0.187875 163247 37815 1070190
8d2s 0.187875 163247 37815 1070190
8d2h 0.187875 163247 37815 1070190
8d2d 0.187875 163247 37815 1070190
8s2d 0.187875 163247 37815 1070190
8h2d 0.187875 163247 37815 1070190
8h2h 0.187875 163247 37815 1070190
6h5d 0.181248 159359 34611 1070190
6d5s 0.181248 159359 34611 1070190
6d5d 0.181248 159359 34611 1070190
6d5h 0.181248 159359 34611 1070190
6s5s 0.181248 159359 34611 1070190
6s5h 0.181248 159359 34611 1070190
6s5d 0.181248 159359 34611 1070190
6h5s 0.181248 159359 34611 1070190
6h5h 0.181248 159359 34611 1070190
7h3d 0.177102 152510 37023 1070190
7s3d 0.177102 152510 37023 1070190
7h3s 0.177102 152510 37023 1070190
7h3h 0.177102 152510 37023 1070190
7s3s 0.177102 152510 37023 1070190
7s3h 0.177102 152510 37023 1070190
7d3s 0.177102 152510 37023 1070190
7d3h 0.177102 152510 37023 1070190
7d3d 0.177102 152510 37023 1070190
7d2s 0.164731 139271 37023 1070190
7s2d 0.164731 139271 37023 1070190
7h2d 0.164731 139271 37023 1070190
7h2h 0.164731 139271 37023 1070190
7h2s 0.164731 139271 37023 1070190
7s2h 0.164731 139271 37023 1070190
7s2s 0.164731 139271 37023 1070190
7d2h 0.164731 139271 37023 1070190
7d2d 0.164731 139271 37023 1070190
6d3h 0.159792 135923 35085 1070190
6d3s 0.159792 135923 35085 1070190
6h3d 0.159792 135923 35085 1070190
6h3h 0.159792 135923 35085 1070190
6h3s 0.159792 135923 35085 1070190
6s3d 0.159792 135923 35085 1070190
6s3h 0.159792 135923 35085 1070190
6s3s 0.159792 135923 35085 1070190
6d3d 0.159792 135923 35085 1070190
6s2s 0.147421 122684 35085 1070190
6s2h 0.147421 122684 35085 1070190
6s2d 0.147421 122684 35085 1070190
6d2s 0.147421 122684 35085 1070190
6d2h 0.147421 122684 35085 1070190
6d2d 0.147421 122684 35085 1070190
6h2s 0.147421 122684 35085 1070190
6h2h 0.147421 122684 35085 1070190
6h2d 0.147421 122684 35085 1070190
