QsQc 0.940852 1006890 0 1070190
QhQc 0.940852 1006890 0 1070190
QsQh 0.940479 1006491 0 1070190
9s9c 0.934798 1000347 64.5 1070190
9h9c 0.934798 1000347 64.5 1070190
9s9h 0.934425 999948 64.5 1070190
4h4d 0.934338 999799 120 1070190
4s4d 0.934338 999799 120 1070190
4s4h 0.926491 991401 120 1070190
Qc9c 0.898189 958489 2744 1070190
Qh9c 0.894163 954090 2834 1070190
Qc9s 0.894163 954090 2834 1070190
Qc9h 0.894163 954090 2834 1070190
Qs9c 0.894163 954090 2834 1070190
Qh9s 0.893811 953736 2811.5 1070190
Qs9h 0.893811 953736 2811.5 1070190
Qs9s 0.893811 953736 2811.5 1070190
Qh9h 0.893811 953736 2811.5 1070190
Qc4d 0.890732 947485 5768 1070190
Qs4d 0.89038 947131 5745 1070190
Qh4d 0.89038 947131 5745 1070190
Qc4s 0.881422 937476 5813 1070190
Qc4h 0.881422 937476 5813 1070190
Qh4h 0.88107 937122 5790 1070190
Qh4s 0.88107 937122 5790 1070190
Qs4s 0.88107 937122 5790 1070190
Qs4h 0.88107 937122 5790 1070190
AdAc 0.863657 923805 472.5 1070190
9c4d 0.863024 917452 6147.5 1070190
AsAd 0.862833 922923 472.5 1070190
AhAd 0.862833 922923 472.5 1070190
9h4d 0.862672 917098 6124.5 1070190
9s4d 0.862672 917098 6124.5 1070190
AdQc 0.857251 914115 3306 1070190
AdQs 0.856475 913308 3283.5 1070190
AdQh 0.856475 913308 3283.5 1070190
KdQc 0.85612 911304 4907 1070190
KdQs 0.855378 910536 4880.5 1070190
KdQh 0.855378 910536 4880.5 1070190
KdKc 0.853558 912412 1057.5 1070190
9c4s 0.852872 906543 6192.5 1070190
9c4h 0.852872 906543 6192.5 1070190
KsKd 0.852762 911564 1053.5 1070190
KhKd 0.852762 911564 1053.5 1070190
9s4h 0.85252 906189 6169.5 1070190
9h4s 0.85252 906189 6169.5 1070190
9h4h 0.85252 906189 6169.5 1070190
9s4s 0.85252 906189 6169.5 1070190
QcJd 0.839276 891769 6416 1070190
AcQc 0.838707 894315 3261 1070190
KcQc 0.838697 892761 4804.5 1070190
QsJd 0.838566 891039 6386 1070190
QhJd 0.838566 891039 6386 1070190
AhAc 0.837526 895839 472.5 1070190
AsAc 0.837526 895839 472.5 1070190
AsAh 0.836701 894957 472.5 1070190
QcTd 0.83246 883886 7004 1070190
QhTd 0.831784 883196 6971 1070190
QsTd 0.831784 883196 6971 1070190
KcQs 0.830847 884138 5026 1070190
KcQh 0.830847 884138 5026 1070190
KsQc 0.830781 884067 5026.5 1070190
KhQc 0.830781 884067 5026.5 1070190
AcQs 0.830269 885150 3396 1070190
AcQh 0.830269 885150 3396 1070190
AsQc 0.830208 885084 3396 1070190
AhQc 0.830208 885084 3396 1070190
KhQs 0.830039 883299 5000 1070190
KhQh 0.830039 883299 5000 1070190
KsQh 0.830039 883299 5000 1070190
KsQs 0.830039 883299 5000 1070190
AsQs 0.829433 884277 3373.5 1070190
AhQs 0.829433 884277 3373.5 1070190
AhQh 0.829433 884277 3373.5 1070190
AsQh 0.829433 884277 3373.5 1070190
KhKc 0.828746 885866 1049.5 1070190
KsKc 0.828746 885866 1049.5 1070190
KsKh 0.82795 885018 1045.5 1070190
QcJc 0.823362 874897 6257 1070190
QcTc 0.818066 868650 6836 1070190
Qc8d 0.815326 861752 10802 1070190
QhJc 0.815159 865813 6561.5 1070190
QsJc 0.815159 865813 6561.5 1070190
QcJs 0.8151 865750 6562 1070190
QcJh 0.8151 865750 6562 1070190
Qs8d 0.814712 861145 10751.5 1070190
Qh8d 0.814712 861145 10751.5 1070190
QsJs 0.81439 865020 6532 1070190
QhJh 0.81439 865020 6532 1070190
QsJh 0.81439 865020 6532 1070190
QhJs 0.81439 865020 6532 1070190
QhTc 0.809654 859319 7164.5 1070190
QsTc 0.809654 859319 7164.5 1070190
QcTs 0.809567 859222 7168 1070190
QcTh 0.809567 859222 7168 1070190
QsTh 0.808891 858532 7135 1070190
QhTs 0.808891 858532 7135 1070190
QhTh 0.808891 858532 7135 1070190
QsTs 0.808891 858532 7135 1070190
Qc7d 0.804984 850021 11465 1070190
Qh7d 0.804408 849466 11403 1070190
Qs7d 0.804408 849466 11403 1070190
Qc8c 0.80239 847996 10713.5 1070190
Qc6d 0.800279 843858 12593 1070190
Qh6d 0.799731 843342 12522.5 1070190
Qs6d 0.799731 843342 12522.5 1070190
Qc5d 0.796232 838642 13477 1070190
Qh5d 0.795705 838155 13400 1070190
Qs5d 0.795705 838155 13400 1070190
Qc7c 0.793516 837832 11381 1070190
Qh8c 0.793049 837619 11094.5 1070190
Qs8c 0.793049 837619 11094.5 1070190
Qc8s 0.792881 837417 11116.5 1070190
Qc8h 0.792881 837417 11116.5 1070190
Qs8s 0.792267 836810 11066 1070190
Qh8h 0.792267 836810 11066 1070190
Qs8h 0.792267 836810 11066 1070190
Qh8s 0.792267 836810 11066 1070190
Qc3d 0.790611 831834 14270 1070190
Qc6c 0.790273 833266 12476 1070190
Qh3d 0.790096 831363 14189.5 1070190
Qs3d 0.790096 831363 14189.5 1070190
Qc2d 0.789022 830133 14270 1070190
Qh2d 0.788506 829662 14189.5 1070190
Qs2d 0.788506 829662 14189.5 1070190
Qc5c 0.787614 829563 13334 1070190
Qc3c 0.784605 825580 14096 1070190
Qc2c 0.784235 825184 14096 1070190
Qh7c 0.783431 826623 11796.5 1070190
Qs7c 0.783431 826623 11796.5 1070190
Qc7s 0.783196 826335 11834 1070190
Qc7h 0.783196 826335 11834 1070190
Qs7s 0.78262 825780 11772 1070190
Qs7h 0.78262 825780 11772 1070190
Qh7s 0.78262 825780 11772 1070190
Qh7h 0.78262 825780 11772 1070190
Qs6c 0.78003 821820 12960.5 1070190
Qh6c 0.78003 821820 12960.5 1070190
Qc6s 0.779774 821499 13007 1070190
Qc6h 0.779774 821499 13007 1070190
Qs6s 0.779226 820983 12936.5 1070190
Qh6h 0.779226 820983 12936.5 1070190
Qh6s 0.779226 820983 12936.5 1070190
Qs6h 0.779226 820983 12936.5 1070190
Qh5c 0.777219 817899 13873.5 1070190
Qs5c 0.777219 817899 13873.5 1070190
Qc5h 0.776942 817549 13927 1070190
Qc5s 0.776942 817549 13927 1070190
Qs5s 0.776415 817062 13850 1070190
Qs5h 0.776415 817062 13850 1070190
Qh5h 0.776415 817062 13850 1070190
Qh5s 0.776415 817062 13850 1070190
Qs3c 0.774075 813732 14675.5 1070190
Qh3c 0.774075 813732 14675.5 1070190
Qc3h 0.773781 813360 14733 1070190
Qc3s 0.773781 813360 14733 1070190
Qs2c 0.77366 813288 14675.5 1070190
Qh2c 0.77366 813288 14675.5 1070190
Qc2s 0.773361 812910 14733 1070190
Qc2h 0.773361 812910 14733 1070190
Qs3s 0.773266 812889 14652.5 1070190
Qs3h 0.773266 812889 14652.5 1070190
Qh3s 0.773266 812889 14652.5 1070190
Qh3h 0.773266 812889 14652.5 1070190
Qs2h 0.772845 812439 14652.5 1070190
Qs2s 0.772845 812439 14652.5 1070190
Qh2s 0.772845 812439 14652.5 1070190
Qh2h 0.772845 812439 14652.5 1070190
JdJc 0.768345 820633 1642.5 1070190
JhJd 0.767629 819874 1634.5 1070190
JsJd 0.767629 819874 1634.5 1070190
Ad4d 0.767246 817752 3346.5 1070190
Kd4d 0.764283 813564 4364.5 1070190
Kd9c 0.763089 811514 5136.5 1070190
Kd9h 0.762347 810746 5110 1070190
Kd9s 0.762347 810746 5110 1070190
Ad9c 0.762186 812148 3535.5 1070190
Ad9h 0.761411 811341 3513 1070190
Ad9s 0.761411 811341 3513 1070190
Jd4d 0.755401 800490 7932.5 1070190
Jd9c 0.754039 796292 10673.5 1070190
Jd9s 0.753341 795578 10640 1070190
Jd9h 0.753341 795578 10640 1070190
TdTc 0.751744 802866 1642.5 1070190
TsTd 0.751033 802113 1634.5 1070190
ThTd 0.751033 802113 1634.5 1070190
Td4d 0.748798 792973 8383 1070190
Td9c 0.747866 788905 11453.5 1070190
Td9h 0.747204 788236 11414 1070190
Td9s 0.747204 788236 11414 1070190
Kc9c 0.74608 793413 5034 1070190
Ac9c 0.744091 792828 3490.5 1070190
JhJc 0.742057 792515 1626.5 1070190
JsJc 0.742057 792515 1626.5 1070190
JsJh 0.74134 791756 1618.5 1070190
Jc9c 0.738039 779202 10639.5 1070190
Kc9s 0.733637 779876 5255.5 1070190
Kc9h 0.733637 779876 5255.5 1070190
Ks9c 0.733604 779840 5256 1070190
Kh9c 0.733604 779840 5256 1070190
Tc9c 0.733291 773374 11386.5 1070190
Ks9s 0.732862 779072 5229.5 1070190
Ks9h 0.732862 779072 5229.5 1070190
Kh9h 0.732862 779072 5229.5 1070190
Kh9s 0.732862 779072 5229.5 1070190
8d4d 0.732156 771087 12458.5 1070190
Ac9h 0.730927 778605 3625.5 1070190
Ac9s 0.730927 778605 3625.5 1070190
As9c 0.730899 778575 3625.5 1070190
Ah9c 0.730899 778575 3625.5 1070190
As9s 0.730124 777768 3603 1070190
As9h 0.730124 777768 3603 1070190
Ah9h 0.730124 777768 3603 1070190
Ah9s 0.730124 777768 3603 1070190
TsTc 0.726424 775785 1626.5 1070190
ThTc 0.726424 775785 1626.5 1070190
Jc9s 0.726313 766324 10968.5 1070190
Jc9h 0.726313 766324 10968.5 1070190
Jh9c 0.726283 766288 10972.5 1070190
Js9c 0.726283 766288 10972.5 1070190
TsTh 0.725713 775032 1618.5 1070190
Js9s 0.725584 765574 10939 1070190
Js9h 0.725584 765574 10939 1070190
Jh9h 0.725584 765574 10939 1070190
Jh9s 0.725584 765574 10939 1070190
JdTd 0.724801 767660 8015 1070190
7d4d 0.72451 762878 12485.5 1070190
6d4d 0.721689 759696 12648 1070190
Tc9s 0.7215 760382 11760.5 1070190
Tc9h 0.7215 760382 11760.5 1070190
Th9c 0.72144 760307 11770.5 1070190
Ts9c 0.72144 760307 11770.5 1070190
9c8d 0.720978 759739 11844.5 1070190
Th9h 0.720778 759638 11731 1070190
Ts9s 0.720778 759638 11731 1070190
Ts9h 0.720778 759638 11731 1070190
Th9s 0.720778 759638 11731 1070190
9h8d 0.720362 759132 11792.5 1070190
9s8d 0.720362 759132 11792.5 1070190
5d4d 0.719437 757268 12666.5 1070190
AdKd 0.71735 763844 3857 1070190
KdJd 0.715837 760118 5964 1070190
KdTd 0.710481 754386 5964 1070190
9c7d 0.708602 745831 12507.5 1070190
4d3d 0.708508 745616 12622 1070190
4d2d 0.708356 745454 12622 1070190
9c8c 0.708087 746002 11786 1070190
9h7d 0.708024 745276 12444 1070190
9s7d 0.708024 745276 12444 1070190
AdJd 0.707249 751310 5581 1070190
9c6d 0.703897 739668 13635.5 1070190
9s6d 0.703348 739152 13563.5 1070190
9h6d 0.703348 739152 13563.5 1070190
AdTd 0.701131 744225 6118 1070190
9c5d 0.699849 734452 14519.5 1070190
9s5d 0.699321 733965 14441 1070190
9h5d 0.699321 733965 14441 1070190
9c7c 0.697215 733699 12453.5 1070190
9s8c 0.694636 731215 12177.5 1070190
9h8c 0.694636 731215 12177.5 1070190
9c8s 0.694502 731048 12201 1070190
9c8h 0.694502 731048 12201 1070190
9c3d 0.694296 727644 15384.5 1070190
9c6c 0.693972 729133 13548.5 1070190
9h8h 0.693886 730441 12149 1070190
9h8s 0.693886 730441 12149 1070190
9s8s 0.693886 730441 12149 1070190
9s8h 0.693886 730441 12149 1070190
9s3d 0.693779 727173 15302.5 1070190
9h3d 0.693779 727173 15302.5 1070190
9c2d 0.692706 725943 15384.5 1070190
9s2d 0.69219 725472 15302.5 1070190
9h2d 0.69219 725472 15302.5 1070190
9c5c 0.691313 725430 14406.5 1070190
9c3c 0.688369 721447 15238.5 1070190
9c2c 0.687999 721051 15238.5 1070190
9h7c 0.682884 717936 12879.5 1070190
9s7c 0.682884 717936 12879.5 1070190
9c7h 0.682685 717684 12918.5 1070190
9c7s 0.682685 717684 12918.5 1070190
9h7h 0.682107 717129 12855 1070190
9s7s 0.682107 717129 12855 1070190
9s7h 0.682107 717129 12855 1070190
9h7s 0.682107 717129 12855 1070190
9h6c 0.679484 713133 14043.5 1070190
9s6c 0.679484 713133 14043.5 1070190
9c6s 0.679262 712848 14091.5 1070190
9c6h 0.679262 712848 14091.5 1070190
9s6h 0.678713 712332 14019.5 1070190
9s6s 0.678713 712332 14019.5 1070190
9h6h 0.678713 712332 14019.5 1070190
9h6s 0.678713 712332 14019.5 1070190
Ad8d 0.677696 715116 10147 1070190
9h5c 0.676673 709212 14956.5 1070190
9s5c 0.676673 709212 14956.5 1070190
9c5h 0.676431 708898 15011.5 1070190
9c5s 0.676431 708898 15011.5 1070190
9h5h 0.675902 708411 14933 1070190
9h5s 0.675902 708411 14933 1070190
9s5s 0.675902 708411 14933 1070190
9s5h 0.675902 708411 14933 1070190
9s3c 0.673594 705045 15828.5 1070190
9h3c 0.673594 705045 15828.5 1070190
9c3h 0.673335 704709 15887.5 1070190
9c3s 0.673335 704709 15887.5 1070190
9h2c 0.673179 704601 15828.5 1070190
9s2c 0.673179 704601 15828.5 1070190
9c2s 0.672915 704259 15887.5 1070190
9c2h 0.672915 704259 15887.5 1070190
9s3s 0.672818 704238 15805.5 1070190
9h3h 0.672818 704238 15805.5 1070190
9h3s 0.672818 704238 15805.5 1070190
9s3h 0.672818 704238 15805.5 1070190
9h2h 0.672398 703788 15805.5 1070190
9s2s 0.672398 703788 15805.5 1070190
9h2s 0.672398 703788 15805.5 1070190
9s2h 0.672398 703788 15805.5 1070190
Ad7d 0.667346 703094 11092.5 1070190
Ad5d 0.664868 698551 12984.5 1070190
Ad6d 0.662874 697238 12163.5 1070190
Ad3d 0.653983 686438 13448.5 1070190
Jd8d 0.653876 689041 10730.5 1070190
Ad2d 0.652613 684971 13448.5 1070190
8d8c 0.646047 690129 1264.5 1070190
8s8d 0.645351 689390 1258 1070190
8h8d 0.645351 689390 1258 1070190
Kd8d 0.637887 672728 9932 1070190
Kd7d 0.632576 665831 11146 1070190
Kd4s 0.629424 667779 5824 1070190
Kd4h 0.629424 667779 5824 1070190
Td8d 0.629224 662862 10527.5 1070190
Ad4s 0.628543 668355 4305 1070190
Ad4h 0.628543 668355 4305 1070190
Kd6d 0.628105 659975 12217 1070190
Kd5d 0.624127 654897 13038 1070190
Jd4h 0.6219 654464 11087 1070190
Jd4s 0.6219 654464 11087 1070190
Kc4d 0.620899 658649 5830.5 1070190
Ks4d 0.620107 657810 5822.5 1070190
Kh4d 0.620107 657810 5822.5 1070190
Ac4d 0.618603 657718 4305 1070190
8s8c 0.617971 660090 1256.5 1070190
8h8c 0.617971 660090 1256.5 1070190
Ah4d 0.617783 656845 4300.5 1070190
As4d 0.617783 656845 4300.5 1070190
8s8h 0.617275 659351 1250 1070190
7d7c 0.616819 659470 643.5 1070190
7h7d 0.616097 658699 641.5 1070190
7s7d 0.616097 658699 641.5 1070190
Td4s 0.615144 646585 11735.5 1070190
Td4h 0.615144 646585 11735.5 1070190
Jc4d 0.614907 646767 11300 1070190
Js4d 0.614172 645992 11288.5 1070190
Jh4d 0.614172 645992 11288.5 1070190
Kd3d 0.613243 642784 13502 1070190
Kd2d 0.611872 641317 13502 1070190
Tc4d 0.609413 640198 11990 1070190
Th4d 0.608684 639429 11979 1070190
Ts4d 0.608684 639429 11979 1070190
Kc4h 0.598331 634612 5715.5 1070190
Kc4s 0.598331 634612 5715.5 1070190
6d6c 0.597683 639027 607.5 1070190
Ks4s 0.597539 633773 5707.5 1070190
Ks4h 0.597539 633773 5707.5 1070190
Kh4h 0.597539 633773 5707.5 1070190
Kh4s 0.597539 633773 5707.5 1070190
6h6d 0.596967 638262 606 1070190
6s6d 0.596967 638262 606 1070190
Ac4h 0.595527 633144 4183.5 1070190
Ac4s 0.595527 633144 4183.5 1070190
As4h 0.594707 632271 4179 1070190
Ah4s 0.594707 632271 4179 1070190
Ah4h 0.594707 632271 4179 1070190
As4s 0.594707 632271 4179 1070190
Jc4s 0.592766 623349 11023 1070190
Jc4h 0.592766 623349 11023 1070190
Jd7d 0.592614 621986 12224 1070190
Js4h 0.592031 622574 11011.5 1070190
Js4s 0.592031 622574 11011.5 1070190
Jh4h 0.592031 622574 11011.5 1070190
Jh4s 0.592031 622574 11011.5 1070190
8d4s 0.591866 615618 17791 1070190
8d4h 0.591866 615618 17791 1070190
7s7c 0.588797 629481 643.5 1070190
7h7c 0.588797 629481 643.5 1070190
Jd6d 0.588143 616130 13295 1070190
7s7h 0.588075 628710 641.5 1070190
Tc4s 0.58739 616930 11689 1070190
Tc4h 0.58739 616930 11689 1070190
JdTc 0.587015 617055 11163 1070190
8c4d 0.586706 609440 18447 1070190
Th4s 0.586661 616161 11678 1070190
Th4h 0.586661 616161 11678 1070190
Ts4s 0.586661 616161 11678 1070190
Ts4h 0.586661 616161 11678 1070190
JdTh 0.58633 616360 11124.5 1070190
JdTs 0.58633 616360 11124.5 1070190
8s4d 0.585952 608640 18440.5 1070190
8h4d 0.585952 608640 18440.5 1070190
JcTd 0.585567 615538 11130 1070190
JhTd 0.584884 614852 11085.5 1070190
JsTd 0.584884 614852 11085.5 1070190
Jd5d 0.5842 611089 14116 1070190
7d4s 0.581161 604132 17821 1070190
7d4h 0.581161 604132 17821 1070190
6d4h 0.578714 601224 18109.5 1070190
6d4s 0.578714 601224 18109.5 1070190
5d5c 0.57809 618095 571.5 1070190
5h5d 0.577375 617330 570.5 1070190
5s5d 0.577375 617330 570.5 1070190
JcTc 0.576996 606758 10737 1070190
7c4d 0.576943 598897 18541.5 1070190
5d4s 0.576574 598874 18170 1070190
5d4h 0.576574 598874 18170 1070190
7h4d 0.576162 598063 18539.5 1070190
7s4d 0.576162 598063 18539.5 1070190
6c4d 0.575878 597451 18847.5 1070190
6h4d 0.575103 596623 18846 1070190
6s4d 0.575103 596623 18846 1070190
5c4d 0.575055 596505 18913.5 1070190
5h4d 0.574281 595677 18912.5 1070190
5s4d 0.574281 595677 18912.5 1070190
Jd3d 0.573349 599048 14544 1070190
Jd2d 0.571978 597581 14544 1070190
6h6c 0.570455 609888 607.5 1070190
6s6c 0.570455 609888 607.5 1070190
6s6h 0.569739 609123 606 1070190
Td7d 0.567433 595240 12021 1070190
KdJc 0.565659 596914 8448.5 1070190
KdJh 0.564957 596193 8418 1070190
KdJs 0.564957 596193 8418 1070190
8c4h 0.564551 586266 17910.5 1070190
8c4s 0.564551 586266 17910.5 1070190
8s4s 0.563797 585466 17904 1070190
8h4h 0.563797 585466 17904 1070190
8h4s 0.563797 585466 17904 1070190
8s4h 0.563797 585466 17904 1070190
KcJd 0.563478 594664 8364.5 1070190
Td6d 0.563112 589705 12931.5 1070190
KhJd 0.562708 593877 8327 1070190
KsJd 0.562708 593877 8327 1070190
4d3c 0.560017 580474 18850.5 1070190
4d2c 0.559616 580045 18850.5 1070190
4d3s 0.559237 579640 18850 1070190
4d3h 0.559237 579640 18850 1070190
4s3d 0.558997 580125 18107.5 1070190
4h3d 0.558997 580125 18107.5 1070190
4d2s 0.558831 579205 18850 1070190
4d2h 0.558831 579205 18850 1070190
AdKc 0.557986 591553 5598.5 1070190
KdTc 0.557629 588320 8448.5 1070190
JsTc 0.557628 585758 11010 1070190
JhTc 0.557628 585758 11010 1070190
JcTh 0.557625 585749 11016 1070190
JcTs 0.557625 585749 11016 1070190
4h2d 0.557407 578424 18107.5 1070190
4s2d 0.557407 578424 18107.5 1070190
AdKh 0.557197 590731 5576 1070190
AdKs 0.557197 590731 5576 1070190
JhTh 0.556943 585063 10971.5 1070190
JhTs 0.556943 585063 10971.5 1070190
JsTs 0.556943 585063 10971.5 1070190
JsTh 0.556943 585063 10971.5 1070190
KdTs 0.556932 587605 8418 1070190
KdTh 0.556932 587605 8418 1070190
AcKd 0.556329 589799 5578.5 1070190
AhKd 0.555516 588956 5552 1070190
AsKd 0.555516 588956 5552 1070190
KcJc 0.554666 585587 8010.5 1070190
7c4h 0.554564 575538 17950.5 1070190
7c4s 0.554564 575538 17950.5 1070190
KcTd 0.554159 584691 8364.5 1070190
7h4h 0.553783 574704 17948.5 1070190
7h4s 0.553783 574704 17948.5 1070190
7s4h 0.553783 574704 17948.5 1070190
7s4s 0.553783 574704 17948.5 1070190
6c4h 0.553524 574128 18247.5 1070190
6c4s 0.553524 574128 18247.5 1070190
KhTd 0.55342 583938 8327 1070190
KsTd 0.55342 583938 8327 1070190
6h4s 0.552749 573300 18246 1070190
6s4h 0.552749 573300 18246 1070190
6s4s 0.552749 573300 18246 1070190
6h4h 0.552749 573300 18246 1070190
5c4h 0.552707 573191 18310.5 1070190
5c4s 0.552707 573191 18310.5 1070190
5s4h 0.551932 572363 18309.5 1070190
5h4s 0.551932 572363 18309.5 1070190
5h4h 0.551932 572363 18309.5 1070190
5s4s 0.551932 572363 18309.5 1070190
Td5d 0.551845 576719 13859.5 1070190
5h5c 0.551546 589688 571.5 1070190
5s5c 0.551546 589688 571.5 1070190
5s5h 0.550831 588923 570.5 1070190
AdJc 0.547129 577399 8133 1070190
KcTc 0.547016 577401 8010.5 1070190
AdJs 0.546443 576691 8107 1070190
AdJh 0.546443 576691 8107 1070190
AcKc 0.546264 579364 5242.5 1070190
AcJd 0.54315 573210 8064 1070190
AsJd 0.542379 572415 8034 1070190
AhJd 0.542379 572415 8034 1070190
Td3d 0.540993 564678 14287.5 1070190
Td2d 0.539622 563211 14287.5 1070190
AdTc 0.53813 566943 8958 1070190
AdTs 0.537449 566241 8932 1070190
AdTh 0.537449 566241 8932 1070190
4h3c 0.537128 556599 18229.5 1070190
4s3c 0.537128 556599 18229.5 1070190
4h2c 0.536718 556161 18229.5 1070190
4s2c 0.536718 556161 18229.5 1070190
4h3s 0.536348 555765 18229 1070190
4h3h 0.536348 555765 18229 1070190
4s3h 0.536348 555765 18229 1070190
4s3s 0.536348 555765 18229 1070190
4s2h 0.535933 555321 18229 1070190
4h2s 0.535933 555321 18229 1070190
4h2h 0.535933 555321 18229 1070190
4s2s 0.535933 555321 18229 1070190
AcJc 0.534775 564625 7686 1070190
AcTd 0.532809 561339 8868 1070190
KcJs 0.532476 561549 8301.5 1070190
KcJh 0.532476 561549 8301.5 1070190
8d7d 0.532474 555907 13941 1070190
KhJc 0.532408 561483 8294.5 1070190
KsJc 0.532408 561483 8294.5 1070190
AsTd 0.532073 560584 8835 1070190
AhTd 0.532073 560584 8835 1070190
KhJs 0.531706 560762 8264 1070190
KhJh 0.531706 560762 8264 1070190
KsJh 0.531706 560762 8264 1070190
KsJs 0.531706 560762 8264 1070190
8d6d 0.528019 550229 14851.5 1070190
AcTc 0.52614 554598 8472 1070190
KcTs 0.52446 552970 8301.5 1070190
KcTh 0.52446 552970 8301.5 1070190
KsTc 0.524418 552932 8294.5 1070190
KhTc 0.524418 552932 8294.5 1070190
KsTs 0.523721 552217 8264 1070190
KhTs 0.523721 552217 8264 1070190
KhTh 0.523721 552217 8264 1070190
KsTh 0.523721 552217 8264 1070190
AcKs 0.521938 553075 5497.5 1070190
AcKh 0.521938 553075 5497.5 1070190
AsKc 0.521914 553054 5493.5 1070190
AhKc 0.521914 553054 5493.5 1070190
AhKs 0.521125 552232 5471 1070190
AsKh 0.521125 552232 5471 1070190
AhKh 0.521125 552232 5471 1070190
AsKs 0.521125 552232 5471 1070190
8d5d 0.516986 537601 15672.5 1070190
AcJh 0.510927 538756 8033.5 1070190
AcJs 0.510927 538756 8033.5 1070190
AhJc 0.510842 538669 8029.5 1070190
AsJc 0.510842 538669 8029.5 1070190
7d6d 0.510226 532168 13870.5 1070190
AhJh 0.510157 537961 8003.5 1070190
AsJh 0.510157 537961 8003.5 1070190
AsJs 0.510157 537961 8003.5 1070190
AhJs 0.510157 537961 8003.5 1070190
Ad8c 0.503289 523348 15267 1070190
Ad8s 0.502648 522688 15241 1070190
Ad8h 0.502648 522688 15241 1070190
AcTs 0.50192 528294 8855.5 1070190
AcTh 0.50192 528294 8855.5 1070190
AhTc 0.501864 528241 8848.5 1070190
AsTc 0.501864 528241 8848.5 1070190
AhTh 0.501183 527539 8822.5 1070190
AhTs 0.501183 527539 8822.5 1070190
AsTh 0.501183 527539 8822.5 1070190
AsTs 0.501183 527539 8822.5 1070190
7d5d 0.500421 520854 14691.5 1070190
8d3d 0.498424 517290 16118 1070190
8d2d 0.497053 515823 16118 1070190
Ac8d 0.496474 516380 14942 1070190
As8d 0.495792 515698 14894 1070190
Ah8d 0.495792 515698 14894 1070190
Ac8c 0.491793 511796 14516 1070190
6d5d 0.491528 512449 13579.5 1070190
Ad7c 0.486701 504189 16674 1070190
Ad7s 0.486037 503500 16651.5 1070190
Ad7h 0.486037 503500 16651.5 1070190
Ad5c 0.484468 498875 19598 1070190
Ad5s 0.483806 498189 19575.5 1070190
Ad5h 0.483806 498189 19575.5 1070190
7d3d 0.482043 500794 15083.5 1070190
Ad6c 0.480408 495807 18321 1070190
Ad6s 0.479749 495124 18298.5 1070190
Ad6h 0.479749 495124 18298.5 1070190
3d3c 0.479068 509406 3288 1070190
Ac7d 0.478839 496185 16263.5 1070190
Jd8c 0.478713 496526 15787.5 1070190
3s3d 0.478347 508635 3287.5 1070190
3h3d 0.478347 508635 3287.5 1070190
Ah7d 0.478193 495554 16203.5 1070190
As7d 0.478193 495554 16203.5 1070190
Jd8h 0.478093 495893 15757 1070190
Jd8s 0.478093 495893 15757 1070190
Ac7c 0.475919 493528 15795.5 1070190
Jc8d 0.475891 493742 15552 1070190
Jh8d 0.475289 493148 15502 1070190
Js8d 0.475289 493148 15502 1070190
Ac5c 0.47387 488612 18518.5 1070190
Ac5d 0.473812 487971 19097.5 1070190
As5d 0.473206 487399 19021.5 1070190
Ah5d 0.473206 487399 19021.5 1070190
6d3d 0.47315 492389 13971.5 1070190
7d2d 0.472797 490899 15083.5 1070190
Ad3c 0.471266 484018 20326 1070190
Ac6d 0.47114 486350 17859.5 1070190
Jc8c 0.470674 488552 15158.5 1070190
Ad3h 0.470598 483326 20303.5 1070190
Ad3s 0.470598 483326 20303.5 1070190
As6d 0.470523 485758 17790.5 1070190
Ah6d 0.470523 485758 17790.5 1070190
Ac6c 0.469855 485506 17328.5 1070190
Ad2c 0.469413 482035 20326 1070190
5d3d 0.469003 489521 12401 1070190
Ad2h 0.46874 481337 20303.5 1070190
Ad2s 0.46874 481337 20303.5 1070190
Ac8h 0.466136 483775 15079.5 1070190
Ac8s 0.466136 483775 15079.5 1070190
As8c 0.466095 483753 15057.5 1070190
Ah8c 0.466095 483753 15057.5 1070190
Ah8h 0.465454 483093 15031.5 1070190
Ah8s 0.465454 483093 15031.5 1070190
As8h 0.465454 483093 15031.5 1070190
As8s 0.465454 483093 15031.5 1070190
6d2d 0.463904 482494 13971.5 1070190
Ac3c 0.46046 473582 19197.5 1070190
5d2d 0.45989 479769 12401 1070190
2d2c 0.459692 488670 3288 1070190
2s2d 0.458966 487893 3287.5 1070190
2h2d 0.458966 487893 3287.5 1070190
Ac2c 0.458559 471548 19197.5 1070190
Ac3d 0.457191 469478 19803.5 1070190
Ah3d 0.456597 468922 19723.5 1070190
As3d 0.456597 468922 19723.5 1070190
Ac2d 0.454004 466067 19803.5 1070190
Ah2d 0.45341 465511 19723.5 1070190
As2d 0.45341 465511 19723.5 1070190
3s3c 0.45325 481794 3270 1070190
3h3c 0.45325 481794 3270 1070190
3s3h 0.452529 481023 3269.5 1070190
As7c 0.449137 464247 16415 1070190
Ah7c 0.449137 464247 16415 1070190
Ac7h 0.449118 464189 16452.5 1070190
Ac7s 0.449118 464189 16452.5 1070190
As7h 0.448472 463558 16392.5 1070190
Ah7s 0.448472 463558 16392.5 1070190
Ah7h 0.448472 463558 16392.5 1070190
As7s 0.448472 463558 16392.5 1070190
Kd8c 0.447326 463738 14985.5 1070190
As5c 0.447181 459255 19314 1070190
Ah5c 0.447181 459255 19314 1070190
Ac5h 0.447125 459141 19367.5 1070190
Ac5s 0.447125 459141 19367.5 1070190
Kd8s 0.446713 463105 14963 1070190
Kd8h 0.446713 463105 14963 1070190
Ah5s 0.446519 458569 19291.5 1070190
Ah5h 0.446519 458569 19291.5 1070190
As5h 0.446519 458569 19291.5 1070190
As5s 0.446519 458569 19291.5 1070190
Jh8c 0.445987 461699 15592 1070190
Js8c 0.445987 461699 15592 1070190
Jc8s 0.445969 461660 15611.5 1070190
Jc8h 0.445969 461660 15611.5 1070190
Js8s 0.445367 461066 15561.5 1070190
Jh8s 0.445367 461066 15561.5 1070190
Jh8h 0.445367 461066 15561.5 1070190
Js8h 0.445367 461066 15561.5 1070190
Td8c 0.444723 460432 15506.5 1070190
Td8h 0.444133 459831 15476 1070190
Td8s 0.444133 459831 15476 1070190
Tc8d 0.443165 458994 15276.5 1070190
As6c 0.44281 455844 18047 1070190
Ah6c 0.44281 455844 18047 1070190
Ac6s 0.442769 455753 18093.5 1070190
Ac6h 0.442769 455753 18093.5 1070190
Ts8d 0.442564 458400 15227.5 1070190
Th8d 0.442564 458400 15227.5 1070190
3d2d 0.442485 463195 10348.5 1070190
Ah6s 0.442151 455161 18024.5 1070190
Ah6h 0.442151 455161 18024.5 1070190
As6h 0.442151 455161 18024.5 1070190
As6s 0.442151 455161 18024.5 1070190
Kc8d 0.442015 458409 14631.5 1070190
Ks8d 0.441352 457749 14581 1070190
Kh8d 0.441352 457749 14581 1070190
Tc8c 0.439024 454947 14892 1070190
Kd7c 0.43893 452915 16823.5 1070190
Kc8c 0.438516 455063 14232 1070190
Kd7s 0.438294 452257 16801 1070190
Kd7h 0.438294 452257 16801 1070190
2s2c 0.434396 461616 3270 1070190
2h2c 0.434396 461616 3270 1070190
2s2h 0.433669 460839 3269.5 1070190
As3c 0.433603 444001 20037 1070190
Ah3c 0.433603 444001 20037 1070190
Ac3s 0.43353 443865 20094.5 1070190
Ac3h 0.43353 443865 20094.5 1070190
As3s 0.432936 443309 20014.5 1070190
As3h 0.432936 443309 20014.5 1070190
Ah3s 0.432936 443309 20014.5 1070190
Ah3h 0.432936 443309 20014.5 1070190
Kd6c 0.432637 444533 18470.5 1070190
Kc7d 0.432555 446505 16411.5 1070190
Kd6s 0.432006 443881 18448 1070190
Kd6h 0.432006 443881 18448 1070190
Kh7d 0.431925 445891 16351 1070190
Ks7d 0.431925 445891 16351 1070190
As2c 0.431658 441919 20037 1070190
Ah2c 0.431658 441919 20037 1070190
Ac2h 0.431579 441777 20094.5 1070190
Ac2s 0.431579 441777 20094.5 1070190
As2s 0.430985 441221 20014.5 1070190
As2h 0.430985 441221 20014.5 1070190
Ah2h 0.430985 441221 20014.5 1070190
Ah2s 0.430985 441221 20014.5 1070190
Kc7c 0.430681 444970 15940 1070190
Kd5c 0.426885 437101 19747.5 1070190
Kd5s 0.426254 436448 19725 1070190
Kd5h 0.426254 436448 19725 1070190
Kc6d 0.424857 436670 18007.5 1070190
Kc6c 0.424617 436948 17473 1070190
Kh6d 0.424255 436095 17938 1070190
Ks6d 0.424255 436095 17938 1070190
Kc5c 0.41905 429800 18663 1070190
Kc5d 0.41775 427826 19245.5 1070190
Kh5d 0.417168 427280 19169 1070190
Ks5d 0.417168 427280 19169 1070190
Kd3c 0.413683 422244 20475.5 1070190
Kd3s 0.413046 421585 20453 1070190
Kd3h 0.413046 421585 20453 1070190
Tc8s 0.41293 426581 15333 1070190
Tc8h 0.41293 426581 15333 1070190
Ts8c 0.41292 426588 15314.5 1070190
Th8c 0.41292 426588 15314.5 1070190
Th8h 0.41233 425987 15284 1070190
Th8s 0.41233 425987 15284 1070190
Ts8h 0.41233 425987 15284 1070190
Ts8s 0.41233 425987 15284 1070190
Kd2c 0.41183 420261 20475.5 1070190
Kd2s 0.411188 419596 20453 1070190
Kd2h 0.411188 419596 20453 1070190
Kc8h 0.410601 424634 14787 1070190
Kc8s 0.410601 424634 14787 1070190
Ks8c 0.41055 424607 14759 1070190
Kh8c 0.41055 424607 14759 1070190
Ks8s 0.409937 423974 14736.5 1070190
Kh8h 0.409937 423974 14736.5 1070190
Ks8h 0.409937 423974 14736.5 1070190
Kh8s 0.409937 423974 14736.5 1070190
Kc3c 0.40564 414770 19342 1070190
Kc2c 0.40374 412736 19342 1070190
Kh7c 0.40214 413789 16577 1070190
Ks7c 0.40214 413789 16577 1070190
Kc7s 0.402134 413745 16615 1070190
Kc7h 0.402134 413745 16615 1070190
Kh7h 0.401504 413131 16554.5 1070190
Ks7h 0.401504 413131 16554.5 1070190
Ks7s 0.401504 413131 16554.5 1070190
Kh7s 0.401504 413131 16554.5 1070190
Kc3d 0.401129 409333 19951.5 1070190
Kh3d 0.400559 408803 19871 1070190
Ks3d 0.400559 408803 19871 1070190
Kc2d 0.397942 405922 19951.5 1070190
Kh2d 0.397371 405392 19871 1070190
Ks2d 0.397371 405392 19871 1070190
Kh6c 0.395813 405386 18209 1070190
Ks6c 0.395813 405386 18209 1070190
Kc6h 0.395785 405309 18256 1070190
Kc6s 0.395785 405309 18256 1070190
Kh6h 0.395183 404734 18186.5 1070190
Ks6s 0.395183 404734 18186.5 1070190
Ks6h 0.395183 404734 18186.5 1070190
Kh6s 0.395183 404734 18186.5 1070190
Ks5c 0.389986 397883 19476 1070190
Kh5c 0.389986 397883 19476 1070190
Kc5h 0.389936 397776 19530 1070190
Kc5s 0.389936 397776 19530 1070190
Kh5h 0.389355 397230 19453.5 1070190
Kh5s 0.389355 397230 19453.5 1070190
Ks5s 0.389355 397230 19453.5 1070190
Ks5h 0.389355 397230 19453.5 1070190
Jd7c 0.384898 393576 18338 1070190
Jd7h 0.3843 392959 18315.5 1070190
Jd7s 0.3843 392959 18315.5 1070190
Jc7d 0.380797 389542 17983 1070190
Jh7d 0.380257 389024 17923.5 1070190
Js7d 0.380257 389024 17923.5 1070190
Jc7c 0.379045 388157 17493 1070190
Jd6c 0.378605 385194 19985 1070190
Jd6h 0.378013 384583 19962.5 1070190
Jd6s 0.378013 384583 19962.5 1070190
Kh3c 0.376408 382629 20199 1070190
Ks3c 0.376408 382629 20199 1070190
Kc3s 0.376342 382500 20257 1070190
Kc3h 0.376342 382500 20257 1070190
Kh3s 0.375771 381970 20176.5 1070190
Kh3h 0.375771 381970 20176.5 1070190
Ks3s 0.375771 381970 20176.5 1070190
Ks3h 0.375771 381970 20176.5 1070190
Kh2c 0.374462 380547 20199 1070190
Ks2c 0.374462 380547 20199 1070190
Kc2h 0.374391 380412 20257 1070190
Kc2s 0.374391 380412 20257 1070190
Kh2s 0.37382 379882 20176.5 1070190
Kh2h 0.37382 379882 20176.5 1070190
Ks2s 0.37382 379882 20176.5 1070190
Ks2h 0.37382 379882 20176.5 1070190
Jc6d 0.373098 379707 19579 1070190
Jc6c 0.372981 380135 19026 1070190
Jd5c 0.372909 377821 21262 1070190
Jh6d 0.372587 379228 19510.5 1070190
Js6d 0.372587 379228 19510.5 1070190
Jd5h 0.372317 377210 21239.5 1070190
Jd5s 0.372317 377210 21239.5 1070190
Jc5c 0.367469 373046 20216 1070190
Jc5d 0.366042 370917 20817 1070190
Jh5d 0.365551 370467 20741.5 1070190
Js5d 0.365551 370467 20741.5 1070190
Jd3c 0.359744 363045 21949.5 1070190
Jd3s 0.359147 362428 21927 1070190
Jd3h 0.359147 362428 21927 1070190
Jd2c 0.357891 361062 21949.5 1070190
Jd2s 0.357288 360439 21927 1070190
Jd2h 0.357288 360439 21927 1070190
Jc3c 0.354097 358097 20854.5 1070190
Jc2c 0.352197 356063 20854.5 1070190
Td7c 0.35014 356659 18057 1070190
Td7s 0.34957 356072 18034.5 1070190
Td7h 0.34957 356072 18034.5 1070190
Jc3d 0.349459 352505 21482.5 1070190
Jh7c 0.349293 355679 18131 1070190
Js7c 0.349293 355679 18131 1070190
Jc7s 0.349235 355580 18168 1070190
Jc7h 0.349235 355580 18168 1070190
Js3d 0.348979 352071 21403 1070190
Jh3d 0.348979 352071 21403 1070190
Jh7h 0.348696 355062 18108.5 1070190
Js7h 0.348696 355062 18108.5 1070190
Js7s 0.348696 355062 18108.5 1070190
Jh7s 0.348696 355062 18108.5 1070190
Tc7d 0.3474 354076 17707.5 1070190
Th7d 0.346862 353559 17649 1070190
Ts7d 0.346862 353559 17649 1070190
Tc7c 0.346675 353782 17226.5 1070190
Jc2d 0.346272 349094 21482.5 1070190
Js2d 0.345792 348660 21403 1070190
Jh2d 0.345792 348660 21403 1070190
Td6c 0.344097 348814 19435.5 1070190
Td6s 0.343533 348233 19413 1070190
Td6h 0.343533 348233 19413 1070190
Jh6c 0.342966 347276 19763 1070190
Js6c 0.342966 347276 19763 1070190
Jc6h 0.342886 347144 19809 1070190
Jc6s 0.342886 347144 19809 1070190
Jh6h 0.342374 346665 19740.5 1070190
Jh6s 0.342374 346665 19740.5 1070190
Js6h 0.342374 346665 19740.5 1070190
Js6s 0.342374 346665 19740.5 1070190
Tc6c 0.340847 346264 18507.5 1070190
Tc6d 0.339945 344763 19042.5 1070190
Th6d 0.339434 344282 18976.5 1070190
Ts6d 0.339434 344282 18976.5 1070190
Js5c 0.337197 339835 21030 1070190
Jh5c 0.337197 339835 21030 1070190
Jc5h 0.337096 339674 21083 1070190
Jc5s 0.337096 339674 21083 1070190
Js5s 0.336605 339224 21007.5 1070190
Js5h 0.336605 339224 21007.5 1070190
Jh5s 0.336605 339224 21007.5 1070190
Jh5h 0.336605 339224 21007.5 1070190
Td5c 0.326599 328631 20891.5 1070190
Td5s 0.32604 328056 20869 1070190
Td5h 0.32604 328056 20869 1070190
Tc5c 0.323787 326648 19865.5 1070190
Js3c 0.323657 324662 21712.5 1070190
Jh3c 0.323657 324662 21712.5 1070190
Jc3h 0.323539 324479 21769.5 1070190
Jc3s 0.323539 324479 21769.5 1070190
Js3s 0.323059 324045 21690 1070190
Jh3h 0.323059 324045 21690 1070190
Jh3s 0.323059 324045 21690 1070190
Js3h 0.323059 324045 21690 1070190
Js2c 0.321712 322580 21712.5 1070190
Jh2c 0.321712 322580 21712.5 1070190
Jc2s 0.321588 322391 21769.5 1070190
Jc2h 0.321588 322391 21769.5 1070190
Jh2h 0.321108 321957 21690 1070190
Jh2s 0.321108 321957 21690 1070190
Js2h 0.321108 321957 21690 1070190
Js2s 0.321108 321957 21690 1070190
Tc5d 0.321076 323158 20454.5 1070190
Th5d 0.320589 322711 20380.5 1070190
Ts5d 0.320589 322711 20380.5 1070190
Th7c 0.315493 319784 17853.5 1070190
Ts7c 0.315493 319784 17853.5 1070190
Tc7h 0.315461 319714 17889.5 1070190
Tc7s 0.315461 319714 17889.5 1070190
Th7h 0.314924 319197 17831 1070190
Th7s 0.314924 319197 17831 1070190
Ts7s 0.314924 319197 17831 1070190
Ts7h 0.314924 319197 17831 1070190
Td3c 0.313434 313855 21579 1070190
Td3s 0.31287 313274 21556.5 1070190
Td3h 0.31287 313274 21556.5 1070190
Td2c 0.311581 311872 21579 1070190
Td2s 0.311012 311285 21556.5 1070190
Td2h 0.311012 311285 21556.5 1070190
Tc3c 0.310415 311699 20504 1070190
Th6c 0.309417 311918 19217 1070190
Ts6c 0.309417 311918 19217 1070190
Tc6h 0.309364 311818 19260.5 1070190
Tc6s 0.309364 311818 19260.5 1070190
Ts6h 0.308853 311337 19194.5 1070190
Ts6s 0.308853 311337 19194.5 1070190
Th6s 0.308853 311337 19194.5 1070190
Th6h 0.308853 311337 19194.5 1070190
Tc2c 0.308514 309665 20504 1070190
Tc3d 0.304494 304746 21120 1070190
Ts3d 0.304018 304315 21042 1070190
Th3d 0.304018 304315 21042 1070190
Tc2d 0.301306 301335 21120 1070190
Ts2d 0.300831 300904 21042 1070190
Th2d 0.300831 300904 21042 1070190
8d7c 0.300136 300051 21152 1070190
8d7s 0.299604 299504 21129.5 1070190
8d7h 0.299604 299504 21129.5 1070190
8c7d 0.299088 299098 20982.5 1070190
8c7c 0.298861 299243 20595.5 1070190
8s7d 0.298597 298627 20928.5 1070190
8h7d 0.298597 298627 20928.5 1070190
8d6c 0.293876 291973 22530.5 1070190
8d6s 0.29335 291432 22508 1070190
8d6h 0.29335 291432 22508 1070190
8c6c 0.29282 291497 21876.5 1070190
8c6d 0.291415 289552 22317.5 1070190
Th5c 0.291352 291139 20663 1070190
Ts5c 0.291352 291139 20663 1070190
Tc5h 0.291281 291011 20714.5 1070190
Tc5s 0.291281 291011 20714.5 1070190
8h6d 0.290951 289117 22256 1070190
8s6d 0.290951 289117 22256 1070190
Ts5s 0.290794 290564 20640.5 1070190
Ts5h 0.290794 290564 20640.5 1070190
Th5h 0.290794 290564 20640.5 1070190
Th5s 0.290794 290564 20640.5 1070190
Th3c 0.277812 275966 21345.5 1070190
Ts3c 0.277812 275966 21345.5 1070190
Tc3s 0.277724 275816 21401 1070190
Tc3h 0.277724 275816 21401 1070190
Ts3h 0.277248 275385 21323 1070190
Th3s 0.277248 275385 21323 1070190
Th3h 0.277248 275385 21323 1070190
Ts3s 0.277248 275385 21323 1070190
8d5c 0.276758 272376 23807.5 1070190
8d5h 0.276236 271840 23785 1070190
8d5s 0.276236 271840 23785 1070190
8c5c 0.276129 272444 23066.5 1070190
Ts2c 0.275866 273884 21345.5 1070190
Th2c 0.275866 273884 21345.5 1070190
Tc2h 0.275773 273728 21401 1070190
Tc2s 0.275773 273728 21401 1070190
Ts2h 0.275297 273297 21323 1070190
Th2h 0.275297 273297 21323 1070190
Th2s 0.275297 273297 21323 1070190
Ts2s 0.275297 273297 21323 1070190
8c5d 0.272931 268533 23555.5 1070190
8h5d 0.272492 268131 23487 1070190
8s5d 0.272492 268131 23487 1070190
7c6c 0.270176 268629 20510.5 1070190
7d6c 0.268961 266830 21009.5 1070190
7d6h 0.268463 266319 20987 1070190
7d6s 0.268463 266319 20987 1070190
7c6d 0.267663 265583 20867 1070190
7s6d 0.267188 265127 20814.5 1070190
7h6d 0.267188 265127 20814.5 1070190
8s7c 0.266019 263528 21162.5 1070190
8h7c 0.266019 263528 21162.5 1070190
8c7s 0.265977 263452 21194 1070190
8c7h 0.265977 263452 21194 1070190
8h7s 0.265487 262981 21140 1070190
8s7h 0.265487 262981 21140 1070190
8h7h 0.265487 262981 21140 1070190
8s7s 0.265487 262981 21140 1070190
8h6c 0.259716 255420 22526 1070190
8s6c 0.259716 255420 22526 1070190
8c6s 0.259654 255314 22565 1070190
8c6h 0.259654 255314 22565 1070190
8h6s 0.25919 254879 22503.5 1070190
8h6h 0.25919 254879 22503.5 1070190
8s6h 0.25919 254879 22503.5 1070190
8s6s 0.25919 254879 22503.5 1070190
7c5c 0.255384 251609 21700.5 1070190
7d5c 0.253788 249315 22286.5 1070190
7d5h 0.253293 248808 22264 1070190
7d5s 0.253293 248808 22264 1070190
8d3c 0.251202 244290 24544 1070190
7c5d 0.251129 246651 22105 1070190
8d3s 0.250682 243756 24521.5 1070190
8d3h 0.250682 243756 24521.5 1070190
7s5d 0.250678 246228 22045.5 1070190
7h5d 0.250678 246228 22045.5 1070190
8c3c 0.250622 244465 23748.5 1070190
8d2c 0.249349 242307 24544 1070190
8d2h 0.248824 241767 24521.5 1070190
8d2s 0.248824 241767 24521.5 1070190
8c2c 0.248722 242431 23748.5 1070190
6c5c 0.246908 244083 20156 1070190
8c3d 0.243941 236796 24267.5 1070190
8s3d 0.243517 236415 24194.5 1070190
8h3d 0.243517 236415 24194.5 1070190
6d5c 0.243324 239812 20591 1070190
6d5s 0.242855 239333 20568.5 1070190
6d5h 0.242855 239333 20568.5 1070190
6c5d 0.242082 238602 20472 1070190
8s5c 0.242046 235242 23793 1070190
8h5c 0.242046 235242 23793 1070190
8c5h 0.241964 235108 23839 1070190
8c5s 0.241964 235108 23839 1070190
6s5d 0.241638 238176 20422.5 1070190
6h5d 0.241638 238176 20422.5 1070190
8h5s 0.241524 234706 23770.5 1070190
8s5s 0.241524 234706 23770.5 1070190
8s5h 0.241524 234706 23770.5 1070190
8h5h 0.241524 234706 23770.5 1070190
8c2d 0.240754 233385 24267.5 1070190
8s2d 0.24033 233004 24194.5 1070190
8h2d 0.24033 233004 24194.5 1070190
7s6c 0.235655 231147 21049 1070190
7h6c 0.235655 231147 21049 1070190
7c6s 0.235632 231092 21079 1070190
7c6h 0.235632 231092 21079 1070190
7s6h 0.235157 230636 21026.5 1070190
7s6s 0.235157 230636 21026.5 1070190
7h6h 0.235157 230636 21026.5 1070190
7h6s 0.235157 230636 21026.5 1070190
7c3c 0.230168 224025 22298.5 1070190
7d3c 0.228529 221636 22933.5 1070190
7d3s 0.228035 221130 22911 1070190
7d3h 0.228035 221130 22911 1070190
7c3d 0.222443 215326 22730 1070190
7s3d 0.222008 214924 22666.5 1070190
7h3d 0.222008 214924 22666.5 1070190
6c3c 0.221692 216499 20754 1070190
7s5c 0.220011 213138 22316 1070190
7h5c 0.220011 213138 22316 1070190
7c5h 0.219967 213054 22353 1070190
7c5s 0.219967 213054 22353 1070190
5c3c 0.219673 216567 18524.5 1070190
7s5h 0.219517 212631 22293.5 1070190
7h5h 0.219517 212631 22293.5 1070190
7h5s 0.219517 212631 22293.5 1070190
7s5s 0.219517 212631 22293.5 1070190
6d3c 0.218065 212133 21238 1070190
6d3h 0.217597 211655 21215.5 1070190
6d3s 0.217597 211655 21215.5 1070190
7c2c 0.215646 208484 22298.5 1070190
8s3c 0.215601 206210 24524.5 1070190
8h3c 0.215601 206210 24524.5 1070190
8c3s 0.215506 206057 24575 1070190
8c3h 0.215506 206057 24575 1070190
8s3h 0.215081 205676 24502 1070190
8h3h 0.215081 205676 24502 1070190
8s3s 0.215081 205676 24502 1070190
8h3s 0.215081 205676 24502 1070190
5d3c 0.214263 210476 18826 1070190
5d3s 0.213821 210026 18803.5 1070190
5d3h 0.213821 210026 18803.5 1070190
7d2c 0.213783 205855 22933.5 1070190
8s2c 0.213656 204128 24524.5 1070190
8h2c 0.213656 204128 24524.5 1070190
8c2s 0.213555 203969 24575 1070190
8c2h 0.213555 203969 24575 1070190
6c3d 0.213396 207277 21097 1070190
7d2h 0.213292 205352 22911 1070190
7d2s 0.213292 205352 22911 1070190
8s2s 0.21313 203588 24502 1070190
8h2s 0.21313 203588 24502 1070190
8h2h 0.21313 203588 24502 1070190
8s2h 0.21313 203588 24502 1070190
6s3d 0.212967 206872 21043.5 1070190
6h3d 0.212967 206872 21043.5 1070190
6h5c 0.211159 205319 20661.5 1070190
6s5c 0.211159 205319 20661.5 1070190
6c5s 0.211135 205266 20688.5 1070190
6c5h 0.211135 205266 20688.5 1070190
5c3d 0.210969 207025 18752 1070190
6s5s 0.210691 204840 20639 1070190
6h5s 0.210691 204840 20639 1070190
6h5h 0.210691 204840 20639 1070190
6s5h 0.210691 204840 20639 1070190
5h3d 0.210548 206614 18712 1070190
5s3d 0.210548 206614 18712 1070190
6c2c 0.207171 200958 20754 1070190
7c2d 0.206344 198097 22730 1070190
7h2d 0.205913 197700 22666.5 1070190
7s2d 0.205913 197700 22666.5 1070190
5c2c 0.205363 201253 18524.5 1070190
6d2c 0.203314 196347 21238 1070190
6d2h 0.202849 195871 21215.5 1070190
6d2s 0.202849 195871 21215.5 1070190
5d2c 0.19973 194923 18826 1070190
5d2h 0.19929 194475 18803.5 1070190
5d2s 0.19929 194475 18803.5 1070190
6c2d 0.197301 190053 21097 1070190
6h2d 0.196879 189654 21043.5 1070190
6s2d 0.196879 189654 21043.5 1070190
5c2d 0.195092 190034 18752 1070190
5h2d 0.194677 189629 18712 1070190
5s2d 0.194677 189629 18712 1070190
7h3c 0.193878 184528 22958 1070190
7s3c 0.193878 184528 22958 1070190
7c3h 0.193819 184424 22999 1070190
7c3s 0.193819 184424 22999 1070190
7s3h 0.193384 184022 22935.5 1070190
7h3s 0.193384 184022 22935.5 1070190
7h3h 0.193384 184022 22935.5 1070190
7s3s 0.193384 184022 22935.5 1070190
3c2c 0.186037 183512 15583 1070190
6h3c 0.185026 176709 21303.5 1070190
6s3c 0.185026 176709 21303.5 1070190
6c3s 0.184986 176636 21334.5 1070190
6c3h 0.184986 176636 21334.5 1070190
6h3h 0.184558 176231 21281 1070190
6h3s 0.184558 176231 21281 1070190
6s3h 0.184558 176231 21281 1070190
6s3s 0.184558 176231 21281 1070190
5h3c 0.182943 176858 18925.5 1070190
5s3c 0.182943 176858 18925.5 1070190
5c3s 0.182923 176819 18943 1070190
5c3h 0.182923 176819 18943 1070190
5h3h 0.182501 176408 18903 1070190
5h3s 0.182501 176408 18903 1070190
5s3h 0.182501 176408 18903 1070190
5s3s 0.182501 176408 18903 1070190
7s2c 0.178512 168084 22958 1070190
7h2c 0.178512 168084 22958 1070190
7c2h 0.178451 167978 22999 1070190
7c2s 0.178451 167978 22999 1070190
7h2h 0.178021 167581 22935.5 1070190
7h2s 0.178021 167581 22935.5 1070190
7s2h 0.178021 167581 22935.5 1070190
7s2s 0.178021 167581 22935.5 1070190
3d2c 0.176744 173483 15666.5 1070190
3d2h 0.176338 173071 15644 1070190
3d2s 0.176338 173071 15644 1070190
3c2d 0.175526 172180 15666.5 1070190
3s2d 0.175124 171772 15644 1070190
3h2d 0.175124 171772 15644 1070190
6h2c 0.169661 160266 21303.5 1070190
6s2c 0.169661 160266 21303.5 1070190
6c2h 0.169618 160189 21334.5 1070190
6c2s 0.169618 160189 21334.5 1070190
6h2h 0.169195 159790 21281 1070190
6s2h 0.169195 159790 21281 1070190
6s2s 0.169195 159790 21281 1070190
6h2s 0.169195 159790 21281 1070190
5s2c 0.167804 160657 18925.5 1070190
5h2c 0.167804 160657 18925.5 1070190
5c2h 0.16778 160614 18943 1070190
5c2s 0.16778 160614 18943 1070190
5s2s 0.167365 160209 18903 1070190
5h2s 0.167365 160209 18903 1070190
5s2h 0.167365 160209 18903 1070190
5h2h 0.167365 160209 18903 1070190
3h2c 0.147856 142437 15797.5 1070190
3s2c 0.147856 142437 15797.5 1070190
3c2s 0.147853 142433 15797.5 1070190
3c2h 0.147853 142433 15797.5 1070190
3s2h 0.14745 142025 15775 1070190
3h2h 0.14745 142025 15775 1070190
3h2s 0.14745 142025 15775 1070190
3s2s 0.14745 142025 15775 1070190
