AsAc 0.960096 1027485 0 1070190
AhAc 0.960096 1027485 0 1070190
AsAh 0.941623 1007715 0 1070190
JhJd 0.936062 1001700 64.5 1070190
JsJd 0.936062 1001700 64.5 1070190
JsJh 0.935687 1001298 64.5 1070190
AcJd 0.930277 993057 2516 1070190
AcJs 0.929817 992565 2516 1070190
AcJh 0.929817 992565 2516 1070190
4h4d 0.926995 991941 120 1070190
4s4d 0.926995 991941 120 1070190
4s4h 0.92662 991539 120 1070190
AcKc 0.925567 987623 2910 1070190
AcQc 0.921539 982709 3513 1070190
AcTc 0.914565 971948 6810 1070190
Ac4d 0.912602 970518 6140 1070190
Ac4s 0.912143 970026 6140 1070190
Ac4h 0.912143 970026 6140 1070190
AsJd 0.910864 972261 2537 1070190
AhJd 0.910864 972261 2537 1070190
AsJh 0.910405 971769 2537 1070190
AhJh 0.910405 971769 2537 1070190
AhJs 0.910405 971769 2537 1070190
AsJs 0.910405 971769 2537 1070190
Ac9c 0.908788 965361 7215 1070190
Ac8c 0.905828 961395 8013 1070190
Ac7c 0.90307 957657 8799 1070190
Ac5c 0.901799 954554 10542.5 1070190
Ac6c 0.900648 954363 9501 1070190
Ac3c 0.8997 951665 11184.5 1070190
Ac2c 0.899543 951497 11184.5 1070190
Ah4d 0.893344 950019 6029 1070190
As4d 0.893344 950019 6029 1070190
Ah4h 0.892884 949527 6029 1070190
Ah4s 0.892884 949527 6029 1070190
As4h 0.892884 949527 6029 1070190
As4s 0.892884 949527 6029 1070190
AcKd 0.880582 938177 4213.5 1070190
AcKh 0.879709 937247 4209 1070190
AcKs 0.879709 937247 4209 1070190
AhKc 0.877963 935350 4237.5 1070190
AsKc 0.877963 935350 4237.5 1070190
AcQd 0.874651 931025 5017.5 1070190
AcQs 0.873783 930101 5013 1070190
AcQh 0.873783 930101 5013 1070190
AsQc 0.8708 926904 5017.5 1070190
AhQc 0.8708 926904 5017.5 1070190
AcTd 0.864579 915441 9822.5 1070190
Jd4d 0.863881 918007 6509.5 1070190
AcTs 0.863717 914523 9818 1070190
AcTh 0.863717 914523 9818 1070190
AsTc 0.859634 910352 9619.5 1070190
AhTc 0.859634 910352 9619.5 1070190
Jd4h 0.85852 912180 6599.5 1070190
Jh4d 0.85852 912180 6599.5 1070190
Js4d 0.85852 912180 6599.5 1070190
Jd4s 0.85852 912180 6599.5 1070190
Jh4h 0.858165 911823 6577 1070190
Js4h 0.858165 911823 6577 1070190
Js4s 0.858165 911823 6577 1070190
Jh4s 0.858165 911823 6577 1070190
AhKd 0.855341 911252 4125.5 1070190
AsKd 0.855341 911252 4125.5 1070190
AhKs 0.854468 910322 4121 1070190
AhKh 0.854468 910322 4121 1070190
AsKs 0.854468 910322 4121 1070190
AsKh 0.854468 910322 4121 1070190
Ac9d 0.853877 903387 10424 1070190
Ac9h 0.852975 902421 10424 1070190
Ac9s 0.852975 902421 10424 1070190
AhQd 0.849593 904320 4905.5 1070190
AsQd 0.849593 904320 4905.5 1070190
Ac8d 0.849445 897388 11680 1070190
AsQs 0.848725 903396 4901 1070190
AhQh 0.848725 903396 4901 1070190
AhQs 0.848725 903396 4901 1070190
AsQh 0.848725 903396 4901 1070190
Ac8s 0.848548 896428 11680 1070190
Ac8h 0.848548 896428 11680 1070190
As9c 0.848318 897738 10123.5 1070190
Ah9c 0.848318 897738 10123.5 1070190
Ac7d 0.845134 891522 12932 1070190
Ac5d 0.844735 888271 15755.5 1070190
Ac7h 0.844237 890562 12932 1070190
Ac7s 0.844237 890562 12932 1070190
Ac5h 0.843873 887353 15751.5 1070190
Ac5s 0.843873 887353 15751.5 1070190
Ah8c 0.842687 890521 11314.5 1070190
As8c 0.842687 890521 11314.5 1070190
Ac3d 0.841741 884205 16617.5 1070190
Ac2d 0.84134 883776 16617.5 1070190
Ac6d 0.841167 886149 14060 1070190
Ac3h 0.840874 883281 16613.5 1070190
Ac3s 0.840874 883281 16613.5 1070190
Ac2h 0.840467 882846 16613.5 1070190
Ac2s 0.840467 882846 16613.5 1070190
Ac6s 0.840265 885183 14060 1070190
Ac6h 0.840265 885183 14060 1070190
AhTd 0.839844 889275 9518 1070190
AsTd 0.839844 889275 9518 1070190
AsTh 0.838982 888357 9513.5 1070190
AsTs 0.838982 888357 9513.5 1070190
AhTs 0.838982 888357 9513.5 1070190
AhTh 0.838982 888357 9513.5 1070190
Ah7c 0.83724 883503 12502.5 1070190
As7c 0.83724 883503 12502.5 1070190
As5c 0.834008 877305 15242 1070190
Ah5c 0.834008 877305 15242 1070190
Ah6c 0.832188 877026 13573.5 1070190
As6c 0.832188 877026 13573.5 1070190
Ah3c 0.829819 871985 16079 1070190
As3c 0.829819 871985 16079 1070190
As9d 0.82913 877281 10045.5 1070190
Ah9d 0.82913 877281 10045.5 1070190
As2c 0.82823 870284 16079 1070190
Ah2c 0.82823 870284 16079 1070190
Ah9h 0.828227 876315 10045.5 1070190
Ah9s 0.828227 876315 10045.5 1070190
As9s 0.828227 876315 10045.5 1070190
As9h 0.828227 876315 10045.5 1070190
Ah8d 0.824834 871461 11268 1070190
As8d 0.824834 871461 11268 1070190
As8h 0.823937 870501 11268 1070190
Ah8h 0.823937 870501 11268 1070190
As8s 0.823937 870501 11268 1070190
Ah8s 0.823937 870501 11268 1070190
As7d 0.820636 865749 12487.5 1070190
Ah7d 0.820636 865749 12487.5 1070190
As5d 0.82052 862821 15291.5 1070190
Ah5d 0.82052 862821 15291.5 1070190
As7s 0.819739 864789 12487.5 1070190
As7h 0.819739 864789 12487.5 1070190
Ah7h 0.819739 864789 12487.5 1070190
Ah7s 0.819739 864789 12487.5 1070190
Ah5s 0.819659 861903 15287.5 1070190
Ah5h 0.819659 861903 15287.5 1070190
As5s 0.819659 861903 15287.5 1070190
As5h 0.819659 861903 15287.5 1070190
Ah3d 0.817546 858798 16131.5 1070190
As3d 0.817546 858798 16131.5 1070190
Ah2d 0.817137 858360 16131.5 1070190
As2d 0.817137 858360 16131.5 1070190
As6d 0.816755 860496 13587 1070190
Ah6d 0.816755 860496 13587 1070190
Ah3h 0.816679 857874 16127.5 1070190
As3s 0.816679 857874 16127.5 1070190
Ah3s 0.816679 857874 16127.5 1070190
As3h 0.816679 857874 16127.5 1070190
Ah2s 0.816264 857430 16127.5 1070190
Ah2h 0.816264 857430 16127.5 1070190
As2s 0.816264 857430 16127.5 1070190
As2h 0.816264 857430 16127.5 1070190
As6s 0.815852 859530 13587 1070190
Ah6h 0.815852 859530 13587 1070190
As6h 0.815852 859530 13587 1070190
Ah6s 0.815852 859530 13587 1070190
KdKc 0.796519 851309 1117.5 1070190
KsKc 0.795727 850466 1113 1070190
KhKc 0.795727 850466 1113 1070190
KcJd 0.791064 836681 9908 1070190
KcJs 0.790319 835942 9849.5 1070190
KcJh 0.790319 835942 9849.5 1070190
QcJd 0.784823 829489 10421 1070190
QcJh 0.784104 828778 10362.5 1070190
QcJs 0.784104 828778 10362.5 1070190
QdQc 0.778658 832195 1117.5 1070190
QsQc 0.777872 831358 1113 1070190
QhQc 0.777872 831358 1113 1070190
KdJd 0.777128 822174 9501 1070190
QdJd 0.772111 816264 10041 1070190
KsKd 0.771194 824216 1108 1070190
KhKd 0.771194 824216 1108 1070190
KsKh 0.770402 823373 1103.5 1070190
JdTc 0.766027 808956 10838 1070190
JsTc 0.765334 808273 10779.5 1070190
JhTc 0.765334 808273 10779.5 1070190
KdJh 0.765025 808767 9955.5 1070190
KdJs 0.765025 808767 9955.5 1070190
KhJd 0.764967 808672 9987.5 1070190
KsJd 0.764967 808672 9987.5 1070190
KsJs 0.764221 807933 9929 1070190
KsJh 0.764221 807933 9929 1070190
KhJh 0.764221 807933 9929 1070190
KhJs 0.764221 807933 9929 1070190
QdJh 0.760096 802952 10495.5 1070190
QdJs 0.760096 802952 10495.5 1070190
QhJd 0.760017 802835 10527.5 1070190
QsJd 0.760017 802835 10527.5 1070190
QhJh 0.759298 802124 10469 1070190
QsJs 0.759298 802124 10469 1070190
QhJs 0.759298 802124 10469 1070190
QsJh 0.759298 802124 10469 1070190
JdTd 0.754741 797225 10491 1070190
QhQd 0.75426 806094 1108 1070190
QsQd 0.75426 806094 1108 1070190
QsQh 0.753474 805257 1103.5 1070190
Jd9c 0.752007 793401 11389.5 1070190
Jh9c 0.75135 792765 11322 1070190
Js9c 0.75135 792765 11322 1070190
Jd8c 0.7462 785956 12619.5 1070190
Jh8c 0.745573 785360 12544.5 1070190
Js8c 0.745573 785360 12544.5 1070190
Jd9d 0.742096 783082 11101.5 1070190
JhTd 0.742018 783155 10945.5 1070190
JsTd 0.742018 783155 10945.5 1070190
JdTh 0.741918 783016 10977.5 1070190
JdTs 0.741918 783016 10977.5 1070190
JhTs 0.741225 782333 10919 1070190
JhTh 0.741225 782333 10919 1070190
JsTs 0.741225 782333 10919 1070190
JsTh 0.741225 782333 10919 1070190
Jd7c 0.74059 778722 13849.5 1070190
KcQc 0.740436 783488 8919.5 1070190
Jh7c 0.739991 778164 13766.5 1070190
Js7c 0.739991 778164 13766.5 1070190
Jd5c 0.738108 773257 16658.5 1070190
Jd8d 0.737692 777132 12338.5 1070190
Jh5c 0.737541 772747 16562 1070190
Js5c 0.737541 772747 16562 1070190
Jd6c 0.735401 772059 14959.5 1070190
Js6c 0.734826 771534 14869 1070190
Jh6c 0.734826 771534 14869 1070190
Jd3c 0.733938 767877 17576.5 1070190
Jd5d 0.733646 768805 16336 1070190
Jd7d 0.733443 771352 13571.5 1070190
Js3c 0.733394 767399 17472 1070190
Jh3c 0.733394 767399 17472 1070190
Jd2c 0.732349 766176 17576.5 1070190
Js2c 0.731805 765698 17472 1070190
Jh2c 0.731805 765698 17472 1070190
Jd3d 0.730732 764756 17266 1070190
Jd2d 0.730368 764366 17266 1070190
Jd6d 0.72957 766096 14682.5 1070190
Jh9d 0.728387 767955 11557.5 1070190
Js9d 0.728387 767955 11557.5 1070190
Jd9h 0.728213 767724 11602.5 1070190
Jd9s 0.728213 767724 11602.5 1070190
Js9h 0.727556 767088 11535 1070190
Jh9h 0.727556 767088 11535 1070190
Jh9s 0.727556 767088 11535 1070190
Js9s 0.727556 767088 11535 1070190
KcTc 0.724797 763460 12210.5 1070190
Jh8d 0.723821 761779 12847 1070190
Js8d 0.723821 761779 12847 1070190
Jd8s 0.723622 761514 12899.5 1070190
Jd8h 0.723622 761514 12899.5 1070190
Jh8h 0.722995 760918 12824.5 1070190
Jh8s 0.722995 760918 12824.5 1070190
Js8h 0.722995 760918 12824.5 1070190
Js8s 0.722995 760918 12824.5 1070190
Jh5d 0.71993 753411 17050.5 1070190
Js5d 0.71993 753411 17050.5 1070190
Jd5s 0.719705 753100 17121 1070190
Jd5h 0.719705 753100 17121 1070190
Jh7d 0.719376 755733 14136 1070190
Js7d 0.719376 755733 14136 1070190
Jd7s 0.719149 755430 14196.5 1070190
Jd7h 0.719149 755430 14196.5 1070190
Jh5s 0.719138 752590 17024.5 1070190
Jh5h 0.719138 752590 17024.5 1070190
Js5h 0.719138 752590 17024.5 1070190
Js5s 0.719138 752590 17024.5 1070190
Js7s 0.71855 754872 14113.5 1070190
Js7h 0.71855 754872 14113.5 1070190
Jh7s 0.71855 754872 14113.5 1070190
Jh7h 0.71855 754872 14113.5 1070190
Jh3d 0.716893 749210 18002 1070190
Js3d 0.716893 749210 18002 1070190
Jd3h 0.716653 748879 18076 1070190
Jd3s 0.716653 748879 18076 1070190
Js2d 0.716478 748766 18002 1070190
Jh2d 0.716478 748766 18002 1070190
Jd2s 0.716233 748429 18076 1070190
Jd2h 0.716233 748429 18076 1070190
Js3s 0.716109 748401 17971.5 1070190
Jh3s 0.716109 748401 17971.5 1070190
Jh3h 0.716109 748401 17971.5 1070190
Js3h 0.716109 748401 17971.5 1070190
Jh2h 0.715688 747951 17971.5 1070190
Js2s 0.715688 747951 17971.5 1070190
Js2h 0.715688 747951 17971.5 1070190
Jh2s 0.715688 747951 17971.5 1070190
Js6d 0.715286 750192 15299.5 1070190
Jh6d 0.715286 750192 15299.5 1070190
Jd6h 0.71503 749850 15367.5 1070190
Jd6s 0.71503 749850 15367.5 1070190
Js6s 0.714454 749325 15277 1070190
Js6h 0.714454 749325 15277 1070190
Jh6h 0.714454 749325 15277 1070190
Jh6s 0.714454 749325 15277 1070190
QcTc 0.689718 726027 12102.5 1070190
TdTc 0.685653 732383 1396.5 1070190
TsTc 0.684914 731596 1392 1070190
ThTc 0.684914 731596 1392 1070190
Kc9c 0.671074 704593 13583.5 1070190
Kc8c 0.665611 697584 14746 1070190
Kc7c 0.660568 691043 15890 1070190
ThTd 0.659282 704180 1376.5 1070190
TsTd 0.659282 704180 1376.5 1070190
TsTh 0.658542 703393 1372 1070190
Kc5c 0.658362 686395 18177 1070190
Kc6c 0.656042 685181 16908.5 1070190
9d9c 0.654339 699552 715.5 1070190
9h9c 0.653563 698721 715.5 1070190
9s9c 0.653563 698721 715.5 1070190
Kc3c 0.648286 675206 18583 1070190
Kc2c 0.647061 673895 18583 1070190
Qc9c 0.635498 666628 13475.5 1070190
8d8c 0.634934 678820 679.5 1070190
8h8c 0.634163 677995 679.5 1070190
8s8c 0.634163 677995 679.5 1070190
Kc4d 0.631736 665499 10578.5 1070190
Kc4h 0.630992 664761 10520 1070190
Kc4s 0.630992 664761 10520 1070190
Qc8c 0.630285 660154 14370.5 1070190
9s9d 0.627812 671172 706.5 1070190
9h9d 0.627812 671172 706.5 1070190
9s9h 0.627036 670341 706.5 1070190
Qc4d 0.624421 657245 11004.5 1070190
Qc4h 0.623703 656535 10946 1070190
Qc4s 0.623703 656535 10946 1070190
Kd4d 0.619466 652788 10158 1070190
Qc7c 0.619193 646926 15728.5 1070190
Qc5c 0.617354 642671 18015.5 1070190
7d7c 0.615069 657597 643.5 1070190
Qc6c 0.614667 641064 16747 1070190
7s7c 0.614298 656772 643.5 1070190
7h7c 0.614298 656772 643.5 1070190
Qd4d 0.613378 645822 10609.5 1070190
8h8d 0.609214 651303 672 1070190
8s8d 0.609214 651303 672 1070190
8s8h 0.608443 650478 672 1070190
Tc4d 0.608132 631870 18947 1070190
KcQd 0.607984 639675 10983 1070190
Tc4h 0.607488 631281 18846.5 1070190
Tc4s 0.607488 631281 18846.5 1070190
Qc3c 0.607279 631482 18421.5 1070190
KcQh 0.607184 638855 10947.5 1070190
KcQs 0.607184 638855 10947.5 1070190
KdQc 0.606499 638110 10959 1070190
Qc2c 0.606054 630171 18421.5 1070190
KhQc 0.605697 637287 10923.5 1070190
KsQc 0.605697 637287 10923.5 1070190
Kd4h 0.598747 630161 10612.5 1070190
Kd4s 0.598747 630161 10612.5 1070190
Kh4d 0.598721 630101 10644.5 1070190
Ks4d 0.598721 630101 10644.5 1070190
Td4d 0.598119 621476 18624.5 1070190
Ks4h 0.597977 629363 10586 1070190
Ks4s 0.597977 629363 10586 1070190
Kh4h 0.597977 629363 10586 1070190
Kh4s 0.597977 629363 10586 1070190
KdQd 0.596838 628390 10340 1070190
6d6c 0.594745 635883 607.5 1070190
6h6c 0.593969 635052 607.5 1070190
6s6c 0.593969 635052 607.5 1070190
9c4d 0.593719 615258 20134.5 1070190
Tc9c 0.593147 617029 17750.5 1070190
9c4s 0.593107 614721 20016 1070190
9c4h 0.593107 614721 20016 1070190
Qd4s 0.592749 623290 11064 1070190
Qd4h 0.592749 623290 11064 1070190
Qh4d 0.592702 623208 11096 1070190
Qs4d 0.592702 623208 11096 1070190
Qh4s 0.591984 622498 11037.5 1070190
Qh4h 0.591984 622498 11037.5 1070190
Qs4s 0.591984 622498 11037.5 1070190
Qs4h 0.591984 622498 11037.5 1070190
7s7d 0.590047 630825 637.5 1070190
7h7d 0.590047 630825 637.5 1070190
8c4d 0.589389 609478 21280.5 1070190
7s7h 0.589276 630000 637.5 1070190
8c4h 0.588795 608971 21152 1070190
8c4s 0.588795 608971 21152 1070190
5c4d 0.588259 606401 23147.5 1070190
Tc8c 0.587799 610411 18645.5 1070190
5c4h 0.587673 605913 23009 1070190
5c4s 0.587673 605913 23009 1070190
KcTd 0.586426 611615 15972 1070190
7c4d 0.585837 605010 21946.5 1070190
KcTh 0.585693 610866 15936.5 1070190
KcTs 0.585693 610866 15936.5 1070190
5d5c 0.585615 625563 1156.5 1070190
7c4s 0.585254 604521 21812 1070190
7c4h 0.585254 604521 21812 1070190
9d4d 0.584994 606225 19829.5 1070190
5s5c 0.584876 624776 1152.5 1070190
5h5c 0.584876 624776 1152.5 1070190
5d4d 0.584649 602923 22762 1070190
KdTc 0.583141 608277 15795 1070190
6c4d 0.582837 601494 22252.5 1070190
KhTc 0.582399 607539 15738.5 1070190
KsTc 0.582399 607539 15738.5 1070190
6c4s 0.58226 601014 22115 1070190
6c4h 0.58226 601014 22115 1070190
8d4d 0.581964 601855 20957 1070190
7d4d 0.579677 598752 21612.5 1070190
6d4d 0.577912 596562 21914 1070190
Td4s 0.577474 598634 19373 1070190
Td4h 0.577474 598634 19373 1070190
Th4d 0.577368 598446 19447 1070190
Ts4d 0.577368 598446 19447 1070190
Tc7c 0.576907 597611 19789.5 1070190
Ts4h 0.576723 597857 19346.5 1070190
Th4s 0.576723 597857 19346.5 1070190
Th4h 0.576723 597857 19346.5 1070190
Ts4s 0.576723 597857 19346.5 1070190
KdQs 0.576419 606027 10850.5 1070190
KdQh 0.576419 606027 10850.5 1070190
KsQd 0.576416 606024 10850.5 1070190
KhQd 0.576416 606024 10850.5 1070190
KhQh 0.575616 605204 10815 1070190
KhQs 0.575616 605204 10815 1070190
KsQh 0.575616 605204 10815 1070190
KsQs 0.575616 605204 10815 1070190
KdTd 0.575491 600934 14951 1070190
4d3c 0.573364 590521 23087.5 1070190
4s3c 0.572783 590042 22944.5 1070190
4h3c 0.572783 590042 22944.5 1070190
4d2c 0.571775 588820 23087.5 1070190
4d3d 0.571196 588578 22710.5 1070190
4h2c 0.571193 588341 22944.5 1070190
4s2c 0.571193 588341 22944.5 1070190
4d2d 0.570832 588188 22710.5 1070190
6s6d 0.570311 609738 603 1070190
6h6d 0.570311 609738 603 1070190
6s6h 0.569534 608907 603 1070190
Tc5c 0.568664 586341 22237 1070190
Tc6c 0.565743 584484 20968.5 1070190
5d4s 0.56397 579785 23770.5 1070190
5d4h 0.56397 579785 23770.5 1070190
5h4d 0.563805 579495 23883 1070190
5s4d 0.563805 579495 23883 1070190
9d4s 0.563487 582396 20642.5 1070190
9d4h 0.563487 582396 20642.5 1070190
9s4d 0.563311 582111 20738.5 1070190
9h4d 0.563311 582111 20738.5 1070190
5s4s 0.563219 579007 23744.5 1070190
5s4h 0.563219 579007 23744.5 1070190
5h4h 0.563219 579007 23744.5 1070190
5h4s 0.563219 579007 23744.5 1070190
5h5d 0.562701 601052 1145.5 1070190
5s5d 0.562701 601052 1145.5 1070190
9s4s 0.562698 581574 20620 1070190
9h4h 0.562698 581574 20620 1070190
9h4s 0.562698 581574 20620 1070190
9s4h 0.562698 581574 20620 1070190
5s5h 0.561962 600265 1141.5 1070190
8d4s 0.560508 578010 21840 1070190
8d4h 0.560508 578010 21840 1070190
8h4d 0.560318 577701 21946 1070190
8s4d 0.560318 577701 21946 1070190
8h4h 0.559724 577194 21817.5 1070190
8h4s 0.559724 577194 21817.5 1070190
8s4h 0.559724 577194 21817.5 1070190
8s4s 0.559724 577194 21817.5 1070190
Tc3c 0.558613 575206 22616 1070190
7d4h 0.558247 574893 22537.5 1070190
7d4s 0.558247 574893 22537.5 1070190
7h4d 0.558046 574566 22649.5 1070190
7s4d 0.558046 574566 22649.5 1070190
7h4h 0.557464 574077 22515 1070190
7s4s 0.557464 574077 22515 1070190
7s4h 0.557464 574077 22515 1070190
7h4s 0.557464 574077 22515 1070190
Tc2c 0.557388 573895 22616 1070190
6d4h 0.556471 572670 22860 1070190
6d4s 0.556471 572670 22860 1070190
6h4d 0.556259 572328 22975 1070190
6s4d 0.556259 572328 22975 1070190
6h4h 0.555682 571848 22837.5 1070190
6s4h 0.555682 571848 22837.5 1070190
6s4s 0.555682 571848 22837.5 1070190
6h4s 0.555682 571848 22837.5 1070190
KdTs 0.554511 577719 15713.5 1070190
KdTh 0.554511 577719 15713.5 1070190
KhTd 0.554502 577730 15692.5 1070190
KsTd 0.554502 577730 15692.5 1070190
KsTs 0.553769 576981 15657 1070190
KhTh 0.553769 576981 15657 1070190
KhTs 0.553769 576981 15657 1070190
KsTh 0.553769 576981 15657 1070190
9c8c 0.553305 573234 18907 1070190
4s3d 0.549706 564574 23716 1070190
4h3d 0.549706 564574 23716 1070190
4d3s 0.549535 564278 23828.5 1070190
4d3h 0.549535 564278 23828.5 1070190
4s2d 0.549291 564130 23716 1070190
4h2d 0.549291 564130 23716 1070190
4d2s 0.549114 563828 23828.5 1070190
4d2h 0.549114 563828 23828.5 1070190
4h3s 0.548953 563799 23685.5 1070190
4s3s 0.548953 563799 23685.5 1070190
4s3h 0.548953 563799 23685.5 1070190
4h3h 0.548953 563799 23685.5 1070190
4h2s 0.548533 563349 23685.5 1070190
4h2h 0.548533 563349 23685.5 1070190
4s2h 0.548533 563349 23685.5 1070190
4s2s 0.548533 563349 23685.5 1070190
9c7c 0.543735 561849 20051 1070190
5c3c 0.543446 561250 20340.5 1070190
QcTd 0.536245 558056 15828 1070190
9c5c 0.535725 550829 22498.5 1070190
QcTh 0.535543 557340 15792.5 1070190
QcTs 0.535543 557340 15792.5 1070190
5c2c 0.534649 551836 20340.5 1070190
QdTc 0.534239 556083 15654 1070190
QsTc 0.533498 555347 15597.5 1070190
QhTc 0.533498 555347 15597.5 1070190
9c6c 0.532704 548865 21230 1070190
QdTd 0.527954 550201 14810 1070190
8c7c 0.526569 543466 20062.5 1070190
9c3c 0.525674 539694 22877.5 1070190
9c2c 0.524449 538383 22877.5 1070190
3c2c 0.520656 538774 18426.5 1070190
8c5c 0.518491 532481 22403 1070190
8c6c 0.515538 530482 21241.5 1070190
7c5c 0.506795 520453 21914 1070190
QdTs 0.504897 524763 15572.5 1070190
QdTh 0.504897 524763 15572.5 1070190
QsTd 0.504858 524743 15551.5 1070190
QhTd 0.504858 524743 15551.5 1070190
QsTh 0.504156 524027 15516 1070190
QsTs 0.504156 524027 15516 1070190
QhTs 0.504156 524027 15516 1070190
QhTh 0.504156 524027 15516 1070190
7c6c 0.504109 518740 20752.5 1070190
Kc9d 0.501737 518617 18336.5 1070190
Kc9s 0.500998 517853 18310 1070190
Kc9h 0.500998 517853 18310 1070190
8c3c 0.500558 512857 22835.5 1070190
8c2c 0.499333 511546 22835.5 1070190
Kd9c 0.497419 514310 18022.5 1070190
Kh9c 0.496724 513627 17962 1070190
Ks9c 0.496724 513627 17962 1070190
Kc8d 0.493781 508280 20159 1070190
Kc8h 0.493047 507522 20132.5 1070190
Kc8s 0.493047 507522 20132.5 1070190
Kd9d 0.492614 510048 17142.5 1070190
6c5c 0.491908 506028 20406.5 1070190
3d3c 0.490888 519457 5886 1070190
3h3c 0.490188 518717 5877.5 1070190
3s3c 0.490188 518717 5877.5 1070190
7c3c 0.488912 500936 22293 1070190
Kd8c 0.488116 502599 19777.5 1070190
Kh8c 0.487451 501956 19709.5 1070190
Ks8c 0.487451 501956 19709.5 1070190
Kc7d 0.486228 498381 21975 1070190
Kc7s 0.485496 497624 21948.5 1070190
Kc7h 0.485496 497624 21948.5 1070190
Kc5d 0.485211 493607 25660.5 1070190
Kd8d 0.484908 500076 18867.5 1070190
Kc5s 0.48451 492887 25630.5 1070190
Kc5h 0.48451 492887 25630.5 1070190
7c2c 0.479485 490847 22293 1070190
Kc6d 0.479302 489339 23605.5 1070190
Kd7c 0.479271 491381 21529.5 1070190
Ks7c 0.478634 490776 21453.5 1070190
Kh7c 0.478634 490776 21453.5 1070190
Kc6s 0.478565 488576 23579 1070190
Kc6h 0.478565 488576 23579 1070190
Kd7d 0.477613 490553 20583.5 1070190
Kd5d 0.476417 485776 24081 1070190
Kd5c 0.475179 483397 25135 1070190
Ks5c 0.474576 482841 25045.5 1070190
Kh5c 0.474576 482841 25045.5 1070190
6c3c 0.474159 486655 20785.5 1070190
2d2c 0.472753 500050 5886 1070190
Kc3d 0.472288 479095 26342.5 1070190
2s2c 0.472048 499304 5877.5 1070190
2h2c 0.472048 499304 5877.5 1070190
Kc3h 0.471648 478440 26312.5 1070190
Kc3s 0.471648 478440 26312.5 1070190
Kd6c 0.471107 481070 23104.5 1070190
Kd6d 0.470933 481865 22122.5 1070190
Kc2d 0.470617 477307 26342.5 1070190
Ks6c 0.470495 480498 23021 1070190
Kh6c 0.470495 480498 23021 1070190
Kc2h 0.469971 476646 26312.5 1070190
Kc2s 0.469971 476646 26312.5 1070190
Kh9d 0.467091 481837 18039 1070190
Ks9d 0.467091 481837 18039 1070190
Kd9s 0.467047 481756 18073 1070190
Kd9h 0.467047 481756 18073 1070190
Kh9s 0.466352 481073 18012.5 1070190
Ks9h 0.466352 481073 18012.5 1070190
Kh9h 0.466352 481073 18012.5 1070190
Ks9s 0.466352 481073 18012.5 1070190
3h3d 0.465816 492646 5866 1070190
3s3d 0.465816 492646 5866 1070190
3s3h 0.465117 491906 5857.5 1070190
6c2c 0.464732 476566 20785.5 1070190
Kd3d 0.463004 470779 24723 1070190
Kd2d 0.461302 468958 24723 1070190
Kd3c 0.460263 466775 25793.5 1070190
Ks3c 0.459678 466242 25700.5 1070190
Kh3c 0.459678 466242 25700.5 1070190
Ks8d 0.459101 471479 19846.5 1070190
Kh8d 0.459101 471479 19846.5 1070190
Kd8h 0.459033 471364 19888 1070190
Kd8s 0.459033 471364 19888 1070190
Kh8s 0.458368 470721 19820 1070190
Ks8h 0.458368 470721 19820 1070190
Ks8s 0.458368 470721 19820 1070190
Kh8h 0.458368 470721 19820 1070190
Kd2c 0.457277 463580 25793.5 1070190
Kh2c 0.456692 463047 25700.5 1070190
Ks2c 0.456692 463047 25700.5 1070190
Kh7d 0.451501 461541 21650.5 1070190
Ks7d 0.451501 461541 21650.5 1070190
Kd7h 0.451405 461389 21700 1070190
Kd7s 0.451405 461389 21700 1070190
Qc9d 0.45087 464324 18192.5 1070190
Kh7s 0.450769 460784 21624 1070190
Kh7h 0.450769 460784 21624 1070190
Ks7h 0.450769 460784 21624 1070190
Ks7s 0.450769 460784 21624 1070190
Kh5d 0.450722 457008 25350.5 1070190
Ks5d 0.450722 457008 25350.5 1070190
Kd5h 0.450625 456844 25410 1070190
Kd5s 0.450625 456844 25410 1070190
Qc9h 0.45016 463591 18166 1070190
Qc9s 0.45016 463591 18166 1070190
Ks5h 0.450021 456288 25320.5 1070190
Kh5s 0.450021 456288 25320.5 1070190
Kh5h 0.450021 456288 25320.5 1070190
Ks5s 0.450021 456288 25320.5 1070190
2h2d 0.448262 473860 5866 1070190
2s2d 0.448262 473860 5866 1070190
Qd9c 0.447942 461502 17881.5 1070190
2s2h 0.447557 473114 5857.5 1070190
Qs9c 0.44725 460822 17821 1070190
Qh9c 0.44725 460822 17821 1070190
Ks6d 0.444508 452436 23272 1070190
Kh6d 0.444508 452436 23272 1070190
Qd9d 0.44444 458634 17001.5 1070190
Kd6h 0.444383 452245 23329 1070190
Kd6s 0.444383 452245 23329 1070190
Kh6h 0.44377 451673 23245.5 1070190
Kh6s 0.44377 451673 23245.5 1070190
Ks6s 0.44377 451673 23245.5 1070190
Ks6h 0.44377 451673 23245.5 1070190
Qc8d 0.443332 454882 19567.5 1070190
Qc8h 0.442628 454155 19541 1070190
Qc8s 0.442628 454155 19541 1070190
Qd8c 0.439046 450661 19201.5 1070190
Qs8c 0.438382 450016 19136 1070190
Qh8c 0.438382 450016 19136 1070190
Kh3d 0.437149 441803 26029.5 1070190
Ks3d 0.437149 441803 26029.5 1070190
Qd8d 0.437127 449502 18306.5 1070190
Kd3h 0.437094 441681 26092.5 1070190
Kd3s 0.437094 441681 26092.5 1070190
Ks3h 0.436509 441148 25999.5 1070190
Kh3h 0.436509 441148 25999.5 1070190
Kh3s 0.436509 441148 25999.5 1070190
Ks3s 0.436509 441148 25999.5 1070190
Ks2d 0.435397 439928 26029.5 1070190
Kh2d 0.435397 439928 26029.5 1070190
Kd2s 0.435336 439800 26092.5 1070190
Kd2h 0.435336 439800 26092.5 1070190
Kh2s 0.434751 439267 25999.5 1070190
Ks2h 0.434751 439267 25999.5 1070190
Kh2h 0.434751 439267 25999.5 1070190
Ks2s 0.434751 439267 25999.5 1070190
Qc7d 0.425993 434152 21741.5 1070190
Qc5d 0.425574 430018 25427 1070190
Qc7h 0.425294 433430 21715 1070190
Qc7s 0.425294 433430 21715 1070190
Qc5s 0.424905 429332 25397 1070190
Qc5h 0.424905 429332 25397 1070190
Qd7c 0.42041 428617 21301.5 1070190
Qd7d 0.420239 429377 20358.5 1070190
Qh7c 0.419777 428015 21226 1070190
Qs7c 0.419777 428015 21226 1070190
Qd5d 0.419625 425222 23856 1070190
Qc6d 0.419068 425110 23372 1070190
Qc6h 0.418363 424382 23345.5 1070190
Qc6s 0.418363 424382 23345.5 1070190
Qd5c 0.416921 421278 24907 1070190
Qh9d 0.416812 428170 17898 1070190
Qs9d 0.416812 428170 17898 1070190
Qd9s 0.416794 428117 17932 1070190
Qd9h 0.416794 428117 17932 1070190
Qs5c 0.416321 420725 24818 1070190
Qh5c 0.416321 420725 24818 1070190
Qh9s 0.416102 427437 17871.5 1070190
Qh9h 0.416102 427437 17871.5 1070190
Qs9h 0.416102 427437 17871.5 1070190
Qs9s 0.416102 427437 17871.5 1070190
Qd6d 0.413559 420689 21897.5 1070190
Qc3d 0.412651 415506 26109 1070190
Qd6c 0.412247 418306 22876.5 1070190
Qc3s 0.412043 414885 26079 1070190
Qc3h 0.412043 414885 26079 1070190
Qh6c 0.411638 417737 22793.5 1070190
Qs6c 0.411638 417737 22793.5 1070190
Qc2d 0.41098 413718 26109 1070190
Qc2h 0.410366 413091 26079 1070190
Qc2s 0.410366 413091 26079 1070190
Qh8d 0.40924 418707 19258 1070190
Qs8d 0.40924 418707 19258 1070190
Qd8h 0.4092 418625 19297 1070190
Qd8s 0.4092 418625 19297 1070190
Qh8s 0.408536 417980 19231.5 1070190
Qs8s 0.408536 417980 19231.5 1070190
Qs8h 0.408536 417980 19231.5 1070190
Qh8h 0.408536 417980 19231.5 1070190
Qd3d 0.406211 410225 24498 1070190
Qd2d 0.404509 408404 24498 1070190
Qd3c 0.402005 404656 25565.5 1070190
Qh3c 0.401423 404126 25473 1070190
Qs3c 0.401423 404126 25473 1070190
Qd2c 0.399019 401461 25565.5 1070190
Qh2c 0.398438 400931 25473 1070190
Qs2c 0.398438 400931 25473 1070190
Tc9d 0.39209 395958 23652.5 1070190
Qh7d 0.39143 397485 21420 1070190
Qs7d 0.39143 397485 21420 1070190
Tc9s 0.391424 395278 23620 1070190
Tc9h 0.391424 395278 23620 1070190
Qd7h 0.391364 397365 21469 1070190
Qd7s 0.391364 397365 21469 1070190
Qh5d 0.391273 393616 25120 1070190
Qs5d 0.391273 393616 25120 1070190
Qd5s 0.391203 393483 25179 1070190
Qd5h 0.391203 393483 25179 1070190
Td9c 0.391154 395127 23482.5 1070190
Qh7s 0.390731 396763 21393.5 1070190
Qh7h 0.390731 396763 21393.5 1070190
Qs7h 0.390731 396763 21393.5 1070190
Qs7s 0.390731 396763 21393.5 1070190
Qh5h 0.390604 392930 25090 1070190
Qs5h 0.390604 392930 25090 1070190
Qs5s 0.390604 392930 25090 1070190
Qh5s 0.390604 392930 25090 1070190
Ts9c 0.390533 394520 23425 1070190
Th9c 0.390533 394520 23425 1070190
Td9d 0.388335 393314 22278.5 1070190
Qh6d 0.384438 388380 23041.5 1070190
Qs6d 0.384438 388380 23041.5 1070190
Qd6s 0.384342 388221 23098 1070190
Qd6h 0.384342 388221 23098 1070190
Tc8d 0.384334 386283 25027.5 1070190
Qh6h 0.383733 387652 23015 1070190
Qh6s 0.383733 387652 23015 1070190
Qs6s 0.383733 387652 23015 1070190
Qs6h 0.383733 387652 23015 1070190
Tc8h 0.383674 385609 24995 1070190
Tc8s 0.383674 385609 24995 1070190
Td8c 0.38204 384053 24802.5 1070190
Ts8c 0.381447 383481 24740 1070190
Th8c 0.381447 383481 24740 1070190
Td8d 0.380809 383955 23583.5 1070190
Qs3d 0.377699 378411 25799 1070190
Qh3d 0.377699 378411 25799 1070190
Qd3h 0.377673 378320 25861.5 1070190
Qd3s 0.377673 378320 25861.5 1070190
Qs3s 0.377091 377790 25769 1070190
Qs3h 0.377091 377790 25769 1070190
Qh3h 0.377091 377790 25769 1070190
Qh3s 0.377091 377790 25769 1070190
Qh2d 0.375947 376536 25799 1070190
Qs2d 0.375947 376536 25799 1070190
Qd2s 0.375915 376439 25861.5 1070190
Qd2h 0.375915 376439 25861.5 1070190
Qh2h 0.375333 375909 25769 1070190
Qs2h 0.375333 375909 25769 1070190
Qs2s 0.375333 375909 25769 1070190
Qh2s 0.375333 375909 25769 1070190
Tc7d 0.367325 366264 26843.5 1070190
Tc7h 0.366669 365594 26811 1070190
Tc7s 0.366669 365594 26811 1070190
Td7d 0.364236 364502 25299.5 1070190
Td7c 0.363734 362710 26554.5 1070190
Th7c 0.363171 362178 26484 1070190
Ts7c 0.363171 362178 26484 1070190
Th9d 0.358977 360735 23439 1070190
Ts9d 0.358977 360735 23439 1070190
Td9s 0.358933 360662 23464 1070190
Td9h 0.358933 360662 23464 1070190
Ts9h 0.358312 360055 23406.5 1070190
Th9s 0.358312 360055 23406.5 1070190
Ts9s 0.358312 360055 23406.5 1070190
Th9h 0.358312 360055 23406.5 1070190
Tc5d 0.356601 350833 30797.5 1070190
Tc5h 0.355978 350203 30761.5 1070190
Tc5s 0.355978 350203 30761.5 1070190
Td5d 0.353526 349291 29049 1070190
Th8d 0.35118 351030 24799 1070190
Ts8d 0.35118 351030 24799 1070190
Td8s 0.351112 350928 24829 1070190
Td8h 0.351112 350928 24829 1070190
Th8h 0.35052 350356 24766.5 1070190
Ts8s 0.35052 350356 24766.5 1070190
Ts8h 0.35052 350356 24766.5 1070190
Th8s 0.35052 350356 24766.5 1070190
Td5c 0.349938 344079 30421 1070190
Tc6d 0.349714 345518 28742.5 1070190
Ts5c 0.349411 343601 30335.5 1070190
Th5c 0.349411 343601 30335.5 1070190
Tc6h 0.349057 344847 28710 1070190
Tc6s 0.349057 344847 28710 1070190
Td6d 0.347091 344363 27090.5 1070190
Td6c 0.344878 340695 28390.5 1070190
Th6c 0.344343 340201 28311 1070190
Ts6c 0.344343 340201 28311 1070190
Tc3d 0.343713 336396 31442 1070190
Tc3s 0.343151 335831 31406 1070190
Tc3h 0.343151 335831 31406 1070190
Tc2d 0.342042 334608 31442 1070190
Tc2h 0.341475 334037 31406 1070190
Tc2s 0.341475 334037 31406 1070190
Td3d 0.34015 334375 29650.5 1070190
Td2d 0.338449 332554 29650.5 1070190
Td3c 0.335059 327538 31039 1070190
Th3c 0.334551 327083 30950 1070190
Ts3c 0.334551 327083 30950 1070190
Th7d 0.333705 330525 26603 1070190
Ts7d 0.333705 330525 26603 1070190
Td7h 0.333612 330387 26641 1070190
Td7s 0.333612 330387 26641 1070190
Ts7s 0.333049 329855 26570.5 1070190
Ts7h 0.333049 329855 26570.5 1070190
Th7s 0.333049 329855 26570.5 1070190
Th7h 0.333049 329855 26570.5 1070190
9c8d 0.332106 330305 25112 1070190
Td2c 0.332074 324343 31039 1070190
5d3d 0.331607 329800 25082.5 1070190
Th2c 0.331565 323888 30950 1070190
Ts2c 0.331565 323888 30950 1070190
9c8s 0.33148 329670 25077 1070190
9c8h 0.33148 329670 25077 1070190
9d8d 0.331109 330691 23659 1070190
9d8c 0.330802 329071 24949.5 1070190
9s8c 0.330191 328475 24892 1070190
9h8c 0.330191 328475 24892 1070190
5c3d 0.328115 324578 26567 1070190
5c3h 0.327609 324085 26519 1070190
5c3s 0.327609 324085 26519 1070190
5d3c 0.3263 322726 26476.5 1070190
5s3c 0.325757 322207 26415 1070190
5h3c 0.325757 322207 26415 1070190
Th5d 0.322802 314888 30571.5 1070190
Ts5d 0.322802 314888 30571.5 1070190
Td5h 0.322706 314736 30621 1070190
Td5s 0.322706 314736 30621 1070190
Ts5h 0.32218 314258 30535.5 1070190
Th5h 0.32218 314258 30535.5 1070190
Ts5s 0.32218 314258 30535.5 1070190
Th5s 0.32218 314258 30535.5 1070190
5d2d 0.317952 315187 25082.5 1070190
9c7d 0.31726 312601 26928 1070190
9d7d 0.316648 313498 25375 1070190
9c7h 0.316637 311969 26893 1070190
9c7s 0.316637 311969 26893 1070190
Th6d 0.315573 309230 28493 1070190
Ts6d 0.315573 309230 28493 1070190
Td6h 0.315451 309053 28540 1070190
Td6s 0.315451 309053 28540 1070190
Th6h 0.314916 308559 28460.5 1070190
Ts6h 0.314916 308559 28460.5 1070190
Ts6s 0.314916 308559 28460.5 1070190
Th6s 0.314916 308559 28460.5 1070190
9d7c 0.314663 310048 26701.5 1070190
5c2d 0.314133 309615 26567 1070190
9h7c 0.314083 309492 26636 1070190
9s7c 0.314083 309492 26636 1070190
5c2s 0.313629 309124 26519 1070190
5c2h 0.313629 309124 26519 1070190
5d2c 0.311085 306444 26476.5 1070190
5s2c 0.31055 305932 26415 1070190
5h2c 0.31055 305932 26415 1070190
Ts3d 0.309267 299764 31210 1070190
Th3d 0.309267 299764 31210 1070190
Td3h 0.309213 299654 31263 1070190
Td3s 0.309213 299654 31263 1070190
Ts3h 0.308705 299199 31174 1070190
Ts3s 0.308705 299199 31174 1070190
Th3s 0.308705 299199 31174 1070190
Th3h 0.308705 299199 31174 1070190
Ts2d 0.307515 297889 31210 1070190
Th2d 0.307515 297889 31210 1070190
Td2s 0.307456 297773 31263 1070190
Td2h 0.307456 297773 31263 1070190
Th2h 0.306947 297318 31174 1070190
Ts2s 0.306947 297318 31174 1070190
Ts2h 0.306947 297318 31174 1070190
Th2s 0.306947 297318 31174 1070190
9c5d 0.306917 297577 30882 1070190
9c5h 0.306326 296984 30843.5 1070190
9c5s 0.306326 296984 30843.5 1070190
9d5d 0.306307 298682 29124.5 1070190
5d3s 0.301707 296445 26439 1070190
5d3h 0.301707 296445 26439 1070190
5s3d 0.30167 296419 26425.5 1070190
5h3d 0.30167 296419 26425.5 1070190
9d5c 0.301252 291829 30568 1070190
5s3s 0.301165 295926 26377.5 1070190
5s3h 0.301165 295926 26377.5 1070190
5h3s 0.301165 295926 26377.5 1070190
5h3h 0.301165 295926 26377.5 1070190
9s5c 0.300708 291327 30487.5 1070190
9h5c 0.300708 291327 30487.5 1070190
9c6d 0.299867 292088 28827 1070190
9d6d 0.299715 293586 27166 1070190
3d2d 0.299625 298525 22131 1070190
9c6h 0.299243 291455 28792 1070190
9c6s 0.299243 291455 28792 1070190
9h8d 0.298722 294777 24912.5 1070190
9s8d 0.298722 294777 24912.5 1070190
9d8s 0.298707 294738 24935 1070190
9d8h 0.298707 294738 24935 1070190
9h8h 0.298096 294142 24877.5 1070190
9h8s 0.298096 294142 24877.5 1070190
9s8s 0.298096 294142 24877.5 1070190
9s8h 0.298096 294142 24877.5 1070190
9d6c 0.296025 288266 28537.5 1070190
9s6c 0.295472 287748 28463 1070190
9h6c 0.295472 287748 28463 1070190
8d7d 0.29449 289972 25188 1070190
3c2d 0.2941 291297 23445.5 1070190
9c3d 0.294029 283140 31526.5 1070190
3c2s 0.29363 290842 23397.5 1070190
3c2h 0.29363 290842 23397.5 1070190
9c3s 0.293499 282612 31488 1070190
9c3h 0.293499 282612 31488 1070190
8c7d 0.293162 287013 26726.5 1070190
9d3d 0.292931 283766 29726 1070190
3d2c 0.29289 290002 23445.5 1070190
8c7s 0.292563 286409 26689.5 1070190
8c7h 0.292563 286409 26689.5 1070190
3h2c 0.292424 289552 23397.5 1070190
3s2c 0.292424 289552 23397.5 1070190
9c2d 0.292358 281352 31526.5 1070190
8d7c 0.291948 285883 26556.5 1070190
9c2s 0.291823 280818 31488 1070190
9c2h 0.291823 280818 31488 1070190
8h7c 0.29137 285326 26495.5 1070190
8s7c 0.29137 285326 26495.5 1070190
9d2d 0.29123 281945 29726 1070190
5d2s 0.287169 280886 26439 1070190
5d2h 0.287169 280886 26439 1070190
5h2d 0.287136 280865 26425.5 1070190
5s2d 0.287136 280865 26425.5 1070190
5s2s 0.286633 280374 26377.5 1070190
5h2h 0.286633 280374 26377.5 1070190
5h2s 0.286633 280374 26377.5 1070190
5s2h 0.286633 280374 26377.5 1070190
9d3c 0.286373 275288 31186 1070190
9h3c 0.285847 274809 31102 1070190
9s3c 0.285847 274809 31102 1070190
8d5d 0.284039 275206 28769.5 1070190
9s7d 0.283501 276683 26716.5 1070190
9h7d 0.283501 276683 26716.5 1070190
9d7s 0.283458 276607 26747 1070190
9d7h 0.283458 276607 26747 1070190
9d2c 0.283388 272093 31186 1070190
9s7s 0.282877 276051 26681.5 1070190
9s7h 0.282877 276051 26681.5 1070190
9h7h 0.282877 276051 26681.5 1070190
9h7s 0.282877 276051 26681.5 1070190
9h2c 0.282862 271614 31102 1070190
9s2c 0.282862 271614 31102 1070190
8c5d 0.282713 272055 30501.5 1070190
8c5h 0.282146 271489 30461 1070190
8c5s 0.282146 271489 30461 1070190
8d5c 0.278431 267725 30249 1070190
8h5c 0.277889 267220 30174 1070190
8s5c 0.277889 267220 30174 1070190
8d6d 0.277557 270060 26979 1070190
8c6d 0.275769 266500 28625.5 1070190
8c6h 0.275169 265895 28588.5 1070190
8c6s 0.275169 265895 28588.5 1070190
8d6c 0.27331 264101 28392.5 1070190
9s5d 0.272992 261468 30685 1070190
9h5d 0.272992 261468 30685 1070190
9d5s 0.272946 261377 30727 1070190
9d5h 0.272946 261377 30727 1070190
8h6c 0.27276 263582 28322.5 1070190
8s6c 0.27276 263582 28322.5 1070190
9s5s 0.272402 260875 30646.5 1070190
9s5h 0.272402 260875 30646.5 1070190
9h5s 0.272402 260875 30646.5 1070190
9h5h 0.272402 260875 30646.5 1070190
7d5d 0.269428 260445 27894 1070190
3h2d 0.26839 263904 23324 1070190
3s2d 0.26839 263904 23324 1070190
3d2s 0.268385 263899 23324 1070190
3d2h 0.268385 263899 23324 1070190
3h2s 0.26792 263449 23276 1070190
3h2h 0.26792 263449 23276 1070190
3s2s 0.26792 263449 23276 1070190
3s2h 0.26792 263449 23276 1070190
7c5d 0.266405 255534 29570 1070190
7c5h 0.26586 254993 29528 1070190
7c5s 0.26586 254993 29528 1070190
9s6d 0.265594 255630 28606.5 1070190
9h6d 0.265594 255630 28606.5 1070190
9d6h 0.265524 255515 28646 1070190
9d6s 0.265524 255515 28646 1070190
9s6s 0.26497 254997 28571.5 1070190
9s6h 0.26497 254997 28571.5 1070190
9h6s 0.26497 254997 28571.5 1070190
9h6h 0.26497 254997 28571.5 1070190
7d5c 0.263458 252572 29378 1070190
7d6d 0.263371 255753 26103.5 1070190
7s5c 0.262917 252062 29309 1070190
7h5c 0.262917 252062 29309 1070190
8s7d 0.260586 252327 26549 1070190
8h7d 0.260586 252327 26549 1070190
8d7h 0.260564 252280 26573 1070190
8d7s 0.260564 252280 26573 1070190
8s7s 0.259987 251723 26512 1070190
8s7h 0.259987 251723 26512 1070190
8h7s 0.259987 251723 26512 1070190
8h7h 0.259987 251723 26512 1070190
7c6d 0.259902 250450 27694 1070190
9s3d 0.259456 246344 31323.5 1070190
9h3d 0.259456 246344 31323.5 1070190
9d3h 0.259453 246295 31369 1070190
9d3s 0.259453 246295 31369 1070190
7c6h 0.259325 249871 27655.5 1070190
7c6s 0.259325 249871 27655.5 1070190
9s3s 0.258927 245816 31285 1070190
9h3s 0.258927 245816 31285 1070190
9h3h 0.258927 245816 31285 1070190
9s3h 0.258927 245816 31285 1070190
7d6c 0.258768 249409 27521.5 1070190
8d3d 0.258353 247032 29455 1070190
7s6c 0.258217 248884 27457.5 1070190
7h6c 0.258217 248884 27457.5 1070190
9h2d 0.257704 244469 31323.5 1070190
9s2d 0.257704 244469 31323.5 1070190
9d2s 0.257695 244414 31369 1070190
9d2h 0.257695 244414 31369 1070190
8c3d 0.257229 244048 31235.5 1070190
9s2s 0.257169 243935 31285 1070190
9h2s 0.257169 243935 31285 1070190
9s2h 0.257169 243935 31285 1070190
9h2h 0.257169 243935 31285 1070190
8c3s 0.25673 243555 31195 1070190
8c3h 0.25673 243555 31195 1070190
8d2d 0.256652 245211 29455 1070190
8c2d 0.255558 242260 31235.5 1070190
8c2h 0.255054 241761 31195 1070190
8c2s 0.255054 241761 31195 1070190
8d3c 0.250944 237604 30954 1070190
8s3c 0.250426 237128 30875 1070190
8h3c 0.250426 237128 30875 1070190
8h5d 0.24996 237166 30338.5 1070190
8s5d 0.24996 237166 30338.5 1070190
8d5s 0.249935 237105 30373 1070190
8d5h 0.249935 237105 30373 1070190
8s5h 0.249393 236600 30298 1070190
8s5s 0.249393 236600 30298 1070190
8h5s 0.249393 236600 30298 1070190
8h5h 0.249393 236600 30298 1070190
6d5d 0.248644 240612 25484 1070190
8d2c 0.247959 234409 30954 1070190
8s2c 0.24744 233933 30875 1070190
8h2c 0.24744 233933 30875 1070190
7d3d 0.243821 232439 28495.5 1070190
6c5d 0.243814 233893 27034.5 1070190
6c5s 0.243293 233375 26995 1070190
6c5h 0.243293 233375 26995 1070190
8h6d 0.242679 231274 28439 1070190
8s6d 0.242679 231274 28439 1070190
8d6h 0.24263 231188 28472 1070190
8d6s 0.24263 231188 28472 1070190
6d5c 0.242166 232269 26894.5 1070190
8s6s 0.242079 230669 28402 1070190
8h6s 0.242079 230669 28402 1070190
8h6h 0.242079 230669 28402 1070190
8s6h 0.242079 230669 28402 1070190
6h5c 0.24163 231756 26834 1070190
6s5c 0.24163 231756 26834 1070190
7c3d 0.241 227701 30214.5 1070190
7c3h 0.240522 227232 30172.5 1070190
7c3s 0.240522 227232 30172.5 1070190
7d3c 0.236057 222630 29996 1070190
7s3c 0.23554 222149 29923.5 1070190
7h3c 0.23554 222149 29923.5 1070190
7h5d 0.234957 222011 29437.5 1070190
7s5d 0.234957 222011 29437.5 1070190
7d5s 0.234953 221980 29464.5 1070190
7d5h 0.234953 221980 29464.5 1070190
7h5h 0.234412 221470 29395.5 1070190
7h5s 0.234412 221470 29395.5 1070190
7s5h 0.234412 221470 29395.5 1070190
7s5s 0.234412 221470 29395.5 1070190
7d2d 0.229362 216965 28495.5 1070190
7h6d 0.228128 216602 27538 1070190
7s6d 0.228128 216602 27538 1070190
7d6h 0.228101 216548 27563.5 1070190
7d6s 0.228101 216548 27563.5 1070190
7s6h 0.227551 216023 27499.5 1070190
7s6s 0.227551 216023 27499.5 1070190
7h6h 0.227551 216023 27499.5 1070190
7h6s 0.227551 216023 27499.5 1070190
7c2d 0.226269 211936 30214.5 1070190
7c2s 0.225794 211470 30172.5 1070190
7c2h 0.225794 211470 30172.5 1070190
8d3s 0.223335 207906 31105 1070190
8d3h 0.223335 207906 31105 1070190
8h3d 0.223315 207923 31066.5 1070190
8s3d 0.223315 207923 31066.5 1070190
6d3d 0.223249 212833 26085.5 1070190
8h3h 0.222817 207430 31026 1070190
8s3h 0.222817 207430 31026 1070190
8s3s 0.222817 207430 31026 1070190
8h3s 0.222817 207430 31026 1070190
8d2s 0.221577 206025 31105 1070190
8d2h 0.221577 206025 31105 1070190
8s2d 0.221563 206048 31066.5 1070190
8h2d 0.221563 206048 31066.5 1070190
8s2s 0.221059 205549 31026 1070190
8h2s 0.221059 205549 31026 1070190
8h2h 0.221059 205549 31026 1070190
8s2h 0.221059 205549 31026 1070190
7d2c 0.219997 205443 29996 1070190
7s2c 0.219486 204968 29923.5 1070190
7h2c 0.219486 204968 29923.5 1070190
6c3d 0.218627 206293 27679 1070190
6c3h 0.218173 205847 27639.5 1070190
6c3s 0.218173 205847 27639.5 1070190
6d3c 0.214983 202560 27512.5 1070190
6h3c 0.214471 202076 27448.5 1070190
6s3c 0.214471 202076 27448.5 1070190
6d5s 0.213264 201312 26920.5 1070190
6d5h 0.213264 201312 26920.5 1070190
6s5d 0.213249 201317 26899.5 1070190
6h5d 0.213249 201317 26899.5 1070190
6s5s 0.212728 200799 26860 1070190
6h5s 0.212728 200799 26860 1070190
6h5h 0.212728 200799 26860 1070190
6s5h 0.212728 200799 26860 1070190
6d2d 0.20879 197359 26085.5 1070190
7d3s 0.208436 192960 30106.5 1070190
7d3h 0.208436 192960 30106.5 1070190
7h3d 0.208397 192948 30076 1070190
7s3d 0.208397 192948 30076 1070190
7h3s 0.207919 192479 30034 1070190
7h3h 0.207919 192479 30034 1070190
7s3s 0.207919 192479 30034 1070190
7s3h 0.207919 192479 30034 1070190
6c2d 0.203896 190528 27679 1070190
6c2h 0.203445 190085 27639.5 1070190
6c2s 0.203445 190085 27639.5 1070190
6d2c 0.198923 185373 27512.5 1070190
6h2c 0.198417 184895 27448.5 1070190
6s2c 0.198417 184895 27448.5 1070190
7d2s 0.193094 176541 30106.5 1070190
7d2h 0.193094 176541 30106.5 1070190
7s2d 0.193057 176532 30076 1070190
7h2d 0.193057 176532 30076 1070190
7s2s 0.192583 176066 30034 1070190
7s2h 0.192583 176066 30034 1070190
7h2h 0.192583 176066 30034 1070190
7h2s 0.192583 176066 30034 1070190
6d3h 0.186973 172534 27562.5 1070190
6d3s 0.186973 172534 27562.5 1070190
6h3d 0.186914 172496 27538 1070190
6s3d 0.186914 172496 27538 1070190
6h3h 0.186461 172050 27498.5 1070190
6s3h 0.186461 172050 27498.5 1070190
6h3s 0.186461 172050 27498.5 1070190
6s3s 0.186461 172050 27498.5 1070190
6d2h 0.171631 156115 27562.5 1070190
6d2s 0.171631 156115 27562.5 1070190
6s2d 0.171575 156080 27538 1070190
6h2d 0.171575 156080 27538 1070190
6s2h 0.171124 155637 27498.5 1070190
6h2h 0.171124 155637 27498.5 1070190
6h2s 0.171124 155637 27498.5 1070190
6s2s 0.171124 155637 27498.5 1070190
