QsQc 0.954634 1021575 64.5 1070190
QhQc 0.954634 1021575 64.5 1070190
KhKd 0.942808 1008984 0 1070190
KsKd 0.942808 1008984 0 1070190
KsKh 0.94243 1008579 0 1070190
QsQh 0.937526 1003266 64.5 1070190
4s4d 0.928349 993390 120 1070190
4h4d 0.928349 993390 120 1070190
4s4h 0.927976 992991 120 1070190
KdQc 0.925974 988638 2330 1070190
KhQc 0.925511 988143 2330 1070190
KsQc 0.925511 988143 2330 1070190
KdQh 0.907848 969195 2375 1070190
KdQs 0.907848 969195 2375 1070190
KsQh 0.907386 968700 2375 1070190
KsQs 0.907386 968700 2375 1070190
KhQh 0.907386 968700 2375 1070190
KhQs 0.907386 968700 2375 1070190
Kd4d 0.889839 946017 6280 1070190
AcQc 0.886116 945065 3247.5 1070190
Qc4d 0.885883 941640 6423.5 1070190
Qc4s 0.885468 941196 6423.5 1070190
Qc4h 0.885468 941196 6423.5 1070190
Kd4h 0.885413 941190 6370 1070190
Kd4s 0.885413 941190 6370 1070190
Ks4d 0.885407 941184 6370 1070190
Kh4d 0.885407 941184 6370 1070190
Kh4h 0.885055 940830 6347.5 1070190
Kh4s 0.885055 940830 6347.5 1070190
Ks4h 0.885055 940830 6347.5 1070190
Ks4s 0.885055 940830 6347.5 1070190
AcKd 0.881907 939584 4224.5 1070190
AcKh 0.881128 938772 4202 1070190
AcKs 0.881128 938772 4202 1070190
AdAc 0.875236 935551 1117.5 1070190
AhAc 0.874444 934708 1113 1070190
AsAc 0.874444 934708 1113 1070190
Qh4d 0.866997 921549 6302 1070190
Qs4d 0.866997 921549 6302 1070190
Qs4s 0.866582 921105 6302 1070190
Qs4h 0.866582 921105 6302 1070190
Qh4s 0.866582 921105 6302 1070190
Qh4h 0.866582 921105 6302 1070190
QcJc 0.866522 920036 7307 1070190
QcTc 0.863494 916442 7661 1070190
AdKd 0.862943 919385 4127.5 1070190
KdJc 0.857118 906574 10705.5 1070190
Qc9c 0.856697 908979 7850 1070190
KhJc 0.856398 905858 10651 1070190
KsJc 0.856398 905858 10651 1070190
AdKs 0.856165 911935 4324 1070190
AdKh 0.856165 911935 4324 1070190
AhKd 0.85614 911913 4320 1070190
AsKd 0.85614 911913 4320 1070190
AhKs 0.855361 911101 4297.5 1070190
AhKh 0.855361 911101 4297.5 1070190
AsKh 0.855361 911101 4297.5 1070190
AsKs 0.855361 911101 4297.5 1070190
KdTc 0.851144 899730 11155.5 1070190
Qc8c 0.850964 902361 8332.5 1070190
KhTc 0.85045 899042 11101 1070190
KsTc 0.85045 899042 11101 1070190
AsAd 0.84969 908222 1108 1070190
AhAd 0.84969 908222 1108 1070190
AsAh 0.848898 907379 1103.5 1070190
Qc7c 0.848312 898737 9118.5 1070190
Qc6c 0.846098 895665 9820.5 1070190
Qc5c 0.844452 893358 10366.5 1070190
Qc3c 0.842386 890469 11044.5 1070190
Qc2c 0.842229 890301 11044.5 1070190
KdJd 0.841534 890282 10319 1070190
Kd9c 0.83891 886446 11347 1070190
Kh9c 0.83825 885800 11286.5 1070190
Ks9c 0.83825 885800 11286.5 1070190
KdTd 0.836976 884926 10797 1070190
KhJd 0.834145 881893 10801 1070190
KsJd 0.834145 881893 10801 1070190
KdJh 0.834094 881814 10825.5 1070190
KdJs 0.834094 881814 10825.5 1070190
KsJh 0.833374 881098 10771 1070190
KsJs 0.833374 881098 10771 1070190
KhJh 0.833374 881098 10771 1070190
KhJs 0.833374 881098 10771 1070190
KsTd 0.829404 876341 11279 1070190
KhTd 0.829404 876341 11279 1070190
KdTh 0.829327 876234 11303.5 1070190
KdTs 0.829327 876234 11303.5 1070190
KsTh 0.828633 875546 11249 1070190
KhTs 0.828633 875546 11249 1070190
KhTh 0.828633 875546 11249 1070190
KsTs 0.828633 875546 11249 1070190
Kd8c 0.828356 874450 12048 1070190
Kh8c 0.82773 873851 11977.5 1070190
Ks8c 0.82773 873851 11977.5 1070190
Kd9d 0.826066 872994 11053.5 1070190
Kd7c 0.823023 867513 13278 1070190
Ks7c 0.822425 866952 13199.5 1070190
Kh7c 0.822425 866952 13199.5 1070190
Kd6c 0.818389 861444 14388 1070190
Ks6c 0.817816 860916 14302 1070190
Kh6c 0.817816 860916 14302 1070190
Kh9d 0.817628 863501 11516 1070190
Ks9d 0.817628 863501 11516 1070190
Kd9s 0.817479 863307 11550.5 1070190
Kd9h 0.817479 863307 11550.5 1070190
Kd8d 0.816822 862352 11803 1070190
Kh9s 0.816819 862661 11490 1070190
Kh9h 0.816819 862661 11490 1070190
Ks9h 0.816819 862661 11490 1070190
Ks9s 0.816819 862661 11490 1070190
AcQh 0.816418 869147 4575 1070190
AcQs 0.816418 869147 4575 1070190
AdQc 0.816097 868828 4551 1070190
AhQc 0.815265 867942 4546.5 1070190
AsQc 0.815265 867942 4546.5 1070190
Kd5c 0.814676 856600 15258 1070190
Ks5c 0.81412 856097 15166 1070190
Kh5c 0.81412 856097 15166 1070190
Kd7d 0.812865 856884 13036 1070190
Kd3c 0.810473 851220 16140 1070190
Kh3c 0.80994 850749 16040.5 1070190
Ks3c 0.80994 850749 16040.5 1070190
Kd6d 0.809586 852264 14147 1070190
Kd2c 0.808883 849519 16140 1070190
Kh2c 0.80835 849048 16040.5 1070190
Ks2c 0.80835 849048 16040.5 1070190
Ks8d 0.807688 852100 12280 1070190
Kh8d 0.807688 852100 12280 1070190
Kd8h 0.807477 851826 12328 1070190
Kd8s 0.807477 851826 12328 1070190
Kd5d 0.807201 848840 15018 1070190
Kh8h 0.806852 851227 12257.5 1070190
Kh8s 0.806852 851227 12257.5 1070190
Ks8s 0.806852 851227 12257.5 1070190
Ks8h 0.806852 851227 12257.5 1070190
Kd3d 0.804253 844791 15912 1070190
Kd2d 0.803888 844401 15912 1070190
Ks7d 0.803591 846426 13569 1070190
Kh7d 0.803591 846426 13569 1070190
Kd7s 0.803357 846120 13625 1070190
Kd7h 0.803357 846120 13625 1070190
Ks7s 0.80276 845559 13546.5 1070190
Ks7h 0.80276 845559 13546.5 1070190
Kh7h 0.80276 845559 13546.5 1070190
Kh7s 0.80276 845559 13546.5 1070190
Kh6d 0.800196 841629 14732.5 1070190
Ks6d 0.800196 841629 14732.5 1070190
Kd6s 0.799944 841296 14796 1070190
Kd6h 0.799944 841296 14796 1070190
Ks6s 0.79937 840768 14710 1070190
Ks6h 0.79937 840768 14710 1070190
Kh6s 0.79937 840768 14710 1070190
Kh6h 0.79937 840768 14710 1070190
Kh5d 0.797736 838084 15645.5 1070190
Ks5d 0.797736 838084 15645.5 1070190
Kd5s 0.797472 837732 15715 1070190
Kd5h 0.797472 837732 15715 1070190
Ks5s 0.796916 837229 15623 1070190
Ks5h 0.796916 837229 15623 1070190
Kh5h 0.796916 837229 15623 1070190
Kh5s 0.796916 837229 15623 1070190
Kh3d 0.794666 833883 16561 1070190
Ks3d 0.794666 833883 16561 1070190
Kd3h 0.794387 833511 16634 1070190
Kd3s 0.794387 833511 16634 1070190
Ks2d 0.794251 833439 16561 1070190
Kh2d 0.794251 833439 16561 1070190
Kd2h 0.793966 833061 16634 1070190
Kd2s 0.793966 833061 16634 1070190
Ks3s 0.793854 833040 16534.5 1070190
Kh3h 0.793854 833040 16534.5 1070190
Kh3s 0.793854 833040 16534.5 1070190
Ks3h 0.793854 833040 16534.5 1070190
QcJd 0.793451 838463 10680.5 1070190
Kh2s 0.793433 832590 16534.5 1070190
Kh2h 0.793433 832590 16534.5 1070190
Ks2h 0.793433 832590 16534.5 1070190
Ks2s 0.793433 832590 16534.5 1070190
QcJh 0.79267 837636 10672 1070190
QcJs 0.79267 837636 10672 1070190
QhJc 0.790611 835606 10497.5 1070190
QsJc 0.790611 835606 10497.5 1070190
AdQh 0.790125 841121 4463 1070190
AdQs 0.790125 841121 4463 1070190
AsQs 0.789293 840235 4458.5 1070190
AsQh 0.789293 840235 4458.5 1070190
AhQs 0.789293 840235 4458.5 1070190
AhQh 0.789293 840235 4458.5 1070190
QcTd 0.788826 833029 11164.5 1070190
QcTs 0.788045 832202 11156 1070190
QcTh 0.788045 832202 11156 1070190
QhTc 0.784787 828918 10953.5 1070190
QsTc 0.784787 828918 10953.5 1070190
Qc9d 0.776436 819528 11406 1070190
Qc9s 0.775616 818654 11402 1070190
Qc9h 0.775616 818654 11402 1070190
Qs9c 0.77177 814825 11115.5 1070190
Qh9c 0.77177 814825 11115.5 1070190
QhJd 0.767268 810724 10399 1070190
QsJd 0.767268 810724 10399 1070190
QsJs 0.766488 809897 10390.5 1070190
QsJh 0.766488 809897 10390.5 1070190
QhJh 0.766488 809897 10390.5 1070190
QhJs 0.766488 809897 10390.5 1070190
Qc8d 0.766158 807784 12150.5 1070190
Qc8s 0.765308 806875 12150.5 1070190
Qc8h 0.765308 806875 12150.5 1070190
QsTd 0.762772 805444 10867 1070190
QhTd 0.762772 805444 10867 1070190
Qc7d 0.762186 802281 13402.5 1070190
QsTs 0.761991 804617 10858.5 1070190
QsTh 0.761991 804617 10858.5 1070190
QhTh 0.761991 804617 10858.5 1070190
QhTs 0.761991 804617 10858.5 1070190
Qc7h 0.761342 801378 13402.5 1070190
Qc7s 0.761342 801378 13402.5 1070190
Qs8c 0.760772 802408 11763 1070190
Qh8c 0.760772 802408 11763 1070190
Qc6d 0.758897 797634 14530.5 1070190
Qc6s 0.758059 796737 14530.5 1070190
Qc6h 0.758059 796737 14530.5 1070190
Qc5d 0.756518 794203 15414.5 1070190
Qc5h 0.755685 793312 15414.5 1070190
Qc5s 0.755685 793312 15414.5 1070190
Qh7c 0.755602 795687 12951 1070190
Qs7c 0.755602 795687 12951 1070190
Qc3d 0.753557 790137 16312.5 1070190
Qc2d 0.753156 789708 16312.5 1070190
Qc3h 0.752719 789240 16312.5 1070190
Qc3s 0.752719 789240 16312.5 1070190
Qc2h 0.752313 788805 16312.5 1070190
Qc2s 0.752313 788805 16312.5 1070190
Qh6c 0.751106 789804 14022 1070190
Qs6c 0.751106 789804 14022 1070190
Qh9d 0.750268 791886 11043.5 1070190
Qs9d 0.750268 791886 11043.5 1070190
Qh9h 0.749448 791012 11039.5 1070190
Qh9s 0.749448 791012 11039.5 1070190
Qs9s 0.749448 791012 11039.5 1070190
Qs9h 0.749448 791012 11039.5 1070190
Qs5c 0.747493 785098 14862 1070190
Qh5c 0.747493 785098 14862 1070190
AcJc 0.745705 788377 9669 1070190
Qh3c 0.743338 779778 15735 1070190
Qs3c 0.743338 779778 15735 1070190
Qh2c 0.741749 778077 15735 1070190
Qs2c 0.741749 778077 15735 1070190
AcTc 0.741526 783905 9669 1070190
Qs8d 0.739956 780177 11716.5 1070190
Qh8d 0.739956 780177 11716.5 1070190
Qs8s 0.739107 779268 11716.5 1070190
Qs8h 0.739107 779268 11716.5 1070190
Qh8h 0.739107 779268 11716.5 1070190
Qh8s 0.739107 779268 11716.5 1070190
Qh7d 0.736106 774837 12936 1070190
Qs7d 0.736106 774837 12936 1070190
Qs7s 0.735262 773934 12936 1070190
Qs7h 0.735262 773934 12936 1070190
Qh7h 0.735262 773934 12936 1070190
Qh7s 0.735262 773934 12936 1070190
Qh6d 0.73292 770328 14035.5 1070190
Qs6d 0.73292 770328 14035.5 1070190
Qh6h 0.732082 769431 14035.5 1070190
Qs6s 0.732082 769431 14035.5 1070190
Qs6h 0.732082 769431 14035.5 1070190
Qh6s 0.732082 769431 14035.5 1070190
JcTc 0.731001 768252 14058 1070190
Qs5d 0.730617 767001 14898 1070190
Qh5d 0.730617 767001 14898 1070190
Qh5s 0.729784 766110 14898 1070190
Qs5s 0.729784 766110 14898 1070190
Qs5h 0.729784 766110 14898 1070190
Qh5h 0.729784 766110 14898 1070190
Qh3d 0.727675 762978 15772.5 1070190
Qs3d 0.727675 762978 15772.5 1070190
Qs2d 0.727266 762540 15772.5 1070190
Qh2d 0.727266 762540 15772.5 1070190
Qh3h 0.726837 762081 15772.5 1070190
Qs3h 0.726837 762081 15772.5 1070190
Qs3s 0.726837 762081 15772.5 1070190
Qh3s 0.726837 762081 15772.5 1070190
Qh2s 0.726422 761637 15772.5 1070190
Qh2h 0.726422 761637 15772.5 1070190
Qs2s 0.726422 761637 15772.5 1070190
Qs2h 0.726422 761637 15772.5 1070190
JdJc 0.714129 762236 2017.5 1070190
JsJc 0.71341 761475 2009 1070190
JhJc 0.71341 761475 2009 1070190
TdTc 0.696268 743158 1981.5 1070190
ThTc 0.695549 742397 1973 1070190
TsTc 0.695549 742397 1973 1070190
JsJd 0.68757 733843 1988 1070190
JhJd 0.68757 733843 1988 1070190
Ac9c 0.687182 724445 10970.5 1070190
JsJh 0.686851 733082 1979.5 1070190
Ac8c 0.681551 717256 12133 1070190
Ac7c 0.676581 710793 13277 1070190
Jc9c 0.674584 705127 16806 1070190
Ac5c 0.674461 706720 15081.5 1070190
Ac6c 0.672262 705153 14295.5 1070190
TsTd 0.670609 715726 1953.5 1070190
ThTd 0.670609 715726 1953.5 1070190
TsTh 0.66989 714965 1945 1070190
9d9c 0.665451 710859 1300.5 1070190
9s9c 0.664696 710054 1296.5 1070190
9h9c 0.664696 710054 1296.5 1070190
Ac3c 0.663996 695074 15528 1070190
Ac2c 0.66262 693601 15528 1070190
Ac4d 0.644963 684874 5358.5 1070190
Ac4s 0.644184 684063 5336 1070190
Ac4h 0.644184 684063 5336 1070190
Tc9c 0.639778 668367 16317 1070190
9s9d 0.639663 683277 1283.5 1070190
9h9d 0.639663 683277 1283.5 1070190
9s9h 0.638907 682472 1279.5 1070190
8d8c 0.636251 680230 679.5 1070190
8s8c 0.635469 679393 679.5 1070190
8h8c 0.635469 679393 679.5 1070190
Ad4d 0.630718 669758 5230 1070190
Jc4d 0.625515 651846 17574 1070190
Jc4s 0.624828 651190 17495 1070190
Jc4h 0.624828 651190 17495 1070190
Jc8c 0.619858 645260 18106 1070190
Tc4d 0.618456 642185 19680 1070190
Tc4h 0.617805 641586 19583 1070190
Tc4s 0.617805 641586 19583 1070190
7d7c 0.617003 659667 643.5 1070190
7s7c 0.616227 658836 643.5 1070190
7h7c 0.616227 658836 643.5 1070190
Jc7c 0.614888 638797 19250 1070190
Jd4d 0.614128 639944 17289.5 1070190
AcJd 0.612025 641290 13693.5 1070190
AcJh 0.611296 640541 13662 1070190
AcJs 0.611296 640541 13662 1070190
Jc6c 0.61057 633157 20268.5 1070190
Ah4d 0.610477 647904 5422.5 1070190
As4d 0.610477 647904 5422.5 1070190
8h8d 0.610473 652650 672 1070190
8s8d 0.610473 652650 672 1070190
Ad4s 0.610469 647891 5426.5 1070190
Ad4h 0.610469 647891 5426.5 1070190
Ah4s 0.609698 647093 5400 1070190
Ah4h 0.609698 647093 5400 1070190
As4h 0.609698 647093 5400 1070190
As4s 0.609698 647093 5400 1070190
8s8h 0.609691 651813 672 1070190
Td4d 0.60839 631732 19361 1070190
AdJc 0.607637 636787 13500 1070190
AsJc 0.606865 636021 13440 1070190
AhJc 0.606865 636021 13440 1070190
Jc5c 0.606799 628336 21054.5 1070190
AcTd 0.605571 634382 13693.5 1070190
JcTd 0.605031 629000 18498.5 1070190
AcTs 0.604841 633633 13662 1070190
AcTh 0.604841 633633 13662 1070190
JcTh 0.604326 628288 18455.5 1070190
JcTs 0.604326 628288 18455.5 1070190
JdTc 0.603684 627666 18391 1070190
9c4d 0.60313 624656 20807.5 1070190
JhTc 0.602996 626990 18330 1070190
JsTc 0.602996 626990 18330 1070190
9c4s 0.602513 624110 20693 1070190
9c4h 0.602513 624110 20693 1070190
AdTc 0.599924 628533 13500 1070190
AsTc 0.599179 627795 13440 1070190
AhTc 0.599179 627795 13440 1070190
AdJd 0.598294 627414 12874 1070190
6d6c 0.597913 639273 607.5 1070190
6s6c 0.597142 638448 607.5 1070190
6h6c 0.597142 638448 607.5 1070190
Jc3c 0.596397 616825 21433.5 1070190
Jc2c 0.595021 615352 21433.5 1070190
JdTd 0.594986 619153 17595.5 1070190
Jd4h 0.594378 618154 17943 1070190
Jd4s 0.594378 618154 17943 1070190
9d4d 0.594371 615583 20507 1070190
Jh4d 0.594336 618060 17992 1070190
Js4d 0.594336 618060 17992 1070190
Jh4h 0.593649 617404 17913 1070190
Js4s 0.593649 617404 17913 1070190
Js4h 0.593649 617404 17913 1070190
Jh4s 0.593649 617404 17913 1070190
AdTd 0.592146 620835 12874 1070190
7h7d 0.592007 632922 637.5 1070190
7s7d 0.592007 632922 637.5 1070190
8c4d 0.591385 611530 21364.5 1070190
7s7h 0.59123 632091 637.5 1070190
8c4h 0.59079 611020 21238 1070190
8c4s 0.59079 611020 21238 1070190
Td4h 0.588568 609739 20140.5 1070190
Td4s 0.588568 609739 20140.5 1070190
Ts4d 0.588489 609588 20207.5 1070190
Th4d 0.588489 609588 20207.5 1070190
7c4d 0.58811 607359 22030.5 1070190
Th4s 0.587839 608989 20110.5 1070190
Ts4s 0.587839 608989 20110.5 1070190
Th4h 0.587839 608989 20110.5 1070190
Ts4h 0.587839 608989 20110.5 1070190
7c4h 0.587527 606867 21898 1070190
7c4s 0.587527 606867 21898 1070190
6c4d 0.585666 604437 22336.5 1070190
6c4h 0.585088 603954 22201 1070190
6c4s 0.585088 603954 22201 1070190
8d4d 0.583908 603805 21088 1070190
5c4d 0.583825 602401 22402.5 1070190
5c4s 0.583249 601921 22266 1070190
5c4h 0.583249 601921 22266 1070190
Tc8c 0.583085 604714 19298 1070190
7d4d 0.581919 601020 21743.5 1070190
6d4d 0.580748 599466 22045 1070190
5d4d 0.580177 598789 22110.5 1070190
5d5c 0.578978 619045 571.5 1070190
AdJs 0.578279 605450 13418.5 1070190
AdJh 0.578279 605450 13418.5 1070190
AhJd 0.578237 605433 13390 1070190
AsJd 0.578237 605433 13390 1070190
5s5c 0.578213 618226 571.5 1070190
5h5c 0.578213 618226 571.5 1070190
Tc7c 0.578115 598251 20442 1070190
AsJs 0.577507 604684 13358.5 1070190
AsJh 0.577507 604684 13358.5 1070190
AhJs 0.577507 604684 13358.5 1070190
AhJh 0.577507 604684 13358.5 1070190
JhTd 0.576699 598938 18240 1070190
JsTd 0.576699 598938 18240 1070190
JdTs 0.576683 598902 18258 1070190
JdTh 0.576683 598902 18258 1070190
JsTh 0.575994 598226 18197 1070190
JsTs 0.575994 598226 18197 1070190
JhTh 0.575994 598226 18197 1070190
JhTs 0.575994 598226 18197 1070190
Tc6c 0.573797 592611 21460.5 1070190
6h6d 0.573672 613335 603 1070190
6s6d 0.573672 613335 603 1070190
9d4s 0.573628 592543 21347.5 1070190
9d4h 0.573628 592543 21347.5 1070190
9s4d 0.573478 592294 21436 1070190
9h4d 0.573478 592294 21436 1070190
6s6h 0.572901 612510 603 1070190
9s4s 0.57286 591748 21321.5 1070190
9s4h 0.57286 591748 21321.5 1070190
9h4s 0.57286 591748 21321.5 1070190
9h4h 0.57286 591748 21321.5 1070190
AdTh 0.571818 598535 13418.5 1070190
AdTs 0.571818 598535 13418.5 1070190
AhTd 0.571801 598546 13390 1070190
AsTd 0.571801 598546 13390 1070190
AhTh 0.571072 597797 13358.5 1070190
AhTs 0.571072 597797 13358.5 1070190
AsTh 0.571072 597797 13358.5 1070190
AsTs 0.571072 597797 13358.5 1070190
Tc5c 0.570026 587790 22246.5 1070190
4d3c 0.567688 585192 22342.5 1070190
4s3c 0.567117 584721 22202 1070190
4h3c 0.567117 584721 22202 1070190
4d2c 0.566099 583491 22342.5 1070190
4h2c 0.565528 583020 22202 1070190
4s2c 0.565528 583020 22202 1070190
4d3d 0.565507 583140 22060 1070190
4d2d 0.565143 582750 22060 1070190
8d4h 0.562498 580023 21957 1070190
8d4s 0.562498 580023 21957 1070190
8h4d 0.562298 579705 22061 1070190
8s4d 0.562298 579705 22061 1070190
8h4h 0.561704 579195 21934.5 1070190
8h4s 0.561704 579195 21934.5 1070190
8s4h 0.561704 579195 21934.5 1070190
8s4s 0.561704 579195 21934.5 1070190
7d4s 0.560585 577278 22654.5 1070190
7d4h 0.560585 577278 22654.5 1070190
7h4d 0.560379 576948 22764.5 1070190
7s4d 0.560379 576948 22764.5 1070190
7s4h 0.559796 576456 22632 1070190
7h4s 0.559796 576456 22632 1070190
7s4s 0.559796 576456 22632 1070190
7h4h 0.559796 576456 22632 1070190
Tc3c 0.559624 576279 22625.5 1070190
6d4s 0.559504 575799 22977 1070190
6d4h 0.559504 575799 22977 1070190
6h4d 0.559299 575466 23090 1070190
6s4d 0.559299 575466 23090 1070190
5d4h 0.559023 575211 23049.5 1070190
5d4s 0.559023 575211 23049.5 1070190
5h4d 0.558821 574881 23163.5 1070190
5s4d 0.558821 574881 23163.5 1070190
6h4h 0.558721 574983 22954.5 1070190
6h4s 0.558721 574983 22954.5 1070190
6s4h 0.558721 574983 22954.5 1070190
6s4s 0.558721 574983 22954.5 1070190
Tc2c 0.558248 574806 22625.5 1070190
5h4h 0.558245 574401 23027 1070190
5h4s 0.558245 574401 23027 1070190
5s4s 0.558245 574401 23027 1070190
5s4h 0.558245 574401 23027 1070190
5s5d 0.555469 593889 568.5 1070190
5h5d 0.555469 593889 568.5 1070190
5s5h 0.554704 593070 568.5 1070190
9c8c 0.548593 567414 19685 1070190
9c7c 0.543623 560951 20829 1070190
4h3d 0.543457 558606 22996 1070190
4s3d 0.543457 558606 22996 1070190
4d3h 0.543249 558270 23110 1070190
4d3s 0.543249 558270 23110 1070190
4s2d 0.543042 558162 22996 1070190
4h2d 0.543042 558162 22996 1070190
4d2h 0.542829 557820 23110 1070190
4d2s 0.542829 557820 23110 1070190
4h3h 0.542678 557799 22969.5 1070190
4h3s 0.542678 557799 22969.5 1070190
4s3s 0.542678 557799 22969.5 1070190
4s3h 0.542678 557799 22969.5 1070190
4s2h 0.542257 557349 22969.5 1070190
4h2s 0.542257 557349 22969.5 1070190
4h2h 0.542257 557349 22969.5 1070190
4s2s 0.542257 557349 22969.5 1070190
9c6c 0.539305 555311 21847.5 1070190
9c5c 0.535534 550490 22633.5 1070190
9c3c 0.525132 538979 23012.5 1070190
8c7c 0.524111 540308 20590 1070190
9c2c 0.523756 537506 23012.5 1070190
Ac9d 0.520049 540601 15950.5 1070190
8c6c 0.519658 534524 21608.5 1070190
Ac9h 0.519326 539850 15928 1070190
Ac9s 0.519326 539850 15928 1070190
Jc9d 0.51656 530299 22518.5 1070190
8c5c 0.515987 529917 22287.5 1070190
Jc9s 0.515851 529578 22481 1070190
Jc9h 0.515851 529578 22481 1070190
Jd9c 0.514444 528186 22367 1070190
Jh9c 0.513814 527574 22305 1070190
Js9c 0.513814 527574 22305 1070190
Ad9c 0.513181 533579 15622.5 1070190
As9c 0.512484 532896 15559 1070190
Ah9c 0.512484 532896 15559 1070190
Ac8d 0.510602 528668 17773 1070190
Ac8s 0.509854 527890 17750.5 1070190
Ac8h 0.509854 527890 17750.5 1070190
Jd9d 0.508665 523053 21315 1070190
Ad9d 0.508381 529098 14966.5 1070190
7c6c 0.507277 521817 21066 1070190
7c5c 0.503607 517210 21745 1070190
Ac7d 0.503333 519073 19589 1070190
Ad8c 0.502755 520666 17377.5 1070190
Ac7h 0.502591 518301 19566.5 1070190
Ac7s 0.502591 518301 19566.5 1070190
Ah8c 0.502088 520023 17306.5 1070190
As8c 0.502088 520023 17306.5 1070190
Ac5d 0.501516 514232 22485.5 1070190
Ac5s 0.500782 513469 22463 1070190
Ac5h 0.500782 513469 22463 1070190
Ad8d 0.49945 517815 16691.5 1070190
8c3c 0.497703 509917 22720 1070190
Ac6d 0.497086 510757 21219.5 1070190
Ac6s 0.496349 509991 21197 1070190
Ac6h 0.496349 509991 21197 1070190
8c2c 0.496327 508444 22720 1070190
6c5c 0.496078 510178 20720 1070190
Ad7c 0.494137 509691 19129.5 1070190
As7c 0.493498 509086 19050.5 1070190
Ah7c 0.493498 509086 19050.5 1070190
Ad7d 0.492392 508545 18407.5 1070190
Ad5d 0.490606 503901 21140.5 1070190
Ad5c 0.489546 501979 21928.5 1070190
As5c 0.48894 501423 21836 1070190
Ah5c 0.48894 501423 21836 1070190
Ac3d 0.488126 499180 23208 1070190
Ac3h 0.487455 498484 23185.5 1070190
Ac3s 0.487455 498484 23185.5 1070190
Ad6c 0.486529 499974 20704.5 1070190
Ad6d 0.486306 500493 19946.5 1070190
Ac2d 0.486273 497197 23208 1070190
As6c 0.485914 499402 20618 1070190
Ah6c 0.485914 499402 20618 1070190
Js9d 0.485623 497428 22281 1070190
Jh9d 0.485623 497428 22281 1070190
Ac2h 0.485596 496495 23185.5 1070190
Ac2s 0.485596 496495 23185.5 1070190
Jd9s 0.485544 497319 22305.5 1070190
Jd9h 0.485544 497319 22305.5 1070190
7c3c 0.485373 497317 22124 1070190
Jh9h 0.484914 496707 22243.5 1070190
Jh9s 0.484914 496707 22243.5 1070190
Js9h 0.484914 496707 22243.5 1070190
Js9s 0.484914 496707 22243.5 1070190
Ah9d 0.483461 501763 15632 1070190
As9d 0.483461 501763 15632 1070190
Ad9h 0.483436 501695 15673 1070190
Ad9s 0.483436 501695 15673 1070190
Ah9h 0.482738 501012 15609.5 1070190
Ah9s 0.482738 501012 15609.5 1070190
As9s 0.482738 501012 15609.5 1070190
As9h 0.482738 501012 15609.5 1070190
3d3c 0.482182 510804 5222.5 1070190
3h3c 0.481458 510033 5218.5 1070190
3s3c 0.481458 510033 5218.5 1070190
6c3c 0.477844 490285 21099 1070190
Ad3d 0.476699 488337 21821.5 1070190
7c2c 0.475894 487173 22124 1070190
Ad2d 0.474804 486309 21821.5 1070190
5c3c 0.474564 488211 19663 1070190
Ad3c 0.474123 484774 22627.5 1070190
As8d 0.473974 489803 17439.5 1070190
Ah8d 0.473974 489803 17439.5 1070190
Ad8h 0.473893 489668 17488 1070190
Ad8s 0.473893 489668 17488 1070190
As3c 0.473535 484241 22531.5 1070190
Ah3c 0.473535 484241 22531.5 1070190
As8h 0.473226 489025 17417 1070190
As8s 0.473226 489025 17417 1070190
Ah8s 0.473226 489025 17417 1070190
Ah8h 0.473226 489025 17417 1070190
Ad2c 0.470936 481363 22627.5 1070190
As2c 0.470348 480830 22531.5 1070190
Ah2c 0.470348 480830 22531.5 1070190
6c2c 0.468365 480141 21099 1070190
Ah7d 0.466663 480175 19243.5 1070190
As7d 0.466663 480175 19243.5 1070190
Ad7h 0.46656 480008 19300 1070190
Ad7s 0.46656 480008 19300 1070190
As7s 0.465921 479403 19221 1070190
Ah7h 0.465921 479403 19221 1070190
As7h 0.465921 479403 19221 1070190
Ah7s 0.465921 479403 19221 1070190
Tc9d 0.465297 476173 21783.5 1070190
As5d 0.465104 475625 22125 1070190
Ah5d 0.465104 475625 22125 1070190
5c2c 0.465086 478067 19663 1070190
Ad5s 0.464976 475418 22195 1070190
Ad5h 0.464976 475418 22195 1070190
Tc9h 0.46462 475486 21746 1070190
Tc9s 0.46462 475486 21746 1070190
Td9c 0.464429 475378 21649.5 1070190
Ah5s 0.46437 474862 22102.5 1070190
As5h 0.46437 474862 22102.5 1070190
As5s 0.46437 474862 22102.5 1070190
Ah5h 0.46437 474862 22102.5 1070190
Th9c 0.463802 474766 21590.5 1070190
Ts9c 0.463802 474766 21590.5 1070190
2d2c 0.462806 490068 5222.5 1070190
2h2c 0.462076 489291 5218.5 1070190
2s2c 0.462076 489291 5218.5 1070190
Ah6d 0.460366 471814 20865 1070190
As6d 0.460366 471814 20865 1070190
Ad6h 0.460244 471620 20929 1070190
Ad6s 0.460244 471620 20929 1070190
Td9d 0.460034 471690 20633.5 1070190
As6s 0.459629 471048 20842.5 1070190
Ah6s 0.459629 471048 20842.5 1070190
Ah6h 0.459629 471048 20842.5 1070190
As6h 0.459629 471048 20842.5 1070190
3h3d 0.456419 483246 5209 1070190
3s3d 0.456419 483246 5209 1070190
3s3h 0.455695 482475 5205 1070190
Ah3d 0.451036 459850 22844.5 1070190
As3d 0.451036 459850 22844.5 1070190
Ad3s 0.450953 459687 22918 1070190
Ad3h 0.450953 459687 22918 1070190
Ah3s 0.450365 459154 22822 1070190
Ah3h 0.450365 459154 22822 1070190
As3h 0.450365 459154 22822 1070190
As3s 0.450365 459154 22822 1070190
3c2c 0.449802 463625 17749 1070190
As2d 0.449091 457768 22844.5 1070190
Ah2d 0.449091 457768 22844.5 1070190
Ad2h 0.449002 457599 22918 1070190
Ad2s 0.449002 457599 22918 1070190
Ah2s 0.448414 457066 22822 1070190
Ah2h 0.448414 457066 22822 1070190
As2h 0.448414 457066 22822 1070190
As2s 0.448414 457066 22822 1070190
2s2d 0.437564 463068 5209 1070190
2h2d 0.437564 463068 5209 1070190
2s2h 0.436835 462291 5205 1070190
Th9d 0.434577 443513 21566.5 1070190
Ts9d 0.434577 443513 21566.5 1070190
Td9h 0.434527 443438 21588 1070190
Td9s 0.434527 443438 21588 1070190
Ts9s 0.4339 442826 21529 1070190
Ts9h 0.4339 442826 21529 1070190
Th9s 0.4339 442826 21529 1070190
Th9h 0.4339 442826 21529 1070190
Jc8d 0.431058 436522 24791.5 1070190
Jc8s 0.430356 435801 24762 1070190
Jc8h 0.430356 435801 24762 1070190
Jd8c 0.427811 433324 24515 1070190
Js8c 0.427232 432771 24448 1070190
Jh8c 0.427232 432771 24448 1070190
Jd8d 0.425018 431427 23423.5 1070190
Jc7d 0.423789 426927 26607.5 1070190
Jc7s 0.423093 426212 26578 1070190
Jc7h 0.423093 426212 26578 1070190
Jd7c 0.419193 422349 26267 1070190
Js7c 0.418642 421834 26192 1070190
Jh7c 0.418642 421834 26192 1070190
Jd7d 0.417953 422150 25139.5 1070190
Jc6d 0.417542 418611 28238 1070190
Jc6h 0.416852 417902 28208.5 1070190
Jc6s 0.416852 417902 28208.5 1070190
Jc5d 0.41216 411586 29504 1070190
Jd6d 0.411868 414098 26678.5 1070190
Jd6c 0.411585 412632 27842 1070190
Jc5s 0.411475 410882 29474.5 1070190
Jc5h 0.411475 410882 29474.5 1070190
Jh6c 0.411057 412150 27759.5 1070190
Js6c 0.411057 412150 27759.5 1070190
Jd5d 0.406583 407249 27872.5 1070190
Jd5c 0.404823 404172 29066 1070190
Jh5c 0.404314 403715 28977.5 1070190
Js5c 0.404314 403715 28977.5 1070190
Jc3d 0.398844 396690 30148.5 1070190
Jc3h 0.398221 396053 30119 1070190
Jc3s 0.398221 396053 30119 1070190
Jh8d 0.397511 400868 24544.5 1070190
Js8d 0.397511 400868 24544.5 1070190
Jd8h 0.397389 400700 24582 1070190
Jd8s 0.397389 400700 24582 1070190
Jc2d 0.396991 394707 30148.5 1070190
Jh8h 0.39681 400147 24515 1070190
Jh8s 0.39681 400147 24515 1070190
Js8h 0.39681 400147 24515 1070190
Js8s 0.39681 400147 24515 1070190
Jc2h 0.396362 394064 30119 1070190
Jc2s 0.396362 394064 30119 1070190
Jd3d 0.392751 391844 28474 1070190
Jd2d 0.390856 389816 28474 1070190
Jh7d 0.3902 391240 26348.5 1070190
Js7d 0.3902 391240 26348.5 1070190
Jd7s 0.390056 391040 26394 1070190
Jd7h 0.390056 391040 26394 1070190
Jh7s 0.389505 390525 26319 1070190
Jh7h 0.389505 390525 26319 1070190
Js7h 0.389505 390525 26319 1070190
Js7s 0.389505 390525 26319 1070190
Jd3c 0.389476 387129 29684 1070190
Jh3c 0.388984 386695 29592 1070190
Js3c 0.388984 386695 29592 1070190
Jd2c 0.386288 383718 29684 1070190
Js2c 0.385797 383284 29592 1070190
Jh2c 0.385797 383284 29592 1070190
Js6d 0.383903 382879 27970 1070190
Jh6d 0.383903 382879 27970 1070190
Jd6h 0.38374 382652 28023 1070190
Jd6s 0.38374 382652 28023 1070190
Jh6s 0.383213 382170 27940.5 1070190
Js6h 0.383213 382170 27940.5 1070190
Js6s 0.383213 382170 27940.5 1070190
Jh6h 0.383213 382170 27940.5 1070190
Jh5d 0.378443 375776 29230 1070190
Js5d 0.378443 375776 29230 1070190
Jd5s 0.378267 375529 29289 1070190
Jd5h 0.378267 375529 29289 1070190
Js5h 0.377758 375072 29200.5 1070190
Js5s 0.377758 375072 29200.5 1070190
Jh5s 0.377758 375072 29200.5 1070190
Jh5h 0.377758 375072 29200.5 1070190
Tc8d 0.377235 377458 26255 1070190
Tc8h 0.376568 376777 26222.5 1070190
Tc8s 0.376568 376777 26222.5 1070190
Td8c 0.375273 375584 26029.5 1070190
Th8c 0.374696 375031 25965 1070190
Ts8c 0.374696 375031 25965 1070190
Td8d 0.373972 375420 24801.5 1070190
Tc7d 0.369966 367863 28071 1070190
Tc7s 0.369305 367188 28038.5 1070190
Tc7h 0.369305 367188 28038.5 1070190
Td7d 0.366907 366143 26517.5 1070190
Td7c 0.366655 364609 27781.5 1070190
Ts7c 0.366106 364094 27709 1070190
Th7c 0.366106 364094 27709 1070190
Jh3d 0.364451 360163 29868.5 1070190
Js3d 0.364451 360163 29868.5 1070190
Jd3s 0.364319 359960 29931 1070190
Jd3h 0.364319 359960 29931 1070190
Js3h 0.363828 359526 29839 1070190
Js3s 0.363828 359526 29839 1070190
Jh3s 0.363828 359526 29839 1070190
Jh3h 0.363828 359526 29839 1070190
Tc6d 0.363719 359547 29701.5 1070190
Tc6s 0.363064 358878 29669 1070190
Tc6h 0.363064 358878 29669 1070190
Js2d 0.362505 358081 29868.5 1070190
Jh2d 0.362505 358081 29868.5 1070190
Jd2h 0.362368 357872 29931 1070190
Jd2s 0.362368 357872 29931 1070190
Jh2s 0.361877 357438 29839 1070190
Jh2h 0.361877 357438 29839 1070190
Js2s 0.361877 357438 29839 1070190
Js2h 0.361877 357438 29839 1070190
Td6d 0.360821 358091 28056.5 1070190
Td6c 0.359047 354892 29356.5 1070190
Ts6c 0.358522 354410 29276.5 1070190
Th6c 0.358522 354410 29276.5 1070190
Tc5d 0.358338 352522 30967.5 1070190
Tc5s 0.357687 351858 30935 1070190
Tc5h 0.357687 351858 30935 1070190
Td5d 0.355537 351242 29250.5 1070190
Td5c 0.352286 346432 30580.5 1070190
Th5c 0.351778 345975 30494.5 1070190
Ts5c 0.351778 345975 30494.5 1070190
Tc3d 0.345021 337626 31612 1070190
Tc3h 0.344433 337029 31579.5 1070190
Tc3s 0.344433 337029 31579.5 1070190
Ts8d 0.343916 342012 26043.5 1070190
Th8d 0.343916 342012 26043.5 1070190
Td8s 0.343826 341884 26075.5 1070190
Td8h 0.343826 341884 26075.5 1070190
Ts8s 0.343249 341331 26011 1070190
Ts8h 0.343249 341331 26011 1070190
Th8s 0.343249 341331 26011 1070190
Th8h 0.343249 341331 26011 1070190
Tc2d 0.343168 335643 31612 1070190
Tc2h 0.342574 335040 31579.5 1070190
Tc2s 0.342574 335040 31579.5 1070190
Td3d 0.341705 335837 29852 1070190
Td2d 0.33981 333809 29852 1070190
Td3c 0.336938 329389 31198.5 1070190
Ts7d 0.336605 332384 27847.5 1070190
Th7d 0.336605 332384 27847.5 1070190
Td7h 0.336493 332224 27887.5 1070190
Td7s 0.336493 332224 27887.5 1070190
Ts3c 0.336449 328955 31109 1070190
Th3c 0.336449 328955 31109 1070190
Ts7s 0.335944 331709 27815 1070190
Ts7h 0.335944 331709 27815 1070190
Th7s 0.335944 331709 27815 1070190
Th7h 0.335944 331709 27815 1070190
Td2c 0.333751 325978 31198.5 1070190
Th2c 0.333261 325544 31109 1070190
Ts2c 0.333261 325544 31109 1070190
Ts6d 0.330308 324023 29469 1070190
Th6d 0.330308 324023 29469 1070190
Td6s 0.330177 323836 29516.5 1070190
Td6h 0.330177 323836 29516.5 1070190
Ts6h 0.329652 323354 29436.5 1070190
Th6s 0.329652 323354 29436.5 1070190
Th6h 0.329652 323354 29436.5 1070190
Ts6s 0.329652 323354 29436.5 1070190
9c8d 0.32496 321230 26538.5 1070190
Ts5d 0.324848 316920 30729 1070190
Th5d 0.324848 316920 30729 1070190
Td5s 0.324704 316713 30782.5 1070190
Td5h 0.324704 316713 30782.5 1070190
9c8s 0.324327 320588 26503.5 1070190
9c8h 0.324327 320588 26503.5 1070190
9d8d 0.324218 321908 25066.5 1070190
Ts5h 0.324197 316256 30696.5 1070190
Ts5s 0.324197 316256 30696.5 1070190
Th5s 0.324197 316256 30696.5 1070190
Th5h 0.324197 316256 30696.5 1070190
9d8c 0.323957 320331 26364.5 1070190
9s8c 0.323361 319754 26304 1070190
9h8c 0.323361 319754 26304 1070190
9c7d 0.317691 311635 28354.5 1070190
9d7d 0.317153 312632 26782.5 1070190
9c7s 0.317064 310999 28319.5 1070190
9c7h 0.317064 310999 28319.5 1070190
9d7c 0.315339 309356 28116.5 1070190
9s7c 0.314771 308817 28048 1070190
9h7c 0.314771 308817 28048 1070190
9c6d 0.311444 303319 29985 1070190
9d6d 0.311068 304580 28321.5 1070190
Ts3d 0.310856 301307 31367.5 1070190
Th3d 0.310856 301307 31367.5 1070190
9c6h 0.310822 302689 29950 1070190
9c6s 0.310822 302689 29950 1070190
Td3s 0.310757 301144 31424.5 1070190
Td3h 0.310757 301144 31424.5 1070190
Th3h 0.310267 300710 31335 1070190
Th3s 0.310267 300710 31335 1070190
Ts3h 0.310267 300710 31335 1070190
Ts3s 0.310267 300710 31335 1070190
Ts2d 0.30891 299225 31367.5 1070190
Th2d 0.30891 299225 31367.5 1070190
Td2s 0.308805 299056 31424.5 1070190
Td2h 0.308805 299056 31424.5 1070190
Th2s 0.308316 298622 31335 1070190
Ts2h 0.308316 298622 31335 1070190
Ts2s 0.308316 298622 31335 1070190
Th2h 0.308316 298622 31335 1070190
9d6c 0.307731 299639 29691.5 1070190
9h6c 0.307187 299133 29615.5 1070190
9s6c 0.307187 299133 29615.5 1070190
9c5d 0.306062 296294 31251 1070190
9d5d 0.305784 297731 29515.5 1070190
9c5h 0.305446 295669 31216 1070190
9c5s 0.305446 295669 31216 1070190
9d5c 0.300969 291179 30915.5 1070190
9h5c 0.300443 290698 30833.5 1070190
9s5c 0.300443 290698 30833.5 1070190
9c3d 0.292746 281398 31895.5 1070190
9c3s 0.292192 280840 31860.5 1070190
9c3h 0.292192 280840 31860.5 1070190
9d3d 0.291951 282326 30117 1070190
9h8d 0.29138 285482 26350 1070190
9s8d 0.29138 285482 26350 1070190
9d8h 0.291343 285417 26375.5 1070190
9d8s 0.291343 285417 26375.5 1070190
9c2d 0.290893 279415 31895.5 1070190
9s8h 0.290747 284840 26315 1070190
9h8h 0.290747 284840 26315 1070190
9s8s 0.290747 284840 26315 1070190
9h8s 0.290747 284840 26315 1070190
9c2s 0.290333 278851 31860.5 1070190
9c2h 0.290333 278851 31860.5 1070190
8d7d 0.290243 284424 26191 1070190
9d2d 0.290056 280298 30117 1070190
8c7d 0.288839 281383 27730 1070190
8c7h 0.288237 280775 27693 1070190
8c7s 0.288237 280775 27693 1070190
8d7c 0.287582 280217 27550 1070190
8s7c 0.286999 279656 27487 1070190
8h7c 0.286999 279656 27487 1070190
9d3c 0.285622 274136 31533.5 1070190
9h3c 0.285114 273678 31448 1070190
9s3c 0.285114 273678 31448 1070190
9s7d 0.284069 275854 28154 1070190
9h7d 0.284069 275854 28154 1070190
9d7h 0.28401 275757 28187.5 1070190
9d7s 0.28401 275757 28187.5 1070190
8d6d 0.283945 276145 27730 1070190
9h7h 0.283442 275218 28119 1070190
9h7s 0.283442 275218 28119 1070190
9s7h 0.283442 275218 28119 1070190
9s7s 0.283442 275218 28119 1070190
9d2c 0.282434 270725 31533.5 1070190
8c6d 0.282375 272834 29360.5 1070190
9h2c 0.281927 270267 31448 1070190
9s2c 0.281927 270267 31448 1070190
8c6s 0.281778 272232 29323.5 1070190
8c6h 0.281778 272232 29323.5 1070190
8d6c 0.279756 270267 29125 1070190
8s6c 0.279197 269739 29054.5 1070190
8h6c 0.279197 269739 29054.5 1070190
8d5d 0.278818 269632 28756 1070190
9s6d 0.277772 267493 29775.5 1070190
9h6d 0.277772 267493 29775.5 1070190
9d6h 0.277694 267369 29816.5 1070190
9d6s 0.277694 267369 29816.5 1070190
8c5d 0.277161 266167 30447.5 1070190
9s6s 0.27715 266863 29740.5 1070190
9s6h 0.27715 266863 29740.5 1070190
9h6h 0.27715 266863 29740.5 1070190
9h6s 0.27715 266863 29740.5 1070190
8c5s 0.276568 265570 30410.5 1070190
8c5h 0.276568 265570 30410.5 1070190
8d5c 0.273157 262155 30175 1070190
8h5c 0.272615 261650 30099.5 1070190
8s5c 0.272615 261650 30099.5 1070190
9h5d 0.272312 260390 31035.5 1070190
9s5d 0.272312 260390 31035.5 1070190
9d5h 0.272221 260246 31082.5 1070190
9d5s 0.272221 260246 31082.5 1070190
9h5h 0.271695 259765 31000.5 1070190
9h5s 0.271695 259765 31000.5 1070190
9s5h 0.271695 259765 31000.5 1070190
9s5s 0.271695 259765 31000.5 1070190
7d6d 0.268382 260449 26770.5 1070190
7c6d 0.265076 255342 28339.5 1070190
7c6h 0.264502 254766 28301 1070190
7c6s 0.264502 254766 28301 1070190
7d6c 0.263837 254189 28167 1070190
7s6c 0.263282 253659 28103 1070190
7h6c 0.263282 253659 28103 1070190
7d5d 0.263255 253936 27796.5 1070190
7c5d 0.259862 248675 29426.5 1070190
7c5s 0.259292 248104 29388 1070190
7c5h 0.259292 248104 29388 1070190
9s3d 0.25832 244777 31674 1070190
9h3d 0.25832 244777 31674 1070190
9d3s 0.258273 244677 31724.5 1070190
9d3h 0.258273 244677 31724.5 1070190
9s3h 0.257765 244219 31639 1070190
9h3h 0.257765 244219 31639 1070190
9h3s 0.257765 244219 31639 1070190
9s3s 0.257765 244219 31639 1070190
7d5c 0.257238 246077 29217 1070190
7s5c 0.2567 245570 29148 1070190
7h5c 0.2567 245570 29148 1070190
9h2d 0.256374 242695 31674 1070190
9s2d 0.256374 242695 31674 1070190
9d2s 0.256322 242589 31724.5 1070190
9d2h 0.256322 242589 31724.5 1070190
8h7d 0.255875 246283 27551.5 1070190
8s7d 0.255875 246283 27551.5 1070190
8d7h 0.255855 246236 27577.5 1070190
8d7s 0.255855 246236 27577.5 1070190
9s2s 0.255814 242131 31639 1070190
9s2h 0.255814 242131 31639 1070190
9h2h 0.255814 242131 31639 1070190
9h2s 0.255814 242131 31639 1070190
8h7s 0.255272 245675 27514.5 1070190
8h7h 0.255272 245675 27514.5 1070190
8s7s 0.255272 245675 27514.5 1070190
8s7h 0.255272 245675 27514.5 1070190
6d5d 0.254518 246232 26151 1070190
8d3d 0.252675 240969 29441.5 1070190
8c3d 0.251247 237701 31181.5 1070190
8d2d 0.25078 238941 29441.5 1070190
8c3s 0.250725 237179 31144.5 1070190
8c3h 0.250725 237179 31144.5 1070190
6c5d 0.249576 239414 27680 1070190
8c2d 0.249395 235718 31181.5 1070190
8h6d 0.249351 237680 29173 1070190
8s6d 0.249351 237680 29173 1070190
8d6h 0.249313 237606 29206.5 1070190
8d6s 0.249313 237606 29206.5 1070190
6c5s 0.249028 238867 27640.5 1070190
6c5h 0.249028 238867 27640.5 1070190
8c2h 0.248867 235190 31144.5 1070190
8c2s 0.248867 235190 31144.5 1070190
8h6h 0.248754 237078 29136 1070190
8h6s 0.248754 237078 29136 1070190
8s6s 0.248754 237078 29136 1070190
8s6h 0.248754 237078 29136 1070190
6d5c 0.248331 238221 27540 1070190
6s5c 0.247798 237711 27479.5 1070190
6h5c 0.247798 237711 27479.5 1070190
8d3c 0.245201 231532 30880 1070190
8s3c 0.244682 231056 30800.5 1070190
8h3c 0.244682 231056 30800.5 1070190
8s5d 0.244059 230935 30254 1070190
8h5d 0.244059 230935 30254 1070190
8d5s 0.244009 230843 30292.5 1070190
8d5h 0.244009 230843 30292.5 1070190
8s5s 0.243466 230338 30217 1070190
8h5s 0.243466 230338 30217 1070190
8s5h 0.243466 230338 30217 1070190
8h5h 0.243466 230338 30217 1070190
8d2c 0.242014 228121 30880 1070190
8h2c 0.241495 227645 30800.5 1070190
8s2c 0.241495 227645 30800.5 1070190
7d3d 0.237191 225441 28398 1070190
7c3d 0.234028 220383 30071 1070190
7c3h 0.233527 219886 30032.5 1070190
7c3s 0.233527 219886 30032.5 1070190
7h6d 0.233368 221566 28182.5 1070190
7s6d 0.233368 221566 28182.5 1070190
7d6s 0.233349 221520 28208 1070190
7d6h 0.233349 221520 28208 1070190
7h6s 0.232794 220990 28144 1070190
7h6h 0.232794 220990 28144 1070190
7s6s 0.232794 220990 28144 1070190
7s6h 0.232794 220990 28144 1070190
7d3c 0.229369 215633 29835 1070190
7s3c 0.228854 215155 29762.5 1070190
7h3c 0.228854 215155 29762.5 1070190
6d3d 0.228454 217737 26752.5 1070190
7h5d 0.228076 214821 29263.5 1070190
7s5d 0.228076 214821 29263.5 1070190
7d5h 0.228045 214757 29294 1070190
7d5s 0.228045 214757 29294 1070190
7s5s 0.227506 214250 29225 1070190
7h5h 0.227506 214250 29225 1070190
7h5s 0.227506 214250 29225 1070190
7s5h 0.227506 214250 29225 1070190
5d3d 0.225772 217111 24507.5 1070190
6c3d 0.223742 211122 28324.5 1070190
6c3h 0.223263 210649 28285 1070190
6c3s 0.223263 210649 28285 1070190
7d2d 0.222695 209928 28398 1070190
6d3c 0.220461 207777 28158 1070190
6h3c 0.219952 207296 28094 1070190
6s3c 0.219952 207296 28094 1070190
5c3d 0.219643 209113 25946.5 1070190
7c2d 0.219282 204602 30071 1070190
6s5d 0.219265 207111 27544 1070190
6h5d 0.219265 207111 27544 1070190
6d5s 0.21925 207074 27565 1070190
6d5h 0.21925 207074 27565 1070190
5c3h 0.219184 208662 25906.5 1070190
5c3s 0.219184 208662 25906.5 1070190
7c2h 0.218784 204108 30032.5 1070190
7c2s 0.218784 204108 30032.5 1070190
6h5h 0.218717 206564 27504.5 1070190
6s5s 0.218717 206564 27504.5 1070190
6s5h 0.218717 206564 27504.5 1070190
6h5s 0.218717 206564 27504.5 1070190
5d3c 0.217745 207172 25856 1070190
5h3c 0.217242 206688 25802.5 1070190
5s3c 0.217242 206688 25802.5 1070190
8h3d 0.216957 201203 30982 1070190
8s3d 0.216957 201203 30982 1070190
8d3h 0.216954 201157 31024.5 1070190
8d3s 0.216954 201157 31024.5 1070190
8h3h 0.216434 200681 30945 1070190
8s3s 0.216434 200681 30945 1070190
8s3h 0.216434 200681 30945 1070190
8h3s 0.216434 200681 30945 1070190
8h2d 0.215011 199121 30982 1070190
8s2d 0.215011 199121 30982 1070190
8d2h 0.215002 199069 31024.5 1070190
8d2s 0.215002 199069 31024.5 1070190
8s2s 0.214483 198593 30945 1070190
8h2h 0.214483 198593 30945 1070190
8h2s 0.214483 198593 30945 1070190
8s2h 0.214483 198593 30945 1070190
6d2d 0.213959 202224 26752.5 1070190
7d2c 0.21327 198404 29835 1070190
7h2c 0.21276 197931 29762.5 1070190
7s2c 0.21276 197931 29762.5 1070190
5d2d 0.211276 201598 24507.5 1070190
6c2d 0.208991 195336 28324.5 1070190
6c2h 0.208514 194865 28285 1070190
6c2s 0.208514 194865 28285 1070190
5c2d 0.204892 193327 25946.5 1070190
5c2h 0.204435 192878 25906.5 1070190
5c2s 0.204435 192878 25906.5 1070190
6d2c 0.204367 190553 28158 1070190
6s2c 0.203863 190078 28094 1070190
6h2c 0.203863 190078 28094 1070190
5d2c 0.20165 189948 25856 1070190
5s2c 0.201154 189470 25802.5 1070190
5h2c 0.201154 189470 25802.5 1070190
7d3s 0.201073 185250 29936 1070190
7d3h 0.201073 185250 29936 1070190
7h3d 0.201059 185269 29902 1070190
7s3d 0.201059 185269 29902 1070190
7h3s 0.200558 184772 29863.5 1070190
7h3h 0.200558 184772 29863.5 1070190
7s3h 0.200558 184772 29863.5 1070190
7s3s 0.200558 184772 29863.5 1070190
6d3s 0.192278 177567 28207 1070190
6d3h 0.192278 177567 28207 1070190
6s3d 0.192248 177559 28182.5 1070190
6h3d 0.192248 177559 28182.5 1070190
6s3h 0.191769 177086 28143 1070190
6s3s 0.191769 177086 28143 1070190
6h3h 0.191769 177086 28143 1070190
6h3s 0.191769 177086 28143 1070190
3d2d 0.191355 183230 21556 1070190
5d3s 0.189819 177301 25841.5 1070190
5d3h 0.189819 177301 25841.5 1070190
5s3d 0.189776 177268 25828 1070190
5h3d 0.189776 177268 25828 1070190
5h3s 0.189317 176817 25788 1070190
5s3s 0.189317 176817 25788 1070190
5s3h 0.189317 176817 25788 1070190
5h3h 0.189317 176817 25788 1070190
7d2h 0.185705 168804 29936 1070190
7d2s 0.185705 168804 29936 1070190
7h2d 0.185693 168825 29902 1070190
7s2d 0.185693 168825 29902 1070190
7h2h 0.185196 168331 29863.5 1070190
7s2h 0.185196 168331 29863.5 1070190
7s2s 0.185196 168331 29863.5 1070190
7h2s 0.185196 168331 29863.5 1070190
3c2d 0.183215 173250 22825 1070190
3c2s 0.182793 172838 22785 1070190
3c2h 0.182793 172838 22785 1070190
3d2c 0.181998 171947 22825 1070190
3s2c 0.181579 171539 22785 1070190
3h2c 0.181579 171539 22785 1070190
6d2s 0.17691 161120 28207 1070190
6d2h 0.17691 161120 28207 1070190
6s2d 0.176883 161116 28182.5 1070190
6h2d 0.176883 161116 28182.5 1070190
6h2s 0.176406 160645 28143 1070190
6s2s 0.176406 160645 28143 1070190
6s2h 0.176406 160645 28143 1070190
6h2h 0.176406 160645 28143 1070190
5d2h 0.174451 160854 25841.5 1070190
5d2s 0.174451 160854 25841.5 1070190
5h2d 0.174411 160825 25828 1070190
5s2d 0.174411 160825 25828 1070190
5h2h 0.173954 160376 25788 1070190
5h2s 0.173954 160376 25788 1070190
5s2h 0.173954 160376 25788 1070190
5s2s 0.173954 160376 25788 1070190
3h2d 0.154105 142195 22726.5 1070190
3s2d 0.154105 142195 22726.5 1070190
3d2h 0.154101 142191 22726.5 1070190
3d2s 0.154101 142191 22726.5 1070190
3h2h 0.153683 141783 22686.5 1070190
3h2s 0.153683 141783 22686.5 1070190
3s2h 0.153683 141783 22686.5 1070190
3s2s 0.153683 141783 22686.5 1070190
