Kc7c 0.98246 1051419 0 1070190
Kc4c 0.982418 1051374 0 1070190
Kc8c 0.982219 1051161 0 1070190
Kc3c 0.982177 1051116 0 1070190
Kc9c 0.981977 1050902 0 1070190
Kc2c 0.981936 1050858 0 1070190
KcTc 0.981695 1050600 0 1070190
KcJc 0.981695 1050600 0 1070190
KcQc 0.981695 1050600 0 1070190
Qc7c 0.965651 1033430 0 1070190
Qc4c 0.965609 1033385 0 1070190
Qc8c 0.965372 1033131 0 1070190
Qc3c 0.96533 1033086 0 1070190
Qc9c 0.965091 1032831 0 1070190
Qc2c 0.96505 1032787 0 1070190
QcJc 0.964772 1032489 0 1070190
QcTc 0.964772 1032489 0 1070190
Jc7c 0.949764 1016428 0 1070190
Jc4c 0.949722 1016383 0 1070190
Jc8c 0.949447 1016089 0 1070190
Jc3c 0.949405 1016044 0 1070190
Jc9c 0.94913 1015749 0 1070190
Jc2c 0.949088 1015705 0 1070190
JcTc 0.948774 1015368 0 1070190
Tc7c 0.934799 1000413 0 1070190
Tc4c 0.934757 1000368 0 1070190
Tc8c 0.934446 1000035 0 1070190
Tc3c 0.934404 999990 0 1070190
Tc9c 0.934092 999656 0 1070190
Tc2c 0.934051 999612 0 1070190
9c7c 0.927909 993039 0 1070190
9c8c 0.927596 992704 0 1070190
8c7c 0.923589 988416 0 1070190
9c4c 0.920954 985596 0 1070190
9c3c 0.920752 985380 0 1070190
9c2c 0.920364 984964 0 1070190
8c4c 0.916593 980929 0 1070190
7c4c 0.91469 978892 0 1070190
8c3c 0.907795 971513 0 1070190
8c2c 0.907595 971299 0 1070190
7c3c 0.905891 969476 0 1070190
4c3c 0.900926 958312 5850 1070190
7c2c 0.895522 958379 0 1070190
AdKc 0.892277 952545 2361 1070190
AsKc 0.892277 952545 2361 1070190
AhKc 0.892277 952545 2361 1070190
4c2c 0.888816 943402 7800 1070190
3c2c 0.878464 931953 8170.5 1070190
AsQc 0.874638 933065 2964 1070190
AhQc 0.874638 933065 2964 1070190
AdQc 0.874638 933065 2964 1070190
AsJc 0.857469 914160 3495 1070190
AdJc 0.857469 914160 3495 1070190
AhJc 0.857469 914160 3495 1070190
AsTc 0.84077 895830 3954 1070190
AdTc 0.84077 895830 3954 1070190
AhTc 0.84077 895830 3954 1070190
KdKc 0.834113 892344 315 1070190
KhKc 0.834113 892344 315 1070190
KsKc 0.834113 892344 315 1070190
AsAd 0.829482 871173 16530 1070190
AhAd 0.829482 871173 16530 1070190
AsAh 0.829482 871173 16530 1070190
As9c 0.828529 881843 4840.5 1070190
Ad9c 0.828529 881843 4840.5 1070190
Ah9c 0.828529 881843 4840.5 1070190
6s6h 0.821286 862338 16594.5 1070190
6s6d 0.821286 862338 16594.5 1070190
6h6d 0.821286 862338 16594.5 1070190
As8c 0.81576 867363 5655 1070190
Ah8c 0.81576 867363 5655 1070190
5s5h 0.81576 856368 16650 1070190
5s5d 0.81576 856368 16650 1070190
5h5d 0.81576 856368 16650 1070190
Ad8c 0.81576 867363 5655 1070190
QsQc 0.809239 865724 315 1070190
QhQc 0.809239 865724 315 1070190
QdQc 0.809239 865724 315 1070190
As7c 0.803432 853427 6397.5 1070190
Ah7c 0.803432 853427 6397.5 1070190
Ad7c 0.803432 853427 6397.5 1070190
Kc6s 0.785719 834795 6073.5 1070190
Kc6h 0.785719 834795 6073.5 1070190
Kc6d 0.785719 834795 6073.5 1070190
JdJc 0.784633 839391 315 1070190
JhJc 0.784633 839391 315 1070190
JsJc 0.784633 839391 315 1070190
Ah4c 0.775732 812845 17335.5 1070190
Ad4c 0.775732 812845 17335.5 1070190
As4c 0.775732 812845 17335.5 1070190
As6s 0.771507 806466 19193 1070190
As6h 0.771507 806466 19193 1070190
Ah6s 0.771507 806466 19193 1070190
Ah6h 0.771507 806466 19193 1070190
Ah6d 0.771507 806466 19193 1070190
As6d 0.771507 806466 19193 1070190
Ad6d 0.771507 806466 19193 1070190
Ad6h 0.771507 806466 19193 1070190
Ad6s 0.771507 806466 19193 1070190
Qc6s 0.7688 816278 6484.5 1070190
Qc6h 0.7688 816278 6484.5 1070190
Qc6d 0.7688 816278 6484.5 1070190
Ah5s 0.760919 792747 21581 1070190
Ah5h 0.760919 792747 21581 1070190
Ah5d 0.760919 792747 21581 1070190
As5s 0.760919 792747 21581 1070190
As5h 0.760919 792747 21581 1070190
Ad5s 0.760919 792747 21581 1070190
Ad5h 0.760919 792747 21581 1070190
Ad5d 0.760919 792747 21581 1070190
As5d 0.760919 792747 21581 1070190
TdTc 0.760295 813345 315 1070190
TsTc 0.760295 813345 315 1070190
ThTc 0.760295 813345 315 1070190
Ad3c 0.759676 793532 19465.5 1070190
As3c 0.759676 793532 19465.5 1070190
Ah3c 0.759676 793532 19465.5 1070190
Jc6s 0.752049 797736 7099.5 1070190
Jc6h 0.752049 797736 7099.5 1070190
Jc6d 0.752049 797736 7099.5 1070190
Kc5h 0.745373 790875 6816 1070190
Kc5d 0.745373 790875 6816 1070190
Kc5s 0.745373 790875 6816 1070190
Ad2c 0.743809 774277 21739.5 1070190
As2c 0.743809 774277 21739.5 1070190
Ah2c 0.743809 774277 21739.5 1070190
9h9c 0.742451 793898 666 1070190
9d9c 0.742451 793898 666 1070190
9s9c 0.742451 793898 666 1070190
Tc6s 0.7356 779385 7846.5 1070190
Tc6h 0.7356 779385 7846.5 1070190
Tc6d 0.7356 779385 7846.5 1070190
Qc5d 0.72742 771332 7146 1070190
Qc5s 0.72742 771332 7146 1070190
Qc5h 0.72742 771332 7146 1070190
8h8c 0.724854 774714 1017 1070190
8s8c 0.724854 774714 1017 1070190
8d8c 0.724854 774714 1017 1070190
9c6d 0.724735 766451 9153 1070190
9c6h 0.724735 766451 9153 1070190
9c6s 0.724735 766451 9153 1070190
6d5s 0.717762 745689 22452.5 1070190
6d5d 0.717762 745689 22452.5 1070190
6d5h 0.717762 745689 22452.5 1070190
6h5d 0.717762 745689 22452.5 1070190
6h5h 0.717762 745689 22452.5 1070190
6h5s 0.717762 745689 22452.5 1070190
6s5s 0.717762 745689 22452.5 1070190
6s5h 0.717762 745689 22452.5 1070190
6s5d 0.717762 745689 22452.5 1070190
8c6d 0.713384 753009 10447.5 1070190
8c6s 0.713384 753009 10447.5 1070190
8c6h 0.713384 753009 10447.5 1070190
Jc5s 0.709761 751899 7680 1070190
Jc5h 0.709761 751899 7680 1070190
Jc5d 0.709761 751899 7680 1070190
AsKh 0.708272 738465 19521 1070190
AsKs 0.708272 738465 19521 1070190
AdKs 0.708272 738465 19521 1070190
AdKd 0.708272 738465 19521 1070190
AhKs 0.708272 738465 19521 1070190
AsKd 0.708272 738465 19521 1070190
AdKh 0.708272 738465 19521 1070190
AhKd 0.708272 738465 19521 1070190
AhKh 0.708272 738465 19521 1070190
7h7c 0.708176 756515 1368 1070190
7d7c 0.708176 756515 1368 1070190
7s7c 0.708176 756515 1368 1070190
AsQd 0.702733 731781 20277 1070190
AsQs 0.702733 731781 20277 1070190
AsQh 0.702733 731781 20277 1070190
AhQd 0.702733 731781 20277 1070190
AhQh 0.702733 731781 20277 1070190
AhQs 0.702733 731781 20277 1070190
AdQs 0.702733 731781 20277 1070190
AdQd 0.702733 731781 20277 1070190
AdQh 0.702733 731781 20277 1070190
7c6h 0.702373 740123 11550 1070190
7c6d 0.702373 740123 11550 1070190
7c6s 0.702373 740123 11550 1070190
AdJh 0.697446 725457 20943 1070190
AhJs 0.697446 725457 20943 1070190
AdJs 0.697446 725457 20943 1070190
AsJd 0.697446 725457 20943 1070190
AhJd 0.697446 725457 20943 1070190
AdJd 0.697446 725457 20943 1070190
AsJh 0.697446 725457 20943 1070190
AsJs 0.697446 725457 20943 1070190
AhJh 0.697446 725457 20943 1070190
Ad7h 0.695827 720039 24628.5 1070190
Ad7s 0.695827 720039 24628.5 1070190
Ad7d 0.695827 720039 24628.5 1070190
As7d 0.695827 720039 24628.5 1070190
As7h 0.695827 720039 24628.5 1070190
As7s 0.695827 720039 24628.5 1070190
Ah7s 0.695827 720039 24628.5 1070190
Ah7h 0.695827 720039 24628.5 1070190
Ah7d 0.695827 720039 24628.5 1070190
As8d 0.694893 719986 23682 1070190
Ah8s 0.694893 719986 23682 1070190
Ah8h 0.694893 719986 23682 1070190
Ah8d 0.694893 719986 23682 1070190
As8h 0.694893 719986 23682 1070190
As8s 0.694893 719986 23682 1070190
Ad8d 0.694893 719986 23682 1070190
Ad8s 0.694893 719986 23682 1070190
Ad8h 0.694893 719986 23682 1070190
Ad9s 0.694136 720212 22645.5 1070190
Ah9h 0.694136 720212 22645.5 1070190
Ah9d 0.694136 720212 22645.5 1070190
Ah9s 0.694136 720212 22645.5 1070190
Ad9d 0.694136 720212 22645.5 1070190
Ad9h 0.694136 720212 22645.5 1070190
As9d 0.694136 720212 22645.5 1070190
As9h 0.694136 720212 22645.5 1070190
As9s 0.694136 720212 22645.5 1070190
Tc5s 0.692529 732792 8346 1070190
Tc5h 0.692529 732792 8346 1070190
Tc5d 0.692529 732792 8346 1070190
AhTh 0.692412 719493 21519 1070190
AsTs 0.692412 719493 21519 1070190
AhTd 0.692412 719493 21519 1070190
AsTd 0.692412 719493 21519 1070190
AsTh 0.692412 719493 21519 1070190
AdTd 0.692412 719493 21519 1070190
AdTh 0.692412 719493 21519 1070190
AdTs 0.692412 719493 21519 1070190
AhTs 0.692412 719493 21519 1070190
Ah4d 0.684155 703014 29161.5 1070190
As4d 0.684155 703014 29161.5 1070190
As4h 0.684155 703014 29161.5 1070190
As4s 0.684155 703014 29161.5 1070190
Ah4h 0.684155 703014 29161.5 1070190
Ah4s 0.684155 703014 29161.5 1070190
Ad4s 0.684155 703014 29161.5 1070190
Ad4h 0.684155 703014 29161.5 1070190
Ad4d 0.684155 703014 29161.5 1070190
9c5d 0.681387 719642 9571.5 1070190
9c5s 0.681387 719642 9571.5 1070190
9c5h 0.681387 719642 9571.5 1070190
Ah3s 0.679139 698233 28575 1070190
Ah3h 0.679139 698233 28575 1070190
Ah3d 0.679139 698233 28575 1070190
As3h 0.679139 698233 28575 1070190
Ad3s 0.679139 698233 28575 1070190
Ad3h 0.679139 698233 28575 1070190
As3s 0.679139 698233 28575 1070190
Ad3d 0.679139 698233 28575 1070190
As3d 0.679139 698233 28575 1070190
As2h 0.674023 693452 27880.5 1070190
As2d 0.674023 693452 27880.5 1070190
As2s 0.674023 693452 27880.5 1070190
Ah2d 0.674023 693452 27880.5 1070190
Ah2h 0.674023 693452 27880.5 1070190
Ah2s 0.674023 693452 27880.5 1070190
Ad2d 0.674023 693452 27880.5 1070190
Ad2h 0.674023 693452 27880.5 1070190
Ad2s 0.674023 693452 27880.5 1070190
6s4c 0.670788 696952 20919 1070190
6d4c 0.670788 696952 20919 1070190
6h4c 0.670788 696952 20919 1070190
8c5s 0.669986 706227 10785 1070190
8c5h 0.669986 706227 10785 1070190
8c5d 0.669986 706227 10785 1070190
KcQd 0.666295 705225 7837.5 1070190
KcQh 0.666295 705225 7837.5 1070190
KcQs 0.666295 705225 7837.5 1070190
KcJh 0.659713 697425 8593.5 1070190
KcJs 0.659713 697425 8593.5 1070190
KcJd 0.659713 697425 8593.5 1070190
7c5s 0.659051 693503 11806.5 1070190
7c5h 0.659051 693503 11806.5 1070190
7c5d 0.659051 693503 11806.5 1070190
KcTd 0.653434 690057 9241.5 1070190
KcTh 0.653434 690057 9241.5 1070190
KcTs 0.653434 690057 9241.5 1070190
6h3c 0.653118 675911 23049 1070190
6d3c 0.653118 675911 23049 1070190
6s3c 0.653118 675911 23049 1070190
KdQc 0.652654 690722 7741.5 1070190
KsQc 0.652654 690722 7741.5 1070190
KhQc 0.652654 690722 7741.5 1070190
Kc7d 0.651773 685620 11901 1070190
Kc7h 0.651773 685620 11901 1070190
Kc7s 0.651773 685620 11901 1070190
Kc8d 0.650491 685026 11122.5 1070190
Kc8h 0.650491 685026 11122.5 1070190
Kc8s 0.650491 685026 11122.5 1070190
Kc9d 0.649581 684939 10236 1070190
Kc9h 0.649581 684939 10236 1070190
Kc9s 0.649581 684939 10236 1070190
6d2c 0.636073 655396 25323 1070190
6s2c 0.636073 655396 25323 1070190
6h2c 0.636073 655396 25323 1070190
KsJc 0.632968 668961 8434.5 1070190
KhJc 0.632968 668961 8434.5 1070190
KdJc 0.632968 668961 8434.5 1070190
Kc4d 0.631913 660174 16093.5 1070190
Kc4h 0.631913 660174 16093.5 1070190
Kc4s 0.631913 660174 16093.5 1070190
KhKd 0.629496 656835 16845 1070190
KsKh 0.629496 656835 16845 1070190
KsKd 0.629496 656835 16845 1070190
5d4c 0.626347 649495 20815.5 1070190
5s4c 0.626347 649495 20815.5 1070190
5h4c 0.626347 649495 20815.5 1070190
Kc3s 0.624615 652764 15693 1070190
Kc3h 0.624615 652764 15693 1070190
Kc3d 0.624615 652764 15693 1070190
Kc2h 0.617121 645252 15184.5 1070190
Kc2d 0.617121 645252 15184.5 1070190
Kc2s 0.617121 645252 15184.5 1070190
QhQd 0.614417 640698 16845 1070190
QsQh 0.614417 640698 16845 1070190
QsQd 0.614417 640698 16845 1070190
KhTc 0.613827 647883 9028.5 1070190
KsTc 0.613827 647883 9028.5 1070190
KdTc 0.613827 647883 9028.5 1070190
5h3c 0.608197 627941 22945.5 1070190
5d3c 0.608197 627941 22945.5 1070190
5s3c 0.608197 627941 22945.5 1070190
QcJd 0.607883 642101 8449.5 1070190
QcJh 0.607883 642101 8449.5 1070190
QcJs 0.607883 642101 8449.5 1070190
QcTh 0.601604 634733 9097.5 1070190
QcTd 0.601604 634733 9097.5 1070190
QcTs 0.601604 634733 9097.5 1070190
Qc7h 0.600851 631268 11757 1070190
Qc7d 0.600851 631268 11757 1070190
Qc7s 0.600851 631268 11757 1070190
JhJd 0.599338 624561 16845 1070190
JsJd 0.599338 624561 16845 1070190
JsJh 0.599338 624561 16845 1070190
Qc8h 0.599224 630305 10978.5 1070190
Qc8s 0.599224 630305 10978.5 1070190
Qc8d 0.599224 630305 10978.5 1070190
Qc9s 0.59797 629849 10092 1070190
Qc9h 0.59797 629849 10092 1070190
Qc9d 0.59797 629849 10092 1070190
Ks9c 0.596634 628502 10009.5 1070190
Kh9c 0.596634 628502 10009.5 1070190
Kd9c 0.596634 628502 10009.5 1070190
QsJc 0.594558 627987 8302.5 1070190
QhJc 0.594558 627987 8302.5 1070190
QdJc 0.594558 627987 8302.5 1070190
5h2c 0.590673 606913 25219.5 1070190
5d2c 0.590673 606913 25219.5 1070190
5s2c 0.590673 606913 25219.5 1070190
Ks8c 0.584362 614487 10891.5 1070190
Kh8c 0.584362 614487 10891.5 1070190
Kd8c 0.584362 614487 10891.5 1070190
TsTh 0.58426 608424 16845 1070190
TsTd 0.58426 608424 16845 1070190
ThTd 0.58426 608424 16845 1070190
Qc4h 0.580992 605822 15949.5 1070190
Qc4d 0.580992 605822 15949.5 1070190
Qc4s 0.580992 605822 15949.5 1070190
9h9d 0.57856 601913 17256 1070190
9s9h 0.57856 601913 17256 1070190
9s9d 0.57856 601913 17256 1070190
8c7d 0.577873 608418 10015.5 1070190
8c7h 0.577873 608418 10015.5 1070190
8c7s 0.577873 608418 10015.5 1070190
QdTc 0.575417 606909 8896.5 1070190
QhTc 0.575417 606909 8896.5 1070190
QsTc 0.575417 606909 8896.5 1070190
4h4c 0.573578 601339 12498 1070190
4s4c 0.573578 601339 12498 1070190
4d4c 0.573578 601339 12498 1070190
Qc3d 0.573349 598043 15549 1070190
Qc3s 0.573349 598043 15549 1070190
Qc3h 0.573349 598043 15549 1070190
8s8h 0.573009 595561 17667 1070190
8s8d 0.573009 595561 17667 1070190
8h8d 0.573009 595561 17667 1070190
Ks7c 0.572775 601304 11674.5 1070190
Kd7c 0.572775 601304 11674.5 1070190
Kh7c 0.572775 601304 11674.5 1070190
7s7h 0.568346 590160 18078 1070190
7h7d 0.568346 590160 18078 1070190
7s7d 0.568346 590160 18078 1070190
Qc2d 0.565509 590162 15040.5 1070190
Qc2h 0.565509 590162 15040.5 1070190
Qc2s 0.565509 590162 15040.5 1070190
8s7c 0.565347 595157 9871.5 1070190
8h7c 0.565347 595157 9871.5 1070190
8d7c 0.565347 595157 9871.5 1070190
Kh6h 0.560977 575760 24592.5 1070190
Ks6h 0.560977 575760 24592.5 1070190
Kd6h 0.560977 575760 24592.5 1070190
Ks6d 0.560977 575760 24592.5 1070190
Kh6s 0.560977 575760 24592.5 1070190
Ks6s 0.560977 575760 24592.5 1070190
Kh6d 0.560977 575760 24592.5 1070190
Kd6s 0.560977 575760 24592.5 1070190
Kd6d 0.560977 575760 24592.5 1070190
Qs9c 0.558451 587771 9877.5 1070190
Qd9c 0.558451 587771 9877.5 1070190
Qh9c 0.558451 587771 9877.5 1070190
7d6s 0.556606 563616 32058 1070190
7s6d 0.556606 563616 32058 1070190
7h6h 0.556606 563616 32058 1070190
7s6h 0.556606 563616 32058 1070190
7s6s 0.556606 563616 32058 1070190
7h6d 0.556606 563616 32058 1070190
7d6h 0.556606 563616 32058 1070190
7d6d 0.556606 563616 32058 1070190
7h6s 0.556606 563616 32058 1070190
Qd6s 0.556481 570432 25108.5 1070190
Qd6h 0.556481 570432 25108.5 1070190
Qd6d 0.556481 570432 25108.5 1070190
Qh6d 0.556481 570432 25108.5 1070190
Qs6s 0.556481 570432 25108.5 1070190
Qs6h 0.556481 570432 25108.5 1070190
Qs6d 0.556481 570432 25108.5 1070190
Qh6s 0.556481 570432 25108.5 1070190
Qh6h 0.556481 570432 25108.5 1070190
JcTd 0.554735 584826 8845.5 1070190
JcTh 0.554735 584826 8845.5 1070190
JcTs 0.554735 584826 8845.5 1070190
Jc7h 0.554512 581928 11505 1070190
Jc7s 0.554512 581928 11505 1070190
Jc7d 0.554512 581928 11505 1070190
8s6s 0.553698 562009 30553.5 1070190
8s6d 0.553698 562009 30553.5 1070190
8s6h 0.553698 562009 30553.5 1070190
8h6s 0.553698 562009 30553.5 1070190
8h6h 0.553698 562009 30553.5 1070190
8h6d 0.553698 562009 30553.5 1070190
8d6s 0.553698 562009 30553.5 1070190
8d6h 0.553698 562009 30553.5 1070190
8d6d 0.553698 562009 30553.5 1070190
Jc8s 0.552666 580731 10726.5 1070190
Jc8h 0.552666 580731 10726.5 1070190
Jc8d 0.552666 580731 10726.5 1070190
Js6h 0.5518 564588 25942.5 1070190
Jd6h 0.5518 564588 25942.5 1070190
Js6s 0.5518 564588 25942.5 1070190
Js6d 0.5518 564588 25942.5 1070190
Jd6s 0.5518 564588 25942.5 1070190
Jh6d 0.5518 564588 25942.5 1070190
Jh6s 0.5518 564588 25942.5 1070190
Jh6h 0.5518 564588 25942.5 1070190
Jd6d 0.5518 564588 25942.5 1070190
Jc9s 0.551193 580041 9840 1070190
Jc9h 0.551193 580041 9840 1070190
Jc9d 0.551193 580041 9840 1070190
9s6d 0.550855 560747 28773 1070190
9s6s 0.550855 560747 28773 1070190
9s6h 0.550855 560747 28773 1070190
9h6s 0.550855 560747 28773 1070190
9h6h 0.550855 560747 28773 1070190
9h6d 0.550855 560747 28773 1070190
9d6s 0.550855 560747 28773 1070190
9d6h 0.550855 560747 28773 1070190
9d6d 0.550855 560747 28773 1070190
Ts6h 0.547135 558552 26986.5 1070190
Th6d 0.547135 558552 26986.5 1070190
Th6h 0.547135 558552 26986.5 1070190
Th6s 0.547135 558552 26986.5 1070190
Td6s 0.547135 558552 26986.5 1070190
Td6h 0.547135 558552 26986.5 1070190
Td6d 0.547135 558552 26986.5 1070190
Ts6s 0.547135 558552 26986.5 1070190
Ts6d 0.547135 558552 26986.5 1070190
Qs8c 0.546532 574134 10759.5 1070190
Qh8c 0.546532 574134 10759.5 1070190
Qd8c 0.546532 574134 10759.5 1070190
3h3c 0.543972 567413 14740.5 1070190
3d3c 0.543972 567413 14740.5 1070190
3s3c 0.543972 567413 14740.5 1070190
9c7s 0.542059 569861 10245 1070190
9c7h 0.542059 569861 10245 1070190
9c7d 0.542059 569861 10245 1070190
JdTc 0.541708 571065 8665.5 1070190
JsTc 0.541708 571065 8665.5 1070190
JhTc 0.541708 571065 8665.5 1070190
9c8d 0.540552 568703 9790.5 1070190
9c8h 0.540552 568703 9790.5 1070190
9c8s 0.540552 568703 9790.5 1070190
6d4s 0.539405 543111 34155 1070190
6d4h 0.539405 543111 34155 1070190
6s4s 0.539405 543111 34155 1070190
6d4d 0.539405 543111 34155 1070190
6h4d 0.539405 543111 34155 1070190
6h4h 0.539405 543111 34155 1070190
6s4d 0.539405 543111 34155 1070190
6s4h 0.539405 543111 34155 1070190
6h4s 0.539405 543111 34155 1070190
7c4s 0.537263 562043 12930 1070190
7c4h 0.537263 562043 12930 1070190
7c4d 0.537263 562043 12930 1070190
Qh7c 0.535299 561329 11542.5 1070190
Qd7c 0.535299 561329 11542.5 1070190
Qs7c 0.535299 561329 11542.5 1070190
Jc4h 0.534652 556482 15697.5 1070190
Jc4s 0.534652 556482 15697.5 1070190
Jc4d 0.534652 556482 15697.5 1070190
6h3h 0.532071 535849 33568.5 1070190
6s3d 0.532071 535849 33568.5 1070190
6s3h 0.532071 535849 33568.5 1070190
6s3s 0.532071 535849 33568.5 1070190
6h3s 0.532071 535849 33568.5 1070190
6h3d 0.532071 535849 33568.5 1070190
6d3s 0.532071 535849 33568.5 1070190
6d3h 0.532071 535849 33568.5 1070190
6d3d 0.532071 535849 33568.5 1070190
Kd4c 0.529453 543523 23092.5 1070190
Ks4c 0.529453 543523 23092.5 1070190
Kh4c 0.529453 543523 23092.5 1070190
9d8c 0.527714 555156 9598.5 1070190
9h8c 0.527714 555156 9598.5 1070190
9s8c 0.527714 555156 9598.5 1070190
Jc3s 0.526791 548469 15297 1070190
Jc3h 0.526791 548469 15297 1070190
Jc3d 0.526791 548469 15297 1070190
6s2s 0.52527 529265 32874 1070190
6s2h 0.52527 529265 32874 1070190
6h2s 0.52527 529265 32874 1070190
6h2h 0.52527 529265 32874 1070190
6h2d 0.52527 529265 32874 1070190
6s2d 0.52527 529265 32874 1070190
6d2s 0.52527 529265 32874 1070190
6d2d 0.52527 529265 32874 1070190
6d2h 0.52527 529265 32874 1070190
Jd9c 0.524843 552035 9646.5 1070190
Js9c 0.524843 552035 9646.5 1070190
Jh9c 0.524843 552035 9646.5 1070190
Jc2d 0.518733 540354 14788.5 1070190
Jc2h 0.518733 540354 14788.5 1070190
Jc2s 0.518733 540354 14788.5 1070190
9d7c 0.516565 542738 10084.5 1070190
9h7c 0.516565 542738 10084.5 1070190
9s7c 0.516565 542738 10084.5 1070190
7d4c 0.514754 530722 20163 1070190
7h4c 0.514754 530722 20163 1070190
7s4c 0.514754 530722 20163 1070190
2d2c 0.513874 532744 17199 1070190
2s2c 0.513874 532744 17199 1070190
2h2c 0.513874 532744 17199 1070190
Tc7h 0.513272 538608 10690.5 1070190
Tc7d 0.513272 538608 10690.5 1070190
Tc7s 0.513272 538608 10690.5 1070190
Jh8c 0.513151 538641 10528.5 1070190
Jd8c 0.513151 538641 10528.5 1070190
Js8c 0.513151 538641 10528.5 1070190
Tc8s 0.511334 537312 9912 1070190
Tc8h 0.511334 537312 9912 1070190
Tc8d 0.511334 537312 9912 1070190
Tc9h 0.509768 536523 9025.5 1070190
Tc9d 0.509768 536523 9025.5 1070190
Tc9s 0.509768 536523 9025.5 1070190
Kh3c 0.509218 519710 25249.5 1070190
Ks3c 0.509218 519710 25249.5 1070190
Kd3c 0.509218 519710 25249.5 1070190
Kh5d 0.503135 513264 25186.5 1070190
Kh5h 0.503135 513264 25186.5 1070190
Ks5s 0.503135 513264 25186.5 1070190
Kh5s 0.503135 513264 25186.5 1070190
Ks5d 0.503135 513264 25186.5 1070190
Kd5d 0.503135 513264 25186.5 1070190
Kd5s 0.503135 513264 25186.5 1070190
Kd5h 0.503135 513264 25186.5 1070190
Ks5h 0.503135 513264 25186.5 1070190
Jh7c 0.502145 526079 11311.5 1070190
Jd7c 0.502145 526079 11311.5 1070190
Js7c 0.502145 526079 11311.5 1070190
Qd5h 0.497617 506928 25617 1070190
Qh5s 0.497617 506928 25617 1070190
Qh5h 0.497617 506928 25617 1070190
Qh5d 0.497617 506928 25617 1070190
Qd5s 0.497617 506928 25617 1070190
Qd5d 0.497617 506928 25617 1070190
Qs5s 0.497617 506928 25617 1070190
Qs5h 0.497617 506928 25617 1070190
Qs5d 0.497617 506928 25617 1070190
7s5h 0.496518 499230 32139 1070190
7s5s 0.496518 499230 32139 1070190
7h5s 0.496518 499230 32139 1070190
7s5d 0.496518 499230 32139 1070190
7d5d 0.496518 499230 32139 1070190
7d5h 0.496518 499230 32139 1070190
7h5h 0.496518 499230 32139 1070190
7h5d 0.496518 499230 32139 1070190
7d5s 0.496518 499230 32139 1070190
Th9c 0.496365 522374 8830.5 1070190
Td9c 0.496365 522374 8830.5 1070190
Ts9c 0.496365 522374 8830.5 1070190
8c4d 0.494176 515217 13645.5 1070190
8c4h 0.494176 515217 13645.5 1070190
8c4s 0.494176 515217 13645.5 1070190
8d5s 0.493287 497191 30720 1070190
8d5d 0.493287 497191 30720 1070190
8d5h 0.493287 497191 30720 1070190
8h5d 0.493287 497191 30720 1070190
8h5h 0.493287 497191 30720 1070190
8h5s 0.493287 497191 30720 1070190
8s5s 0.493287 497191 30720 1070190
8s5h 0.493287 497191 30720 1070190
8s5d 0.493287 497191 30720 1070190
Tc4h 0.492895 512154 15337.5 1070190
Tc4d 0.492895 512154 15337.5 1070190
Tc4s 0.492895 512154 15337.5 1070190
Jh5s 0.49204 500211 26365.5 1070190
Js5s 0.49204 500211 26365.5 1070190
Js5h 0.49204 500211 26365.5 1070190
Js5d 0.49204 500211 26365.5 1070190
Jh5h 0.49204 500211 26365.5 1070190
Jh5d 0.49204 500211 26365.5 1070190
Jd5d 0.49204 500211 26365.5 1070190
Jd5h 0.49204 500211 26365.5 1070190
Jd5s 0.49204 500211 26365.5 1070190
Qs4c 0.491977 503548 22960.5 1070190
Qh4c 0.491977 503548 22960.5 1070190
Qd4c 0.491977 503548 22960.5 1070190
4c3d 0.490679 504076 21043.5 1070190
4c3h 0.490679 504076 21043.5 1070190
4c3s 0.490679 504076 21043.5 1070190
9s5h 0.490247 495632 29025 1070190
9s5d 0.490247 495632 29025 1070190
9h5s 0.490247 495632 29025 1070190
9h5h 0.490247 495632 29025 1070190
9h5d 0.490247 495632 29025 1070190
9d5s 0.490247 495632 29025 1070190
9d5h 0.490247 495632 29025 1070190
9d5d 0.490247 495632 29025 1070190
9s5s 0.490247 495632 29025 1070190
Kd2c 0.489002 495802 27523.5 1070190
Ks2c 0.489002 495802 27523.5 1070190
Kh2c 0.489002 495802 27523.5 1070190
Th5d 0.486606 493437 27324 1070190
Td5d 0.486606 493437 27324 1070190
Td5h 0.486606 493437 27324 1070190
Td5s 0.486606 493437 27324 1070190
Ts5d 0.486606 493437 27324 1070190
Ts5h 0.486606 493437 27324 1070190
Ts5s 0.486606 493437 27324 1070190
Th5s 0.486606 493437 27324 1070190
Th5h 0.486606 493437 27324 1070190
Tc3d 0.484941 504042 14937 1070190
Tc3h 0.484941 504042 14937 1070190
Tc3s 0.484941 504042 14937 1070190
Th8c 0.484774 509088 9712.5 1070190
Td8c 0.484774 509088 9712.5 1070190
Ts8c 0.484774 509088 9712.5 1070190
5s4s 0.478254 477924 33898.5 1070190
5h4s 0.478254 477924 33898.5 1070190
5h4h 0.478254 477924 33898.5 1070190
5h4d 0.478254 477924 33898.5 1070190
5s4d 0.478254 477924 33898.5 1070190
5s4h 0.478254 477924 33898.5 1070190
5d4s 0.478254 477924 33898.5 1070190
5d4h 0.478254 477924 33898.5 1070190
5d4d 0.478254 477924 33898.5 1070190
4s3c 0.478009 487955 23605.5 1070190
4h3c 0.478009 487955 23605.5 1070190
4d3c 0.478009 487955 23605.5 1070190
Tc2h 0.476791 495828 14428.5 1070190
Tc2d 0.476791 495828 14428.5 1070190
Tc2s 0.476791 495828 14428.5 1070190
Th7c 0.473869 496634 10495.5 1070190
Td7c 0.473869 496634 10495.5 1070190
Ts7c 0.473869 496634 10495.5 1070190
Qh3c 0.471388 479357 25117.5 1070190
Qd3c 0.471388 479357 25117.5 1070190
Qs3c 0.471388 479357 25117.5 1070190
5h3h 0.470205 469897 33312 1070190
5h3s 0.470205 469897 33312 1070190
5h3d 0.470205 469897 33312 1070190
5d3s 0.470205 469897 33312 1070190
5d3h 0.470205 469897 33312 1070190
5d3d 0.470205 469897 33312 1070190
5s3d 0.470205 469897 33312 1070190
5s3s 0.470205 469897 33312 1070190
5s3h 0.470205 469897 33312 1070190
7c3h 0.46763 487406 13047 1070190
7c3d 0.46763 487406 13047 1070190
7c3s 0.46763 487406 13047 1070190
5d2s 0.462689 462548 32617.5 1070190
5h2s 0.462689 462548 32617.5 1070190
5h2h 0.462689 462548 32617.5 1070190
5h2d 0.462689 462548 32617.5 1070190
5s2h 0.462689 462548 32617.5 1070190
5d2h 0.462689 462548 32617.5 1070190
5d2d 0.462689 462548 32617.5 1070190
5s2s 0.462689 462548 32617.5 1070190
5s2d 0.462689 462548 32617.5 1070190
Js4c 0.458823 468298 22729.5 1070190
Jd4c 0.458823 468298 22729.5 1070190
Jh4c 0.458823 468298 22729.5 1070190
8h4c 0.458618 469999 20809.5 1070190
8d4c 0.458618 469999 20809.5 1070190
8s4c 0.458618 469999 20809.5 1070190
9c4d 0.457959 475310 14793 1070190
9c4h 0.457959 475310 14793 1070190
9c4s 0.457959 475310 14793 1070190
9c3h 0.45603 473246 14793 1070190
9c3s 0.45603 473246 14793 1070190
9c3d 0.45603 473246 14793 1070190
Qs2c 0.450819 455071 27391.5 1070190
Qh2c 0.450819 455071 27391.5 1070190
Qd2c 0.450819 455071 27391.5 1070190
9c2s 0.447913 465068 14284.5 1070190
9c2h 0.447913 465068 14284.5 1070190
9c2d 0.447913 465068 14284.5 1070190
Jd3c 0.438007 443864 24886.5 1070190
Jh3c 0.438007 443864 24886.5 1070190
Js3c 0.438007 443864 24886.5 1070190
7d3c 0.431835 439352 22794 1070190
7h3c 0.431835 439352 22794 1070190
7s3c 0.431835 439352 22794 1070190
Td4c 0.429991 437773 22399.5 1070190
Ts4c 0.429991 437773 22399.5 1070190
Th4c 0.429991 437773 22399.5 1070190
8c3d 0.424485 440517 13762.5 1070190
8c3h 0.424485 440517 13762.5 1070190
8c3s 0.424485 440517 13762.5 1070190
8c2d 0.422621 438522 13762.5 1070190
8c2h 0.422621 438522 13762.5 1070190
8c2s 0.422621 438522 13762.5 1070190
4c2d 0.41968 427975 21162 1070190
4c2h 0.41968 427975 21162 1070190
4c2s 0.41968 427975 21162 1070190
Jd2c 0.417211 419335 27160.5 1070190
Js2c 0.417211 419335 27160.5 1070190
Jh2c 0.417211 419335 27160.5 1070190
4h4d 0.412512 420117 21349.5 1070190
4s4d 0.412512 420117 21349.5 1070190
4s4h 0.412512 420117 21349.5 1070190
Td3c 0.409075 413231 24556.5 1070190
Ts3c 0.409075 413231 24556.5 1070190
Th3c 0.409075 413231 24556.5 1070190
9s4c 0.408268 415084 21840 1070190
9h4c 0.408268 415084 21840 1070190
9d4c 0.408268 415084 21840 1070190
KsQd 0.404976 408848 24553.5 1070190
KsQs 0.404976 408848 24553.5 1070190
KsQh 0.404976 408848 24553.5 1070190
KdQd 0.404976 408848 24553.5 1070190
KdQh 0.404976 408848 24553.5 1070190
KdQs 0.404976 408848 24553.5 1070190
KhQd 0.404976 408848 24553.5 1070190
KhQs 0.404976 408848 24553.5 1070190
KhQh 0.404976 408848 24553.5 1070190
3c2d 0.398321 403010 23269.5 1070190
3c2h 0.398321 403010 23269.5 1070190
3c2s 0.398321 403010 23269.5 1070190
KdJs 0.397211 399719 25372.5 1070190
KsJs 0.397211 399719 25372.5 1070190
KhJd 0.397211 399719 25372.5 1070190
KhJh 0.397211 399719 25372.5 1070190
KhJs 0.397211 399719 25372.5 1070190
KsJh 0.397211 399719 25372.5 1070190
KsJd 0.397211 399719 25372.5 1070190
KdJh 0.397211 399719 25372.5 1070190
KdJd 0.397211 399719 25372.5 1070190
7c2d 0.39536 410864 12246 1070190
7c2h 0.39536 410864 12246 1070190
7c2s 0.39536 410864 12246 1070190
8d7d 0.394318 394852 27143.5 1070190
8s7s 0.394318 394852 27143.5 1070190
8s7h 0.394318 394852 27143.5 1070190
8s7d 0.394318 394852 27143.5 1070190
8h7d 0.394318 394852 27143.5 1070190
8h7h 0.394318 394852 27143.5 1070190
8h7s 0.394318 394852 27143.5 1070190
8d7s 0.394318 394852 27143.5 1070190
8d7h 0.394318 394852 27143.5 1070190
4h2c 0.394315 395437 26554.5 1070190
4d2c 0.394315 395437 26554.5 1070190
4s2c 0.394315 395437 26554.5 1070190
9h3c 0.393351 396527 24433.5 1070190
9s3c 0.393351 396527 24433.5 1070190
9d3c 0.393351 396527 24433.5 1070190
Kh7s 0.390586 388628 29373 1070190
Ks7s 0.390586 388628 29373 1070190
Ks7h 0.390586 388628 29373 1070190
Ks7d 0.390586 388628 29373 1070190
Kh7d 0.390586 388628 29373 1070190
Kh7h 0.390586 388628 29373 1070190
Kd7s 0.390586 388628 29373 1070190
Kd7h 0.390586 388628 29373 1070190
Kd7d 0.390586 388628 29373 1070190
KdTd 0.389774 391058 26074.5 1070190
KdTh 0.389774 391058 26074.5 1070190
KsTd 0.389774 391058 26074.5 1070190
KdTs 0.389774 391058 26074.5 1070190
KsTh 0.389774 391058 26074.5 1070190
KhTs 0.389774 391058 26074.5 1070190
KsTs 0.389774 391058 26074.5 1070190
KhTh 0.389774 391058 26074.5 1070190
KhTd 0.389774 391058 26074.5 1070190
3h3d 0.3893 395686 20938.5 1070190
3s3d 0.3893 395686 20938.5 1070190
3s3h 0.3893 395686 20938.5 1070190
Td2c 0.388178 388594 26830.5 1070190
Th2c 0.388178 388594 26830.5 1070190
Ts2c 0.388178 388594 26830.5 1070190
Kh8h 0.387728 386552 28390.5 1070190
Ks8h 0.387728 386552 28390.5 1070190
Kh8d 0.387728 386552 28390.5 1070190
Kh8s 0.387728 386552 28390.5 1070190
Ks8d 0.387728 386552 28390.5 1070190
Kd8d 0.387728 386552 28390.5 1070190
Ks8s 0.387728 386552 28390.5 1070190
Kd8h 0.387728 386552 28390.5 1070190
Kd8s 0.387728 386552 28390.5 1070190
3d2c 0.38594 386929 26100 1070190
3s2c 0.38594 386929 26100 1070190
3h2c 0.38594 386929 26100 1070190
Kd9s 0.38529 385043 27291 1070190
Ks9h 0.38529 385043 27291 1070190
Ks9s 0.38529 385043 27291 1070190
Kh9s 0.38529 385043 27291 1070190
Kh9d 0.38529 385043 27291 1070190
Kh9h 0.38529 385043 27291 1070190
Kd9d 0.38529 385043 27291 1070190
Ks9d 0.38529 385043 27291 1070190
Kd9h 0.38529 385043 27291 1070190
8h3c 0.374875 377747 23440.5 1070190
8s3c 0.374875 377747 23440.5 1070190
8d3c 0.374875 377747 23440.5 1070190
9s2c 0.37248 371917 26707.5 1070190
9h2c 0.37248 371917 26707.5 1070190
9d2c 0.37248 371917 26707.5 1070190
2h2d 0.365022 370115 20527.5 1070190
2s2d 0.365022 370115 20527.5 1070190
2s2h 0.365022 370115 20527.5 1070190
Kd4s 0.362999 354251 34227 1070190
Ks4s 0.362999 354251 34227 1070190
Ks4h 0.362999 354251 34227 1070190
Kd4d 0.362999 354251 34227 1070190
Kd4h 0.362999 354251 34227 1070190
Ks4d 0.362999 354251 34227 1070190
Kh4h 0.362999 354251 34227 1070190
Kh4s 0.362999 354251 34227 1070190
Kh4d 0.362999 354251 34227 1070190
8s2c 0.360223 359257 26250 1070190
8h2c 0.360223 359257 26250 1070190
8d2c 0.360223 359257 26250 1070190
7h4h 0.357471 351946 30616 1070190
7d4s 0.357471 351946 30616 1070190
7h4d 0.357471 351946 30616 1070190
7h4s 0.357471 351946 30616 1070190
7s4d 0.357471 351946 30616 1070190
7s4h 0.357471 351946 30616 1070190
7d4h 0.357471 351946 30616 1070190
7s4s 0.357471 351946 30616 1070190
7d4d 0.357471 351946 30616 1070190
Ks3h 0.352658 343748 33663 1070190
Ks3s 0.352658 343748 33663 1070190
Kd3s 0.352658 343748 33663 1070190
Kh3h 0.352658 343748 33663 1070190
Kh3d 0.352658 343748 33663 1070190
Kh3s 0.352658 343748 33663 1070190
Kd3h 0.352658 343748 33663 1070190
Ks3d 0.352658 343748 33663 1070190
Kd3d 0.352658 343748 33663 1070190
QhJd 0.348768 348008 25240.5 1070190
QhJh 0.348768 348008 25240.5 1070190
QhJs 0.348768 348008 25240.5 1070190
QdJs 0.348768 348008 25240.5 1070190
QdJh 0.348768 348008 25240.5 1070190
QdJd 0.348768 348008 25240.5 1070190
QsJs 0.348768 348008 25240.5 1070190
QsJd 0.348768 348008 25240.5 1070190
QsJh 0.348768 348008 25240.5 1070190
7s2c 0.345718 345160 24823.5 1070190
7h2c 0.345718 345160 24823.5 1070190
7d2c 0.345718 345160 24823.5 1070190
Qd7d 0.343404 338267 29241 1070190
Qd7h 0.343404 338267 29241 1070190
Qd7s 0.343404 338267 29241 1070190
Qs7h 0.343404 338267 29241 1070190
Qs7s 0.343404 338267 29241 1070190
Qh7h 0.343404 338267 29241 1070190
Qs7d 0.343404 338267 29241 1070190
Qh7d 0.343404 338267 29241 1070190
Qh7s 0.343404 338267 29241 1070190
Kh2s 0.342048 333092 32964 1070190
Kh2h 0.342048 333092 32964 1070190
Ks2s 0.342048 333092 32964 1070190
Kd2d 0.342048 333092 32964 1070190
Kd2h 0.342048 333092 32964 1070190
Kd2s 0.342048 333092 32964 1070190
Kh2d 0.342048 333092 32964 1070190
Ks2h 0.342048 333092 32964 1070190
Ks2d 0.342048 333092 32964 1070190
QdTd 0.341331 339347 25942.5 1070190
QsTs 0.341331 339347 25942.5 1070190
QsTh 0.341331 339347 25942.5 1070190
QhTh 0.341331 339347 25942.5 1070190
QdTh 0.341331 339347 25942.5 1070190
QsTd 0.341331 339347 25942.5 1070190
QdTs 0.341331 339347 25942.5 1070190
QhTs 0.341331 339347 25942.5 1070190
QhTd 0.341331 339347 25942.5 1070190
Qs8h 0.340067 335678 28258.5 1070190
Qd8h 0.340067 335678 28258.5 1070190
Qs8s 0.340067 335678 28258.5 1070190
Qd8s 0.340067 335678 28258.5 1070190
Qs8d 0.340067 335678 28258.5 1070190
Qd8d 0.340067 335678 28258.5 1070190
Qh8s 0.340067 335678 28258.5 1070190
Qh8h 0.340067 335678 28258.5 1070190
Qh8d 0.340067 335678 28258.5 1070190
Qs9s 0.33715 333656 27159 1070190
Qs9h 0.33715 333656 27159 1070190
Qs9d 0.33715 333656 27159 1070190
Qh9s 0.33715 333656 27159 1070190
Qh9h 0.33715 333656 27159 1070190
Qh9d 0.33715 333656 27159 1070190
Qd9d 0.33715 333656 27159 1070190
Qd9h 0.33715 333656 27159 1070190
Qd9s 0.33715 333656 27159 1070190
9s7s 0.326142 321582 27452 1070190
9s7h 0.326142 321582 27452 1070190
9s7d 0.326142 321582 27452 1070190
9h7s 0.326142 321582 27452 1070190
9h7h 0.326142 321582 27452 1070190
9d7d 0.326142 321582 27452 1070190
9d7h 0.326142 321582 27452 1070190
9d7s 0.326142 321582 27452 1070190
9h7d 0.326142 321582 27452 1070190
4s3h 0.325844 317419 31295.5 1070190
4d3d 0.325844 317419 31295.5 1070190
4d3h 0.325844 317419 31295.5 1070190
4d3s 0.325844 317419 31295.5 1070190
4h3d 0.325844 317419 31295.5 1070190
4h3h 0.325844 317419 31295.5 1070190
4h3s 0.325844 317419 31295.5 1070190
4s3d 0.325844 317419 31295.5 1070190
4s3s 0.325844 317419 31295.5 1070190
9s8h 0.322906 318750 26820.5 1070190
9s8d 0.322906 318750 26820.5 1070190
9d8h 0.322906 318750 26820.5 1070190
9d8d 0.322906 318750 26820.5 1070190
9d8s 0.322906 318750 26820.5 1070190
9h8d 0.322906 318750 26820.5 1070190
9h8h 0.322906 318750 26820.5 1070190
9h8s 0.322906 318750 26820.5 1070190
9s8s 0.322906 318750 26820.5 1070190
Qd4h 0.315818 303890 34095 1070190
Qs4d 0.315818 303890 34095 1070190
Qs4h 0.315818 303890 34095 1070190
Qd4s 0.315818 303890 34095 1070190
Qh4d 0.315818 303890 34095 1070190
Qh4h 0.315818 303890 34095 1070190
Qs4s 0.315818 303890 34095 1070190
Qh4s 0.315818 303890 34095 1070190
Qd4d 0.315818 303890 34095 1070190
Qd3s 0.304997 292874 33531 1070190
Qd3h 0.304997 292874 33531 1070190
Qh3d 0.304997 292874 33531 1070190
Qh3h 0.304997 292874 33531 1070190
Qs3h 0.304997 292874 33531 1070190
Qs3s 0.304997 292874 33531 1070190
Qs3d 0.304997 292874 33531 1070190
Qh3s 0.304997 292874 33531 1070190
Qd3d 0.304997 292874 33531 1070190
Jd7d 0.30174 293927 28992 1070190
Js7d 0.30174 293927 28992 1070190
Js7s 0.30174 293927 28992 1070190
Jh7d 0.30174 293927 28992 1070190
Jh7h 0.30174 293927 28992 1070190
Jd7h 0.30174 293927 28992 1070190
Jh7s 0.30174 293927 28992 1070190
Jd7s 0.30174 293927 28992 1070190
Js7h 0.30174 293927 28992 1070190
JhTd 0.298935 294224 25693.5 1070190
JsTs 0.298935 294224 25693.5 1070190
JdTd 0.298935 294224 25693.5 1070190
JdTh 0.298935 294224 25693.5 1070190
JhTh 0.298935 294224 25693.5 1070190
JdTs 0.298935 294224 25693.5 1070190
JhTs 0.298935 294224 25693.5 1070190
JsTd 0.298935 294224 25693.5 1070190
JsTh 0.298935 294224 25693.5 1070190
Js8d 0.2981 291014 28009.5 1070190
Js8h 0.2981 291014 28009.5 1070190
Jd8s 0.2981 291014 28009.5 1070190
Js8s 0.2981 291014 28009.5 1070190
Jh8s 0.2981 291014 28009.5 1070190
Jh8h 0.2981 291014 28009.5 1070190
Jd8h 0.2981 291014 28009.5 1070190
Jd8d 0.2981 291014 28009.5 1070190
Jh8d 0.2981 291014 28009.5 1070190
Js9h 0.29488 288668 26910 1070190
Js9d 0.29488 288668 26910 1070190
Js9s 0.29488 288668 26910 1070190
Jh9s 0.29488 288668 26910 1070190
Jd9d 0.29488 288668 26910 1070190
Jd9s 0.29488 288668 26910 1070190
Jh9d 0.29488 288668 26910 1070190
Jd9h 0.29488 288668 26910 1070190
Jh9h 0.29488 288668 26910 1070190
Qh2d 0.293908 281705 32832 1070190
Qh2h 0.293908 281705 32832 1070190
Qh2s 0.293908 281705 32832 1070190
Qd2s 0.293908 281705 32832 1070190
Qs2h 0.293908 281705 32832 1070190
Qd2d 0.293908 281705 32832 1070190
Qs2d 0.293908 281705 32832 1070190
Qs2s 0.293908 281705 32832 1070190
Qd2h 0.293908 281705 32832 1070190
8h4s 0.280236 268410 31496 1070190
8d4d 0.280236 268410 31496 1070190
8d4h 0.280236 268410 31496 1070190
8d4s 0.280236 268410 31496 1070190
8h4d 0.280236 268410 31496 1070190
8h4h 0.280236 268410 31496 1070190
8s4d 0.280236 268410 31496 1070190
8s4h 0.280236 268410 31496 1070190
8s4s 0.280236 268410 31496 1070190
Jh4d 0.274153 259550 33846 1070190
Js4d 0.274153 259550 33846 1070190
Js4h 0.274153 259550 33846 1070190
Jh4h 0.274153 259550 33846 1070190
Jh4s 0.274153 259550 33846 1070190
Jd4s 0.274153 259550 33846 1070190
Jd4h 0.274153 259550 33846 1070190
Jd4d 0.274153 259550 33846 1070190
Js4s 0.274153 259550 33846 1070190
Th7s 0.266308 257006 27994.5 1070190
Ts7s 0.266308 257006 27994.5 1070190
Ts7h 0.266308 257006 27994.5 1070190
Ts7d 0.266308 257006 27994.5 1070190
Td7d 0.266308 257006 27994.5 1070190
Td7h 0.266308 257006 27994.5 1070190
Td7s 0.266308 257006 27994.5 1070190
Th7h 0.266308 257006 27994.5 1070190
Th7d 0.266308 257006 27994.5 1070190
Jh3d 0.26303 248210 33282 1070190
Jh3h 0.26303 248210 33282 1070190
Jd3d 0.26303 248210 33282 1070190
Jd3h 0.26303 248210 33282 1070190
Jd3s 0.26303 248210 33282 1070190
Js3d 0.26303 248210 33282 1070190
Js3h 0.26303 248210 33282 1070190
Js3s 0.26303 248210 33282 1070190
Jh3s 0.26303 248210 33282 1070190
7s3d 0.263009 250641 30828.5 1070190
7s3h 0.263009 250641 30828.5 1070190
7h3s 0.263009 250641 30828.5 1070190
7h3h 0.263009 250641 30828.5 1070190
7h3d 0.263009 250641 30828.5 1070190
7s3s 0.263009 250641 30828.5 1070190
7d3d 0.263009 250641 30828.5 1070190
7d3h 0.263009 250641 30828.5 1070190
7d3s 0.263009 250641 30828.5 1070190
Th8h 0.262542 253958 27012 1070190
Td8d 0.262542 253958 27012 1070190
Td8h 0.262542 253958 27012 1070190
Th8s 0.262542 253958 27012 1070190
Th8d 0.262542 253958 27012 1070190
Td8s 0.262542 253958 27012 1070190
Ts8d 0.262542 253958 27012 1070190
Ts8h 0.262542 253958 27012 1070190
Ts8s 0.262542 253958 27012 1070190
Ts9h 0.259196 251477 25912.5 1070190
Th9d 0.259196 251477 25912.5 1070190
Th9h 0.259196 251477 25912.5 1070190
Th9s 0.259196 251477 25912.5 1070190
Td9d 0.259196 251477 25912.5 1070190
Td9h 0.259196 251477 25912.5 1070190
Td9s 0.259196 251477 25912.5 1070190
Ts9d 0.259196 251477 25912.5 1070190
Ts9s 0.259196 251477 25912.5 1070190
Jh2d 0.251638 236717 32583 1070190
Jd2s 0.251638 236717 32583 1070190
Jd2h 0.251638 236717 32583 1070190
Jd2d 0.251638 236717 32583 1070190
Js2s 0.251638 236717 32583 1070190
Js2h 0.251638 236717 32583 1070190
Js2d 0.251638 236717 32583 1070190
Jh2h 0.251638 236717 32583 1070190
Jh2s 0.251638 236717 32583 1070190
Td4h 0.238005 221231 33480 1070190
Th4d 0.238005 221231 33480 1070190
Th4h 0.238005 221231 33480 1070190
Th4s 0.238005 221231 33480 1070190
Ts4d 0.238005 221231 33480 1070190
Td4s 0.238005 221231 33480 1070190
Td4d 0.238005 221231 33480 1070190
Ts4s 0.238005 221231 33480 1070190
Ts4h 0.238005 221231 33480 1070190
4h2h 0.230093 214668 31575.5 1070190
4h2s 0.230093 214668 31575.5 1070190
4d2s 0.230093 214668 31575.5 1070190
4s2h 0.230093 214668 31575.5 1070190
4s2d 0.230093 214668 31575.5 1070190
4s2s 0.230093 214668 31575.5 1070190
4d2h 0.230093 214668 31575.5 1070190
4d2d 0.230093 214668 31575.5 1070190
4h2d 0.230093 214668 31575.5 1070190
Td3d 0.226756 209756 32916 1070190
Td3h 0.226756 209756 32916 1070190
Td3s 0.226756 209756 32916 1070190
Th3d 0.226756 209756 32916 1070190
Ts3s 0.226756 209756 32916 1070190
Ts3h 0.226756 209756 32916 1070190
Ts3d 0.226756 209756 32916 1070190
Th3s 0.226756 209756 32916 1070190
Th3h 0.226756 209756 32916 1070190
3d2s 0.218276 202653 30944 1070190
3h2d 0.218276 202653 30944 1070190
3h2h 0.218276 202653 30944 1070190
3h2s 0.218276 202653 30944 1070190
3s2d 0.218276 202653 30944 1070190
3d2h 0.218276 202653 30944 1070190
3s2h 0.218276 202653 30944 1070190
3d2d 0.218276 202653 30944 1070190
3s2s 0.218276 202653 30944 1070190
Ts2h 0.215237 198128 32217 1070190
Td2d 0.215237 198128 32217 1070190
Ts2s 0.215237 198128 32217 1070190
Ts2d 0.215237 198128 32217 1070190
Td2s 0.215237 198128 32217 1070190
Th2d 0.215237 198128 32217 1070190
Th2h 0.215237 198128 32217 1070190
Th2s 0.215237 198128 32217 1070190
Td2h 0.215237 198128 32217 1070190
9h4h 0.210909 192833 32880 1070190
9h4d 0.210909 192833 32880 1070190
9h4s 0.210909 192833 32880 1070190
9d4d 0.210909 192833 32880 1070190
9d4h 0.210909 192833 32880 1070190
9d4s 0.210909 192833 32880 1070190
9s4d 0.210909 192833 32880 1070190
9s4h 0.210909 192833 32880 1070190
9s4s 0.210909 192833 32880 1070190
9h3d 0.208325 190067 32880 1070190
9d3d 0.208325 190067 32880 1070190
9d3h 0.208325 190067 32880 1070190
9s3s 0.208325 190067 32880 1070190
9s3h 0.208325 190067 32880 1070190
9s3d 0.208325 190067 32880 1070190
9d3s 0.208325 190067 32880 1070190
9h3h 0.208325 190067 32880 1070190
9h3s 0.208325 190067 32880 1070190
9s2h 0.196857 178493 32181 1070190
9d2d 0.196857 178493 32181 1070190
9h2s 0.196857 178493 32181 1070190
9h2h 0.196857 178493 32181 1070190
9h2d 0.196857 178493 32181 1070190
9s2d 0.196857 178493 32181 1070190
9s2s 0.196857 178493 32181 1070190
9d2s 0.196857 178493 32181 1070190
9d2h 0.196857 178493 32181 1070190
8d3h 0.185253 166547 31708.5 1070190
8d3d 0.185253 166547 31708.5 1070190
8d3s 0.185253 166547 31708.5 1070190
8s3s 0.185253 166547 31708.5 1070190
8s3h 0.185253 166547 31708.5 1070190
8h3d 0.185253 166547 31708.5 1070190
8h3h 0.185253 166547 31708.5 1070190
8h3s 0.185253 166547 31708.5 1070190
8s3d 0.185253 166547 31708.5 1070190
8h2d 0.182752 163871 31708.5 1070190
8s2s 0.182752 163871 31708.5 1070190
8s2h 0.182752 163871 31708.5 1070190
8s2d 0.182752 163871 31708.5 1070190
8d2d 0.182752 163871 31708.5 1070190
8d2h 0.182752 163871 31708.5 1070190
8d2s 0.182752 163871 31708.5 1070190
8h2s 0.182752 163871 31708.5 1070190
8h2h 0.182752 163871 31708.5 1070190
7d2h 0.164739 146336 29965.5 1070190
7d2s 0.164739 146336 29965.5 1070190
7h2d 0.164739 146336 29965.5 1070190
7d2d 0.164739 146336 29965.5 1070190
7h2h 0.164739 146336 29965.5 1070190
7h2s 0.164739 146336 29965.5 1070190
7s2d 0.164739 146336 29965.5 1070190
7s2h 0.164739 146336 29965.5 1070190
7s2s 0.164739 146336 29965.5 1070190
