AsAc 0.944182 1010454 0 1070190
AhAc 0.944182 1010454 0 1070190
AsAh 0.925647 990618 0 1070190
6h6d 0.917247 981564 64.5 1070190
6s6d 0.917247 981564 64.5 1070190
6s6h 0.91688 981171 64.5 1070190
5s5d 0.911597 975462 120 1070190
5h5d 0.911597 975462 120 1070190
5s5h 0.911227 975066 120 1070190
AcKc 0.910237 971766 2361 1070190
Ac6d 0.906511 967413 2726 1070190
AcQc 0.906237 966882 2964 1070190
Ac6h 0.90606 966930 2726 1070190
Ac6s 0.90606 966930 2726 1070190
AcJc 0.902439 962286 3495 1070190
Ac9c 0.899548 957851 4836.5 1070190
Ac8c 0.899396 956878 5647 1070190
Ac7c 0.899379 956121 6385.5 1070190
AcTc 0.898842 957978 3954 1070190
Ac5d 0.895553 953154 5258 1070190
Ac5s 0.895099 952668 5258 1070190
Ac5h 0.895099 952668 5258 1070190
Ac4c 0.890639 943629 9523.5 1070190
Ac3c 0.887783 941032 9064 1070190
Ah6d 0.887156 946686 2739.5 1070190
As6d 0.887156 946686 2739.5 1070190
Ah6s 0.886705 946203 2739.5 1070190
Ah6h 0.886705 946203 2739.5 1070190
As6s 0.886705 946203 2739.5 1070190
As6h 0.886705 946203 2739.5 1070190
Ac2c 0.884859 938435 8532.5 1070190
As5d 0.876257 932562 5199.5 1070190
Ah5d 0.876257 932562 5199.5 1070190
Ah5s 0.875803 932076 5199.5 1070190
As5s 0.875803 932076 5199.5 1070190
As5h 0.875803 932076 5199.5 1070190
Ah5h 0.875803 932076 5199.5 1070190
AcKd 0.856188 912969 3315 1070190
AcKh 0.855291 912009 3315 1070190
AcKs 0.855291 912009 3315 1070190
AsKc 0.854062 910689 3319.5 1070190
AhKc 0.854062 910689 3319.5 1070190
AcQd 0.850135 905687 4119 1070190
AcQh 0.849238 904727 4119 1070190
AcQs 0.849238 904727 4119 1070190
AsQc 0.846844 902185 4099.5 1070190
AhQc 0.846844 902185 4099.5 1070190
AcJd 0.844351 898789 4827 1070190
AcJs 0.843454 897829 4827 1070190
AcJh 0.843454 897829 4827 1070190
Ac7d 0.84311 893154 9133.5 1070190
Ac7s 0.842314 892314 9121.5 1070190
Ac7h 0.842314 892314 9121.5 1070190
Ac8d 0.841986 893087 7998 1070190
Ac8h 0.841154 892205 7990 1070190
Ac8s 0.841154 892205 7990 1070190
Ac9d 0.841026 893291 6766.5 1070190
Ac9h 0.840159 892367 6762.5 1070190
Ac9s 0.840159 892367 6762.5 1070190
AsJc 0.839914 894081 4786.5 1070190
AhJc 0.839914 894081 4786.5 1070190
AcTd 0.838836 892275 5439 1070190
AcTs 0.837939 891315 5439 1070190
AcTh 0.837939 891315 5439 1070190
Ah9c 0.834267 886114 6710 1070190
As9c 0.834267 886114 6710 1070190
As8c 0.833984 884575 7946.5 1070190
Ah8c 0.833984 884575 7946.5 1070190
As7c 0.833906 883348 9090 1070190
Ah7c 0.833906 883348 9090 1070190
AhTc 0.83327 886377 5380.5 1070190
AsTc 0.83327 886377 5380.5 1070190
AsKd 0.830778 885897 3193.5 1070190
AhKd 0.830778 885897 3193.5 1070190
Ac4d 0.830213 874401 14084.5 1070190
6d5d 0.829889 881931 6207.5 1070190
AsKs 0.829881 884937 3193.5 1070190
AsKh 0.829881 884937 3193.5 1070190
AhKs 0.829881 884937 3193.5 1070190
AhKh 0.829881 884937 3193.5 1070190
Ac4h 0.829417 873561 14072.5 1070190
Ac4s 0.829417 873561 14072.5 1070190
AsQd 0.824908 878835 3973.5 1070190
AhQd 0.824908 878835 3973.5 1070190
Ac3d 0.8246 869146 13333 1070190
AhQs 0.824011 877875 3973.5 1070190
AhQh 0.824011 877875 3973.5 1070190
AsQs 0.824011 877875 3973.5 1070190
AsQh 0.824011 877875 3973.5 1070190
6h5d 0.82378 875304 6297.5 1070190
6s5d 0.82378 875304 6297.5 1070190
6d5h 0.823778 875301 6297.5 1070190
6d5s 0.823778 875301 6297.5 1070190
Ac3s 0.823769 868264 13325 1070190
Ac3h 0.823769 868264 13325 1070190
6h5h 0.823431 874953 6275 1070190
6s5s 0.823431 874953 6275 1070190
6s5h 0.823431 874953 6275 1070190
6h5s 0.823431 874953 6275 1070190
Ah4c 0.820183 863946 13806 1070190
As4c 0.820183 863946 13806 1070190
AhJd 0.819299 872145 4660.5 1070190
AsJd 0.819299 872145 4660.5 1070190
Ah7d 0.819139 867630 9004.5 1070190
As7d 0.819139 867630 9004.5 1070190
Ac2d 0.818876 863891 12461.5 1070190
AhJh 0.818402 871185 4660.5 1070190
AsJh 0.818402 871185 4660.5 1070190
AhJs 0.818402 871185 4660.5 1070190
AsJs 0.818402 871185 4660.5 1070190
As7h 0.818343 866790 8992.5 1070190
As7s 0.818343 866790 8992.5 1070190
Ah7s 0.818343 866790 8992.5 1070190
Ah7h 0.818343 866790 8992.5 1070190
Ac2h 0.818008 862967 12457.5 1070190
Ac2s 0.818008 862967 12457.5 1070190
As8d 0.81775 867300 7847.5 1070190
Ah8d 0.81775 867300 7847.5 1070190
Ah8h 0.816918 866418 7839.5 1070190
Ah8s 0.816918 866418 7839.5 1070190
As8s 0.816918 866418 7839.5 1070190
As8h 0.816918 866418 7839.5 1070190
Ah9d 0.816504 867217 6597.5 1070190
As9d 0.816504 867217 6597.5 1070190
Ah9h 0.815637 866293 6593.5 1070190
Ah9s 0.815637 866293 6593.5 1070190
As9h 0.815637 866293 6593.5 1070190
As9s 0.815637 866293 6593.5 1070190
AsTd 0.81395 865827 5254.5 1070190
AhTd 0.81395 865827 5254.5 1070190
As3c 0.813553 857622 13034.5 1070190
Ah3c 0.813553 857622 13034.5 1070190
AhTs 0.813053 864867 5254.5 1070190
AsTs 0.813053 864867 5254.5 1070190
AsTh 0.813053 864867 5254.5 1070190
AhTh 0.813053 864867 5254.5 1070190
As2c 0.806808 851289 12149 1070190
Ah2c 0.806808 851289 12149 1070190
As4d 0.80638 849162 13818 1070190
Ah4d 0.80638 849162 13818 1070190
Ah4s 0.805584 848322 13806 1070190
As4s 0.805584 848322 13806 1070190
As4h 0.805584 848322 13806 1070190
Ah4h 0.805584 848322 13806 1070190
As3d 0.800636 843798 13034.5 1070190
Ah3d 0.800636 843798 13034.5 1070190
Ah3h 0.799804 842916 13026.5 1070190
Ah3s 0.799804 842916 13026.5 1070190
As3h 0.799804 842916 13026.5 1070190
As3s 0.799804 842916 13026.5 1070190
Ah2d 0.794782 838434 12134 1070190
As2d 0.794782 838434 12134 1070190
As2h 0.793915 837510 12130 1070190
As2s 0.793915 837510 12130 1070190
Ah2h 0.793915 837510 12130 1070190
Ah2s 0.793915 837510 12130 1070190
KdKc 0.769967 823539 472.5 1070190
KhKc 0.769155 822669 472.5 1070190
KsKc 0.769155 822669 472.5 1070190
QdQc 0.750472 802675 472.5 1070190
QhQc 0.749659 801805 472.5 1070190
QsQc 0.749659 801805 472.5 1070190
KsKd 0.743911 795654 472.5 1070190
KhKd 0.743911 795654 472.5 1070190
KsKh 0.743098 794784 472.5 1070190
JdJc 0.731002 781839 472.5 1070190
JhJc 0.730189 780969 472.5 1070190
JsJc 0.730189 780969 472.5 1070190
QhQd 0.725203 775632 472.5 1070190
QsQd 0.725203 775632 472.5 1070190
QsQh 0.72439 774762 472.5 1070190
TdTc 0.711559 761031 472.5 1070190
TsTc 0.710746 760161 472.5 1070190
ThTc 0.710746 760161 472.5 1070190
JsJd 0.706494 755610 472.5 1070190
JhJd 0.706494 755610 472.5 1070190
JsJh 0.705681 754740 472.5 1070190
9d9c 0.702736 751004 1057.5 1070190
9s9c 0.701952 750168 1053.5 1070190
9h9c 0.701952 750168 1053.5 1070190
8d8c 0.694039 741111 1642.5 1070190
8s8c 0.693288 740315 1634.5 1070190
8h8c 0.693288 740315 1634.5 1070190
ThTd 0.687785 735588 472.5 1070190
TsTd 0.687785 735588 472.5 1070190
TsTh 0.686972 734718 472.5 1070190
7d7c 0.686505 732463 2227.5 1070190
Kc6d 0.686162 725496 8827.5 1070190
7h7c 0.685787 731707 2215.5 1070190
7s7c 0.685787 731707 2215.5 1070190
Kc6s 0.685432 724773 8769 1070190
Kc6h 0.685432 724773 8769 1070190
KcQc 0.683312 723425 7848.5 1070190
9h9d 0.680053 726736 1049.5 1070190
9s9d 0.680053 726736 1049.5 1070190
Qc6d 0.679867 718246 9340.5 1070190
9s9h 0.679268 725900 1045.5 1070190
Qc6h 0.679163 717551 9282 1070190
Qc6s 0.679163 717551 9282 1070190
KcJc 0.676598 715491 8597.5 1070190
Kd6d 0.674677 713553 8479.5 1070190
7c6d 0.673933 704024 17212.5 1070190
Jc6d 0.673373 710424 10213.5 1070190
7c6s 0.673347 703486 17123 1070190
7c6h 0.673347 703486 17123 1070190
Jc6s 0.672699 709764 10151.5 1070190
Jc6h 0.672699 709764 10151.5 1070190
8s8d 0.672492 718068 1626.5 1070190
8h8d 0.672492 718068 1626.5 1070190
8c6d 0.671991 703708 15450.5 1070190
8s8h 0.671741 717272 1618.5 1070190
8c6h 0.671391 703149 15367 1070190
8c6s 0.671391 703149 15367 1070190
KcTc 0.670184 707985 9239.5 1070190
9c6d 0.670055 703698 13388.5 1070190
Qd6d 0.669574 707552 9019.5 1070190
9c6h 0.669434 703109 13313 1070190
9c6s 0.669434 703109 13313 1070190
7d6d 0.668644 698796 16780 1070190
Tc6d 0.666906 702390 11326.5 1070190
Kc7c 0.666273 701068 11971 1070190
Tc6h 0.666263 701769 11258.5 1070190
Tc6s 0.666263 701769 11258.5 1070190
7h7d 0.666093 710643 2203.5 1070190
7s7d 0.666093 710643 2203.5 1070190
8d6d 0.665828 697498 15064.5 1070190
Kc8c 0.665716 701275 11167.5 1070190
Kc9c 0.665575 702035 10257 1070190
7s7h 0.665376 709887 2191.5 1070190
Jd6d 0.664288 701005 9909.5 1070190
9d6d 0.663004 696490 13050 1070190
Td6d 0.65904 694266 11031.5 1070190
Kd6s 0.65615 693330 8875.5 1070190
Kd6h 0.65615 693330 8875.5 1070190
Kh6d 0.656055 693192 8911.5 1070190
Ks6d 0.656055 693192 8911.5 1070190
Kh6s 0.655325 692469 8853 1070190
Kh6h 0.655325 692469 8853 1070190
Ks6h 0.655325 692469 8853 1070190
Ks6s 0.655325 692469 8853 1070190
8c7c 0.654609 689982 10574.5 1070190
6d4c 0.652786 679146 19459.5 1070190
6h4c 0.652234 678661 19353 1070190
6s4c 0.652234 678661 19353 1070190
7d6h 0.652113 680325 17559.5 1070190
7d6s 0.652113 680325 17559.5 1070190
7s6d 0.65197 680116 17616 1070190
7h6d 0.65197 680116 17616 1070190
7s6s 0.651384 679578 17526.5 1070190
7h6h 0.651384 679578 17526.5 1070190
7h6s 0.651384 679578 17526.5 1070190
7s6h 0.651384 679578 17526.5 1070190
Qd6h 0.6511 687385 9415.5 1070190
Qd6s 0.6511 687385 9415.5 1070190
Qh6d 0.650978 687219 9451.5 1070190
Qs6d 0.650978 687219 9451.5 1070190
Qh6s 0.650274 686524 9393 1070190
Qh6h 0.650274 686524 9393 1070190
Qs6h 0.650274 686524 9393 1070190
Qs6s 0.650274 686524 9393 1070190
6d4d 0.648835 675341 19036 1070190
8d6s 0.6487 678486 15746.5 1070190
8d6h 0.6487 678486 15746.5 1070190
8s6d 0.648538 678258 15800.5 1070190
8h6d 0.648538 678258 15800.5 1070190
8s6h 0.647937 677699 15717 1070190
8s6s 0.647937 677699 15717 1070190
8h6h 0.647937 677699 15717 1070190
8h6s 0.647937 677699 15717 1070190
Jd6h 0.645817 680817 10330 1070190
Jd6s 0.645817 680817 10330 1070190
Jh6d 0.645666 680616 10369.5 1070190
Js6d 0.645666 680616 10369.5 1070190
9d6h 0.645232 676900 13620.5 1070190
9d6s 0.645232 676900 13620.5 1070190
9h6d 0.645056 676662 13670 1070190
9s6d 0.645056 676662 13670 1070190
Js6s 0.644992 679956 10307.5 1070190
Js6h 0.644992 679956 10307.5 1070190
Jh6s 0.644992 679956 10307.5 1070190
Jh6h 0.644992 679956 10307.5 1070190
9s6h 0.644435 676073 13594.5 1070190
9h6s 0.644435 676073 13594.5 1070190
9h6h 0.644435 676073 13594.5 1070190
9s6s 0.644435 676073 13594.5 1070190
6d3c 0.643363 669830 18690.5 1070190
6h3c 0.642816 669352 18583.5 1070190
6s3c 0.642816 669352 18583.5 1070190
Kc4c 0.642223 671488 15813 1070190
6d3d 0.640916 667589 18312.5 1070190
Td6s 0.640536 674001 11494 1070190
Td6h 0.640536 674001 11494 1070190
Th6d 0.640354 673761 11539.5 1070190
Ts6d 0.640354 673761 11539.5 1070190
Th6h 0.63971 673140 11471.5 1070190
Th6s 0.63971 673140 11471.5 1070190
Ts6h 0.63971 673140 11471.5 1070190
Ts6s 0.63971 673140 11471.5 1070190
QcJc 0.636063 672219 8489.5 1070190
Kc3c 0.635035 664224 15384 1070190
6d2c 0.634604 661345 17801.5 1070190
6h2c 0.634064 660874 17695 1070190
6s2c 0.634064 660874 17695 1070190
6d2d 0.633657 660662 17471 1070190
6h4d 0.631275 655684 19900 1070190
6s4d 0.631275 655684 19900 1070190
6d4s 0.631111 655440 19969 1070190
6d4h 0.631111 655440 19969 1070190
6h4h 0.630559 654955 19862.5 1070190
6h4s 0.630559 654955 19862.5 1070190
6s4h 0.630559 654955 19862.5 1070190
6s4s 0.630559 654955 19862.5 1070190
QcTc 0.629649 664713 9131.5 1070190
Kc2c 0.627595 656798 14848 1070190
Qc7c 0.626818 658951 11863 1070190
Qc8c 0.625856 658725 11059.5 1070190
Qc9c 0.62531 659052 10149 1070190
Kc5d 0.623343 657579 9516 1070190
Kc5h 0.622612 656856 9457.5 1070190
Kc5s 0.622612 656856 9457.5 1070190
6s3d 0.622608 647184 19124.5 1070190
6h3d 0.622608 647184 19124.5 1070190
6d3s 0.622404 646893 19197.5 1070190
6d3h 0.622404 646893 19197.5 1070190
6s3s 0.621857 646415 19090.5 1070190
6s3h 0.621857 646415 19090.5 1070190
6h3h 0.621857 646415 19090.5 1070190
6h3s 0.621857 646415 19090.5 1070190
7c4c 0.621606 652000 13237 1070190
Qc5d 0.615974 649267 9942 1070190
Qc5h 0.61527 648572 9883.5 1070190
Qc5s 0.61527 648572 9883.5 1070190
6s2d 0.614648 639566 18224 1070190
6h2d 0.614648 639566 18224 1070190
6d2s 0.614403 639228 18300 1070190
6d2h 0.614403 639228 18300 1070190
6s2h 0.613863 638757 18193.5 1070190
6s2s 0.613863 638757 18193.5 1070190
6h2s 0.613863 638757 18193.5 1070190
6h2h 0.613863 638757 18193.5 1070190
Kd5d 0.61166 645438 9154.5 1070190
7c5d 0.608864 634221 17379 1070190
Jc5d 0.608539 640524 10728 1070190
7c5h 0.608278 633683 17289.5 1070190
7c5s 0.608278 633683 17289.5 1070190
Jc5h 0.607864 639864 10666 1070190
Jc5s 0.607864 639864 10666 1070190
8c5d 0.606543 633412 15704 1070190
8c5s 0.605942 632853 15620.5 1070190
8c5h 0.605942 632853 15620.5 1070190
Qd5d 0.605488 638381 9606 1070190
9c7c 0.604878 636732 10602 1070190
9c5d 0.604359 633050 13729 1070190
9c8c 0.60379 636051 10119.5 1070190
9c5h 0.603738 632461 13653.5 1070190
9c5s 0.603738 632461 13653.5 1070190
7d5d 0.603376 628803 16924 1070190
Qc4c 0.602768 629371 15705 1070190
Tc5d 0.601261 631710 11754 1070190
Tc5h 0.600618 631089 11686 1070190
Tc5s 0.600618 631089 11686 1070190
8d5d 0.600186 627016 15297 1070190
Jd5d 0.599264 630919 10407.5 1070190
9d5d 0.597119 625660 13371 1070190
Qc3c 0.595175 621674 15276 1070190
4c3c 0.594065 622002 13760 1070190
JcTc 0.593982 626757 8916.5 1070190
Td5d 0.59321 623406 11441 1070190
Jc7c 0.591826 621718 11648 1070190
Jc8c 0.590594 621203 10844.5 1070190
Kd5s 0.590358 622245 9550.5 1070190
Kd5h 0.590358 622245 9550.5 1070190
Kh5d 0.590297 622143 9586.5 1070190
Ks5d 0.590297 622143 9586.5 1070190
Jc9c 0.589778 621241 9934 1070190
Ks5s 0.589566 621420 9528 1070190
Ks5h 0.589566 621420 9528 1070190
Kh5h 0.589566 621420 9528 1070190
Kh5s 0.589566 621420 9528 1070190
Qc2c 0.58733 613815 14740 1070190
5d4c 0.586559 608488 19242 1070190
5s4c 0.586006 608002 19135.5 1070190
5h4c 0.586006 608002 19135.5 1070190
Qd5h 0.584238 615244 10002 1070190
Qd5s 0.584238 615244 10002 1070190
7d5s 0.584208 607510 17703.5 1070190
7d5h 0.584208 607510 17703.5 1070190
Qh5d 0.58415 615114 10038 1070190
Qs5d 0.58415 615114 10038 1070190
7h5d 0.584096 607334 17760 1070190
7s5d 0.584096 607334 17760 1070190
7s5h 0.58351 606796 17670.5 1070190
7h5s 0.58351 606796 17670.5 1070190
7h5h 0.58351 606796 17670.5 1070190
7s5s 0.58351 606796 17670.5 1070190
Qs5s 0.583446 614419 9979.5 1070190
Qs5h 0.583446 614419 9979.5 1070190
Qh5s 0.583446 614419 9979.5 1070190
Qh5h 0.583446 614419 9979.5 1070190
5d4d 0.582421 604513 18788.5 1070190
8d5h 0.580372 605129 15979 1070190
8d5s 0.580372 605129 15979 1070190
8h5d 0.580241 604935 16033 1070190
8s5d 0.580241 604935 16033 1070190
8s5s 0.579641 604376 15949.5 1070190
8s5h 0.579641 604376 15949.5 1070190
8h5h 0.579641 604376 15949.5 1070190
8h5s 0.579641 604376 15949.5 1070190
Jd5s 0.578018 607761 10828 1070190
Jd5h 0.578018 607761 10828 1070190
Jh5d 0.577901 607596 10867.5 1070190
Js5d 0.577901 607596 10867.5 1070190
Js5s 0.577226 606936 10805.5 1070190
Js5h 0.577226 606936 10805.5 1070190
Jh5h 0.577226 606936 10805.5 1070190
Jh5s 0.577226 606936 10805.5 1070190
9d5s 0.576611 603142 13941.5 1070190
9d5h 0.576611 603142 13941.5 1070190
9h5d 0.576468 602939 13991 1070190
9s5d 0.576468 602939 13991 1070190
5d3c 0.576342 598322 18473 1070190
9s5h 0.575847 602350 13915.5 1070190
9s5s 0.575847 602350 13915.5 1070190
9h5s 0.575847 602350 13915.5 1070190
9h5h 0.575847 602350 13915.5 1070190
5s3c 0.575794 597843 18366 1070190
5h3c 0.575794 597843 18366 1070190
5d3d 0.573717 595921 18065 1070190
Td5h 0.571931 600171 11903.5 1070190
Td5s 0.571931 600171 11903.5 1070190
Th5d 0.571783 599967 11949 1070190
Ts5d 0.571783 599967 11949 1070190
Ts5s 0.571139 599346 11881 1070190
Ts5h 0.571139 599346 11881 1070190
Th5h 0.571139 599346 11881 1070190
Th5s 0.571139 599346 11881 1070190
Jc4c 0.567776 592138 15490 1070190
5d2c 0.566788 588987 17584 1070190
5s2c 0.566248 588515 17477.5 1070190
5h2c 0.566248 588515 17477.5 1070190
5d2d 0.565673 588154 17223.5 1070190
8c4c 0.564232 590106 13729 1070190
5s4d 0.562256 582068 19652.5 1070190
5h4d 0.562256 582068 19652.5 1070190
5d4h 0.562123 581857 19721.5 1070190
5d4s 0.562123 581857 19721.5 1070190
Tc7c 0.561848 590441 10843.5 1070190
5h4h 0.561569 581371 19615 1070190
5h4s 0.561569 581371 19615 1070190
5s4s 0.561569 581371 19615 1070190
5s4h 0.561569 581371 19615 1070190
Tc8c 0.560481 589781 10040 1070190
Jc3c 0.559913 584152 15061 1070190
Tc9c 0.55953 589674 9129.5 1070190
5h3d 0.552754 572675 18877 1070190
5s3d 0.552754 572675 18877 1070190
5d3s 0.552582 572418 18950 1070190
5d3h 0.552582 572418 18950 1070190
5h3s 0.552035 571939 18843 1070190
5h3h 0.552035 571939 18843 1070190
5s3s 0.552035 571939 18843 1070190
5s3h 0.552035 571939 18843 1070190
Jc2c 0.551798 576004 14525 1070190
7c3c 0.548896 574284 13139.5 1070190
5h2d 0.54396 564164 17976.5 1070190
5s2d 0.54396 564164 17976.5 1070190
5d2s 0.543748 563861 18052.5 1070190
5d2h 0.543748 563861 18052.5 1070190
5s2h 0.543207 563389 17946 1070190
5h2h 0.543207 563389 17946 1070190
5h2s 0.543207 563389 17946 1070190
5s2s 0.543207 563389 17946 1070190
Tc4c 0.537248 559789 15168 1070190
Tc3c 0.529249 551658 14739 1070190
Tc2c 0.520999 543365 14203 1070190
4c2c 0.519886 542661 13716 1070190
KcQd 0.517239 543937 9607.5 1070190
KcQh 0.516439 543107 9581 1070190
KcQs 0.516439 543107 9581 1070190
KdQc 0.515794 542414 9583.5 1070190
4d4c 0.515082 545528 5707.5 1070190
KsQc 0.514994 541584 9557 1070190
KhQc 0.514994 541584 9557 1070190
4h4c 0.514446 544864 5691 1070190
4s4c 0.514446 544864 5691 1070190
9c4c 0.513311 534708 14632 1070190
9c3c 0.51172 533006 14632 1070190
3c2c 0.510632 533240 13233.5 1070190
KdQd 0.508569 535276 8989 1070190
KcJd 0.507333 532334 10608.5 1070190
KcJh 0.506532 531504 10582 1070190
KcJs 0.506532 531504 10582 1070190
KdJc 0.504586 529432 10570.5 1070190
KhJc 0.503825 528651 10537 1070190
KsJc 0.503825 528651 10537 1070190
9c2c 0.503469 524712 14096 1070190
KdJd 0.499113 524254 9892 1070190
KcTd 0.497827 521303 11466.5 1070190
KcTh 0.497027 520473 11440 1070190
KcTs 0.497027 520473 11440 1070190
Kc7d 0.496234 515515 15549.5 1070190
Kc7h 0.49553 514799 15512.5 1070190
Kc7s 0.49553 514799 15512.5 1070190
KdTc 0.493799 517042 11416.5 1070190
Kc8d 0.493788 514115 14331.5 1070190
KhTc 0.493074 516306 11377 1070190
KsTc 0.493074 516306 11377 1070190
Kc8s 0.493051 513360 14298 1070190
Kc8h 0.493051 513360 14298 1070190
Kc9d 0.491874 513428 12970.5 1070190
Kc9h 0.491104 512634 12940.5 1070190
Kc9s 0.491104 512634 12940.5 1070190
8c3c 0.490954 511783 13631.5 1070190
KdTd 0.49002 513748 10666 1070190
4s4d 0.489743 518441 5677.5 1070190
4h4d 0.489743 518441 5677.5 1070190
8c2c 0.489382 510100 13631.5 1070190
4s4h 0.489108 517777 5661 1070190
8c7d 0.4887 509866 13135.5 1070190
Kd7c 0.488284 507029 15528 1070190
Kd7d 0.488047 507796 14507.5 1070190
8c7h 0.488029 509191 13093 1070190
8c7s 0.488029 509191 13093 1070190
Kh7c 0.487632 506382 15476.5 1070190
Ks7c 0.487632 506382 15476.5 1070190
8d7c 0.487534 508652 13102.5 1070190
8d7d 0.487142 509019 12316 1070190
Kd8c 0.487106 506998 14298.5 1070190
3d3c 0.486919 515973 5122.5 1070190
8h7c 0.486857 507982 13048 1070190
8s7c 0.486857 507982 13048 1070190
Kd9c 0.486526 507747 12928 1070190
Kh8c 0.486433 506326 14250 1070190
Ks8c 0.486433 506326 14250 1070190
3s3c 0.486251 515271 5110 1070190
3h3c 0.486251 515271 5110 1070190
Ks9c 0.485828 507045 12883.5 1070190
Kh9c 0.485828 507045 12883.5 1070190
Kd8d 0.485806 506549 13356 1070190
Kd9d 0.484065 505966 12075.5 1070190
KdQh 0.482822 507209 9502.5 1070190
KdQs 0.482822 507209 9502.5 1070190
KsQd 0.482822 507209 9502.5 1070190
KhQd 0.482822 507209 9502.5 1070190
KsQs 0.482022 506379 9476 1070190
KhQs 0.482022 506379 9476 1070190
KhQh 0.482022 506379 9476 1070190
KsQh 0.482022 506379 9476 1070190
KhJd 0.472935 495648 10482.5 1070190
KsJd 0.472935 495648 10482.5 1070190
KdJs 0.472896 495599 10489.5 1070190
KdJh 0.472896 495599 10489.5 1070190
7c2c 0.472727 493741 12166.5 1070190
KhJs 0.472135 494818 10456 1070190
KhJh 0.472135 494818 10456 1070190
KsJs 0.472135 494818 10456 1070190
KsJh 0.472135 494818 10456 1070190
8d7h 0.463897 483484 12973.5 1070190
8d7s 0.463897 483484 12973.5 1070190
8s7d 0.46389 483489 12961.5 1070190
8h7d 0.46389 483489 12961.5 1070190
Kc4d 0.463632 474329 21845.5 1070190
KsTd 0.463441 484647 11322.5 1070190
KhTd 0.463441 484647 11322.5 1070190
KdTs 0.463365 484553 11335.5 1070190
KdTh 0.463365 484553 11335.5 1070190
8h7h 0.46322 482814 12919 1070190
8h7s 0.46322 482814 12919 1070190
8s7s 0.46322 482814 12919 1070190
8s7h 0.46322 482814 12919 1070190
Kc4s 0.463054 473747 21808.5 1070190
Kc4h 0.463054 473747 21808.5 1070190
KsTh 0.46264 483817 11296 1070190
KhTs 0.46264 483817 11296 1070190
KhTh 0.46264 483817 11296 1070190
KsTs 0.46264 483817 11296 1070190
Ks7d 0.462583 479594 15458 1070190
Kh7d 0.462583 479594 15458 1070190
Kd7s 0.462532 479525 15472.5 1070190
Kd7h 0.462532 479525 15472.5 1070190
Ks7s 0.46188 478878 15421 1070190
Ks7h 0.46188 478878 15421 1070190
Kh7s 0.46188 478878 15421 1070190
Kh7h 0.46188 478878 15421 1070190
3s3d 0.461692 488998 5100.5 1070190
3h3d 0.461692 488998 5100.5 1070190
3s3h 0.461025 488296 5088 1070190
Ks8d 0.459781 477833 14219.5 1070190
Kh8d 0.459781 477833 14219.5 1070190
Kd8h 0.459717 477750 14234.5 1070190
Kd8s 0.459717 477750 14234.5 1070190
Kh8s 0.459044 477078 14186 1070190
Ks8h 0.459044 477078 14186 1070190
Ks8s 0.459044 477078 14186 1070190
Kh8h 0.459044 477078 14186 1070190
Kh9d 0.457505 476776 12841 1070190
Ks9d 0.457505 476776 12841 1070190
Kd9h 0.457432 476684 12855.5 1070190
Kd9s 0.457432 476684 12855.5 1070190
2d2c 0.457421 484990 4537.5 1070190
Ks9h 0.456735 475982 12811 1070190
Ks9s 0.456735 475982 12811 1070190
Kh9s 0.456735 475982 12811 1070190
Kh9h 0.456735 475982 12811 1070190
2h2c 0.456722 484250 4529 1070190
2s2c 0.456722 484250 4529 1070190
Kd4d 0.454894 466336 20486.5 1070190
Kd4c 0.453472 463727 21574.5 1070190
Ks4c 0.452878 463166 21499.5 1070190
Kh4c 0.452878 463166 21499.5 1070190
Kc3d 0.451658 462214 21146 1070190
Kc3s 0.45105 461597 21112.5 1070190
Kc3h 0.45105 461597 21112.5 1070190
QcJd 0.448383 469391 10464.5 1070190
QcJs 0.447616 468596 10438 1070190
QcJh 0.447616 468596 10438 1070190
QdJc 0.446974 467918 10429.5 1070190
QhJc 0.446213 467137 10396 1070190
QsJc 0.446213 467137 10396 1070190
7c4d 0.44358 457039 17676 1070190
Kd3d 0.443298 454607 19806 1070190
7c4h 0.443033 456496 17633.5 1070190
7c4s 0.443033 456496 17633.5 1070190
QdJd 0.442977 464319 9751 1070190
7d4d 0.442928 457361 16656.5 1070190
7d4c 0.44164 455188 17451 1070190
7h4c 0.441038 454613 17381.5 1070190
7s4c 0.441038 454613 17381.5 1070190
Kd3c 0.440258 450305 20855 1070190
Kh3c 0.439669 449750 20779.5 1070190
Ks3c 0.439669 449750 20779.5 1070190
Kc2d 0.439335 449904 20267.5 1070190
QcTd 0.438878 458360 11322.5 1070190
Qc7d 0.438861 454259 15405.5 1070190
Kc2h 0.438697 449252 20237.5 1070190
Kc2s 0.438697 449252 20237.5 1070190
Qc7s 0.438187 453575 15368.5 1070190
Qc7h 0.438187 453575 15368.5 1070190
QcTh 0.43811 457565 11296 1070190
QcTs 0.43811 457565 11296 1070190
QdTc 0.436187 455528 11275.5 1070190
Qc8d 0.435817 452219 14187.5 1070190
QhTc 0.435463 454792 11236 1070190
QsTc 0.435463 454792 11236 1070190
Qc8h 0.435111 451497 14154 1070190
Qc8s 0.435111 451497 14154 1070190
QdTd 0.433884 453813 10525 1070190
Qd7d 0.433443 449500 14366.5 1070190
Qc9d 0.433305 450892 12826.5 1070190
Qc9s 0.432567 450132 12796.5 1070190
Qc9h 0.432567 450132 12796.5 1070190
Qd7c 0.432263 447217 15387 1070190
2h2d 0.432254 458070 4523.5 1070190
2s2d 0.432254 458070 4523.5 1070190
Qs7c 0.431611 446570 15335.5 1070190
Qh7c 0.431611 446570 15335.5 1070190
2s2h 0.431554 457330 4515 1070190
Kd2d 0.431352 442671 18957.5 1070190
Qd8d 0.430621 447631 13215 1070190
Qd8c 0.430483 446541 14157.5 1070190
Qh8c 0.42981 445869 14109 1070190
Qs8c 0.42981 445869 14109 1070190
Qd9c 0.429299 446645 12787 1070190
Kd4h 0.428837 437205 21732 1070190
Kd4s 0.428837 437205 21732 1070190
Kh4d 0.428821 437226 21694 1070190
Ks4d 0.428821 437226 21694 1070190
Qs9c 0.428602 445943 12742.5 1070190
Qh9c 0.428602 445943 12742.5 1070190
Qd9d 0.428298 446426 11934.5 1070190
Kh4s 0.428243 436644 21657 1070190
Ks4h 0.428243 436644 21657 1070190
Kh4h 0.428243 436644 21657 1070190
Ks4s 0.428243 436644 21657 1070190
Kd2c 0.426671 436658 19961.5 1070190
Kh2c 0.426088 436109 19886.5 1070190
Ks2c 0.426088 436109 19886.5 1070190
7d4s 0.418853 430748 17504.5 1070190
7d4h 0.418853 430748 17504.5 1070190
7s4d 0.418798 430716 17477.5 1070190
7h4d 0.418798 430716 17477.5 1070190
7s4h 0.418251 430173 17435 1070190
7h4h 0.418251 430173 17435 1070190
7h4s 0.418251 430173 17435 1070190
7s4s 0.418251 430173 17435 1070190
Kh3d 0.416381 424642 20965 1070190
Ks3d 0.416381 424642 20965 1070190
Kd3h 0.416363 424580 21007 1070190
Kd3s 0.416363 424580 21007 1070190
Kh3h 0.415773 424025 20931.5 1070190
Ks3h 0.415773 424025 20931.5 1070190
Ks3s 0.415773 424025 20931.5 1070190
Kh3s 0.415773 424025 20931.5 1070190
QhJd 0.414162 432890 10341.5 1070190
QsJd 0.414162 432890 10341.5 1070190
QdJs 0.414155 432876 10348.5 1070190
QdJh 0.414155 432876 10348.5 1070190
QsJh 0.413394 432095 10315 1070190
QsJs 0.413394 432095 10315 1070190
QhJs 0.413394 432095 10315 1070190
QhJh 0.413394 432095 10315 1070190
9c7d 0.411604 427120 13374.5 1070190
9c7s 0.410956 426464 13336.5 1070190
9c7h 0.410956 426464 13336.5 1070190
9d7d 0.410834 427175 12495.5 1070190
9d7c 0.409209 424583 13348 1070190
9c8d 0.408632 424728 12585.5 1070190
9s7c 0.408546 423924 13297.5 1070190
9h7c 0.408546 423924 13297.5 1070190
9d8d 0.408043 424953 11731 1070190
9c8h 0.407954 424037 12551 1070190
9c8s 0.407954 424037 12551 1070190
9d8c 0.407398 423452 12541.5 1070190
9s8c 0.406716 422772 12491 1070190
9h8c 0.406716 422772 12491 1070190
Qc4d 0.406259 413073 21701.5 1070190
Qc4h 0.405711 412523 21664.5 1070190
Qc4s 0.405711 412523 21664.5 1070190
4d3d 0.40563 416639 17462 1070190
Qh7d 0.405445 418586 15317 1070190
Qs7d 0.405445 418586 15317 1070190
Qd7s 0.405424 418549 15331.5 1070190
Qd7h 0.405424 418549 15331.5 1070190
Qh7h 0.404771 417902 15280 1070190
Qs7s 0.404771 417902 15280 1070190
Qs7h 0.404771 417902 15280 1070190
Qh7s 0.404771 417902 15280 1070190
QhTd 0.404667 421889 11181.5 1070190
QsTd 0.404667 421889 11181.5 1070190
QdTh 0.404624 421830 11194.5 1070190
QdTs 0.404624 421830 11194.5 1070190
4c3d 0.404355 414325 18412 1070190
QhTh 0.403899 421094 11155 1070190
QhTs 0.403899 421094 11155 1070190
QsTh 0.403899 421094 11155 1070190
QsTs 0.403899 421094 11155 1070190
4c3s 0.40384 413829 18356 1070190
4c3h 0.40384 413829 18356 1070190
Ks2d 0.403581 411851 20057 1070190
Kh2d 0.403581 411851 20057 1070190
Kd2s 0.403526 411748 20102 1070190
Kd2h 0.403526 411748 20102 1070190
4d3c 0.40321 413117 18394.5 1070190
Kh2s 0.402943 411199 20027 1070190
Ks2s 0.402943 411199 20027 1070190
Ks2h 0.402943 411199 20027 1070190
Kh2h 0.402943 411199 20027 1070190
4h3c 0.402723 412655 18335 1070190
4s3c 0.402723 412655 18335 1070190
Qs8d 0.402022 416161 14078.5 1070190
Qh8d 0.402022 416161 14078.5 1070190
Qd8s 0.401989 416111 14093.5 1070190
Qd8h 0.401989 416111 14093.5 1070190
Qs8s 0.401316 415439 14045 1070190
Qs8h 0.401316 415439 14045 1070190
Qh8h 0.401316 415439 14045 1070190
Qh8s 0.401316 415439 14045 1070190
Qd4d 0.400289 408040 20345.5 1070190
Qh9d 0.399125 414440 12700 1070190
Qs9d 0.399125 414440 12700 1070190
Qd9h 0.399085 414382 12714.5 1070190
Qd9s 0.399085 414382 12714.5 1070190
Qs9s 0.398387 413680 12670 1070190
Qs9h 0.398387 413680 12670 1070190
Qh9h 0.398387 413680 12670 1070190
Qh9s 0.398387 413680 12670 1070190
Qd4c 0.397451 403915 21433.5 1070190
Qs4c 0.396857 403354 21358.5 1070190
Qh4c 0.396857 403354 21358.5 1070190
Qc3d 0.393687 400318 21002 1070190
Qc3h 0.39311 399734 20968.5 1070190
Qc3s 0.39311 399734 20968.5 1070190
Qd3d 0.388112 395689 19665 1070190
Jc7d 0.387977 400091 15118.5 1070190
Jc7h 0.387334 399439 15081.5 1070190
Jc7s 0.387334 399439 15081.5 1070190
JcTd 0.387071 403204 11035.5 1070190
JcTs 0.386336 402444 11009 1070190
JcTh 0.386336 402444 11009 1070190
JdTc 0.385695 401773 10993.5 1070190
Jd7d 0.385156 398094 14096.5 1070190
JhTc 0.384971 401037 10955 1070190
JsTc 0.384971 401037 10955 1070190
JdTd 0.384702 401449 10255 1070190
Jc8d 0.384553 397644 13900.5 1070190
Jc8h 0.383878 396955 13867 1070190
Jc8s 0.383878 396955 13867 1070190
Qd3c 0.383635 389848 20714 1070190
Qs3c 0.383046 389293 20638.5 1070190
Qh3c 0.383046 389293 20638.5 1070190
9d7h 0.382904 396529 13251.5 1070190
9d7s 0.382904 396529 13251.5 1070190
9s7d 0.38289 396526 13239 1070190
9h7d 0.38289 396526 13239 1070190
Jd7c 0.382708 394465 15105 1070190
9h7h 0.382241 395870 13201 1070190
9s7s 0.382241 395870 13201 1070190
9s7h 0.382241 395870 13201 1070190
9h7s 0.382241 395870 13201 1070190
Jh7c 0.382056 393818 15054.5 1070190
Js7c 0.382056 393818 15054.5 1070190
Jd8d 0.381965 395830 12945 1070190
Jc9d 0.381661 395910 12539.5 1070190
Jc9h 0.380954 395184 12509.5 1070190
Jc9s 0.380954 395184 12509.5 1070190
Qc2d 0.380766 387368 20123.5 1070190
4s3d 0.380606 388987 18333.5 1070190
4h3d 0.380606 388987 18333.5 1070190
4d3s 0.380577 388953 18337 1070190
4d3h 0.380577 388953 18337 1070190
Jd8c 0.380542 393377 13875.5 1070190
Qc2s 0.38016 386750 20093.5 1070190
Qc2h 0.38016 386750 20093.5 1070190
4s3h 0.38009 388491 18277.5 1070190
4h3s 0.38009 388491 18277.5 1070190
4s3s 0.38009 388491 18277.5 1070190
4h3h 0.38009 388491 18277.5 1070190
Jh8c 0.37987 392705 13828 1070190
Js8c 0.37987 392705 13828 1070190
9d8s 0.379518 393720 12436.5 1070190
9d8h 0.379518 393720 12436.5 1070190
9h8d 0.379513 393731 12420.5 1070190
9s8d 0.379513 393731 12420.5 1070190
Jd9d 0.379273 394230 11664.5 1070190
Jd9c 0.378974 393069 12505 1070190
9h8s 0.378836 393040 12386 1070190
9h8h 0.378836 393040 12386 1070190
9s8h 0.378836 393040 12386 1070190
9s8s 0.378836 393040 12386 1070190
Jh9c 0.378277 392367 12461.5 1070190
Js9c 0.378277 392367 12461.5 1070190
Qd2d 0.375585 383131 18816.5 1070190
Qd4s 0.371728 376229 21591 1070190
Qd4h 0.371728 376229 21591 1070190
Qs4d 0.371683 376218 21553 1070190
Qh4d 0.371683 376218 21553 1070190
Qh4s 0.371134 375668 21516 1070190
Qs4h 0.371134 375668 21516 1070190
Qs4s 0.371134 375668 21516 1070190
Qh4h 0.371134 375668 21516 1070190
Qd2c 0.369445 375556 19820.5 1070190
Qs2c 0.368862 375007 19745.5 1070190
Qh2c 0.368862 375007 19745.5 1070190
Qd3h 0.358634 362941 20866 1070190
Qd3s 0.358634 362941 20866 1070190
Qs3d 0.358622 362970 20824 1070190
Qh3d 0.358622 362970 20824 1070190
Qh3h 0.358045 362386 20790.5 1070190
Qs3s 0.358045 362386 20790.5 1070190
Qs3h 0.358045 362386 20790.5 1070190
Qh3s 0.358045 362386 20790.5 1070190
8d4d 0.356019 363476 17532 1070190
8c4d 0.355642 361949 18655.5 1070190
Jc4d 0.355376 358905 21414.5 1070190
8c4s 0.355134 361443 18617.5 1070190
8c4h 0.355134 361443 18617.5 1070190
Jd7s 0.354932 364795 15049.5 1070190
Jd7h 0.354932 364795 15049.5 1070190
Js7d 0.354924 364800 15036 1070190
Jh7d 0.354924 364800 15036 1070190
Jc4s 0.354857 358387 21377.5 1070190
Jc4h 0.354857 358387 21377.5 1070190
Js7h 0.35428 364148 14999 1070190
Js7s 0.35428 364148 14999 1070190
Jh7s 0.35428 364148 14999 1070190
Jh7h 0.35428 364148 14999 1070190
JsTd 0.353189 367079 10900.5 1070190
JhTd 0.353189 367079 10900.5 1070190
JdTh 0.353178 367055 10912.5 1070190
JdTs 0.353178 367055 10912.5 1070190
JhTh 0.352454 366319 10874 1070190
JhTs 0.352454 366319 10874 1070190
JsTs 0.352454 366319 10874 1070190
JsTh 0.352454 366319 10874 1070190
8d4c 0.35241 358732 18413.5 1070190
Jd4d 0.352002 356634 20075.5 1070190
8s4c 0.35183 358180 18344.5 1070190
8h4c 0.35183 358180 18344.5 1070190
Js8d 0.351106 361953 13797.5 1070190
Jh8d 0.351106 361953 13797.5 1070190
Jd8s 0.351104 361936 13811.5 1070190
Jd8h 0.351104 361936 13811.5 1070190
Js8h 0.350431 361264 13764 1070190
Jh8s 0.350431 361264 13764 1070190
Jh8h 0.350431 361264 13764 1070190
Js8s 0.350431 361264 13764 1070190
Jd4c 0.347896 351163 21151.5 1070190
Js9d 0.347816 359810 12419 1070190
Jh9d 0.347816 359810 12419 1070190
Jd9s 0.347806 359786 12432.5 1070190
Jd9h 0.347806 359786 12432.5 1070190
Jh4c 0.347302 350602 21077.5 1070190
Js4c 0.347302 350602 21077.5 1070190
Js9s 0.347109 359084 12389 1070190
Jh9s 0.347109 359084 12389 1070190
Jh9h 0.347109 359084 12389 1070190
Js9h 0.347109 359084 12389 1070190
Qs2d 0.345201 349515 19916 1070190
Qh2d 0.345201 349515 19916 1070190
Qd2s 0.345179 349446 19961 1070190
Qd2h 0.345179 349446 19961 1070190
Qh2s 0.344596 348897 19886 1070190
Qh2h 0.344596 348897 19886 1070190
Qs2s 0.344596 348897 19886 1070190
Qs2h 0.344596 348897 19886 1070190
Tc7d 0.344483 354763 13899.5 1070190
Td7d 0.344059 355275 12933 1070190
Tc7s 0.343865 354135 13866 1070190
Tc7h 0.343865 354135 13866 1070190
Jc3d 0.342423 345743 20715 1070190
Jc3s 0.341877 345192 20681.5 1070190
Jc3h 0.341877 345192 20681.5 1070190
Tc8d 0.340896 352142 12681.5 1070190
Td8d 0.34071 352843 11781.5 1070190
Td7c 0.340538 350565 13875.5 1070190
Tc8s 0.340248 351478 12651.5 1070190
Tc8h 0.340248 351478 12651.5 1070190
Ts7c 0.339888 349918 13827 1070190
Th7c 0.339888 349918 13827 1070190
Jd3d 0.339457 343888 19395 1070190
Td8c 0.338205 349298 12646 1070190
Td9d 0.337862 351075 10501 1070190
Tc9d 0.337841 350234 11320.5 1070190
Th8c 0.337535 348626 12600.5 1070190
Ts8c 0.337535 348626 12600.5 1070190
Tc9s 0.337163 349534 11294 1070190
Tc9h 0.337163 349534 11294 1070190
Td9c 0.33647 348811 11275.5 1070190
Ts9c 0.335775 348109 11234 1070190
Th9c 0.335775 348109 11234 1070190
7d3d 0.335712 342485 16791 1070190
7c3d 0.333713 339269 17867.5 1070190
Jd3c 0.333694 336684 20432 1070190
7c3s 0.333199 338753 17833 1070190
7c3h 0.333199 338753 17833 1070190
Js3c 0.333106 336129 20357.5 1070190
Jh3c 0.333106 336129 20357.5 1070190
7d3c 0.330433 336022 17604 1070190
7s3c 0.329881 335499 17536 1070190
7h3c 0.329881 335499 17536 1070190
Jc2d 0.329121 332386 19836.5 1070190
Jc2s 0.328548 331802 19806.5 1070190
Jc2h 0.328548 331802 19806.5 1070190
8d4h 0.326813 331232 18520.5 1070190
8d4s 0.326813 331232 18520.5 1070190
8s4d 0.326742 331186 18489.5 1070190
8h4d 0.326742 331186 18489.5 1070190
Jd2d 0.32656 330935 18546.5 1070190
8s4s 0.326233 330680 18451.5 1070190
8h4h 0.326233 330680 18451.5 1070190
8s4h 0.326233 330680 18451.5 1070190
8h4s 0.326233 330680 18451.5 1070190
Jd4s 0.321236 322475 21309 1070190
Jd4h 0.321236 322475 21309 1070190
Js4d 0.321162 322432 21272 1070190
Jh4d 0.321162 322432 21272 1070190
Js4h 0.320643 321914 21235 1070190
Js4s 0.320643 321914 21235 1070190
Jh4s 0.320643 321914 21235 1070190
Jh4h 0.320643 321914 21235 1070190
Jd2c 0.31912 321980 19538.5 1070190
Js2c 0.318537 321431 19464.5 1070190
Jh2c 0.318537 321431 19464.5 1070190
Td7h 0.311985 320072 13811.5 1070190
Td7s 0.311985 320072 13811.5 1070190
Ts7d 0.311953 320053 13796.5 1070190
Th7d 0.311953 320053 13796.5 1070190
Th7s 0.311335 319425 13763 1070190
Th7h 0.311335 319425 13763 1070190
Ts7h 0.311335 319425 13763 1070190
Ts7s 0.311335 319425 13763 1070190
Tc4d 0.310982 311825 20984.5 1070190
Tc4s 0.310493 311339 20947.5 1070190
Tc4h 0.310493 311339 20947.5 1070190
Td4d 0.310033 312118 19676.5 1070190
Td8h 0.30799 317034 12573.5 1070190
Td8s 0.30799 317034 12573.5 1070190
Ts8d 0.307968 317026 12558 1070190
Th8d 0.307968 317026 12558 1070190
Jd3s 0.307749 308766 20584 1070190
Jd3h 0.307749 308766 20584 1070190
Js3d 0.307707 308762 20543 1070190
Jh3d 0.307707 308762 20543 1070190
Th8h 0.307319 316362 12528 1070190
Th8s 0.307319 316362 12528 1070190
Ts8h 0.307319 316362 12528 1070190
Ts8s 0.307319 316362 12528 1070190
Jh3h 0.307161 308211 20509.5 1070190
Jh3s 0.307161 308211 20509.5 1070190
Js3s 0.307161 308211 20509.5 1070190
Js3h 0.307161 308211 20509.5 1070190
7d3h 0.305714 309443 17729 1070190
7d3s 0.305714 309443 17729 1070190
7h3d 0.305676 309436 17695.5 1070190
7s3d 0.305676 309436 17695.5 1070190
7s3s 0.305162 308920 17661 1070190
7s3h 0.305162 308920 17661 1070190
7h3s 0.305162 308920 17661 1070190
7h3h 0.305162 308920 17661 1070190
Td4c 0.304805 305471 20728.5 1070190
Td9h 0.304525 314705 11194.5 1070190
Td9s 0.304525 314705 11194.5 1070190
Th9d 0.304509 314703 11179.5 1070190
Ts9d 0.304509 314703 11179.5 1070190
Th4c 0.304214 304910 20656.5 1070190
Ts4c 0.304214 304910 20656.5 1070190
Th9h 0.30383 314003 11153 1070190
Th9s 0.30383 314003 11153 1070190
Ts9h 0.30383 314003 11153 1070190
Ts9s 0.30383 314003 11153 1070190
Tc3d 0.297867 298489 20285 1070190
Tc3s 0.297351 297971 20251.5 1070190
Tc3h 0.297351 297971 20251.5 1070190
Td3d 0.29733 299204 18996 1070190
4d2d 0.296778 299928 17680.5 1070190
Jd2h 0.2939 294850 19679 1070190
Jd2s 0.2939 294850 19679 1070190
Js2d 0.293892 294885 19635 1070190
Jh2d 0.293892 294885 19635 1070190
Js2s 0.293318 294301 19605 1070190
Jh2h 0.293318 294301 19605 1070190
Js2h 0.293318 294301 19605 1070190
Jh2s 0.293318 294301 19605 1070190
4c2d 0.29279 294671 18669.5 1070190
4c2h 0.292314 294214 18618 1070190
4c2s 0.292314 294214 18618 1070190
Td3c 0.290436 290813 20009 1070190
4d2c 0.290393 292118 18658 1070190
4s2c 0.28997 291720 18603 1070190
4h2c 0.28997 291720 18603 1070190
Ts3c 0.28985 290258 19936.5 1070190
Th3c 0.28985 290258 19936.5 1070190
Tc2d 0.284402 284958 19406.5 1070190
Td2d 0.284277 286083 18147.5 1070190
Tc2h 0.28386 284408 19376.5 1070190
Tc2s 0.28386 284408 19376.5 1070190
3d2d 0.283394 286369 16916 1070190
9d4d 0.278194 278701 19019.5 1070190
3c2d 0.277655 279281 17863 1070190
Td4s 0.277361 275943 20886 1070190
Td4h 0.277361 275943 20886 1070190
9c4d 0.277284 276461 20286 1070190
Ts4d 0.277258 275868 20851 1070190
Th4d 0.277258 275868 20851 1070190
3c2h 0.277187 278831 17811.5 1070190
3c2s 0.277187 278831 17811.5 1070190
9c4h 0.276821 275999 20252.5 1070190
9c4s 0.276821 275999 20252.5 1070190
Th4s 0.27677 275382 20814 1070190
Ts4h 0.27677 275382 20814 1070190
Th4h 0.27677 275382 20814 1070190
Ts4s 0.27677 275382 20814 1070190
3d2c 0.276516 278056 17869 1070190
3s2c 0.276079 277639 17817.5 1070190
3h2c 0.276079 277639 17817.5 1070190
Td2c 0.275695 275930 19115.5 1070190
9d3d 0.275454 275769 19019.5 1070190
Ts2c 0.275114 275381 19043.5 1070190
Th2c 0.275114 275381 19043.5 1070190
9c3d 0.274356 273327 20286 1070190
9c3h 0.273864 272834 20252.5 1070190
9c3s 0.273864 272834 20252.5 1070190
9d4c 0.272368 271479 20006 1070190
9h4c 0.271801 270944 19934.5 1070190
9s4c 0.271801 270944 19934.5 1070190
9d3c 0.268171 266988 20006 1070190
9s3c 0.267604 266453 19934.5 1070190
9h3c 0.267604 266453 19934.5 1070190
4s2d 0.265872 265889 18644.5 1070190
4h2d 0.265872 265889 18644.5 1070190
4d2h 0.26582 265830 18648 1070190
4d2s 0.26582 265830 18648 1070190
4s2h 0.265397 265432 18593 1070190
4h2h 0.265397 265432 18593 1070190
4s2s 0.265397 265432 18593 1070190
4h2s 0.265397 265432 18593 1070190
Td3s 0.263706 262055 20161 1070190
Td3h 0.263706 262055 20161 1070190
Ts3d 0.263635 262018 20122 1070190
Th3d 0.263635 262018 20122 1070190
Th3h 0.26312 261500 20088.5 1070190
Th3s 0.26312 261500 20088.5 1070190
Ts3h 0.26312 261500 20088.5 1070190
Ts3s 0.26312 261500 20088.5 1070190
9d2d 0.262456 262707 18171 1070190
9c2d 0.260947 259855 19407.5 1070190
9c2s 0.260429 259331 19377.5 1070190
9c2h 0.260429 259331 19377.5 1070190
9d2c 0.25348 252159 19112.5 1070190
9s2c 0.252919 251630 19041.5 1070190
9h2c 0.252919 251630 19041.5 1070190
3s2d 0.251452 251272 17829.5 1070190
3h2d 0.251452 251272 17829.5 1070190
3d2s 0.251421 251239 17829.5 1070190
3d2h 0.251421 251239 17829.5 1070190
3h2h 0.250983 250822 17778 1070190
3h2s 0.250983 250822 17778 1070190
3s2s 0.250983 250822 17778 1070190
3s2h 0.250983 250822 17778 1070190
Td2h 0.24969 247960 19256 1070190
Td2s 0.24969 247960 19256 1070190
Ts2d 0.249652 247961 19214 1070190
Th2d 0.249652 247961 19214 1070190
Th2h 0.24911 247411 19184 1070190
Ts2s 0.24911 247411 19184 1070190
Ts2h 0.24911 247411 19184 1070190
Th2s 0.24911 247411 19184 1070190
8d3d 0.248086 247833 17666.5 1070190
8d2d 0.24542 244980 17666.5 1070190
8c3d 0.245226 243591 18847 1070190
8c3h 0.24476 243123 18817 1070190
8c3s 0.24476 243123 18817 1070190
9d4h 0.244351 241318 20184.5 1070190
9d4s 0.244351 241318 20184.5 1070190
9s4d 0.244248 241245 20146.5 1070190
9h4d 0.244248 241245 20146.5 1070190
9s4h 0.243785 240783 20113 1070190
9s4s 0.243785 240783 20113 1070190
9h4h 0.243785 240783 20113 1070190
9h4s 0.243785 240783 20113 1070190
8c2d 0.242388 240554 18847 1070190
8c2h 0.241894 240056 18817 1070190
8c2s 0.241894 240056 18817 1070190
9d3s 0.241302 238054 20184.5 1070190
9d3h 0.241302 238054 20184.5 1070190
9h3d 0.241227 238012 20146.5 1070190
9s3d 0.241227 238012 20146.5 1070190
9h3s 0.240735 237519 20113 1070190
9h3h 0.240735 237519 20113 1070190
9s3h 0.240735 237519 20113 1070190
9s3s 0.240735 237519 20113 1070190
8d3c 0.240325 238627 18566.5 1070190
8s3c 0.239789 238121 18499 1070190
8h3c 0.239789 238121 18499 1070190
8d2c 0.236187 234198 18566.5 1070190
8h2c 0.235651 233692 18499 1070190
8s2c 0.235651 233692 18499 1070190
9d2h 0.227344 224022 19279.5 1070190
9d2s 0.227344 224022 19279.5 1070190
9h2d 0.227301 224017 19238.5 1070190
9s2d 0.227301 224017 19238.5 1070190
9s2h 0.226784 223493 19208.5 1070190
9s2s 0.226784 223493 19208.5 1070190
9h2s 0.226784 223493 19208.5 1070190
9h2h 0.226784 223493 19208.5 1070190
7d2d 0.223821 223914 15617.5 1070190
7c2d 0.219206 217925 16667.5 1070190
7c2h 0.218741 217453 16641 1070190
7c2s 0.218741 217453 16641 1070190
7d2c 0.214227 212854 16410 1070190
7h2c 0.213725 212376 16350 1070190
7s2c 0.213725 212376 16350 1070190
8d3s 0.212968 209171 18745 1070190
8d3h 0.212968 209171 18745 1070190
8s3d 0.212897 209133 18707.5 1070190
8h3d 0.212897 209133 18707.5 1070190
8s3s 0.212432 208665 18677.5 1070190
8h3h 0.212432 208665 18677.5 1070190
8h3s 0.212432 208665 18677.5 1070190
8s3h 0.212432 208665 18677.5 1070190
8d2s 0.210009 206005 18745 1070190
8d2h 0.210009 206005 18745 1070190
8h2d 0.209967 205997 18707.5 1070190
8s2d 0.209967 205997 18707.5 1070190
8s2s 0.209474 205499 18677.5 1070190
8h2h 0.209474 205499 18677.5 1070190
8h2s 0.209474 205499 18677.5 1070190
8s2h 0.209474 205499 18677.5 1070190
7d2h 0.187703 184310 16567.5 1070190
7d2s 0.187703 184310 16567.5 1070190
7s2d 0.187666 184304 16534 1070190
7h2d 0.187666 184304 16534 1070190
7s2h 0.1872 183832 16507.5 1070190
7s2s 0.1872 183832 16507.5 1070190
7h2h 0.1872 183832 16507.5 1070190
7h2s 0.1872 183832 16507.5 1070190
