7s7c 0.926887 991881 64.5 1070190
7h7c 0.926887 991881 64.5 1070190
AsAd 0.924727 989634 0 1070190
AhAd 0.924727 989634 0 1070190
AsAh 0.92436 989241 0 1070190
7s7h 0.916075 980310 64.5 1070190
5s5d 0.910316 974091 120 1070190
5h5d 0.910316 974091 120 1070190
5s5h 0.90994 973689 120 1070190
Ad7c 0.898536 958824 2780 1070190
Ah7c 0.898084 958341 2780 1070190
As7c 0.898084 958341 2780 1070190
Ad7h 0.886731 946146 2825 1070190
Ad7s 0.886731 946146 2825 1070190
Ah7h 0.88628 945663 2825 1070190
Ah7s 0.88628 945663 2825 1070190
As7h 0.88628 945663 2825 1070190
As7s 0.88628 945663 2825 1070190
Ad5d 0.876603 932760 5372 1070190
Ah5d 0.871039 926715 5462 1070190
As5d 0.871039 926715 5462 1070190
Ad5s 0.87103 926706 5462 1070190
Ad5h 0.87103 926706 5462 1070190
Ah5s 0.870684 926358 5439.5 1070190
Ah5h 0.870684 926358 5439.5 1070190
As5s 0.870684 926358 5439.5 1070190
As5h 0.870684 926358 5439.5 1070190
AdKc 0.856084 912867 3306 1070190
AhKc 0.855321 912072 3283.5 1070190
AsKc 0.855321 912072 3283.5 1070190
AdQc 0.848641 904132 4075 1070190
AsQc 0.847914 903381 4048.5 1070190
AhQc 0.847914 903381 4048.5 1070190
AdJc 0.841759 896090 4752 1070190
7c5d 0.841553 894330 6291.5 1070190
7c5h 0.841135 893883 6291.5 1070190
7c5s 0.841135 893883 6291.5 1070190
AsJc 0.841068 895381 4722 1070190
AhJc 0.841068 895381 4722 1070190
AdKd 0.837603 893133 3261 1070190
Ad9c 0.835323 887295 6659 1070190
AdTc 0.834884 888147 5337 1070190
Ah9c 0.834692 886656 6623.5 1070190
As9c 0.834692 886656 6623.5 1070190
Ad8c 0.83449 885174 7889 1070190
AsTc 0.834228 887478 5304 1070190
AhTc 0.834228 887478 5304 1070190
Ah8c 0.833884 884563 7851.5 1070190
As8c 0.833884 884563 7851.5 1070190
AdQd 0.831708 886061 4025 1070190
AhKd 0.82914 883941 3396 1070190
AsKd 0.82914 883941 3396 1070190
AdKs 0.829078 883875 3396 1070190
AdKh 0.829078 883875 3396 1070190
7s5d 0.828558 880545 6170 1070190
7h5d 0.828558 880545 6170 1070190
AsKh 0.828314 883080 3373.5 1070190
AsKs 0.828314 883080 3373.5 1070190
AhKs 0.828314 883080 3373.5 1070190
AhKh 0.828314 883080 3373.5 1070190
7s5s 0.828141 880098 6170 1070190
7s5h 0.828141 880098 6170 1070190
7h5h 0.828141 880098 6170 1070190
7h5s 0.828141 880098 6170 1070190
Ad6c 0.827265 872173 13158 1070190
As6c 0.826704 871635 13095 1070190
Ah6c 0.826704 871635 13095 1070190
AdJd 0.826372 879677 4698 1070190
Ad8d 0.823577 873648 7736 1070190
AsQd 0.822984 876561 4188 1070190
AhQd 0.822984 876561 4188 1070190
Ad9d 0.822904 874110 6553.5 1070190
AdQh 0.822885 876451 4192 1070190
AdQs 0.822885 876451 4192 1070190
AsQs 0.822158 875700 4165.5 1070190
AsQh 0.822158 875700 4165.5 1070190
AhQs 0.822158 875700 4165.5 1070190
AhQh 0.822158 875700 4165.5 1070190
AdTd 0.820993 873339 5280 1070190
Ad4c 0.819582 861886 15222 1070190
Ad6d 0.819223 863844 12880.5 1070190
As4c 0.819056 861401 15145 1070190
Ah4c 0.819056 861401 15145 1070190
AsJd 0.81744 869931 4885.5 1070190
AhJd 0.81744 869931 4885.5 1070190
AdJs 0.817311 869785 4893 1070190
AdJh 0.817311 869785 4893 1070190
AhJs 0.81662 869076 4863 1070190
AhJh 0.81662 869076 4863 1070190
AsJs 0.81662 869076 4863 1070190
AsJh 0.81662 869076 4863 1070190
Ah8d 0.815168 864298 8087 1070190
As8d 0.815168 864298 8087 1070190
Ad8h 0.815017 864128 8095 1070190
Ad8s 0.815017 864128 8095 1070190
Ah8s 0.814411 863517 8057.5 1070190
Ah8h 0.814411 863517 8057.5 1070190
As8h 0.814411 863517 8057.5 1070190
As8s 0.814411 863517 8057.5 1070190
As9d 0.81414 864449 6835 1070190
Ah9d 0.81414 864449 6835 1070190
Ad9h 0.813978 864267 6844.5 1070190
Ad9s 0.813978 864267 6844.5 1070190
As9s 0.813348 863628 6809 1070190
Ah9s 0.813348 863628 6809 1070190
Ah9h 0.813348 863628 6809 1070190
As9h 0.813348 863628 6809 1070190
Ad3c 0.81316 855783 14453 1070190
Ah3c 0.812641 855305 14375.5 1070190
As3c 0.812641 855305 14375.5 1070190
Ad4d 0.812457 854530 14953.5 1070190
AsTd 0.811814 863307 5488.5 1070190
AhTd 0.811814 863307 5488.5 1070190
AdTh 0.81165 863121 5499 1070190
AdTs 0.81165 863121 5499 1070190
AhTh 0.810994 862452 5466 1070190
AsTh 0.810994 862452 5466 1070190
AhTs 0.810994 862452 5466 1070190
AsTs 0.810994 862452 5466 1070190
As6d 0.810962 854409 13474.5 1070190
Ah6d 0.810962 854409 13474.5 1070190
Ad6s 0.810795 854200 13504.5 1070190
Ad6h 0.810795 854200 13504.5 1070190
Kc7c 0.810334 861102 6109.5 1070190
As6h 0.810233 853662 13441.5 1070190
Ah6s 0.810233 853662 13441.5 1070190
Ah6h 0.810233 853662 13441.5 1070190
As6s 0.810233 853662 13441.5 1070190
Ad3d 0.80722 849649 14230 1070190
Ad2c 0.806652 849707 13564 1070190
As2c 0.80614 849236 13487 1070190
Ah2c 0.80614 849236 13487 1070190
Qc7c 0.803918 853824 6520.5 1070190
Ah4d 0.80391 844704 15632 1070190
As4d 0.80391 844704 15632 1070190
Ad4h 0.803721 844460 15674.5 1070190
Ad4s 0.803721 844460 15674.5 1070190
Ah4s 0.803196 843975 15597.5 1070190
Ah4h 0.803196 843975 15597.5 1070190
As4s 0.803196 843975 15597.5 1070190
As4h 0.803196 843975 15597.5 1070190
Ad2d 0.801873 844768 13388.5 1070190
As3d 0.798119 839282 14856.5 1070190
Ah3d 0.798119 839282 14856.5 1070190
Ad3h 0.79789 838991 14903 1070190
Ad3s 0.79789 838991 14903 1070190
Jc7c 0.797769 846629 7135.5 1070190
As3s 0.797371 838513 14825.5 1070190
As3h 0.797371 838513 14825.5 1070190
Ah3s 0.797371 838513 14825.5 1070190
Ah3h 0.797371 838513 14825.5 1070190
As2d 0.792211 833860 13956 1070190
Ah2d 0.792211 833860 13956 1070190
Ad2h 0.791941 833522 14005.5 1070190
Ad2s 0.791941 833522 14005.5 1070190
Tc7c 0.791822 839517 7882.5 1070190
Ah2h 0.791429 833051 13928.5 1070190
Ah2s 0.791429 833051 13928.5 1070190
As2s 0.791429 833051 13928.5 1070190
As2h 0.791429 833051 13928.5 1070190
9c7c 0.791066 837406 9185 1070190
8c7c 0.789723 834678 10475.5 1070190
7c6c 0.781591 824913 11538 1070190
7c4c 0.776319 817675 13134 1070190
7c3c 0.772352 813889 12674.5 1070190
KdKc 0.769875 823440 472.5 1070190
KsKc 0.769104 822615 472.5 1070190
KhKc 0.769104 822615 472.5 1070190
7c2c 0.76871 810523 12143 1070190
QdQc 0.750336 802530 472.5 1070190
QhQc 0.749565 801705 472.5 1070190
QsQc 0.749565 801705 472.5 1070190
KsKd 0.740121 791598 472.5 1070190
KhKd 0.740121 791598 472.5 1070190
KsKh 0.73935 790773 472.5 1070190
JdJc 0.731441 782308 472.5 1070190
JsJc 0.730675 781489 472.5 1070190
JhJc 0.730675 781489 472.5 1070190
QsQd 0.721413 771576 472.5 1070190
QhQd 0.721413 771576 472.5 1070190
QsQh 0.720642 770751 472.5 1070190
TdTc 0.711954 761454 472.5 1070190
ThTc 0.711189 760635 472.5 1070190
TsTc 0.711189 760635 472.5 1070190
JsJd 0.703405 752304 472.5 1070190
JhJd 0.703405 752304 472.5 1070190
9d9c 0.702752 751021 1057.5 1070190
JsJh 0.702639 751485 472.5 1070190
9s9c 0.702013 750234 1053.5 1070190
9h9c 0.702013 750234 1053.5 1070190
Kc7h 0.698453 738816 8661 1070190
Kc7s 0.698453 738816 8661 1070190
8d8c 0.693686 740733 1642.5 1070190
8h8c 0.692978 739984 1634.5 1070190
8s8c 0.692978 739984 1634.5 1070190
Qc7h 0.692277 731691 9177 1070190
Qc7s 0.692277 731691 9177 1070190
Kd7c 0.690787 730401 8872.5 1070190
Ks7c 0.689949 729504 8872.5 1070190
Kh7c 0.689949 729504 8872.5 1070190
KcQc 0.688379 729979 6717.5 1070190
Jc7s 0.686201 724333 10032 1070190
Jc7h 0.686201 724333 10032 1070190
Qd7c 0.685856 724576 9420.5 1070190
Qh7c 0.685018 723679 9420.5 1070190
Qs7c 0.685018 723679 9420.5 1070190
TsTd 0.684696 732282 472.5 1070190
ThTd 0.684696 732282 472.5 1070190
TsTh 0.68393 731463 472.5 1070190
8c7s 0.682945 715733 15148 1070190
8c7h 0.682945 715733 15148 1070190
8d7c 0.682264 714557 15595.5 1070190
9c7s 0.682106 716852 13131.5 1070190
9c7h 0.682106 716852 13131.5 1070190
KcJc 0.681702 722207 7344 1070190
8s7c 0.681495 713742 15587.5 1070190
8h7c 0.681495 713742 15587.5 1070190
Jd7c 0.681051 718530 10324.5 1070190
Jh7c 0.680219 717639 10324.5 1070190
Js7c 0.680219 717639 10324.5 1070190
Tc7h 0.679881 716490 11112 1070190
Tc7s 0.679881 716490 11112 1070190
9d7c 0.679753 713933 13532 1070190
9h7c 0.67895 713077 13528 1070190
9s7c 0.67895 713077 13528 1070190
9h9d 0.677001 723470 1049.5 1070190
9s9d 0.677001 723470 1049.5 1070190
9s9h 0.676262 722683 1045.5 1070190
Td7c 0.675919 711897 11464.5 1070190
KcTc 0.675309 714828 7881 1070190
Th7c 0.675086 711006 11464.5 1070190
Ts7c 0.675086 711006 11464.5 1070190
7c6d 0.673617 703579 17319 1070190
7c6s 0.672877 702799 17307 1070190
7c6h 0.672877 702799 17307 1070190
7h6c 0.67132 701599 16840.5 1070190
7s6c 0.67132 701599 16840.5 1070190
Kc9c 0.670356 708597 8811 1070190
Kc8c 0.670142 707528 9651.5 1070190
8s8d 0.669485 714850 1626.5 1070190
8h8d 0.669485 714850 1626.5 1070190
8s8h 0.668778 714101 1618.5 1070190
Kd7h 0.668166 706530 8535 1070190
Kd7s 0.668166 706530 8535 1070190
Ks7s 0.667328 705633 8535 1070190
Kh7h 0.667328 705633 8535 1070190
Kh7s 0.667328 705633 8535 1070190
Ks7h 0.667328 705633 8535 1070190
7c4d 0.665193 692250 19633 1070190
7c4s 0.664453 691470 19621 1070190
7c4h 0.664453 691470 19621 1070190
Qd7h 0.663362 700860 9063 1070190
Qd7s 0.663362 700860 9063 1070190
Qh7s 0.662523 699963 9063 1070190
Qh7h 0.662523 699963 9063 1070190
Qs7s 0.662523 699963 9063 1070190
Qs7h 0.662523 699963 9063 1070190
7h4c 0.662123 689534 19063.5 1070190
7s4c 0.662123 689534 19063.5 1070190
8d7h 0.660698 691903 15169 1070190
8d7s 0.660698 691903 15169 1070190
8h7h 0.659929 691088 15161 1070190
8h7s 0.659929 691088 15161 1070190
8s7s 0.659929 691088 15161 1070190
8s7h 0.659929 691088 15161 1070190
Kc6c 0.65911 691250 14122.5 1070190
Jd7s 0.658694 694989 9939 1070190
Jd7h 0.658694 694989 9939 1070190
9d7h 0.657905 690974 13109 1070190
9d7s 0.657905 690974 13109 1070190
Jh7h 0.657862 694098 9939 1070190
Jh7s 0.657862 694098 9939 1070190
Js7h 0.657862 694098 9939 1070190
Js7s 0.657862 694098 9939 1070190
7c3d 0.65766 684940 18881.5 1070190
9s7s 0.657101 690118 13105 1070190
9h7h 0.657101 690118 13105 1070190
9h7s 0.657101 690118 13105 1070190
9s7h 0.657101 690118 13105 1070190
7c3h 0.656886 684119 18873.5 1070190
7c3s 0.656886 684119 18873.5 1070190
7h3c 0.653807 681406 18292 1070190
7s3c 0.653807 681406 18292 1070190
Td7h 0.653688 688524 11046 1070190
Td7s 0.653688 688524 11046 1070190
Ts7h 0.652855 687633 11046 1070190
Ts7s 0.652855 687633 11046 1070190
Th7s 0.652855 687633 11046 1070190
Th7h 0.652855 687633 11046 1070190
7s6d 0.651883 680746 16893 1070190
7h6d 0.651883 680746 16893 1070190
7s6h 0.651143 679966 16881 1070190
7s6s 0.651143 679966 16881 1070190
7h6s 0.651143 679966 16881 1070190
7h6h 0.651143 679966 16881 1070190
7c2d 0.650716 678380 18010 1070190
7c2h 0.649907 677518 18006 1070190
7c2s 0.649907 677518 18006 1070190
Kc4c 0.646726 676399 15721 1070190
7s2c 0.646114 674058 17406.5 1070190
7h2c 0.646114 674058 17406.5 1070190
7s4d 0.64334 669349 19147.5 1070190
7h4d 0.64334 669349 19147.5 1070190
7h4h 0.6426 668569 19135.5 1070190
7s4h 0.6426 668569 19135.5 1070190
7h4s 0.6426 668569 19135.5 1070190
7s4s 0.6426 668569 19135.5 1070190
8c6c 0.642095 675185 11979 1070190
QcJc 0.640523 678251 7230.5 1070190
Kc3c 0.639812 669428 15292 1070190
7h3d 0.635587 661835 18364 1070190
7s3d 0.635587 661835 18364 1070190
7s3h 0.634813 661014 18356 1070190
7h3s 0.634813 661014 18356 1070190
7s3s 0.634813 661014 18356 1070190
7h3h 0.634813 661014 18356 1070190
QcTc 0.63413 670872 7767.5 1070190
Kc2c 0.632646 662295 14756 1070190
Qc8c 0.629564 664215 9538 1070190
Qc9c 0.62941 664891 8697.5 1070190
7s2d 0.628462 655110 17463.5 1070190
7h2d 0.628462 655110 17463.5 1070190
7s2s 0.627653 654248 17459.5 1070190
7h2h 0.627653 654248 17459.5 1070190
7h2s 0.627653 654248 17459.5 1070190
7s2h 0.627653 654248 17459.5 1070190
Kc5d 0.624262 658824 9255 1070190
Kc5s 0.623507 658038 9232.5 1070190
Kc5h 0.623507 658038 9232.5 1070190
Qc6c 0.618899 648330 14009 1070190
Qc5d 0.616769 650347 9713 1070190
Qc5h 0.616051 649605 9686.5 1070190
Qc5s 0.616051 649605 9686.5 1070190
9c8c 0.610263 644411 8686.5 1070190
Kd5d 0.609936 643344 9403.5 1070190
Jc5d 0.609498 641752 10527 1070190
6d6c 0.609284 649687 2362.5 1070190
Jc5h 0.608819 641059 10493.5 1070190
Jc5s 0.608819 641059 10493.5 1070190
6h6c 0.608603 648970 2350.5 1070190
6s6c 0.608603 648970 2350.5 1070190
6c4c 0.607512 636376 13777 1070190
Qc4c 0.606554 633520 15607.5 1070190
8c5d 0.606535 633545 15563 1070190
8c5s 0.60595 632981 15500.5 1070190
8c5h 0.60595 632981 15500.5 1070190
JcTc 0.605254 640172 7564.5 1070190
9c5d 0.604776 633653 13572 1070190
9c5h 0.604165 633052 13519.5 1070190
9c5s 0.604165 633052 13519.5 1070190
Qd5d 0.603863 636417 9831 1070190
6c5d 0.602462 625016 19732.5 1070190
Tc5d 0.602119 632805 11577 1070190
6c5s 0.601912 624518 19642.5 1070190
6c5h 0.601912 624518 19642.5 1070190
Tc5s 0.60148 632163 11534.5 1070190
Tc5h 0.60148 632163 11534.5 1070190
Jc8c 0.60052 633336 9335 1070190
Jc9c 0.600267 633905 8494.5 1070190
Qc3c 0.599272 626156 15178.5 1070190
8d5d 0.599238 625842 15456 1070190
Jd5d 0.598033 629397 10611.5 1070190
6d5d 0.597983 620466 19489.5 1070190
9d5d 0.596076 624373 13542 1070190
9c6c 0.594432 624070 12085 1070190
4c3c 0.592132 619269 14425 1070190
Td5d 0.592066 621996 11627 1070190
Qc2c 0.591738 618630 14642.5 1070190
Kd5h 0.589041 620847 9538.5 1070190
Kd5s 0.589041 620847 9538.5 1070190
Kh5d 0.589013 620817 9538.5 1070190
Ks5d 0.589013 620817 9538.5 1070190
Kh5s 0.588257 620031 9516 1070190
Kh5h 0.588257 620031 9516 1070190
Ks5h 0.588257 620031 9516 1070190
Ks5s 0.588257 620031 9516 1070190
6h6d 0.586851 625708 2334 1070190
6s6d 0.586851 625708 2334 1070190
6s6h 0.58617 624991 2322 1070190
5d4c 0.585489 606599 19986 1070190
5h4c 0.584948 606112 19893 1070190
5s4c 0.584948 606112 19893 1070190
Jc6c 0.583515 610666 13806 1070190
Qd5s 0.582915 613836 9994 1070190
Qd5h 0.582915 613836 9994 1070190
Qh5d 0.58285 613762 9998 1070190
Qs5d 0.58285 613762 9998 1070190
Qs5h 0.582132 613020 9971.5 1070190
Qh5s 0.582132 613020 9971.5 1070190
Qs5s 0.582132 613020 9971.5 1070190
Qh5h 0.582132 613020 9971.5 1070190
5d4d 0.582079 603185 19750.5 1070190
8d5h 0.579395 604081 15982 1070190
8d5s 0.579395 604081 15982 1070190
8s5d 0.579262 603905 16015 1070190
8h5d 0.579262 603905 16015 1070190
8s5h 0.578676 603341 15952.5 1070190
8s5s 0.578676 603341 15952.5 1070190
8h5s 0.578676 603341 15952.5 1070190
8h5h 0.578676 603341 15952.5 1070190
6d5s 0.578516 598850 20272.5 1070190
6d5h 0.578516 598850 20272.5 1070190
6h5d 0.578373 598640 20329.5 1070190
6s5d 0.578373 598640 20329.5 1070190
6h5s 0.577824 598142 20239.5 1070190
6h5h 0.577824 598142 20239.5 1070190
6s5h 0.577824 598142 20239.5 1070190
6s5s 0.577824 598142 20239.5 1070190
Jd5s 0.577038 606717 10823.5 1070190
Jd5h 0.577038 606717 10823.5 1070190
Jh5d 0.576939 606600 10834.5 1070190
Js5d 0.576939 606600 10834.5 1070190
Jh5h 0.57626 605907 10801 1070190
Js5h 0.57626 605907 10801 1070190
Js5s 0.57626 605907 10801 1070190
Jh5s 0.57626 605907 10801 1070190
9d5h 0.575631 602092 13942.5 1070190
9d5s 0.575631 602092 13942.5 1070190
9s5d 0.57549 601915 13969 1070190
9h5d 0.57549 601915 13969 1070190
5d3c 0.575448 596682 19157 1070190
5h3c 0.574914 596203 19064 1070190
5s3c 0.574914 596203 19064 1070190
9s5s 0.57488 601314 13916.5 1070190
9s5h 0.57488 601314 13916.5 1070190
9h5h 0.57488 601314 13916.5 1070190
9h5s 0.57488 601314 13916.5 1070190
5d3d 0.573292 594563 18968 1070190
Jc4c 0.571307 596003 15404.5 1070190
Td5h 0.570948 599121 11902 1070190
Td5s 0.570948 599121 11902 1070190
Ts5d 0.57081 598953 11922 1070190
Th5d 0.57081 598953 11922 1070190
Ts5s 0.57017 598311 11879.5 1070190
Ts5h 0.57017 598311 11879.5 1070190
Th5h 0.57017 598311 11879.5 1070190
Th5s 0.57017 598311 11879.5 1070190
Tc8c 0.569814 601249 8560 1070190
Tc9c 0.56946 601711 7719.5 1070190
5d2c 0.566161 587632 18268 1070190
5h2c 0.565635 587161 18175.5 1070190
5s2c 0.565635 587161 18175.5 1070190
5d2d 0.565218 586764 18126.5 1070190
Jc3c 0.563792 588389 14975.5 1070190
8c4c 0.563471 589487 13534 1070190
5h4d 0.561737 580624 20541 1070190
5s4d 0.561737 580624 20541 1070190
5d4s 0.561594 580413 20599.5 1070190
5d4h 0.561594 580413 20599.5 1070190
5h4h 0.561052 579926 20506.5 1070190
5s4s 0.561052 579926 20506.5 1070190
5h4s 0.561052 579926 20506.5 1070190
5s4h 0.561052 579926 20506.5 1070190
Jc2c 0.556025 580613 14439.5 1070190
Tc6c 0.552908 578686 13031 1070190
5s3d 0.552173 571227 19703 1070190
5h3d 0.552173 571227 19703 1070190
5d3h 0.551991 570970 19765 1070190
5d3s 0.551991 570970 19765 1070190
5s3s 0.551456 570491 19672 1070190
5s3h 0.551456 570491 19672 1070190
5h3h 0.551456 570491 19672 1070190
5h3s 0.551456 570491 19672 1070190
5h2d 0.543375 562712 18802.5 1070190
5s2d 0.543375 562712 18802.5 1070190
5d2s 0.543153 562409 18867.5 1070190
5d2h 0.543153 562409 18867.5 1070190
5s2s 0.542626 561938 18775 1070190
5s2h 0.542626 561938 18775 1070190
5h2h 0.542626 561938 18775 1070190
5h2s 0.542626 561938 18775 1070190
Tc4c 0.540186 562990 15112 1070190
6c3c 0.536524 560253 13930 1070190
Tc3c 0.532571 555269 14683 1070190
Tc2c 0.524704 547386 14147 1070190
4c2c 0.520319 542459 14381 1070190
KcQd 0.517829 544651 9524.5 1070190
KcQh 0.517103 543896 9502 1070190
KcQs 0.517103 543896 9502 1070190
KdQc 0.516341 543075 9508.5 1070190
KhQc 0.515619 542328 9482 1070190
KsQc 0.515619 542328 9482 1070190
9c4c 0.515251 537044 14372.5 1070190
9c3c 0.513856 535551 14372.5 1070190
4d4c 0.513451 543639 5851.5 1070190
4h4c 0.512817 542974 5838 1070190
4s4c 0.512817 542974 5838 1070190
3c2c 0.511391 533369 13916.5 1070190
KcJd 0.50808 533255 10487 1070190
KcJh 0.507359 532506 10464.5 1070190
KcJs 0.507359 532506 10464.5 1070190
KdQd 0.506123 532472 9176 1070190
9c2c 0.506023 527704 13836.5 1070190
KdJc 0.505193 530206 10446.5 1070190
KsJc 0.504506 529501 10416.5 1070190
KhJc 0.504506 529501 10416.5 1070190
KcTd 0.498595 522279 11312 1070190
KcTh 0.497874 521530 11289.5 1070190
KcTs 0.497874 521530 11289.5 1070190
KdJd 0.49674 521513 10093 1070190
Kc8d 0.494569 515155 14127.5 1070190
KdTc 0.494387 517837 11250.5 1070190
Kc8s 0.493908 514477 14098 1070190
Kc8h 0.493908 514477 14098 1070190
KhTc 0.493734 517172 11217.5 1070190
KsTc 0.493734 517172 11217.5 1070190
Kc9d 0.492656 514447 12788.5 1070190
8c3c 0.492396 513592 13365 1070190
Kc9s 0.491964 513732 12762.5 1070190
Kc9h 0.491964 513732 12762.5 1070190
8c2c 0.491017 512116 13365 1070190
4s4d 0.488528 517007 5811 1070190
4h4d 0.488528 517007 5811 1070190
4s4h 0.487894 516342 5797.5 1070190
KdTd 0.487639 510987 10879 1070190
Kd8c 0.486908 507015 14069.5 1070190
Kd9c 0.486728 508164 12727 1070190
Kh8c 0.486308 506410 14032 1070190
Ks8c 0.486308 506410 14032 1070190
Kh9c 0.486102 507530 12691.5 1070190
Ks9c 0.486102 507530 12691.5 1070190
3d3c 0.485521 514333 5266.5 1070190
3h3c 0.484856 513631 5257 1070190
3s3c 0.484856 513631 5257 1070190
Kd8d 0.483457 503804 13587 1070190
Kc6d 0.482804 495735 20957 1070190
Kc6h 0.482169 495088 20924 1070190
Kc6s 0.482169 495088 20924 1070190
Kd9d 0.481697 503209 12298.5 1070190
KhQd 0.480874 505204 9422.5 1070190
KsQd 0.480874 505204 9422.5 1070190
KdQs 0.48087 505196 9426.5 1070190
KdQh 0.48087 505196 9426.5 1070190
KsQs 0.480147 504449 9400 1070190
KhQh 0.480147 504449 9400 1070190
KhQs 0.480147 504449 9400 1070190
KsQh 0.480147 504449 9400 1070190
8c6d 0.477494 493879 17130 1070190
8c6h 0.476884 493265 17091.5 1070190
8c6s 0.476884 493265 17091.5 1070190
8d6d 0.474579 491453 16436.5 1070190
8d6c 0.474189 490535 16937 1070190
8h6c 0.47359 489957 16874 1070190
8s6c 0.47359 489957 16874 1070190
Kd6d 0.471634 484723 20015.5 1070190
Kd6c 0.471623 484015 20711 1070190
KsJd 0.471126 493816 10378 1070190
KhJd 0.471126 493816 10378 1070190
KdJs 0.471092 493772 10385.5 1070190
KdJh 0.471092 493772 10385.5 1070190
Kh6c 0.471068 483484 20648 1070190
Ks6c 0.471068 483484 20648 1070190
KhJh 0.470405 493067 10355.5 1070190
KhJs 0.470405 493067 10355.5 1070190
KsJh 0.470405 493067 10355.5 1070190
KsJs 0.470405 493067 10355.5 1070190
Kc4d 0.465855 475012 23541 1070190
Kc4h 0.465282 474432 23508 1070190
Kc4s 0.465282 474432 23508 1070190
6c2c 0.462325 481819 12957 1070190
KhTd 0.461639 482844 11197 1070190
KsTd 0.461639 482844 11197 1070190
KdTh 0.46157 482760 11207.5 1070190
KdTs 0.46157 482760 11207.5 1070190
KsTh 0.460918 482095 11174.5 1070190
KsTs 0.460918 482095 11174.5 1070190
KhTs 0.460918 482095 11174.5 1070190
KhTh 0.460918 482095 11174.5 1070190
3s3d 0.460469 487555 5234 1070190
3h3d 0.460469 487555 5234 1070190
3s3h 0.459804 486853 5224.5 1070190
Kh8d 0.457994 476078 14062.5 1070190
Ks8d 0.457994 476078 14062.5 1070190
Kd8h 0.457933 476005 14070.5 1070190
Kd8s 0.457933 476005 14070.5 1070190
Kh8s 0.457333 475400 14033 1070190
Kh8h 0.457333 475400 14033 1070190
Ks8s 0.457333 475400 14033 1070190
Ks8h 0.457333 475400 14033 1070190
2d2c 0.45629 483635 4681.5 1070190
Ks9d 0.455715 475004 12698 1070190
Kh9d 0.455715 475004 12698 1070190
Kd9s 0.455649 474923 12707.5 1070190
Kd9h 0.455649 474923 12707.5 1070190
2s2c 0.455594 482896 4676 1070190
2h2c 0.455594 482896 4676 1070190
Kh9s 0.455023 474289 12672 1070190
Ks9s 0.455023 474289 12672 1070190
Ks9h 0.455023 474289 12672 1070190
Kh9h 0.455023 474289 12672 1070190
Kd4d 0.454357 463801 22447 1070190
Kc3d 0.453881 462897 22841.5 1070190
Kc3s 0.453278 462282 22812 1070190
Kc3h 0.453278 462282 22812 1070190
Kd4c 0.453127 461726 23205.5 1070190
Kh4c 0.452601 461239 23130 1070190
Ks4c 0.452601 461239 23130 1070190
8s6d 0.451037 465787 16908.5 1070190
8h6d 0.451037 465787 16908.5 1070190
8d6h 0.451026 465751 16933 1070190
8d6s 0.451026 465751 16933 1070190
8s6h 0.450427 465173 16870 1070190
8s6s 0.450427 465173 16870 1070190
8h6s 0.450427 465173 16870 1070190
8h6h 0.450427 465173 16870 1070190
QcJd 0.449071 470248 10343.5 1070190
QcJh 0.448384 469535 10321 1070190
QcJs 0.448384 469535 10321 1070190
QdJc 0.447569 468679 10305 1070190
QhJc 0.446883 467974 10275.5 1070190
QsJc 0.446883 467974 10275.5 1070190
Ks6d 0.44641 456918 20825.5 1070190
Kh6d 0.44641 456918 20825.5 1070190
Kd6s 0.44633 456802 20855.5 1070190
Kd6h 0.44633 456802 20855.5 1070190
Kh6h 0.445775 456271 20792.5 1070190
Kh6s 0.445775 456271 20792.5 1070190
Ks6h 0.445775 456271 20792.5 1070190
Ks6s 0.445775 456271 20792.5 1070190
Kd3d 0.442755 452066 21766.5 1070190
Kc2d 0.441557 450587 21963 1070190
Kc2h 0.440925 449937 21937 1070190
Kc2s 0.440925 449937 21937 1070190
QdJd 0.440725 461702 9957.5 1070190
Kd3c 0.440145 448553 22486 1070190
Ks3c 0.439625 448072 22410 1070190
Kh3c 0.439625 448072 22410 1070190
QcTd 0.439586 459272 11168.5 1070190
QcTs 0.438899 458559 11146 1070190
QcTh 0.438899 458559 11146 1070190
QdTc 0.436763 456310 11109 1070190
Qc8d 0.436538 453195 13984 1070190
QsTc 0.436111 455645 11076.5 1070190
QhTc 0.436111 455645 11076.5 1070190
Qc8h 0.435909 452551 13954.5 1070190
Qc8s 0.435909 452551 13954.5 1070190
Qc9d 0.434028 451847 12645 1070190
Qc9s 0.433368 451167 12619 1070190
Qc9h 0.433368 451167 12619 1070190
6d4d 0.432769 444376 18769 1070190
6c4d 0.432227 442983 19581.5 1070190
6c4s 0.431694 442458 19537 1070190
6c4h 0.431694 442458 19537 1070190
QdTd 0.431624 451176 10743.5 1070190
6d4c 0.431066 441890 19432.5 1070190
2h2d 0.431022 456618 4657 1070190
2s2d 0.431022 456618 4657 1070190
Kd2d 0.430804 440124 20918 1070190
6s4c 0.43052 441372 19366 1070190
6h4c 0.43052 441372 19366 1070190
2s2h 0.430326 455879 4651.5 1070190
Qd8c 0.430272 446545 13928 1070190
Qh8c 0.429672 445940 13891 1070190
Qs8c 0.429672 445940 13891 1070190
Qd9c 0.429489 447049 12585.5 1070190
Qs9c 0.428864 446415 12550.5 1070190
Qh9c 0.428864 446415 12550.5 1070190
Ks4d 0.428765 435466 23394.5 1070190
Kh4d 0.428765 435466 23394.5 1070190
Kd4h 0.428718 435373 23437 1070190
Kd4s 0.428718 435373 23437 1070190
Qd8d 0.428393 445010 13451.5 1070190
Ks4h 0.428193 434886 23361.5 1070190
Kh4h 0.428193 434886 23361.5 1070190
Ks4s 0.428193 434886 23361.5 1070190
Kh4s 0.428193 434886 23361.5 1070190
Kd2c 0.426825 435191 21592.5 1070190
Kh2c 0.42631 434716 21517 1070190
Ks2c 0.42631 434716 21517 1070190
Qd9d 0.426051 443793 12163 1070190
Qc6d 0.425372 434415 20813.5 1070190
Qc6h 0.424767 433801 20780.5 1070190
Qc6s 0.424767 433801 20780.5 1070190
9c8d 0.419898 436954 12416.5 1070190
9c8h 0.419289 436333 12386 1070190
9c8s 0.419289 436333 12386 1070190
9d8c 0.418301 435309 12352.5 1070190
9s8c 0.417683 434688 12312 1070190
9h8c 0.417683 434688 12312 1070190
Qd6d 0.417151 426551 19880 1070190
9d8d 0.417062 434364 11972 1070190
Ks3d 0.416326 422882 22665.5 1070190
Kh3d 0.416326 422882 22665.5 1070190
Kd3h 0.416244 422748 22712 1070190
Kd3s 0.416244 422748 22712 1070190
Ks3s 0.415723 422267 22636 1070190
Kh3s 0.415723 422267 22636 1070190
Ks3h 0.415723 422267 22636 1070190
Kh3h 0.415723 422267 22636 1070190
Qd6c 0.415589 424190 20569.5 1070190
Qs6c 0.415035 423659 20507 1070190
Qh6c 0.415035 423659 20507 1070190
QhJd 0.412332 431037 10237 1070190
QsJd 0.412332 431037 10237 1070190
QdJh 0.412331 431029 10244 1070190
QdJs 0.412331 431029 10244 1070190
QhJh 0.411645 430324 10214.5 1070190
QsJh 0.411645 430324 10214.5 1070190
QsJs 0.411645 430324 10214.5 1070190
QhJs 0.411645 430324 10214.5 1070190
Qc4d 0.408422 413692 23397.5 1070190
6d4h 0.408286 417506 19438 1070190
6d4s 0.408286 417506 19438 1070190
6h4d 0.408272 417513 19416 1070190
6s4d 0.408272 417513 19416 1070190
Qc4s 0.40788 413145 23364.5 1070190
Qc4h 0.40788 413145 23364.5 1070190
6h4h 0.40774 416988 19371.5 1070190
6h4s 0.40774 416988 19371.5 1070190
6s4h 0.40774 416988 19371.5 1070190
6s4s 0.40774 416988 19371.5 1070190
4d3d 0.407736 416638 19717.5 1070190
4c3d 0.405855 413834 20507.5 1070190
4c3h 0.405339 413338 20451.5 1070190
4c3s 0.405339 413338 20451.5 1070190
4d3c 0.404948 412875 20496 1070190
4s3c 0.404461 412413 20437 1070190
4h3c 0.404461 412413 20437 1070190
Kh2d 0.403525 410091 21757.5 1070190
Ks2d 0.403525 410091 21757.5 1070190
Kd2s 0.403408 409916 21807 1070190
Kd2h 0.403408 409916 21807 1070190
Kh2s 0.402893 409441 21731.5 1070190
Kh2h 0.402893 409441 21731.5 1070190
Ks2h 0.402893 409441 21731.5 1070190
Ks2s 0.402893 409441 21731.5 1070190
QhTd 0.402845 420065 11056 1070190
QsTd 0.402845 420065 11056 1070190
QdTs 0.40281 420017 11066 1070190
QdTh 0.40281 420017 11066 1070190
QsTh 0.402158 419352 11033.5 1070190
QhTs 0.402158 419352 11033.5 1070190
QsTs 0.402158 419352 11033.5 1070190
QhTh 0.402158 419352 11033.5 1070190
Qs8d 0.400215 414385 13921.5 1070190
Qh8d 0.400215 414385 13921.5 1070190
Qd8s 0.400186 414346 13929 1070190
Qd8h 0.400186 414346 13929 1070190
JcTd 0.399924 417107 10887.5 1070190
Qd4d 0.399873 405629 22311.5 1070190
9c6d 0.399848 410352 17561.5 1070190
Qs8h 0.399586 413741 13892 1070190
Qs8s 0.399586 413741 13892 1070190
Qh8s 0.399586 413741 13892 1070190
Qh8h 0.399586 413741 13892 1070190
9c6s 0.399266 409763 17527.5 1070190
9c6h 0.399266 409763 17527.5 1070190
JcTh 0.399265 416424 10865 1070190
JcTs 0.399265 416424 10865 1070190
JdTc 0.398524 415663 10833.5 1070190
JhTc 0.397873 414998 10802 1070190
JsTc 0.397873 414998 10802 1070190
Qh9d 0.397316 412647 12557 1070190
Qs9d 0.397316 412647 12557 1070190
Qd9h 0.397282 412601 12566 1070190
Qd9s 0.397282 412601 12566 1070190
9d6d 0.397153 408213 16816.5 1070190
Qd4c 0.397093 401901 23064 1070190
Qh9h 0.396657 411967 12531 1070190
Qh9s 0.396657 411967 12531 1070190
Qs9h 0.396657 411967 12531 1070190
Qs9s 0.396657 411967 12531 1070190
Jc8d 0.396599 410733 13703 1070190
Qh4c 0.396568 401414 22989 1070190
Qs4c 0.396568 401414 22989 1070190
Jc8h 0.395996 410117 13673.5 1070190
Jc8s 0.395996 410117 13673.5 1070190
Qc3d 0.39585 400937 22698 1070190
Qc3h 0.39528 400356 22668.5 1070190
Qc3s 0.39528 400356 22668.5 1070190
9d6c 0.394844 405193 17365 1070190
JdTd 0.394514 411728 10477 1070190
9h6c 0.39427 404637 17306.5 1070190
9s6c 0.39427 404637 17306.5 1070190
Jc9d 0.393925 409211 12364 1070190
Jc9h 0.393293 408560 12338 1070190
Jc9s 0.393293 408560 12338 1070190
Jd8c 0.39177 405616 13652.5 1070190
Jh8c 0.391172 405012 13616.5 1070190
Js8c 0.391172 405012 13616.5 1070190
Jd8d 0.391015 405275 13185 1070190
Jd9c 0.390819 405941 12310 1070190
Jh9c 0.390196 405308 12276 1070190
Js9c 0.390196 405308 12276 1070190
9d8s 0.389295 404325 12294.5 1070190
9d8h 0.389295 404325 12294.5 1070190
9h8d 0.389286 404325 12284.5 1070190
9s8d 0.389286 404325 12284.5 1070190
Qs6d 0.389252 395889 20684.5 1070190
Qh6d 0.389252 395889 20684.5 1070190
Qd6s 0.389202 395806 20714 1070190
Qd6h 0.389202 395806 20714 1070190
9s8h 0.388677 403704 12254 1070190
9s8s 0.388677 403704 12254 1070190
9h8h 0.388677 403704 12254 1070190
9h8s 0.388677 403704 12254 1070190
Qs6s 0.388647 395275 20651.5 1070190
Qs6h 0.388647 395275 20651.5 1070190
Qh6h 0.388647 395275 20651.5 1070190
Qh6s 0.388647 395275 20651.5 1070190
Jd9d 0.388517 403890 11896.5 1070190
Qd3d 0.387691 393272 21631 1070190
Qd3c 0.383509 388083 22344.5 1070190
Qs3c 0.382989 387602 22269 1070190
Qh3c 0.382989 387602 22269 1070190
Qc2d 0.382929 387987 21819.5 1070190
4s3d 0.382561 388987 20426 1070190
4h3d 0.382561 388987 20426 1070190
4d3h 0.382532 388953 20429 1070190
4d3s 0.382532 388953 20429 1070190
Qc2s 0.38233 387372 21793.5 1070190
Qc2h 0.38233 387372 21793.5 1070190
4s3h 0.382045 388491 20370 1070190
4s3s 0.382045 388491 20370 1070190
4h3h 0.382045 388491 20370 1070190
4h3s 0.382045 388491 20370 1070190
Qd2d 0.375158 380708 20782.5 1070190
Jc6d 0.375048 380840 20532.5 1070190
Jc6s 0.374474 380259 20499.5 1070190
Jc6h 0.374474 380259 20499.5 1070190
Qh4d 0.371607 374437 23253.5 1070190
Qs4d 0.371607 374437 23253.5 1070190
Qd4s 0.371591 374377 23295.5 1070190
Qd4h 0.371591 374377 23295.5 1070190
Qh4h 0.371065 373890 23220.5 1070190
Qh4s 0.371065 373890 23220.5 1070190
Qs4s 0.371065 373890 23220.5 1070190
Qs4h 0.371065 373890 23220.5 1070190
Jd6d 0.369588 375916 19613.5 1070190
Qd2c 0.369586 374076 21451 1070190
Qh2c 0.369072 373601 21376 1070190
Qs2c 0.369072 373601 21376 1070190
9h6d 0.369032 377553 17381 1070190
9s6d 0.369032 377553 17381 1070190
9d6s 0.369024 377520 17405.5 1070190
9d6h 0.369024 377520 17405.5 1070190
9s6s 0.36845 376964 17347 1070190
9s6h 0.36845 376964 17347 1070190
9h6h 0.36845 376964 17347 1070190
9h6s 0.36845 376964 17347 1070190
Jd6c 0.366694 372138 20294 1070190
Js6c 0.366144 371611 20232.5 1070190
Jh6c 0.366144 371611 20232.5 1070190
JsTd 0.364111 378889 10778.5 1070190
JhTd 0.364111 378889 10778.5 1070190
JdTs 0.364102 378871 10787.5 1070190
JdTh 0.364102 378871 10787.5 1070190
JsTs 0.363451 378206 10756 1070190
JhTh 0.363451 378206 10756 1070190
JhTs 0.363451 378206 10756 1070190
JsTh 0.363451 378206 10756 1070190
Js8d 0.361198 372906 13644 1070190
Jh8d 0.361198 372906 13644 1070190
Jd8s 0.361192 372894 13650.5 1070190
Jd8h 0.361192 372894 13650.5 1070190
Js8s 0.360594 372290 13614.5 1070190
Js8h 0.360594 372290 13614.5 1070190
Jh8h 0.360594 372290 13614.5 1070190
Jh8s 0.360594 372290 13614.5 1070190
Qh3d 0.358547 361189 22524.5 1070190
Qs3d 0.358547 361189 22524.5 1070190
Qd3h 0.358497 361089 22570.5 1070190
Qd3s 0.358497 361089 22570.5 1070190
Jc4d 0.358266 360296 23116.5 1070190
Jh9d 0.35813 370988 12279.5 1070190
Js9d 0.35813 370988 12279.5 1070190
Jd9h 0.358121 370970 12287.5 1070190
Jd9s 0.358121 370970 12287.5 1070190
Qh3s 0.357977 360608 22495 1070190
Qh3h 0.357977 360608 22495 1070190
Qs3h 0.357977 360608 22495 1070190
Qs3s 0.357977 360608 22495 1070190
Jc4s 0.357755 359782 23083.5 1070190
Jc4h 0.357755 359782 23083.5 1070190
Jh9h 0.357498 370337 12253.5 1070190
Jh9s 0.357498 370337 12253.5 1070190
Js9h 0.357498 370337 12253.5 1070190
Js9s 0.357498 370337 12253.5 1070190
8c4d 0.357349 362441 19990 1070190
8c4s 0.35685 361941 19956 1070190
8c4h 0.35685 361941 19956 1070190
8d4d 0.356477 362397 19101 1070190
Tc8d 0.352897 365171 12495.5 1070190
8d4c 0.352574 357611 19710 1070190
Jd4d 0.352467 355162 22045 1070190
Tc8h 0.352321 364581 12469.5 1070190
Tc8s 0.352321 364581 12469.5 1070190
8s4c 0.352056 357127 19639.5 1070190
8h4c 0.352056 357127 19639.5 1070190
Tc9d 0.350061 363475 11156.5 1070190
Td8d 0.349873 362408 12023 1070190
Tc9s 0.349457 362851 11134 1070190
Tc9h 0.349457 362851 11134 1070190
Td8c 0.349437 361528 12436.5 1070190
Ts8c 0.348841 360924 12402 1070190
Th8c 0.348841 360924 12402 1070190
Jd4c 0.34836 350023 22788.5 1070190
Td9c 0.348319 361674 11094 1070190
Js4c 0.347839 349539 22714.5 1070190
Jh4c 0.347839 349539 22714.5 1070190
Th9c 0.347698 361041 11061.5 1070190
Ts9c 0.347698 361041 11061.5 1070190
Td9d 0.347219 360856 10734.5 1070190
Jc3d 0.345313 347134 22417 1070190
Qs2d 0.345126 347734 21616.5 1070190
Qh2d 0.345126 347734 21616.5 1070190
Qd2s 0.345041 347594 21665.5 1070190
Qd2h 0.345041 347594 21665.5 1070190
Jc3h 0.344775 346587 22387.5 1070190
Jc3s 0.344775 346587 22387.5 1070190
Qs2s 0.344527 347119 21590.5 1070190
Qh2s 0.344527 347119 21590.5 1070190
Qs2h 0.344527 347119 21590.5 1070190
Qh2h 0.344527 347119 21590.5 1070190
Jd3d 0.339916 342410 21364.5 1070190
Jh6d 0.339404 342820 20407 1070190
Js6d 0.339404 342820 20407 1070190
Jd6h 0.33938 342766 20435.5 1070190
Jd6s 0.33938 342766 20435.5 1070190
Jh6s 0.33883 342239 20374 1070190
Js6h 0.33883 342239 20374 1070190
Js6s 0.33883 342239 20374 1070190
Jh6h 0.33883 342239 20374 1070190
Jd3c 0.334391 335793 22069 1070190
Js3c 0.333875 335315 21994.5 1070190
Jh3c 0.333875 335315 21994.5 1070190
Jc2d 0.332012 333777 21538.5 1070190
Tc6d 0.331508 335452 19325 1070190
Jc2s 0.331445 333197 21512.5 1070190
Jc2h 0.331445 333197 21512.5 1070190
Tc6h 0.330961 334896 19295.5 1070190
Tc6s 0.330961 334896 19295.5 1070190
Td6d 0.328604 333217 18451.5 1070190
8d4h 0.327184 330303 19846 1070190
8d4s 0.327184 330303 19846 1070190
8s4d 0.327165 330319 19809.5 1070190
8h4d 0.327165 330319 19809.5 1070190
Jd2d 0.327014 329451 20516 1070190
8s4h 0.326666 329819 19775.5 1070190
8h4s 0.326666 329819 19775.5 1070190
8h4h 0.326666 329819 19775.5 1070190
8s4s 0.326666 329819 19775.5 1070190
6d3d 0.324882 328474 19211 1070190
Td6c 0.324528 328229 19078 1070190
Ts6c 0.32398 327702 19018 1070190
Th6c 0.32398 327702 19018 1070190
Jd4h 0.321937 321517 23017 1070190
Jd4s 0.321937 321517 23017 1070190
Jh4d 0.321927 321547 22976 1070190
Js4d 0.321927 321547 22976 1070190
6c3d 0.321726 324214 20094 1070190
Js4s 0.321416 321033 22943 1070190
Js4h 0.321416 321033 22943 1070190
Jh4h 0.321416 321033 22943 1070190
Jh4s 0.321416 321033 22943 1070190
6c3h 0.321228 323719 20056.5 1070190
6c3s 0.321228 323719 20056.5 1070190
Jd2c 0.320083 321374 21175.5 1070190
Jh2c 0.319573 320902 21101.5 1070190
Js2c 0.319573 320902 21101.5 1070190
6d3c 0.319506 322014 19918.5 1070190
6s3c 0.319016 321554 19853.5 1070190
6h3c 0.319016 321554 19853.5 1070190
Td8h 0.318071 327976 12420 1070190
Td8s 0.318071 327976 12420 1070190
Ts8d 0.31805 327962 12411.5 1070190
Th8d 0.31805 327962 12411.5 1070190
Ts8s 0.317474 327372 12385.5 1070190
Ts8h 0.317474 327372 12385.5 1070190
Th8s 0.317474 327372 12385.5 1070190
Th8h 0.317474 327372 12385.5 1070190
Td9s 0.314832 325873 11057 1070190
Td9h 0.314832 325873 11057 1070190
Ts9d 0.314814 325864 11047 1070190
Th9d 0.314814 325864 11047 1070190
Th9h 0.31421 325240 11024.5 1070190
Th9s 0.31421 325240 11024.5 1070190
Ts9s 0.31421 325240 11024.5 1070190
Ts9h 0.31421 325240 11024.5 1070190
Tc4d 0.313827 313156 22698 1070190
Tc4s 0.313346 312675 22665 1070190
Tc4h 0.313346 312675 22665 1070190
Td4d 0.310597 310750 21647.5 1070190
Js3d 0.308472 307877 22247 1070190
Jh3d 0.308472 307877 22247 1070190
Jd3s 0.30845 307808 22292 1070190
Jd3h 0.30845 307808 22292 1070190
Js3s 0.307934 307330 22217.5 1070190
Js3h 0.307934 307330 22217.5 1070190
Jh3s 0.307934 307330 22217.5 1070190
Jh3h 0.307934 307330 22217.5 1070190
Td4c 0.305274 304322 22379 1070190
Ts4c 0.304754 303838 22306.5 1070190
Th4c 0.304754 303838 22306.5 1070190
Tc3d 0.300712 299820 21998.5 1070190
Tc3s 0.300205 299307 21969 1070190
Tc3h 0.300205 299307 21969 1070190
4d2d 0.298833 299872 19936 1070190
Td3d 0.297888 297830 20967 1070190
Td6h 0.296426 298027 19205 1070190
Td6s 0.296426 298027 19205 1070190
Th6d 0.296424 298056 19174.5 1070190
Ts6d 0.296424 298056 19174.5 1070190
Th6h 0.295877 297500 19145 1070190
Th6s 0.295877 297500 19145 1070190
Ts6h 0.295877 297500 19145 1070190
Ts6s 0.295877 297500 19145 1070190
Js2d 0.294657 294000 21339 1070190
Jh2d 0.294657 294000 21339 1070190
Jd2h 0.294601 293892 21387 1070190
Jd2s 0.294601 293892 21387 1070190
6s3d 0.294545 295258 19961 1070190
6h3d 0.294545 295258 19961 1070190
6d3s 0.294538 295223 19988.5 1070190
6d3h 0.294538 295223 19988.5 1070190
4c2d 0.294289 294180 20765 1070190
Jh2h 0.294091 293420 21313 1070190
Jh2s 0.294091 293420 21313 1070190
Js2h 0.294091 293420 21313 1070190
Js2s 0.294091 293420 21313 1070190
6h3s 0.294047 294763 19923.5 1070190
6h3h 0.294047 294763 19923.5 1070190
6s3s 0.294047 294763 19923.5 1070190
6s3h 0.294047 294763 19923.5 1070190
4c2h 0.293814 293723 20713.5 1070190
4c2s 0.293814 293723 20713.5 1070190
4d2c 0.292397 292161 20759.5 1070190
4s2c 0.291974 291763 20705 1070190
4h2c 0.291974 291763 20705 1070190
Td3c 0.291138 289913 21659.5 1070190
Ts3c 0.290623 289435 21586.5 1070190
Th3c 0.290623 289435 21586.5 1070190
Tc2d 0.287247 286289 21120 1070190
Tc2s 0.286714 285744 21094 1070190
Tc2h 0.286714 285744 21094 1070190
3d2d 0.285471 286313 19195.5 1070190
Td2d 0.284829 284703 20118.5 1070190
3c2d 0.279411 279039 19984 1070190
9c4d 0.279353 277363 21598 1070190
3c2h 0.278943 278589 19932.5 1070190
3c2s 0.278943 278589 19932.5 1070190
9c4h 0.2789 276907 21568.5 1070190
9c4s 0.2789 276907 21568.5 1070190
3d2c 0.278538 278099 19990 1070190
9d4d 0.278484 277440 20591 1070190
3h2c 0.278101 277682 19938.5 1070190
3s2c 0.278101 277682 19938.5 1070190
Td4s 0.278054 274969 22601.5 1070190
Td4h 0.278054 274969 22601.5 1070190
Th4d 0.278014 274966 22562 1070190
Ts4d 0.278014 274966 22562 1070190
Th4h 0.277534 274485 22529 1070190
Th4s 0.277534 274485 22529 1070190
Ts4s 0.277534 274485 22529 1070190
Ts4h 0.277534 274485 22529 1070190
Td2c 0.276662 275315 20766 1070190
9c3d 0.276425 274229 21598 1070190
Th2c 0.276153 274843 20693.5 1070190
Ts2c 0.276153 274843 20693.5 1070190
9c3h 0.275942 273742 21568.5 1070190
9c3s 0.275942 273742 21568.5 1070190
9d3d 0.275739 274502 20591 1070190
9d4c 0.272482 270333 21275 1070190
9h4c 0.271986 269873 21203.5 1070190
9s4c 0.271986 269873 21203.5 1070190
9d3c 0.268519 266091 21275 1070190
9h3c 0.268022 265631 21203.5 1070190
9s3c 0.268022 265631 21203.5 1070190
4h2d 0.267827 265889 20737 1070190
4s2d 0.267827 265889 20737 1070190
4d2s 0.267775 265830 20740 1070190
4d2h 0.267775 265830 20740 1070190
4s2s 0.267352 265432 20685.5 1070190
4s2h 0.267352 265432 20685.5 1070190
4h2h 0.267352 265432 20685.5 1070190
4h2s 0.267352 265432 20685.5 1070190
Td3s 0.264399 261081 21876.5 1070190
Td3h 0.264399 261081 21876.5 1070190
Th3d 0.264391 261116 21833 1070190
Ts3d 0.264391 261116 21833 1070190
Th3h 0.263884 260603 21803.5 1070190
Th3s 0.263884 260603 21803.5 1070190
Ts3h 0.263884 260603 21803.5 1070190
Ts3s 0.263884 260603 21803.5 1070190
9c2d 0.263015 260757 20719.5 1070190
9d2d 0.262735 261434 19742.5 1070190
9c2h 0.262507 260239 20693.5 1070190
9c2s 0.262507 260239 20693.5 1070190
9d2c 0.254094 251547 20381.5 1070190
9h2c 0.253603 251093 20310.5 1070190
9s2c 0.253603 251093 20310.5 1070190
3h2d 0.253428 251272 19944 1070190
3s2d 0.253428 251272 19944 1070190
3d2h 0.253397 251239 19944 1070190
3d2s 0.253397 251239 19944 1070190
3h2h 0.252959 250822 19892.5 1070190
3h2s 0.252959 250822 19892.5 1070190
3s2h 0.252959 250822 19892.5 1070190
3s2s 0.252959 250822 19892.5 1070190
Ts2d 0.250408 247059 20925 1070190
Th2d 0.250408 247059 20925 1070190
Td2h 0.250383 246986 20971.5 1070190
Td2s 0.250383 246986 20971.5 1070190
Th2s 0.249874 246514 20899 1070190
Ts2h 0.249874 246514 20899 1070190
Ts2s 0.249874 246514 20899 1070190
Th2h 0.249874 246514 20899 1070190
8d3d 0.248364 246660 19136.5 1070190
8c3d 0.246822 244072 20074 1070190
8c3s 0.246367 243611 20048 1070190
8c3h 0.246367 243611 20048 1070190
8d2d 0.245692 243801 19136.5 1070190
9d4h 0.244667 240346 21494.5 1070190
9d4s 0.244667 240346 21494.5 1070190
9h4d 0.244624 240342 21452.5 1070190
9s4d 0.244624 240342 21452.5 1070190
9h4h 0.244171 239886 21423 1070190
9s4s 0.244171 239886 21423 1070190
9h4s 0.244171 239886 21423 1070190
9s4h 0.244171 239886 21423 1070190
8c2d 0.243984 241035 20074 1070190
8c2s 0.243501 240544 20048 1070190
8c2h 0.243501 240544 20048 1070190
9d3h 0.241617 237082 21494.5 1070190
9d3s 0.241617 237082 21494.5 1070190
9s3d 0.241603 237109 21452.5 1070190
9h3d 0.241603 237109 21452.5 1070190
9s3h 0.241121 236622 21423 1070190
9s3s 0.241121 236622 21423 1070190
9h3s 0.241121 236622 21423 1070190
9h3h 0.241121 236622 21423 1070190
8d3c 0.240605 237735 19758 1070190
8s3c 0.240136 237302 19689.5 1070190
8h3c 0.240136 237302 19689.5 1070190
8d2c 0.236733 233591 19758 1070190
8s2c 0.236264 233158 19689.5 1070190
8h2c 0.236264 233158 19689.5 1070190
9s2d 0.227678 223114 20544.5 1070190
9h2d 0.227678 223114 20544.5 1070190
9d2h 0.22766 223050 20589.5 1070190
9d2s 0.22766 223050 20589.5 1070190
9h2h 0.227169 222596 20518.5 1070190
9s2h 0.227169 222596 20518.5 1070190
9s2s 0.227169 222596 20518.5 1070190
9h2s 0.227169 222596 20518.5 1070190
8d3s 0.213204 208203 19965.5 1070190
8d3h 0.213204 208203 19965.5 1070190
8s3d 0.21319 208231 19923 1070190
8h3d 0.21319 208231 19923 1070190
8s3s 0.212735 207770 19897 1070190
8s3h 0.212735 207770 19897 1070190
8h3s 0.212735 207770 19897 1070190
8h3h 0.212735 207770 19897 1070190
6d2d 0.212313 209178 18037.5 1070190
8h2d 0.21026 205095 19923 1070190
8s2d 0.21026 205095 19923 1070190
8d2s 0.210245 205037 19965.5 1070190
8d2h 0.210245 205037 19965.5 1070190
8s2h 0.209777 204604 19897 1070190
8s2s 0.209777 204604 19897 1070190
8h2s 0.209777 204604 19897 1070190
8h2h 0.209777 204604 19897 1070190
6c2d 0.206584 202190 18894 1070190
6c2h 0.206136 201740 18864.5 1070190
6c2s 0.206136 201740 18864.5 1070190
6d2c 0.202981 198504 18724.5 1070190
6h2c 0.202545 198094 18667.5 1070190
6s2c 0.202545 198094 18667.5 1070190
6h2d 0.175913 169461 18799.5 1070190
6s2d 0.175913 169461 18799.5 1070190
6d2s 0.175901 169421 18827 1070190
6d2h 0.175901 169421 18827 1070190
6h2h 0.175465 169011 18770 1070190
6h2s 0.175465 169011 18770 1070190
6s2s 0.175465 169011 18770 1070190
6s2h 0.175465 169011 18770 1070190
