ThTc 0.934048 999609 0 1070190
TsTc 0.934048 999609 0 1070190
TsTh 0.92078 985410 0 1070190
8h8d 0.915719 979929 64.5 1070190
8s8d 0.915719 979929 64.5 1070190
8s8h 0.915344 979527 64.5 1070190
5s5d 0.908926 972603 120 1070190
5h5d 0.908926 972603 120 1070190
5s5h 0.908558 972210 120 1070190
Tc8d 0.880769 939804 2786 1070190
Tc8h 0.880309 939312 2786 1070190
Tc8s 0.880309 939312 2786 1070190
AcTc 0.876562 935727 2361 1070190
KcTc 0.869072 927108 2964 1070190
Tc5d 0.867445 922749 5582 1070190
Tc5h 0.866994 922266 5582 1070190
Tc5s 0.866994 922266 5582 1070190
QcTc 0.866325 923142 3990.5 1070190
Th8d 0.865969 923958 2793.5 1070190
Ts8d 0.865969 923958 2793.5 1070190
Ts8s 0.865509 923466 2793.5 1070190
Ts8h 0.865509 923466 2793.5 1070190
Th8s 0.865509 923466 2793.5 1070190
Th8h 0.865509 923466 2793.5 1070190
JcTc 0.862727 918337 4945 1070190
Th5d 0.852743 907092 5505.5 1070190
Ts5d 0.852743 907092 5505.5 1070190
Th5s 0.852292 906609 5505.5 1070190
Ts5h 0.852292 906609 5505.5 1070190
Ts5s 0.852292 906609 5505.5 1070190
Th5h 0.852292 906609 5505.5 1070190
Tc9c 0.852171 906157 5827.5 1070190
Tc7c 0.843733 894109 8845.5 1070190
AdAc 0.843379 902103 472.5 1070190
AhAc 0.842571 901239 472.5 1070190
AsAc 0.842571 901239 472.5 1070190
Tc6c 0.838287 888074 9052 1070190
8d5d 0.83382 886642 5703.5 1070190
Tc4c 0.831932 880317 10008.5 1070190
Tc3c 0.828798 877422 9549 1070190
Tc2c 0.828747 877368 9549 1070190
8d5s 0.82752 879810 5793.5 1070190
8d5h 0.82752 879810 5793.5 1070190
8s5d 0.827511 879801 5793.5 1070190
8h5d 0.827511 879801 5793.5 1070190
8s5s 0.827165 879453 5771 1070190
8s5h 0.827165 879453 5771 1070190
8h5s 0.827165 879453 5771 1070190
8h5h 0.827165 879453 5771 1070190
KdKc 0.82303 880326 472.5 1070190
KsKc 0.822217 879456 472.5 1070190
KhKc 0.822217 879456 472.5 1070190
AsAd 0.816698 873549 472.5 1070190
AhAd 0.816698 873549 472.5 1070190
AsAh 0.81589 872685 472.5 1070190
QdQc 0.813448 869486 1057.5 1070190
QsQc 0.812667 868655 1053.5 1070190
QhQc 0.812667 868655 1053.5 1070190
JdJc 0.803217 857952 1642.5 1070190
JsJc 0.802469 857160 1634.5 1070190
JhJc 0.802469 857160 1634.5 1070190
AcTh 0.802412 855414 3319.5 1070190
AcTs 0.802412 855414 3319.5 1070190
AdTc 0.797483 850143 3315 1070190
KsKd 0.797086 852561 472.5 1070190
KhKd 0.797086 852561 472.5 1070190
AsTc 0.796591 849189 3315 1070190
AhTc 0.796591 849189 3315 1070190
KsKh 0.796273 851691 472.5 1070190
QcTh 0.794881 845059 5615 1070190
QcTs 0.794881 845059 5615 1070190
KcTs 0.79458 846252 4099.5 1070190
KcTh 0.79458 846252 4099.5 1070190
JcTh 0.793177 841813 7037.5 1070190
JcTs 0.793177 841813 7037.5 1070190
QdTc 0.792785 842792 5638.5 1070190
JdTc 0.792745 841326 7062 1070190
QhTc 0.791923 841874 5634.5 1070190
QsTc 0.791923 841874 5634.5 1070190
JhTc 0.791919 840450 7054 1070190
JsTc 0.791919 840450 7054 1070190
KdTc 0.790804 842192 4119 1070190
KsTc 0.789907 841232 4119 1070190
KhTc 0.789907 841232 4119 1070190
QsQd 0.789102 843440 1049.5 1070190
QhQd 0.789102 843440 1049.5 1070190
QsQh 0.788322 842609 1045.5 1070190
Tc9d 0.78096 827386 8389.5 1070190
JsJd 0.780422 833573 1626.5 1070190
JhJd 0.780422 833573 1626.5 1070190
Tc9s 0.780164 826546 8377.5 1070190
Tc9h 0.780164 826546 8377.5 1070190
JsJh 0.779674 832781 1618.5 1070190
Ts9c 0.778764 825058 8367 1070190
Th9c 0.778764 825058 8367 1070190
AdTh 0.77568 826932 3193.5 1070190
AdTs 0.77568 826932 3193.5 1070190
AhTs 0.774789 825978 3193.5 1070190
AhTh 0.774789 825978 3193.5 1070190
AsTh 0.774789 825978 3193.5 1070190
AsTs 0.774789 825978 3193.5 1070190
JdTh 0.77179 819023 6938.5 1070190
JdTs 0.77179 819023 6938.5 1070190
QdTh 0.771541 820193 5502.5 1070190
QdTs 0.771541 820193 5502.5 1070190
JsTs 0.770964 818147 6930.5 1070190
JhTh 0.770964 818147 6930.5 1070190
JhTs 0.770964 818147 6930.5 1070190
JsTh 0.770964 818147 6930.5 1070190
QhTs 0.77068 819275 5498.5 1070190
QhTh 0.77068 819275 5498.5 1070190
QsTh 0.77068 819275 5498.5 1070190
QsTs 0.77068 819275 5498.5 1070190
KdTh 0.76916 819174 3973.5 1070190
KdTs 0.76916 819174 3973.5 1070190
KhTh 0.768263 818214 3973.5 1070190
KhTs 0.768263 818214 3973.5 1070190
KsTs 0.768263 818214 3973.5 1070190
KsTh 0.768263 818214 3973.5 1070190
Tc7d 0.767539 808302 13110.5 1070190
Tc7s 0.766743 807462 13098.5 1070190
Tc7h 0.766743 807462 13098.5 1070190
Ts7c 0.764699 805521 12852 1070190
Th7c 0.764699 805521 12852 1070190
Ts9d 0.759839 804891 8281.5 1070190
Th9d 0.759839 804891 8281.5 1070190
Ts9s 0.759043 804051 8269.5 1070190
Th9h 0.759043 804051 8269.5 1070190
Th9s 0.759043 804051 8269.5 1070190
Ts9h 0.759043 804051 8269.5 1070190
Tc6d 0.757806 797569 13427 1070190
Tc6s 0.75698 796693 13419 1070190
Tc6h 0.75698 796693 13419 1070190
Ts6c 0.754234 794079 13094.5 1070190
Th6c 0.754234 794079 13094.5 1070190
Tc4d 0.747616 785282 14809.5 1070190
Tc4s 0.74676 784370 14805.5 1070190
Tc4h 0.74676 784370 14805.5 1070190
Th7d 0.746501 786053 12844.5 1070190
Ts7d 0.746501 786053 12844.5 1070190
Th7h 0.745705 785213 12832.5 1070190
Th7s 0.745705 785213 12832.5 1070190
Ts7h 0.745705 785213 12832.5 1070190
Ts7s 0.745705 785213 12832.5 1070190
Th4c 0.743055 780844 14366 1070190
Ts4c 0.743055 780844 14366 1070190
Tc3d 0.741779 779787 14058 1070190
Tc2d 0.741718 779721 14058 1070190
Tc3h 0.740888 778833 14058 1070190
Tc3s 0.740888 778833 14058 1070190
Tc2s 0.740826 778767 14058 1070190
Tc2h 0.740826 778767 14058 1070190
Th6d 0.736679 775284 13102 1070190
Ts6d 0.736679 775284 13102 1070190
Ts3c 0.736236 774318 13594.5 1070190
Th3c 0.736236 774318 13594.5 1070190
Th6h 0.735853 774408 13094 1070190
Th6s 0.735853 774408 13094 1070190
Ts6h 0.735853 774408 13094 1070190
Ts6s 0.735853 774408 13094 1070190
Ts2c 0.734924 772914 13594.5 1070190
Th2c 0.734924 772914 13594.5 1070190
Ac8d 0.727005 774534 3499.5 1070190
Ts4d 0.726441 763029 14400.5 1070190
Th4d 0.726441 763029 14400.5 1070190
Ac8h 0.726241 773739 3477 1070190
Ac8s 0.726241 773739 3477 1070190
Th4s 0.725585 762117 14396.5 1070190
Ts4s 0.725585 762117 14396.5 1070190
Ts4h 0.725585 762117 14396.5 1070190
Th4h 0.725585 762117 14396.5 1070190
9d9c 0.721652 770077 2227.5 1070190
9h9c 0.720931 769318 2215.5 1070190
9s9c 0.720931 769318 2215.5 1070190
Ts3d 0.720458 757410 13617 1070190
Th3d 0.720458 757410 13617 1070190
Qc8d 0.720422 765214 5774.5 1070190
Th2d 0.720396 757344 13617 1070190
Ts2d 0.720396 757344 13617 1070190
Jc8d 0.720188 763549 7188.5 1070190
Qc8s 0.719725 764498 5744.5 1070190
Qc8h 0.719725 764498 5744.5 1070190
Ts3h 0.719567 756456 13617 1070190
Th3h 0.719567 756456 13617 1070190
Th3s 0.719567 756456 13617 1070190
Ts3s 0.719567 756456 13617 1070190
Jc8s 0.719518 762866 7155.5 1070190
Jc8h 0.719518 762866 7155.5 1070190
Th2h 0.719505 756390 13617 1070190
Ts2s 0.719505 756390 13617 1070190
Ts2h 0.719505 756390 13617 1070190
Th2s 0.719505 756390 13617 1070190
Kc8d 0.718981 765178 4268.5 1070190
Kc8h 0.718255 764427 4242 1070190
Kc8s 0.718255 764427 4242 1070190
Ad8d 0.712848 759438 3444.5 1070190
9c8d 0.711351 748814 12466.5 1070190
9c8h 0.710728 748206 12408.5 1070190
9c8s 0.710728 748206 12408.5 1070190
Jd8d 0.709987 752792 7028.5 1070190
Qd8d 0.708874 752966 5664 1070190
AcKc 0.706682 752440 3843.5 1070190
Kd8d 0.706132 751487 4208.5 1070190
AcQc 0.705492 750685 4326 1070190
AcJc 0.704421 749056 4808.5 1070190
9d8d 0.703712 740962 12144 1070190
9h9d 0.700293 747243 2203.5 1070190
9s9d 0.700293 747243 2203.5 1070190
9s9h 0.699573 746484 2191.5 1070190
Jc9c 0.698018 739926 7086 1070190
Ad8h 0.696438 741741 3579.5 1070190
Ad8s 0.696438 741741 3579.5 1070190
As8d 0.696381 741681 3579.5 1070190
Ah8d 0.696381 741681 3579.5 1070190
Ah8h 0.695618 740886 3557 1070190
As8h 0.695618 740886 3557 1070190
Ah8s 0.695618 740886 3557 1070190
As8s 0.695618 740886 3557 1070190
Jd8h 0.694863 736287 7348 1070190
Jd8s 0.694863 736287 7348 1070190
Js8d 0.694772 736187 7351.5 1070190
Jh8d 0.694772 736187 7351.5 1070190
Jh8s 0.694103 735504 7318.5 1070190
Jh8h 0.694103 735504 7318.5 1070190
Js8h 0.694103 735504 7318.5 1070190
Js8s 0.694103 735504 7318.5 1070190
Qd8h 0.69314 735885 5907 1070190
Qd8s 0.69314 735885 5907 1070190
Qs8d 0.693045 735779 5911 1070190
Qh8d 0.693045 735779 5911 1070190
Qh8s 0.692348 735063 5881 1070190
Qs8s 0.692348 735063 5881 1070190
Qs8h 0.692348 735063 5881 1070190
Qh8h 0.692348 735063 5881 1070190
8d7c 0.690955 725790 13663.5 1070190
8s7c 0.690359 725218 13597.5 1070190
8h7c 0.690359 725218 13597.5 1070190
Kd8h 0.68964 733674 4371.5 1070190
Kd8s 0.68964 733674 4371.5 1070190
Ks8d 0.689541 733564 4375.5 1070190
Kh8d 0.689541 733564 4375.5 1070190
Ac9c 0.689157 730066 7463 1070190
9d8h 0.688912 724564 12703 1070190
9d8s 0.688912 724564 12703 1070190
Ks8h 0.688814 732813 4349 1070190
Ks8s 0.688814 732813 4349 1070190
Kh8s 0.688814 732813 4349 1070190
Kh8h 0.688814 732813 4349 1070190
9s8d 0.688803 724422 12728 1070190
9h8d 0.688803 724422 12728 1070190
9h8h 0.688181 723814 12670 1070190
9h8s 0.688181 723814 12670 1070190
9s8h 0.688181 723814 12670 1070190
9s8s 0.688181 723814 12670 1070190
8d7d 0.684462 719158 13346 1070190
QcJc 0.683607 727006 4583.5 1070190
8d6c 0.678698 712391 13944.5 1070190
8s6c 0.67813 711857 13871 1070190
8h6c 0.67813 711857 13871 1070190
8d6d 0.673537 707138 13674.5 1070190
Ac7c 0.672296 708045 11439 1070190
Qc9c 0.669222 709492 6703 1070190
8s7d 0.66869 701664 13961 1070190
8h7d 0.66869 701664 13961 1070190
8d7s 0.668555 701487 13994 1070190
8d7h 0.668555 701487 13994 1070190
8h7h 0.667959 700915 13928 1070190
8h7s 0.667959 700915 13928 1070190
8s7s 0.667959 700915 13928 1070190
8s7h 0.667959 700915 13928 1070190
8d4c 0.665844 697268 15311.5 1070190
8s4c 0.665321 696797 15222.5 1070190
8h4c 0.665321 696797 15222.5 1070190
KcQc 0.664579 707508 3718 1070190
KcJc 0.663875 706272 4200.5 1070190
Ac6c 0.662648 697184 11975 1070190
8d4d 0.662204 693588 15096 1070190
8d3c 0.658393 690063 14542.5 1070190
8h3c 0.657875 689598 14453 1070190
8s3c 0.657875 689598 14453 1070190
8d2c 0.657081 688659 14542.5 1070190
8h6d 0.656931 688754 14286.5 1070190
8s6d 0.656931 688754 14286.5 1070190
8d6s 0.65674 688506 14330.5 1070190
8d6h 0.65674 688506 14330.5 1070190
8h2c 0.656563 688194 14453 1070190
8s2c 0.656563 688194 14453 1070190
9c7c 0.656562 691513 11133.5 1070190
8d3d 0.656175 687859 14372.5 1070190
8h6h 0.656172 687972 14257 1070190
8h6s 0.656172 687972 14257 1070190
8s6s 0.656172 687972 14257 1070190
8s6h 0.656172 687972 14257 1070190
8d2d 0.656107 687787 14372.5 1070190
Ac4c 0.650688 683188 13171.5 1070190
Kc9c 0.649016 687715 6855 1070190
8h4d 0.644822 674342 15740.5 1070190
8s4d 0.644822 674342 15740.5 1070190
8d4s 0.644574 674016 15801 1070190
8d4h 0.644574 674016 15801 1070190
8s4h 0.644051 673545 15712 1070190
8h4h 0.644051 673545 15712 1070190
8h4s 0.644051 673545 15712 1070190
8s4s 0.644051 673545 15712 1070190
Ac3c 0.643888 676340 12742.5 1070190
Ac2c 0.642618 674981 12742.5 1070190
8s3d 0.638175 668004 14965 1070190
8h3d 0.638175 668004 14965 1070190
8s2d 0.638108 667932 14965 1070190
8h2d 0.638108 667932 14965 1070190
8d3h 0.637888 667632 15029.5 1070190
8d3s 0.637888 667632 15029.5 1070190
8d2s 0.637821 667560 15029.5 1070190
8d2h 0.637821 667560 15029.5 1070190
8h3s 0.63737 667167 14940 1070190
8h3h 0.63737 667167 14940 1070190
8s3h 0.63737 667167 14940 1070190
8s3s 0.63737 667167 14940 1070190
8h2h 0.637303 667095 14940 1070190
8h2s 0.637303 667095 14940 1070190
8s2h 0.637303 667095 14940 1070190
8s2s 0.637303 667095 14940 1070190
Ac5d 0.633227 673485 4188 1070190
Ac5h 0.632463 672690 4165.5 1070190
Ac5s 0.632463 672690 4165.5 1070190
Kc7c 0.631643 664664 11313.5 1070190
7c6c 0.630506 661345 13416 1070190
Jc7c 0.627225 661002 10248 1070190
7d7c 0.626594 668176 2398.5 1070190
7s7c 0.625914 667460 2386.5 1070190
7h7c 0.625914 667460 2386.5 1070190
Jc5d 0.625877 662191 7616 1070190
Qc5d 0.625339 662943 6289 1070190
Jc5s 0.62521 661510 7583 1070190
Jc5h 0.62521 661510 7583 1070190
Qc5h 0.624643 662228 6259 1070190
Qc5s 0.624643 662228 6259 1070190
Kc5d 0.624129 663067 4870 1070190
Kc5s 0.623403 662316 4843.5 1070190
Kc5h 0.623403 662316 4843.5 1070190
Kc6c 0.621627 653410 11849.5 1070190
Ad5d 0.619441 658800 4119.5 1070190
9c5d 0.61888 649656 12663 1070190
9c5h 0.61826 649051 12605 1070190
9c5s 0.61826 649051 12605 1070190
Jd5d 0.616006 651805 7438 1070190
Qd5d 0.614154 651100 6162 1070190
Kd5d 0.611656 649793 4795 1070190
9d5d 0.611519 642120 12321 1070190
7c5d 0.604272 628687 17998.5 1070190
7c5h 0.603712 628183 17904 1070190
7c5s 0.603712 628183 17904 1070190
Kc4c 0.603292 632591 13046 1070190
7s7d 0.60281 642753 2368.5 1070190
7h7d 0.60281 642753 2368.5 1070190
7s7h 0.60213 642037 2356.5 1070190
6d6c 0.59906 639331 1777.5 1070190
Ad5h 0.598428 636177 4254.5 1070190
Ad5s 0.598428 636177 4254.5 1070190
Ah5d 0.598405 636153 4254.5 1070190
As5d 0.598405 636153 4254.5 1070190
6h6c 0.598354 638583 1769.5 1070190
6s6c 0.598354 638583 1769.5 1070190
7d5d 0.59782 622137 17644 1070190
As5h 0.597642 635358 4232 1070190
Ah5s 0.597642 635358 4232 1070190
Ah5h 0.597642 635358 4232 1070190
As5s 0.597642 635358 4232 1070190
Qc7c 0.597218 628056 11081 1070190
Jd5s 0.596444 630551 7757.5 1070190
Jd5h 0.596444 630551 7757.5 1070190
Jh5d 0.596386 630485 7761 1070190
Js5d 0.596386 630485 7761 1070190
Kc3c 0.596221 625453 12617 1070190
Js5h 0.595719 629804 7728 1070190
Js5s 0.595719 629804 7728 1070190
Jh5s 0.595719 629804 7728 1070190
Jh5h 0.595719 629804 7728 1070190
Kc2c 0.594951 624094 12617 1070190
Qd5s 0.593869 629148 6405 1070190
Qd5h 0.593869 629148 6405 1070190
Qh5d 0.593807 629077 6409 1070190
Qs5d 0.593807 629077 6409 1070190
6c5d 0.593476 617597 17535.5 1070190
Qh5h 0.593111 628362 6379 1070190
Qh5s 0.593111 628362 6379 1070190
Qs5h 0.593111 628362 6379 1070190
Qs5s 0.593111 628362 6379 1070190
6c5h 0.592927 617107 17437.5 1070190
6c5s 0.592927 617107 17437.5 1070190
Qc6c 0.592723 622387 11939 1070190
9d5s 0.592456 621161 12880 1070190
9d5h 0.592456 621161 12880 1070190
9h5d 0.592378 621052 12905 1070190
9s5d 0.592378 621052 12905 1070190
9c6c 0.59212 622144 11537 1070190
9h5s 0.591758 620447 12847 1070190
9s5s 0.591758 620447 12847 1070190
9s5h 0.591758 620447 12847 1070190
9h5h 0.591758 620447 12847 1070190
Kd5s 0.590561 627054 4958 1070190
Kd5h 0.590561 627054 4958 1070190
Ks5d 0.590495 626980 4962 1070190
Kh5d 0.590495 626980 4962 1070190
Ks5s 0.589769 626229 4935.5 1070190
Kh5s 0.589769 626229 4935.5 1070190
Kh5h 0.589769 626229 4935.5 1070190
Ks5h 0.589769 626229 4935.5 1070190
6d5d 0.588302 612373 17222 1070190
7d5s 0.578438 600580 18458.5 1070190
7d5h 0.578438 600580 18458.5 1070190
7h5d 0.578308 600379 18520 1070190
7s5d 0.578308 600379 18520 1070190
7h5h 0.577748 599875 18425.5 1070190
7h5s 0.577748 599875 18425.5 1070190
7s5h 0.577748 599875 18425.5 1070190
7s5s 0.577748 599875 18425.5 1070190
6s6d 0.575307 613931 1757 1070190
6h6d 0.575307 613931 1757 1070190
6s6h 0.574601 613183 1749 1070190
Qc4c 0.574115 601277 13135.5 1070190
5d4c 0.570041 593092 16960 1070190
5h4c 0.569505 592621 16858 1070190
5s4c 0.569505 592621 16858 1070190
6d5s 0.568231 590110 18005.5 1070190
6d5h 0.568231 590110 18005.5 1070190
6s5d 0.568064 589862 18074 1070190
6h5d 0.568064 589862 18074 1070190
6s5s 0.567514 589372 17976 1070190
6s5h 0.567514 589372 17976 1070190
6h5s 0.567514 589372 17976 1070190
6h5h 0.567514 589372 17976 1070190
Qc3c 0.566908 593993 12706.5 1070190
5d4d 0.566586 589659 16695.5 1070190
Qc2c 0.565638 592634 12706.5 1070190
Jc6c 0.561795 589718 11509.5 1070190
5d3c 0.5605 583710 16131 1070190
5h3c 0.55997 583245 16029 1070190
5s3c 0.55997 583245 16029 1070190
5d2c 0.559188 582306 16131 1070190
5s2c 0.558658 581841 16029 1070190
5h2c 0.558658 581841 16029 1070190
5d3d 0.558503 581791 15913 1070190
5d2d 0.558435 581719 15913 1070190
7c4c 0.553744 577787 14824 1070190
Jc9d 0.553348 582544 9643 1070190
Jc9h 0.552639 581824 9604.5 1070190
Jc9s 0.552639 581824 9604.5 1070190
Jd9c 0.550134 579137 9610.5 1070190
Js9c 0.549423 578428 9559.5 1070190
Jh9c 0.549423 578428 9559.5 1070190
Jc4c 0.549121 574582 13081.5 1070190
Jd9d 0.546665 575906 9129 1070190
5h4d 0.54504 565865 17431 1070190
5s4d 0.54504 565865 17431 1070190
5d4s 0.544836 565574 17504.5 1070190
5d4h 0.544836 565574 17504.5 1070190
5h4s 0.544301 565103 17402.5 1070190
5h4h 0.544301 565103 17402.5 1070190
5s4s 0.544301 565103 17402.5 1070190
5s4h 0.544301 565103 17402.5 1070190
AcJd 0.542666 573579 7176.5 1070190
AcQd 0.542011 573667 6387.5 1070190
AcJs 0.541927 572818 7147 1070190
AcJh 0.541927 572818 7147 1070190
Jc3c 0.541912 567296 12652.5 1070190
AcKd 0.541487 573896 5598.5 1070190
AcQs 0.541239 572867 6361.5 1070190
AcQh 0.541239 572867 6361.5 1070190
6c4c 0.540836 565303 13494.5 1070190
AcKh 0.540682 573057 5576 1070190
AcKs 0.540682 573057 5576 1070190
Jc2c 0.540642 565937 12652.5 1070190
AdKc 0.540065 572394 5578.5 1070190
AsKc 0.53927 571569 5552 1070190
AhKc 0.53927 571569 5552 1070190
AdQc 0.538773 570204 6385 1070190
AsQc 0.538006 569410 6358.5 1070190
AhQc 0.538006 569410 6358.5 1070190
AdJc 0.537653 568199 7191.5 1070190
AhJc 0.536914 567435 7165 1070190
AsJc 0.536914 567435 7165 1070190
5h3d 0.536201 557244 16593 1070190
5s3d 0.536201 557244 16593 1070190
5h2d 0.536134 557172 16593 1070190
5s2d 0.536134 557172 16593 1070190
5d3h 0.535959 556908 16670 1070190
5d3s 0.535959 556908 16670 1070190
5d2h 0.535892 556836 16670 1070190
5d2s 0.535892 556836 16670 1070190
5s3h 0.535429 556443 16568 1070190
5s3s 0.535429 556443 16568 1070190
5h3h 0.535429 556443 16568 1070190
5h3s 0.535429 556443 16568 1070190
5s2s 0.535362 556371 16568 1070190
5s2h 0.535362 556371 16568 1070190
5h2s 0.535362 556371 16568 1070190
5h2h 0.535362 556371 16568 1070190
AdJd 0.531559 562093 6776 1070190
AdQd 0.53103 562291 6011.5 1070190
AdKd 0.530639 562638 5247 1070190
Jd9h 0.525231 552615 9481.5 1070190
Jd9s 0.525231 552615 9481.5 1070190
Jh9d 0.525229 552626 9469 1070190
Js9d 0.525229 552626 9469 1070190
Jh9h 0.52452 551906 9430.5 1070190
Jh9s 0.52452 551906 9430.5 1070190
Js9h 0.52452 551906 9430.5 1070190
Js9s 0.52452 551906 9430.5 1070190
Ac9d 0.524055 550161 10677.5 1070190
Ac9h 0.523348 549437 10644.5 1070190
Ac9s 0.523348 549437 10644.5 1070190
QcJd 0.521251 551296 6541.5 1070190
QcJh 0.520523 550548 6511 1070190
QcJs 0.520523 550548 6511 1070190
QdJc 0.519548 549489 6526.5 1070190
QsJc 0.518804 548726 6493 1070190
QhJc 0.518804 548726 6493 1070190
Ad9c 0.515621 541132 10680 1070190
Ah9c 0.514924 540428 10638.5 1070190
As9c 0.514924 540428 10638.5 1070190
QdJd 0.514026 543923 6183 1070190
Ad9d 0.512937 538898 10042.5 1070190
9c4c 0.511955 534686 13203.5 1070190
9c3c 0.511188 533865 13203.5 1070190
9c2c 0.509918 532506 13203.5 1070190
AhJd 0.507004 535460 7130.5 1070190
AdJh 0.507004 535463 7127.5 1070190
AdJs 0.507004 535463 7127.5 1070190
AsJd 0.507004 535460 7130.5 1070190
AsJs 0.506265 534699 7101 1070190
AsJh 0.506265 534699 7101 1070190
AhJs 0.506265 534699 7101 1070190
AhJh 0.506265 534699 7101 1070190
AhQd 0.506001 535205 6312 1070190
AsQd 0.506001 535205 6312 1070190
AdQh 0.505996 535199 6312.5 1070190
AdQs 0.505996 535199 6312.5 1070190
AhQh 0.505229 534405 6286 1070190
AhQs 0.505229 534405 6286 1070190
AsQh 0.505229 534405 6286 1070190
AsQs 0.505229 534405 6286 1070190
AsKd 0.505132 535094 5493.5 1070190
AhKd 0.505132 535094 5493.5 1070190
AdKh 0.505123 535080 5497.5 1070190
AdKs 0.505123 535080 5497.5 1070190
AhKs 0.504327 534255 5471 1070190
AsKs 0.504327 534255 5471 1070190
AsKh 0.504327 534255 5471 1070190
AhKh 0.504327 534255 5471 1070190
Qc9d 0.503453 529463 9327.5 1070190
Qc9h 0.502754 528749 9293.5 1070190
Qc9s 0.502754 528749 9293.5 1070190
Ac7d 0.500028 518102 17023.5 1070190
Ac7h 0.499384 517445 16990.5 1070190
Ac7s 0.499384 517445 16990.5 1070190
Qd9c 0.49849 524169 9310 1070190
Qh9c 0.497786 523459 9266.5 1070190
Qs9c 0.497786 523459 9266.5 1070190
9c7d 0.496725 515948 15642.5 1070190
Qd9d 0.496257 522285 8804.5 1070190
9c7s 0.49609 515309 15602 1070190
9c7h 0.49609 515309 15602 1070190
9d7c 0.495493 514873 15398.5 1070190
9s7c 0.494848 514249 15332 1070190
9h7c 0.494848 514249 15332 1070190
9d7d 0.493605 513453 14798.5 1070190
4d4c 0.491873 523439 2959 1070190
4h4c 0.491188 522712 2952.5 1070190
4s4c 0.491188 522712 2952.5 1070190
Ad7c 0.490197 507840 16764 1070190
As7c 0.48955 507209 16702.5 1070190
Ah7c 0.48955 507209 16702.5 1070190
QdJh 0.489512 517449 6421.5 1070190
QdJs 0.489512 517449 6421.5 1070190
QsJd 0.489495 517434 6418.5 1070190
QhJd 0.489495 517434 6418.5 1070190
Ad7d 0.48893 507187 16060.5 1070190
QsJh 0.488767 516686 6388 1070190
QsJs 0.488767 516686 6388 1070190
QhJs 0.488767 516686 6388 1070190
QhJh 0.488767 516686 6388 1070190
Ah9d 0.48815 511797 10616 1070190
As9d 0.48815 511797 10616 1070190
Ad9h 0.488139 511777 10624.5 1070190
Ad9s 0.488139 511777 10624.5 1070190
Ah9h 0.487442 511073 10583 1070190
As9s 0.487442 511073 10583 1070190
As9h 0.487442 511073 10583 1070190
Ah9s 0.487442 511073 10583 1070190
KcJd 0.484749 512547 6226 1070190
KcJs 0.484037 511812 6200 1070190
KcJh 0.484037 511812 6200 1070190
Ac6d 0.483768 499859 17865 1070190
KcQd 0.483495 511995 5437 1070190
Ac6s 0.483098 499171 17835.5 1070190
Ac6h 0.483098 499171 17835.5 1070190
KcQh 0.482752 511222 5414.5 1070190
KcQs 0.482752 511222 5414.5 1070190
KdQc 0.481594 509978 5419.5 1070190
7c3c 0.481476 500616 14655 1070190
KdJc 0.481077 508618 6226 1070190
KhQc 0.480823 509178 5393.5 1070190
KsQc 0.480823 509178 5393.5 1070190
KhJc 0.480333 507848 6200 1070190
KsJc 0.480333 507848 6200 1070190
7c2c 0.480206 499257 14655 1070190
KdJd 0.476518 504106 5858.5 1070190
KdQd 0.475408 503683 5094 1070190
Ad6d 0.473284 489669 16835 1070190
Ad6c 0.472998 488665 17532.5 1070190
As6c 0.472377 488070 17463.5 1070190
Ah6c 0.472377 488070 17463.5 1070190
Qd9h 0.471508 495390 9213.5 1070190
Qd9s 0.471508 495390 9213.5 1070190
Qh9d 0.471503 495394 9204 1070190
Qs9d 0.471503 495394 9204 1070190
9d7h 0.470858 488482 15425 1070190
9d7s 0.470858 488482 15425 1070190
9h7d 0.470847 488497 15399 1070190
9s7d 0.470847 488497 15399 1070190
Qh9s 0.470804 494680 9170 1070190
Qs9s 0.470804 494680 9170 1070190
Qs9h 0.470804 494680 9170 1070190
Qh9h 0.470804 494680 9170 1070190
9h7h 0.470212 487858 15358.5 1070190
9s7s 0.470212 487858 15358.5 1070190
9s7h 0.470212 487858 15358.5 1070190
9h7s 0.470212 487858 15358.5 1070190
6c3c 0.469997 489339 13647.5 1070190
6c2c 0.468728 487980 13647.5 1070190
Ac4d 0.467438 480461 19787 1070190
Ac4h 0.466806 479810 19761 1070190
Ac4s 0.466806 479810 19761 1070190
Kc9d 0.466736 489769 9727 1070190
Kc9s 0.466055 489070 9697.5 1070190
Kc9h 0.466055 489070 9697.5 1070190
4s4d 0.465598 495336 2942 1070190
4h4d 0.465598 495336 2942 1070190
4s4h 0.464912 494609 2935.5 1070190
Ad7h 0.463573 479229 16882.5 1070190
Ad7s 0.463573 479229 16882.5 1070190
As7d 0.463571 479255 16854 1070190
Ah7d 0.463571 479255 16854 1070190
Ah7s 0.462926 478598 16821 1070190
As7s 0.462926 478598 16821 1070190
Ah7h 0.462926 478598 16821 1070190
As7h 0.462926 478598 16821 1070190
3d3c 0.46218 492246 2374 1070190
3s3c 0.461462 491481 2371.5 1070190
3h3c 0.461462 491481 2371.5 1070190
Kd9c 0.459648 482196 9714.5 1070190
Kh9c 0.458946 481486 9673.5 1070190
Ks9c 0.458946 481486 9673.5 1070190
Kd9d 0.458477 481533 9125 1070190
Ad4d 0.456774 470209 18626.5 1070190
7c6d 0.456543 469962 18625.5 1070190
Ac3d 0.456179 469111 19087.5 1070190
7c6h 0.455927 469350 18579 1070190
7c6s 0.455927 469350 18579 1070190
7d6c 0.45567 469168 18485.5 1070190
Ac3h 0.455517 468425 19065 1070190
Ac3s 0.455517 468425 19065 1070190
7d6d 0.455278 469551 17683 1070190
7h6c 0.455097 468622 18418.5 1070190
7s6c 0.455097 468622 18418.5 1070190
Ad4c 0.454753 467324 19348 1070190
Ac2d 0.454666 467491 19087.5 1070190
As4c 0.45416 466772 19266 1070190
Ah4c 0.45416 466772 19266 1070190
Ac2h 0.454003 466805 19065 1070190
Ac2s 0.454003 466805 19065 1070190
4c3c 0.452362 470479 13634 1070190
4c2c 0.451092 469120 13634 1070190
KdJh 0.449349 474735 6153.5 1070190
KdJs 0.449349 474735 6153.5 1070190
KsJd 0.449316 474700 6153.5 1070190
KhJd 0.449316 474700 6153.5 1070190
KsJh 0.448605 473965 6127.5 1070190
KsJs 0.448605 473965 6127.5 1070190
KhJs 0.448605 473965 6127.5 1070190
KhJh 0.448605 473965 6127.5 1070190
KdQs 0.447721 473808 5338.5 1070190
KdQh 0.447721 473808 5338.5 1070190
KhQd 0.447692 473781 5335 1070190
KsQd 0.447692 473781 5335 1070190
KsQs 0.446949 473008 5312.5 1070190
KhQs 0.446949 473008 5312.5 1070190
KsQh 0.446949 473008 5312.5 1070190
KhQh 0.446949 473008 5312.5 1070190
As6d 0.446887 460597 17657 1070190
Ah6d 0.446887 460597 17657 1070190
Ad6h 0.446837 460504 17696.5 1070190
Ad6s 0.446837 460504 17696.5 1070190
As6s 0.446217 459909 17627.5 1070190
As6h 0.446217 459909 17627.5 1070190
Ah6h 0.446217 459909 17627.5 1070190
Ah6s 0.446217 459909 17627.5 1070190
Ad3d 0.445843 459191 17946 1070190
Jc7d 0.445078 461315 15002.5 1070190
Jc7s 0.444462 460690 14968.5 1070190
Jc7h 0.444462 460690 14968.5 1070190
Ad2d 0.444245 457481 17946 1070190
2d2c 0.44342 472170 2374 1070190
3c2c 0.443092 461023 13169.5 1070190
2s2c 0.442703 471405 2371.5 1070190
2h2c 0.442703 471405 2371.5 1070190
Ad3c 0.442251 454664 18628.5 1070190
Kc7d 0.441809 455958 16862 1070190
Ah3c 0.441663 454117 18546 1070190
As3c 0.441663 454117 18546 1070190
Kc7h 0.441195 455334 16829 1070190
Kc7s 0.441195 455334 16829 1070190
Jd7c 0.440457 456609 14764 1070190
Jd7d 0.440252 456979 14174 1070190
Jh7c 0.439824 455994 14701.5 1070190
Js7c 0.439824 455994 14701.5 1070190
Ad2c 0.439341 451550 18628.5 1070190
Ah2c 0.438753 451003 18546 1070190
As2c 0.438753 451003 18546 1070190
3s3d 0.435899 464130 2365 1070190
3h3d 0.435899 464130 2365 1070190
3s3h 0.435182 463365 2362.5 1070190
Kd7d 0.433597 448124 15907.5 1070190
Kd7c 0.433303 447112 16605 1070190
Kh7c 0.432651 446475 16544 1070190
Ks7c 0.432651 446475 16544 1070190
7s6d 0.431343 443168 18451 1070190
7h6d 0.431343 443168 18451 1070190
7d6h 0.431301 443102 18471.5 1070190
7d6s 0.431301 443102 18471.5 1070190
Kd9s 0.431103 451712 9650.5 1070190
Kd9h 0.431103 451712 9650.5 1070190
Ks9d 0.431082 451701 9639 1070190
Kh9d 0.431082 451701 9639 1070190
7h6h 0.430728 442556 18404.5 1070190
7h6s 0.430728 442556 18404.5 1070190
7s6h 0.430728 442556 18404.5 1070190
7s6s 0.430728 442556 18404.5 1070190
Kh9h 0.430402 451002 9609.5 1070190
Kh9s 0.430402 451002 9609.5 1070190
Ks9s 0.430402 451002 9609.5 1070190
Ks9h 0.430402 451002 9609.5 1070190
As4d 0.429918 440556 19537.5 1070190
Ah4d 0.429918 440556 19537.5 1070190
Ad4s 0.429877 440457 19593.5 1070190
Ad4h 0.429877 440457 19593.5 1070190
As4h 0.429285 439905 19511.5 1070190
As4s 0.429285 439905 19511.5 1070190
Ah4h 0.429285 439905 19511.5 1070190
Ah4s 0.429285 439905 19511.5 1070190
Kc6d 0.424951 437075 17703.5 1070190
Kc6h 0.424313 436421 17674 1070190
Kc6s 0.424313 436421 17674 1070190
Ah3d 0.418212 428758 18808.5 1070190
As3d 0.418212 428758 18808.5 1070190
Ad3s 0.418138 428619 18868.5 1070190
Ad3h 0.418138 428619 18868.5 1070190
2s2d 0.417745 444702 2365 1070190
2h2d 0.417745 444702 2365 1070190
As3s 0.41755 428072 18786 1070190
As3h 0.41755 428072 18786 1070190
Ah3s 0.41755 428072 18786 1070190
Ah3h 0.41755 428072 18786 1070190
Kd6d 0.417371 429984 16682 1070190
2s2h 0.417028 443937 2362.5 1070190
Ah2d 0.416614 427048 18808.5 1070190
As2d 0.416614 427048 18808.5 1070190
Ad2h 0.416541 426909 18868.5 1070190
Ad2s 0.416541 426909 18868.5 1070190
Ah2h 0.415952 426362 18786 1070190
As2s 0.415952 426362 18786 1070190
Ah2s 0.415952 426362 18786 1070190
As2h 0.415952 426362 18786 1070190
Kd6c 0.415501 427292 17373.5 1070190
Kh6c 0.414876 426691 17305 1070190
Ks6c 0.414876 426691 17305 1070190
Jd7h 0.413745 427963 14823 1070190
Jd7s 0.413745 427963 14823 1070190
Js7d 0.413728 427973 14794.5 1070190
Jh7d 0.413728 427973 14794.5 1070190
Jh7s 0.413112 427348 14760.5 1070190
Jh7h 0.413112 427348 14760.5 1070190
Js7h 0.413112 427348 14760.5 1070190
Js7s 0.413112 427348 14760.5 1070190
Kd7s 0.405609 417355 16723.5 1070190
Kd7h 0.405609 417355 16723.5 1070190
Ks7d 0.405571 417342 16695.5 1070190
Kh7d 0.405571 417342 16695.5 1070190
Ks7h 0.404957 416718 16662.5 1070190
Kh7s 0.404957 416718 16662.5 1070190
Kh7h 0.404957 416718 16662.5 1070190
Ks7s 0.404957 416718 16662.5 1070190
Kc4d 0.398212 406537 19625.5 1070190
Kc4s 0.397614 405923 19599.5 1070190
Kc4h 0.397614 405923 19599.5 1070190
9c6d 0.395911 407101 16599 1070190
9c6s 0.395296 406475 16566.5 1070190
9c6h 0.395296 406475 16566.5 1070190
9d6d 0.395234 407322 15653 1070190
Qc7d 0.393911 404985 16575 1070190
9d6c 0.39367 405012 16289.5 1070190
Qc7s 0.393324 404386 16545.5 1070190
Qc7h 0.393324 404386 16545.5 1070190
9h6c 0.393079 404448 16221.5 1070190
9s6c 0.393079 404448 16221.5 1070190
Kd4d 0.390696 399645 18473.5 1070190
Qd7d 0.388391 400027 15625.5 1070190
Kh6d 0.388266 398020 17498.5 1070190
Ks6d 0.388266 398020 17498.5 1070190
Kd6h 0.388253 397967 17537.5 1070190
Kd6s 0.388253 397967 17537.5 1070190
Kh6s 0.387627 397366 17469 1070190
Ks6s 0.387627 397366 17469 1070190
Kh6h 0.387627 397366 17469 1070190
Ks6h 0.387627 397366 17469 1070190
Qd7c 0.387168 398056 16287.5 1070190
Kd4c 0.386875 394841 19189 1070190
Kc3d 0.386572 394780 18926 1070190
Qs7c 0.386541 397448 16224.5 1070190
Qh7c 0.386541 397448 16224.5 1070190
Ks4c 0.386286 394292 19107.5 1070190
Kh4c 0.386286 394292 19107.5 1070190
Qc6d 0.386094 395257 17937 1070190
Kc3h 0.385946 394132 18903.5 1070190
Kc3s 0.385946 394132 18903.5 1070190
Qc6s 0.385482 394631 17907.5 1070190
Qc6h 0.385482 394631 17907.5 1070190
Kc2d 0.385059 393160 18926 1070190
Kc2h 0.384432 392512 18903.5 1070190
Kc2s 0.384432 392512 18903.5 1070190
Qd6d 0.381021 390852 16912.5 1070190
Kd3d 0.379395 388232 17793 1070190
Qd6c 0.378388 387346 17601.5 1070190
Kd2d 0.377797 386522 17793 1070190
Qs6c 0.377784 386768 17532.5 1070190
Qh6c 0.377784 386768 17532.5 1070190
Kd3c 0.373988 381769 18469.5 1070190
Ks3c 0.373403 381225 18387.5 1070190
Kh3c 0.373403 381225 18387.5 1070190
Kd2c 0.371079 378655 18469.5 1070190
Ks2c 0.370494 378111 18387.5 1070190
Kh2c 0.370494 378111 18387.5 1070190
9h6d 0.3671 376497 16370 1070190
9s6d 0.3671 376497 16370 1070190
9d6h 0.367075 376435 16405.5 1070190
9d6s 0.367075 376435 16405.5 1070190
9h6s 0.366485 375871 16337.5 1070190
9h6h 0.366485 375871 16337.5 1070190
9s6h 0.366485 375871 16337.5 1070190
9s6s 0.366485 375871 16337.5 1070190
Kh4d 0.360478 366401 19379 1070190
Ks4d 0.360478 366401 19379 1070190
Kd4h 0.360469 366336 19434.5 1070190
Kd4s 0.360469 366336 19434.5 1070190
Ks4h 0.35988 365787 19353 1070190
Kh4s 0.35988 365787 19353 1070190
Kh4h 0.35988 365787 19353 1070190
Ks4s 0.35988 365787 19353 1070190
Qc4d 0.358975 364312 19859 1070190
Qd7s 0.358596 367339 16427 1070190
Qd7h 0.358596 367339 16427 1070190
Qh7d 0.358556 367330 16393.5 1070190
Qs7d 0.358556 367330 16393.5 1070190
Qc4h 0.358404 363727 19833 1070190
Qc4s 0.358404 363727 19833 1070190
Qs7h 0.357969 366731 16364 1070190
Qs7s 0.357969 366731 16364 1070190
Qh7s 0.357969 366731 16364 1070190
Qh7h 0.357969 366731 16364 1070190
Qd4d 0.353976 360118 18704 1070190
Qs6d 0.350672 357539 17746.5 1070190
Qh6d 0.350672 357539 17746.5 1070190
Qd6h 0.350664 357491 17786 1070190
Qd6s 0.350664 357491 17786 1070190
Qh6s 0.350059 356913 17717 1070190
Qh6h 0.350059 356913 17717 1070190
Qs6h 0.350059 356913 17717 1070190
Qs6s 0.350059 356913 17717 1070190
Qd4c 0.349377 354483 19417 1070190
Qs4c 0.348809 353957 19335 1070190
Qh4c 0.348809 353957 19335 1070190
Ks3d 0.348378 354181 18650 1070190
Kh3d 0.348378 354181 18650 1070190
Kd3h 0.348337 354077 18709.5 1070190
Kd3s 0.348337 354077 18709.5 1070190
Kh3h 0.347752 353533 18627.5 1070190
Kh3s 0.347752 353533 18627.5 1070190
Ks3s 0.347752 353533 18627.5 1070190
Ks3h 0.347752 353533 18627.5 1070190
Qc3d 0.347172 352381 19159.5 1070190
Kh2d 0.34678 352471 18650 1070190
Ks2d 0.34678 352471 18650 1070190
Kd2h 0.346739 352367 18709.5 1070190
Kd2s 0.346739 352367 18709.5 1070190
Qc3s 0.346574 351763 19137 1070190
Qc3h 0.346574 351763 19137 1070190
Kh2s 0.346154 351823 18627.5 1070190
Ks2h 0.346154 351823 18627.5 1070190
Ks2s 0.346154 351823 18627.5 1070190
Kh2h 0.346154 351823 18627.5 1070190
Qc2d 0.345659 350761 19159.5 1070190
Qc2s 0.34506 350143 19137 1070190
Qc2h 0.34506 350143 19137 1070190
7d4d 0.343577 347726 19967 1070190
Jc6d 0.342943 349693 17321 1070190
7c4d 0.342742 345700 21099.5 1070190
Qd3d 0.342519 348537 18023.5 1070190
Jc6s 0.342358 349093 17295 1070190
Jc6h 0.342358 349093 17295 1070190
7c4s 0.342212 345172 21059.5 1070190
7c4h 0.342212 345172 21059.5 1070190
Qd2d 0.340921 346827 18023.5 1070190
Jd6d 0.340418 347996 16315.5 1070190
7d4c 0.34006 343051 20878 1070190
7s4c 0.339562 342591 20804.5 1070190
7h4c 0.339562 342591 20804.5 1070190
Jd6c 0.336963 343645 16969 1070190
Js6c 0.336384 343096 16899 1070190
Jh6c 0.336384 343096 16899 1070190
Qd3c 0.336323 341232 18697.5 1070190
Qh3c 0.335759 340711 18615 1070190
Qs3c 0.335759 340711 18615 1070190
Qd2c 0.333413 338118 18697.5 1070190
Qh2c 0.332849 337597 18615 1070190
Qs2c 0.332849 337597 18615 1070190
Jc4d 0.325601 328602 19853 1070190
Jc4h 0.325057 328046 19827 1070190
Jc4s 0.325057 328046 19827 1070190
6d4d 0.325013 329907 17919 1070190
Jd4d 0.322944 326908 18703.5 1070190
6c4d 0.322539 326242 18936 1070190
Qs4d 0.322489 325498 19627 1070190
Qh4d 0.322489 325498 19627 1070190
Qd4h 0.322487 325439 19683 1070190
Qd4s 0.322487 325439 19683 1070190
6c4s 0.322034 325742 18896 1070190
6c4h 0.322034 325742 18896 1070190
Qh4h 0.321919 324913 19601 1070190
Qh4s 0.321919 324913 19601 1070190
Qs4s 0.321919 324913 19601 1070190
Qs4h 0.321919 324913 19601 1070190
6d4c 0.320804 324552 18769.5 1070190
6s4c 0.320291 324068 18704.5 1070190
6h4c 0.320291 324068 18704.5 1070190
Jd4c 0.317708 320591 19417 1070190
Jh4c 0.317161 320088 19335 1070190
Js4c 0.317161 320088 19335 1070190
7s4d 0.314077 315177 20945.5 1070190
7h4d 0.314077 315177 20945.5 1070190
7d4h 0.314045 315109 20979 1070190
7d4s 0.314045 315109 20979 1070190
Jc3d 0.313854 316730 19153.5 1070190
7s4h 0.313547 314649 20905.5 1070190
7h4s 0.313547 314649 20905.5 1070190
7h4h 0.313547 314649 20905.5 1070190
7s4s 0.313547 314649 20905.5 1070190
Jc3h 0.313284 316142 19131 1070190
Jc3s 0.313284 316142 19131 1070190
Jc2d 0.31234 315110 19153.5 1070190
Jc2h 0.31177 314522 19131 1070190
Jc2s 0.31177 314522 19131 1070190
Jd3d 0.311542 315386 18023 1070190
Qh3d 0.310222 313098 18898 1070190
Qs3d 0.310222 313098 18898 1070190
Qd3s 0.310187 313001 18958 1070190
Qd3h 0.310187 313001 18958 1070190
Jd2d 0.309944 313676 18023 1070190
Qh3h 0.309623 312480 18875.5 1070190
Qh3s 0.309623 312480 18875.5 1070190
Qs3s 0.309623 312480 18875.5 1070190
Qs3h 0.309623 312480 18875.5 1070190
Qs2d 0.308624 311388 18898 1070190
Qh2d 0.308624 311388 18898 1070190
Qd2s 0.308589 311291 18958 1070190
Qd2h 0.308589 311291 18958 1070190
Jh6d 0.308451 312983 17118.5 1070190
Js6d 0.308451 312983 17118.5 1070190
Jd6s 0.308445 312932 17162.5 1070190
Jd6h 0.308445 312932 17162.5 1070190
Qs2h 0.308025 310770 18875.5 1070190
Qs2s 0.308025 310770 18875.5 1070190
Qh2h 0.308025 310770 18875.5 1070190
Qh2s 0.308025 310770 18875.5 1070190
Js6s 0.307866 312383 17092.5 1070190
Js6h 0.307866 312383 17092.5 1070190
Jh6h 0.307866 312383 17092.5 1070190
Jh6s 0.307866 312383 17092.5 1070190
Jd3c 0.304704 307394 18697.5 1070190
Js3c 0.304162 306896 18615 1070190
Jh3c 0.304162 306896 18615 1070190
Jd2c 0.301795 304280 18697.5 1070190
Js2c 0.301252 303782 18615 1070190
Jh2c 0.301252 303782 18615 1070190
6d4h 0.294528 296384 18817 1070190
6d4s 0.294528 296384 18817 1070190
6h4d 0.29452 296400 18792 1070190
6s4d 0.29452 296400 18792 1070190
6h4h 0.294015 295900 18752 1070190
6h4s 0.294015 295900 18752 1070190
6s4s 0.294015 295900 18752 1070190
6s4h 0.294015 295900 18752 1070190
Jd4h 0.290454 291146 19694.5 1070190
Jd4s 0.290454 291146 19694.5 1070190
Js4d 0.290451 291199 19638.5 1070190
Jh4d 0.290451 291199 19638.5 1070190
Js4h 0.289907 290643 19612.5 1070190
Jh4h 0.289907 290643 19612.5 1070190
Jh4s 0.289907 290643 19612.5 1070190
Js4s 0.289907 290643 19612.5 1070190
9d4d 0.278366 279423 18481.5 1070190
Jh3d 0.278241 278861 18909.5 1070190
Js3d 0.278241 278861 18909.5 1070190
Jd3h 0.278213 278771 18969.5 1070190
Jd3s 0.278213 278771 18969.5 1070190
Jh3s 0.27767 278273 18887 1070190
Jh3h 0.27767 278273 18887 1070190
Js3s 0.27767 278273 18887 1070190
Js3h 0.27767 278273 18887 1070190
9c4d 0.277071 276872 19646.5 1070190
9d3d 0.277037 278001 18481.5 1070190
Js2d 0.276643 277151 18909.5 1070190
Jh2d 0.276643 277151 18909.5 1070190
Jd2s 0.276615 277061 18969.5 1070190
Jd2h 0.276615 277061 18969.5 1070190
9c4h 0.276557 276347 19622 1070190
9c4s 0.276557 276347 19622 1070190
Jh2h 0.276072 276563 18887 1070190
Jh2s 0.276072 276563 18887 1070190
Js2h 0.276072 276563 18887 1070190
Js2s 0.276072 276563 18887 1070190
9c3d 0.275616 275315 19646.5 1070190
9d2d 0.275439 276291 18481.5 1070190
9c3h 0.275075 274760 19622 1070190
9c3s 0.275075 274760 19622 1070190
9c2d 0.274102 273695 19646.5 1070190
9c2s 0.273561 273140 19622 1070190
9c2h 0.273561 273140 19622 1070190
9d4c 0.272574 272505 19201 1070190
9s4c 0.272053 272027 19121 1070190
9h4c 0.272053 272027 19121 1070190
9d3c 0.269848 269588 19201 1070190
9s3c 0.269327 269110 19121 1070190
9h3c 0.269327 269110 19121 1070190
9d2c 0.266939 266474 19201 1070190
9s2c 0.266417 265996 19121 1070190
9h2c 0.266417 265996 19121 1070190
9d4s 0.244425 242097 19484.5 1070190
9d4h 0.244425 242097 19484.5 1070190
9h4d 0.244417 242144 19429 1070190
9s4d 0.244417 242144 19429 1070190
9h4s 0.243904 241619 19404.5 1070190
9h4h 0.243904 241619 19404.5 1070190
9s4h 0.243904 241619 19404.5 1070190
9s4s 0.243904 241619 19404.5 1070190
9h3d 0.242926 240548 19429 1070190
9s3d 0.242926 240548 19429 1070190
9d3s 0.242906 240471 19484.5 1070190
9d3h 0.242906 240471 19484.5 1070190
9h3s 0.242385 239993 19404.5 1070190
9h3h 0.242385 239993 19404.5 1070190
9s3s 0.242385 239993 19404.5 1070190
9s3h 0.242385 239993 19404.5 1070190
9s2d 0.241328 238838 19429 1070190
9h2d 0.241328 238838 19429 1070190
9d2s 0.241308 238761 19484.5 1070190
9d2h 0.241308 238761 19484.5 1070190
9s2h 0.240787 238283 19404.5 1070190
9h2s 0.240787 238283 19404.5 1070190
9h2h 0.240787 238283 19404.5 1070190
9s2s 0.240787 238283 19404.5 1070190
7d3d 0.237171 233815 20002.5 1070190
7d2d 0.235573 232105 20002.5 1070190
7c3d 0.233866 229098 21183.5 1070190
7c3s 0.233369 228598 21151.5 1070190
7c3h 0.233369 228598 21151.5 1070190
7c2d 0.232353 227478 21183.5 1070190
7c2h 0.231856 226978 21151.5 1070190
7c2s 0.231856 226978 21151.5 1070190
7d3c 0.229689 224885 20926 1070190
7h3c 0.229239 224475 20854.5 1070190
7s3c 0.229239 224475 20854.5 1070190
7d2c 0.226779 221771 20926 1070190
7s2c 0.226329 221361 20854.5 1070190
7h2c 0.226329 221361 20854.5 1070190
6d3d 0.221019 218171 18361 1070190
6d2d 0.219421 216461 18361 1070190
6c3d 0.216109 211829 19448.5 1070190
6c3h 0.215636 211356 19415.5 1070190
6c3s 0.215636 211356 19415.5 1070190
6c2d 0.214595 210209 19448.5 1070190
6c2h 0.214122 209736 19415.5 1070190
6c2s 0.214122 209736 19415.5 1070190
6d3c 0.212968 208661 19255.5 1070190
6s3c 0.212504 208228 19192 1070190
6h3c 0.212504 208228 19192 1070190
6d2c 0.210058 205547 19255.5 1070190
6s2c 0.209595 205114 19192 1070190
6h2c 0.209595 205114 19192 1070190
7h3d 0.201863 194973 21059 1070190
7s3d 0.201863 194973 21059 1070190
7d3h 0.201816 194883 21098.5 1070190
7d3s 0.201816 194883 21098.5 1070190
7s3h 0.201366 194473 21027 1070190
7s3s 0.201366 194473 21027 1070190
7h3s 0.201366 194473 21027 1070190
7h3h 0.201366 194473 21027 1070190
7h2d 0.200265 193263 21059 1070190
7s2d 0.200265 193263 21059 1070190
7d2s 0.200218 193173 21098.5 1070190
7d2h 0.200218 193173 21098.5 1070190
7s2s 0.199768 192763 21027 1070190
7h2s 0.199768 192763 21027 1070190
7h2h 0.199768 192763 21027 1070190
7s2h 0.199768 192763 21027 1070190
4d3d 0.197157 192650 18345.5 1070190
4d2d 0.195559 190940 18345.5 1070190
4c3d 0.190293 184311 19338.5 1070190
4c3h 0.189865 183900 19291.5 1070190
4c3s 0.189865 183900 19291.5 1070190
4d3c 0.189092 183037 19327 1070190
4c2d 0.188779 182691 19338.5 1070190
4s3c 0.188684 182651 19277 1070190
4h3c 0.188684 182651 19277 1070190
4c2h 0.188351 182280 19291.5 1070190
4c2s 0.188351 182280 19291.5 1070190
4d2c 0.186182 179923 19327 1070190
4s2c 0.185774 179537 19277 1070190
4h2c 0.185774 179537 19277 1070190
6h3d 0.184903 178544 19337 1070190
6s3d 0.184903 178544 19337 1070190
6d3s 0.184894 178504 19367.5 1070190
6d3h 0.184894 178504 19367.5 1070190
6h3h 0.18443 178071 19304 1070190
6h3s 0.18443 178071 19304 1070190
6s3s 0.18443 178071 19304 1070190
6s3h 0.18443 178071 19304 1070190
3d2d 0.18425 179577 17605 1070190
6s2d 0.183305 176834 19337 1070190
6h2d 0.183305 176834 19337 1070190
6d2h 0.183296 176794 19367.5 1070190
6d2s 0.183296 176794 19367.5 1070190
6h2h 0.182832 176361 19304 1070190
6h2s 0.182832 176361 19304 1070190
6s2s 0.182832 176361 19304 1070190
6s2h 0.182832 176361 19304 1070190
3c2d 0.175796 169578 18557.5 1070190
3c2s 0.175374 169173 18510.5 1070190
3c2h 0.175374 169173 18510.5 1070190
3d2c 0.174526 168219 18557.5 1070190
3h2c 0.174104 167814 18510.5 1070190
3s2c 0.174104 167814 18510.5 1070190
4h3d 0.160391 152329 19320 1070190
4s3d 0.160391 152329 19320 1070190
4d3s 0.160371 152304 19323 1070190
4d3h 0.160371 152304 19323 1070190
4s3h 0.159963 151918 19273 1070190
4s3s 0.159963 151918 19273 1070190
4h3s 0.159963 151918 19273 1070190
4h3h 0.159963 151918 19273 1070190
4h2d 0.158793 150619 19320 1070190
4s2d 0.158793 150619 19320 1070190
4d2h 0.158773 150594 19323 1070190
4d2s 0.158773 150594 19323 1070190
4h2s 0.158365 150208 19273 1070190
4s2s 0.158365 150208 19273 1070190
4s2h 0.158365 150208 19273 1070190
4h2h 0.158365 150208 19273 1070190
3d2h 0.146643 138409 18527 1070190
3d2s 0.146643 138409 18527 1070190
3h2d 0.146643 138409 18527 1070190
3s2d 0.146643 138409 18527 1070190
3h2h 0.146221 138004 18480 1070190
3h2s 0.146221 138004 18480 1070190
3s2h 0.146221 138004 18480 1070190
3s2s 0.146221 138004 18480 1070190
