AdAc 0.954128 1021098 0 1070190
AsAc 0.953758 1020702 0 1070190
AsAd 0.953755 1020699 0 1070190
8h8c 0.946412 1012776 64.5 1070190
8s8c 0.946042 1012380 64.5 1070190
8s8h 0.946036 1012374 64.5 1070190
5h5d 0.939629 1005462 120 1070190
5s5d 0.939257 1005063 120 1070190
5s5h 0.939254 1005060 120 1070190
Ac8c 0.924508 986613 2786 1070190
Ad8h 0.920344 982089 2853.5 1070190
Ad8c 0.920244 981960 2876 1070190
Ac8h 0.920241 981957 2876 1070190
As8h 0.919889 981603 2853.5 1070190
Ad8s 0.919889 981603 2853.5 1070190
As8c 0.91979 981474 2876 1070190
Ac8s 0.919787 981471 2876 1070190
As8s 0.919435 981117 2853.5 1070190
Ad5d 0.911277 969681 5558 1070190
Ac5h 0.906669 964659 5649.5 1070190
Ad5h 0.906665 964656 5648 1070190
Ac5d 0.906567 964527 5672 1070190
As5h 0.906316 964305 5625.5 1070190
As5d 0.906214 964173 5648 1070190
Ac5s 0.906212 964170 5649.5 1070190
Ad5s 0.906208 964167 5648 1070190
As5s 0.905859 963816 5625.5 1070190
AdKd 0.873188 931194 3283.5 1070190
AcKc 0.873132 931134 3283.5 1070190
8h5h 0.868986 923677 6303.5 1070190
AdQd 0.867565 924408 4051.5 1070190
AcQc 0.867506 924348 4048.5 1070190
AcKh 0.86606 923430 3418.5 1070190
AdKh 0.86606 923430 3418.5 1070190
AcKd 0.865988 923331 3441 1070190
AdKc 0.865988 923331 3441 1070190
AsKh 0.86529 922629 3396 1070190
AsKd 0.865219 922530 3418.5 1070190
AsKc 0.865219 922530 3418.5 1070190
AcKs 0.865157 922464 3418.5 1070190
AdKs 0.865157 922464 3418.5 1070190
AsKs 0.864388 921663 3396 1070190
8c5d 0.863689 917916 6395 1070190
8h5d 0.863682 917910 6393.5 1070190
8c5h 0.863623 917823 6417.5 1070190
8s5d 0.863333 917559 6371 1070190
8c5s 0.863271 917469 6395 1070190
8s5h 0.863267 917466 6393.5 1070190
8h5s 0.863264 917463 6393.5 1070190
8s5s 0.862915 917112 6371 1070190
AdJd 0.862198 917988 4728 1070190
AcJc 0.862137 917928 4722 1070190
AcQh 0.860182 916340 4218.5 1070190
AdQh 0.860182 916340 4218.5 1070190
AcQd 0.860111 916241 4241 1070190
AdQc 0.860111 916241 4241 1070190
AsQh 0.85945 915583 4192 1070190
AsQd 0.859379 915484 4214.5 1070190
AsQc 0.859379 915484 4214.5 1070190
AdQs 0.859285 915380 4218.5 1070190
AcQs 0.859285 915380 4218.5 1070190
Ad9d 0.858847 912498 6631.5 1070190
Ac9c 0.858785 912444 6619.5 1070190
AsQs 0.858553 914623 4192 1070190
AdTd 0.856785 911610 5313 1070190
AcTc 0.856721 911550 5304 1070190
AdJh 0.854573 909632 4923 1070190
AcJh 0.854573 909632 4923 1070190
AdJc 0.854501 909533 4945.5 1070190
AcJd 0.854501 909533 4945.5 1070190
AsJh 0.853876 908917 4893 1070190
AsJd 0.853805 908818 4915.5 1070190
AsJc 0.853805 908818 4915.5 1070190
AcJs 0.853681 908678 4923 1070190
AdJs 0.853681 908678 4923 1070190
AsJs 0.852985 907963 4893 1070190
Ad7d 0.852189 899684 12320.5 1070190
Ac7c 0.852085 899534 12358.5 1070190
Ac9h 0.851327 904155 6926.5 1070190
Ad9h 0.851327 904155 6926.5 1070190
Ac9d 0.851257 904058 6948.5 1070190
Ad9c 0.851257 904058 6948.5 1070190
As9h 0.850691 903510 6891 1070190
As9d 0.850621 903413 6913 1070190
As9c 0.850621 903413 6913 1070190
Ac9s 0.850465 903237 6922.5 1070190
Ad9s 0.850465 903237 6922.5 1070190
As9s 0.849829 902592 6887 1070190
AcTh 0.848877 902928 5532 1070190
AdTh 0.848877 902928 5532 1070190
AcTd 0.848806 902829 5554.5 1070190
AdTc 0.848806 902829 5554.5 1070190
Ad6d 0.848443 894734 13261.5 1070190
Ac6c 0.848384 894650 13282.5 1070190
AsTh 0.848216 902253 5499 1070190
AsTd 0.848144 902154 5521.5 1070190
AsTc 0.848144 902154 5521.5 1070190
AdTs 0.847986 901974 5532 1070190
AcTs 0.847986 901974 5532 1070190
AsTs 0.847324 901299 5499 1070190
Ad7h 0.844661 891043 12904.5 1070190
Ac7h 0.844651 891037 12900.5 1070190
Ac7d 0.844583 890942 12922 1070190
Ad7c 0.844577 890930 12928 1070190
As7h 0.844074 890479 12841 1070190
As7d 0.844006 890384 12862.5 1070190
As7c 0.843991 890366 12864.5 1070190
Ad7s 0.843835 890167 12896.5 1070190
Ac7s 0.843825 890161 12892.5 1070190
Ac4c 0.843738 887532 15427.5 1070190
Ad4d 0.843735 887513 15444 1070190
As7s 0.843248 889603 12833 1070190
Ad6h 0.84069 885805 13893.5 1070190
Ac6h 0.840676 885793 13890.5 1070190
Ac6d 0.840608 885698 13912 1070190
Ad6c 0.840606 885692 13916.5 1070190
As6h 0.840127 885271 13824 1070190
As6d 0.840058 885176 13845.5 1070190
As6c 0.840042 885158 13847 1070190
Ad6s 0.839859 884923 13885.5 1070190
Ac6s 0.839845 884911 13882.5 1070190
As6s 0.839295 884389 13816 1070190
Ac3c 0.83851 882703 14662 1070190
Ad3d 0.838508 882684 14678.5 1070190
Ad2d 0.83844 882612 14678.5 1070190
Ac2c 0.838437 882625 14662 1070190
Ad4h 0.835812 878301 16177 1070190
Ac4h 0.83581 878302 16173.5 1070190
Ad4c 0.835729 878189 16199.5 1070190
Ac4d 0.835726 878189 16197 1070190
As4h 0.835284 877820 16092.5 1070190
As4d 0.8352 877707 16116 1070190
As4c 0.8352 877708 16115 1070190
Ad4s 0.834981 877419 16169 1070190
Ac4s 0.834978 877420 16165.5 1070190
As4s 0.834452 876938 16084.5 1070190
Ad3h 0.830033 872934 15359.5 1070190
Ac3h 0.830031 872935 15356 1070190
Ad2h 0.829966 872862 15359.5 1070190
Ac2h 0.829964 872863 15356 1070190
Ad3c 0.829948 872820 15382.5 1070190
Ac3d 0.829946 872820 15380 1070190
Ad2c 0.829881 872748 15382.5 1070190
Ac2d 0.829879 872748 15380 1070190
As3h 0.82951 872459 15274.5 1070190
As2h 0.829443 872387 15274.5 1070190
As3d 0.829425 872344 15298.5 1070190
As3c 0.829425 872345 15297.5 1070190
As2d 0.829358 872272 15298.5 1070190
As2c 0.829358 872273 15297.5 1070190
Ad3s 0.829166 872010 15355.5 1070190
Ac3s 0.829164 872011 15352 1070190
Ad2s 0.829099 871938 15355.5 1070190
Ac2s 0.829097 871939 15352 1070190
As3s 0.828643 871535 15270.5 1070190
As2s 0.828576 871463 15270.5 1070190
KhKd 0.775388 829317 495 1070190
KhKc 0.775388 829317 495 1070190
KdKc 0.775345 829272 495 1070190
KsKh 0.774611 828486 495 1070190
KsKd 0.774569 828441 495 1070190
KsKc 0.774569 828441 495 1070190
QhQc 0.756875 809505 495 1070190
QhQd 0.756875 809505 495 1070190
QdQc 0.756833 809460 495 1070190
QsQh 0.756104 808680 495 1070190
QsQc 0.756062 808635 495 1070190
QsQd 0.756062 808635 495 1070190
JhJd 0.738362 789693 495 1070190
JhJc 0.738362 789693 495 1070190
JdJc 0.73832 789648 495 1070190
JsJh 0.737597 788874 495 1070190
JsJd 0.737555 788829 495 1070190
JsJc 0.737555 788829 495 1070190
Kh8h 0.733602 776514 8580 1070190
Kc8c 0.731859 774387 8841 1070190
Qh8h 0.728762 770790 9124 1070190
Qc8c 0.727126 768809 9354 1070190
Jh8h 0.723737 764515 10021 1070190
Jc8c 0.722198 762666 10223.5 1070190
9h8h 0.721214 758613 13223 1070190
9c8c 0.71987 757017 13381 1070190
ThTc 0.719143 769125 495 1070190
ThTd 0.719143 769125 495 1070190
TdTc 0.719101 769080 495 1070190
Th8h 0.718446 757722 11152 1070190
TsTh 0.718378 768306 495 1070190
TsTc 0.718336 768261 495 1070190
TsTd 0.718336 768261 495 1070190
Kd8c 0.718075 759501 8976 1070190
Kh8c 0.718063 759465 8998.5 1070190
Kd8h 0.71805 759438 9012 1070190
Kc8h 0.717995 759357 9034.5 1070190
Kd8s 0.717314 758709 8953.5 1070190
Kh8s 0.717302 758673 8976 1070190
Kc8s 0.71726 758628 8976 1070190
Ks8c 0.717232 758598 8976 1070190
Ks8h 0.717206 758535 9012 1070190
Tc8c 0.716996 755991 11330.5 1070190
Ks8s 0.71647 757806 8953.5 1070190
Qd8c 0.7133 753843 9524 1070190
Qh8c 0.713288 753807 9546.5 1070190
Qd8h 0.713286 753796 9556 1070190
Qc8h 0.713232 753715 9578.5 1070190
Qd8s 0.712577 753095 9497.5 1070190
Qh8s 0.712564 753059 9520 1070190
Qc8s 0.712522 753014 9520 1070190
Qs8c 0.712462 752946 9524 1070190
Qs8h 0.712448 752899 9556 1070190
Qs8s 0.711739 752198 9497.5 1070190
9h9c 0.711151 759952 1115 1070190
9h9d 0.711151 759952 1115 1070190
9d9c 0.711111 759909 1115 1070190
9s9h 0.710412 759165 1111 1070190
9s9d 0.710372 759122 1111 1070190
9s9c 0.710372 759122 1111 1070190
8h7h 0.708361 742829 15252 1070190
Jd8c 0.70829 747552 10452.5 1070190
Jd8h 0.708285 747519 10481 1070190
Jh8c 0.708277 747516 10475 1070190
Jc8h 0.708231 747438 10503.5 1070190
Jd8s 0.707605 746853 10419 1070190
Jh8s 0.707593 746817 10441.5 1070190
Jc8s 0.707551 746772 10441.5 1070190
Js8c 0.707457 746661 10452.5 1070190
Js8h 0.707453 746628 10481 1070190
8c7c 0.707131 741369 15395 1070190
Js8s 0.706773 745962 10419 1070190
9d8h 0.706312 742041 13847 1070190
9d8c 0.706302 742053 13824 1070190
9h8c 0.70629 742018 13846 1070190
9c8h 0.70626 741963 13869 1070190
9d8s 0.705685 741446 13771.5 1070190
9h8s 0.705673 741411 13793.5 1070190
9c8s 0.705633 741368 13793.5 1070190
9s8h 0.705508 741185 13843 1070190
9s8c 0.705498 741197 13820 1070190
9s8s 0.704882 740590 13767.5 1070190
8h6h 0.704621 737885 16193 1070190
8c6c 0.703429 736484 16319 1070190
Td8h 0.702931 740610 11660 1070190
Td8c 0.702927 740631 11634.5 1070190
Th8c 0.702914 740595 11657 1070190
Tc8h 0.702877 740529 11682.5 1070190
Td8s 0.702282 739983 11592 1070190
Th8s 0.702269 739947 11614.5 1070190
Tc8s 0.702227 739902 11614.5 1070190
Ts8h 0.702099 739719 11660 1070190
Ts8c 0.702094 739740 11634.5 1070190
Ts8s 0.701449 739092 11592 1070190
8h4h 0.69905 729561 18555.5 1070190
8c4c 0.697883 728226 18641.5 1070190
8h7d 0.693123 725777 15996 1070190
8c7d 0.693101 725773 15977 1070190
8c7h 0.69309 725739 15998.5 1070190
8h7c 0.693066 725693 16019.5 1070190
8h3h 0.692869 723712 17790 1070190
8h2h 0.692802 723640 17790 1070190
8s7d 0.692518 725213 15912.5 1070190
8s7h 0.692506 725179 15934 1070190
8s7c 0.692461 725129 15936 1070190
8h7s 0.692354 724962 15988 1070190
8c7s 0.692332 724958 15969 1070190
8s7s 0.691749 724398 15904.5 1070190
8c3c 0.691673 722345 17876 1070190
8c2c 0.6916 722267 17876 1070190
8h6d 0.689152 720539 16985 1070190
8c6d 0.689126 720529 16967 1070190
8c6h 0.689115 720495 16988.5 1070190
8h6c 0.689095 720455 17008 1070190
8s6d 0.68857 720005 16895.5 1070190
8s6h 0.688558 719971 16917 1070190
8s6c 0.688513 719921 16918.5 1070190
8h6s 0.688378 719718 16977 1070190
8c6s 0.688352 719708 16959 1070190
8s6s 0.687795 719184 16887.5 1070190
8h4d 0.683325 711839 19448.5 1070190
8c4d 0.683306 711840 19427.5 1070190
8c4h 0.683282 711788 19453.5 1070190
8h4c 0.683267 711754 19471 1070190
8s4d 0.682775 711358 19341.5 1070190
8s4h 0.682751 711306 19367.5 1070190
8s4c 0.682717 711273 19364 1070190
8h4s 0.68255 711018 19440.5 1070190
8c4s 0.682532 711019 19419.5 1070190
8s4s 0.682001 710537 19333.5 1070190
8h3d 0.676522 705376 18631 1070190
8c3d 0.676502 705376 18610 1070190
8c3h 0.676478 705323 18636.5 1070190
8h3c 0.676461 705288 18654 1070190
8h2d 0.676455 705304 18631 1070190
8c2d 0.676435 705304 18610 1070190
8c2h 0.67641 705251 18636.5 1070190
8h2c 0.676394 705216 18654 1070190
8s3d 0.675978 704901 18523.5 1070190
8s3h 0.675953 704848 18550 1070190
8s3c 0.675917 704813 18546.5 1070190
8s2d 0.67591 704829 18523.5 1070190
8s2h 0.675886 704776 18550 1070190
8s2c 0.67585 704741 18546.5 1070190
8h3s 0.675713 704514 18627 1070190
8c3s 0.675693 704514 18606 1070190
8h2s 0.675645 704442 18627 1070190
8c2s 0.675626 704442 18606 1070190
8s3s 0.675168 704039 18519.5 1070190
8s2s 0.675101 703967 18519.5 1070190
Kh5h 0.637872 673380 9264 1070190
Kd5d 0.637367 672579 9525 1070190
Qh5h 0.631946 666584 9718.5 1070190
Qd5d 0.631552 665929 9951.5 1070190
Jh5h 0.625969 659380 10526 1070190
Jd5d 0.625675 658857 10734.5 1070190
9h5h 0.624 654250 13549 1070190
9d5d 0.623897 653969 13719 1070190
7h7d 0.621645 663374 1904 1070190
7d7c 0.6216 663324 1906 1070190
7h7c 0.621598 663322 1906 1070190
7s7d 0.620939 662627 1896 1070190
7s7h 0.620937 662625 1896 1070190
7s7c 0.620893 662575 1898 1070190
Th5h 0.61986 651801 11567.5 1070190
Td5d 0.619657 651396 11755 1070190
7d5d 0.619515 643155 19843.5 1070190
7h5h 0.619366 643101 19738.5 1070190
6d5d 0.61784 641178 20028 1070190
6h5h 0.617692 641125 19923 1070190
Kc5d 0.617648 651336 9664.5 1070190
Kh5d 0.617648 651318 9682.5 1070190
Kc5h 0.617623 651273 9700.5 1070190
Kd5h 0.617614 651246 9718.5 1070190
Kh5s 0.616887 650526 9660 1070190
Kc5s 0.616887 650544 9642 1070190
Kd5s 0.616878 650517 9660 1070190
Ks5d 0.61685 650487 9660 1070190
Ks5h 0.616825 650424 9696 1070190
Ks5s 0.616089 649695 9637.5 1070190
Qh5d 0.611788 644588 10141 1070190
Qc5d 0.611787 644606 10122.5 1070190
Qc5h 0.611773 644559 10154.5 1070190
Qd5h 0.611765 644532 10173 1070190
Qh5s 0.611064 643840 10114.5 1070190
Qc5s 0.611063 643858 10096 1070190
Qd5s 0.611056 643831 10114.5 1070190
Qs5d 0.610996 643763 10118.5 1070190
Qs5h 0.610982 643716 10150.5 1070190
Qs5s 0.610272 643015 10092 1070190
Jh5d 0.605825 637368 10980 1070190
Jc5d 0.605824 637386 10961 1070190
Jc5h 0.60582 637353 10989.5 1070190
Jd5h 0.605813 637326 11008.5 1070190
Jh5s 0.605141 636669 10946.5 1070190
Jc5s 0.60514 636687 10927.5 1070190
Jd5s 0.605132 636660 10946.5 1070190
Js5d 0.605039 636549 10957.5 1070190
Js5h 0.605035 636516 10986 1070190
9c5h 0.604534 632791 14175.5 1070190
9d5h 0.604529 632766 14195 1070190
9h5d 0.604526 632786 14172 1070190
9c5d 0.604524 632803 14152.5 1070190
Js5s 0.604354 635850 10924 1070190
6h6d 0.604077 644609 1868.5 1070190
6d6c 0.604032 644559 1870 1070190
6h6c 0.60403 644557 1870 1070190
9h5s 0.60391 632179 14119.5 1070190
9c5s 0.603908 632196 14100 1070190
9d5s 0.603903 632171 14119.5 1070190
9s5h 0.603778 631988 14169 1070190
9s5d 0.603768 632000 14146 1070190
6s6d 0.603366 643856 1860.5 1070190
6s6h 0.603364 643854 1860.5 1070190
6s6c 0.603319 643804 1862 1070190
9s5s 0.603151 631393 14093.5 1070190
5d4d 0.601945 623918 20277 1070190
5h4h 0.601851 623920 20174.5 1070190
7d5h 0.600352 621759 20732 1070190
7c5h 0.600347 621773 20712.5 1070190
7h5d 0.600338 621759 20717 1070190
7c5d 0.600335 621775 20697.5 1070190
7d5s 0.599782 621261 20620 1070190
7h5s 0.59978 621259 20620 1070190
7c5s 0.599777 621275 20600.5 1070190
Tc5h 0.599647 629658 12078.5 1070190
Th5d 0.599644 629661 12072.5 1070190
Tc5d 0.599643 629679 12053 1070190
Td5h 0.59964 629631 12098 1070190
7s5h 0.599633 621019 20702.5 1070190
7s5d 0.599621 621021 20687.5 1070190
7s5s 0.599063 620521 20590.5 1070190
Th5s 0.598999 629013 12030 1070190
Tc5s 0.598998 629031 12010.5 1070190
Td5s 0.598991 629004 12030 1070190
Ts5h 0.598862 628821 12075.5 1070190
Ts5d 0.598858 628842 12050 1070190
6d5h 0.598669 619757 20932.5 1070190
6c5h 0.598663 619771 20912.5 1070190
6h5d 0.598655 619757 20917.5 1070190
6c5d 0.598651 619773 20897.5 1070190
Ts5s 0.598213 628194 12007.5 1070190
6d5s 0.598104 619266 20818.5 1070190
6h5s 0.598102 619264 20818.5 1070190
6c5s 0.598098 619280 20798.5 1070190
6s5h 0.597944 619011 20903 1070190
6s5d 0.597932 619013 20888 1070190
6s5s 0.597379 618520 20789 1070190
5d3d 0.593626 615841 19452 1070190
5d2d 0.593559 615769 19452 1070190
5h3h 0.593558 615870 19349.5 1070190
5h2h 0.59349 615798 19349.5 1070190
5h4c 0.581924 601597 21172.5 1070190
5h4d 0.581923 601573 21195 1070190
5d4h 0.581909 601573 21180 1070190
5d4c 0.581908 601597 21155 1070190
5s4h 0.581363 601091 21077.5 1070190
5s4c 0.581362 601115 21052.5 1070190
5s4d 0.58136 601091 21075 1070190
5h4s 0.581206 600837 21163.5 1070190
5d4s 0.581189 600837 21146 1070190
5s4s 0.580643 600355 21043.5 1070190
5h3c 0.572871 592789 20291.5 1070190
5h3d 0.572868 592763 20314.5 1070190
5d3h 0.572854 592763 20299.5 1070190
5d3c 0.572853 592788 20274 1070190
5h2c 0.572803 592717 20291.5 1070190
5h2d 0.572801 592691 20314.5 1070190
5d2h 0.572787 592691 20299.5 1070190
5d2c 0.572786 592716 20274 1070190
5s3h 0.572314 592288 20197 1070190
5s3c 0.572314 592313 20171.5 1070190
5s3d 0.572311 592287 20194.5 1070190
5s2h 0.572247 592216 20197 1070190
5s2c 0.572247 592241 20171.5 1070190
5s2d 0.572244 592215 20194.5 1070190
5h3s 0.572119 591989 20286.5 1070190
5d3s 0.572101 591988 20269 1070190
5h2s 0.572051 591917 20286.5 1070190
5d2s 0.572034 591916 20269 1070190
5s3s 0.571562 591513 20166.5 1070190
5s2s 0.571494 591441 20166.5 1070190
KhQh 0.532918 561093 9230 1070190
KdQd 0.532282 560150 9493 1070190
KcQc 0.532166 560030 9488.5 1070190
KhJh 0.52313 549701 10147 1070190
KdJd 0.522464 548687 10448.5 1070190
KcJc 0.522342 548561 10444 1070190
KhTh 0.513628 538747 10933 1070190
KdTd 0.512948 537684 11267.5 1070190
KcTc 0.51282 537552 11263 1070190
KhQd 0.508209 534114 9766 1070190
KhQc 0.508209 534114 9766 1070190
KdQh 0.508205 534106 9770 1070190
KcQh 0.508205 534106 9770 1070190
KcQd 0.508131 534031 9766 1070190
KdQc 0.508131 534031 9766 1070190
KhQs 0.507481 533358 9743.5 1070190
KsQh 0.507477 533353 9743.5 1070190
KdQs 0.507404 533275 9743.5 1070190
KcQs 0.507404 533275 9743.5 1070190
KsQc 0.507403 533278 9739.5 1070190
KsQd 0.507403 533278 9739.5 1070190
Kh9h 0.507228 530439 12391 1070190
KsQs 0.506675 532522 9717 1070190
Kd9d 0.506549 529351 12753 1070190
Kc9c 0.506422 529219 12748.5 1070190
4h4d 0.504059 533793 5645.5 1070190
4h4c 0.504059 533794 5644.5 1070190
4d4c 0.504056 533794 5642 1070190
4s4h 0.503393 533091 5635.5 1070190
4s4d 0.503391 533091 5633 1070190
4s4c 0.503391 533092 5632 1070190
KhJc 0.497986 522173 10767 1070190
KhJd 0.497986 522173 10767 1070190
KcJh 0.497986 522172 10767.5 1070190
KdJh 0.497986 522172 10767.5 1070190
KcJd 0.497912 522097 10763.5 1070190
KdJc 0.497912 522097 10763.5 1070190
KsJh 0.497293 521461 10737.5 1070190
KhJs 0.497265 521423 10744.5 1070190
KsJd 0.49722 521386 10733.5 1070190
KsJc 0.49722 521386 10733.5 1070190
KcJs 0.49719 521347 10741 1070190
KdJs 0.49719 521347 10741 1070190
KsJs 0.496498 520636 10711 1070190
Kh7h 0.492166 506865 19846 1070190
Kd7d 0.491646 506013 20142 1070190
Kc7c 0.491407 505695 20203.5 1070190
KcTh 0.488049 510683 11622.5 1070190
KdTh 0.488049 510683 11622.5 1070190
KhTc 0.488048 510679 11625 1070190
KhTd 0.488048 510679 11625 1070190
KcTd 0.487975 510608 11618.5 1070190
KdTc 0.487975 510608 11618.5 1070190
KsTh 0.487391 510012 11589.5 1070190
KhTs 0.487326 509929 11602.5 1070190
KsTd 0.487318 509937 11585.5 1070190
KsTc 0.487318 509937 11585.5 1070190
KdTs 0.487254 509858 11596 1070190
KcTs 0.487254 509858 11596 1070190
KsTs 0.486596 509187 11563 1070190
Kh6h 0.485807 498705 21200.5 1070190
Kd6d 0.485282 497847 21496.5 1070190
Kc6c 0.485099 497607 21541.5 1070190
7d6d 0.482566 496240 20197 1070190
7h6h 0.482213 496105 19954.5 1070190
7c6c 0.482123 495546 20417 1070190
Kd9h 0.481629 502243 13192 1070190
Kh9c 0.481629 502238 13197 1070190
Kh9d 0.481629 502238 13197 1070190
Kc9h 0.481629 502243 13192 1070190
Kd9c 0.481557 502170 13188 1070190
Kc9d 0.481557 502170 13188 1070190
Ks9h 0.480998 501603 13156.5 1070190
Kh9s 0.480937 501523 13171 1070190
Ks9c 0.480926 501530 13152.5 1070190
Ks9d 0.480926 501530 13152.5 1070190
Kc9s 0.480865 501455 13162 1070190
Kd9s 0.480865 501455 13162 1070190
Ks9s 0.480234 500815 13126.5 1070190
3h3c 0.474976 503290 5024.5 1070190
3h3d 0.474976 503289 5025.5 1070190
3d3c 0.474973 503289 5022 1070190
QhJh 0.47463 497940 10004 1070190
3s3h 0.47428 502550 5019.5 1070190
3s3c 0.474277 502550 5016 1070190
3s3d 0.474277 502549 5017 1070190
QdJd 0.474117 497084 10311 1070190
QcJc 0.473993 496956 10306.5 1070190
Kh4h 0.46876 477805 23857.5 1070190
Kd4d 0.46822 476932 24152 1070190
Kc4c 0.468149 476833 24175 1070190
Kh7d 0.466853 478651 20970 1070190
Kh7c 0.466788 478582 20970 1070190
Kd7h 0.466786 478579 20971 1070190
Kc7h 0.466783 478582 20965 1070190
Kc7d 0.466778 478580 20961 1070190
Kd7c 0.466716 478508 20967 1070190
Ks7h 0.466206 478021 20907.5 1070190
Ks7d 0.4662 478019 20903.5 1070190
Kh7s 0.466192 477973 20940.5 1070190
Ks7c 0.466135 477950 20903.5 1070190
Kd7s 0.46612 477899 20937.5 1070190
Kc7s 0.466117 477902 20931.5 1070190
Ks7s 0.465539 477341 20874 1070190
QhTh 0.465129 486986 10790 1070190
QdTd 0.4646 486080 11130 1070190
QcTc 0.464471 485947 11125.5 1070190
Kh6d 0.460174 470077 22396.5 1070190
Kh6c 0.460109 470008 22396.5 1070190
Kd6h 0.460108 470005 22397.5 1070190
Kc6h 0.460101 470002 22393 1070190
Kc6d 0.460095 470000 22389 1070190
Kd6c 0.460037 469934 22393.5 1070190
Ks6h 0.459549 469477 22328 1070190
Ks6d 0.459544 469475 22324 1070190
Kh6s 0.459507 469393 22367 1070190
Ks6c 0.459479 469406 22324 1070190
7h6d 0.459454 470757 20946 1070190
7d6h 0.459454 470757 20946 1070190
Kd6s 0.459435 469319 22364 1070190
Kc6s 0.459428 469316 22359.5 1070190
7h6c 0.459401 470708 20938.5 1070190
7d6c 0.459399 470708 20936 1070190
7c6h 0.459396 470697 20944 1070190
7c6d 0.459394 470697 20941.5 1070190
Qh9h 0.458894 478856 12248 1070190
Ks6s 0.458877 468791 22294.5 1070190
7s6h 0.458855 470179 20883 1070190
7s6d 0.458853 470179 20880.5 1070190
7h6s 0.458834 470140 20900 1070190
7d6s 0.458832 470140 20897.5 1070190
7s6c 0.4588 470130 20873 1070190
7c6s 0.458774 470080 20895.5 1070190
Qd9d 0.458368 477925 12615.5 1070190
Qc9c 0.458239 477792 12611 1070190
7s6s 0.458233 469562 20834.5 1070190
Kh3h 0.457703 466686 23143.5 1070190
2h2c 0.457658 484756 5024.5 1070190
2h2d 0.457658 484755 5025.5 1070190
2d2c 0.457654 484755 5022 1070190
Kd3d 0.457157 465807 23438 1070190
Kc3c 0.457086 465708 23461 1070190
2s2h 0.456961 484016 5019.5 1070190
2s2d 0.456958 484015 5017 1070190
2s2c 0.456958 484016 5016 1070190
Kh2h 0.45624 465120 23143.5 1070190
Kd2d 0.455694 464241 23438 1070190
Kc2c 0.455617 464136 23461 1070190
QcJh 0.447487 468272 10624 1070190
QhJd 0.447487 468272 10624 1070190
QhJc 0.447487 468272 10624 1070190
QdJh 0.447487 468272 10624 1070190
QcJd 0.447412 468196 10620 1070190
QdJc 0.447412 468196 10620 1070190
QsJh 0.446797 467563 10594.5 1070190
QhJs 0.446795 467554 10601.5 1070190
QsJc 0.446722 467487 10590.5 1070190
QsJd 0.446722 467487 10590.5 1070190
QdJs 0.44672 467478 10597.5 1070190
QcJs 0.44672 467478 10597.5 1070190
QsJs 0.44603 466769 10568 1070190
Kh4d 0.442791 448663 25208 1070190
Kh4c 0.442791 448663 25208 1070190
Kd4h 0.442725 448591 25209 1070190
Kc4h 0.442723 448591 25206.5 1070190
Kd4c 0.44272 448589 25205 1070190
Kc4d 0.442717 448589 25202.5 1070190
Ks4h 0.442196 448107 25126.5 1070190
Ks4c 0.44219 448105 25122.5 1070190
Ks4d 0.44219 448105 25122.5 1070190
Kh4s 0.442189 448048 25178.5 1070190
Kd4s 0.442117 447974 25175.5 1070190
Kc4s 0.442115 447974 25173 1070190
Ks4s 0.441588 447490 25093 1070190
QcTh 0.43755 456783 11479 1070190
QdTh 0.43755 456783 11479 1070190
QhTd 0.437548 456778 11482 1070190
QhTc 0.437548 456778 11482 1070190
QcTd 0.437476 456707 11475 1070190
QdTc 0.437476 456707 11475 1070190
QsTh 0.436895 456114 11446.5 1070190
QhTs 0.436857 456060 11459.5 1070190
QsTc 0.43682 456038 11442.5 1070190
QsTd 0.43682 456038 11442.5 1070190
QdTs 0.436784 455989 11452.5 1070190
QcTs 0.436784 455989 11452.5 1070190
QsTs 0.436128 455320 11420 1070190
Qh7h 0.435319 446171 19703 1070190
Qd7d 0.434945 445469 20004.5 1070190
Qc7c 0.434711 445157 20066 1070190
Qc9h 0.431308 448533 13048.5 1070190
Qd9h 0.431308 448533 13048.5 1070190
Qh9d 0.431308 448527 13054 1070190
Qh9c 0.431308 448527 13054 1070190
Qc9d 0.431235 448459 13044.5 1070190
Qd9c 0.431235 448459 13044.5 1070190
Kh3d 0.430956 436759 24446 1070190
Kh3c 0.430956 436759 24446 1070190
Kd3h 0.43089 436687 24447 1070190
Kc3h 0.430888 436687 24444.5 1070190
Kd3c 0.430884 436685 24443 1070190
Kc3d 0.430882 436685 24440.5 1070190
Qs9h 0.43068 447896 13013.5 1070190
Qh9s 0.430643 447842 13028 1070190
Qs9d 0.430607 447822 13009.5 1070190
Qs9c 0.430607 447822 13009.5 1070190
Qd9s 0.430571 447774 13018.5 1070190
Qc9s 0.430571 447774 13018.5 1070190
Ks3h 0.430365 436208 24364 1070190
Ks3c 0.430359 436206 24360 1070190
Ks3d 0.430359 436206 24360 1070190
Kh3s 0.430325 436109 24420 1070190
Kd3s 0.430253 436035 24417 1070190
Kc3s 0.43025 436035 24414.5 1070190
Qs9s 0.429943 447137 12983.5 1070190
Ks3s 0.429727 435556 24334 1070190
Kh2d 0.429493 435193 24446 1070190
Kh2c 0.429493 435193 24446 1070190
Kd2h 0.429427 435121 24447 1070190
Kc2h 0.429424 435121 24444.5 1070190
Kd2c 0.429421 435119 24443 1070190
Kc2d 0.429419 435119 24440.5 1070190
Qh6h 0.42896 438011 21057.5 1070190
Ks2h 0.428901 434642 24364 1070190
Ks2d 0.428896 434640 24360 1070190
Ks2c 0.428896 434640 24360 1070190
Kh2s 0.428861 434543 24420 1070190
Kd2s 0.428789 434469 24417 1070190
Kc2s 0.428787 434469 24414.5 1070190
Qd6d 0.42858 437303 21359 1070190
Qc6c 0.428403 437069 21404 1070190
Ks2s 0.428264 433990 24334 1070190
JhTh 0.425669 445031 10516 1070190
JdTd 0.425279 444273 10856 1070190
JcTc 0.425144 444133 10851.5 1070190
9d7d 0.420731 432440 17822.5 1070190
9h7h 0.420707 432699 17537.5 1070190
9c7c 0.420514 432162 17867.5 1070190
Jh9h 0.41899 436425 11974 1070190
Jd9d 0.418601 435641 12341.5 1070190
Jc9c 0.418467 435502 12337 1070190
Qh4h 0.411691 416873 23714.5 1070190
Qd4d 0.411296 416150 24014.5 1070190
Qc4c 0.41123 416057 24037.5 1070190
Qh7d 0.407487 415262 20827 1070190
Qh7c 0.407423 415193 20827 1070190
Qd7h 0.407422 415191 20827.5 1070190
Qc7h 0.407419 415194 20821.5 1070190
Qc7d 0.407412 415191 20817.5 1070190
Qd7c 0.407351 415119 20823.5 1070190
Qh7s 0.406858 414618 20797.5 1070190
Qs7h 0.406844 414636 20764.5 1070190
Qs7d 0.406838 414633 20760.5 1070190
Qd7s 0.406786 414544 20794 1070190
Qc7s 0.406783 414547 20788 1070190
Qs7c 0.406773 414564 20760.5 1070190
Qs7s 0.406208 413989 20731 1070190
9d6d 0.405399 415764 18089.5 1070190
9h6h 0.405391 416041 17804.5 1070190
9c6c 0.405234 415543 18134.5 1070190
Qh6d 0.400809 406688 22253.5 1070190
Qh6c 0.400744 406619 22253.5 1070190
Qd6h 0.400743 406617 22254 1070190
Qc6h 0.400736 406614 22249.5 1070190
Qc6d 0.400729 406611 22245.5 1070190
Qd6c 0.400672 406545 22250 1070190
Qh3h 0.400245 405338 23000.5 1070190
Qs6h 0.400188 406092 22185 1070190
Qs6d 0.400181 406089 22181 1070190
Qh6s 0.400174 406038 22224 1070190
Qs6c 0.400117 406020 22181 1070190
Qd6s 0.400101 405964 22220.5 1070190
Qc6s 0.400094 405961 22216 1070190
Qd3d 0.399844 404609 23300.5 1070190
Qc3c 0.399779 404516 23323.5 1070190
Qs6s 0.399546 405439 22151.5 1070190
Qh2h 0.398782 403772 23000.5 1070190
Qd2d 0.398381 403043 23300.5 1070190
Qc2c 0.39831 402944 23323.5 1070190
JdTh 0.396551 413192 11193 1070190
JcTh 0.396551 413192 11193 1070190
JhTd 0.396548 413186 11196 1070190
JhTc 0.396548 413186 11196 1070190
JdTc 0.396475 413115 11189 1070190
JcTd 0.396475 413115 11189 1070190
Jh7h 0.396136 404868 19073 1070190
Jd7d 0.395899 404313 19374.5 1070190
JsTh 0.395897 412523 11161.5 1070190
JhTs 0.395885 412499 11173.5 1070190
JsTd 0.395821 412446 11157.5 1070190
JsTc 0.395821 412446 11157.5 1070190
JcTs 0.395812 412428 11166.5 1070190
JdTs 0.395812 412428 11166.5 1070190
Jc7c 0.39566 403995 19436 1070190
JsTs 0.395158 411759 11135 1070190
9h7d 0.393547 402723 18447.5 1070190
9d7h 0.393492 402662 18449.5 1070190
9c7h 0.393489 402663 18445 1070190
9h7c 0.393488 402659 18447.5 1070190
9c7d 0.393481 402658 18441 1070190
9d7c 0.393424 402593 18445.5 1070190
9h7s 0.392939 402102 18417 1070190
9s7h 0.392896 402087 18386.5 1070190
9s7d 0.392888 402082 18382.5 1070190
9d7s 0.392875 402036 18415 1070190
9c7s 0.392872 402037 18410.5 1070190
9s7c 0.392828 402018 18382.5 1070190
9s7s 0.392279 401461 18352 1070190
Jd9h 0.389836 404436 12762.5 1070190
Jc9h 0.389836 404436 12762.5 1070190
Jh9c 0.389835 404429 12768 1070190
Jh9d 0.389835 404429 12768 1070190
Jc9d 0.389762 404361 12758.5 1070190
Jd9c 0.389762 404361 12758.5 1070190
Js9h 0.38921 403800 12728.5 1070190
Jh9s 0.389198 403774 12742 1070190
Js9d 0.389136 403725 12724.5 1070190
Js9c 0.389136 403725 12724.5 1070190
Jc9s 0.389126 403706 12732.5 1070190
Jd9s 0.389126 403706 12732.5 1070190
Js9s 0.3885 403070 12698.5 1070190
Qh4c 0.38319 385021 25065 1070190
Qh4d 0.38319 385021 25065 1070190
Qd4h 0.383124 384950 25065.5 1070190
Qc4h 0.383122 384950 25063 1070190
Qd4c 0.383117 384947 25061.5 1070190
Qc4d 0.383115 384947 25059 1070190
Qh4s 0.382619 384440 25035.5 1070190
Qs4h 0.382598 384469 24983.5 1070190
Qs4d 0.382591 384466 24979.5 1070190
Qs4c 0.382591 384466 24979.5 1070190
Qd4s 0.382547 384366 25032 1070190
Qc4s 0.382545 384366 25029.5 1070190
Qs4s 0.382021 383885 24950 1070190
Jh6h 0.378626 384507 20694.5 1070190
Jd6d 0.378372 383934 20996 1070190
Jc6c 0.378201 383706 21041 1070190
9h6d 0.377292 385042 18732.5 1070190
9d6h 0.377237 384981 18734.5 1070190
9h6c 0.377233 384978 18732.5 1070190
9c6h 0.377231 384979 18730 1070190
9c6d 0.377223 384974 18726 1070190
9d6c 0.377169 384912 18730.5 1070190
9h6s 0.376683 384420 18702 1070190
9s6h 0.376663 384431 18670 1070190
9s6d 0.376655 384426 18666 1070190
9d6s 0.376619 384354 18700 1070190
9c6s 0.376613 384352 18695.5 1070190
9s6c 0.376595 384362 18666 1070190
9s6s 0.376045 383804 18635.5 1070190
Th9h 0.375394 390977 10766 1070190
Td9d 0.375128 390330 11128 1070190
Tc9c 0.374983 390180 11123.5 1070190
Qh3d 0.370941 372674 24303 1070190
Qh3c 0.370941 372674 24303 1070190
Qd3h 0.370875 372603 24303.5 1070190
Qc3h 0.370872 372603 24301 1070190
Qd3c 0.370868 372600 24299.5 1070190
Qc3d 0.370866 372600 24297 1070190
Qs3h 0.370353 372127 24221 1070190
Qs3c 0.370346 372124 24217 1070190
Qs3d 0.370346 372124 24217 1070190
Qh3s 0.370342 372059 24277 1070190
Qd3s 0.370269 371985 24273.5 1070190
Qc3s 0.370267 371985 24271 1070190
Qs3s 0.369747 371509 24191 1070190
Qh2c 0.369477 371108 24303 1070190
Qh2d 0.369477 371108 24303 1070190
Qd2h 0.369412 371037 24303.5 1070190
Qc2h 0.369409 371037 24301 1070190
Qd2c 0.369405 371034 24299.5 1070190
Qc2d 0.369403 371034 24297 1070190
Qs2h 0.36889 370561 24221 1070190
Qs2d 0.368883 370558 24217 1070190
Qs2c 0.368883 370558 24217 1070190
Qh2s 0.368878 370493 24277 1070190
Qd2s 0.368806 370419 24273.5 1070190
Qc2s 0.368804 370419 24271 1070190
Qs2s 0.368284 369943 24191 1070190
Jh7d 0.366783 372367 20161 1070190
Jh7c 0.366719 372298 20161 1070190
Jd7h 0.366719 372297 20161.5 1070190
Jc7h 0.366716 372300 20155.5 1070190
Jc7d 0.366708 372296 20151.5 1070190
Jd7c 0.366647 372224 20157.5 1070190
Jh7s 0.36618 371751 20131.5 1070190
Js7h 0.366142 371740 20101.5 1070190
Js7d 0.366135 371736 20097.5 1070190
Jd7s 0.366108 371677 20128 1070190
Jc7s 0.366105 371680 20122 1070190
Js7c 0.36607 371667 20097.5 1070190
Js7s 0.365531 371120 20068 1070190
Jh4h 0.361301 363309 23351.5 1070190
Jd4d 0.361032 362721 23651.5 1070190
Jc4c 0.360972 362634 23674.5 1070190
7d4d 0.360181 361909 23553.5 1070190
7h4h 0.359903 361854 23311 1070190
7c4c 0.359801 361255 23800 1070190
Th7h 0.352929 359836 17865 1070190
Td7d 0.352814 359417 18161 1070190
Tc7c 0.352565 359089 18222.5 1070190
Jh3h 0.349689 351596 22637.5 1070190
Jd3d 0.349414 351002 22937.5 1070190
Jc3c 0.349354 350915 22960.5 1070190
Jh6d 0.348253 350824 21872.5 1070190
Jh2h 0.348226 350030 22637.5 1070190
Jh6c 0.348188 350755 21872.5 1070190
Jd6h 0.348188 350754 21873 1070190
Jc6h 0.348181 350751 21868.5 1070190
Jc6d 0.348173 350747 21864.5 1070190
Jd6c 0.348116 350681 21869 1070190
Jd2d 0.347951 349436 22937.5 1070190
Jc2c 0.347885 349343 22960.5 1070190
Jh6s 0.347649 350208 21843 1070190
Js6h 0.347638 350233 21805.5 1070190
Js6d 0.34763 350229 21801.5 1070190
Jd6s 0.347577 350134 21839.5 1070190
Jc6s 0.34757 350131 21835 1070190
Js6c 0.347566 350160 21801.5 1070190
Js6s 0.347027 349613 21772 1070190
Tc9h 0.344301 356991 11477 1070190
Td9h 0.344301 356991 11477 1070190
Th9d 0.344299 356983 11482 1070190
Th9c 0.344299 356983 11482 1070190
Td9c 0.344227 356915 11473 1070190
Tc9d 0.344227 356915 11473 1070190
Th9s 0.343691 356355 11459.5 1070190
Ts9h 0.343677 356355 11444.5 1070190
Tc9s 0.343619 356287 11450.5 1070190
Td9s 0.343619 356287 11450.5 1070190
Ts9d 0.343602 356279 11440.5 1070190
Ts9c 0.343602 356279 11440.5 1070190
Ts9s 0.342994 355651 11418 1070190
6d4d 0.339972 342601 21234 1070190
6c4c 0.339906 342267 21497 1070190
6h4h 0.339694 342546 20991.5 1070190
Th6h 0.335418 339475 19486.5 1070190
Td6d 0.335287 339038 19782.5 1070190
Tc6c 0.335106 338800 19827.5 1070190
7h4c 0.331235 329908 24576.5 1070190
7h4d 0.331234 329898 24585.5 1070190
7d4h 0.331234 329898 24585.5 1070190
7d4c 0.331233 329908 24574 1070190
7c4h 0.331173 329834 24584.5 1070190
7c4d 0.331171 329834 24582 1070190
7h4s 0.330726 329397 24542.5 1070190
7d4s 0.330724 329397 24540 1070190
7s4h 0.330716 329414 24515 1070190
7s4c 0.330715 329424 24503.5 1070190
7s4d 0.330714 329414 24512.5 1070190
7c4s 0.330663 329333 24539 1070190
Jh4d 0.330575 329094 24684 1070190
Jh4c 0.330575 329094 24684 1070190
Jd4h 0.33051 329024 24684.5 1070190
Jc4h 0.330508 329024 24682 1070190
Jd4c 0.330503 329020 24680.5 1070190
Jc4d 0.3305 329020 24678 1070190
7s4s 0.330205 328913 24469.5 1070190
Jh4s 0.330036 328547 24654.5 1070190
Js4h 0.329988 328546 24604 1070190
Js4d 0.329981 328542 24600 1070190
Js4c 0.329981 328542 24600 1070190
Jd4s 0.329964 328473 24651 1070190
Jc4s 0.329962 328473 24648.5 1070190
Js4s 0.329442 327995 24570.5 1070190
Th7d 0.321662 325364 18875 1070190
Td7h 0.321598 325295 18876 1070190
Th7c 0.321597 325295 18875 1070190
Tc7h 0.321595 325298 18870 1070190
Tc7d 0.321587 325293 18866 1070190
Td7c 0.321525 325221 18872 1070190
Th7s 0.321086 324774 18849 1070190
Ts7h 0.321023 324738 18817.5 1070190
Ts7d 0.321014 324733 18813.5 1070190
Td7s 0.321014 324700 18846 1070190
Tc7s 0.321011 324703 18840 1070190
Ts7c 0.32095 324664 18813.5 1070190
Ts7s 0.320439 324143 18787.5 1070190
4c3c 0.318795 317935 23236 1070190
4d3d 0.31845 317824 22978.5 1070190
4h3h 0.318276 317880 22736 1070190
Jh3d 0.318148 316557 23922 1070190
Jh3c 0.318148 316557 23922 1070190
4c2c 0.318147 317242 23236 1070190
Jd3h 0.318083 316487 23922.5 1070190
Jc3h 0.318081 316487 23920 1070190
Jd3c 0.318076 316483 23918.5 1070190
Jc3d 0.318073 316483 23916 1070190
4d2d 0.317828 317158 22978.5 1070190
4h2h 0.317654 317214 22736 1070190
Jh3s 0.317582 315977 23896 1070190
Js3h 0.317566 316014 23841.5 1070190
Js3d 0.317558 316010 23837.5 1070190
Js3c 0.317558 316010 23837.5 1070190
Jd3s 0.31751 315903 23892.5 1070190
Jc3s 0.317507 315903 23890 1070190
Js3s 0.316992 315430 23811.5 1070190
Th4h 0.316954 316255 22946.5 1070190
Td4d 0.316792 315787 23241 1070190
Tc4c 0.316738 315706 23264 1070190
Jh2d 0.316685 314991 23922 1070190
Jh2c 0.316685 314991 23922 1070190
Jd2h 0.31662 314921 23922.5 1070190
Jc2h 0.316618 314921 23920 1070190
Jd2c 0.316612 314917 23918.5 1070190
Jc2d 0.31661 314917 23916 1070190
Jh2s 0.316119 314411 23896 1070190
Js2h 0.316102 314448 23841.5 1070190
Js2c 0.316095 314444 23837.5 1070190
Js2d 0.316095 314444 23837.5 1070190
Jd2s 0.316046 314337 23892.5 1070190
Jc2s 0.316044 314337 23890 1070190
Js2s 0.315529 313864 23811.5 1070190
6h4d 0.310114 309741 22140 1070190
6d4h 0.310114 309741 22140 1070190
6h4c 0.310109 309745 22131 1070190
6d4c 0.310107 309745 22128.5 1070190
6c4h 0.310052 309677 22137.5 1070190
6c4d 0.31005 309677 22135 1070190
6h4s 0.309629 309261 22100.5 1070190
6d4s 0.309626 309261 22098 1070190
6s4h 0.309599 309254 22075.5 1070190
6s4d 0.309596 309254 22073 1070190
6s4c 0.309592 309258 22064 1070190
6c4s 0.309564 309197 22095.5 1070190
6s4s 0.309111 308774 22033.5 1070190
Th3h 0.305399 304602 22232.5 1070190
Td3d 0.305231 304128 22527 1070190
Tc3c 0.305177 304047 22550 1070190
3c2c 0.304263 303162 22457 1070190
3d2d 0.303946 303079 22201.5 1070190
Th2h 0.303935 303036 22232.5 1070190
3h2h 0.303772 303135 21959 1070190
Td2d 0.303768 302562 22527 1070190
Tc2c 0.303708 302475 22550 1070190
Th6d 0.303131 303821 20586.5 1070190
Td6h 0.303067 303752 20587.5 1070190
Th6c 0.303066 303752 20586.5 1070190
Tc6h 0.30306 303749 20583 1070190
Tc6d 0.303052 303744 20579 1070190
Td6c 0.302994 303678 20583.5 1070190
Th6s 0.302555 303231 20560.5 1070190
Ts6h 0.302519 303231 20521.5 1070190
Ts6d 0.30251 303226 20517.5 1070190
Td6s 0.302483 303157 20557.5 1070190
Tc6s 0.302476 303154 20553 1070190
Ts6c 0.302446 303157 20517.5 1070190
Ts6s 0.301935 302636 20491.5 1070190
4h3d 0.288182 284431 23979 1070190
4d3h 0.288182 284431 23979 1070190
4c3h 0.288177 284431 23973 1070190
4h3c 0.288176 284431 23972.5 1070190
4c3d 0.288175 284431 23970.5 1070190
4d3c 0.288174 284431 23970 1070190
4s3h 0.287726 284000 23921.5 1070190
4s3d 0.287724 284000 23919 1070190
4s3c 0.287718 284000 23912.5 1070190
4h3s 0.287705 283974 23924.5 1070190
4d3s 0.287702 283974 23922 1070190
4c3s 0.287697 283974 23916 1070190
4d2h 0.28756 283765 23979 1070190
4h2d 0.28756 283765 23979 1070190
4c2h 0.287555 283765 23973 1070190
4h2c 0.287554 283765 23972.5 1070190
4c2d 0.287552 283765 23970.5 1070190
4d2c 0.287552 283765 23970 1070190
4s3s 0.287246 283543 23864.5 1070190
4s2h 0.287104 283334 23921.5 1070190
4s2d 0.287101 283334 23919 1070190
4s2c 0.287095 283334 23912.5 1070190
4h2s 0.287082 283308 23924.5 1070190
4d2s 0.28708 283308 23922 1070190
4c2s 0.287074 283308 23916 1070190
4s2s 0.286623 282877 23864.5 1070190
Th4c 0.284238 279934 24255 1070190
Th4d 0.284238 279934 24255 1070190
Td4h 0.284175 279865 24256 1070190
Tc4h 0.284172 279865 24253.5 1070190
Td4c 0.284166 279860 24252 1070190
Tc4d 0.284164 279860 24249.5 1070190
Th4s 0.283731 279421 24225.5 1070190
Td4s 0.283659 279347 24222.5 1070190
Tc4s 0.283657 279347 24220 1070190
Ts4h 0.283654 279387 24177 1070190
Ts4c 0.283646 279382 24173 1070190
Ts4d 0.283646 279382 24173 1070190
Ts4s 0.283139 278869 24143.5 1070190
9h4h 0.283009 281117 21756 1070190
9d4d 0.282936 280756 22039.5 1070190
9c4c 0.282888 280687 22057 1070190
9h3h 0.281822 279847 21756 1070190
9d3d 0.281744 279480 22039.5 1070190
9c3c 0.281696 279411 22057 1070190
9h2h 0.280359 278281 21756 1070190
9d2d 0.280281 277914 22039.5 1070190
9c2c 0.280227 277839 22057 1070190
3h2d 0.272656 268647 23146.5 1070190
3d2h 0.272656 268647 23146.5 1070190
3h2c 0.27265 268647 23140 1070190
3c2h 0.27265 268647 23140 1070190
3d2c 0.272647 268647 23137.5 1070190
3c2d 0.272647 268647 23137.5 1070190
3h2s 0.272184 268197 23092 1070190
3s2h 0.272184 268197 23092 1070190
3s2d 0.272182 268197 23089.5 1070190
3d2s 0.272182 268197 23089.5 1070190
3c2s 0.272176 268197 23083 1070190
3s2c 0.272176 268197 23083 1070190
Th3c 0.27187 267460 23493 1070190
Th3d 0.27187 267460 23493 1070190
Td3h 0.271807 267391 23494 1070190
Tc3h 0.271805 267391 23491.5 1070190
Td3c 0.271798 267386 23490 1070190
Tc3d 0.271796 267386 23487.5 1070190
3s2s 0.271711 267747 23035 1070190
Th3s 0.271337 266915 23467 1070190
Ts3h 0.271291 266918 23414.5 1070190
Ts3c 0.271282 266913 23410.5 1070190
Ts3d 0.271282 266913 23410.5 1070190
Td3s 0.271265 266841 23464 1070190
Tc3s 0.271263 266841 23461.5 1070190
Ts3s 0.270749 266368 23384.5 1070190
Th2d 0.270407 265894 23493 1070190
Th2c 0.270407 265894 23493 1070190
Td2h 0.270344 265825 23494 1070190
Tc2h 0.270341 265825 23491.5 1070190
Td2c 0.270335 265820 23490 1070190
Tc2d 0.270333 265820 23487.5 1070190
Th2s 0.269874 265349 23467 1070190
Ts2h 0.269827 265352 23414.5 1070190
Ts2d 0.269819 265347 23410.5 1070190
Ts2c 0.269819 265347 23410.5 1070190
Td2s 0.269802 265275 23464 1070190
Tc2s 0.269799 265275 23461.5 1070190
Ts2s 0.269285 264802 23384.5 1070190
7d3d 0.249988 243954 23581 1070190
7h3h 0.249762 243954 23338.5 1070190
7c3c 0.249598 243295 23822 1070190
9h4c 0.249045 243533 22992.5 1070190
9h4d 0.249045 243533 22992.5 1070190
9d4h 0.248985 243467 22994.5 1070190
9c4h 0.248983 243467 22992.5 1070190
9d4c 0.248976 243461 22990.5 1070190
9c4d 0.248974 243461 22988.5 1070190
9h4s 0.248566 243046 22966.5 1070190
7d2d 0.248525 242388 23581 1070190
9d4s 0.248497 242974 22964.5 1070190
9c4s 0.248495 242974 22962.5 1070190
9s4h 0.248488 243012 22917 1070190
9s4c 0.248478 243006 22913 1070190
9s4d 0.248478 243006 22913 1070190
7h2h 0.248298 242388 23338.5 1070190
7c2c 0.248108 241701 23822 1070190
9s4s 0.247999 242519 22887 1070190
9h3d 0.247693 242086 22992.5 1070190
9h3c 0.247693 242086 22992.5 1070190
9d3h 0.247633 242020 22994.5 1070190
9c3h 0.247631 242020 22992.5 1070190
9d3c 0.247624 242014 22990.5 1070190
9c3d 0.247622 242014 22988.5 1070190
9h3s 0.247185 241568 22966.5 1070190
9s3h 0.247136 241565 22917 1070190
9s3d 0.247126 241559 22913 1070190
9s3c 0.247126 241559 22913 1070190
9d3s 0.247115 241496 22964.5 1070190
9c3s 0.247114 241496 22962.5 1070190
9s3s 0.246618 241041 22887 1070190
9h2d 0.24623 240520 22992.5 1070190
9h2c 0.24623 240520 22992.5 1070190
9d2h 0.24617 240454 22994.5 1070190
9c2h 0.246168 240454 22992.5 1070190
9d2c 0.24616 240448 22990.5 1070190
9c2d 0.246159 240448 22988.5 1070190
9h2s 0.245721 240002 22966.5 1070190
9s2h 0.245672 239999 22917 1070190
9s2d 0.245663 239993 22913 1070190
9s2c 0.245663 239993 22913 1070190
9d2s 0.245652 239930 22964.5 1070190
9c2s 0.24565 239930 22962.5 1070190
9s2s 0.245155 239475 22887 1070190
6d3d 0.229319 223737 21677.5 1070190
6c3c 0.22923 223361 21959 1070190
6h3h 0.229092 223737 21435 1070190
6d2d 0.227855 222171 21677.5 1070190
6c2c 0.227741 221767 21959 1070190
6h2h 0.227629 222171 21435 1070190
7h3c 0.215197 205622 24680 1070190
7d3h 0.215197 205613 24689 1070190
7h3d 0.215197 205613 24689 1070190
7d3c 0.215195 205622 24677.5 1070190
7c3h 0.215132 205544 24688.5 1070190
7c3d 0.21513 205544 24686 1070190
7s3h 0.214729 205180 24620.5 1070190
7s3c 0.214726 205189 24609 1070190
7s3d 0.214726 205180 24618 1070190
7h3s 0.214723 205140 24654 1070190
7d3s 0.21472 205140 24651.5 1070190
7c3s 0.214655 205071 24651 1070190
7s3s 0.214252 204707 24583 1070190
7h2c 0.213734 204056 24680 1070190
7d2h 0.213734 204047 24689 1070190
7h2d 0.213734 204047 24689 1070190
7d2c 0.213732 204056 24677.5 1070190
7c2h 0.213669 203978 24688.5 1070190
7c2d 0.213667 203978 24686 1070190
7s2h 0.213265 203614 24620.5 1070190
7s2c 0.213263 203623 24609 1070190
7s2d 0.213263 203614 24618 1070190
7h2s 0.213259 203574 24654 1070190
7d2s 0.213257 203574 24651.5 1070190
7c2s 0.213192 203505 24651 1070190
7s2s 0.212788 203141 24583 1070190
6h3d 0.193632 184538 22685 1070190
6d3h 0.193632 184538 22685 1070190
6h3c 0.193627 184543 22675 1070190
6d3c 0.193625 184543 22672.5 1070190
6c3h 0.193565 184469 22682.5 1070190
6c3d 0.193563 184469 22680 1070190
6h3s 0.193181 184088 22652.5 1070190
6d3s 0.193179 184088 22650 1070190
6s3h 0.193166 184102 22622 1070190
6s3d 0.193163 184102 22619.5 1070190
6s3c 0.193159 184107 22609.5 1070190
6c3s 0.193112 184019 22647.5 1070190
6s3s 0.192713 183652 22587 1070190
6d2h 0.192169 182972 22685 1070190
6h2d 0.192169 182972 22685 1070190
6h2c 0.192164 182977 22675 1070190
6d2c 0.192162 182977 22672.5 1070190
6c2h 0.192102 182903 22682.5 1070190
6c2d 0.1921 182903 22680 1070190
6h2s 0.191718 182522 22652.5 1070190
6d2s 0.191715 182522 22650 1070190
6s2h 0.191702 182536 22622 1070190
6s2d 0.1917 182536 22619.5 1070190
6s2c 0.191695 182541 22609.5 1070190
6c2s 0.191649 182453 22647.5 1070190
6s2s 0.191249 182086 22587 1070190
