KhKc 0.957935 1025172 0 1070190
KsKc 0.957935 1025172 0 1070190
KsKh 0.941051 1007103 0 1070190
9s9d 0.934907 1000464 64.5 1070190
9h9d 0.934907 1000464 64.5 1070190
9s9h 0.934532 1000062 64.5 1070190
5h5d 0.927553 992538 120 1070190
5s5d 0.927553 992538 120 1070190
5s5h 0.92718 992139 120 1070190
AcKc 0.921296 983601 2361 1070190
Kc9d 0.920979 982878 2744 1070190
Kc9s 0.920519 982386 2744 1070190
Kc9h 0.920519 982386 2744 1070190
KcQc 0.907351 967579 3459.5 1070190
Kc5d 0.906539 964425 5744 1070190
Kc5h 0.906082 963936 5744 1070190
Kc5s 0.906082 963936 5744 1070190
KcJc 0.903525 962953 3990.5 1070190
Kh9d 0.903018 963648 2753 1070190
Ks9d 0.903018 963648 2753 1070190
Kh9s 0.902558 963156 2753 1070190
Kh9h 0.902558 963156 2753 1070190
Ks9s 0.902558 963156 2753 1070190
Ks9h 0.902558 963156 2753 1070190
KcTc 0.899929 958645 4449.5 1070190
Kc8c 0.893775 948775 7734.5 1070190
Kc7c 0.890983 945001 8520.5 1070190
Kc6c 0.888763 942031 9114.5 1070190
Kh5d 0.888692 945411 5658.5 1070190
Ks5d 0.888692 945411 5658.5 1070190
Ks5h 0.888235 944922 5658.5 1070190
Ks5s 0.888235 944922 5658.5 1070190
Kh5h 0.888235 944922 5658.5 1070190
Kh5s 0.888235 944922 5658.5 1070190
Kc4c 0.882488 934251 10179 1070190
Kc3c 0.882438 934197 10179 1070190
Kc2c 0.882281 934029 10179 1070190
AcKs 0.871966 929850 3319.5 1070190
AcKh 0.871966 929850 3319.5 1070190
AdKc 0.87116 928992 3315 1070190
AsKc 0.870252 928020 3315 1070190
AhKc 0.870252 928020 3315 1070190
AdAc 0.863778 923934 472.5 1070190
AhAc 0.862954 923052 472.5 1070190
AsAc 0.862954 923052 472.5 1070190
9d5d 0.85692 910896 6171.5 1070190
KcQd 0.856062 911218 4930.5 1070190
KcQs 0.855189 910288 4926.5 1070190
KcQh 0.855189 910288 4926.5 1070190
KhQc 0.8537 908693 4928 1070190
KsQc 0.8537 908693 4928 1070190
9d5s 0.851743 905265 6261.5 1070190
9d5h 0.851743 905265 6261.5 1070190
9h5d 0.85174 905262 6261.5 1070190
9s5d 0.85174 905262 6261.5 1070190
9h5h 0.851388 904908 6239 1070190
9h5s 0.851388 904908 6239 1070190
9s5h 0.851388 904908 6239 1070190
9s5s 0.851388 904908 6239 1070190
KcJd 0.850399 904450 5638.5 1070190
KcJh 0.849532 903526 5634.5 1070190
KcJs 0.849532 903526 5634.5 1070190
AdKh 0.847345 903627 3193.5 1070190
AdKs 0.847345 903627 3193.5 1070190
KsJc 0.846826 900650 5615 1070190
KhJc 0.846826 900650 5615 1070190
AhKh 0.846437 902655 3193.5 1070190
AhKs 0.846437 902655 3193.5 1070190
AsKs 0.846437 902655 3193.5 1070190
AsKh 0.846437 902655 3193.5 1070190
KcTd 0.844884 897936 6250.5 1070190
KcTs 0.844017 897012 6246.5 1070190
KcTh 0.844017 897012 6246.5 1070190
KsTc 0.840174 892937 6209 1070190
KhTc 0.840174 892937 6209 1070190
AsAd 0.837526 895839 472.5 1070190
AhAd 0.837526 895839 472.5 1070190
AsAh 0.836701 894957 472.5 1070190
Kc8d 0.835354 882686 11301.5 1070190
Kc8s 0.834487 881762 11297.5 1070190
Kc8h 0.834487 881762 11297.5 1070190
KsQd 0.831996 885578 4815.5 1070190
KhQd 0.831996 885578 4815.5 1070190
Kc7d 0.831164 876950 12553.5 1070190
KsQs 0.831123 884648 4811.5 1070190
KhQs 0.831123 884648 4811.5 1070190
KhQh 0.831123 884648 4811.5 1070190
KsQh 0.831123 884648 4811.5 1070190
Kc7h 0.830303 876032 12549.5 1070190
Kc7s 0.830303 876032 12549.5 1070190
Kh8c 0.829985 877227 11015 1070190
Ks8c 0.829985 877227 11015 1070190
Kc6d 0.827705 872300 13501.5 1070190
Kc6h 0.826843 871382 13497.5 1070190
Kc6s 0.826843 871382 13497.5 1070190
KhJd 0.826508 879018 5502.5 1070190
KsJd 0.826508 879018 5502.5 1070190
KhJs 0.825641 878094 5498.5 1070190
KhJh 0.825641 878094 5498.5 1070190
KsJs 0.825641 878094 5498.5 1070190
KsJh 0.825641 878094 5498.5 1070190
Ks7c 0.824597 870272 12203 1070190
Kh7c 0.824597 870272 12203 1070190
KhTd 0.821159 872700 6096.5 1070190
KsTd 0.821159 872700 6096.5 1070190
KsTh 0.820292 871776 6092.5 1070190
KsTs 0.820292 871776 6092.5 1070190
KhTs 0.820292 871776 6092.5 1070190
KhTh 0.820292 871776 6092.5 1070190
Kh6c 0.819981 864433 13103 1070190
Ks6c 0.819981 864433 13103 1070190
Kc4d 0.817266 859590 15040 1070190
Kc3d 0.817204 859524 15040 1070190
Kc2d 0.816804 859095 15040 1070190
Kc4h 0.816369 858630 15040 1070190
Kc4s 0.816369 858630 15040 1070190
Kc3h 0.816307 858564 15040 1070190
Kc3s 0.816307 858564 15040 1070190
Kc2h 0.815901 858129 15040 1070190
Kc2s 0.815901 858129 15040 1070190
Ks8d 0.811918 857936 10970 1070190
Kh8d 0.811918 857936 10970 1070190
Ks8s 0.81105 857012 10966 1070190
Ks8h 0.81105 857012 10966 1070190
Kh8s 0.81105 857012 10966 1070190
Kh8h 0.81105 857012 10966 1070190
Ks4c 0.808662 850897 14524.5 1070190
Kh4c 0.808662 850897 14524.5 1070190
Ks7d 0.807841 852354 12189.5 1070190
Kh7d 0.807841 852354 12189.5 1070190
Ks3c 0.807323 849465 14524.5 1070190
Kh3c 0.807323 849465 14524.5 1070190
Kh7h 0.80698 851436 12185.5 1070190
Ks7h 0.80698 851436 12185.5 1070190
Kh7s 0.80698 851436 12185.5 1070190
Ks7s 0.80698 851436 12185.5 1070190
Kh2c 0.805734 847764 14524.5 1070190
Ks2c 0.805734 847764 14524.5 1070190
Kh6d 0.804472 847824 13113.5 1070190
Ks6d 0.804472 847824 13113.5 1070190
Ks6h 0.80361 846906 13109.5 1070190
Kh6h 0.80361 846906 13109.5 1070190
Kh6s 0.80361 846906 13109.5 1070190
Ks6s 0.80361 846906 13109.5 1070190
Kh4d 0.793983 835149 14563.5 1070190
Ks4d 0.793983 835149 14563.5 1070190
Kh3d 0.793921 835083 14563.5 1070190
Ks3d 0.793921 835083 14563.5 1070190
Ks2d 0.793512 834645 14563.5 1070190
Kh2d 0.793512 834645 14563.5 1070190
Kh4s 0.793086 834189 14563.5 1070190
Ks4h 0.793086 834189 14563.5 1070190
Ks4s 0.793086 834189 14563.5 1070190
Kh4h 0.793086 834189 14563.5 1070190
Ks3s 0.793024 834123 14563.5 1070190
Ks3h 0.793024 834123 14563.5 1070190
Kh3h 0.793024 834123 14563.5 1070190
Kh3s 0.793024 834123 14563.5 1070190
Kh2h 0.792609 833679 14563.5 1070190
Ks2s 0.792609 833679 14563.5 1070190
Ks2h 0.792609 833679 14563.5 1070190
Kh2s 0.792609 833679 14563.5 1070190
QdQc 0.776914 830388 1057.5 1070190
QsQc 0.776122 829545 1053.5 1070190
QhQc 0.776122 829545 1053.5 1070190
Ac9d 0.762023 811974 3535.5 1070190
Ac9h 0.761248 811167 3513 1070190
Ac9s 0.761248 811167 3513 1070190
JdJc 0.759082 811305 1057.5 1070190
JsJc 0.758297 810468 1053.5 1070190
JhJc 0.758297 810468 1053.5 1070190
QsQd 0.752517 804287 1049.5 1070190
QhQd 0.752517 804287 1049.5 1070190
Qc9d 0.752507 795624 9701.5 1070190
Qc9s 0.751791 794912 9647 1070190
Qc9h 0.751791 794912 9647 1070190
QsQh 0.751726 803444 1045.5 1070190
Ad9d 0.74695 795900 3478.5 1070190
Jc9d 0.746071 787863 10574.5 1070190
Jc9s 0.745384 787186 10516.5 1070190
Jc9h 0.745384 787186 10516.5 1070190
TdTc 0.740873 791817 1057.5 1070190
Qd9d 0.740553 783172 9360 1070190
ThTc 0.740087 790980 1053.5 1070190
TsTc 0.740087 790980 1053.5 1070190
Tc9d 0.739932 780540 11327.5 1070190
Tc9s 0.739273 779896 11266.5 1070190
Tc9h 0.739273 779896 11266.5 1070190
JsJd 0.735584 786165 1049.5 1070190
JhJd 0.735584 786165 1049.5 1070190
Jd9d 0.735352 776716 10250 1070190
JsJh 0.734798 785328 1045.5 1070190
Ad9h 0.732483 780282 3613.5 1070190
Ad9s 0.732483 780282 3613.5 1070190
Ah9d 0.732421 780216 3613.5 1070190
As9d 0.732421 780216 3613.5 1070190
Ah9s 0.731646 779409 3591 1070190
Ah9h 0.731646 779409 3591 1070190
As9s 0.731646 779409 3591 1070190
As9h 0.731646 779409 3591 1070190
Td9d 0.730434 770685 11018 1070190
Qd9s 0.72657 767784 9783.5 1070190
Qd9h 0.72657 767784 9783.5 1070190
Qh9d 0.726482 767662 9812 1070190
Qs9d 0.726482 767662 9812 1070190
Qh9h 0.725766 766950 9757.5 1070190
Qh9s 0.725766 766950 9757.5 1070190
Qs9s 0.725766 766950 9757.5 1070190
Qs9h 0.725766 766950 9757.5 1070190
Jd9h 0.721408 761346 10698 1070190
Jd9s 0.721408 761346 10698 1070190
Js9d 0.721297 761195 10730 1070190
Jh9d 0.721297 761195 10730 1070190
Js9s 0.72061 760518 10672 1070190
Js9h 0.72061 760518 10672 1070190
Jh9h 0.72061 760518 10672 1070190
Jh9s 0.72061 760518 10672 1070190
9d8c 0.719208 756865 12824.5 1070190
9s8c 0.718578 756262 12753.5 1070190
9h8c 0.718578 756262 12753.5 1070190
ThTd 0.718176 767535 1049.5 1070190
TsTd 0.718176 767535 1049.5 1070190
TsTh 0.71739 766698 1045.5 1070190
Td9s 0.716477 755280 11487 1070190
Td9h 0.716477 755280 11487 1070190
Th9d 0.716338 755096 11522 1070190
Ts9d 0.716338 755096 11522 1070190
Th9h 0.715679 754452 11461 1070190
Th9s 0.715679 754452 11461 1070190
Ts9s 0.715679 754452 11461 1070190
Ts9h 0.715679 754452 11461 1070190
9d7c 0.713657 749694 14054.5 1070190
9h7c 0.713055 749129 13975.5 1070190
9s7c 0.713055 749129 13975.5 1070190
9d8d 0.710839 748213 12520 1070190
9d6c 0.708913 743687 14984.5 1070190
9s6c 0.708334 743152 14899.5 1070190
9h6c 0.708334 743152 14899.5 1070190
AcQc 0.707557 752486 4734.5 1070190
9d7d 0.706675 742524 13753 1070190
9d6d 0.703265 737940 14687 1070190
AcJc 0.700968 744685 5483.5 1070190
QcJc 0.699471 739838 8729 1070190
9d4c 0.696515 728824 16579.5 1070190
9s4c 0.695979 728353 16476.5 1070190
9h4c 0.695979 728353 16476.5 1070190
9h8d 0.695919 731707 13059 1070190
9s8d 0.695919 731707 13059 1070190
9d8s 0.695752 731483 13104 1070190
9d8h 0.695752 731483 13104 1070190
9d3c 0.695177 727392 16579.5 1070190
9s8h 0.695122 730880 13033 1070190
9h8h 0.695122 730880 13033 1070190
9s8s 0.695122 730880 13033 1070190
9h8s 0.695122 730880 13033 1070190
AcTc 0.694705 737341 6125.5 1070190
9h3c 0.694641 726921 16476.5 1070190
9s3c 0.694641 726921 16476.5 1070190
QcTc 0.694439 734453 8729 1070190
9d2c 0.693588 725691 16579.5 1070190
9h2c 0.693051 725220 16476.5 1070190
9s2c 0.693051 725220 16476.5 1070190
9d4d 0.692335 724596 16334.5 1070190
9d3d 0.692268 724524 16334.5 1070190
9d2d 0.691904 724134 16334.5 1070190
9h7d 0.691596 725791 14348 1070190
9s7d 0.691596 725791 14348 1070190
9d7h 0.691406 725535 14401 1070190
9d7s 0.691406 725535 14401 1070190
9h7h 0.690804 724970 14322 1070190
9s7s 0.690804 724970 14322 1070190
9h7s 0.690804 724970 14322 1070190
9s7h 0.690804 724970 14322 1070190
9s6d 0.688028 720997 15324 1070190
9h6d 0.688028 720997 15324 1070190
9d6h 0.687816 720711 15383 1070190
9d6s 0.687816 720711 15383 1070190
9h6s 0.687237 720176 15298 1070190
9s6h 0.687237 720176 15298 1070190
9s6s 0.687237 720176 15298 1070190
9h6h 0.687237 720176 15298 1070190
Ac8c 0.677552 714168 10941.5 1070190
9h4d 0.676294 706752 17011 1070190
9s4d 0.676294 706752 17011 1070190
9s3d 0.676227 706680 17011 1070190
9h3d 0.676227 706680 17011 1070190
9d4h 0.676018 706380 17087.5 1070190
9d4s 0.676018 706380 17087.5 1070190
9d3s 0.675951 706308 17087.5 1070190
9d3h 0.675951 706308 17087.5 1070190
9s2d 0.675812 706236 17011 1070190
9h2d 0.675812 706236 17011 1070190
9d2h 0.67553 705858 17087.5 1070190
9d2s 0.67553 705858 17087.5 1070190
9h4s 0.675481 705909 16984.5 1070190
9h4h 0.675481 705909 16984.5 1070190
9s4s 0.675481 705909 16984.5 1070190
9s4h 0.675481 705909 16984.5 1070190
9h3s 0.675414 705837 16984.5 1070190
9h3h 0.675414 705837 16984.5 1070190
9s3s 0.675414 705837 16984.5 1070190
9s3h 0.675414 705837 16984.5 1070190
9s2h 0.674994 705387 16984.5 1070190
9h2h 0.674994 705387 16984.5 1070190
9s2s 0.674994 705387 16984.5 1070190
9h2s 0.674994 705387 16984.5 1070190
Ac7c 0.672593 707717 12085.5 1070190
Ac6c 0.66847 702446 12943.5 1070190
JcTc 0.665544 703744 8514 1070190
Ac4c 0.655957 687752 14247 1070190
Ac3c 0.654687 686393 14247 1070190
Ac2c 0.653311 684920 14247 1070190
Ac5d 0.650097 691395 4332 1070190
Ac5h 0.649322 690588 4309.5 1070190
Ac5s 0.649322 690588 4309.5 1070190
8d8c 0.644284 688242 1264.5 1070190
8h8c 0.64354 687450 1260.5 1070190
8s8c 0.64354 687450 1260.5 1070190
Qc5d 0.640621 675319 10267 1070190
Qc5h 0.639906 674608 10212.5 1070190
Qc5s 0.639906 674608 10212.5 1070190
Ad5d 0.635751 676113 4261.5 1070190
Jc5d 0.633243 666637 11053 1070190
Jc5s 0.632557 665961 10995 1070190
Jc5h 0.632557 665961 10995 1070190
Qd5d 0.629379 663645 9910.5 1070190
Qc8c 0.629353 660223 13304 1070190
Tc5d 0.626293 658534 11719 1070190
7d7c 0.626059 668774 1228.5 1070190
Tc5s 0.625636 657891 11658 1070190
Tc5h 0.625636 657891 11658 1070190
7h7c 0.625321 667988 1224.5 1070190
7s7c 0.625321 667988 1224.5 1070190
Qc7c 0.624318 653691 14448 1070190
Jd5d 0.623241 656274 10712 1070190
Qc6c 0.620228 648456 15306 1070190
8h8d 0.619064 661267 1249 1070190
8s8d 0.619064 661267 1249 1070190
8s8h 0.61832 660475 1245 1070190
Td5d 0.617517 649469 11391.5 1070190
Ad5h 0.615557 654366 4396.5 1070190
Ad5s 0.615557 654366 4396.5 1070190
As5d 0.615529 654336 4396.5 1070190
Ah5d 0.615529 654336 4396.5 1070190
As5h 0.614753 653529 4374 1070190
As5s 0.614753 653529 4374 1070190
Ah5s 0.614753 653529 4374 1070190
Ah5h 0.614753 653529 4374 1070190
8c5d 0.612324 636089 19214.5 1070190
8c5s 0.61174 635575 19103.5 1070190
8c5h 0.61174 635575 19103.5 1070190
Qd5h 0.609737 642200 10334 1070190
Qd5s 0.609737 642200 10334 1070190
Qh5d 0.609682 642113 10362.5 1070190
Qs5d 0.609682 642113 10362.5 1070190
7c5d 0.608999 632044 19700.5 1070190
Qh5h 0.608967 641402 10308 1070190
Qs5h 0.608967 641402 10308 1070190
Qs5s 0.608967 641402 10308 1070190
Qh5s 0.608967 641402 10308 1070190
7c5s 0.608425 631545 19585 1070190
7c5h 0.608425 631545 19585 1070190
6d6c 0.607594 649048 1192.5 1070190
6s6c 0.606855 648262 1188.5 1070190
6h6c 0.606855 648262 1188.5 1070190
6c5d 0.606276 628824 20006.5 1070190
6c5h 0.605707 628334 19888 1070190
6c5s 0.605707 628334 19888 1070190
8d5d 0.604353 627898 18874.5 1070190
Jd5s 0.603638 634847 11160 1070190
Jd5h 0.603638 634847 11160 1070190
Js5d 0.603559 634731 11192 1070190
Jh5d 0.603559 634731 11192 1070190
Js5h 0.602873 634055 11134 1070190
Jh5h 0.602873 634055 11134 1070190
Js5s 0.602873 634055 11134 1070190
Jh5s 0.602873 634055 11134 1070190
7d5d 0.602316 625240 19353 1070190
7h7d 0.601672 642689 1214.5 1070190
7s7d 0.601672 642689 1214.5 1070190
Qc4c 0.601342 626981 16569 1070190
7s7h 0.600934 641903 1210.5 1070190
6d5d 0.600849 623368 19654.5 1070190
Qc3c 0.600072 625622 16569 1070190
Jc8c 0.599691 628694 13089 1070190
Qc2c 0.598696 624149 16569 1070190
Td5s 0.597901 628007 11860.5 1070190
Td5h 0.597901 628007 11860.5 1070190
Th5d 0.597794 627858 11895.5 1070190
Ts5d 0.597794 627858 11895.5 1070190
Th5h 0.597136 627215 11834.5 1070190
Th5s 0.597136 627215 11834.5 1070190
Ts5s 0.597136 627215 11834.5 1070190
Ts5h 0.597136 627215 11834.5 1070190
8c7c 0.595124 620215 16680.5 1070190
Jc7c 0.594856 622590 14019 1070190
8c6c 0.586513 610839 16841 1070190
8d5s 0.584581 605919 19693.5 1070190
8d5h 0.584581 605919 19693.5 1070190
8h5d 0.584409 605650 19778.5 1070190
8s5d 0.584409 605650 19778.5 1070190
6s6d 0.583937 623744 1180 1070190
6h6d 0.583937 623744 1180 1070190
Jc6c 0.583894 609840 15037.5 1070190
8h5h 0.583825 605136 19667.5 1070190
8h5s 0.583825 605136 19667.5 1070190
8s5h 0.583825 605136 19667.5 1070190
8s5s 0.583825 605136 19667.5 1070190
6s6h 0.583199 622958 1176 1070190
7d5s 0.582617 603307 20203.5 1070190
7d5h 0.582617 603307 20203.5 1070190
7s5d 0.582441 603029 20293 1070190
7h5d 0.582441 603029 20293 1070190
7s5s 0.581866 602530 20177.5 1070190
7s5h 0.581866 602530 20177.5 1070190
7h5s 0.581866 602530 20177.5 1070190
7h5h 0.581866 602530 20177.5 1070190
5d4c 0.581362 602737 19431 1070190
6d5h 0.581188 601456 20526 1070190
6d5s 0.581188 601456 20526 1070190
6s5d 0.581007 601169 20618.5 1070190
6h5d 0.581007 601169 20618.5 1070190
5s4c 0.580806 602266 19307 1070190
5h4c 0.580806 602266 19307 1070190
6s5s 0.580438 600679 20500 1070190
6s5h 0.580438 600679 20500 1070190
6h5h 0.580438 600679 20500 1070190
6h5s 0.580438 600679 20500 1070190
5d3c 0.580024 601305 19431 1070190
5s3c 0.579468 600834 19307 1070190
5h3c 0.579468 600834 19307 1070190
5d2c 0.578435 599604 19431 1070190
5h2c 0.577879 599133 19307 1070190
5s2c 0.577879 599133 19307 1070190
5d4d 0.577618 599032 19129 1070190
5d3d 0.577551 598960 19129 1070190
5d2d 0.577186 598570 19129 1070190
7c6c 0.575179 599682 15869 1070190
Tc8c 0.568617 596137 12391.5 1070190
Jc4c 0.564838 588183 16300.5 1070190
Tc7c 0.563783 590033 13321.5 1070190
Jc3c 0.563568 586824 16300.5 1070190
Jc2c 0.562191 585351 16300.5 1070190
5h4d 0.556347 575445 19952.5 1070190
5s4d 0.556347 575445 19952.5 1070190
5h3d 0.55628 575373 19952.5 1070190
5s3d 0.55628 575373 19952.5 1070190
5d4h 0.556125 575109 20050 1070190
5d4s 0.556125 575109 20050 1070190
5d3h 0.556057 575037 20050 1070190
5d3s 0.556057 575037 20050 1070190
5h2d 0.555865 574929 19952.5 1070190
5s2d 0.555865 574929 19952.5 1070190
5d2s 0.555637 574587 20050 1070190
5d2h 0.555637 574587 20050 1070190
5h4h 0.555569 574638 19926 1070190
5h4s 0.555569 574638 19926 1070190
5s4s 0.555569 574638 19926 1070190
5s4h 0.555569 574638 19926 1070190
5s3h 0.555501 574566 19926 1070190
5h3h 0.555501 574566 19926 1070190
5h3s 0.555501 574566 19926 1070190
5s3s 0.555501 574566 19926 1070190
5s2s 0.555081 574116 19926 1070190
5h2h 0.555081 574116 19926 1070190
5h2s 0.555081 574116 19926 1070190
5s2h 0.555081 574116 19926 1070190
Tc6c 0.552821 577283 14340 1070190
QcJd 0.549478 577067 10978.5 1070190
QcJh 0.548705 576274 10944.5 1070190
QcJs 0.548705 576274 10944.5 1070190
QdJc 0.548032 575555 10943.5 1070190
AcQd 0.547594 579540 6489.5 1070190
QsJc 0.547263 574773 10902.5 1070190
QhJc 0.547263 574773 10902.5 1070190
AcQs 0.54681 578724 6467 1070190
AcQh 0.54681 578724 6467 1070190
AdQc 0.543422 575095 6469.5 1070190
AhQc 0.54261 574253 6443 1070190
AsQc 0.54261 574253 6443 1070190
QcTd 0.54171 568754 10978.5 1070190
QdJd 0.541433 569131 10305 1070190
QcTs 0.540937 567961 10944.5 1070190
QcTh 0.540937 567961 10944.5 1070190
QdTc 0.53907 565964 10943.5 1070190
QsTc 0.538332 565215 10902.5 1070190
QhTc 0.538332 565215 10902.5 1070190
AcJd 0.537991 568262 7490.5 1070190
AcJh 0.537213 567452 7468 1070190
AcJs 0.537213 567452 7468 1070190
AdQd 0.535603 567059 6138 1070190
QdTd 0.53406 561241 10305 1070190
Tc4c 0.533078 554409 16085.5 1070190
AdJc 0.532472 562390 7456.5 1070190
Tc3c 0.531808 553050 16085.5 1070190
AhJc 0.5317 561597 7423 1070190
AsJc 0.5317 561597 7423 1070190
Tc2c 0.530432 551577 16085.5 1070190
AcTd 0.528667 557426 8348.5 1070190
AcTs 0.527889 556616 8326 1070190
AcTh 0.527889 556616 8326 1070190
AdJd 0.526426 556335 7041 1070190
AdTc 0.521879 550207 8302.5 1070190
AsTc 0.521143 549459 8263 1070190
AhTc 0.521143 549459 8263 1070190
QsJd 0.518507 544069 10831.5 1070190
QhJd 0.518507 544069 10831.5 1070190
QdJh 0.518503 544058 10838.5 1070190
QdJs 0.518503 544058 10838.5 1070190
QhJh 0.517734 543276 10797.5 1070190
QhJs 0.517734 543276 10797.5 1070190
QsJs 0.517734 543276 10797.5 1070190
QsJh 0.517734 543276 10797.5 1070190
AdTd 0.517526 546036 7815 1070190
AdQh 0.511129 540617 6388.5 1070190
AdQs 0.511129 540617 6388.5 1070190
AsQd 0.511101 540591 6384.5 1070190
AhQd 0.511101 540591 6384.5 1070190
QsTd 0.510795 535816 10831.5 1070190
QhTd 0.510795 535816 10831.5 1070190
QdTh 0.51076 535772 10838.5 1070190
QdTs 0.51076 535772 10838.5 1070190
AhQh 0.510318 539775 6362 1070190
AhQs 0.510318 539775 6362 1070190
AsQh 0.510318 539775 6362 1070190
AsQs 0.510318 539775 6362 1070190
QsTh 0.510022 535023 10797.5 1070190
QhTh 0.510022 535023 10797.5 1070190
QhTs 0.510022 535023 10797.5 1070190
QsTs 0.510022 535023 10797.5 1070190
Ac8d 0.504566 524033 15949 1070190
Ac8s 0.503859 523302 15923 1070190
Ac8h 0.503859 523302 15923 1070190
AhJd 0.501529 529367 7364.5 1070190
AsJd 0.501529 529367 7364.5 1070190
AdJh 0.501524 529350 7375.5 1070190
AdJs 0.501524 529350 7375.5 1070190
AhJh 0.500751 528557 7342 1070190
AsJs 0.500751 528557 7342 1070190
AhJs 0.500751 528557 7342 1070190
AsJh 0.500751 528557 7342 1070190
JcTd 0.500696 525148 10691.5 1070190
JcTh 0.499953 524387 10657.5 1070190
JcTs 0.499953 524387 10657.5 1070190
JdTc 0.499302 523687 10661.5 1070190
8c4c 0.49924 515694 18587.5 1070190
4d4c 0.4986 529510 4087 1070190
JhTc 0.498565 522938 10621.5 1070190
JsTc 0.498565 522938 10621.5 1070190
8c3c 0.49797 514335 18587.5 1070190
4s4c 0.497876 528739 4083 1070190
4h4c 0.497876 528739 4083 1070190
Ac7d 0.497262 514400 17765 1070190
8c2c 0.496628 512899 18587.5 1070190
Ac7h 0.49656 513675 17739 1070190
Ac7s 0.49656 513675 17739 1070190
Ad8c 0.496261 515442 15652 1070190
Ah8c 0.495578 514773 15590 1070190
As8c 0.495578 514773 15590 1070190
JdTd 0.495433 520172 10035 1070190
Ad8d 0.493437 513063 15008.5 1070190
AsTd 0.492228 518573 8204.5 1070190
AhTd 0.492228 518573 8204.5 1070190
AdTh 0.492186 518511 8221.5 1070190
AdTs 0.492186 518511 8221.5 1070190
AsTh 0.49145 517763 8182 1070190
AhTs 0.49145 517763 8182 1070190
AsTs 0.49145 517763 8182 1070190
AhTh 0.49145 517763 8182 1070190
Ac6d 0.491109 506453 19127 1070190
Ac6h 0.490407 505728 19101 1070190
Ac6s 0.490407 505728 19101 1070190
Ad7c 0.487626 504449 17404 1070190
7c4c 0.487078 503149 18116.5 1070190
As7c 0.486971 503818 17334 1070190
Ah7c 0.486971 503818 17334 1070190
Ad7d 0.486366 503779 16724.5 1070190
7c3c 0.485808 501790 18116.5 1070190
Ad6d 0.480411 496120 18011.5 1070190
6c4c 0.480267 496564 17413 1070190
Ad6c 0.480186 495172 18718 1070190
3d3c 0.479815 509406 4087 1070190
Ah6c 0.479553 494571 18642 1070190
As6c 0.479553 494571 18642 1070190
3h3c 0.479091 508635 4083 1070190
3s3c 0.479091 508635 4083 1070190
6c3c 0.478997 495205 17413 1070190
7c2c 0.476279 491646 18063 1070190
Ac4d 0.473844 485875 21228 1070190
Ac4h 0.473176 485183 21205.5 1070190
Ac4s 0.473176 485183 21205.5 1070190
Ac3d 0.47233 484255 21228 1070190
4s4d 0.472158 501222 4076.5 1070190
4h4d 0.472158 501222 4076.5 1070190
Ac3s 0.471663 483563 21205.5 1070190
Ac3h 0.471663 483563 21205.5 1070190
4s4h 0.471434 500451 4072.5 1070190
JsTd 0.470533 493009 10550.5 1070190
JhTd 0.470533 493009 10550.5 1070190
JdTs 0.470527 492997 10556.5 1070190
JdTh 0.470527 492997 10556.5 1070190
Ac2d 0.470477 482272 21228 1070190
Ac2h 0.469804 481574 21205.5 1070190
Ac2s 0.469804 481574 21205.5 1070190
JhTh 0.46979 492248 10516.5 1070190
JsTs 0.46979 492248 10516.5 1070190
JhTs 0.46979 492248 10516.5 1070190
JsTh 0.46979 492248 10516.5 1070190
6c2c 0.469469 485061 17359.5 1070190
As8d 0.467609 484731 15699.5 1070190
Ah8d 0.467609 484731 15699.5 1070190
Ad8h 0.467585 484669 15735.5 1070190
Ad8s 0.467585 484669 15735.5 1070190
Ah8h 0.466902 484000 15673.5 1070190
As8s 0.466902 484000 15673.5 1070190
As8h 0.466902 484000 15673.5 1070190
Ah8s 0.466902 484000 15673.5 1070190
Ad4d 0.462996 475523 19971 1070190
Ad3d 0.461398 473813 19971 1070190
Ad4c 0.461073 472728 20707.5 1070190
As4c 0.460469 472172 20617.5 1070190
Ah4c 0.460469 472172 20617.5 1070190
2d2c 0.460439 488670 4087 1070190
Ah7d 0.460265 475068 17503.5 1070190
As7d 0.460265 475068 17503.5 1070190
Ad7h 0.460219 474974 17547.5 1070190
Ad7s 0.460219 474974 17547.5 1070190
4c3c 0.459739 474984 17024.5 1070190
2h2c 0.459709 487893 4083 1070190
2s2c 0.459709 487893 4083 1070190
As7s 0.459564 474343 17477.5 1070190
As7h 0.459564 474343 17477.5 1070190
Ah7h 0.459564 474343 17477.5 1070190
Ah7s 0.459564 474343 17477.5 1070190
Ad2d 0.459503 471785 19971 1070190
Ad3c 0.458137 469586 20707.5 1070190
Ah3c 0.457533 469030 20617.5 1070190
As3c 0.457533 469030 20617.5 1070190
Ad2c 0.45495 466175 20707.5 1070190
As2c 0.454346 465619 20617.5 1070190
Ah2c 0.454346 465619 20617.5 1070190
As6d 0.454065 467079 18856.5 1070190
Ah6d 0.454065 467079 18856.5 1070190
3s3d 0.454004 481794 4076.5 1070190
3h3d 0.454004 481794 4076.5 1070190
Ad6h 0.453996 466955 18906.5 1070190
Ad6s 0.453996 466955 18906.5 1070190
As6s 0.453363 466354 18830.5 1070190
Ah6s 0.453363 466354 18830.5 1070190
Ah6h 0.453363 466354 18830.5 1070190
As6h 0.453363 466354 18830.5 1070190
3s3h 0.45328 481023 4072.5 1070190
4c2c 0.451573 466191 17078 1070190
3c2c 0.449309 463768 17078 1070190
Qc8d 0.443104 455818 18387 1070190
Qc8s 0.442428 455124 18357.5 1070190
Qc8h 0.442428 455124 18357.5 1070190
Qd8c 0.438801 451514 18086 1070190
Qh8c 0.438137 450865 18024.5 1070190
Qs8c 0.438137 450865 18024.5 1070190
Qd8d 0.436883 450302 17246 1070190
As4d 0.436123 445819 20916 1070190
Ah4d 0.436123 445819 20916 1070190
Ad4h 0.436059 445683 20983.5 1070190
Ad4s 0.436059 445683 20983.5 1070190
Qc7d 0.435799 446185 20203 1070190
Ah4h 0.435456 445127 20893.5 1070190
Ah4s 0.435456 445127 20893.5 1070190
As4h 0.435456 445127 20893.5 1070190
As4s 0.435456 445127 20893.5 1070190
2s2d 0.435149 461616 4076.5 1070190
2h2d 0.435149 461616 4076.5 1070190
Qc7h 0.435129 445497 20173.5 1070190
Qc7s 0.435129 445497 20173.5 1070190
Ah3d 0.434526 444109 20916 1070190
As3d 0.434526 444109 20916 1070190
Ad3s 0.434462 443973 20983.5 1070190
Ad3h 0.434462 443973 20983.5 1070190
2s2h 0.43442 460839 4072.5 1070190
Ah3h 0.433858 443417 20893.5 1070190
As3s 0.433858 443417 20893.5 1070190
As3h 0.433858 443417 20893.5 1070190
Ah3s 0.433858 443417 20893.5 1070190
Ah2d 0.43258 442027 20916 1070190
As2d 0.43258 442027 20916 1070190
Ad2s 0.432511 441885 20983.5 1070190
Ad2h 0.432511 441885 20983.5 1070190
As2s 0.431907 441329 20893.5 1070190
As2h 0.431907 441329 20893.5 1070190
Ah2s 0.431907 441329 20893.5 1070190
Ah2h 0.431907 441329 20893.5 1070190
Qd7c 0.430166 440521 19838 1070190
Qd7d 0.429812 441018 18962 1070190
Qc6d 0.429701 438297 21565 1070190
Qh7c 0.42953 439910 19768.5 1070190
Qs7c 0.42953 439910 19768.5 1070190
Qc6s 0.429032 437610 21535.5 1070190
Qc6h 0.429032 437610 21535.5 1070190
Qd6d 0.423913 433418 20249 1070190
Qd6c 0.422775 431298 21152 1070190
Qh6c 0.422162 430717 21076.5 1070190
Qs6c 0.422162 430717 21076.5 1070190
Qh8d 0.409164 419731 18152 1070190
Qs8d 0.409164 419731 18152 1070190
Qd8h 0.409152 419686 18184 1070190
Qd8s 0.409152 419686 18184 1070190
Qh8h 0.408488 419037 18122.5 1070190
Qh8s 0.408488 419037 18122.5 1070190
Qs8s 0.408488 419037 18122.5 1070190
Qs8h 0.408488 419037 18122.5 1070190
Qc4d 0.402065 406660 23625.5 1070190
Qh7d 0.40182 410068 19956 1070190
Qs7d 0.40182 410068 19956 1070190
Qd7s 0.401786 409991 19996 1070190
Qd7h 0.401786 409991 19996 1070190
Qc4s 0.401432 406009 23599.5 1070190
Qc4h 0.401432 406009 23599.5 1070190
Qs7s 0.40115 409380 19926.5 1070190
Qs7h 0.40115 409380 19926.5 1070190
Qh7s 0.40115 409380 19926.5 1070190
Qh7h 0.40115 409380 19926.5 1070190
Jc8d 0.400963 411007 18100 1070190
Qc3d 0.400551 405040 23625.5 1070190
Jc8s 0.400314 410342 18070.5 1070190
Jc8h 0.400314 410342 18070.5 1070190
Qc3s 0.399918 404389 23599.5 1070190
Qc3h 0.399918 404389 23599.5 1070190
8c7d 0.399905 405529 22445.5 1070190
8c7h 0.399284 404906 22403.5 1070190
8c7s 0.399284 404906 22403.5 1070190
Qc2d 0.398698 403057 23625.5 1070190
8d7c 0.398654 404352 22283 1070190
8d7d 0.398614 405397 21195.5 1070190
Qc2h 0.39806 402400 23599.5 1070190
Qc2s 0.39806 402400 23599.5 1070190
8h7c 0.39805 403771 22218.5 1070190
8s7c 0.39805 403771 22218.5 1070190
Jd8c 0.398028 408162 17804 1070190
Jh8c 0.397367 407515 17743.5 1070190
Js8c 0.397367 407515 17743.5 1070190
Jd8d 0.397195 408098 16976 1070190
Qd4d 0.396368 402020 22169.5 1070190
Qs6d 0.395677 402141 21309 1070190
Qh6d 0.395677 402141 21309 1070190
Qd6h 0.395621 402035 21355 1070190
Qd6s 0.395621 402035 21355 1070190
Qs6s 0.395008 401454 21279.5 1070190
Qh6s 0.395008 401454 21279.5 1070190
Qs6h 0.395008 401454 21279.5 1070190
Qh6h 0.395008 401454 21279.5 1070190
Qd3d 0.394771 400310 22169.5 1070190
Jc7d 0.393994 402090 19558 1070190
Jc7s 0.39335 401431 19528.5 1070190
Jc7h 0.39335 401431 19528.5 1070190
Qd4c 0.393319 397825 23101 1070190
Qd2d 0.392876 398282 22169.5 1070190
Qh4c 0.392743 397298 23011.5 1070190
Qs4c 0.392743 397298 23011.5 1070190
Jd7d 0.390437 399486 18356 1070190
Qd3c 0.390383 394683 23101 1070190
Qs3c 0.389807 394156 23011.5 1070190
Qh3c 0.389807 394156 23011.5 1070190
Jd7c 0.389719 397865 19208 1070190
Js7c 0.389084 397252 19141.5 1070190
Jh7c 0.389084 397252 19141.5 1070190
Qd2c 0.387196 391272 23101 1070190
Qh2c 0.38662 390745 23011.5 1070190
Qs2c 0.38662 390745 23011.5 1070190
8c6d 0.386269 390667 22714 1070190
8c6h 0.385651 390048 22672 1070190
8c6s 0.385651 390048 22672 1070190
8d6d 0.385364 390965 21447.5 1070190
8d6c 0.383779 388172 22544 1070190
8h6c 0.383197 387616 22478 1070190
8s6c 0.383197 387616 22478 1070190
Jc6d 0.376825 382086 21188.5 1070190
Jc6h 0.376187 381433 21159 1070190
Jc6s 0.376187 381433 21159 1070190
Jd6d 0.373705 380040 19895 1070190
Jd6c 0.371256 376531 20783 1070190
7d6d 0.371104 377171 19981 1070190
8h7d 0.370845 374618 22256.5 1070190
8s7d 0.370845 374618 22256.5 1070190
8d7h 0.370827 374576 22279 1070190
8d7s 0.370827 374576 22279 1070190
Jh6c 0.370647 375954 20709 1070190
Js6c 0.370647 375954 20709 1070190
7c6d 0.370355 375190 21160 1070190
8s7h 0.370224 373995 22214.5 1070190
8s7s 0.370224 373995 22214.5 1070190
8h7h 0.370224 373995 22214.5 1070190
8h7s 0.370224 373995 22214.5 1070190
7c6s 0.369761 374596 21118 1070190
7c6h 0.369761 374596 21118 1070190
7d6c 0.369133 374010 21032.5 1070190
7s6c 0.368556 373452 20972.5 1070190
7h6c 0.368556 373452 20972.5 1070190
Jd8s 0.367827 375743 17902 1070190
Jd8h 0.367827 375743 17902 1070190
Jh8d 0.367815 375761 17871 1070190
Js8d 0.367815 375761 17871 1070190
Jh8s 0.367166 375096 17841.5 1070190
Jh8h 0.367166 375096 17841.5 1070190
Js8h 0.367166 375096 17841.5 1070190
Js8s 0.367166 375096 17841.5 1070190
Qs4d 0.366955 369384 23328 1070190
Qh4d 0.366955 369384 23328 1070190
Qd4s 0.366899 369260 23391.5 1070190
Qd4h 0.366899 369260 23391.5 1070190
Qs4s 0.366323 368733 23302 1070190
Qh4s 0.366323 368733 23302 1070190
Qs4h 0.366323 368733 23302 1070190
Qh4h 0.366323 368733 23302 1070190
Qs3d 0.365358 367674 23328 1070190
Qh3d 0.365358 367674 23328 1070190
Qd3s 0.365301 367550 23391.5 1070190
Qd3h 0.365301 367550 23391.5 1070190
Qs3s 0.364725 367023 23302 1070190
Qh3h 0.364725 367023 23302 1070190
Qh3s 0.364725 367023 23302 1070190
Qs3h 0.364725 367023 23302 1070190
Qh2d 0.363412 365592 23328 1070190
Qs2d 0.363412 365592 23328 1070190
Qd2h 0.36335 365462 23391.5 1070190
Qd2s 0.36335 365462 23391.5 1070190
Qh2h 0.362774 364935 23302 1070190
Qs2s 0.362774 364935 23302 1070190
Qs2h 0.362774 364935 23302 1070190
Qh2s 0.362774 364935 23302 1070190
Js7d 0.360806 366814 19317 1070190
Jh7d 0.360806 366814 19317 1070190
Jd7h 0.360798 366768 19354 1070190
Jd7s 0.360798 366768 19354 1070190
Js7h 0.360163 366155 19287.5 1070190
Js7s 0.360163 366155 19287.5 1070190
Jh7h 0.360163 366155 19287.5 1070190
Jh7s 0.360163 366155 19287.5 1070190
8s6d 0.356813 359333 22525 1070190
8h6d 0.356813 359333 22525 1070190
8d6s 0.356777 359270 22549 1070190
8d6h 0.356777 359270 22549 1070190
8s6h 0.356196 358714 22483 1070190
8s6s 0.356196 358714 22483 1070190
8h6h 0.356196 358714 22483 1070190
8h6s 0.356196 358714 22483 1070190
Tc8d 0.355729 363674 17024 1070190
Tc8s 0.355108 363035 16998 1070190
Tc8h 0.355108 363035 16998 1070190
Td8d 0.3544 363334 15941.5 1070190
Td8c 0.354096 362235 16715.5 1070190
Ts8c 0.353436 361588 16656 1070190
Th8c 0.353436 361588 16656 1070190
Jc4d 0.348975 350221 23249 1070190
Tc7d 0.34876 354757 18482 1070190
Jc4s 0.348376 349605 23223 1070190
Jc4h 0.348376 349605 23223 1070190
Tc7s 0.348144 354124 18456 1070190
Tc7h 0.348144 354124 18456 1070190
Td7d 0.347642 354722 17321.5 1070190
Jc3d 0.347462 348601 23249 1070190
Jc3h 0.346862 347985 23223 1070190
Jc3s 0.346862 347985 23223 1070190
Jd4d 0.345948 348415 21815.5 1070190
Td7c 0.345787 351938 18119.5 1070190
Jc2d 0.345609 346618 23249 1070190
Ts7c 0.345153 351325 18054 1070190
Th7c 0.345153 351325 18054 1070190
Jc2h 0.345003 345996 23223 1070190
Jc2s 0.345003 345996 23223 1070190
Jd3d 0.344351 346705 21815.5 1070190
Js6d 0.34313 346276 20938.5 1070190
Jh6d 0.34313 346276 20938.5 1070190
Jd6h 0.343101 346200 20983 1070190
Jd6s 0.343101 346200 20983 1070190
Jh6s 0.342492 345623 20909 1070190
Jh6h 0.342492 345623 20909 1070190
Js6h 0.342492 345623 20909 1070190
Js6s 0.342492 345623 20909 1070190
Jd2d 0.342456 344677 21815.5 1070190
7s6d 0.342166 345190 20992.5 1070190
7h6d 0.342166 345190 20992.5 1070190
7d6s 0.342149 345154 21010.5 1070190
7d6h 0.342149 345154 21010.5 1070190
Jd4c 0.341577 342820 22732 1070190
7h6h 0.341572 344596 20950.5 1070190
7h6s 0.341572 344596 20950.5 1070190
7s6h 0.341572 344596 20950.5 1070190
7s6s 0.341572 344596 20950.5 1070190
Js4c 0.341005 342296 22644 1070190
Jh4c 0.341005 342296 22644 1070190
Jd3c 0.338641 339678 22732 1070190
Js3c 0.338069 339154 22644 1070190
Jh3c 0.338069 339154 22644 1070190
Jd2c 0.335454 336267 22732 1070190
Jh2c 0.334882 335743 22644 1070190
Js2c 0.334882 335743 22644 1070190
Tc6d 0.331591 334753 20112.5 1070190
Tc6s 0.330981 334126 20086.5 1070190
Tc6h 0.330981 334126 20086.5 1070190
Td6d 0.33091 335276 18860.5 1070190
Td6c 0.327324 330604 19694.5 1070190
Ts6c 0.326716 330027 19621.5 1070190
Th6c 0.326716 330027 19621.5 1070190
Td8h 0.323062 328933 16805 1070190
Td8s 0.323062 328933 16805 1070190
Th8d 0.323023 328925 16771.5 1070190
Ts8d 0.323023 328925 16771.5 1070190
Th8s 0.322402 328286 16745.5 1070190
Th8h 0.322402 328286 16745.5 1070190
Ts8h 0.322402 328286 16745.5 1070190
Ts8s 0.322402 328286 16745.5 1070190
Td7h 0.316033 319958 18257 1070190
Td7s 0.316033 319958 18257 1070190
Th7d 0.316014 319978 18217.5 1070190
Ts7d 0.316014 319978 18217.5 1070190
Th7h 0.315399 319345 18191.5 1070190
Ts7s 0.315399 319345 18191.5 1070190
Th7s 0.315399 319345 18191.5 1070190
Ts7h 0.315399 319345 18191.5 1070190
Js4d 0.314181 313276 22957.5 1070190
Jh4d 0.314181 313276 22957.5 1070190
Jd4h 0.314153 313184 23019.5 1070190
Jd4s 0.314153 313184 23019.5 1070190
Js4s 0.313581 312660 22931.5 1070190
Js4h 0.313581 312660 22931.5 1070190
Jh4h 0.313581 312660 22931.5 1070190
Jh4s 0.313581 312660 22931.5 1070190
Jh3d 0.312583 311566 22957.5 1070190
Js3d 0.312583 311566 22957.5 1070190
Jd3s 0.312555 311474 23019.5 1070190
Jd3h 0.312555 311474 23019.5 1070190
Jh3s 0.311983 310950 22931.5 1070190
Jh3h 0.311983 310950 22931.5 1070190
Js3s 0.311983 310950 22931.5 1070190
Js3h 0.311983 310950 22931.5 1070190
Js2d 0.310638 309484 22957.5 1070190
Jh2d 0.310638 309484 22957.5 1070190
Jd2s 0.310604 309386 23019.5 1070190
Jd2h 0.310604 309386 23019.5 1070190
Js2s 0.310032 308862 22931.5 1070190
Js2h 0.310032 308862 22931.5 1070190
Jh2h 0.310032 308862 22931.5 1070190
Jh2s 0.310032 308862 22931.5 1070190
Tc4d 0.302679 300962 22962 1070190
Td4d 0.302125 301786 21545.5 1070190
Tc4h 0.302112 300381 22936 1070190
Tc4s 0.302112 300381 22936 1070190
Tc3d 0.301165 299342 22962 1070190
Tc3s 0.300598 298761 22936 1070190
Tc3h 0.300598 298761 22936 1070190
Td3d 0.300527 300076 21545.5 1070190
Tc2d 0.299312 297359 22962 1070190
Tc2h 0.298739 296772 22936 1070190
Tc2s 0.298739 296772 22936 1070190
Td2d 0.298632 298048 21545.5 1070190
Ts6d 0.298339 299440 19839 1070190
Th6d 0.298339 299440 19839 1070190
Td6s 0.298336 299390 19886 1070190
Td6h 0.298336 299390 19886 1070190
Th6s 0.297728 298813 19813 1070190
Ts6s 0.297728 298813 19813 1070190
Ts6h 0.297728 298813 19813 1070190
Th6h 0.297728 298813 19813 1070190
Td4c 0.296557 294922 22450 1070190
Th4c 0.295986 294398 22363 1070190
Ts4c 0.295986 294398 22363 1070190
Td3c 0.293621 291780 22450 1070190
Th3c 0.29305 291256 22363 1070190
Ts3c 0.29305 291256 22363 1070190
Td2c 0.290433 288369 22450 1070190
Ts2c 0.289863 287845 22363 1070190
Th2c 0.289863 287845 22363 1070190
Td4h 0.268292 264386 22737.5 1070190
Td4s 0.268292 264386 22737.5 1070190
Ts4d 0.268288 264443 22676.5 1070190
Th4d 0.268288 264443 22676.5 1070190
Th4h 0.267721 263862 22650.5 1070190
Th4s 0.267721 263862 22650.5 1070190
Ts4s 0.267721 263862 22650.5 1070190
Ts4h 0.267721 263862 22650.5 1070190
Td3h 0.266694 262676 22737.5 1070190
Td3s 0.266694 262676 22737.5 1070190
Ts3d 0.26669 262733 22676.5 1070190
Th3d 0.26669 262733 22676.5 1070190
Ts3s 0.266123 262152 22650.5 1070190
Th3s 0.266123 262152 22650.5 1070190
Th3h 0.266123 262152 22650.5 1070190
Ts3h 0.266123 262152 22650.5 1070190
Th2d 0.264745 260651 22676.5 1070190
Ts2d 0.264745 260651 22676.5 1070190
Td2s 0.264743 260588 22737.5 1070190
Td2h 0.264743 260588 22737.5 1070190
Th2h 0.264172 260064 22650.5 1070190
Th2s 0.264172 260064 22650.5 1070190
Ts2h 0.264172 260064 22650.5 1070190
Ts2s 0.264172 260064 22650.5 1070190
8d4d 0.257061 250701 24403.5 1070190
8c4d 0.255573 247609 25903 1070190
8d3d 0.255464 248991 24403.5 1070190
8c4s 0.255049 247082 25869 1070190
8c4h 0.255049 247082 25869 1070190
8c3d 0.25406 245989 25903 1070190
8d2d 0.253624 247022 24403.5 1070190
8c3s 0.253535 245462 25869 1070190
8c3h 0.253535 245462 25869 1070190
8c2d 0.252262 244065 25903 1070190
8c2s 0.251733 243533 25869 1070190
8c2h 0.251733 243533 25869 1070190
8d4c 0.25114 243179 25589 1070190
8h4c 0.250644 242727 25510 1070190
8s4c 0.250644 242727 25510 1070190
8d3c 0.248205 240037 25589 1070190
8h3c 0.247708 239585 25510 1070190
8s3c 0.247708 239585 25510 1070190
8d2c 0.245068 236680 25589 1070190
8s2c 0.244572 236228 25510 1070190
8h2c 0.244572 236228 25510 1070190
7d4d 0.241784 235212 23543 1070190
7d3d 0.240186 233502 23543 1070190
7c4d 0.238576 230332 24989.5 1070190
7c4h 0.238075 229831 24954 1070190
7c4s 0.238075 229831 24954 1070190
7c3d 0.237062 228712 24989.5 1070190
7c3h 0.236561 228211 24954 1070190
7c3s 0.236561 228211 24954 1070190
7d4c 0.235502 227296 24736 1070190
7s4c 0.23501 226842 24663 1070190
7h4c 0.23501 226842 24663 1070190
6d4d 0.234002 228028 22399 1070190
7d3c 0.232566 224154 24736 1070190
6d3d 0.232405 226318 22399 1070190
7h3c 0.232074 223700 24663 1070190
7s3c 0.232074 223700 24663 1070190
6c4d 0.229297 221617 23774.5 1070190
6c4s 0.228817 221140 23738 1070190
6c4h 0.228817 221140 23738 1070190
6c3d 0.227783 219997 23774.5 1070190
6d4c 0.227521 219915 23575.5 1070190
6c3h 0.227304 219520 23738 1070190
6c3s 0.227304 219520 23738 1070190
6h4c 0.227028 219455 23508.5 1070190
6s4c 0.227028 219455 23508.5 1070190
7d2d 0.225612 217989 23459 1070190
6d3c 0.224585 216773 23575.5 1070190
6h3c 0.224092 216313 23508.5 1070190
6s3c 0.224092 216313 23508.5 1070190
7c2d 0.222233 212931 24900 1070190
8h4d 0.221907 211760 25722.5 1070190
8s4d 0.221907 211760 25722.5 1070190
8d4h 0.221879 211685 25767.5 1070190
8d4s 0.221879 211685 25767.5 1070190
7c2h 0.221734 212433 24864.5 1070190
7c2s 0.221734 212433 24864.5 1070190
8s4s 0.221383 211233 25688.5 1070190
8s4h 0.221383 211233 25688.5 1070190
8h4s 0.221383 211233 25688.5 1070190
8h4h 0.221383 211233 25688.5 1070190
8s3d 0.220309 210050 25722.5 1070190
8h3d 0.220309 210050 25722.5 1070190
8d3s 0.220281 209975 25767.5 1070190
8d3h 0.220281 209975 25767.5 1070190
8s3s 0.219785 209523 25688.5 1070190
8s3h 0.219785 209523 25688.5 1070190
8h3h 0.219785 209523 25688.5 1070190
8h3s 0.219785 209523 25688.5 1070190
8s2d 0.218421 208030 25722.5 1070190
8h2d 0.218421 208030 25722.5 1070190
8d2s 0.218389 207950 25767.5 1070190
8d2h 0.218389 207950 25767.5 1070190
8s2h 0.217893 207498 25688.5 1070190
8s2s 0.217893 207498 25688.5 1070190
8h2s 0.217893 207498 25688.5 1070190
8h2h 0.217893 207498 25688.5 1070190
6d2d 0.21783 210805 22315 1070190
7d2c 0.216386 206925 24649 1070190
7s2c 0.215899 206476 24576.5 1070190
7h2c 0.215899 206476 24576.5 1070190
6c2d 0.212949 204211 23685 1070190
6c2s 0.212471 203736 23648.5 1070190
6c2h 0.212471 203736 23648.5 1070190
6d2c 0.208409 199549 23488.5 1070190
6s2c 0.207923 199095 23422 1070190
6h2c 0.207923 199095 23422 1070190
7s4d 0.206215 195853 24836.5 1070190
7h4d 0.206215 195853 24836.5 1070190
7d4s 0.206206 195806 24874 1070190
7d4h 0.206206 195806 24874 1070190
4d3d 0.205932 198588 21798 1070190
7s4h 0.205714 195352 24801 1070190
7s4s 0.205714 195352 24801 1070190
7h4s 0.205714 195352 24801 1070190
7h4h 0.205714 195352 24801 1070190
7s3d 0.204617 194143 24836.5 1070190
7h3d 0.204617 194143 24836.5 1070190
7d3s 0.204609 194096 24874 1070190
7d3h 0.204609 194096 24874 1070190
7s3s 0.204116 193642 24801 1070190
7h3s 0.204116 193642 24801 1070190
7h3h 0.204116 193642 24801 1070190
7s3h 0.204116 193642 24801 1070190
4c3d 0.199323 190270 23043.5 1070190
4c3s 0.198889 189856 22993 1070190
4c3h 0.198889 189856 22993 1070190
6d4s 0.19838 188628 23676.5 1070190
6d4h 0.19838 188628 23676.5 1070190
6h4d 0.198368 188645 23646 1070190
6s4d 0.198368 188645 23646 1070190
4d3c 0.198027 188883 23043.5 1070190
6s4h 0.197888 188168 23609.5 1070190
6h4h 0.197888 188168 23609.5 1070190
6h4s 0.197888 188168 23609.5 1070190
6s4s 0.197888 188168 23609.5 1070190
4h3c 0.197593 188469 22993 1070190
4s3c 0.197593 188469 22993 1070190
6d3h 0.196782 186918 23676.5 1070190
6d3s 0.196782 186918 23676.5 1070190
6s3d 0.19677 186935 23646 1070190
6h3d 0.19677 186935 23646 1070190
6h3h 0.19629 186458 23609.5 1070190
6s3h 0.19629 186458 23609.5 1070190
6s3s 0.19629 186458 23609.5 1070190
6h3s 0.19629 186458 23609.5 1070190
4d2d 0.193469 185167 21882 1070190
3d2d 0.191872 183457 21882 1070190
7s2d 0.189168 177699 24747 1070190
7h2d 0.189168 177699 24747 1070190
7d2s 0.189157 177650 24784 1070190
7d2h 0.189157 177650 24784 1070190
7h2h 0.18867 177201 24711.5 1070190
7s2h 0.18867 177201 24711.5 1070190
7h2s 0.18867 177201 24711.5 1070190
7s2s 0.18867 177201 24711.5 1070190
4c2d 0.186654 176625 23130.5 1070190
4c2s 0.186222 176213 23079.5 1070190
4c2h 0.186222 176213 23079.5 1070190
4d2c 0.184017 173800 23133 1070190
3c2d 0.183718 173483 23130.5 1070190
4h2c 0.183588 173392 23082.5 1070190
4s2c 0.183588 173392 23082.5 1070190
3c2s 0.183286 173071 23079.5 1070190
3c2h 0.183286 173071 23079.5 1070190
3d2c 0.182503 172180 23133 1070190
3s2c 0.182075 171772 23082.5 1070190
3h2c 0.182075 171772 23082.5 1070190
6d2h 0.18133 170471 23586.5 1070190
6d2s 0.18133 170471 23586.5 1070190
6h2d 0.181322 170492 23556.5 1070190
6s2d 0.181322 170492 23556.5 1070190
6h2s 0.180844 170017 23520 1070190
6h2h 0.180844 170017 23520 1070190
6s2h 0.180844 170017 23520 1070190
6s2s 0.180844 170017 23520 1070190
4d3h 0.169474 158359 23010.5 1070190
4d3s 0.169474 158359 23010.5 1070190
4s3d 0.169474 158359 23010.5 1070190
4h3d 0.169474 158359 23010.5 1070190
4s3s 0.16904 157945 22960 1070190
4s3h 0.16904 157945 22960 1070190
4h3s 0.16904 157945 22960 1070190
4h3h 0.16904 157945 22960 1070190
4h2d 0.156278 144147 23100.5 1070190
4s2d 0.156278 144147 23100.5 1070190
4d2s 0.156274 144143 23100 1070190
4d2h 0.156274 144143 23100 1070190
4h2s 0.155846 143735 23049.5 1070190
4h2h 0.155846 143735 23049.5 1070190
4s2h 0.155846 143735 23049.5 1070190
4s2s 0.155846 143735 23049.5 1070190
3h2d 0.15468 142437 23100.5 1070190
3s2d 0.15468 142437 23100.5 1070190
3d2h 0.154676 142433 23100 1070190
3d2s 0.154676 142433 23100 1070190
3h2h 0.154248 142025 23049.5 1070190
3h2s 0.154248 142025 23049.5 1070190
3s2h 0.154248 142025 23049.5 1070190
3s2s 0.154248 142025 23049.5 1070190
