QhQc 0.945859 1012249 0 1070190
QsQc 0.945859 1012249 0 1070190
QsQh 0.929869 995136 0 1070190
JhJd 0.92541 990300 64.5 1070190
JsJd 0.92541 990300 64.5 1070190
JsJh 0.925032 989895 64.5 1070190
5h5d 0.916918 981156 120 1070190
5s5d 0.916918 981156 120 1070190
5s5h 0.916548 980760 120 1070190
AcQc 0.908127 968958 2910 1070190
QcJd 0.905876 966943 2516 1070190
QcJh 0.905413 966448 2516 1070190
QcJs 0.905413 966448 2516 1070190
KcQc 0.903127 962509 4008.5 1070190
Qc5d 0.889339 945694 6068 1070190
Qc5h 0.888885 945208 6068 1070190
Qc5s 0.888885 945208 6068 1070190
QsJd 0.888601 948435 2537 1070190
QhJd 0.888601 948435 2537 1070190
QsJs 0.888139 947940 2537 1070190
QhJs 0.888139 947940 2537 1070190
QhJh 0.888139 947940 2537 1070190
QsJh 0.888139 947940 2537 1070190
QcTc 0.88667 941086 7819 1070190
Qc9c 0.879789 933533 8008 1070190
Qc8c 0.874052 927091 8310.5 1070190
Qs5d 0.872201 927456 5964.5 1070190
Qh5d 0.872201 927456 5964.5 1070190
Qh5s 0.871747 926970 5964.5 1070190
Qs5h 0.871747 926970 5964.5 1070190
Qs5s 0.871747 926970 5964.5 1070190
Qh5h 0.871747 926970 5964.5 1070190
Qc7c 0.868872 921113 8745 1070190
Qc6c 0.866652 918035 9447 1070190
Qc4c 0.863305 912893 11007 1070190
Qc3c 0.863148 912725 11007 1070190
Qc2c 0.862991 912557 11007 1070190
AdAc 0.862161 921559 1117.5 1070190
AhAc 0.861375 920722 1113 1070190
AsAc 0.861375 920722 1113 1070190
Jd5d 0.85395 907789 6099.5 1070190
AcQh 0.852248 907830 4237.5 1070190
AcQs 0.852248 907830 4237.5 1070190
KdKc 0.851085 909120 1702.5 1070190
AdQc 0.85049 905972 4213.5 1070190
KsKc 0.850326 908316 1694 1070190
KhKc 0.850326 908316 1694 1070190
AsQc 0.849622 905048 4209 1070190
AhQc 0.849622 905048 4209 1070190
KcQs 0.849303 903070 5846 1070190
KcQh 0.849303 903070 5846 1070190
KdQc 0.84918 902955 5829 1070190
KsQc 0.848342 902067 5820.5 1070190
KhQc 0.848342 902067 5820.5 1070190
Jd5s 0.847978 901308 6189.5 1070190
Jd5h 0.847978 901308 6189.5 1070190
Jh5d 0.84797 901299 6189.5 1070190
Js5d 0.84797 901299 6189.5 1070190
Js5s 0.847621 900948 6167 1070190
Jh5h 0.847621 900948 6167 1070190
Jh5s 0.847621 900948 6167 1070190
Js5h 0.847621 900948 6167 1070190
AsAd 0.836212 893798 1108 1070190
AhAd 0.836212 893798 1108 1070190
AsAh 0.835426 892961 1103.5 1070190
QcTd 0.830334 877152 11463.5 1070190
QcTs 0.829538 876312 11451 1070190
QcTh 0.829538 876312 11451 1070190
QhTc 0.827395 874175 11294.5 1070190
QsTc 0.827395 874175 11294.5 1070190
AdQh 0.827328 881273 4125.5 1070190
AdQs 0.827328 881273 4125.5 1070190
KhKd 0.826657 882995 1685 1070190
KsKd 0.826657 882995 1685 1070190
AsQs 0.826461 880349 4121 1070190
AsQh 0.826461 880349 4121 1070190
AhQh 0.826461 880349 4121 1070190
AhQs 0.826461 880349 4121 1070190
KdQs 0.826315 878567 5747.5 1070190
KdQh 0.826315 878567 5747.5 1070190
KsKh 0.825898 882191 1676.5 1070190
KsQh 0.825478 877679 5739 1070190
KsQs 0.825478 877679 5739 1070190
KhQs 0.825478 877679 5739 1070190
KhQh 0.825478 877679 5739 1070190
Qc9d 0.817997 863707 11705 1070190
Qc9s 0.817165 862825 11697 1070190
Qc9h 0.817165 862825 11697 1070190
Qs9c 0.81437 860074 11456.5 1070190
Qh9c 0.81437 860074 11456.5 1070190
Qc8d 0.80773 852275 12149.5 1070190
QsTd 0.807394 852845 11220 1070190
QhTd 0.807394 852845 11220 1070190
Qc8s 0.806868 851357 12145.5 1070190
Qc8h 0.806868 851357 12145.5 1070190
QhTs 0.806597 852005 11207.5 1070190
QhTh 0.806597 852005 11207.5 1070190
QsTs 0.806597 852005 11207.5 1070190
QsTh 0.806597 852005 11207.5 1070190
Qs8c 0.803371 847941 11819 1070190
Qh8c 0.803371 847941 11819 1070190
Qc7d 0.798399 841609 12830 1070190
Qc7h 0.797508 840655 12830 1070190
Qc7s 0.797508 840655 12830 1070190
Qc6d 0.795111 836962 13958 1070190
Qs9d 0.794937 839337 11396.5 1070190
Qh9d 0.794937 839337 11396.5 1070190
Qc6h 0.794225 836014 13958 1070190
Qc6s 0.794225 836014 13958 1070190
Qs9s 0.794105 838455 11388.5 1070190
Qs9h 0.794105 838455 11388.5 1070190
Qh9s 0.794105 838455 11388.5 1070190
Qh9h 0.794105 838455 11388.5 1070190
Qh7c 0.793324 836601 12406.5 1070190
Qs7c 0.793324 836601 12406.5 1070190
AcJd 0.791773 842822 4526 1070190
AcJs 0.790999 842016 4503.5 1070190
AcJh 0.790999 842016 4503.5 1070190
Qc4d 0.790319 829531 16260 1070190
Qc3d 0.789918 829102 16260 1070190
Qc2d 0.789517 828673 16260 1070190
Qc4s 0.789433 828583 16260 1070190
Qc4h 0.789433 828583 16260 1070190
KcJd 0.789423 838709 6124 1070190
Qc3h 0.789026 828148 16260 1070190
Qc3s 0.789026 828148 16260 1070190
Qh6c 0.788828 830718 13477.5 1070190
Qs6c 0.788828 830718 13477.5 1070190
KcJs 0.788682 837942 6097.5 1070190
KcJh 0.788682 837942 6097.5 1070190
Qc2s 0.78862 827713 16260 1070190
Qc2h 0.78862 827713 16260 1070190
Qh8d 0.784623 827919 11777 1070190
Qs8d 0.784623 827919 11777 1070190
Qs8h 0.783762 827001 11773 1070190
Qs8s 0.783762 827001 11773 1070190
Qh8s 0.783762 827001 11773 1070190
Qh8h 0.783762 827001 11773 1070190
Qs4c 0.782861 822124 15685.5 1070190
Qh4c 0.782861 822124 15685.5 1070190
Qh3c 0.781245 820395 15685.5 1070190
Qs3c 0.781245 820395 15685.5 1070190
Qs2c 0.779655 818694 15685.5 1070190
Qh2c 0.779655 818694 15685.5 1070190
AdJd 0.776202 826271 4413 1070190
Qh7d 0.775274 817302 12388.5 1070190
Qs7d 0.775274 817302 12388.5 1070190
KdJd 0.77521 823662 5959.5 1070190
Qs7h 0.774383 816348 12388.5 1070190
Qh7h 0.774383 816348 12388.5 1070190
Qh7s 0.774383 816348 12388.5 1070190
Qs7s 0.774383 816348 12388.5 1070190
Qs6d 0.772088 812793 13488 1070190
Qh6d 0.772088 812793 13488 1070190
Qs6h 0.771202 811845 13488 1070190
Qh6h 0.771202 811845 13488 1070190
Qh6s 0.771202 811845 13488 1070190
Qs6s 0.771202 811845 13488 1070190
Qs4d 0.767379 805509 15732 1070190
Qh4d 0.767379 805509 15732 1070190
Qh3d 0.766969 805071 15732 1070190
Qs3d 0.766969 805071 15732 1070190
Qh2d 0.76656 804633 15732 1070190
Qs2d 0.76656 804633 15732 1070190
Qs4s 0.766493 804561 15732 1070190
Qs4h 0.766493 804561 15732 1070190
Qh4h 0.766493 804561 15732 1070190
Qh4s 0.766493 804561 15732 1070190
JdTc 0.766198 808583 11394 1070190
Qs3s 0.766078 804117 15732 1070190
Qs3h 0.766078 804117 15732 1070190
Qh3h 0.766078 804117 15732 1070190
Qh3s 0.766078 804117 15732 1070190
Qs2s 0.765663 803673 15732 1070190
Qh2s 0.765663 803673 15732 1070190
Qs2h 0.765663 803673 15732 1070190
Qh2h 0.765663 803673 15732 1070190
JsTc 0.765507 807895 11343 1070190
JhTc 0.765507 807895 11343 1070190
AdJs 0.763844 812849 4609.5 1070190
AdJh 0.763844 812849 4609.5 1070190
AsJd 0.76382 812827 4605.5 1070190
AhJd 0.76382 812827 4605.5 1070190
KdJs 0.763371 810712 6239.5 1070190
KdJh 0.763371 810712 6239.5 1070190
KhJd 0.763341 810684 6236 1070190
KsJd 0.763341 810684 6236 1070190
AhJs 0.763046 812021 4583 1070190
AsJh 0.763046 812021 4583 1070190
AhJh 0.763046 812021 4583 1070190
AsJs 0.763046 812021 4583 1070190
KhJs 0.7626 809917 6209.5 1070190
KsJh 0.7626 809917 6209.5 1070190
KsJs 0.7626 809917 6209.5 1070190
KhJh 0.7626 809917 6209.5 1070190
AcKc 0.760442 808876 4941.5 1070190
JdTd 0.755295 797298 11011 1070190
Jd9c 0.752056 793257 11585.5 1070190
Jh9c 0.751399 792611 11528.5 1070190
Js9c 0.751399 792611 11528.5 1070190
KcTc 0.747978 791027 9452 1070190
JsTd 0.74309 783721 11527 1070190
JhTd 0.74309 783721 11527 1070190
JdTs 0.743049 783659 11544.5 1070190
JdTh 0.743049 783659 11544.5 1070190
Jd9d 0.742555 783407 11267.5 1070190
JsTs 0.742358 782971 11493.5 1070190
JhTs 0.742358 782971 11493.5 1070190
JhTh 0.742358 782971 11493.5 1070190
JsTh 0.742358 782971 11493.5 1070190
Jd8c 0.740105 780067 11986.5 1070190
AcTc 0.739768 782194 9498 1070190
Js8c 0.739482 779464 11922 1070190
Jh8c 0.739482 779464 11922 1070190
Jd8d 0.731962 771616 11722 1070190
Js9d 0.729385 768817 11764 1070190
Jh9d 0.729385 768817 11764 1070190
Jd9s 0.729278 768674 11791.5 1070190
Jd9h 0.729278 768674 11791.5 1070190
Jd7c 0.729272 767832 12627.5 1070190
Js7c 0.728681 767274 12553 1070190
Jh7c 0.728681 767274 12553 1070190
Js9h 0.728621 768028 11734.5 1070190
Jh9h 0.728621 768028 11734.5 1070190
Jh9s 0.728621 768028 11734.5 1070190
Js9s 0.728621 768028 11734.5 1070190
Jd6c 0.724638 761763 13737.5 1070190
Jh6c 0.724071 761238 13655.5 1070190
Js6c 0.724071 761238 13655.5 1070190
Jd7d 0.722441 760741 12408.5 1070190
Jd6d 0.719162 756121 13519.5 1070190
Jd4c 0.718542 752971 16005.5 1070190
Jh4c 0.718013 752503 15907 1070190
Js4c 0.718013 752503 15907 1070190
Js8d 0.718 756181 12215.5 1070190
Jh8d 0.718 756181 12215.5 1070190
Jd8h 0.717831 755962 12254 1070190
Jd8s 0.717831 755962 12254 1070190
Js8h 0.717208 755359 12189.5 1070190
Jh8s 0.717208 755359 12189.5 1070190
Jh8h 0.717208 755359 12189.5 1070190
Js8s 0.717208 755359 12189.5 1070190
Jd3c 0.716926 751242 16005.5 1070190
Jh3c 0.716397 750774 15907 1070190
Js3c 0.716397 750774 15907 1070190
Jd2c 0.715337 749541 16005.5 1070190
Js2c 0.714808 749073 15907 1070190
Jh2c 0.714808 749073 15907 1070190
Jd4d 0.714374 748720 15795.5 1070190
Jd3d 0.714009 748330 15795.5 1070190
Jd2d 0.713645 747940 15795.5 1070190
Js7d 0.707755 744516 12916.5 1070190
Jh7d 0.707755 744516 12916.5 1070190
Jd7h 0.707526 744219 12968.5 1070190
Jd7s 0.707526 744219 12968.5 1070190
Jh7h 0.706935 743661 12894 1070190
Js7s 0.706935 743661 12894 1070190
Js7h 0.706935 743661 12894 1070190
Jh7s 0.706935 743661 12894 1070190
Js6d 0.70436 739719 14080 1070190
Jh6d 0.70436 739719 14080 1070190
Jd6s 0.704113 739395 14139.5 1070190
Jd6h 0.704113 739395 14139.5 1070190
Js6s 0.703546 738870 14057.5 1070190
Js6h 0.703546 738870 14057.5 1070190
Jh6s 0.703546 738870 14057.5 1070190
Jh6h 0.703546 738870 14057.5 1070190
Js4d 0.699398 732045 16444 1070190
Jh4d 0.699398 732045 16444 1070190
Jd4s 0.699127 731682 16516.5 1070190
Jd4h 0.699127 731682 16516.5 1070190
Js3d 0.698983 731601 16444 1070190
Jh3d 0.698983 731601 16444 1070190
Jd3s 0.698706 731232 16516.5 1070190
Jd3h 0.698706 731232 16516.5 1070190
Js4s 0.698597 731214 16418 1070190
Js4h 0.698597 731214 16418 1070190
Jh4s 0.698597 731214 16418 1070190
Jh4h 0.698597 731214 16418 1070190
Jh2d 0.698568 731157 16444 1070190
Js2d 0.698568 731157 16444 1070190
Jd2h 0.698286 730782 16516.5 1070190
Jd2s 0.698286 730782 16516.5 1070190
Jh3h 0.698177 730764 16418 1070190
Js3h 0.698177 730764 16418 1070190
Jh3s 0.698177 730764 16418 1070190
Js3s 0.698177 730764 16418 1070190
Jh2s 0.697756 730314 16418 1070190
Jh2h 0.697756 730314 16418 1070190
Js2h 0.697756 730314 16418 1070190
Js2s 0.697756 730314 16418 1070190
Tc9c 0.695603 729230 15197 1070190
Kc9c 0.694428 733098 10072 1070190
TdTc 0.693797 739928 2566.5 1070190
TsTc 0.693115 739211 2554 1070190
ThTc 0.693115 739211 2554 1070190
Ac9c 0.685515 722760 10871 1070190
Ac8c 0.679732 715676 11766 1070190
Ac7c 0.669817 704190 12641.5 1070190
ThTd 0.668548 712943 2530.5 1070190
TsTd 0.668548 712943 2530.5 1070190
TsTh 0.667866 712226 2518 1070190
Ac6c 0.665493 698544 13660 1070190
9d9c 0.664626 709391 1885.5 1070190
9h9c 0.663913 708636 1877.5 1070190
9s9c 0.663913 708636 1877.5 1070190
Ac4c 0.658914 689824 15339 1070190
Ac3c 0.657537 688351 15339 1070190
Ac2c 0.656161 686878 15339 1070190
Ac5d 0.650311 690670 5286.5 1070190
Ac5s 0.649538 689865 5264 1070190
Ac5h 0.649538 689865 5264 1070190
Kc5d 0.649507 688298 6797.5 1070190
Kc5h 0.648767 687533 6771 1070190
Kc5s 0.648767 687533 6771 1070190
9h9d 0.639377 682394 1860.5 1070190
9s9d 0.639377 682394 1860.5 1070190
Tc8c 0.639007 666576 17283 1070190
Kc8c 0.638987 672466 11372 1070190
9s9h 0.638664 681639 1852.5 1070190
Kd5d 0.636542 674603 6618 1070190
Ad5d 0.636035 675518 5160 1070190
8d8c 0.635923 679294 1264.5 1070190
8s8c 0.635184 678507 1260.5 1070190
8h8c 0.635184 678507 1260.5 1070190
Kc7c 0.634109 666101 12516 1070190
Tc5d 0.630829 655985 19122 1070190
Tc5h 0.630186 655387 19032 1070190
Tc5s 0.630186 655387 19032 1070190
Kc6c 0.629785 660455 13534.5 1070190
AcKd 0.628716 665845 7001 1070190
AcKh 0.627927 665032 6969.5 1070190
AcKs 0.627927 665032 6969.5 1070190
AdKc 0.62702 664049 6981 1070190
AsKc 0.62622 663229 6945.5 1070190
AhKc 0.62622 663229 6945.5 1070190
KcTd 0.623456 653984 13232.5 1070190
KcTs 0.62276 653278 13193 1070190
KcTh 0.62276 653278 13193 1070190
Td5d 0.620734 645531 18772.5 1070190
KdTc 0.619226 649613 13077 1070190
KsTc 0.618484 648879 13016 1070190
KhTc 0.618484 648879 13016 1070190
Ks5d 0.617386 653826 6894.5 1070190
Kh5d 0.617386 653826 6894.5 1070190
Kd5s 0.617384 653820 6898 1070190
Kd5h 0.617384 653820 6898 1070190
Kc4c 0.617237 645347 15213.5 1070190
Ks5s 0.616647 653061 6868 1070190
Ks5h 0.616647 653061 6868 1070190
Kh5s 0.616647 653061 6868 1070190
Kh5h 0.616647 653061 6868 1070190
As5d 0.616192 654090 5352.5 1070190
Ah5d 0.616192 654090 5352.5 1070190
Ad5h 0.616184 654077 5356.5 1070190
Ad5s 0.616184 654077 5356.5 1070190
9c5d 0.615989 639216 20009.5 1070190
Kc3c 0.61586 643874 15213.5 1070190
AdKd 0.615545 652128 6622 1070190
As5s 0.615419 653285 5330 1070190
Ah5s 0.615419 653285 5330 1070190
Ah5h 0.615419 653285 5330 1070190
As5h 0.615419 653285 5330 1070190
9c5s 0.615377 638666 19904 1070190
9c5h 0.615377 638666 19904 1070190
Kc2c 0.614484 642401 15213.5 1070190
KdTd 0.611405 641809 12511 1070190
9c8c 0.611309 637727 16489.5 1070190
8s8d 0.610709 652326 1249 1070190
8h8d 0.610709 652326 1249 1070190
8s8h 0.60997 651539 1245 1070190
9d5d 0.607212 630150 19682.5 1070190
7d7c 0.606796 648744 643.5 1070190
7s7c 0.606031 647925 643.5 1070190
7h7c 0.606031 647925 643.5 1070190
AcTd 0.604603 633478 13562 1070190
AcTh 0.603911 632772 13527 1070190
AcTs 0.603911 632772 13527 1070190
8c5d 0.603472 625263 20566.5 1070190
8c5s 0.602883 624750 20449 1070190
8c5h 0.602883 624750 20449 1070190
Td5s 0.602037 624733 19561.5 1070190
Td5h 0.602037 624733 19561.5 1070190
Ts5d 0.60199 624626 19618 1070190
Th5d 0.60199 624626 19618 1070190
Ts5h 0.601347 624028 19528 1070190
Ts5s 0.601347 624028 19528 1070190
Th5h 0.601347 624028 19528 1070190
Th5s 0.601347 624028 19528 1070190
AdTc 0.598559 627165 13406.5 1070190
AhTc 0.597818 626429 13350 1070190
AsTc 0.597818 626429 13350 1070190
8d5d 0.595992 617561 20263.5 1070190
AdKh 0.595401 630320 6872.5 1070190
AdKs 0.595401 630320 6872.5 1070190
AhKd 0.595391 630313 6868.5 1070190
AsKd 0.595391 630313 6868.5 1070190
AsKh 0.594602 629500 6837 1070190
AsKs 0.594602 629500 6837 1070190
AhKs 0.594602 629500 6837 1070190
AhKh 0.594602 629500 6837 1070190
KdTh 0.592998 621649 12971.5 1070190
KdTs 0.592998 621649 12971.5 1070190
KhTd 0.592952 621621 12950 1070190
KsTd 0.592952 621621 12950 1070190
7c5d 0.59281 613836 20583.5 1070190
KhTs 0.592255 620915 12910.5 1070190
KhTh 0.592255 620915 12910.5 1070190
KsTs 0.592255 620915 12910.5 1070190
KsTh 0.592255 620915 12910.5 1070190
7c5h 0.592236 613347 20458.5 1070190
7c5s 0.592236 613347 20458.5 1070190
AdTd 0.591051 619756 12780.5 1070190
6c5d 0.590366 610914 20889.5 1070190
6c5h 0.589798 610434 20761.5 1070190
6c5s 0.589798 610434 20761.5 1070190
6d6c 0.587706 628350 607.5 1070190
9d5s 0.587656 608385 20518.5 1070190
9d5h 0.587656 608385 20518.5 1070190
9h5d 0.587546 608191 20594.5 1070190
9s5d 0.587546 608191 20594.5 1070190
6s6c 0.586947 627537 607.5 1070190
6h6c 0.586947 627537 607.5 1070190
9h5h 0.586933 607641 20489 1070190
9s5s 0.586933 607641 20489 1070190
9s5h 0.586933 607641 20489 1070190
9h5s 0.586933 607641 20489 1070190
7d5d 0.586595 607455 20313.5 1070190
6d5d 0.585425 605901 20615 1070190
7h7d 0.581564 621747 637.5 1070190
7s7d 0.581564 621747 637.5 1070190
7s7h 0.580799 620928 637.5 1070190
Tc7c 0.578509 600480 18635 1070190
8d5h 0.575718 595000 21128 1070190
8d5s 0.575718 595000 21128 1070190
8h5d 0.575557 594736 21219.5 1070190
8s5d 0.575557 594736 21219.5 1070190
8h5h 0.574968 594223 21102 1070190
8h5s 0.574968 594223 21102 1070190
8s5s 0.574968 594223 21102 1070190
8s5h 0.574968 594223 21102 1070190
Tc6c 0.57407 594711 19653.5 1070190
5d4c 0.574003 593209 21083 1070190
5s4c 0.573442 592741 20950.5 1070190
5h4c 0.573442 592741 20950.5 1070190
5d3c 0.572387 591480 21083 1070190
5s3c 0.571826 591012 20950.5 1070190
5h3c 0.571826 591012 20950.5 1070190
AdTh 0.571 597745 13333.5 1070190
AdTs 0.571 597745 13333.5 1070190
AhTd 0.570952 597715 13312 1070190
AsTd 0.570952 597715 13312 1070190
5d2c 0.570798 589779 21083 1070190
5d4d 0.570548 589780 20815 1070190
AhTh 0.570259 597009 13277 1070190
AhTs 0.570259 597009 13277 1070190
AsTs 0.570259 597009 13277 1070190
AsTh 0.570259 597009 13277 1070190
5s2c 0.570237 589311 20950.5 1070190
5h2c 0.570237 589311 20950.5 1070190
5d3d 0.570184 589390 20815 1070190
5d2d 0.569819 589000 20815 1070190
7d5h 0.565684 584214 21175 1070190
7d5s 0.565684 584214 21175 1070190
7h5d 0.565479 583893 21277.5 1070190
7s5d 0.565479 583893 21277.5 1070190
7s5s 0.564906 583404 21152.5 1070190
7s5h 0.564906 583404 21152.5 1070190
7h5s 0.564906 583404 21152.5 1070190
7h5h 0.564906 583404 21152.5 1070190
6d5s 0.564603 582735 21497.5 1070190
6d5h 0.564603 582735 21497.5 1070190
6s5d 0.564399 582411 21603 1070190
6h5d 0.564399 582411 21603 1070190
6s5h 0.563831 581931 21475 1070190
6h5s 0.563831 581931 21475 1070190
6s5s 0.563831 581931 21475 1070190
6h5h 0.563831 581931 21475 1070190
6h6d 0.56323 602160 603 1070190
6s6d 0.56323 602160 603 1070190
6s6h 0.56247 601347 603 1070190
Tc4c 0.561619 579774 21265 1070190
Tc3c 0.560243 578301 21265 1070190
Tc2c 0.558866 576828 21265 1070190
Tc9d 0.55531 573868 20419.5 1070190
Tc9h 0.55463 573185 20375 1070190
Tc9s 0.55463 573185 20375 1070190
Td9c 0.554402 573023 20292 1070190
Th9c 0.553767 572408 20228 1070190
Ts9c 0.553767 572408 20228 1070190
9c7c 0.551519 571155 19075.5 1070190
5s4d 0.548894 565719 21701.5 1070190
5h4d 0.548894 565719 21701.5 1070190
5d4s 0.548688 565392 21808 1070190
5d4h 0.548688 565392 21808 1070190
5h3d 0.548479 565275 21701.5 1070190
5s3d 0.548479 565275 21701.5 1070190
5d3h 0.548267 564942 21808 1070190
5d3s 0.548267 564942 21808 1070190
5s4s 0.548127 564924 21675.5 1070190
5s4h 0.548127 564924 21675.5 1070190
5h4s 0.548127 564924 21675.5 1070190
5h4h 0.548127 564924 21675.5 1070190
Td9d 0.548079 567159 19390 1070190
5s2d 0.548064 564831 21701.5 1070190
5h2d 0.548064 564831 21701.5 1070190
5d2h 0.547847 564492 21808 1070190
5d2s 0.547847 564492 21808 1070190
5s3s 0.547706 564474 21675.5 1070190
5s3h 0.547706 564474 21675.5 1070190
5h3s 0.547706 564474 21675.5 1070190
5h3h 0.547706 564474 21675.5 1070190
5s2s 0.547286 564024 21675.5 1070190
5s2h 0.547286 564024 21675.5 1070190
5h2s 0.547286 564024 21675.5 1070190
5h2h 0.547286 564024 21675.5 1070190
9c6c 0.54723 565707 19933.5 1070190
Kc9d 0.538788 562122 14484 1070190
Kc9s 0.538092 561407 14453.5 1070190
Kc9h 0.538092 561407 14453.5 1070190
Kd9c 0.533604 556815 14242.5 1070190
Kh9c 0.532913 556138 14180.5 1070190
Ks9c 0.532913 556138 14180.5 1070190
8c7c 0.530887 549152 18997.5 1070190
Kd9d 0.52863 552094 13640.5 1070190
Ts9d 0.527956 544822 20191 1070190
Th9d 0.527956 544822 20191 1070190
Td9s 0.52791 544754 20210.5 1070190
Td9h 0.52791 544754 20210.5 1070190
9c4c 0.527418 542785 21652 1070190
Th9s 0.527276 544139 20146.5 1070190
Ts9s 0.527276 544139 20146.5 1070190
Ts9h 0.527276 544139 20146.5 1070190
Th9h 0.527276 544139 20146.5 1070190
8c6c 0.526464 543561 19855.5 1070190
9c3c 0.526041 541312 21652 1070190
9c2c 0.524665 539839 21652 1070190
Ac9d 0.519319 539843 15926.5 1070190
Ac9s 0.518638 539141 15900.5 1070190
Ac9h 0.518638 539141 15900.5 1070190
Ad9c 0.512018 532323 15634 1070190
As9c 0.511326 531643 15573.5 1070190
Ah9c 0.511326 531643 15573.5 1070190
7c6c 0.510181 526928 19062.5 1070190
Ac8d 0.50956 528024 17301.5 1070190
Ac8h 0.508854 527295 17275.5 1070190
Ac8s 0.508854 527295 17275.5 1070190
Ad9d 0.5075 528149 14972 1070190
8c4c 0.506885 520996 21467 1070190
Kh9d 0.505599 526886 14201.5 1070190
Ks9d 0.505599 526886 14201.5 1070190
Kd9s 0.505593 526848 14233 1070190
Kd9h 0.505593 526848 14233 1070190
Ks9h 0.504903 526171 14171 1070190
Ks9s 0.504903 526171 14171 1070190
Kh9h 0.504903 526171 14171 1070190
Kh9s 0.504903 526171 14171 1070190
Ad8c 0.501289 519520 16954 1070190
As8c 0.500625 518875 16888.5 1070190
Ah8c 0.500625 518875 16888.5 1070190
Ad8d 0.49826 516956 16277 1070190
8c3c 0.497726 511141 21520.5 1070190
8c2c 0.49635 509668 21520.5 1070190
Ac7d 0.493043 508963 18686.5 1070190
Ac7h 0.492312 508203 18664 1070190
Ac7s 0.492312 508203 18664 1070190
7c4c 0.49184 505742 20620.5 1070190
4d4c 0.490492 520522 4398 1070190
4h4c 0.48978 519763 4394.5 1070190
4s4c 0.48978 519763 4394.5 1070190
Ac6d 0.486796 500647 20317 1070190
Ac6s 0.48607 499893 20294.5 1070190
Ac6h 0.48607 499893 20294.5 1070190
6c4c 0.484361 498709 19649 1070190
Ad7c 0.483807 499518 18247.5 1070190
Ah7c 0.483174 498916 18172 1070190
As7c 0.483174 498916 18172 1070190
Ad9s 0.482868 501068 15693 1070190
Ad9h 0.482868 501068 15693 1070190
Ah9d 0.482857 501090 15658.5 1070190
As9d 0.482857 501090 15658.5 1070190
7c3c 0.482815 496030 20674 1070190
Ad7d 0.482367 498660 17564.5 1070190
Ah9h 0.482177 500388 15632.5 1070190
As9h 0.482177 500388 15632.5 1070190
As9s 0.482177 500388 15632.5 1070190
Ah9s 0.482177 500388 15632.5 1070190
Ac4d 0.480025 490690 23028 1070190
Ac4h 0.479365 490006 23005.5 1070190
Ac4s 0.479365 490006 23005.5 1070190
Ac3d 0.478172 488707 23028 1070190
Ac3s 0.477506 488017 23005.5 1070190
Ac3h 0.477506 488017 23005.5 1070190
Ac2d 0.476319 486724 23028 1070190
Ad6d 0.476281 490608 19103.5 1070190
Ad6c 0.476199 489801 19822.5 1070190
Ac2s 0.475648 486028 23005.5 1070190
Ac2h 0.475648 486028 23005.5 1070190
As6c 0.47559 489232 19739.5 1070190
Ah6c 0.47559 489232 19739.5 1070190
6c3c 0.475337 488998 19702.5 1070190
7c2c 0.473287 485886 20620.5 1070190
Ah8d 0.473028 489211 17018.5 1070190
As8d 0.473028 489211 17018.5 1070190
Ad8h 0.472986 489127 17058 1070190
Ad8s 0.472986 489127 17058 1070190
As8h 0.472322 488482 16992.5 1070190
As8s 0.472322 488482 16992.5 1070190
Ah8s 0.472322 488482 16992.5 1070190
Ah8h 0.472322 488482 16992.5 1070190
3d3c 0.47109 499758 4398 1070190
3h3c 0.470372 498993 4394.5 1070190
3s3c 0.470372 498993 4394.5 1070190
Ad4d 0.468909 480162 21659.5 1070190
Ad4c 0.467382 477743 22444.5 1070190
Tc8d 0.467099 476369 23516 1070190
Ad3d 0.467014 478134 21659.5 1070190
Ah4c 0.466797 477213 22348.5 1070190
As4c 0.466797 477213 22348.5 1070190
Tc8s 0.46643 475692 23476.5 1070190
Tc8h 0.46643 475692 23476.5 1070190
6c2c 0.465808 478854 19649 1070190
Td8c 0.465225 474527 23352 1070190
Ad2d 0.465119 476106 21659.5 1070190
Ts8c 0.464643 473969 23287.5 1070190
Th8c 0.464643 473969 23287.5 1070190
Ad3c 0.464169 474304 22444.5 1070190
4h4d 0.463887 492063 4384.5 1070190
4s4d 0.463887 492063 4384.5 1070190
Ah3c 0.463584 473774 22348.5 1070190
As3c 0.463584 473774 22348.5 1070190
4s4h 0.463175 491304 4381 1070190
4c3c 0.462289 475012 19725 1070190
Td8d 0.461978 472151 22253 1070190
Ad2c 0.460981 470893 22444.5 1070190
Ah2c 0.460396 470363 22348.5 1070190
As2c 0.460396 470363 22348.5 1070190
As7d 0.456124 469777 18362 1070190
Ah7d 0.456124 469777 18362 1070190
Ad7h 0.456026 469619 18415 1070190
Ad7s 0.456026 469619 18415 1070190
As7s 0.455393 469017 18339.5 1070190
Ah7h 0.455393 469017 18339.5 1070190
Ah7s 0.455393 469017 18339.5 1070190
As7h 0.455393 469017 18339.5 1070190
4c2c 0.452895 464905 19778.5 1070190
Kc8d 0.452245 467231 16757 1070190
2d2c 0.451714 479022 4398 1070190
Kc8s 0.451568 466529 16734.5 1070190
Kc8h 0.451568 466529 16734.5 1070190
2s2c 0.45099 478251 4394.5 1070190
2h2c 0.45099 478251 4394.5 1070190
3c2c 0.450897 462767 19778.5 1070190
Ah6d 0.449826 461416 19983.5 1070190
As6d 0.449826 461416 19983.5 1070190
Ad6h 0.44971 461231 20044 1070190
Ad6s 0.44971 461231 20044 1070190
As6s 0.449101 460662 19961 1070190
Ah6s 0.449101 460662 19961 1070190
Ah6h 0.449101 460662 19961 1070190
As6h 0.449101 460662 19961 1070190
Kd8c 0.445687 460579 16390.5 1070190
Kh8c 0.445042 459956 16323.5 1070190
Ks8c 0.445042 459956 16323.5 1070190
3s3d 0.445033 471885 4384.5 1070190
3h3d 0.445033 471885 4384.5 1070190
3s3h 0.444315 471120 4381 1070190
Kc7d 0.443975 456565 18573 1070190
Kd8d 0.443885 459292 15749 1070190
Kc7s 0.443274 455837 18550.5 1070190
Kc7h 0.443274 455837 18550.5 1070190
Ah4d 0.442767 451162 22682.5 1070190
As4d 0.442767 451162 22682.5 1070190
Ad4s 0.442691 451008 22756 1070190
Ad4h 0.442691 451008 22756 1070190
As4s 0.442107 450478 22660 1070190
Ah4s 0.442107 450478 22660 1070190
As4h 0.442107 450478 22660 1070190
Ah4h 0.442107 450478 22660 1070190
As3d 0.440821 449080 22682.5 1070190
Ah3d 0.440821 449080 22682.5 1070190
Ad3s 0.44074 448920 22756 1070190
Ad3h 0.44074 448920 22756 1070190
As3s 0.440155 448390 22660 1070190
Ah3s 0.440155 448390 22660 1070190
Ah3h 0.440155 448390 22660 1070190
As3h 0.440155 448390 22660 1070190
As2d 0.438876 446998 22682.5 1070190
Ah2d 0.438876 446998 22682.5 1070190
Ad2s 0.438789 446832 22756 1070190
Ad2h 0.438789 446832 22756 1070190
Ah2h 0.438204 446302 22660 1070190
As2h 0.438204 446302 22660 1070190
As2s 0.438204 446302 22660 1070190
Ah2s 0.438204 446302 22660 1070190
Kc6d 0.437728 448249 20203.5 1070190
Th8d 0.437193 444572 23308 1070190
Ts8d 0.437193 444572 23308 1070190
Td8s 0.437106 444453 23333 1070190
Td8h 0.437106 444453 23333 1070190
Kc6h 0.437033 447527 20181 1070190
Kc6s 0.437033 447527 20181 1070190
Th8h 0.436524 443895 23268.5 1070190
Th8s 0.436524 443895 23268.5 1070190
Ts8s 0.436524 443895 23268.5 1070190
Ts8h 0.436524 443895 23268.5 1070190
Kd7c 0.436431 448922 18142.5 1070190
Kd7d 0.436086 449230 17465 1070190
Ks7c 0.435815 448337 18067.5 1070190
Kh7c 0.435815 448337 18067.5 1070190
Kd6d 0.43 441178 19004 1070190
Kd6c 0.428823 439205 19717.5 1070190
Ks6c 0.428231 438653 19635 1070190
Kh6c 0.428231 438653 19635 1070190
2s2d 0.426178 451707 4384.5 1070190
2h2d 0.426178 451707 4384.5 1070190
2s2h 0.425454 450936 4381 1070190
9c8d 0.425365 432955 22266.5 1070190
9c8h 0.424725 432309 22227 1070190
9c8s 0.424725 432309 22227 1070190
9d8c 0.424422 432082 22130 1070190
9h8c 0.423822 431500 22070 1070190
9s8c 0.423822 431500 22070 1070190
9d8d 0.422478 431055 21076.5 1070190
Kc4d 0.421146 427792 22914.5 1070190
Kc4h 0.420518 427142 22892 1070190
Kc4s 0.420518 427142 22892 1070190
Kc3d 0.419293 425809 22914.5 1070190
Kc3s 0.418659 425153 22892 1070190
Kc3h 0.418659 425153 22892 1070190
Kc2d 0.41744 423826 22914.5 1070190
Kc2s 0.416801 423164 22892 1070190
Kc2h 0.416801 423164 22892 1070190
Ks8d 0.416306 429062 16465 1070190
Kh8d 0.416306 429062 16465 1070190
Kd8h 0.416274 428983 16509.5 1070190
Kd8s 0.416274 428983 16509.5 1070190
Kh8h 0.415629 428360 16442.5 1070190
Ks8s 0.415629 428360 16442.5 1070190
Ks8h 0.415629 428360 16442.5 1070190
Kh8s 0.415629 428360 16442.5 1070190
Kd4d 0.413043 420475 21560 1070190
Kd3d 0.411148 418447 21560 1070190
Kd4c 0.410228 416682 22339.5 1070190
Ks4c 0.409667 416178 22244 1070190
Kh4c 0.409667 416178 22244 1070190
Kd2d 0.409253 416419 21560 1070190
Ks7d 0.408009 418378 18269 1070190
Kh7d 0.408009 418378 18269 1070190
Kd7h 0.407924 418235 18321.5 1070190
Kd7s 0.407924 418235 18321.5 1070190
Kh7s 0.407308 417650 18246.5 1070190
Kh7h 0.407308 417650 18246.5 1070190
Ks7s 0.407308 417650 18246.5 1070190
Ks7h 0.407308 417650 18246.5 1070190
Kd3c 0.407014 413243 22339.5 1070190
Kh3c 0.406454 412739 22244 1070190
Ks3c 0.406454 412739 22244 1070190
Kd2c 0.403827 409832 22339.5 1070190
Kh2c 0.403267 409328 22244 1070190
Ks2c 0.403267 409328 22244 1070190
Kh6d 0.401711 410017 19890.5 1070190
Ks6d 0.401711 410017 19890.5 1070190
Kd6s 0.401609 409847 19950.5 1070190
Kd6h 0.401609 409847 19950.5 1070190
Ks6s 0.401016 409295 19868 1070190
Kh6h 0.401016 409295 19868 1070190
Ks6h 0.401016 409295 19868 1070190
Kh6s 0.401016 409295 19868 1070190
9s8d 0.395586 401282 22070 1070190
9h8d 0.395586 401282 22070 1070190
9d8s 0.395545 401218 22090.5 1070190
9d8h 0.395545 401218 22090.5 1070190
9h8h 0.394945 400636 22030.5 1070190
9h8s 0.394945 400636 22030.5 1070190
9s8h 0.394945 400636 22030.5 1070190
9s8s 0.394945 400636 22030.5 1070190
Ks4d 0.384454 388849 22589.5 1070190
Kh4d 0.384454 388849 22589.5 1070190
Kd4s 0.384385 388703 22662.5 1070190
Kd4h 0.384385 388703 22662.5 1070190
Ks4h 0.383825 388199 22567 1070190
Ks4s 0.383825 388199 22567 1070190
Kh4h 0.383825 388199 22567 1070190
Kh4s 0.383825 388199 22567 1070190
Ks3d 0.382508 386767 22589.5 1070190
Kh3d 0.382508 386767 22589.5 1070190
Kd3h 0.382434 386615 22662.5 1070190
Kd3s 0.382434 386615 22662.5 1070190
Ks3h 0.381874 386111 22567 1070190
Ks3s 0.381874 386111 22567 1070190
Kh3h 0.381874 386111 22567 1070190
Kh3s 0.381874 386111 22567 1070190
Ks2d 0.380563 384685 22589.5 1070190
Kh2d 0.380563 384685 22589.5 1070190
Kd2s 0.380483 384527 22662.5 1070190
Kd2h 0.380483 384527 22662.5 1070190
Kh2h 0.379923 384023 22567 1070190
Ks2s 0.379923 384023 22567 1070190
Ks2h 0.379923 384023 22567 1070190
Kh2s 0.379923 384023 22567 1070190
Tc7d 0.372653 372873 25937 1070190
Tc7s 0.371999 372204 25905.5 1070190
Tc7h 0.371999 372204 25905.5 1070190
Td7d 0.36966 371110 24496.5 1070190
Td7c 0.369632 369926 25650 1070190
Th7c 0.369106 369435 25578.5 1070190
Ts7c 0.369106 369435 25578.5 1070190
Tc6d 0.366406 364557 27567.5 1070190
Tc6s 0.365757 363894 27536 1070190
Tc6h 0.365757 363894 27536 1070190
Td6d 0.363574 363058 26035.5 1070190
Td6c 0.362024 360209 27225 1070190
Ts6c 0.361522 359751 27146 1070190
Th6c 0.361522 359751 27146 1070190
Tc4d 0.349952 344315 30200.5 1070190
Tc4h 0.349372 343725 30169 1070190
Tc4s 0.349372 343725 30169 1070190
Tc3d 0.348099 342332 30200.5 1070190
Tc3h 0.347513 341736 30169 1070190
Tc3s 0.347513 341736 30169 1070190
Td4d 0.346747 342573 28512 1070190
Tc2d 0.346246 340349 30200.5 1070190
Tc2h 0.345655 339747 30169 1070190
Tc2s 0.345655 339747 30169 1070190
Td3d 0.344852 340545 28512 1070190
Td4c 0.343554 337902 29766 1070190
Ts4c 0.343085 337492 29674 1070190
Th4c 0.343085 337492 29674 1070190
Td2d 0.342957 338517 28512 1070190
Td3c 0.340341 334463 29766 1070190
Th7d 0.339911 338041 25728.5 1070190
Ts7d 0.339911 338041 25728.5 1070190
Ts3c 0.339871 334053 29674 1070190
Th3c 0.339871 334053 29674 1070190
Td7h 0.339782 337863 25768.5 1070190
Td7s 0.339782 337863 25768.5 1070190
Th7s 0.339257 337372 25697 1070190
Th7h 0.339257 337372 25697 1070190
Ts7s 0.339257 337372 25697 1070190
Ts7h 0.339257 337372 25697 1070190
Td2c 0.337153 331052 29766 1070190
Ts2c 0.336684 330642 29674 1070190
Th2c 0.336684 330642 29674 1070190
Ts6d 0.333614 329680 27350 1070190
Th6d 0.333614 329680 27350 1070190
Td6h 0.333466 329475 27397.5 1070190
Td6s 0.333466 329475 27397.5 1070190
Ts6s 0.332965 329017 27318.5 1070190
Th6h 0.332965 329017 27318.5 1070190
Th6s 0.332965 329017 27318.5 1070190
Ts6h 0.332965 329017 27318.5 1070190
9c7d 0.332474 329508 26302.5 1070190
9c7h 0.331848 328872 26268.5 1070190
9c7s 0.331848 328872 26268.5 1070190
9d7d 0.331748 330197 24836.5 1070190
9d7c 0.330456 327580 26070.5 1070190
9h7c 0.329912 327066 26003 1070190
9s7c 0.329912 327066 26003 1070190
9c6d 0.326478 321729 27664.5 1070190
9d6d 0.325898 322649 26123.5 1070190
9c6h 0.325858 321099 27630.5 1070190
9c6s 0.325858 321099 27630.5 1070190
9d6c 0.323092 318385 27384.5 1070190
9h6c 0.322571 317901 27311 1070190
9s6c 0.322571 317901 27311 1070190
Th4d 0.31649 308736 29968 1070190
Ts4d 0.31649 308736 29968 1070190
Td4s 0.316378 308556 30028.5 1070190
Td4h 0.316378 308556 30028.5 1070190
Ts4h 0.315909 308146 29936.5 1070190
Th4s 0.315909 308146 29936.5 1070190
Ts4s 0.315909 308146 29936.5 1070190
Th4h 0.315909 308146 29936.5 1070190
Th3d 0.314544 306654 29968 1070190
Ts3d 0.314544 306654 29968 1070190
Td3h 0.314427 306468 30028.5 1070190
Td3s 0.314427 306468 30028.5 1070190
Ts3h 0.313958 306058 29936.5 1070190
Ts3s 0.313958 306058 29936.5 1070190
Th3s 0.313958 306058 29936.5 1070190
Th3h 0.313958 306058 29936.5 1070190
Th2d 0.312599 304572 29968 1070190
Ts2d 0.312599 304572 29968 1070190
Td2s 0.312476 304380 30028.5 1070190
Td2h 0.312476 304380 30028.5 1070190
Th2h 0.312007 303970 29936.5 1070190
Th2s 0.312007 303970 29936.5 1070190
Ts2h 0.312007 303970 29936.5 1070190
Ts2s 0.312007 303970 29936.5 1070190
8d7d 0.302995 299768 24494.5 1070190
8c7d 0.301745 296983 25941 1070190
8c7h 0.301145 296377 25905 1070190
8c7s 0.301145 296377 25905 1070190
8d7c 0.300784 296137 25759.5 1070190
8h7c 0.300225 295601 25696.5 1070190
8s7c 0.300225 295601 25696.5 1070190
9s7d 0.30001 294950 26117.5 1070190
9h7d 0.30001 294950 26117.5 1070190
9d7h 0.299927 294828 26151 1070190
9d7s 0.299927 294828 26151 1070190
9h7s 0.299384 294314 26083.5 1070190
9s7h 0.299384 294314 26083.5 1070190
9s7s 0.299384 294314 26083.5 1070190
9h7h 0.299384 294314 26083.5 1070190
9c4d 0.298221 288677 30476.5 1070190
9c4h 0.297675 288126 30442.5 1070190
9c4s 0.297675 288126 30442.5 1070190
9d4d 0.297522 289637 28768 1070190
8d6d 0.296933 291993 25781.5 1070190
9c3d 0.296368 286694 30476.5 1070190
9c3h 0.295816 286137 30442.5 1070190
9c3s 0.295816 286137 30442.5 1070190
9d3d 0.295627 287609 28768 1070190
8c6d 0.295531 288971 27303 1070190
8c6h 0.294936 288371 27267 1070190
8c6s 0.294936 288371 27267 1070190
9c2d 0.294515 284711 30476.5 1070190
9h6d 0.293963 287126 27470.5 1070190
9s6d 0.293963 287126 27470.5 1070190
9c2s 0.293958 284148 30442.5 1070190
9c2h 0.293958 284148 30442.5 1070190
9d6h 0.293864 286980 27510 1070190
9d6s 0.293864 286980 27510 1070190
9d2d 0.293732 285581 28768 1070190
9s6h 0.293343 286496 27436.5 1070190
9h6s 0.293343 286496 27436.5 1070190
9h6h 0.293343 286496 27436.5 1070190
9s6s 0.293343 286496 27436.5 1070190
8d6c 0.293203 286709 27073.5 1070190
9d4c 0.29281 283263 30099.5 1070190
8s6c 0.292665 286203 27004.5 1070190
8h6c 0.292665 286203 27004.5 1070190
9h4c 0.292326 282832 30012 1070190
9s4c 0.292326 282832 30012 1070190
9d3c 0.289597 279824 30099.5 1070190
9h3c 0.289112 279393 30012 1070190
9s3c 0.289112 279393 30012 1070190
9d2c 0.286409 276413 30099.5 1070190
9s2c 0.285925 275982 30012 1070190
9h2c 0.285925 275982 30012 1070190
7d6d 0.274136 268960 24417.5 1070190
7c6d 0.270935 264093 25859 1070190
7c6h 0.270366 263521 25821.5 1070190
7c6s 0.270366 263521 25821.5 1070190
8s7d 0.269831 262995 25775.5 1070190
8h7d 0.269831 262995 25775.5 1070190
8d7h 0.269791 262925 25802.5 1070190
8d7s 0.269791 262925 25802.5 1070190
7d6c 0.269689 262925 25694 1070190
8s7h 0.269231 262389 25739.5 1070190
8h7s 0.269231 262389 25739.5 1070190
8h7h 0.269231 262389 25739.5 1070190
8s7s 0.269231 262389 25739.5 1070190
7h6c 0.269138 262396 25632.5 1070190
7s6c 0.269138 262396 25632.5 1070190
8d4d 0.268926 259544 28258 1070190
8c4d 0.267654 256505 29936 1070190
8c4s 0.267133 255983 29900 1070190
8c4h 0.267133 255983 29900 1070190
9h4d 0.264543 252844 30267.5 1070190
9s4d 0.264543 252844 30267.5 1070190
9d4h 0.264481 252724 30321 1070190
9d4s 0.264481 252724 30321 1070190
9h4h 0.263997 252293 30233.5 1070190
9h4s 0.263997 252293 30233.5 1070190
9s4s 0.263997 252293 30233.5 1070190
9s4h 0.263997 252293 30233.5 1070190
8s6d 0.263558 254929 27128.5 1070190
8h6d 0.263558 254929 27128.5 1070190
8d6s 0.263501 254835 27161.5 1070190
8d6h 0.263501 254835 27161.5 1070190
8d4c 0.263306 252173 29614.5 1070190
8s6h 0.262964 254329 27092.5 1070190
8h6h 0.262964 254329 27092.5 1070190
8h6s 0.262964 254329 27092.5 1070190
8s6s 0.262964 254329 27092.5 1070190
8s4c 0.262805 251719 29532.5 1070190
8h4c 0.262805 251719 29532.5 1070190
9h3d 0.262598 250762 30267.5 1070190
9s3d 0.262598 250762 30267.5 1070190
9d3h 0.26253 250636 30321 1070190
9d3s 0.26253 250636 30321 1070190
9h3s 0.262046 250205 30233.5 1070190
9s3s 0.262046 250205 30233.5 1070190
9s3h 0.262046 250205 30233.5 1070190
9h3h 0.262046 250205 30233.5 1070190
9h2d 0.260652 248680 30267.5 1070190
9s2d 0.260652 248680 30267.5 1070190
9d2h 0.260579 248548 30321 1070190
9d2s 0.260579 248548 30321 1070190
9h2s 0.260094 248117 30233.5 1070190
9h2h 0.260094 248117 30233.5 1070190
9s2s 0.260094 248117 30233.5 1070190
9s2h 0.260094 248117 30233.5 1070190
8d3d 0.254878 244426 28342 1070190
8c3d 0.253372 241131 30025.5 1070190
8d2d 0.252983 242398 28342 1070190
8c3s 0.252853 240611 29989.5 1070190
8c3h 0.252853 240611 29989.5 1070190
8c2d 0.251519 239148 30025.5 1070190
8c2s 0.250994 238622 29989.5 1070190
8c2h 0.250994 238622 29989.5 1070190
7d4d 0.248107 238712 26810 1070190
8d3c 0.247647 235328 29701.5 1070190
8h3c 0.247151 234879 29619 1070190
8s3c 0.247151 234879 29619 1070190
7c4d 0.245088 233888 28402.5 1070190
7c4h 0.24459 233393 28365 1070190
7c4s 0.24459 233393 28365 1070190
8d2c 0.24446 231917 29701.5 1070190
8s2c 0.243963 231468 29619 1070190
8h2c 0.243963 231468 29619 1070190
7d4c 0.241824 230650 28148 1070190
7s4c 0.241309 230172 28074 1070190
7h4c 0.241309 230172 28074 1070190
7s6d 0.239649 230767 25703 1070190
7h6d 0.239649 230767 25703 1070190
7d6h 0.239631 230724 25727 1070190
7d6s 0.239631 230724 25727 1070190
6d4d 0.23945 231008 25248.5 1070190
7s6s 0.23908 230195 25665.5 1070190
7s6h 0.23908 230195 25665.5 1070190
7h6s 0.23908 230195 25665.5 1070190
7h6h 0.23908 230195 25665.5 1070190
6c4d 0.234886 224627 26745.5 1070190
8h4d 0.234533 221248 29746.5 1070190
8s4d 0.234533 221248 29746.5 1070190
8d4s 0.234512 221180 29792.5 1070190
8d4h 0.234512 221180 29792.5 1070190
6c4h 0.23441 224156 26707 1070190
6c4s 0.23441 224156 26707 1070190
7d3d 0.234271 223821 26894 1070190
8h4h 0.234011 220726 29710.5 1070190
8s4s 0.234011 220726 29710.5 1070190
8s4h 0.234011 220726 29710.5 1070190
8h4s 0.234011 220726 29710.5 1070190
6d4c 0.232998 222794 26558 1070190
6h4c 0.232487 222313 26492 1070190
6s4c 0.232487 222313 26492 1070190
7c3d 0.231019 218742 28492 1070190
7c3s 0.230522 218248 28454.5 1070190
7c3h 0.230522 218248 28454.5 1070190
7d3c 0.226388 214043 28235 1070190
7s3c 0.225877 213571 28160.5 1070190
7h3c 0.225877 213571 28160.5 1070190
6d3d 0.225614 216117 25332.5 1070190
6c3d 0.220817 209481 26835 1070190
6c3h 0.220342 209011 26796.5 1070190
6c3s 0.220342 209011 26796.5 1070190
7d2d 0.219697 208308 26810 1070190
8s3d 0.219645 205226 29836 1070190
8h3d 0.219645 205226 29836 1070190
8d3h 0.219622 205155 29882.5 1070190
8d3s 0.219622 205155 29882.5 1070190
8s3s 0.219126 204706 29800 1070190
8s3h 0.219126 204706 29800 1070190
8h3s 0.219126 204706 29800 1070190
8h3h 0.219126 204706 29800 1070190
8s2d 0.2177 203144 29836 1070190
8h2d 0.2177 203144 29836 1070190
8d2s 0.217671 203067 29882.5 1070190
8d2h 0.217671 203067 29882.5 1070190
6d3c 0.217561 206187 26645 1070190
8s2h 0.217175 202618 29800 1070190
8s2s 0.217175 202618 29800 1070190
8h2h 0.217175 202618 29800 1070190
8h2s 0.217175 202618 29800 1070190
6s3c 0.217055 205712 26578.5 1070190
6h3c 0.217055 205712 26578.5 1070190
7c2d 0.216189 202961 28402.5 1070190
7c2s 0.215695 202470 28365 1070190
7c2h 0.215695 202470 28365 1070190
7d4s 0.212752 199417 28268 1070190
7d4h 0.212752 199417 28268 1070190
7s4d 0.212734 199434 28231.5 1070190
7h4d 0.212734 199434 28231.5 1070190
7h4h 0.212236 198939 28194 1070190
7h4s 0.212236 198939 28194 1070190
7s4s 0.212236 198939 28194 1070190
7s4h 0.212236 198939 28194 1070190
6d2d 0.21104 200604 25248.5 1070190
7d2c 0.210208 196814 28148 1070190
7h2c 0.209702 196347 28074 1070190
7s2c 0.209702 196347 28074 1070190
4d3d 0.209672 199001 25388 1070190
6c2d 0.205983 193695 26745.5 1070190
6c2h 0.205509 193227 26707 1070190
6c2s 0.205509 193227 26707 1070190
6d4s 0.204041 191734 26629 1070190
6d4h 0.204041 191734 26629 1070190
6h4d 0.204006 191724 26601.5 1070190
6s4d 0.204006 191724 26601.5 1070190
6s4s 0.20353 191253 26563 1070190
6s4h 0.20353 191253 26563 1070190
6h4h 0.20353 191253 26563 1070190
6h4s 0.20353 191253 26563 1070190
4c3d 0.203241 190711 26795.5 1070190
4c3h 0.202807 190299 26743 1070190
4c3s 0.202807 190299 26743 1070190
4d3c 0.201997 189380 26795.5 1070190
4s3c 0.201567 188972 26743 1070190
4h3c 0.201567 188972 26743 1070190
6d2c 0.201386 188963 26558 1070190
6s2c 0.200886 188494 26492 1070190
6h2c 0.200886 188494 26492 1070190
7d3s 0.198087 183633 28358 1070190
7d3h 0.198087 183633 28358 1070190
7s3d 0.198073 183655 28321 1070190
7h3d 0.198073 183655 28321 1070190
7h3h 0.197577 183161 28283.5 1070190
7h3s 0.197577 183161 28283.5 1070190
7s3s 0.197577 183161 28283.5 1070190
7s3h 0.197577 183161 28283.5 1070190
4d2d 0.19531 183547 25472 1070190
3d2d 0.194005 182150 25472 1070190
6d3h 0.189377 175950 26719 1070190
6d3s 0.189377 175950 26719 1070190
6h3d 0.189346 175945 26691 1070190
6s3d 0.189346 175945 26691 1070190
6h3s 0.188871 175475 26652.5 1070190
6h3h 0.188871 175475 26652.5 1070190
6s3s 0.188871 175475 26652.5 1070190
6s3h 0.188871 175475 26652.5 1070190
4c2d 0.188627 174984 26882.5 1070190
4c2s 0.188195 174575 26829.5 1070190
4c2h 0.188195 174575 26829.5 1070190
4d2c 0.186037 172210 26885 1070190
3c2d 0.186 172173 26882.5 1070190
4h2c 0.185612 171808 26832.5 1070190
4s2c 0.185612 171808 26832.5 1070190
3c2h 0.185568 171764 26829.5 1070190
3c2s 0.185568 171764 26829.5 1070190
3d2c 0.184785 170870 26885 1070190
3h2c 0.184357 170465 26832.5 1070190
3s2c 0.184357 170465 26832.5 1070190
7d2s 0.182636 167187 28268 1070190
7d2h 0.182636 167187 28268 1070190
7h2d 0.182624 167211 28231.5 1070190
7s2d 0.182624 167211 28231.5 1070190
7h2h 0.18213 166720 28194 1070190
7h2s 0.18213 166720 28194 1070190
7s2s 0.18213 166720 28194 1070190
7s2h 0.18213 166720 28194 1070190
6d2h 0.173924 159503 26629 1070190
6d2s 0.173924 159503 26629 1070190
6s2d 0.173898 159502 26601.5 1070190
6h2d 0.173898 159502 26601.5 1070190
4s3d 0.173495 158914 26759 1070190
4h3d 0.173495 158914 26759 1070190
4d3s 0.173492 158910 26759 1070190
4d3h 0.173492 158910 26759 1070190
6h2s 0.173424 159034 26563 1070190
6s2s 0.173424 159034 26563 1070190
6s2h 0.173424 159034 26563 1070190
6h2h 0.173424 159034 26563 1070190
4h3h 0.173061 158502 26706.5 1070190
4s3h 0.173061 158502 26706.5 1070190
4s3s 0.173061 158502 26706.5 1070190
4h3s 0.173061 158502 26706.5 1070190
4s2d 0.158273 142533 26849 1070190
4h2d 0.158273 142533 26849 1070190
4d2s 0.158266 142526 26848.5 1070190
4d2h 0.158266 142526 26848.5 1070190
4h2h 0.157841 142124 26796 1070190
4s2s 0.157841 142124 26796 1070190
4s2h 0.157841 142124 26796 1070190
4h2s 0.157841 142124 26796 1070190
3s2d 0.156951 141118 26849 1070190
3h2d 0.156951 141118 26849 1070190
3d2h 0.156946 141114 26848.5 1070190
3d2s 0.156946 141114 26848.5 1070190
3h2h 0.156519 140709 26796 1070190
3s2h 0.156519 140709 26796 1070190
3s2s 0.156519 140709 26796 1070190
3h2s 0.156519 140709 26796 1070190
