KsKc 0.999944 1070130 0 1070190
Ks5s 0.991628 1057442 3788 1070190
Ks5h 0.991628 1057442 3788 1070190
Ks5d 0.991628 1057442 3788 1070190
Kc5s 0.991628 1057442 3788 1070190
Kc5h 0.991628 1057442 3788 1070190
Kc5d 0.991628 1057442 3788 1070190
AcKc 0.970956 1034028 5079 1070190
AdKc 0.969292 1032180 5146.5 1070190
AhKc 0.969292 1032180 5146.5 1070190
AhKs 0.968934 1031820 5124 1070190
AdKs 0.968934 1031820 5124 1070190
AsKc 0.968916 1031778 5146.5 1070190
AcKs 0.968913 1031775 5146.5 1070190
AsKs 0.968559 1031418 5124 1070190
KcQc 0.968236 1031124 5073 1070190
KcQd 0.966682 1029393 5140.5 1070190
KcQh 0.966682 1029393 5140.5 1070190
KsQh 0.966358 1029069 5118 1070190
KsQd 0.966358 1029069 5118 1070190
KsQc 0.966332 1029018 5140.5 1070190
KcQs 0.966304 1028988 5140.5 1070190
KsQs 0.96598 1028664 5118 1070190
KcJc 0.96596 1028448 5313 1070190
KcJd 0.964256 1026541 5396.5 1070190
KcJh 0.964256 1026541 5396.5 1070190
KsJd 0.96397 1026261 5370 1070190
KsJh 0.96397 1026261 5370 1070190
KsJc 0.963943 1026210 5392.5 1070190
KcJs 0.963878 1026136 5396.5 1070190
KsJs 0.963592 1025856 5370 1070190
KcTc 0.963572 1025472 5733 1070190
KcTd 0.961711 1023369 5844.5 1070190
KcTh 0.961711 1023369 5844.5 1070190
KsTh 0.961464 1023138 5811 1070190
KsTd 0.961464 1023138 5811 1070190
KsTc 0.961437 1023087 5833.5 1070190
KcTs 0.961333 1022964 5844.5 1070190
Kc9c 0.961195 1022388 6273 1070190
KsTs 0.961085 1022733 5811 1070190
Kc9h 0.959166 1020069 6420.5 1070190
Kc9d 0.959166 1020069 6420.5 1070190
Ks9h 0.958958 1019889 6378 1070190
Ks9d 0.958958 1019889 6378 1070190
Ks9c 0.958937 1019844 6400.5 1070190
Kc8c 0.95893 1019364 6873 1070190
Kc9s 0.95879 1019667 6420.5 1070190
Ks9s 0.958582 1019487 6378 1070190
Kc7c 0.957719 1017468 7473 1070190
5s5h 0.957491 1022862 1835 1070190
5s5d 0.957491 1022862 1835 1070190
5h5d 0.957491 1022862 1835 1070190
Kc6c 0.956844 1015992 8013 1070190
Kc8h 0.95674 1016833 7060.5 1070190
Kc8d 0.95674 1016833 7060.5 1070190
Ks8h 0.956569 1016703 7008 1070190
Ks8d 0.956569 1016703 7008 1070190
Ks8c 0.956554 1016664 7030.5 1070190
Kc8s 0.956367 1016434 7060.5 1070190
Ks8s 0.956197 1016304 7008 1070190
Kc7h 0.955436 1014798 7700.5 1070190
Kc7d 0.955436 1014798 7700.5 1070190
Ks7d 0.9553 1014714 7638 1070190
Ks7h 0.9553 1014714 7638 1070190
Ks7c 0.955287 1014678 7660.5 1070190
Kc7s 0.955066 1014402 7700.5 1070190
Ks7s 0.954929 1014318 7638 1070190
Kc4c 0.9546 1012515 9088.5 1070190
Kc6h 0.954492 1013211 8276.5 1070190
Kc6d 0.954492 1013211 8276.5 1070190
Ks6h 0.954383 1013166 8205 1070190
Ks6d 0.954383 1013166 8205 1070190
Ks6c 0.954373 1013133 8227.5 1070190
Kc6s 0.954125 1012818 8276.5 1070190
Ks6s 0.954016 1012773 8205 1070190
Kc3c 0.953726 1011579 9088.5 1070190
Kc2c 0.952851 1010643 9088.5 1070190
Kc4d 0.952138 1009557 9412 1070190
Kc4h 0.952138 1009557 9412 1070190
Ks4h 0.952058 1009557 9325.5 1070190
Ks4d 0.952058 1009557 9325.5 1070190
Ks4c 0.952048 1009524 9348 1070190
Kc4s 0.951771 1009164 9412 1070190
Ks4s 0.95169 1009164 9325.5 1070190
Kc3d 0.951222 1008576 9412 1070190
Kc3h 0.951222 1008576 9412 1070190
Ks3h 0.951141 1008576 9325.5 1070190
Ks3d 0.951141 1008576 9325.5 1070190
Ks3c 0.951128 1008540 9348 1070190
Kc3s 0.950852 1008180 9412 1070190
Ks3s 0.950771 1008180 9325.5 1070190
Kc2h 0.950305 1007595 9412 1070190
Kc2d 0.950305 1007595 9412 1070190
Ks2h 0.950224 1007595 9325.5 1070190
Ks2d 0.950224 1007595 9325.5 1070190
Ks2c 0.950209 1007556 9348 1070190
Kc2s 0.949932 1007196 9412 1070190
Ks2s 0.949851 1007196 9325.5 1070190
AhAd 0.888638 950474 538 1070190
AdAc 0.888512 950339 538 1070190
AhAc 0.888512 950339 538 1070190
AsAd 0.888179 949982 538 1070190
AsAh 0.888179 949982 538 1070190
AsAc 0.888053 949847 538 1070190
QhQd 0.862457 920858 2135 1070190
QhQc 0.862325 920717 2135 1070190
QdQc 0.862325 920717 2135 1070190
QsQd 0.861995 920363 2135 1070190
QsQh 0.861995 920363 2135 1070190
QsQc 0.861863 920222 2135 1070190
JhJd 0.837632 894108 2317 1070190
JhJc 0.8375 893967 2317 1070190
JdJc 0.8375 893967 2317 1070190
JsJh 0.837169 893613 2317 1070190
JsJd 0.837169 893613 2317 1070190
JsJc 0.837037 893472 2317 1070190
ThTd 0.81161 866126 2451 1070190
TdTc 0.811478 865985 2451 1070190
ThTc 0.811478 865985 2451 1070190
TsTh 0.811148 865631 2451 1070190
TsTd 0.811148 865631 2451 1070190
TsTc 0.811016 865490 2451 1070190
9h9d 0.784659 837197 2537 1070190
9d9c 0.784533 837062 2537 1070190
9h9c 0.784533 837062 2537 1070190
9s9h 0.784199 836705 2537 1070190
9s9d 0.784199 836705 2537 1070190
9s9c 0.784073 836570 2537 1070190
8h8d 0.75705 807612 2575 1070190
8d8c 0.756929 807483 2575 1070190
8h8c 0.756929 807483 2575 1070190
8s8h 0.756593 807123 2575 1070190
8s8d 0.756593 807123 2575 1070190
8s8c 0.756472 806994 2575 1070190
Ad5d 0.740966 778517 14457 1070190
Ah5h 0.740966 778517 14457 1070190
7h7d 0.730114 778796 2565 1070190
7d7c 0.729997 778670 2565 1070190
7h7c 0.729997 778670 2565 1070190
7s7d 0.72966 778310 2565 1070190
7s7h 0.72966 778310 2565 1070190
7s7c 0.729542 778184 2565 1070190
Ah5d 0.727915 764393 14614.5 1070190
Ad5h 0.727915 764393 14614.5 1070190
Ac5d 0.72781 764303 14592 1070190
Ac5h 0.72781 764303 14592 1070190
Ad5s 0.727474 763943 14592 1070190
Ah5s 0.727474 763943 14592 1070190
Ac5s 0.727369 763853 14569.5 1070190
As5h 0.727148 763595 14592 1070190
As5d 0.727148 763595 14592 1070190
As5s 0.726707 763145 14569.5 1070190
Qh5h 0.725238 757407 18735 1070190
Qd5d 0.725238 757407 18735 1070190
Jd5d 0.712098 740127 21953 1070190
Jh5h 0.712098 740127 21953 1070190
Qh5d 0.71187 742647 19189.5 1070190
Qd5h 0.71187 742647 19189.5 1070190
Qc5d 0.711765 742557 19167 1070190
Qc5h 0.711765 742557 19167 1070190
Qd5s 0.711496 742305 19131 1070190
Qh5s 0.711496 742305 19131 1070190
Qc5s 0.711391 742215 19108.5 1070190
Qs5h 0.711104 741849 19167 1070190
Qs5d 0.711104 741849 19167 1070190
Qs5s 0.710729 741507 19108.5 1070190
6h6d 0.703059 749900 2507 1070190
6h6c 0.702944 749777 2507 1070190
6d6c 0.702944 749777 2507 1070190
6s6d 0.702608 749417 2507 1070190
6s6h 0.702608 749417 2507 1070190
6s6c 0.702493 749294 2507 1070190
Th5h 0.700971 725834 24338 1070190
Td5d 0.700971 725834 24338 1070190
Jh5d 0.698513 724901 22640.5 1070190
Jd5h 0.698513 724901 22640.5 1070190
Jc5d 0.698408 724811 22618 1070190
Jc5h 0.698408 724811 22618 1070190
Jd5s 0.698191 724643 22554 1070190
Jh5s 0.698191 724643 22554 1070190
Jc5s 0.698086 724553 22531.5 1070190
Js5h 0.697746 724103 22618 1070190
Js5d 0.697746 724103 22618 1070190
Js5s 0.697424 723845 22531.5 1070190
9d5d 0.691634 714171 26009 1070190
9h5h 0.691634 714171 26009 1070190
Td5h 0.687247 710282 25202.5 1070190
Th5d 0.687247 710282 25202.5 1070190
Tc5d 0.687142 710192 25180 1070190
Tc5h 0.687142 710192 25180 1070190
Th5s 0.686964 710087 25095 1070190
Td5s 0.686964 710087 25095 1070190
Tc5s 0.686859 709997 25072.5 1070190
Ts5d 0.68648 709484 25180 1070190
Ts5h 0.68648 709484 25180 1070190
Ts5s 0.686197 709289 25072.5 1070190
8h5h 0.683865 704781 27085 1070190
8d5d 0.683865 704781 27085 1070190
9d5h 0.677834 698409 27002.5 1070190
9h5d 0.677834 698409 27002.5 1070190
7d5d 0.677745 697631 27685 1070190
7h5h 0.677745 697631 27685 1070190
9c5h 0.677729 698319 26980 1070190
9c5d 0.677729 698319 26980 1070190
9h5s 0.67758 698259 26880 1070190
9d5s 0.67758 698259 26880 1070190
9c5s 0.677475 698169 26857.5 1070190
9s5h 0.677068 697611 26980 1070190
9s5d 0.677068 697611 26980 1070190
9s5s 0.676813 697461 26857.5 1070190
6h5h 0.672748 692040 27928 1070190
6d5d 0.672748 692040 27928 1070190
8h5d 0.670038 688901 28167.5 1070190
8d5h 0.670038 688901 28167.5 1070190
8c5h 0.669933 688811 28145 1070190
8c5d 0.669933 688811 28145 1070190
8h5s 0.669803 688781 28035 1070190
8d5s 0.669803 688781 28035 1070190
8c5s 0.669697 688691 28012.5 1070190
8s5h 0.669272 688103 28145 1070190
8s5d 0.669272 688103 28145 1070190
8s5s 0.669036 687983 28012.5 1070190
7d5h 0.663975 681755 28824.5 1070190
7h5d 0.663975 681755 28824.5 1070190
7c5h 0.66387 681665 28802 1070190
7c5d 0.66387 681665 28802 1070190
7d5s 0.66375 681653 28686 1070190
7h5s 0.66375 681653 28686 1070190
7c5s 0.663645 681563 28663.5 1070190
7s5d 0.663214 680963 28802 1070190
7s5h 0.663214 680963 28802 1070190
7s5s 0.662989 680861 28663.5 1070190
6d5h 0.659054 676212 29100.5 1070190
6h5d 0.659054 676212 29100.5 1070190
6c5d 0.658948 676122 29078 1070190
6c5h 0.658948 676122 29078 1070190
6d5s 0.658834 676119 28959 1070190
6h5s 0.658834 676119 28959 1070190
6c5s 0.658729 676029 28936.5 1070190
6s5h 0.658298 675426 29078 1070190
6s5d 0.658298 675426 29078 1070190
6s5s 0.658079 675333 28936.5 1070190
AdQd 0.648716 677466 16783.5 1070190
AhQh 0.648716 677466 16783.5 1070190
5h4h 0.647301 664197 28538.5 1070190
5d4d 0.647301 664197 28538.5 1070190
AcQc 0.647082 675308 17193 1070190
5d3d 0.646803 663597 28605 1070190
5h3h 0.646803 663597 28605 1070190
5h2h 0.6465 663273 28605 1070190
5d2d 0.6465 663273 28605 1070190
AhJh 0.639798 667122 17583.5 1070190
AdJd 0.639798 667122 17583.5 1070190
AcJc 0.638288 665140 17949 1070190
5h4d 0.63257 647243 29727 1070190
5d4h 0.63257 647243 29727 1070190
5h4c 0.632527 647243 29681.5 1070190
5d4c 0.632527 647243 29681.5 1070190
5s4h 0.632415 647243 29561.5 1070190
5s4d 0.632415 647243 29561.5 1070190
5s4c 0.632373 647243 29516 1070190
5d3h 0.632015 646577 29799 1070190
5h3d 0.632015 646577 29799 1070190
5d3c 0.631973 646577 29754 1070190
5h3c 0.631973 646577 29754 1070190
5h4s 0.631877 646547 29681.5 1070190
5d4s 0.631877 646547 29681.5 1070190
5s3d 0.631861 646577 29634 1070190
5s3h 0.631861 646577 29634 1070190
5s3c 0.631819 646577 29589 1070190
5s4s 0.631722 646547 29516 1070190
5h2d 0.631662 646199 29799 1070190
5d2h 0.631662 646199 29799 1070190
5h2c 0.63162 646199 29754 1070190
5d2c 0.63162 646199 29754 1070190
5s2h 0.631507 646199 29634 1070190
5s2d 0.631507 646199 29634 1070190
5s2c 0.631465 646199 29589 1070190
AdQh 0.631327 658186 17454 1070190
AhQd 0.631327 658186 17454 1070190
5h3s 0.631317 645875 29754 1070190
5d3s 0.631317 645875 29754 1070190
AcQh 0.631218 658105 17418 1070190
AcQd 0.631218 658105 17418 1070190
AhQc 0.631184 658033 17454 1070190
AdQc 0.631184 658033 17454 1070190
5s3s 0.631163 645875 29589 1070190
AhTh 0.631148 657160 18288 1070190
AdTd 0.631148 657160 18288 1070190
5h2s 0.630958 645491 29754 1070190
5d2s 0.630958 645491 29754 1070190
5s2s 0.630804 645491 29589 1070190
AsQd 0.6305 657359 17395.5 1070190
AsQh 0.6305 657359 17395.5 1070190
AdQs 0.630465 657286 17431.5 1070190
AhQs 0.630465 657286 17431.5 1070190
AsQc 0.630357 657206 17395.5 1070190
AcQs 0.630356 657205 17395.5 1070190
AcTc 0.629745 655332 18615 1070190
AsQs 0.629638 656459 17373 1070190
AdJh 0.622095 647506 18254 1070190
AhJd 0.622095 647506 18254 1070190
AcJd 0.621975 647409 18222 1070190
AcJh 0.621975 647409 18222 1070190
AdJc 0.621952 647353 18254 1070190
AhJc 0.621952 647353 18254 1070190
AsJd 0.621294 646707 18195.5 1070190
AsJh 0.621294 646707 18195.5 1070190
AhJs 0.621233 646606 18231.5 1070190
AdJs 0.621233 646606 18231.5 1070190
AsJc 0.621151 646554 18195.5 1070190
AcJs 0.621113 646509 18199.5 1070190
AsJs 0.620432 645807 18173 1070190
Ad9d 0.615233 637917 20499 1070190
Ah9h 0.615233 637917 20499 1070190
Ac9c 0.613955 636255 20793 1070190
AdTh 0.613131 637208 18958.5 1070190
AhTd 0.613131 637208 18958.5 1070190
AcTh 0.613 637097 18930 1070190
AcTd 0.613 637097 18930 1070190
AdTc 0.612988 637055 18958.5 1070190
AhTc 0.612988 637055 18958.5 1070190
AsTh 0.612356 636437 18900 1070190
AsTd 0.612356 636437 18900 1070190
AdTs 0.612269 636308 18936 1070190
AhTs 0.612269 636308 18936 1070190
AsTc 0.612213 636284 18900 1070190
AcTs 0.612138 636197 18907.5 1070190
AsTs 0.611494 635537 18877.5 1070190
Ah8h 0.606364 626577 22347.5 1070190
Ad8d 0.606364 626577 22347.5 1070190
Ac8c 0.605174 625037 22614 1070190
Ad7d 0.598487 616305 24189.5 1070190
Ah7h 0.598487 616305 24189.5 1070190
Ac7c 0.597364 614859 24434 1070190
Ah9d 0.596458 617046 21277.5 1070190
Ad9h 0.596458 617046 21277.5 1070190
Ac9h 0.596319 616923 21252 1070190
Ac9d 0.596319 616923 21252 1070190
Ah9c 0.596315 616893 21277.5 1070190
Ad9c 0.596315 616893 21277.5 1070190
As9h 0.595717 616320 21210 1070190
As9d 0.595717 616320 21210 1070190
Ah9s 0.595599 616149 21255 1070190
Ad9s 0.595599 616149 21255 1070190
As9c 0.595574 616167 21210 1070190
Ac9s 0.59546 616026 21229.5 1070190
As9s 0.594857 615423 21187.5 1070190
Ad6d 0.591626 607305 25847 1070190
Ah6h 0.591626 607305 25847 1070190
Ac6c 0.590555 605931 26075 1070190
Ad8h 0.58723 605232 23216 1070190
Ah8d 0.58723 605232 23216 1070190
Ah8c 0.587087 605079 23216 1070190
Ad8c 0.587087 605079 23216 1070190
Ac8d 0.587085 605099 23193 1070190
Ac8h 0.587085 605099 23193 1070190
As8h 0.586519 604546 23141 1070190
As8d 0.586519 604546 23141 1070190
As8c 0.586376 604393 23141 1070190
Ad8s 0.586371 604335 23193.5 1070190
Ah8s 0.586371 604335 23193.5 1070190
Ac8s 0.586225 604202 23170.5 1070190
As8s 0.58566 603649 23118.5 1070190
Ah7d 0.579067 594558 25154 1070190
Ad7h 0.579067 594558 25154 1070190
Ah7c 0.578924 594405 25154 1070190
Ad7c 0.578924 594405 25154 1070190
Ac7d 0.578916 594417 25133 1070190
Ac7h 0.578916 594417 25133 1070190
Ad4d 0.578561 589943 29227 1070190
Ah4h 0.578561 589943 29227 1070190
As7h 0.578384 593910 25071 1070190
As7d 0.578384 593910 25071 1070190
As7c 0.578241 593757 25071 1070190
Ad7s 0.578214 593667 25131.5 1070190
Ah7s 0.578214 593667 25131.5 1070190
Ac7s 0.578062 593526 25110.5 1070190
As7s 0.577531 593019 25048.5 1070190
Ac4c 0.57751 588621 29424 1070190
Ad3d 0.576458 587693 29227 1070190
Ah3h 0.576458 587693 29227 1070190
Ac3c 0.575402 586365 29424 1070190
QhJh 0.575149 595292 20227 1070190
QdJd 0.575149 595292 20227 1070190
Ah2h 0.574356 585443 29227 1070190
Ad2d 0.574356 585443 29227 1070190
Ac2c 0.573294 584109 29424 1070190
QcJc 0.573073 592486 20811.5 1070190
Ah6d 0.571971 585216 26901.5 1070190
Ad6h 0.571971 585216 26901.5 1070190
Ah6c 0.571828 585063 26901.5 1070190
Ad6c 0.571828 585063 26901.5 1070190
Ac6h 0.571815 585069 26882 1070190
Ac6d 0.571815 585069 26882 1070190
As6h 0.571312 584601 26811 1070190
As6d 0.571312 584601 26811 1070190
As6c 0.571169 584448 26811 1070190
Ah6s 0.571123 584331 26879 1070190
Ad6s 0.571123 584331 26879 1070190
Ac6s 0.570967 584184 26859.5 1070190
As6s 0.570464 583716 26788.5 1070190
QhTh 0.566499 585330 20931.5 1070190
QdTd 0.566499 585330 20931.5 1070190
QcTc 0.564531 582678 21477.5 1070190
Ad4h 0.55895 567745 30437.5 1070190
Ah4d 0.55895 567745 30437.5 1070190
Ad4c 0.558887 567682 30433 1070190
Ah4c 0.558887 567682 30433 1070190
Ac4h 0.558803 567610 30415.5 1070190
Ac4d 0.558803 567610 30415.5 1070190
As4d 0.558319 567178 30329.5 1070190
As4h 0.558319 567178 30329.5 1070190
As4c 0.558256 567115 30325 1070190
Ad4s 0.55818 566948 30410.5 1070190
Ah4s 0.55818 566948 30410.5 1070190
Ac4s 0.558033 566813 30388.5 1070190
As4s 0.557549 566381 30302.5 1070190
Ad3h 0.556797 565441 30437.5 1070190
Ah3d 0.556797 565441 30437.5 1070190
Ad3c 0.556734 565378 30433 1070190
Ah3c 0.556734 565378 30433 1070190
Ac3h 0.55665 565306 30415.5 1070190
Ac3d 0.55665 565306 30415.5 1070190
As3h 0.556166 564874 30329.5 1070190
As3d 0.556166 564874 30329.5 1070190
As3c 0.556103 564811 30325 1070190
Ah3s 0.556021 564638 30410.5 1070190
Ad3s 0.556021 564638 30410.5 1070190
Ac3s 0.555875 564503 30388.5 1070190
As3s 0.555391 564071 30302.5 1070190
Ad2h 0.554644 563137 30437.5 1070190
Ah2d 0.554644 563137 30437.5 1070190
Ad2c 0.554581 563074 30433 1070190
Ah2c 0.554581 563074 30433 1070190
Ac2d 0.554497 563002 30415.5 1070190
Ac2h 0.554497 563002 30415.5 1070190
QdJh 0.554307 572097 21116.5 1070190
QhJd 0.554307 572097 21116.5 1070190
QcJd 0.55419 572000 21088.5 1070190
QcJh 0.55419 572000 21088.5 1070190
QhJc 0.554167 571952 21112.5 1070190
QdJc 0.554167 571952 21112.5 1070190
As2h 0.554013 562570 30329.5 1070190
As2d 0.554013 562570 30329.5 1070190
As2c 0.55395 562507 30325 1070190
Ah2s 0.553863 562328 30410.5 1070190
Ad2s 0.553863 562328 30410.5 1070190
Ac2s 0.553716 562193 30388.5 1070190
QsJh 0.553506 571295 21062 1070190
QsJd 0.553506 571295 21062 1070190
QdJs 0.55348 571239 21090 1070190
QhJs 0.55348 571239 21090 1070190
QsJc 0.553367 571150 21058 1070190
QcJs 0.553363 571142 21062 1070190
As2s 0.553232 561761 30302.5 1070190
QsJs 0.55268 570437 21035.5 1070190
Qd9d 0.551083 567155 22608.5 1070190
Qh9h 0.551083 567155 22608.5 1070190
Qc9c 0.549239 564669 23121.5 1070190
QdTh 0.545342 561799 21821 1070190
QhTd 0.545342 561799 21821 1070190
QcTd 0.545216 561688 21796.5 1070190
QcTh 0.545216 561688 21796.5 1070190
QdTc 0.545203 561654 21817 1070190
QhTc 0.545203 561654 21817 1070190
QsTh 0.544568 561025 21766.5 1070190
QsTd 0.544568 561025 21766.5 1070190
QdTs 0.544516 560941 21794.5 1070190
QhTs 0.544516 560941 21794.5 1070190
QsTc 0.544429 560880 21762.5 1070190
QcTs 0.544389 560830 21770 1070190
QsTs 0.543742 560167 21740 1070190
Qd8d 0.534261 546859 24902 1070190
Qh8h 0.534261 546859 24902 1070190
Qc8c 0.532533 544524 25387.5 1070190
Qh9d 0.529202 542777 23570 1070190
Qd9h 0.529202 542777 23570 1070190
Qc9h 0.529067 542654 23548.5 1070190
Qc9d 0.529067 542654 23548.5 1070190
Qd9c 0.529063 542632 23566 1070190
Qh9c 0.529063 542632 23566 1070190
Qs9d 0.52846 542043 23509.5 1070190
Qs9h 0.52846 542043 23509.5 1070190
Qh9s 0.528378 541921 23543.5 1070190
Qd9s 0.528378 541921 23543.5 1070190
Qs9c 0.528321 541898 23505.5 1070190
Qc9s 0.528243 541798 23522 1070190
4h4d 0.52768 544103 20614.5 1070190
4h4c 0.527669 544115 20591.5 1070190
4d4c 0.527669 544115 20591.5 1070190
Qs9s 0.527635 541187 23483 1070190
4s4h 0.527333 543755 20591.5 1070190
4s4d 0.527333 543755 20591.5 1070190
4s4c 0.527323 543767 20568.5 1070190
Qd7d 0.526384 536587 26744 1070190
Qh7h 0.526384 536587 26744 1070190
Qc7c 0.524723 534346 27207.5 1070190
Qd6d 0.519523 527587 28401.5 1070190
Qh6h 0.519523 527587 28401.5 1070190
Qc6c 0.517914 525418 28848.5 1070190
Qd8h 0.511556 521479 25983.5 1070190
Qh8d 0.511556 521479 25983.5 1070190
Qd8c 0.511417 521334 25979.5 1070190
Qh8c 0.511417 521334 25979.5 1070190
Qc8d 0.511414 521346 25964.5 1070190
Qc8h 0.511414 521346 25964.5 1070190
Qs8h 0.510847 520790 25913 1070190
Qs8d 0.510847 520790 25913 1070190
Qh8s 0.510735 520626 25957 1070190
Qd8s 0.510735 520626 25957 1070190
Qs8c 0.510707 520645 25909 1070190
Qc8s 0.510593 520493 25938 1070190
Qs8s 0.510025 519937 25886.5 1070190
3h3d 0.5042 518873 20716.5 1070190
3h3c 0.504187 518882 20694 1070190
3d3c 0.504187 518882 20694 1070190
3s3d 0.503851 518522 20694 1070190
3s3h 0.503851 518522 20694 1070190
3s3c 0.503838 518531 20671.5 1070190
Qd7h 0.503393 510805 27921.5 1070190
Qh7d 0.503393 510805 27921.5 1070190
Qd7c 0.503254 510660 27917.5 1070190
Qh7c 0.503254 510660 27917.5 1070190
Qc7h 0.503246 510664 27904.5 1070190
Qc7d 0.503246 510664 27904.5 1070190
JhTh 0.50288 515306 22871.5 1070190
JdTd 0.50288 515306 22871.5 1070190
Qs7d 0.502712 510154 27843 1070190
Qs7h 0.502712 510154 27843 1070190
Qh7s 0.502577 509958 27895 1070190
Qd7s 0.502577 509958 27895 1070190
Qs7c 0.502572 510009 27839 1070190
Qc7s 0.502429 509817 27878 1070190
Qs7s 0.501895 509307 27816.5 1070190
JcTc 0.500791 512352 23589.5 1070190
Qh4h 0.497437 500677 31675.5 1070190
Qd4d 0.497437 500677 31675.5 1070190
Qh6d 0.496297 501463 29669 1070190
Qd6h 0.496297 501463 29669 1070190
Qh6c 0.496158 501318 29665 1070190
Qd6c 0.496158 501318 29665 1070190
Qc6h 0.496145 501316 29653.5 1070190
Qc6d 0.496145 501316 29653.5 1070190
Qc4c 0.495845 498558 32090.5 1070190
Qs6h 0.495639 500845 29583 1070190
Qs6d 0.495639 500845 29583 1070190
Qs6c 0.4955 500700 29579 1070190
Qh6s 0.495486 500622 29642.5 1070190
Qd6s 0.495486 500622 29642.5 1070190
Qd3d 0.495335 498427 31675.5 1070190
Qh3h 0.495335 498427 31675.5 1070190
Qc6s 0.495334 500475 29627 1070190
Qs6s 0.494828 500004 29556.5 1070190
Qc3c 0.493737 496302 32090.5 1070190
Qh2h 0.493233 496177 31675.5 1070190
Qd2d 0.493233 496177 31675.5 1070190
Qc2c 0.491629 494046 32090.5 1070190
Jh9h 0.487464 497131 24548.5 1070190
Jd9d 0.487464 497131 24548.5 1070190
Jc9c 0.485499 494343 25233.5 1070190
2h2d 0.481252 494291 20740.5 1070190
2h2c 0.481237 494297 20718 1070190
2d2c 0.481237 494297 20718 1070190
2s2h 0.480901 493937 20718 1070190
2s2d 0.480901 493937 20718 1070190
2s2c 0.480885 493943 20695.5 1070190
JhTd 0.478624 488291 23927.5 1070190
JdTh 0.478624 488291 23927.5 1070190
JcTh 0.4785 488180 23906 1070190
JcTd 0.4785 488180 23906 1070190
JdTc 0.478487 488152 23920 1070190
JhTc 0.478487 488152 23920 1070190
JsTd 0.477853 487517 23876.5 1070190
JsTh 0.477853 487517 23876.5 1070190
JdTs 0.477833 487475 23897.5 1070190
JhTs 0.477833 487475 23897.5 1070190
JsTc 0.477716 487378 23869 1070190
JcTs 0.47771 487364 23876 1070190
JsTs 0.477062 486701 23846.5 1070190
Qh4d 0.473766 473923 33097 1070190
Qd4h 0.473766 473923 33097 1070190
Qh4c 0.473715 473876 33089 1070190
Qd4c 0.473715 473876 33089 1070190
Qc4d 0.473624 473788 33079.5 1070190
Qc4h 0.473624 473788 33079.5 1070190
Qs4d 0.473146 473362 32994 1070190
Qs4h 0.473146 473362 32994 1070190
Qs4c 0.473094 473315 32986 1070190
Qd4s 0.473043 473179 33066.5 1070190
Qh4s 0.473043 473179 33066.5 1070190
Qc4s 0.4729 473044 33049 1070190
Qs4s 0.472422 472618 32963.5 1070190
Qh3d 0.471613 471619 33097 1070190
Qd3h 0.471613 471619 33097 1070190
Qh3c 0.471562 471572 33089 1070190
Qd3c 0.471562 471572 33089 1070190
Qc3h 0.471471 471484 33079.5 1070190
Qc3d 0.471471 471484 33079.5 1070190
Qs3d 0.470993 471058 32994 1070190
Qs3h 0.470993 471058 32994 1070190
Qs3c 0.470942 471011 32986 1070190
Qd3s 0.470884 470869 33066.5 1070190
Qh3s 0.470884 470869 33066.5 1070190
Qc3s 0.470742 470734 33049 1070190
Jd8d 0.470643 476835 26842 1070190
Jh8h 0.470643 476835 26842 1070190
Qs3s 0.470264 470308 32963.5 1070190
Qd2h 0.469461 469315 33097 1070190
Qh2d 0.469461 469315 33097 1070190
Qh2c 0.469409 469268 33089 1070190
Qd2c 0.469409 469268 33089 1070190
Qc2d 0.469318 469180 33079.5 1070190
Qc2h 0.469318 469180 33079.5 1070190
Qs2d 0.46884 468754 32994 1070190
Qs2h 0.46884 468754 32994 1070190
Jc8c 0.468793 474198 27499.5 1070190
Qs2c 0.468789 468707 32986 1070190
Qh2s 0.468726 468559 33066.5 1070190
Qd2s 0.468726 468559 33066.5 1070190
Qc2s 0.468583 468424 33049 1070190
Qs2s 0.468105 467998 32963.5 1070190
Jd7d 0.462765 466563 28684 1070190
Jh7h 0.462765 466563 28684 1070190
Jh9d 0.462484 469269 25676.5 1070190
Jd9h 0.462484 469269 25676.5 1070190
Jc9d 0.462352 469146 25658 1070190
Jc9h 0.462352 469146 25658 1070190
Jd9c 0.462347 469130 25669 1070190
Jh9c 0.462347 469130 25669 1070190
Js9h 0.461745 468535 25619.5 1070190
Js9d 0.461745 468535 25619.5 1070190
Jd9s 0.461695 468455 25646.5 1070190
Jh9s 0.461695 468455 25646.5 1070190
Js9c 0.461608 468396 25612 1070190
Jc9s 0.461563 468332 25628 1070190
Jc7c 0.460983 464020 29319.5 1070190
Js9s 0.460956 467721 25589.5 1070190
Jh6h 0.455905 457563 30341.5 1070190
Jd6d 0.455905 457563 30341.5 1070190
Jc6c 0.454174 455092 30960.5 1070190
Jh8d 0.444838 447971 28090 1070190
Jd8h 0.444838 447971 28090 1070190
Jh8c 0.444701 447832 28082.5 1070190
Jd8c 0.444701 447832 28082.5 1070190
Jc8h 0.444699 447838 28074 1070190
Jc8d 0.444699 447838 28074 1070190
Js8d 0.444131 447282 28023 1070190
Js8h 0.444131 447282 28023 1070190
Jh8s 0.444052 447160 28060 1070190
Jd8s 0.444052 447160 28060 1070190
Js8c 0.443995 447143 28015.5 1070190
Jc8s 0.443913 447027 28044 1070190
Js8s 0.443346 446471 27993 1070190
Jd7h 0.436675 437297 30028 1070190
Jh7d 0.436675 437297 30028 1070190
Jh7c 0.436538 437158 30020.5 1070190
Jd7c 0.436538 437158 30020.5 1070190
Jc7h 0.43653 437156 30014 1070190
Jc7d 0.43653 437156 30014 1070190
Js7h 0.435996 436646 29953 1070190
Js7d 0.435996 436646 29953 1070190
Jd7s 0.435895 436492 29998 1070190
Jh7s 0.435895 436492 29998 1070190
Js7c 0.43586 436507 29945.5 1070190
Jc7s 0.43575 436351 29984 1070190
Js7s 0.435216 435841 29923 1070190
Jd4d 0.432939 429817 33509.5 1070190
Jh4h 0.432939 429817 33509.5 1070190
Td9d 0.43277 437278 25868 1070190
Th9h 0.43277 437278 25868 1070190
Jc4c 0.431244 427418 34095.5 1070190
Jd3d 0.430836 427567 33509.5 1070190
Jh3h 0.430836 427567 33509.5 1070190
Tc9c 0.430821 434375 26685.5 1070190
Jd6h 0.429578 427955 31775.5 1070190
Jh6d 0.429578 427955 31775.5 1070190
Jd6c 0.429442 427816 31768 1070190
Jh6c 0.429442 427816 31768 1070190
Jc6d 0.429429 427808 31763 1070190
Jc6h 0.429429 427808 31763 1070190
Jc3c 0.429136 425162 34095.5 1070190
Js6h 0.428924 427337 31693 1070190
Js6d 0.428924 427337 31693 1070190
Jh6s 0.428804 427156 31745.5 1070190
Jd6s 0.428804 427156 31745.5 1070190
Js6c 0.428787 427198 31685.5 1070190
Jh2h 0.428734 425317 33509.5 1070190
Jd2d 0.428734 425317 33509.5 1070190
Jc6s 0.428655 427009 31733 1070190
Js6s 0.428149 426538 31663 1070190
Jc2c 0.427028 422906 34095.5 1070190
Td8d 0.415948 416982 28161.5 1070190
Th8h 0.415948 416982 28161.5 1070190
Tc8c 0.414115 414230 28951.5 1070190
Th7h 0.408071 406710 30003.5 1070190
Td7d 0.408071 406710 30003.5 1070190
Tc7c 0.406305 404052 30771.5 1070190
Jd4h 0.40618 399594 35095.5 1070190
Jh4d 0.40618 399594 35095.5 1070190
Jd4c 0.406138 399560 35084.5 1070190
Jh4c 0.406138 399560 35084.5 1070190
Jc4d 0.406041 399459 35081.5 1070190
Jc4h 0.406041 399459 35081.5 1070190
Js4d 0.405563 399033 34996.5 1070190
Js4h 0.405563 399033 34996.5 1070190
Js4c 0.405521 398999 34985.5 1070190
Jd4s 0.405499 398899 35062 1070190
Jh4s 0.405499 398899 35062 1070190
Jc4s 0.40536 398764 35048 1070190
Td9h 0.40519 406513 27117.5 1070190
Th9d 0.40519 406513 27117.5 1070190
Tc9d 0.40506 406390 27101 1070190
Tc9h 0.40506 406390 27101 1070190
Td9c 0.405054 406378 27107 1070190
Th9c 0.405054 406378 27107 1070190
Js4s 0.404882 398338 34963 1070190
Ts9h 0.404454 405779 27063.5 1070190
Ts9d 0.404454 405779 27063.5 1070190
Th9s 0.404436 405739 27084.5 1070190
Td9s 0.404436 405739 27084.5 1070190
Ts9c 0.404318 405644 27053 1070190
Tc9s 0.404306 405616 27068 1070190
Jh3d 0.404027 397290 35095.5 1070190
Jd3h 0.404027 397290 35095.5 1070190
Jh3c 0.403985 397256 35084.5 1070190
Jd3c 0.403985 397256 35084.5 1070190
Jc3h 0.403888 397155 35081.5 1070190
Jc3d 0.403888 397155 35081.5 1070190
Ts9s 0.4037 405005 27030.5 1070190
Js3h 0.40341 396729 34996.5 1070190
Js3d 0.40341 396729 34996.5 1070190
Js3c 0.403368 396695 34985.5 1070190
Jh3s 0.403341 396589 35062 1070190
Jd3s 0.403341 396589 35062 1070190
Jc3s 0.403201 396454 35048 1070190
Js3s 0.402724 396028 34963 1070190
Jd2h 0.401874 394986 35095.5 1070190
Jh2d 0.401874 394986 35095.5 1070190
Jd2c 0.401832 394952 35084.5 1070190
Jh2c 0.401832 394952 35084.5 1070190
Jc2h 0.401735 394851 35081.5 1070190
Jc2d 0.401735 394851 35081.5 1070190
Js2d 0.401257 394425 34996.5 1070190
Js2h 0.401257 394425 34996.5 1070190
Js2c 0.401215 394391 34985.5 1070190
Td6d 0.40121 397710 31661 1070190
Th6h 0.40121 397710 31661 1070190
Jd2s 0.401182 394279 35062 1070190
Jh2s 0.401182 394279 35062 1070190
Jc2s 0.401043 394144 35048 1070190
Js2s 0.400565 393718 34963 1070190
Tc6c 0.399496 395124 32412.5 1070190
Td8h 0.387544 385215 29531 1070190
Th8d 0.387544 385215 29531 1070190
Td8c 0.387408 385080 29520.5 1070190
Th8c 0.387408 385080 29520.5 1070190
Tc8h 0.387407 385082 29517 1070190
Tc8d 0.387407 385082 29517 1070190
Ts8d 0.386841 384526 29467 1070190
Ts8h 0.386841 384526 29467 1070190
Td8s 0.386793 384444 29498 1070190
Th8s 0.386793 384444 29498 1070190
Ts8c 0.386705 384391 29456.5 1070190
Tc8s 0.386656 384311 29484 1070190
Ts8s 0.386089 383755 29434 1070190
9d8d 0.382502 380580 28770 1070190
9h8h 0.382502 380580 28770 1070190
9c8c 0.380838 377909 29660.5 1070190
Td7h 0.379381 374541 31469 1070190
Th7d 0.379381 374541 31469 1070190
Th7c 0.379245 374406 31458.5 1070190
Td7c 0.379245 374406 31458.5 1070190
Tc7h 0.379238 374400 31457 1070190
Tc7d 0.379238 374400 31457 1070190
Ts7h 0.378706 373890 31397 1070190
Ts7d 0.378706 373890 31397 1070190
Td7s 0.378636 373776 31436 1070190
Th7s 0.378636 373776 31436 1070190
Ts7c 0.37857 373755 31386.5 1070190
Tc7s 0.378493 373635 31424 1070190
Ts7s 0.37796 373125 31364 1070190
Th4h 0.377497 369271 34723 1070190
Td4d 0.377497 369271 34723 1070190
Tc4c 0.375838 366778 35440.5 1070190
Td3d 0.375395 367021 34723 1070190
Th3h 0.375395 367021 34723 1070190
9d7d 0.374403 370070 30612 1070190
9h7h 0.374403 370070 30612 1070190
Tc3c 0.37373 364522 35440.5 1070190
Th2h 0.373293 364771 34723 1070190
Td2d 0.373293 364771 34723 1070190
9c7c 0.372805 367492 31480.5 1070190
Th6d 0.372285 365199 33216.5 1070190
Td6h 0.372285 365199 33216.5 1070190
Th6c 0.372149 365064 33206 1070190
Td6c 0.372149 365064 33206 1070190
Tc6d 0.372138 365052 33206 1070190
Tc6h 0.372138 365052 33206 1070190
Ts6h 0.371633 364581 33137 1070190
Ts6d 0.371633 364581 33137 1070190
Tc2c 0.371622 362266 35440.5 1070190
Td6s 0.371545 364440 33183.5 1070190
Th6s 0.371545 364440 33183.5 1070190
Ts6c 0.371497 364446 33126.5 1070190
Tc6s 0.371398 364293 33173 1070190
Ts6s 0.370893 363822 33104 1070190
9h6h 0.367791 361604 32002.5 1070190
9d6d 0.367791 361604 32002.5 1070190
9c6c 0.366246 359098 32854.5 1070190
9h8d 0.352763 347312 30211.5 1070190
9d8h 0.352763 347312 30211.5 1070190
9c8d 0.352627 347179 30198.5 1070190
9c8h 0.352627 347179 30198.5 1070190
9h8c 0.352627 347179 30198.5 1070190
9d8c 0.352627 347179 30198.5 1070190
9s8h 0.35206 346620 30151 1070190
9s8d 0.35206 346620 30151 1070190
9d8s 0.352038 346572 30176 1070190
9h8s 0.352038 346572 30176 1070190
9s8c 0.351923 346487 30138 1070190
9c8s 0.351902 346439 30163 1070190
9s8s 0.351335 345880 30115.5 1070190
8h7h 0.349342 343443 30419 1070190
8d7d 0.349342 343443 30419 1070190
Th4d 0.348152 336160 36428.5 1070190
Td4h 0.348152 336160 36428.5 1070190
Th4c 0.348117 336136 36415 1070190
Td4c 0.348117 336136 36415 1070190
Tc4h 0.348015 336025 36417 1070190
Tc4d 0.348015 336025 36417 1070190
8c7c 0.347984 341045 31363.5 1070190
Ts4d 0.347538 335599 36333 1070190
Ts4h 0.347538 335599 36333 1070190
Th4s 0.347512 335511 36392.5 1070190
Td4s 0.347512 335511 36392.5 1070190
Ts4c 0.347503 335575 36319.5 1070190
Tc4s 0.347375 335376 36381 1070190
Ts4s 0.346898 334950 36297 1070190
Td3h 0.345999 333856 36428.5 1070190
Th3d 0.345999 333856 36428.5 1070190
Td3c 0.345964 333832 36415 1070190
Th3c 0.345964 333832 36415 1070190
Tc3d 0.345862 333721 36417 1070190
Tc3h 0.345862 333721 36417 1070190
Ts3h 0.345385 333295 36333 1070190
Ts3d 0.345385 333295 36333 1070190
Td3s 0.345353 333201 36392.5 1070190
Th3s 0.345353 333201 36392.5 1070190
Ts3c 0.34535 333271 36319.5 1070190
Tc3s 0.345216 333066 36381 1070190
Ts3s 0.34474 332640 36297 1070190
9d7h 0.344364 336385 32149.5 1070190
9h7d 0.344364 336385 32149.5 1070190
9h7c 0.344227 336252 32136.5 1070190
9d7c 0.344227 336252 32136.5 1070190
9c7d 0.344222 336244 32138.5 1070190
9c7h 0.344222 336244 32138.5 1070190
Th2d 0.343846 331552 36428.5 1070190
Td2h 0.343846 331552 36428.5 1070190
Th2c 0.343811 331528 36415 1070190
Td2c 0.343811 331528 36415 1070190
Tc2h 0.343709 331417 36417 1070190
Tc2d 0.343709 331417 36417 1070190
9s7d 0.343689 335731 32081 1070190
9s7h 0.343689 335731 32081 1070190
9h7s 0.343645 335651 32114 1070190
9d7s 0.343645 335651 32114 1070190
9s7c 0.343552 335598 32068 1070190
9c7s 0.343503 335510 32103 1070190
Ts2d 0.343233 330991 36333 1070190
Ts2h 0.343233 330991 36333 1070190
Ts2c 0.343197 330967 36319.5 1070190
Th2s 0.343195 330891 36392.5 1070190
Td2s 0.343195 330891 36392.5 1070190
Tc2s 0.343058 330756 36381 1070190
9s7s 0.342969 334997 32045.5 1070190
Ts2s 0.342581 330330 36297 1070190
8d6d 0.342508 334739 31809.5 1070190
8h6h 0.342508 334739 31809.5 1070190
8c6c 0.341201 332412 32737.5 1070190
9h6d 0.337534 327613 33612 1070190
9d6h 0.337534 327613 33612 1070190
9h6c 0.337397 327480 33599 1070190
9d6c 0.337397 327480 33599 1070190
9c6d 0.337387 327466 33602.5 1070190
9c6h 0.337387 327466 33602.5 1070190
9s6d 0.336881 326989 33537.5 1070190
9s6h 0.336881 326989 33537.5 1070190
9d6s 0.33682 326885 33576.5 1070190
9h6s 0.33682 326885 33576.5 1070190
9s6c 0.336744 326856 33524.5 1070190
9c6s 0.336674 326738 33567 1070190
9s6s 0.336167 326261 33502 1070190
9h4h 0.33179 319942 35136.5 1070190
9d4d 0.33179 319942 35136.5 1070190
9c4c 0.330274 317502 35953.5 1070190
9h3h 0.329688 317692 35136.5 1070190
9d3d 0.329688 317692 35136.5 1070190
9c3c 0.328166 315246 35953.5 1070190
9d2d 0.327585 315442 35136.5 1070190
9h2h 0.327585 315442 35136.5 1070190
9c2c 0.326058 312990 35953.5 1070190
7d6d 0.324612 316494 30902.5 1070190
7h6h 0.324612 316494 30902.5 1070190
7c6c 0.323577 314399 31889.5 1070190
8h7d 0.318415 308790 31974.5 1070190
8d7h 0.318415 308790 31974.5 1070190
8h7c 0.318277 308657 31959.5 1070190
8d7c 0.318277 308657 31959.5 1070190
8c7h 0.318273 308649 31963.5 1070190
8c7d 0.318273 308649 31963.5 1070190
8s7d 0.317741 308132 31911 1070190
8s7h 0.317741 308132 31911 1070190
8h7s 0.317721 308085 31937 1070190
8d7s 0.317721 308085 31937 1070190
8s7c 0.317602 307999 31896 1070190
8c7s 0.317579 307944 31926 1070190
8s7s 0.317047 307427 31873.5 1070190
8h6d 0.311348 299765 33437 1070190
8d6h 0.311348 299765 33437 1070190
8d6c 0.31121 299632 33422 1070190
8h6c 0.31121 299632 33422 1070190
8c6h 0.311202 299618 33427.5 1070190
8c6d 0.311202 299618 33427.5 1070190
8s6d 0.310697 299137 33367.5 1070190
8s6h 0.310697 299137 33367.5 1070190
8h6s 0.31066 299066 33399.5 1070190
8d6s 0.31066 299066 33399.5 1070190
8s6c 0.310558 299004 33352.5 1070190
8c6s 0.310514 298919 33390 1070190
8s6s 0.310009 298438 33330 1070190
8d4d 0.306194 293026 34659.5 1070190
8h4h 0.306194 293026 34659.5 1070190
8c4c 0.304932 290784 35551.5 1070190
9d4h 0.300391 284569 36906 1070190
9h4d 0.300391 284569 36906 1070190
9h4c 0.30036 284552 36890.5 1070190
9d4c 0.30036 284552 36890.5 1070190
9c4d 0.300255 284434 36896 1070190
9c4h 0.300255 284434 36896 1070190
9d4s 0.299789 283963 36868 1070190
9h4s 0.299789 283963 36868 1070190
9s4d 0.299781 284008 36815 1070190
9s4h 0.299781 284008 36815 1070190
9s4c 0.299751 283991 36799.5 1070190
9c4s 0.299653 283828 36858 1070190
9s4s 0.29918 283402 36777 1070190
9d3h 0.298238 282265 36906 1070190
9h3d 0.298238 282265 36906 1070190
9h3c 0.298207 282248 36890.5 1070190
9d3c 0.298207 282248 36890.5 1070190
9c3h 0.298102 282130 36896 1070190
9c3d 0.298102 282130 36896 1070190
9h3s 0.29763 281653 36868 1070190
9d3s 0.29763 281653 36868 1070190
9s3h 0.297628 281704 36815 1070190
9s3d 0.297628 281704 36815 1070190
9s3c 0.297598 281687 36799.5 1070190
9c3s 0.297495 281518 36858 1070190
9s3s 0.297021 281092 36777 1070190
9d2h 0.296085 279961 36906 1070190
9h2d 0.296085 279961 36906 1070190
9h2c 0.296054 279944 36890.5 1070190
9d2c 0.296054 279944 36890.5 1070190
9c2d 0.295949 279826 36896 1070190
9c2h 0.295949 279826 36896 1070190
9s2h 0.295476 279400 36815 1070190
9s2d 0.295476 279400 36815 1070190
9h2s 0.295472 279343 36868 1070190
9d2s 0.295472 279343 36868 1070190
9s2c 0.295445 279383 36799.5 1070190
9c2s 0.295336 279208 36858 1070190
9s2s 0.294863 278782 36777 1070190
7d6h 0.292961 281022 32501.5 1070190
7h6d 0.292961 281022 32501.5 1070190
7d6c 0.292819 280887 32485 1070190
7h6c 0.292819 280887 32485 1070190
7c6d 0.292813 280875 32491 1070190
7c6h 0.292813 280875 32491 1070190
7s6d 0.292313 280392 32438.5 1070190
7s6h 0.292313 280392 32438.5 1070190
7d6s 0.292295 280349 32462.5 1070190
7h6s 0.292295 280349 32462.5 1070190
7s6c 0.292171 280257 32422 1070190
7c6s 0.292148 280202 32452 1070190
8d3d 0.291888 277627 34748.5 1070190
8h3h 0.291888 277627 34748.5 1070190
7s6s 0.291648 279719 32399.5 1070190
8c3c 0.290575 275330 35640.5 1070190
8d2d 0.289785 275377 34748.5 1070190
8h2h 0.289785 275377 34748.5 1070190
8c2c 0.288467 273074 35640.5 1070190
7d4d 0.288035 274695 33557.5 1070190
7h4h 0.288035 274695 33557.5 1070190
7c4c 0.287062 272703 34507.5 1070190
6d4d 0.27705 264578 31918 1070190
6h4h 0.27705 264578 31918 1070190
6c4c 0.276361 262842 32916.5 1070190
8d4h 0.273916 256709 36433 1070190
8h4d 0.273916 256709 36433 1070190
8h4c 0.273888 256696 36416 1070190
8d4c 0.273888 256696 36416 1070190
8c4h 0.273781 256574 36423.5 1070190
8c4d 0.273781 256574 36423.5 1070190
7h3h 0.273729 259296 33646.5 1070190
7d3d 0.273729 259296 33646.5 1070190
8h4s 0.273343 256135 36393.5 1070190
8d4s 0.273343 256135 36393.5 1070190
8s4h 0.273308 256143 36348.5 1070190
8s4d 0.273308 256143 36348.5 1070190
8s4c 0.27328 256130 36331.5 1070190
8c4s 0.273208 256000 36384 1070190
8s4s 0.272735 255569 36309 1070190
7c3c 0.272704 257249 34596.5 1070190
6d3d 0.262744 249179 32007 1070190
6h3h 0.262744 249179 32007 1070190
6c3c 0.262003 247388 33005.5 1070190
7h2h 0.258869 243481 33557.5 1070190
7d2d 0.258869 243481 33557.5 1070190
8h3d 0.258792 240429 36528 1070190
8d3h 0.258792 240429 36528 1070190
8h3c 0.258764 240416 36511 1070190
8d3c 0.258764 240416 36511 1070190
8c3d 0.258657 240294 36518.5 1070190
8c3h 0.258657 240294 36518.5 1070190
8h3s 0.258221 239857 36488.5 1070190
8d3s 0.258221 239857 36488.5 1070190
8s3d 0.258189 239868 36443 1070190
8s3h 0.258189 239868 36443 1070190
8s3c 0.258161 239855 36426 1070190
8c3s 0.258086 239722 36479 1070190
7c2c 0.257791 241378 34507.5 1070190
8s3s 0.257617 239296 36403.5 1070190
8d2h 0.256639 238125 36528 1070190
8h2d 0.256639 238125 36528 1070190
8d2c 0.256611 238112 36511 1070190
8h2c 0.256611 238112 36511 1070190
8c2d 0.256504 237990 36518.5 1070190
8c2h 0.256504 237990 36518.5 1070190
8h2s 0.256062 237547 36488.5 1070190
8d2s 0.256062 237547 36488.5 1070190
8s2d 0.256036 237564 36443 1070190
8s2h 0.256036 237564 36443 1070190
8s2c 0.256008 237551 36426 1070190
8c2s 0.255927 237412 36479 1070190
8s2s 0.255459 236986 36403.5 1070190
7h4d 0.255283 237907 35294.5 1070190
7d4h 0.255283 237907 35294.5 1070190
7h4c 0.255255 237895 35276.5 1070190
7d4c 0.255255 237895 35276.5 1070190
7c4h 0.255148 237772 35284.5 1070190
7c4d 0.255148 237772 35284.5 1070190
7h4s 0.254736 237362 35254 1070190
7d4s 0.254736 237362 35254 1070190
7s4h 0.25468 237338 35217.5 1070190
7s4d 0.25468 237338 35217.5 1070190
7s4c 0.254652 237326 35199.5 1070190
7c4s 0.254601 237227 35244 1070190
7s4s 0.254132 236793 35177 1070190
6d2d 0.247883 233364 31918 1070190
6h2h 0.247883 233364 31918 1070190
6c2c 0.24709 231517 32916.5 1070190
6h4d 0.244167 227720 33585.5 1070190
6d4h 0.244167 227720 33585.5 1070190
6d4c 0.244137 227706 33567 1070190
6h4c 0.244137 227706 33567 1070190
6c4d 0.24403 227585 33574 1070190
6c4h 0.24403 227585 33574 1070190
6h4s 0.243644 227201 33544.5 1070190
6d4s 0.243644 227201 33544.5 1070190
6s4d 0.243569 227148 33517 1070190
6s4h 0.243569 227148 33517 1070190
6s4c 0.243539 227134 33498.5 1070190
6c4s 0.243507 227066 33533 1070190
6s4s 0.243046 226629 33476 1070190
7d3h 0.24016 221627 35389.5 1070190
7h3d 0.24016 221627 35389.5 1070190
7h3c 0.240132 221615 35371.5 1070190
7d3c 0.240132 221615 35371.5 1070190
7c3d 0.240024 221492 35379.5 1070190
7c3h 0.240024 221492 35379.5 1070190
7d3s 0.239614 221083 35349 1070190
7h3s 0.239614 221083 35349 1070190
7s3h 0.239561 221064 35312 1070190
7s3d 0.239561 221064 35312 1070190
7s3c 0.239533 221052 35294 1070190
7c3s 0.239478 220948 35339 1070190
7s3s 0.239015 220520 35271.5 1070190
4h3h 0.235709 219952 32301 1070190
4d3d 0.235709 219952 32301 1070190
4c3c 0.235389 218619 33292 1070190
6d3h 0.229044 211440 33680.5 1070190
6h3d 0.229044 211440 33680.5 1070190
6d3c 0.229014 211426 33662 1070190
6h3c 0.229014 211426 33662 1070190
6c3d 0.228907 211305 33669 1070190
6c3h 0.228907 211305 33669 1070190
6h3s 0.228522 210922 33639.5 1070190
6d3s 0.228522 210922 33639.5 1070190
6s3d 0.228451 210874 33611.5 1070190
6s3h 0.228451 210874 33611.5 1070190
6s3c 0.22842 210860 33593 1070190
6c3s 0.228385 210787 33628 1070190
6s3s 0.227928 210356 33570.5 1070190
7h2d 0.224445 204904 35294.5 1070190
7d2h 0.224445 204904 35294.5 1070190
7h2c 0.224417 204892 35276.5 1070190
7d2c 0.224417 204892 35276.5 1070190
7c2d 0.224309 204769 35284.5 1070190
7c2h 0.224309 204769 35284.5 1070190
7h2s 0.223901 204363 35254 1070190
7d2s 0.223901 204363 35254 1070190
7s2h 0.223851 204346 35217.5 1070190
7s2d 0.223851 204346 35217.5 1070190
7s2c 0.223823 204334 35199.5 1070190
7c2s 0.223766 204228 35244 1070190
7s2s 0.223308 203805 35177 1070190
4d2d 0.221095 204251 32363 1070190
4h2h 0.221095 204251 32363 1070190
4c2c 0.220724 202863 33354 1070190
3h2h 0.219242 202399 32232 1070190
3d2d 0.219242 202399 32232 1070190
3c2c 0.218866 200998 33230 1070190
6d2h 0.213329 194717 33585.5 1070190
6h2d 0.213329 194717 33585.5 1070190
6h2c 0.213299 194703 33567 1070190
6d2c 0.213299 194703 33567 1070190
6c2h 0.213192 194582 33574 1070190
6c2d 0.213192 194582 33574 1070190
6d2s 0.212808 194201 33544.5 1070190
6h2s 0.212808 194201 33544.5 1070190
6s2d 0.212742 194157 33517 1070190
6s2h 0.212742 194157 33517 1070190
6s2c 0.212711 194143 33498.5 1070190
6c2s 0.212672 194066 33533 1070190
6s2s 0.212221 193641 33476 1070190
4d3h 0.201945 182152 33967 1070190
4h3d 0.201945 182152 33967 1070190
4d3c 0.20193 182152 33952 1070190
4c3h 0.20193 182152 33952 1070190
4c3d 0.20193 182152 33952 1070190
4h3c 0.20193 182152 33952 1070190
4s3h 0.201485 181715 33912 1070190
4s3d 0.201485 181715 33912 1070190
4d3s 0.201481 181711 33912 1070190
4h3s 0.201481 181711 33912 1070190
4s3c 0.201471 181715 33897 1070190
4c3s 0.201467 181711 33897 1070190
4s3s 0.201021 181274 33857 1070190
4h2d 0.186491 165546 34035 1070190
4d2h 0.186491 165546 34035 1070190
4c2h 0.186477 165546 34020 1070190
4h2c 0.186477 165546 34020 1070190
4d2c 0.186477 165546 34020 1070190
4c2d 0.186477 165546 34020 1070190
4s2h 0.186037 165115 33980 1070190
4s2d 0.186037 165115 33980 1070190
4d2s 0.18603 165108 33979.5 1070190
4h2s 0.18603 165108 33979.5 1070190
4s2c 0.186023 165115 33965 1070190
4c2s 0.186016 165108 33964.5 1070190
4s2s 0.185576 164677 33924.5 1070190
3d2h 0.184618 163667 33909 1070190
3h2d 0.184618 163667 33909 1070190
3d2c 0.184605 163667 33895 1070190
3c2h 0.184605 163667 33895 1070190
3c2d 0.184605 163667 33895 1070190
3h2c 0.184605 163667 33895 1070190
3s2d 0.184162 163233 33855 1070190
3s2h 0.184162 163233 33855 1070190
3d2s 0.184157 163229 33854.5 1070190
3h2s 0.184157 163229 33854.5 1070190
3s2c 0.184149 163233 33841 1070190
3c2s 0.184144 163229 33840.5 1070190
3s2s 0.183701 162795 33800.5 1070190
