AcTc 0.982956 1051950 0 1070190
AcJc 0.982956 1051950 0 1070190
Ac9c 0.982648 1051620 0 1070190
Ac6c 0.982459 1051418 0 1070190
Ac7c 0.982454 1051412 0 1070190
Ac4c 0.982454 1051412 0 1070190
Ac8c 0.982448 1051406 0 1070190
Ac3c 0.982448 1051406 0 1070190
Ac2c 0.982442 1051400 0 1070190
JcTc 0.968189 1036146 0 1070190
Jc9c 0.967875 1035810 0 1070190
Jc6c 0.965769 1033556 0 1070190
Jc4c 0.965766 1033553 0 1070190
Jc7c 0.965763 1033550 0 1070190
Jc3c 0.96576 1033547 0 1070190
Jc8c 0.965757 1033544 0 1070190
Jc2c 0.965755 1033541 0 1070190
Tc9c 0.951866 1018677 0 1070190
Tc6c 0.949759 1016423 0 1070190
Tc4c 0.949757 1016420 0 1070190
Tc7c 0.949754 1016417 0 1070190
Tc3c 0.949751 1016414 0 1070190
Tc8c 0.949748 1016411 0 1070190
Tc2c 0.949745 1016408 0 1070190
9c6c 0.934755 1000365 0 1070190
9c7c 0.934749 1000359 0 1070190
9c8c 0.934744 1000354 0 1070190
9c4c 0.934637 1000239 0 1070190
9c3c 0.934631 1000233 0 1070190
9c2c 0.934626 1000227 0 1070190
8c6c 0.920753 985381 0 1070190
8c7c 0.920749 985376 0 1070190
8c4c 0.920637 985256 0 1070190
8c3c 0.920478 985086 0 1070190
8c2c 0.920472 985080 0 1070190
7c6c 0.907715 971428 0 1070190
7c4c 0.907599 971303 0 1070190
7c3c 0.90744 971133 0 1070190
7c2c 0.907244 970923 0 1070190
AcKd 0.906383 967088 2914.5 1070190
AcKh 0.906383 967088 2914.5 1070190
AcKs 0.906383 967088 2914.5 1070190
AsAc 0.900778 963302 702 1070190
AhAc 0.900778 963302 702 1070190
AdAc 0.900778 963302 702 1070190
6c4c 0.895522 958379 0 1070190
6c3c 0.895363 958209 0 1070190
6c2c 0.895167 957999 0 1070190
KdJc 0.87806 932335 7356 1070190
KsJc 0.87806 932335 7356 1070190
KhJc 0.87806 932335 7356 1070190
4c3c 0.876922 930673 7800 1070190
4c2c 0.876362 929684 8190 1070190
AcQd 0.866021 923555 3252 1070190
AcQh 0.866021 923555 3252 1070190
AcQs 0.866021 923555 3252 1070190
3c2c 0.864937 915604 10042.5 1070190
KsTc 0.861651 914420 7710 1070190
KhTc 0.861651 914420 7710 1070190
KdTc 0.861651 914420 7710 1070190
Ks9c 0.842644 893895 7894.5 1070190
Kd9c 0.842644 893895 7894.5 1070190
Kh9c 0.842644 893895 7894.5 1070190
KhKd 0.841736 884226 16591 1070190
KsKh 0.841736 884226 16591 1070190
KsKd 0.841736 884226 16591 1070190
QhQd 0.836957 879048 16655.5 1070190
QsQd 0.836957 879048 16655.5 1070190
QsQh 0.836957 879048 16655.5 1070190
QhJc 0.836478 887857 7333.5 1070190
QdJc 0.836478 887857 7333.5 1070190
QsJc 0.836478 887857 7333.5 1070190
5s5h 0.828487 869928 16711 1070190
5s5d 0.828487 869928 16711 1070190
5h5d 0.828487 869928 16711 1070190
Kh8c 0.824679 874190 8373 1070190
Kd8c 0.824679 874190 8373 1070190
Ks8c 0.824679 874190 8373 1070190
QdTc 0.820069 869942 7687.5 1070190
QsTc 0.820069 869942 7687.5 1070190
QhTc 0.820069 869942 7687.5 1070190
Kh7c 0.809424 857079 9159 1070190
Ks7c 0.809424 857079 9159 1070190
Kd7c 0.809424 857079 9159 1070190
Qd9c 0.800482 848796 7872 1070190
Qs9c 0.800482 848796 7872 1070190
Qh9c 0.800482 848796 7872 1070190
Kd6c 0.794876 840807 9861 1070190
Ks6c 0.794876 840807 9861 1070190
Kh6c 0.794876 840807 9861 1070190
KhQd 0.787789 824190 18894 1070190
KhQh 0.787789 824190 18894 1070190
KhQs 0.787789 824190 18894 1070190
KsQd 0.787789 824190 18894 1070190
KsQs 0.787789 824190 18894 1070190
KsQh 0.787789 824190 18894 1070190
KdQs 0.787789 824190 18894 1070190
KdQd 0.787789 824190 18894 1070190
KdQh 0.787789 824190 18894 1070190
Qh8c 0.782138 828686 8350.5 1070190
Qd8c 0.782138 828686 8350.5 1070190
Qs8c 0.782138 828686 8350.5 1070190
JdJc 0.781771 835276 1368 1070190
JhJc 0.781771 835276 1368 1070190
JsJc 0.781771 835276 1368 1070190
Ks4c 0.771874 806405 19647 1070190
Kh4c 0.771874 806405 19647 1070190
Kd4c 0.771874 806405 19647 1070190
Kd5s 0.771113 802731 22506 1070190
Ks5d 0.771113 802731 22506 1070190
Ks5h 0.771113 802731 22506 1070190
Ks5s 0.771113 802731 22506 1070190
Kd5d 0.771113 802731 22506 1070190
Kh5s 0.771113 802731 22506 1070190
Kh5h 0.771113 802731 22506 1070190
Kh5d 0.771113 802731 22506 1070190
Kd5h 0.771113 802731 22506 1070190
Ac5h 0.767623 817454 4048.5 1070190
Ac5s 0.767623 817454 4048.5 1070190
Ac5d 0.767623 817454 4048.5 1070190
Qs7c 0.766884 811575 9136.5 1070190
Qh7c 0.766884 811575 9136.5 1070190
Qd7c 0.766884 811575 9136.5 1070190
Ks3c 0.758317 789303 22240.5 1070190
Kh3c 0.758317 789303 22240.5 1070190
Kd3c 0.758317 789303 22240.5 1070190
ThTc 0.757684 809534 1332 1070190
TdTc 0.757684 809534 1332 1070190
TsTc 0.757684 809534 1332 1070190
Qh6c 0.752335 795303 9838.5 1070190
Qd6c 0.752335 795303 9838.5 1070190
Qs6c 0.752335 795303 9838.5 1070190
Qs5d 0.751093 781209 22603.5 1070190
Qs5h 0.751093 781209 22603.5 1070190
Qs5s 0.751093 781209 22603.5 1070190
Qd5d 0.751093 781209 22603.5 1070190
Qh5s 0.751093 781209 22603.5 1070190
Qd5h 0.751093 781209 22603.5 1070190
Qh5h 0.751093 781209 22603.5 1070190
Qh5d 0.751093 781209 22603.5 1070190
Qd5s 0.751093 781209 22603.5 1070190
Kh2c 0.745053 772296 25052 1070190
Ks2c 0.745053 772296 25052 1070190
Kd2c 0.745053 772296 25052 1070190
Jc5s 0.740305 779788 12478.5 1070190
Jc5h 0.740305 779788 12478.5 1070190
Jc5d 0.740305 779788 12478.5 1070190
Qd4c 0.729334 760901 19624.5 1070190
Qh4c 0.729334 760901 19624.5 1070190
Qs4c 0.729334 760901 19624.5 1070190
AdKd 0.728408 759245 20290 1070190
AdKh 0.728408 759245 20290 1070190
AdKs 0.728408 759245 20290 1070190
AhKd 0.728408 759245 20290 1070190
AhKh 0.728408 759245 20290 1070190
AhKs 0.728408 759245 20290 1070190
AsKd 0.728408 759245 20290 1070190
AsKh 0.728408 759245 20290 1070190
AsKs 0.728408 759245 20290 1070190
9s9c 0.726936 777051 909 1070190
9h9c 0.726936 777051 909 1070190
9d9c 0.726936 777051 909 1070190
AcJd 0.726697 767639 10065 1070190
AcJh 0.726697 767639 10065 1070190
AcJs 0.726697 767639 10065 1070190
Tc5h 0.723096 760130 13720.5 1070190
Tc5d 0.723096 760130 13720.5 1070190
Tc5s 0.723096 760130 13720.5 1070190
AsAd 0.722842 756221 17357.5 1070190
AhAd 0.722842 756221 17357.5 1070190
AsAh 0.722842 756221 17357.5 1070190
AcTs 0.722391 763031 10065 1070190
AcTh 0.722391 763031 10065 1070190
AcTd 0.722391 763031 10065 1070190
Qd3c 0.715777 743799 22218 1070190
Qh3c 0.715777 743799 22218 1070190
Qs3c 0.715777 743799 22218 1070190
KhJh 0.709711 733330 26195.5 1070190
KsJd 0.709711 733330 26195.5 1070190
KsJh 0.709711 733330 26195.5 1070190
KsJs 0.709711 733330 26195.5 1070190
KhJs 0.709711 733330 26195.5 1070190
KhJd 0.709711 733330 26195.5 1070190
KdJs 0.709711 733330 26195.5 1070190
KdJh 0.709711 733330 26195.5 1070190
KdJd 0.709711 733330 26195.5 1070190
AhJc 0.708397 748915 9204 1070190
AsJc 0.708397 748915 9204 1070190
AdJc 0.708397 748915 9204 1070190
KhTs 0.705486 728350 26654.5 1070190
KdTd 0.705486 728350 26654.5 1070190
KsTd 0.705486 728350 26654.5 1070190
KsTh 0.705486 728350 26654.5 1070190
KsTs 0.705486 728350 26654.5 1070190
KdTh 0.705486 728350 26654.5 1070190
KdTs 0.705486 728350 26654.5 1070190
KhTd 0.705486 728350 26654.5 1070190
KhTh 0.705486 728350 26654.5 1070190
JcTd 0.703497 738523 14352 1070190
JcTh 0.703497 738523 14352 1070190
JcTs 0.703497 738523 14352 1070190
Qh2c 0.702512 726792 25029.5 1070190
Qd2c 0.702512 726792 25029.5 1070190
Qs2c 0.702512 726792 25029.5 1070190
9c5s 0.702164 737076 14373 1070190
9c5h 0.702164 737076 14373 1070190
9c5d 0.702164 737076 14373 1070190
8s8c 0.697086 745493 522 1070190
8d8c 0.697086 745493 522 1070190
8h8c 0.697086 745493 522 1070190
Kd9h 0.695589 717419 26993.5 1070190
Ks9h 0.695589 717419 26993.5 1070190
Kd9d 0.695589 717419 26993.5 1070190
Kd9s 0.695589 717419 26993.5 1070190
Ks9d 0.695589 717419 26993.5 1070190
Ks9s 0.695589 717419 26993.5 1070190
Kh9s 0.695589 717419 26993.5 1070190
Kh9h 0.695589 717419 26993.5 1070190
Kh9d 0.695589 717419 26993.5 1070190
AsTc 0.691048 730349 9204 1070190
AdTc 0.691048 730349 9204 1070190
AhTc 0.691048 730349 9204 1070190
JsTc 0.69029 724658 14083.5 1070190
JdTc 0.69029 724658 14083.5 1070190
JhTc 0.69029 724658 14083.5 1070190
Kd8d 0.686893 707334 27772 1070190
Kh8d 0.686893 707334 27772 1070190
Kh8h 0.686893 707334 27772 1070190
Kh8s 0.686893 707334 27772 1070190
Kd8h 0.686893 707334 27772 1070190
Kd8s 0.686893 707334 27772 1070190
Ks8h 0.686893 707334 27772 1070190
Ks8d 0.686893 707334 27772 1070190
Ks8s 0.686893 707334 27772 1070190
8c5h 0.683442 716729 14683.5 1070190
8c5s 0.683442 716729 14683.5 1070190
8c5d 0.683442 716729 14683.5 1070190
Kh7h 0.683274 702318 28915 1070190
Kh7s 0.683274 702318 28915 1070190
Kd7s 0.683274 702318 28915 1070190
Kh7d 0.683274 702318 28915 1070190
Kd7h 0.683274 702318 28915 1070190
Kd7d 0.683274 702318 28915 1070190
Ks7d 0.683274 702318 28915 1070190
Ks7h 0.683274 702318 28915 1070190
Ks7s 0.683274 702318 28915 1070190
Ks6d 0.680277 698082 29944 1070190
Ks6h 0.680277 698082 29944 1070190
Kh6d 0.680277 698082 29944 1070190
Kh6h 0.680277 698082 29944 1070190
Ks6s 0.680277 698082 29944 1070190
Kh6s 0.680277 698082 29944 1070190
Kd6h 0.680277 698082 29944 1070190
Kd6d 0.680277 698082 29944 1070190
Kd6s 0.680277 698082 29944 1070190
Kh4d 0.675876 691227 32089 1070190
Kd4s 0.675876 691227 32089 1070190
Kd4h 0.675876 691227 32089 1070190
Kd4d 0.675876 691227 32089 1070190
Kh4h 0.675876 691227 32089 1070190
Kh4s 0.675876 691227 32089 1070190
Ks4s 0.675876 691227 32089 1070190
Ks4h 0.675876 691227 32089 1070190
Ks4d 0.675876 691227 32089 1070190
Ks3h 0.675517 690843 32089 1070190
Kh3s 0.675517 690843 32089 1070190
Kh3h 0.675517 690843 32089 1070190
Kh3d 0.675517 690843 32089 1070190
Kd3d 0.675517 690843 32089 1070190
Kd3s 0.675517 690843 32089 1070190
Kd3h 0.675517 690843 32089 1070190
Ks3d 0.675517 690843 32089 1070190
Ks3s 0.675517 690843 32089 1070190
Kd2s 0.675159 690459 32089 1070190
Kd2d 0.675159 690459 32089 1070190
Kd2h 0.675159 690459 32089 1070190
Ks2s 0.675159 690459 32089 1070190
Ks2d 0.675159 690459 32089 1070190
Kh2d 0.675159 690459 32089 1070190
Kh2h 0.675159 690459 32089 1070190
Ks2h 0.675159 690459 32089 1070190
Kh2s 0.675159 690459 32089 1070190
7d7c 0.673094 719853 486 1070190
7h7c 0.673094 719853 486 1070190
7s7c 0.673094 719853 486 1070190
AhQh 0.670217 696686 20573.5 1070190
AsQd 0.670217 696686 20573.5 1070190
AsQh 0.670217 696686 20573.5 1070190
AhQd 0.670217 696686 20573.5 1070190
AdQd 0.670217 696686 20573.5 1070190
AdQh 0.670217 696686 20573.5 1070190
AsQs 0.670217 696686 20573.5 1070190
AhQs 0.670217 696686 20573.5 1070190
AdQs 0.670217 696686 20573.5 1070190
7c5d 0.669314 701232 15061.5 1070190
7c5s 0.669314 701232 15061.5 1070190
7c5h 0.669314 701232 15061.5 1070190
Ac9d 0.668509 703625 11806.5 1070190
Ac9h 0.668509 703625 11806.5 1070190
Ac9s 0.668509 703625 11806.5 1070190
Ac8h 0.662244 695660 13066.5 1070190
Ac8s 0.662244 695660 13066.5 1070190
Ac8d 0.662244 695660 13066.5 1070190
Ac7d 0.657615 689483 14290.5 1070190
Ac7h 0.657615 689483 14290.5 1070190
Ac7s 0.657615 689483 14290.5 1070190
6c5s 0.655985 686805 15223.5 1070190
6c5h 0.655985 686805 15223.5 1070190
6c5d 0.655985 686805 15223.5 1070190
Ac6h 0.653694 684206 15370.5 1070190
Ac6d 0.653694 684206 15370.5 1070190
Ac6s 0.653694 684206 15370.5 1070190
QhJs 0.65041 669898 26164 1070190
QhJd 0.65041 669898 26164 1070190
QdJd 0.65041 669898 26164 1070190
QdJh 0.65041 669898 26164 1070190
QdJs 0.65041 669898 26164 1070190
QsJs 0.65041 669898 26164 1070190
QsJh 0.65041 669898 26164 1070190
QsJd 0.65041 669898 26164 1070190
QhJh 0.65041 669898 26164 1070190
Ac4s 0.649629 678092 17134.5 1070190
Ac4d 0.649629 678092 17134.5 1070190
Ac4h 0.649629 678092 17134.5 1070190
6h6c 0.649497 694635 450 1070190
6s6c 0.649497 694635 450 1070190
6d6c 0.649497 694635 450 1070190
Ac3s 0.648583 676973 17134.5 1070190
Ac3h 0.648583 676973 17134.5 1070190
Ac3d 0.648583 676973 17134.5 1070190
Ac2h 0.647538 675854 17134.5 1070190
Ac2d 0.647538 675854 17134.5 1070190
Ac2s 0.647538 675854 17134.5 1070190
Jc9s 0.646847 675037 17212.5 1070190
Jc9h 0.646847 675037 17212.5 1070190
Jc9d 0.646847 675037 17212.5 1070190
QhTs 0.646185 664918 26623 1070190
QhTh 0.646185 664918 26623 1070190
QhTd 0.646185 664918 26623 1070190
QdTs 0.646185 664918 26623 1070190
QdTh 0.646185 664918 26623 1070190
QdTd 0.646185 664918 26623 1070190
QsTh 0.646185 664918 26623 1070190
QsTd 0.646185 664918 26623 1070190
QsTs 0.646185 664918 26623 1070190
Qs9d 0.635422 653060 26962 1070190
Qh9s 0.635422 653060 26962 1070190
Qh9h 0.635422 653060 26962 1070190
Qh9d 0.635422 653060 26962 1070190
Qs9h 0.635422 653060 26962 1070190
Qs9s 0.635422 653060 26962 1070190
Qd9d 0.635422 653060 26962 1070190
Qd9h 0.635422 653060 26962 1070190
Qd9s 0.635422 653060 26962 1070190
5s4c 0.626958 647393 23571 1070190
5d4c 0.626958 647393 23571 1070190
5h4c 0.626958 647393 23571 1070190
Qh8d 0.626162 642372 27740.5 1070190
Qh8h 0.626162 642372 27740.5 1070190
Qh8s 0.626162 642372 27740.5 1070190
Qs8s 0.626162 642372 27740.5 1070190
Qs8h 0.626162 642372 27740.5 1070190
Qs8d 0.626162 642372 27740.5 1070190
Qd8s 0.626162 642372 27740.5 1070190
Qd8h 0.626162 642372 27740.5 1070190
Qd8d 0.626162 642372 27740.5 1070190
Ah9c 0.624392 657627 10591.5 1070190
Ad9c 0.624392 657627 10591.5 1070190
As9c 0.624392 657627 10591.5 1070190
Qs7d 0.622543 637356 28883.5 1070190
Qd7d 0.622543 637356 28883.5 1070190
Qs7h 0.622543 637356 28883.5 1070190
Qs7s 0.622543 637356 28883.5 1070190
Qh7s 0.622543 637356 28883.5 1070190
Qh7h 0.622543 637356 28883.5 1070190
Qh7d 0.622543 637356 28883.5 1070190
Qd7h 0.622543 637356 28883.5 1070190
Qd7s 0.622543 637356 28883.5 1070190
Jh9c 0.621956 648747 16864.5 1070190
Js9c 0.621956 648747 16864.5 1070190
Jd9c 0.621956 648747 16864.5 1070190
Qs6d 0.619547 633120 29912.5 1070190
Qh6h 0.619547 633120 29912.5 1070190
Qs6h 0.619547 633120 29912.5 1070190
Qs6s 0.619547 633120 29912.5 1070190
Qd6d 0.619547 633120 29912.5 1070190
Qd6h 0.619547 633120 29912.5 1070190
Qd6s 0.619547 633120 29912.5 1070190
Qh6s 0.619547 633120 29912.5 1070190
Qh6d 0.619547 633120 29912.5 1070190
Qd4s 0.615145 626265 32057.5 1070190
Qh4d 0.615145 626265 32057.5 1070190
Qh4h 0.615145 626265 32057.5 1070190
Qh4s 0.615145 626265 32057.5 1070190
Qs4d 0.615145 626265 32057.5 1070190
Qs4h 0.615145 626265 32057.5 1070190
Qd4h 0.615145 626265 32057.5 1070190
Qd4d 0.615145 626265 32057.5 1070190
Qs4s 0.615145 626265 32057.5 1070190
Qs3s 0.614787 625881 32057.5 1070190
Qd3d 0.614787 625881 32057.5 1070190
Qd3h 0.614787 625881 32057.5 1070190
Qd3s 0.614787 625881 32057.5 1070190
Qs3h 0.614787 625881 32057.5 1070190
Qs3d 0.614787 625881 32057.5 1070190
Qh3d 0.614787 625881 32057.5 1070190
Qh3h 0.614787 625881 32057.5 1070190
Qh3s 0.614787 625881 32057.5 1070190
Qd2d 0.614428 625497 32057.5 1070190
Qs2s 0.614428 625497 32057.5 1070190
Qs2h 0.614428 625497 32057.5 1070190
Qs2d 0.614428 625497 32057.5 1070190
Qd2s 0.614428 625497 32057.5 1070190
Qh2s 0.614428 625497 32057.5 1070190
Qd2h 0.614428 625497 32057.5 1070190
Qh2h 0.614428 625497 32057.5 1070190
Qh2d 0.614428 625497 32057.5 1070190
5d3c 0.613401 630291 26164.5 1070190
5s3c 0.613401 630291 26164.5 1070190
5h3c 0.613401 630291 26164.5 1070190
Ad8c 0.60633 637202 11686.5 1070190
As8c 0.60633 637202 11686.5 1070190
Ah8c 0.60633 637202 11686.5 1070190
Tc9h 0.600979 626471 16690.5 1070190
Tc9d 0.600979 626471 16690.5 1070190
Tc9s 0.600979 626471 16690.5 1070190
5h2c 0.600136 613284 28976 1070190
5d2c 0.600136 613284 28976 1070190
5s2c 0.600136 613284 28976 1070190
Jc8s 0.592352 615034 18895.5 1070190
Jc8d 0.592352 615034 18895.5 1070190
Jc8h 0.592352 615034 18895.5 1070190
Td9c 0.589115 614079 16386 1070190
Th9c 0.589115 614079 16386 1070190
Ts9c 0.589115 614079 16386 1070190
Ah7c 0.589049 617634 12760.5 1070190
As7c 0.589049 617634 12760.5 1070190
Ad7c 0.589049 617634 12760.5 1070190
Jc7s 0.587724 608857 20119.5 1070190
Jc7h 0.587724 608857 20119.5 1070190
Jc7d 0.587724 608857 20119.5 1070190
Jc6d 0.583802 603580 21199.5 1070190
Jc6h 0.583802 603580 21199.5 1070190
Jc6s 0.583802 603580 21199.5 1070190
JsJd 0.577507 599995 18047.5 1070190
JsJh 0.577507 599995 18047.5 1070190
JhJd 0.577507 599995 18047.5 1070190
Jc4d 0.57396 591346 22900.5 1070190
Jc4h 0.57396 591346 22900.5 1070190
Jc4s 0.57396 591346 22900.5 1070190
Jc3d 0.572915 590227 22900.5 1070190
Jc3h 0.572915 590227 22900.5 1070190
Jc3s 0.572915 590227 22900.5 1070190
As6c 0.57265 599130 13714.5 1070190
Ad6c 0.57265 599130 13714.5 1070190
Ah6c 0.57265 599130 13714.5 1070190
Jc2h 0.571869 589108 22900.5 1070190
Jc2d 0.571869 589108 22900.5 1070190
Jc2s 0.571869 589108 22900.5 1070190
4s4c 0.565919 592343 13297.5 1070190
4d4c 0.565919 592343 13297.5 1070190
4h4c 0.565919 592343 13297.5 1070190
TsTh 0.563613 585157 18016 1070190
TsTd 0.563613 585157 18016 1070190
ThTd 0.563613 585157 18016 1070190
Jd8c 0.55535 576101 18229.5 1070190
Js8c 0.55535 576101 18229.5 1070190
Jh8c 0.55535 576101 18229.5 1070190
Ad4c 0.5461 560957 23473.5 1070190
As4c 0.5461 560957 23473.5 1070190
Ah4c 0.5461 560957 23473.5 1070190
Tc8d 0.54473 563084 19881 1070190
Tc8h 0.54473 563084 19881 1070190
Tc8s 0.54473 563084 19881 1070190
3d3c 0.541404 563514 15891 1070190
3h3c 0.541404 563514 15891 1070190
3s3c 0.541404 563514 15891 1070190
Tc7d 0.540102 556907 21105 1070190
Tc7s 0.540102 556907 21105 1070190
Tc7h 0.540102 556907 21105 1070190
9h9d 0.538494 558758 17533 1070190
9s9h 0.538494 558758 17533 1070190
9s9d 0.538494 558758 17533 1070190
Js7c 0.538069 556533 19303.5 1070190
Jh7c 0.538069 556533 19303.5 1070190
Jd7c 0.538069 556533 19303.5 1070190
Tc6s 0.53618 551630 22185 1070190
Tc6h 0.53618 551630 22185 1070190
Tc6d 0.53618 551630 22185 1070190
Ah5h 0.533203 549353 21275.5 1070190
Ad5h 0.533203 549353 21275.5 1070190
Ah5d 0.533203 549353 21275.5 1070190
Ad5d 0.533203 549353 21275.5 1070190
Ah5s 0.533203 549353 21275.5 1070190
As5s 0.533203 549353 21275.5 1070190
As5h 0.533203 549353 21275.5 1070190
Ad5s 0.533203 549353 21275.5 1070190
As5d 0.533203 549353 21275.5 1070190
Ah3c 0.531374 542604 26067 1070190
As3c 0.531374 542604 26067 1070190
Ad3c 0.531374 542604 26067 1070190
Tc4s 0.526338 539396 23886 1070190
Tc4h 0.526338 539396 23886 1070190
Tc4d 0.526338 539396 23886 1070190
Tc3d 0.525293 538277 23886 1070190
Tc3h 0.525293 538277 23886 1070190
Tc3s 0.525293 538277 23886 1070190
Tc2s 0.524247 537158 23886 1070190
Tc2h 0.524247 537158 23886 1070190
Tc2d 0.524247 537158 23886 1070190
Jd6c 0.52167 538029 20257.5 1070190
Js6c 0.52167 538029 20257.5 1070190
Jh6c 0.52167 538029 20257.5 1070190
Th8c 0.520795 537980 19369.5 1070190
Td8c 0.520795 537980 19369.5 1070190
Ts8c 0.520795 537980 19369.5 1070190
Jh5s 0.517971 521608 32719 1070190
Jh5h 0.517971 521608 32719 1070190
Jh5d 0.517971 521608 32719 1070190
Js5d 0.517971 521608 32719 1070190
Js5h 0.517971 521608 32719 1070190
Jd5d 0.517971 521608 32719 1070190
Jd5h 0.517971 521608 32719 1070190
Jd5s 0.517971 521608 32719 1070190
Js5s 0.517971 521608 32719 1070190
2d2c 0.517182 534780 18702.5 1070190
2h2c 0.517182 534780 18702.5 1070190
2s2c 0.517182 534780 18702.5 1070190
Ah2c 0.51694 524346 28878.5 1070190
Ad2c 0.51694 524346 28878.5 1070190
As2c 0.51694 524346 28878.5 1070190
8h8d 0.514358 533370 17090.5 1070190
8s8d 0.514358 533370 17090.5 1070190
8s8h 0.514358 533370 17090.5 1070190
Th5h 0.512848 514231 34613.5 1070190
Th5s 0.512848 514231 34613.5 1070190
Th5d 0.512848 514231 34613.5 1070190
Ts5s 0.512848 514231 34613.5 1070190
Ts5h 0.512848 514231 34613.5 1070190
Ts5d 0.512848 514231 34613.5 1070190
Td5d 0.512848 514231 34613.5 1070190
Td5h 0.512848 514231 34613.5 1070190
Td5s 0.512848 514231 34613.5 1070190
9c8h 0.506739 522222 20085 1070190
9c8d 0.506739 522222 20085 1070190
9c8s 0.506739 522222 20085 1070190
Ts7c 0.503514 518412 20443.5 1070190
Th7c 0.503514 518412 20443.5 1070190
Td7c 0.503514 518412 20443.5 1070190
9c7d 0.501985 515910 21309 1070190
9c7h 0.501985 515910 21309 1070190
9c7s 0.501985 515910 21309 1070190
9d5d 0.500404 499781 35746 1070190
9d5h 0.500404 499781 35746 1070190
9d5s 0.500404 499781 35746 1070190
9h5d 0.500404 499781 35746 1070190
9h5h 0.500404 499781 35746 1070190
9h5s 0.500404 499781 35746 1070190
9s5d 0.500404 499781 35746 1070190
9s5h 0.500404 499781 35746 1070190
9s5s 0.500404 499781 35746 1070190
7h7d 0.499451 517449 17059 1070190
7s7h 0.499451 517449 17059 1070190
7s7d 0.499451 517449 17059 1070190
9c6h 0.498214 510957 22227 1070190
9c6s 0.498214 510957 22227 1070190
9c6d 0.498214 510957 22227 1070190
9d8c 0.4949 509924 19713 1070190
9h8c 0.4949 509924 19713 1070190
9s8c 0.4949 509924 19713 1070190
8d5s 0.49089 488994 36352 1070190
8d5h 0.49089 488994 36352 1070190
8d5d 0.49089 488994 36352 1070190
8s5s 0.49089 488994 36352 1070190
8h5d 0.49089 488994 36352 1070190
8s5h 0.49089 488994 36352 1070190
8h5h 0.49089 488994 36352 1070190
8h5s 0.49089 488994 36352 1070190
8s5d 0.49089 488994 36352 1070190
Jd4c 0.489418 493835 29935.5 1070190
Js4c 0.489418 493835 29935.5 1070190
Jh4c 0.489418 493835 29935.5 1070190
7s5d 0.489173 486558 36950.5 1070190
7h5s 0.489173 486558 36950.5 1070190
7h5h 0.489173 486558 36950.5 1070190
7h5d 0.489173 486558 36950.5 1070190
7s5h 0.489173 486558 36950.5 1070190
7s5s 0.489173 486558 36950.5 1070190
7d5d 0.489173 486558 36950.5 1070190
7d5h 0.489173 486558 36950.5 1070190
7d5s 0.489173 486558 36950.5 1070190
6h5s 0.488188 485229 37225 1070190
6d5d 0.488188 485229 37225 1070190
6d5h 0.488188 485229 37225 1070190
6d5s 0.488188 485229 37225 1070190
6h5d 0.488188 485229 37225 1070190
6h5h 0.488188 485229 37225 1070190
6s5d 0.488188 485229 37225 1070190
6s5h 0.488188 485229 37225 1070190
6s5s 0.488188 485229 37225 1070190
Th6c 0.487115 499908 21397.5 1070190
Ts6c 0.487115 499908 21397.5 1070190
Td6c 0.487115 499908 21397.5 1070190
JsTd 0.485569 487795 31856 1070190
JsTs 0.485569 487795 31856 1070190
JsTh 0.485569 487795 31856 1070190
JhTs 0.485569 487795 31856 1070190
JhTh 0.485569 487795 31856 1070190
JhTd 0.485569 487795 31856 1070190
JdTd 0.485569 487795 31856 1070190
JdTh 0.485569 487795 31856 1070190
JdTs 0.485569 487795 31856 1070190
AdJs 0.485419 492153 27337.5 1070190
AhJs 0.485419 492153 27337.5 1070190
AhJh 0.485419 492153 27337.5 1070190
AhJd 0.485419 492153 27337.5 1070190
AdJh 0.485419 492153 27337.5 1070190
AdJd 0.485419 492153 27337.5 1070190
AsJd 0.485419 492153 27337.5 1070190
AsJh 0.485419 492153 27337.5 1070190
AsJs 0.485419 492153 27337.5 1070190
6h6d 0.484671 501663 17027.5 1070190
6s6h 0.484671 501663 17027.5 1070190
6s6d 0.484671 501663 17027.5 1070190
9c4s 0.481342 491091 24036 1070190
9c4h 0.481342 491091 24036 1070190
9c4d 0.481342 491091 24036 1070190
AsTs 0.480396 486777 27337.5 1070190
AhTh 0.480396 486777 27337.5 1070190
AdTd 0.480396 486777 27337.5 1070190
AsTh 0.480396 486777 27337.5 1070190
AdTs 0.480396 486777 27337.5 1070190
AhTs 0.480396 486777 27337.5 1070190
AhTd 0.480396 486777 27337.5 1070190
AdTh 0.480396 486777 27337.5 1070190
AsTd 0.480396 486777 27337.5 1070190
9c3h 0.480296 489972 24036 1070190
9c3s 0.480296 489972 24036 1070190
9c3d 0.480296 489972 24036 1070190
9c2s 0.47925 488853 24036 1070190
9c2h 0.47925 488853 24036 1070190
9c2d 0.47925 488853 24036 1070190
9s7c 0.477493 490221 20787 1070190
9h7c 0.477493 490221 20787 1070190
9d7c 0.477493 490221 20787 1070190
5s4d 0.475405 471321 37453 1070190
5s4s 0.475405 471321 37453 1070190
5s4h 0.475405 471321 37453 1070190
5d4d 0.475405 471321 37453 1070190
5d4h 0.475405 471321 37453 1070190
5h4s 0.475405 471321 37453 1070190
5d4s 0.475405 471321 37453 1070190
5h4h 0.475405 471321 37453 1070190
5h4d 0.475405 471321 37453 1070190
5d3s 0.475046 470937 37453 1070190
5d3h 0.475046 470937 37453 1070190
5s3d 0.475046 470937 37453 1070190
5s3h 0.475046 470937 37453 1070190
5h3s 0.475046 470937 37453 1070190
5s3s 0.475046 470937 37453 1070190
5h3h 0.475046 470937 37453 1070190
5h3d 0.475046 470937 37453 1070190
5d3d 0.475046 470937 37453 1070190
Js3c 0.474692 475482 32529 1070190
Jh3c 0.474692 475482 32529 1070190
Jd3c 0.474692 475482 32529 1070190
5s2s 0.474688 470553 37453 1070190
5s2h 0.474688 470553 37453 1070190
5s2d 0.474688 470553 37453 1070190
5h2s 0.474688 470553 37453 1070190
5h2h 0.474688 470553 37453 1070190
5h2d 0.474688 470553 37453 1070190
5d2d 0.474688 470553 37453 1070190
5d2h 0.474688 470553 37453 1070190
5d2s 0.474688 470553 37453 1070190
8c7s 0.470866 483032 20884.5 1070190
8c7h 0.470866 483032 20884.5 1070190
8c7d 0.470866 483032 20884.5 1070190
8c6s 0.46697 477944 21802.5 1070190
8c6h 0.46697 477944 21802.5 1070190
8c6d 0.46697 477944 21802.5 1070190
9s6c 0.461233 472014 21592.5 1070190
9d6c 0.461233 472014 21592.5 1070190
9h6c 0.461233 472014 21592.5 1070190
Js2c 0.460259 457224 35340.5 1070190
Jd2c 0.460259 457224 35340.5 1070190
Jh2c 0.460259 457224 35340.5 1070190
8d7c 0.458413 470082 20506.5 1070190
8h7c 0.458413 470082 20506.5 1070190
8s7c 0.458413 470082 20506.5 1070190
Th4c 0.454863 455714 31075.5 1070190
Ts4c 0.454863 455714 31075.5 1070190
Td4c 0.454863 455714 31075.5 1070190
8c4s 0.450316 458420 23503.5 1070190
8c4h 0.450316 458420 23503.5 1070190
8c4d 0.450316 458420 23503.5 1070190
7c6s 0.443096 453114 21082.5 1070190
7c6h 0.443096 453114 21082.5 1070190
7c6d 0.443096 453114 21082.5 1070190
8d6c 0.442026 451740 21312 1070190
8h6c 0.442026 451740 21312 1070190
8s6c 0.442026 451740 21312 1070190
8c3s 0.441945 449408 23557.5 1070190
8c3h 0.441945 449408 23557.5 1070190
8c3d 0.441945 449408 23557.5 1070190
8c2d 0.4409 448289 23557.5 1070190
8c2h 0.4409 448289 23557.5 1070190
8c2s 0.4409 448289 23557.5 1070190
Th3c 0.440137 437361 33669 1070190
Ts3c 0.440137 437361 33669 1070190
Td3c 0.440137 437361 33669 1070190
7d6c 0.430872 440370 20745 1070190
7h6c 0.430872 440370 20745 1070190
7s6c 0.430872 440370 20745 1070190
7c4d 0.426492 433698 22729.5 1070190
7c4h 0.426492 433698 22729.5 1070190
7c4s 0.426492 433698 22729.5 1070190
Th2c 0.425703 419103 36480.5 1070190
Td2c 0.425703 419103 36480.5 1070190
Ts2c 0.425703 419103 36480.5 1070190
9h4c 0.421933 420179 31369.5 1070190
9s4c 0.421933 420179 31369.5 1070190
9d4c 0.421933 420179 31369.5 1070190
7c3h 0.418113 424677 22783.5 1070190
7c3d 0.418113 424677 22783.5 1070190
7c3s 0.418113 424677 22783.5 1070190
7c2s 0.409423 415431 22729.5 1070190
7c2h 0.409423 415431 22729.5 1070190
7c2d 0.409423 415431 22729.5 1070190
Jd9d 0.408293 401670 35281.5 1070190
Jd9h 0.408293 401670 35281.5 1070190
Js9h 0.408293 401670 35281.5 1070190
Jd9s 0.408293 401670 35281.5 1070190
Jh9d 0.408293 401670 35281.5 1070190
Jh9h 0.408293 401670 35281.5 1070190
Jh9s 0.408293 401670 35281.5 1070190
Js9s 0.408293 401670 35281.5 1070190
Js9d 0.408293 401670 35281.5 1070190
6c4s 0.407482 414495 21588 1070190
6c4h 0.407482 414495 21588 1070190
6c4d 0.407482 414495 21588 1070190
9h3c 0.407207 401826 33963 1070190
9s3c 0.407207 401826 33963 1070190
9d3c 0.407207 401826 33963 1070190
Ah9d 0.406051 405314 29237.5 1070190
Ad9s 0.406051 405314 29237.5 1070190
Ad9d 0.406051 405314 29237.5 1070190
As9d 0.406051 405314 29237.5 1070190
Ah9h 0.406051 405314 29237.5 1070190
As9h 0.406051 405314 29237.5 1070190
Ah9s 0.406051 405314 29237.5 1070190
As9s 0.406051 405314 29237.5 1070190
Ad9h 0.406051 405314 29237.5 1070190
8s4c 0.402954 400247 30990 1070190
8h4c 0.402954 400247 30990 1070190
8d4c 0.402954 400247 30990 1070190
6c3h 0.399103 405474 21642 1070190
6c3s 0.399103 405474 21642 1070190
6c3d 0.399103 405474 21642 1070190
Ah8d 0.39853 395840 30662.5 1070190
Ah8s 0.39853 395840 30662.5 1070190
Ah8h 0.39853 395840 30662.5 1070190
Ad8s 0.39853 395840 30662.5 1070190
As8d 0.39853 395840 30662.5 1070190
Ad8h 0.39853 395840 30662.5 1070190
Ad8d 0.39853 395840 30662.5 1070190
As8s 0.39853 395840 30662.5 1070190
As8h 0.39853 395840 30662.5 1070190
4h4d 0.398259 404595 21617.5 1070190
4s4d 0.398259 404595 21617.5 1070190
4s4h 0.398259 404595 21617.5 1070190
Ad7h 0.392929 388436 32072.5 1070190
Ah7d 0.392929 388436 32072.5 1070190
As7d 0.392929 388436 32072.5 1070190
Ad7d 0.392929 388436 32072.5 1070190
As7h 0.392929 388436 32072.5 1070190
As7s 0.392929 388436 32072.5 1070190
Ah7s 0.392929 388436 32072.5 1070190
Ad7s 0.392929 388436 32072.5 1070190
Ah7h 0.392929 388436 32072.5 1070190
9h2c 0.392774 383568 36774.5 1070190
9d2c 0.392774 383568 36774.5 1070190
9s2c 0.392774 383568 36774.5 1070190
7d4c 0.391846 388976 30373.5 1070190
7s4c 0.391846 388976 30373.5 1070190
7h4c 0.391846 388976 30373.5 1070190
6c2s 0.390405 396219 21588 1070190
6c2h 0.390405 396219 21588 1070190
6c2d 0.390405 396219 21588 1070190
Ah6s 0.388127 382037 33332.5 1070190
As6s 0.388127 382037 33332.5 1070190
As6h 0.388127 382037 33332.5 1070190
As6d 0.388127 382037 33332.5 1070190
Ah6h 0.388127 382037 33332.5 1070190
Ah6d 0.388127 382037 33332.5 1070190
Ad6h 0.388127 382037 33332.5 1070190
Ad6d 0.388127 382037 33332.5 1070190
Ad6s 0.388127 382037 33332.5 1070190
6s4c 0.385351 383015 29383.5 1070190
6d4c 0.385351 383015 29383.5 1070190
6h4c 0.385351 383015 29383.5 1070190
3h3d 0.38313 388404 21617.5 1070190
3s3h 0.38313 388404 21617.5 1070190
3s3d 0.38313 388404 21617.5 1070190
Ad4d 0.38247 373898 35417.5 1070190
As4s 0.38247 373898 35417.5 1070190
As4h 0.38247 373898 35417.5 1070190
As4d 0.38247 373898 35417.5 1070190
Ad4h 0.38247 373898 35417.5 1070190
Ad4s 0.38247 373898 35417.5 1070190
Ah4s 0.38247 373898 35417.5 1070190
Ah4d 0.38247 373898 35417.5 1070190
Ah4h 0.38247 373898 35417.5 1070190
As3h 0.380973 372296 35417.5 1070190
Ah3s 0.380973 372296 35417.5 1070190
Ah3h 0.380973 372296 35417.5 1070190
Ah3d 0.380973 372296 35417.5 1070190
Ad3d 0.380973 372296 35417.5 1070190
Ad3h 0.380973 372296 35417.5 1070190
As3d 0.380973 372296 35417.5 1070190
As3s 0.380973 372296 35417.5 1070190
Ad3s 0.380973 372296 35417.5 1070190
8h3c 0.380873 373974 33633 1070190
8d3c 0.380873 373974 33633 1070190
8s3c 0.380873 373974 33633 1070190
Ah2s 0.379476 370694 35417.5 1070190
As2s 0.379476 370694 35417.5 1070190
As2h 0.379476 370694 35417.5 1070190
As2d 0.379476 370694 35417.5 1070190
Ad2s 0.379476 370694 35417.5 1070190
Ad2h 0.379476 370694 35417.5 1070190
Ad2d 0.379476 370694 35417.5 1070190
Ah2h 0.379476 370694 35417.5 1070190
Ah2d 0.379476 370694 35417.5 1070190
7d3c 0.369774 362712 33016.5 1070190
7h3c 0.369774 362712 33016.5 1070190
7s3c 0.369774 362712 33016.5 1070190
2h2d 0.368001 372213 21617.5 1070190
2s2d 0.368001 372213 21617.5 1070190
2s2h 0.368001 372213 21617.5 1070190
Th9s 0.36647 357498 34695 1070190
Td9s 0.36647 357498 34695 1070190
Td9h 0.36647 357498 34695 1070190
Td9d 0.36647 357498 34695 1070190
Th9d 0.36647 357498 34695 1070190
Th9h 0.36647 357498 34695 1070190
Ts9d 0.36647 357498 34695 1070190
Ts9h 0.36647 357498 34695 1070190
Ts9s 0.36647 357498 34695 1070190
4c3s 0.366457 362483 29695.5 1070190
4c3h 0.366457 362483 29695.5 1070190
4c3d 0.366457 362483 29695.5 1070190
8d2c 0.36644 355716 36444.5 1070190
8s2c 0.36644 355716 36444.5 1070190
8h2c 0.36644 355716 36444.5 1070190
6d3c 0.363279 356751 32026.5 1070190
6h3c 0.363279 356751 32026.5 1070190
6s3c 0.363279 356751 32026.5 1070190
4c2d 0.357889 353264 29745 1070190
4c2h 0.357889 353264 29745 1070190
4c2s 0.357889 353264 29745 1070190
4s3c 0.353068 345561 32289 1070190
4h3c 0.353068 345561 32289 1070190
4d3c 0.353068 345561 32289 1070190
7d2c 0.347667 336291 35778.5 1070190
7s2c 0.347667 336291 35778.5 1070190
7h2c 0.347667 336291 35778.5 1070190
3c2s 0.343491 335262 32338.5 1070190
3c2h 0.343491 335262 32338.5 1070190
3c2d 0.343491 335262 32338.5 1070190
6h2c 0.34118 330339 34788.5 1070190
6d2c 0.34118 330339 34788.5 1070190
6s2c 0.34118 330339 34788.5 1070190
Jh8s 0.333982 320261 37163.5 1070190
Js8d 0.333982 320261 37163.5 1070190
Js8h 0.333982 320261 37163.5 1070190
Js8s 0.333982 320261 37163.5 1070190
Jh8h 0.333982 320261 37163.5 1070190
Jh8d 0.333982 320261 37163.5 1070190
Jd8d 0.333982 320261 37163.5 1070190
Jd8h 0.333982 320261 37163.5 1070190
Jd8s 0.333982 320261 37163.5 1070190
4h2c 0.331091 319176 35154.5 1070190
4d2c 0.331091 319176 35154.5 1070190
4s2c 0.331091 319176 35154.5 1070190
3s2c 0.330399 318435 35154.5 1070190
3h2c 0.330399 318435 35154.5 1070190
3d2c 0.330399 318435 35154.5 1070190
Jd7h 0.328381 312857 38573.5 1070190
Jh7s 0.328381 312857 38573.5 1070190
Jd7s 0.328381 312857 38573.5 1070190
Jh7h 0.328381 312857 38573.5 1070190
Jd7d 0.328381 312857 38573.5 1070190
Js7s 0.328381 312857 38573.5 1070190
Js7h 0.328381 312857 38573.5 1070190
Js7d 0.328381 312857 38573.5 1070190
Jh7d 0.328381 312857 38573.5 1070190
Jd6d 0.323579 306458 39833.5 1070190
Jd6s 0.323579 306458 39833.5 1070190
Jh6d 0.323579 306458 39833.5 1070190
Jd6h 0.323579 306458 39833.5 1070190
Jh6h 0.323579 306458 39833.5 1070190
Jh6s 0.323579 306458 39833.5 1070190
Js6d 0.323579 306458 39833.5 1070190
Js6h 0.323579 306458 39833.5 1070190
Js6s 0.323579 306458 39833.5 1070190
Js4s 0.309605 289499 41837.5 1070190
Js4h 0.309605 289499 41837.5 1070190
Jd4d 0.309605 289499 41837.5 1070190
Js4d 0.309605 289499 41837.5 1070190
Jh4h 0.309605 289499 41837.5 1070190
Jd4h 0.309605 289499 41837.5 1070190
Jd4s 0.309605 289499 41837.5 1070190
Jh4d 0.309605 289499 41837.5 1070190
Jh4s 0.309605 289499 41837.5 1070190
Js3d 0.308108 287897 41837.5 1070190
Jh3s 0.308108 287897 41837.5 1070190
Jh3h 0.308108 287897 41837.5 1070190
Js3h 0.308108 287897 41837.5 1070190
Jd3h 0.308108 287897 41837.5 1070190
Jh3d 0.308108 287897 41837.5 1070190
Jd3d 0.308108 287897 41837.5 1070190
Jd3s 0.308108 287897 41837.5 1070190
Js3s 0.308108 287897 41837.5 1070190
Js2s 0.306611 286295 41837.5 1070190
Jh2d 0.306611 286295 41837.5 1070190
Js2h 0.306611 286295 41837.5 1070190
Js2d 0.306611 286295 41837.5 1070190
Jh2h 0.306611 286295 41837.5 1070190
Jh2s 0.306611 286295 41837.5 1070190
Jd2s 0.306611 286295 41837.5 1070190
Jd2h 0.306611 286295 41837.5 1070190
Jd2d 0.306611 286295 41837.5 1070190
Td8d 0.290093 272030 38425 1070190
Td8h 0.290093 272030 38425 1070190
Td8s 0.290093 272030 38425 1070190
Th8s 0.290093 272030 38425 1070190
Th8h 0.290093 272030 38425 1070190
Ts8d 0.290093 272030 38425 1070190
Ts8h 0.290093 272030 38425 1070190
Ts8s 0.290093 272030 38425 1070190
Th8d 0.290093 272030 38425 1070190
Td7h 0.284492 264626 39835 1070190
Ts7d 0.284492 264626 39835 1070190
Ts7s 0.284492 264626 39835 1070190
Ts7h 0.284492 264626 39835 1070190
Th7s 0.284492 264626 39835 1070190
Td7d 0.284492 264626 39835 1070190
Td7s 0.284492 264626 39835 1070190
Th7d 0.284492 264626 39835 1070190
Th7h 0.284492 264626 39835 1070190
Ts6d 0.279691 258227 41095 1070190
Ts6h 0.279691 258227 41095 1070190
Ts6s 0.279691 258227 41095 1070190
Td6d 0.279691 258227 41095 1070190
Th6d 0.279691 258227 41095 1070190
Th6h 0.279691 258227 41095 1070190
Th6s 0.279691 258227 41095 1070190
Td6h 0.279691 258227 41095 1070190
Td6s 0.279691 258227 41095 1070190
Td4d 0.265716 241268 43099 1070190
Td4h 0.265716 241268 43099 1070190
Ts4d 0.265716 241268 43099 1070190
Ts4h 0.265716 241268 43099 1070190
Ts4s 0.265716 241268 43099 1070190
Td4s 0.265716 241268 43099 1070190
Th4s 0.265716 241268 43099 1070190
Th4h 0.265716 241268 43099 1070190
Th4d 0.265716 241268 43099 1070190
Td3s 0.264219 239666 43099 1070190
Td3h 0.264219 239666 43099 1070190
Th3s 0.264219 239666 43099 1070190
Th3h 0.264219 239666 43099 1070190
Th3d 0.264219 239666 43099 1070190
Td3d 0.264219 239666 43099 1070190
Ts3s 0.264219 239666 43099 1070190
Ts3h 0.264219 239666 43099 1070190
Ts3d 0.264219 239666 43099 1070190
Td2h 0.262723 238064 43099 1070190
Td2s 0.262723 238064 43099 1070190
Ts2d 0.262723 238064 43099 1070190
Td2d 0.262723 238064 43099 1070190
Ts2h 0.262723 238064 43099 1070190
Ts2s 0.262723 238064 43099 1070190
Th2s 0.262723 238064 43099 1070190
Th2h 0.262723 238064 43099 1070190
Th2d 0.262723 238064 43099 1070190
9h8d 0.257605 236990 38696.5 1070190
9h8h 0.257605 236990 38696.5 1070190
9h8s 0.257605 236990 38696.5 1070190
9s8s 0.257605 236990 38696.5 1070190
9s8h 0.257605 236990 38696.5 1070190
9s8d 0.257605 236990 38696.5 1070190
9d8s 0.257605 236990 38696.5 1070190
9d8h 0.257605 236990 38696.5 1070190
9d8d 0.257605 236990 38696.5 1070190
9h7d 0.251828 229397 40106.5 1070190
9d7d 0.251828 229397 40106.5 1070190
9d7h 0.251828 229397 40106.5 1070190
9h7s 0.251828 229397 40106.5 1070190
9h7h 0.251828 229397 40106.5 1070190
9d7s 0.251828 229397 40106.5 1070190
9s7h 0.251828 229397 40106.5 1070190
9s7d 0.251828 229397 40106.5 1070190
9s7s 0.251828 229397 40106.5 1070190
9s6h 0.247215 223403 41164 1070190
9h6d 0.247215 223403 41164 1070190
9h6h 0.247215 223403 41164 1070190
9s6d 0.247215 223403 41164 1070190
9s6s 0.247215 223403 41164 1070190
9h6s 0.247215 223403 41164 1070190
9d6s 0.247215 223403 41164 1070190
9d6h 0.247215 223403 41164 1070190
9d6d 0.247215 223403 41164 1070190
8s7s 0.228247 204641 39626.5 1070190
8h7s 0.228247 204641 39626.5 1070190
8s7d 0.228247 204641 39626.5 1070190
8h7h 0.228247 204641 39626.5 1070190
8h7d 0.228247 204641 39626.5 1070190
8d7s 0.228247 204641 39626.5 1070190
8d7h 0.228247 204641 39626.5 1070190
8d7d 0.228247 204641 39626.5 1070190
8s7h 0.228247 204641 39626.5 1070190
8h6d 0.223458 198458 40684 1070190
8s6s 0.223458 198458 40684 1070190
8h6h 0.223458 198458 40684 1070190
8s6h 0.223458 198458 40684 1070190
8s6d 0.223458 198458 40684 1070190
8h6s 0.223458 198458 40684 1070190
8d6d 0.223458 198458 40684 1070190
8d6h 0.223458 198458 40684 1070190
8d6s 0.223458 198458 40684 1070190
9s4h 0.223132 195491 43303 1070190
9s4d 0.223132 195491 43303 1070190
9d4h 0.223132 195491 43303 1070190
9d4s 0.223132 195491 43303 1070190
9s4s 0.223132 195491 43303 1070190
9h4d 0.223132 195491 43303 1070190
9h4h 0.223132 195491 43303 1070190
9h4s 0.223132 195491 43303 1070190
9d4d 0.223132 195491 43303 1070190
9s3d 0.221635 193889 43303 1070190
9s3s 0.221635 193889 43303 1070190
9d3s 0.221635 193889 43303 1070190
9d3h 0.221635 193889 43303 1070190
9d3d 0.221635 193889 43303 1070190
9s3h 0.221635 193889 43303 1070190
9h3s 0.221635 193889 43303 1070190
9h3h 0.221635 193889 43303 1070190
9h3d 0.221635 193889 43303 1070190
9s2s 0.220138 192287 43303 1070190
9d2d 0.220138 192287 43303 1070190
9d2h 0.220138 192287 43303 1070190
9d2s 0.220138 192287 43303 1070190
9s2d 0.220138 192287 43303 1070190
9h2s 0.220138 192287 43303 1070190
9h2h 0.220138 192287 43303 1070190
9h2d 0.220138 192287 43303 1070190
9s2h 0.220138 192287 43303 1070190
7d6d 0.210523 185408 39892 1070190
7d6h 0.210523 185408 39892 1070190
7h6s 0.210523 185408 39892 1070190
7d6s 0.210523 185408 39892 1070190
7h6h 0.210523 185408 39892 1070190
7h6d 0.210523 185408 39892 1070190
7s6s 0.210523 185408 39892 1070190
7s6h 0.210523 185408 39892 1070190
7s6d 0.210523 185408 39892 1070190
8s4s 0.199678 171005 42688 1070190
8d4d 0.199678 171005 42688 1070190
8d4h 0.199678 171005 42688 1070190
8d4s 0.199678 171005 42688 1070190
8h4d 0.199678 171005 42688 1070190
8h4h 0.199678 171005 42688 1070190
8h4s 0.199678 171005 42688 1070190
8s4d 0.199678 171005 42688 1070190
8s4h 0.199678 171005 42688 1070190
8h3s 0.187656 158072 42755.5 1070190
8h3h 0.187656 158072 42755.5 1070190
8h3d 0.187656 158072 42755.5 1070190
8s3d 0.187656 158072 42755.5 1070190
8s3h 0.187656 158072 42755.5 1070190
8s3s 0.187656 158072 42755.5 1070190
8d3s 0.187656 158072 42755.5 1070190
8d3h 0.187656 158072 42755.5 1070190
8d3d 0.187656 158072 42755.5 1070190
7h4d 0.186807 158090 41828.5 1070190
7h4h 0.186807 158090 41828.5 1070190
7h4s 0.186807 158090 41828.5 1070190
7s4d 0.186807 158090 41828.5 1070190
7d4s 0.186807 158090 41828.5 1070190
7s4h 0.186807 158090 41828.5 1070190
7s4s 0.186807 158090 41828.5 1070190
7d4h 0.186807 158090 41828.5 1070190
7d4d 0.186807 158090 41828.5 1070190
8h2h 0.186159 156470 42755.5 1070190
8h2d 0.186159 156470 42755.5 1070190
8h2s 0.186159 156470 42755.5 1070190
8s2s 0.186159 156470 42755.5 1070190
8s2h 0.186159 156470 42755.5 1070190
8s2d 0.186159 156470 42755.5 1070190
8d2d 0.186159 156470 42755.5 1070190
8d2h 0.186159 156470 42755.5 1070190
8d2s 0.186159 156470 42755.5 1070190
6d4s 0.179848 151949 40522 1070190
6s4h 0.179848 151949 40522 1070190
6h4d 0.179848 151949 40522 1070190
6h4s 0.179848 151949 40522 1070190
6s4d 0.179848 151949 40522 1070190
6h4h 0.179848 151949 40522 1070190
6s4s 0.179848 151949 40522 1070190
6d4d 0.179848 151949 40522 1070190
6d4h 0.179848 151949 40522 1070190
7h3h 0.174785 145157 41896 1070190
7d3d 0.174785 145157 41896 1070190
7h3s 0.174785 145157 41896 1070190
7s3h 0.174785 145157 41896 1070190
7d3h 0.174785 145157 41896 1070190
7s3d 0.174785 145157 41896 1070190
7d3s 0.174785 145157 41896 1070190
7s3s 0.174785 145157 41896 1070190
7h3d 0.174785 145157 41896 1070190
6h3h 0.167826 139016 40589.5 1070190
6d3d 0.167826 139016 40589.5 1070190
6s3s 0.167826 139016 40589.5 1070190
6d3h 0.167826 139016 40589.5 1070190
6h3s 0.167826 139016 40589.5 1070190
6d3s 0.167826 139016 40589.5 1070190
6h3d 0.167826 139016 40589.5 1070190
6s3h 0.167826 139016 40589.5 1070190
6s3d 0.167826 139016 40589.5 1070190
7d2s 0.162334 131900 41828.5 1070190
7d2h 0.162334 131900 41828.5 1070190
7s2d 0.162334 131900 41828.5 1070190
7h2d 0.162334 131900 41828.5 1070190
7d2d 0.162334 131900 41828.5 1070190
7s2h 0.162334 131900 41828.5 1070190
7h2h 0.162334 131900 41828.5 1070190
7h2s 0.162334 131900 41828.5 1070190
7s2s 0.162334 131900 41828.5 1070190
6s2h 0.155375 125759 40522 1070190
6s2d 0.155375 125759 40522 1070190
6d2h 0.155375 125759 40522 1070190
6s2s 0.155375 125759 40522 1070190
6h2h 0.155375 125759 40522 1070190
6d2s 0.155375 125759 40522 1070190
6d2d 0.155375 125759 40522 1070190
6h2s 0.155375 125759 40522 1070190
6h2d 0.155375 125759 40522 1070190
4d3d 0.154841 125066 40643.5 1070190
4s3s 0.154841 125066 40643.5 1070190
4s3h 0.154841 125066 40643.5 1070190
4s3d 0.154841 125066 40643.5 1070190
4d3h 0.154841 125066 40643.5 1070190
4d3s 0.154841 125066 40643.5 1070190
4h3s 0.154841 125066 40643.5 1070190
4h3h 0.154841 125066 40643.5 1070190
4h3d 0.154841 125066 40643.5 1070190
4h2s 0.142567 111863 40711 1070190
4s2s 0.142567 111863 40711 1070190
4s2h 0.142567 111863 40711 1070190
4s2d 0.142567 111863 40711 1070190
4d2d 0.142567 111863 40711 1070190
4h2h 0.142567 111863 40711 1070190
4h2d 0.142567 111863 40711 1070190
4d2s 0.142567 111863 40711 1070190
4d2h 0.142567 111863 40711 1070190
3d2s 0.141575 110801 40711 1070190
3d2h 0.141575 110801 40711 1070190
3d2d 0.141575 110801 40711 1070190
3h2d 0.141575 110801 40711 1070190
3h2h 0.141575 110801 40711 1070190
3h2s 0.141575 110801 40711 1070190
3s2d 0.141575 110801 40711 1070190
3s2h 0.141575 110801 40711 1070190
3s2s 0.141575 110801 40711 1070190
