QsQc 0.999927 1070112 0 1070190
Qc5d 0.990669 1056422 3782 1070190
Qc5h 0.990669 1056422 3782 1070190
Qc5s 0.990669 1056422 3782 1070190
Qs5d 0.990669 1056422 3782 1070190
Qs5h 0.990669 1056422 3782 1070190
Qs5s 0.990669 1056422 3782 1070190
AcQc 0.969077 1032024 5073 1070190
AhQc 0.96733 1030086 5140.5 1070190
AdQc 0.96733 1030086 5140.5 1070190
AdQs 0.966972 1029726 5118 1070190
AhQs 0.966972 1029726 5118 1070190
AsQc 0.966954 1029684 5140.5 1070190
AcQs 0.966951 1029681 5140.5 1070190
KcQc 0.966782 1029567 5073 1070190
AsQs 0.966597 1029324 5118 1070190
KdQc 0.965143 1027746 5140.5 1070190
KhQc 0.965143 1027746 5140.5 1070190
KdQs 0.964819 1027422 5118 1070190
KhQs 0.964819 1027422 5118 1070190
KcQs 0.964793 1027371 5140.5 1070190
KsQc 0.964765 1027341 5140.5 1070190
QcJc 0.964703 1027108 5307 1070190
KsQs 0.964441 1027017 5118 1070190
QcJh 0.963177 1025392 5390.5 1070190
QcJd 0.963177 1025392 5390.5 1070190
QsJh 0.962891 1025112 5364 1070190
QsJd 0.962891 1025112 5364 1070190
QsJc 0.962861 1025058 5386.5 1070190
QcJs 0.962799 1024987 5390.5 1070190
QsJs 0.962512 1024707 5364 1070190
QcTc 0.962314 1024132 5727 1070190
QcTh 0.960632 1022220 5838.5 1070190
QcTd 0.960632 1022220 5838.5 1070190
QsTd 0.960385 1021989 5805 1070190
QsTh 0.960385 1021989 5805 1070190
QsTc 0.960355 1021935 5827.5 1070190
QcTs 0.960253 1021815 5838.5 1070190
QsTs 0.960006 1021584 5805 1070190
Qc9c 0.959937 1021048 6267 1070190
Qc9h 0.958086 1018920 6414.5 1070190
Qc9d 0.958086 1018920 6414.5 1070190
Qs9h 0.957879 1018740 6372 1070190
Qs9d 0.957879 1018740 6372 1070190
Qs9c 0.957855 1018692 6394.5 1070190
Qc9s 0.957711 1018518 6414.5 1070190
Qc8c 0.957672 1018024 6867 1070190
Qs9s 0.957503 1018338 6372 1070190
5h5d 0.95748 1022850 1835 1070190
5s5h 0.95748 1022850 1835 1070190
5s5d 0.95748 1022850 1835 1070190
Qc8h 0.955661 1015684 7054.5 1070190
Qc8d 0.955661 1015684 7054.5 1070190
Qc7c 0.955631 1015240 7467 1070190
Qs8d 0.95549 1015554 7002 1070190
Qs8h 0.95549 1015554 7002 1070190
Qs8c 0.955472 1015512 7024.5 1070190
Qc8s 0.955288 1015285 7054.5 1070190
Qs8s 0.955117 1015155 7002 1070190
Qc6c 0.954757 1013764 8007 1070190
Qc7h 0.953474 1012704 7694.5 1070190
Qc7d 0.953474 1012704 7694.5 1070190
Qs7h 0.953337 1012620 7632 1070190
Qs7d 0.953337 1012620 7632 1070190
Qs7c 0.953325 1012584 7654.5 1070190
Qc7s 0.953104 1012308 7694.5 1070190
Qs7s 0.952967 1012224 7632 1070190
Qc6d 0.952529 1011117 8270.5 1070190
Qc6h 0.952529 1011117 8270.5 1070190
Qc4c 0.952513 1010287 9082.5 1070190
Qs6h 0.952421 1011072 8199 1070190
Qs6d 0.952421 1011072 8199 1070190
Qs6c 0.952411 1011039 8221.5 1070190
Qc6s 0.952162 1010724 8270.5 1070190
Qs6s 0.952053 1010679 8199 1070190
Qc3c 0.951638 1009351 9082.5 1070190
Qc2c 0.950763 1008415 9082.5 1070190
Qc4d 0.950176 1007463 9406 1070190
Qc4h 0.950176 1007463 9406 1070190
Qs4h 0.950095 1007463 9319.5 1070190
Qs4d 0.950095 1007463 9319.5 1070190
Qs4c 0.950085 1007430 9342 1070190
Qc4s 0.949809 1007070 9406 1070190
Qs4s 0.949728 1007070 9319.5 1070190
Qc3d 0.949259 1006482 9406 1070190
Qc3h 0.949259 1006482 9406 1070190
Qs3h 0.949179 1006482 9319.5 1070190
Qs3d 0.949179 1006482 9319.5 1070190
Qs3c 0.949166 1006446 9342 1070190
Qc3s 0.948889 1006086 9406 1070190
Qs3s 0.948809 1006086 9319.5 1070190
Qc2d 0.948343 1005501 9406 1070190
Qc2h 0.948343 1005501 9406 1070190
Qs2h 0.948262 1005501 9319.5 1070190
Qs2d 0.948262 1005501 9319.5 1070190
Qs2c 0.948247 1005462 9342 1070190
Qc2s 0.94797 1005102 9406 1070190
Qs2s 0.947889 1005102 9319.5 1070190
AhAd 0.887198 948932 538 1070190
AdAc 0.887071 948797 538 1070190
AhAc 0.887071 948797 538 1070190
AsAd 0.886738 948440 538 1070190
AsAh 0.886738 948440 538 1070190
AsAc 0.886612 948305 538 1070190
KhKd 0.864087 924203 534 1070190
KdKc 0.863955 924062 534 1070190
KhKc 0.863955 924062 534 1070190
KsKh 0.863624 923708 534 1070190
KsKd 0.863624 923708 534 1070190
KsKc 0.863492 923567 534 1070190
JhJd 0.837267 893727 2308 1070190
JhJc 0.837133 893583 2308 1070190
JdJc 0.837133 893583 2308 1070190
JsJh 0.836805 893232 2308 1070190
JsJd 0.836805 893232 2308 1070190
JsJc 0.83667 893088 2308 1070190
ThTd 0.811246 865745 2442 1070190
ThTc 0.811111 865601 2442 1070190
TdTc 0.811111 865601 2442 1070190
TsTd 0.810783 865250 2442 1070190
TsTh 0.810783 865250 2442 1070190
TsTc 0.810649 865106 2442 1070190
9h9d 0.784294 836816 2528 1070190
9d9c 0.784165 836678 2528 1070190
9h9c 0.784165 836678 2528 1070190
9s9h 0.783835 836324 2528 1070190
9s9d 0.783835 836324 2528 1070190
9s9c 0.783706 836186 2528 1070190
8h8d 0.756685 807231 2566 1070190
8h8c 0.756562 807099 2566 1070190
8d8c 0.756562 807099 2566 1070190
8s8d 0.756228 806742 2566 1070190
8s8h 0.756228 806742 2566 1070190
8s8c 0.756105 806610 2566 1070190
Ad5d 0.739581 777083 14409 1070190
Ah5h 0.739581 777083 14409 1070190
7h7d 0.728687 777278 2556 1070190
7h7c 0.72857 777152 2556 1070190
7d7c 0.72857 777152 2556 1070190
7s7d 0.728233 776792 2556 1070190
7s7h 0.728233 776792 2556 1070190
7s7c 0.728116 776666 2556 1070190
Ad5h 0.726452 762875 14566.5 1070190
Ah5d 0.726452 762875 14566.5 1070190
Ac5h 0.726347 762785 14544 1070190
Ac5d 0.726347 762785 14544 1070190
Ah5s 0.72601 762425 14544 1070190
Ad5s 0.72601 762425 14544 1070190
Ac5s 0.725905 762335 14521.5 1070190
As5d 0.725685 762077 14544 1070190
As5h 0.725685 762077 14544 1070190
As5s 0.725244 761627 14521.5 1070190
Kd5d 0.724237 756465 18606 1070190
Kh5h 0.724237 756465 18606 1070190
Jh5h 0.711055 739023 21941 1070190
Jd5d 0.711055 739023 21941 1070190
Kd5h 0.710791 741621 19060.5 1070190
Kh5d 0.710791 741621 19060.5 1070190
Kc5h 0.710686 741531 19038 1070190
Kc5d 0.710686 741531 19038 1070190
Kd5s 0.710417 741279 19002 1070190
Kh5s 0.710417 741279 19002 1070190
Kc5s 0.710312 741189 18979.5 1070190
Ks5h 0.710024 740823 19038 1070190
Ks5d 0.710024 740823 19038 1070190
Ks5s 0.70965 740481 18979.5 1070190
6h6d 0.701632 748382 2498 1070190
6d6c 0.701517 748259 2498 1070190
6h6c 0.701517 748259 2498 1070190
6s6h 0.701181 747899 2498 1070190
6s6d 0.701181 747899 2498 1070190
6s6c 0.701066 747776 2498 1070190
Th5h 0.699928 724730 24326 1070190
Td5d 0.699928 724730 24326 1070190
Jd5h 0.697436 723761 22628.5 1070190
Jh5d 0.697436 723761 22628.5 1070190
Jc5d 0.697331 723671 22606 1070190
Jc5h 0.697331 723671 22606 1070190
Jh5s 0.697115 723503 22542 1070190
Jd5s 0.697115 723503 22542 1070190
Jc5s 0.697009 723413 22519.5 1070190
Js5d 0.696675 722969 22606 1070190
Js5h 0.696675 722969 22606 1070190
Js5s 0.696353 722711 22519.5 1070190
9h5h 0.690591 713067 25997 1070190
9d5d 0.690591 713067 25997 1070190
Td5h 0.68617 709142 25190.5 1070190
Th5d 0.68617 709142 25190.5 1070190
Tc5h 0.686065 709052 25168 1070190
Tc5d 0.686065 709052 25168 1070190
Th5s 0.685888 708947 25083 1070190
Td5s 0.685888 708947 25083 1070190
Tc5s 0.685782 708857 25060.5 1070190
Ts5h 0.685409 708350 25168 1070190
Ts5d 0.685409 708350 25168 1070190
Ts5s 0.685126 708155 25060.5 1070190
8d5d 0.682823 703677 27073 1070190
8h5h 0.682823 703677 27073 1070190
9h5d 0.676758 697269 26990.5 1070190
9d5h 0.676758 697269 26990.5 1070190
9c5d 0.676653 697179 26968 1070190
9c5h 0.676653 697179 26968 1070190
9h5s 0.676503 697119 26868 1070190
9d5s 0.676503 697119 26868 1070190
7d5d 0.6764 696203 27673 1070190
7h5h 0.6764 696203 27673 1070190
9c5s 0.676398 697029 26845.5 1070190
9s5d 0.675997 696477 26968 1070190
9s5h 0.675997 696477 26968 1070190
9s5s 0.675742 696327 26845.5 1070190
6d5d 0.671402 690612 27916 1070190
6h5h 0.671402 690612 27916 1070190
8d5h 0.668962 687761 28155.5 1070190
8h5d 0.668962 687761 28155.5 1070190
8c5h 0.668857 687671 28133 1070190
8c5d 0.668857 687671 28133 1070190
8h5s 0.668726 687641 28023 1070190
8d5s 0.668726 687641 28023 1070190
8c5s 0.668621 687551 28000.5 1070190
8s5h 0.668201 686969 28133 1070190
8s5d 0.668201 686969 28133 1070190
8s5s 0.667965 686849 28000.5 1070190
7h5d 0.662545 680237 28812.5 1070190
7d5h 0.662545 680237 28812.5 1070190
7c5d 0.66244 680147 28790 1070190
7c5h 0.66244 680147 28790 1070190
7h5s 0.662321 680135 28674 1070190
7d5s 0.662321 680135 28674 1070190
7c5s 0.662216 680045 28651.5 1070190
7s5d 0.661784 679445 28790 1070190
7s5h 0.661784 679445 28790 1070190
7s5s 0.66156 679343 28651.5 1070190
6h5d 0.657624 674694 29088.5 1070190
6d5h 0.657624 674694 29088.5 1070190
6c5h 0.657519 674604 29066 1070190
6c5d 0.657519 674604 29066 1070190
6d5s 0.657405 674601 28947 1070190
6h5s 0.657405 674601 28947 1070190
6c5s 0.6573 674511 28924.5 1070190
6s5h 0.656868 673908 29066 1070190
6s5d 0.656868 673908 29066 1070190
6s5s 0.656649 673815 28924.5 1070190
AhKh 0.648159 677225 16428 1070190
AdKd 0.648159 677225 16428 1070190
AcKc 0.64653 675072 16837.5 1070190
5d4d 0.645956 662769 28526.5 1070190
5h4h 0.645956 662769 28526.5 1070190
5d3d 0.645457 662169 28593 1070190
5h3h 0.645457 662169 28593 1070190
5d2d 0.645155 661845 28593 1070190
5h2h 0.645155 661845 28593 1070190
AdJd 0.638724 666018 17538.5 1070190
AhJh 0.638724 666018 17538.5 1070190
AcJc 0.637214 664036 17904 1070190
5d4h 0.63114 645725 29715 1070190
5h4d 0.63114 645725 29715 1070190
5h4c 0.631098 645725 29669.5 1070190
5d4c 0.631098 645725 29669.5 1070190
5s4d 0.630986 645725 29549.5 1070190
5s4h 0.630986 645725 29549.5 1070190
5s4c 0.630943 645725 29504 1070190
AhKd 0.630704 657875 17098.5 1070190
AdKh 0.630704 657875 17098.5 1070190
AcKd 0.630595 657794 17062.5 1070190
AcKh 0.630595 657794 17062.5 1070190
5d3h 0.630585 645059 29787 1070190
5h3d 0.630585 645059 29787 1070190
AdKc 0.630561 657722 17098.5 1070190
AhKc 0.630561 657722 17098.5 1070190
5d3c 0.630543 645059 29742 1070190
5h3c 0.630543 645059 29742 1070190
5d4s 0.630447 645029 29669.5 1070190
5h4s 0.630447 645029 29669.5 1070190
5s3d 0.630431 645059 29622 1070190
5s3h 0.630431 645059 29622 1070190
5s3c 0.630389 645059 29577 1070190
5s4s 0.630293 645029 29504 1070190
5h2d 0.630232 644681 29787 1070190
5d2h 0.630232 644681 29787 1070190
5d2c 0.63019 644681 29742 1070190
5h2c 0.63019 644681 29742 1070190
5s2d 0.630078 644681 29622 1070190
5s2h 0.630078 644681 29622 1070190
AhTh 0.630074 656056 18243 1070190
AdTd 0.630074 656056 18243 1070190
5s2c 0.630036 644681 29577 1070190
5d3s 0.629887 644357 29742 1070190
5h3s 0.629887 644357 29742 1070190
AsKh 0.629877 657048 17040 1070190
AsKd 0.629877 657048 17040 1070190
AhKs 0.629842 656975 17076 1070190
AdKs 0.629842 656975 17076 1070190
AsKc 0.629734 656895 17040 1070190
AcKs 0.629733 656894 17040 1070190
5s3s 0.629733 644357 29577 1070190
5d2s 0.629528 643973 29742 1070190
5h2s 0.629528 643973 29742 1070190
5s2s 0.629374 643973 29577 1070190
AsKs 0.629015 656148 17017.5 1070190
AcTc 0.628672 654228 18570 1070190
AhJd 0.620988 646366 18209 1070190
AdJh 0.620988 646366 18209 1070190
AcJh 0.620867 646269 18177 1070190
AcJd 0.620867 646269 18177 1070190
AhJc 0.620845 646213 18209 1070190
AdJc 0.620845 646213 18209 1070190
AsJd 0.620187 645567 18150.5 1070190
AsJh 0.620187 645567 18150.5 1070190
AhJs 0.620131 645472 18186.5 1070190
AdJs 0.620131 645472 18186.5 1070190
AsJc 0.620044 645414 18150.5 1070190
AcJs 0.620011 645375 18154.5 1070190
AsJs 0.61933 644673 18128 1070190
Ad9d 0.614159 636813 20454 1070190
Ah9h 0.614159 636813 20454 1070190
Ac9c 0.612881 635151 20748 1070190
AhTd 0.612024 636068 18913.5 1070190
AdTh 0.612024 636068 18913.5 1070190
AcTd 0.611893 635957 18885 1070190
AcTh 0.611893 635957 18885 1070190
AhTc 0.611881 635915 18913.5 1070190
AdTc 0.611881 635915 18913.5 1070190
AsTd 0.611248 635297 18855 1070190
AsTh 0.611248 635297 18855 1070190
AhTs 0.611167 635174 18891 1070190
AdTs 0.611167 635174 18891 1070190
AsTc 0.611106 635144 18855 1070190
AcTs 0.611037 635063 18862.5 1070190
AsTs 0.610392 634403 18832.5 1070190
Ad8d 0.60529 625473 22302.5 1070190
Ah8h 0.60529 625473 22302.5 1070190
Ac8c 0.6041 623933 22569 1070190
Ad7d 0.597105 614871 24144.5 1070190
Ah7h 0.597105 614871 24144.5 1070190
Ac7c 0.595988 613431 24389 1070190
Ad9h 0.595351 615906 21232.5 1070190
Ah9d 0.595351 615906 21232.5 1070190
Ac9h 0.595212 615783 21207 1070190
Ac9d 0.595212 615783 21207 1070190
Ah9c 0.595208 615753 21232.5 1070190
Ad9c 0.595208 615753 21232.5 1070190
As9d 0.594609 615180 21165 1070190
As9h 0.594609 615180 21165 1070190
Ah9s 0.594497 615015 21210 1070190
Ad9s 0.594497 615015 21210 1070190
As9c 0.594466 615027 21165 1070190
Ac9s 0.594358 614892 21184.5 1070190
As9s 0.593756 614289 21142.5 1070190
Ah6h 0.590244 605871 25802 1070190
Ad6d 0.590244 605871 25802 1070190
Ac6c 0.589179 604503 26030 1070190
Ad8h 0.586123 604092 23171 1070190
Ah8d 0.586123 604092 23171 1070190
Ad8c 0.58598 603939 23171 1070190
Ah8c 0.58598 603939 23171 1070190
Ac8h 0.585977 603959 23148 1070190
Ac8d 0.585977 603959 23148 1070190
As8h 0.585412 603406 23096 1070190
As8d 0.585412 603406 23096 1070190
Ah8s 0.585269 603201 23148.5 1070190
Ad8s 0.585269 603201 23148.5 1070190
As8c 0.585269 603253 23096 1070190
Ac8s 0.585124 603068 23125.5 1070190
As8s 0.584558 602515 23073.5 1070190
Ad7h 0.577607 593040 25109 1070190
Ah7d 0.577607 593040 25109 1070190
Ad7c 0.577464 592887 25109 1070190
Ah7c 0.577464 592887 25109 1070190
Ac7h 0.577455 592899 25088 1070190
Ac7d 0.577455 592899 25088 1070190
Ad4d 0.577179 588509 29182 1070190
Ah4h 0.577179 588509 29182 1070190
As7d 0.576924 592392 25026 1070190
As7h 0.576924 592392 25026 1070190
As7c 0.576781 592239 25026 1070190
Ad7s 0.576753 592149 25086.5 1070190
Ah7s 0.576753 592149 25086.5 1070190
Ac7s 0.576602 592008 25065.5 1070190
Ac4c 0.576133 587193 29379 1070190
As7s 0.57607 591501 25003.5 1070190
Ah3h 0.575076 586259 29182 1070190
Ad3d 0.575076 586259 29182 1070190
KhJh 0.574507 594618 20213.5 1070190
KdJd 0.574507 594618 20213.5 1070190
Ac3c 0.574025 584937 29379 1070190
Ad2d 0.572974 584009 29182 1070190
Ah2h 0.572974 584009 29182 1070190
KcJc 0.57264 592036 20798 1070190
Ac2c 0.571917 582681 29379 1070190
Ad6h 0.57051 583698 26856.5 1070190
Ah6d 0.57051 583698 26856.5 1070190
Ah6c 0.570367 583545 26856.5 1070190
Ad6c 0.570367 583545 26856.5 1070190
Ac6d 0.570355 583551 26837 1070190
Ac6h 0.570355 583551 26837 1070190
As6d 0.569851 583083 26766 1070190
As6h 0.569851 583083 26766 1070190
As6c 0.569708 582930 26766 1070190
Ad6s 0.569662 582813 26834 1070190
Ah6s 0.569662 582813 26834 1070190
Ac6s 0.569507 582666 26814.5 1070190
As6s 0.569003 582198 26743.5 1070190
KdTd 0.565857 584656 20918 1070190
KhTh 0.565857 584656 20918 1070190
KcTc 0.564098 582228 21464 1070190
Ah4d 0.557489 566227 30392.5 1070190
Ad4h 0.557489 566227 30392.5 1070190
Ah4c 0.557426 566164 30388 1070190
Ad4c 0.557426 566164 30388 1070190
Ac4h 0.557343 566092 30370.5 1070190
Ac4d 0.557343 566092 30370.5 1070190
As4d 0.556859 565660 30284.5 1070190
As4h 0.556859 565660 30284.5 1070190
As4c 0.556796 565597 30280 1070190
Ah4s 0.556719 565430 30365.5 1070190
Ad4s 0.556719 565430 30365.5 1070190
Ac4s 0.556573 565295 30343.5 1070190
As4s 0.556089 564863 30257.5 1070190
Ah3d 0.555336 563923 30392.5 1070190
Ad3h 0.555336 563923 30392.5 1070190
Ah3c 0.555273 563860 30388 1070190
Ad3c 0.555273 563860 30388 1070190
Ac3d 0.55519 563788 30370.5 1070190
Ac3h 0.55519 563788 30370.5 1070190
As3d 0.554706 563356 30284.5 1070190
As3h 0.554706 563356 30284.5 1070190
As3c 0.554643 563293 30280 1070190
Ad3s 0.554561 563120 30365.5 1070190
Ah3s 0.554561 563120 30365.5 1070190
Ac3s 0.554414 562985 30343.5 1070190
As3s 0.55393 562553 30257.5 1070190
KdJh 0.553642 571399 21103 1070190
KhJd 0.553642 571399 21103 1070190
KcJh 0.553525 571302 21075 1070190
KcJd 0.553525 571302 21075 1070190
KdJc 0.553503 571254 21099 1070190
KhJc 0.553503 571254 21099 1070190
Ah2d 0.553184 561619 30392.5 1070190
Ad2h 0.553184 561619 30392.5 1070190
Ah2c 0.55312 561556 30388 1070190
Ad2c 0.55312 561556 30388 1070190
Ac2h 0.553037 561484 30370.5 1070190
Ac2d 0.553037 561484 30370.5 1070190
KsJd 0.552842 570597 21048.5 1070190
KsJh 0.552842 570597 21048.5 1070190
KhJs 0.55282 570546 21076.5 1070190
KdJs 0.55282 570546 21076.5 1070190
KcJs 0.552703 570449 21048.5 1070190
KsJc 0.552702 570452 21044.5 1070190
As2h 0.552553 561052 30284.5 1070190
As2d 0.552553 561052 30284.5 1070190
As2c 0.55249 560989 30280 1070190
Ah2s 0.552402 560810 30365.5 1070190
Ad2s 0.552402 560810 30365.5 1070190
Ac2s 0.552256 560675 30343.5 1070190
KsJs 0.55202 569744 21022 1070190
As2s 0.551772 560243 30257.5 1070190
Kd9d 0.550441 566481 22595 1070190
Kh9h 0.550441 566481 22595 1070190
Kc9c 0.548806 564219 23108 1070190
KhTd 0.544678 561101 21807.5 1070190
KdTh 0.544678 561101 21807.5 1070190
KcTh 0.544551 560990 21783 1070190
KcTd 0.544551 560990 21783 1070190
KhTc 0.544538 560956 21803.5 1070190
KdTc 0.544538 560956 21803.5 1070190
KsTh 0.543903 560327 21753 1070190
KsTd 0.543903 560327 21753 1070190
KhTs 0.543856 560248 21781 1070190
KdTs 0.543856 560248 21781 1070190
KsTc 0.543764 560182 21749 1070190
KcTs 0.543729 560137 21756.5 1070190
KsTs 0.543082 559474 21726.5 1070190
Kh8h 0.533452 546007 24888.5 1070190
Kd8d 0.533452 546007 24888.5 1070190
Kc8c 0.531934 543896 25374 1070190
Kd9h 0.528537 542079 23556.5 1070190
Kh9d 0.528537 542079 23556.5 1070190
Kc9d 0.528402 541956 23535 1070190
Kc9h 0.528402 541956 23535 1070190
Kh9c 0.528398 541934 23552.5 1070190
Kd9c 0.528398 541934 23552.5 1070190
Ks9d 0.527795 541345 23496 1070190
Ks9h 0.527795 541345 23496 1070190
Kd9s 0.527718 541228 23530 1070190
Kh9s 0.527718 541228 23530 1070190
Ks9c 0.527656 541200 23492 1070190
Kc9s 0.527582 541105 23508.5 1070190
Ks9s 0.526975 540494 23469.5 1070190
4h4d 0.526253 542585 20605.5 1070190
4d4c 0.526243 542597 20582.5 1070190
4h4c 0.526243 542597 20582.5 1070190
4s4d 0.525906 542237 20582.5 1070190
4s4h 0.525906 542237 20582.5 1070190
4s4c 0.525896 542249 20559.5 1070190
Kh7h 0.525267 535405 26730.5 1070190
Kd7d 0.525267 535405 26730.5 1070190
Kc7c 0.523821 533394 27194 1070190
Kd6d 0.518406 526405 28388 1070190
Kh6h 0.518406 526405 28388 1070190
Kc6c 0.517012 524466 28835 1070190
JhTh 0.511857 524922 22862.5 1070190
JdTd 0.511857 524922 22862.5 1070190
Kh8d 0.510714 520591 25970 1070190
Kd8h 0.510714 520591 25970 1070190
Kh8c 0.510575 520446 25966 1070190
Kd8c 0.510575 520446 25966 1070190
Kc8d 0.510572 520458 25951 1070190
Kc8h 0.510572 520458 25951 1070190
Ks8d 0.510004 519902 25899.5 1070190
Ks8h 0.510004 519902 25899.5 1070190
Kh8s 0.509898 519744 25943.5 1070190
Kd8s 0.509898 519744 25943.5 1070190
Ks8c 0.509865 519757 25895.5 1070190
Kc8s 0.509756 519611 25924.5 1070190
JcTc 0.50973 521927 23580.5 1070190
Ks8s 0.509188 519055 25873 1070190
3h3d 0.502773 517355 20707.5 1070190
3h3c 0.50276 517364 20685 1070190
3d3c 0.50276 517364 20685 1070190
3s3h 0.502424 517004 20685 1070190
3s3d 0.502424 517004 20685 1070190
3s3c 0.502411 517013 20662.5 1070190
Kd7h 0.502198 509539 27908 1070190
Kh7d 0.502198 509539 27908 1070190
Kd7c 0.502059 509394 27904 1070190
Kh7c 0.502059 509394 27904 1070190
Kc7h 0.50205 509398 27891 1070190
Kc7d 0.50205 509398 27891 1070190
Ks7h 0.501516 508888 27829.5 1070190
Ks7d 0.501516 508888 27829.5 1070190
Kd7s 0.501382 508692 27881.5 1070190
Kh7s 0.501382 508692 27881.5 1070190
Ks7c 0.501377 508743 27825.5 1070190
Kc7s 0.501234 508551 27864.5 1070190
Ks7s 0.5007 508041 27803 1070190
Kd4d 0.49632 499495 31662 1070190
Kh4h 0.49632 499495 31662 1070190
Jh9h 0.496219 506509 24539.5 1070190
Jd9d 0.496219 506509 24539.5 1070190
Kh6d 0.495101 500197 29655.5 1070190
Kd6h 0.495101 500197 29655.5 1070190
Kh6c 0.494962 500052 29651.5 1070190
Kd6c 0.494962 500052 29651.5 1070190
Kc6d 0.494949 500050 29640 1070190
Kc6h 0.494949 500050 29640 1070190
Kc4c 0.494943 497606 32077 1070190
Ks6d 0.494444 499579 29569.5 1070190
Ks6h 0.494444 499579 29569.5 1070190
Ks6c 0.494304 499434 29565.5 1070190
Kh6s 0.494291 499356 29629 1070190
Kd6s 0.494291 499356 29629 1070190
Kh3h 0.494218 497245 31662 1070190
Kd3d 0.494218 497245 31662 1070190
Jc9c 0.494216 503680 25224.5 1070190
Kc6s 0.494139 499209 29613.5 1070190
Ks6s 0.493633 498738 29543 1070190
Kc3c 0.492835 495350 32077 1070190
Kh2h 0.492115 494995 31662 1070190
Kd2d 0.492115 494995 31662 1070190
Kc2c 0.490727 493094 32077 1070190
JdTh 0.488184 498531 23918.5 1070190
JhTd 0.488184 498531 23918.5 1070190
JcTd 0.48806 498420 23897 1070190
JcTh 0.48806 498420 23897 1070190
JhTc 0.488047 498392 23911 1070190
JdTc 0.488047 498392 23911 1070190
JsTd 0.487415 497759 23867.5 1070190
JsTh 0.487415 497759 23867.5 1070190
JdTs 0.487395 497717 23888.5 1070190
JhTs 0.487395 497717 23888.5 1070190
JsTc 0.487278 497620 23860 1070190
JcTs 0.487271 497606 23867 1070190
JsTs 0.486626 496945 23837.5 1070190
2h2d 0.479826 492773 20731.5 1070190
2h2c 0.47981 492779 20709 1070190
2d2c 0.47981 492779 20709 1070190
Jd8d 0.479647 486925 26388 1070190
Jh8h 0.479647 486925 26388 1070190
2s2d 0.479474 492419 20709 1070190
2s2h 0.479474 492419 20709 1070190
2s2c 0.479458 492425 20686.5 1070190
Jc8c 0.477759 484247 27045.5 1070190
Kd4h 0.472571 472657 33083.5 1070190
Kh4d 0.472571 472657 33083.5 1070190
Kd4c 0.472519 472610 33075.5 1070190
Kh4c 0.472519 472610 33075.5 1070190
Kc4h 0.472428 472522 33066 1070190
Kc4d 0.472428 472522 33066 1070190
Ks4d 0.47195 472096 32980.5 1070190
Ks4h 0.47195 472096 32980.5 1070190
Ks4c 0.471899 472049 32972.5 1070190
Kd4s 0.471847 471913 33053 1070190
Kh4s 0.471847 471913 33053 1070190
Jh9d 0.471807 479256 25667.5 1070190
Jd9h 0.471807 479256 25667.5 1070190
Kc4s 0.471705 471778 33035.5 1070190
Jc9h 0.471675 479133 25649 1070190
Jc9d 0.471675 479133 25649 1070190
Jh9c 0.47167 479117 25660 1070190
Jd9c 0.47167 479117 25660 1070190
Ks4s 0.471227 471352 32950 1070190
Js9d 0.47107 478524 25610.5 1070190
Js9h 0.47107 478524 25610.5 1070190
Jh9s 0.471021 478444 25637.5 1070190
Jd9s 0.471021 478444 25637.5 1070190
Js9c 0.470933 478385 25603 1070190
Jc9s 0.470888 478321 25619 1070190
Kh3d 0.470418 470353 33083.5 1070190
Kd3h 0.470418 470353 33083.5 1070190
Kh3c 0.470366 470306 33075.5 1070190
Kd3c 0.470366 470306 33075.5 1070190
Js9s 0.470283 477712 25580.5 1070190
Kc3h 0.470275 470218 33066 1070190
Kc3d 0.470275 470218 33066 1070190
Ks3d 0.469797 469792 32980.5 1070190
Ks3h 0.469797 469792 32980.5 1070190
Ks3c 0.469746 469745 32972.5 1070190
Kh3s 0.469689 469603 33053 1070190
Kd3s 0.469689 469603 33053 1070190
Kc3s 0.469546 469468 33035.5 1070190
Ks3s 0.469068 469042 32950 1070190
Kd2h 0.468265 468049 33083.5 1070190
Kh2d 0.468265 468049 33083.5 1070190
Kh2c 0.468214 468002 33075.5 1070190
Kd2c 0.468214 468002 33075.5 1070190
Kc2d 0.468122 467914 33066 1070190
Kc2h 0.468122 467914 33066 1070190
Ks2h 0.467645 467488 32980.5 1070190
Ks2d 0.467645 467488 32980.5 1070190
Ks2c 0.467593 467441 32972.5 1070190
Kh2s 0.46753 467293 33053 1070190
Kd2s 0.46753 467293 33053 1070190
Kc2s 0.467388 467158 33035.5 1070190
Ks2s 0.46691 466732 32950 1070190
Jd7d 0.462141 465993 28586 1070190
Jh7h 0.462141 465993 28586 1070190
Jc7c 0.460359 463450 29221.5 1070190
Jh6h 0.45528 456993 30243.5 1070190
Jd6d 0.45528 456993 30243.5 1070190
Jh8d 0.454428 458718 27606 1070190
Jd8h 0.454428 458718 27606 1070190
Jd8c 0.454291 458579 27598.5 1070190
Jh8c 0.454291 458579 27598.5 1070190
Jc8h 0.454288 458585 27590 1070190
Jc8d 0.454288 458585 27590 1070190
Js8d 0.453722 458027 27541.5 1070190
Js8h 0.453722 458027 27541.5 1070190
Jh8s 0.453644 457909 27576 1070190
Jd8s 0.453644 457909 27576 1070190
Js8c 0.453585 457888 27534 1070190
Jc6c 0.45355 454522 30862.5 1070190
Jc8s 0.453505 457776 27560 1070190
Js8s 0.452938 457218 27511.5 1070190
Td9d 0.441524 446656 25859 1070190
Th9h 0.441524 446656 25859 1070190
Tc9c 0.439537 443712 26676.5 1070190
Jh7d 0.436045 436727 29924 1070190
Jd7h 0.436045 436727 29924 1070190
Jh7c 0.435908 436588 29916.5 1070190
Jd7c 0.435908 436588 29916.5 1070190
Jc7h 0.4359 436586 29910 1070190
Jc7d 0.4359 436586 29910 1070190
Js7d 0.43537 436079 29849.5 1070190
Js7h 0.43537 436079 29849.5 1070190
Jh7s 0.435265 435922 29894 1070190
Jd7s 0.435265 435922 29894 1070190
Js7c 0.435233 435940 29842 1070190
Jc7s 0.43512 435781 29880 1070190
Js7s 0.43459 435274 29819.5 1070190
Jh4h 0.432314 429247 33411.5 1070190
Jd4d 0.432314 429247 33411.5 1070190
Jc4c 0.43062 426848 33997.5 1070190
Jh3h 0.430212 426997 33411.5 1070190
Jd3d 0.430212 426997 33411.5 1070190
Jh6d 0.428949 427385 31671.5 1070190
Jd6h 0.428949 427385 31671.5 1070190
Jd6c 0.428812 427246 31664 1070190
Jh6c 0.428812 427246 31664 1070190
Jc6h 0.4288 427238 31659 1070190
Jc6d 0.4288 427238 31659 1070190
Jc3c 0.428512 424592 33997.5 1070190
Js6h 0.428297 426770 31589.5 1070190
Js6d 0.428297 426770 31589.5 1070190
Jh6s 0.428174 426586 31641.5 1070190
Jd6s 0.428174 426586 31641.5 1070190
Js6c 0.42816 426631 31582 1070190
Jh2h 0.428109 424747 33411.5 1070190
Jd2d 0.428109 424747 33411.5 1070190
Jc6s 0.428025 426439 31629 1070190
Js6s 0.427523 425971 31559.5 1070190
Jc2c 0.426404 422336 33997.5 1070190
Th8h 0.424952 427072 27707.5 1070190
Td8d 0.424952 427072 27707.5 1070190
Tc8c 0.42308 424279 28497.5 1070190
Th9d 0.414514 416500 27108.5 1070190
Td9h 0.414514 416500 27108.5 1070190
Tc9d 0.414383 416377 27092 1070190
Tc9h 0.414383 416377 27092 1070190
Td9c 0.414378 416365 27098 1070190
Th9c 0.414378 416365 27098 1070190
Ts9h 0.413779 415768 27054.5 1070190
Ts9d 0.413779 415768 27054.5 1070190
Td9s 0.413762 415728 27075.5 1070190
Th9s 0.413762 415728 27075.5 1070190
Ts9c 0.413643 415633 27044 1070190
Tc9s 0.413631 415605 27059 1070190
Ts9s 0.413027 414996 27021.5 1070190
Td7d 0.407447 406140 29905.5 1070190
Th7h 0.407447 406140 29905.5 1070190
Tc7c 0.405681 403482 30673.5 1070190
Jh4d 0.40555 399024 34991.5 1070190
Jd4h 0.40555 399024 34991.5 1070190
Jh4c 0.405508 398990 34980.5 1070190
Jd4c 0.405508 398990 34980.5 1070190
Jc4h 0.405411 398889 34977.5 1070190
Jc4d 0.405411 398889 34977.5 1070190
Js4d 0.404937 398466 34893 1070190
Js4h 0.404937 398466 34893 1070190
Js4c 0.404894 398432 34882 1070190
Jh4s 0.404869 398329 34958 1070190
Jd4s 0.404869 398329 34958 1070190
Jc4s 0.40473 398194 34944 1070190
Js4s 0.404256 397771 34859.5 1070190
Jh3d 0.403397 396720 34991.5 1070190
Jd3h 0.403397 396720 34991.5 1070190
Jh3c 0.403355 396686 34980.5 1070190
Jd3c 0.403355 396686 34980.5 1070190
Jc3d 0.403258 396585 34977.5 1070190
Jc3h 0.403258 396585 34977.5 1070190
Js3h 0.402784 396162 34893 1070190
Js3d 0.402784 396162 34893 1070190
Js3c 0.402742 396128 34882 1070190
Jd3s 0.402711 396019 34958 1070190
Jh3s 0.402711 396019 34958 1070190
Jc3s 0.402572 395884 34944 1070190
Js3s 0.402097 395461 34859.5 1070190
Jh2d 0.401244 394416 34991.5 1070190
Jd2h 0.401244 394416 34991.5 1070190
Jh2c 0.401202 394382 34980.5 1070190
Jd2c 0.401202 394382 34980.5 1070190
Jc2h 0.401105 394281 34977.5 1070190
Jc2d 0.401105 394281 34977.5 1070190
Js2h 0.400631 393858 34893 1070190
Js2d 0.400631 393858 34893 1070190
Js2c 0.400589 393824 34882 1070190
Td6d 0.400586 397140 31563 1070190
Th6h 0.400586 397140 31563 1070190
Jh2s 0.400552 393709 34958 1070190
Jd2s 0.400552 393709 34958 1070190
Jc2s 0.400413 393574 34944 1070190
Js2s 0.399939 393151 34859.5 1070190
Tc6c 0.398872 394554 32314.5 1070190
Td8h 0.397134 395962 29047 1070190
Th8d 0.397134 395962 29047 1070190
Td8c 0.396998 395827 29036.5 1070190
Th8c 0.396998 395827 29036.5 1070190
Tc8h 0.396997 395829 29033 1070190
Tc8d 0.396997 395829 29033 1070190
Ts8h 0.396431 395271 28985.5 1070190
Ts8d 0.396431 395271 28985.5 1070190
Td8s 0.396385 395193 29014 1070190
Th8s 0.396385 395193 29014 1070190
Ts8c 0.396295 395136 28975 1070190
Tc8s 0.396247 395060 29000 1070190
Ts8s 0.395682 394502 28952.5 1070190
9d8d 0.391283 390431 28316 1070190
9h8h 0.391283 390431 28316 1070190
9c8c 0.389582 387720 29206.5 1070190
Th7d 0.378751 373971 31365 1070190
Td7h 0.378751 373971 31365 1070190
Td7c 0.378615 373836 31354.5 1070190
Th7c 0.378615 373836 31354.5 1070190
Tc7h 0.378608 373830 31353 1070190
Tc7d 0.378608 373830 31353 1070190
Ts7d 0.378079 373323 31293.5 1070190
Ts7h 0.378079 373323 31293.5 1070190
Td7s 0.378006 373206 31332 1070190
Th7s 0.378006 373206 31332 1070190
Ts7c 0.377943 373188 31283 1070190
Tc7s 0.377863 373065 31320 1070190
Ts7s 0.377333 372558 31260.5 1070190
Td4d 0.376873 368701 34625 1070190
Th4h 0.376873 368701 34625 1070190
Tc4c 0.375214 366208 35342.5 1070190
Th3h 0.374771 366451 34625 1070190
Td3d 0.374771 366451 34625 1070190
9d7d 0.373778 369500 30514 1070190
9h7h 0.373778 369500 30514 1070190
Tc3c 0.373106 363952 35342.5 1070190
Th2h 0.372668 364201 34625 1070190
Td2d 0.372668 364201 34625 1070190
9c7c 0.372181 366922 31382.5 1070190
Td6h 0.371655 364629 33112.5 1070190
Th6d 0.371655 364629 33112.5 1070190
Th6c 0.371519 364494 33102 1070190
Td6c 0.371519 364494 33102 1070190
Tc6h 0.371508 364482 33102 1070190
Tc6d 0.371508 364482 33102 1070190
Ts6d 0.371007 364014 33033.5 1070190
Ts6h 0.371007 364014 33033.5 1070190
Tc2c 0.370998 361696 35342.5 1070190
Td6s 0.370915 363870 33079.5 1070190
Th6s 0.370915 363870 33079.5 1070190
Ts6c 0.370871 363879 33023 1070190
Tc6s 0.370768 363723 33069 1070190
Ts6s 0.370266 363255 33000.5 1070190
9h6h 0.367167 361034 31904.5 1070190
9d6d 0.367167 361034 31904.5 1070190
9c6c 0.365622 358528 32756.5 1070190
9d8h 0.362117 357806 29727.5 1070190
9h8d 0.362117 357806 29727.5 1070190
9h8c 0.36198 357673 29714.5 1070190
9c8h 0.36198 357673 29714.5 1070190
9d8c 0.36198 357673 29714.5 1070190
9c8d 0.36198 357673 29714.5 1070190
9s8d 0.361414 357112 29669.5 1070190
9s8h 0.361414 357112 29669.5 1070190
9d8s 0.361394 357068 29692 1070190
9h8s 0.361394 357068 29692 1070190
9s8c 0.361277 356979 29656.5 1070190
9c8s 0.361257 356935 29679 1070190
9s8s 0.360691 356374 29634 1070190
8h7h 0.348801 342873 30410 1070190
8d7d 0.348801 342873 30410 1070190
Th4d 0.347522 335590 36324.5 1070190
Td4h 0.347522 335590 36324.5 1070190
Td4c 0.347487 335566 36311 1070190
Th4c 0.347487 335566 36311 1070190
8c7c 0.347443 340475 31354.5 1070190
Tc4h 0.347385 335455 36313 1070190
Tc4d 0.347385 335455 36313 1070190
Ts4d 0.346912 335032 36229.5 1070190
Ts4h 0.346912 335032 36229.5 1070190
Td4s 0.346882 334941 36288.5 1070190
Th4s 0.346882 334941 36288.5 1070190
Ts4c 0.346877 335008 36216 1070190
Tc4s 0.346745 334806 36277 1070190
Ts4s 0.346272 334383 36193.5 1070190
Th3d 0.345369 333286 36324.5 1070190
Td3h 0.345369 333286 36324.5 1070190
Th3c 0.345334 333262 36311 1070190
Td3c 0.345334 333262 36311 1070190
Tc3d 0.345232 333151 36313 1070190
Tc3h 0.345232 333151 36313 1070190
Ts3h 0.344759 332728 36229.5 1070190
Ts3d 0.344759 332728 36229.5 1070190
Ts3c 0.344724 332704 36216 1070190
Th3s 0.344723 332631 36288.5 1070190
Td3s 0.344723 332631 36288.5 1070190
Tc3s 0.344586 332496 36277 1070190
Ts3s 0.344113 332073 36193.5 1070190
9h7d 0.343734 335815 32045.5 1070190
9d7h 0.343734 335815 32045.5 1070190
9h7c 0.343597 335682 32032.5 1070190
9d7c 0.343597 335682 32032.5 1070190
9c7d 0.343592 335674 32034.5 1070190
9c7h 0.343592 335674 32034.5 1070190
Th2d 0.343216 330982 36324.5 1070190
Td2h 0.343216 330982 36324.5 1070190
Td2c 0.343181 330958 36311 1070190
Th2c 0.343181 330958 36311 1070190
Tc2h 0.343079 330847 36313 1070190
Tc2d 0.343079 330847 36313 1070190
9s7h 0.343062 335164 31977.5 1070190
9s7d 0.343062 335164 31977.5 1070190
9d7s 0.343015 335081 32010 1070190
9h7s 0.343015 335081 32010 1070190
9s7c 0.342926 335031 31964.5 1070190
9c7s 0.342873 334940 31999 1070190
Ts2h 0.342606 330424 36229.5 1070190
Ts2d 0.342606 330424 36229.5 1070190
Ts2c 0.342571 330400 36216 1070190
Td2s 0.342565 330321 36288.5 1070190
Th2s 0.342565 330321 36288.5 1070190
Tc2s 0.342428 330186 36277 1070190
9s7s 0.342343 334430 31942 1070190
8d6d 0.341967 334169 31800.5 1070190
8h6h 0.341967 334169 31800.5 1070190
Ts2s 0.341955 329763 36193.5 1070190
8c6c 0.34066 331842 32728.5 1070190
9h6d 0.336904 327043 33508 1070190
9d6h 0.336904 327043 33508 1070190
9h6c 0.336767 326910 33495 1070190
9d6c 0.336767 326910 33495 1070190
9c6d 0.336757 326896 33498.5 1070190
9c6h 0.336757 326896 33498.5 1070190
9s6d 0.336254 326422 33434 1070190
9s6h 0.336254 326422 33434 1070190
9d6s 0.33619 326315 33472.5 1070190
9h6s 0.33619 326315 33472.5 1070190
9s6c 0.336118 326289 33421 1070190
9c6s 0.336044 326168 33463 1070190
9s6s 0.335541 325694 33398.5 1070190
9d4d 0.331166 319372 35038.5 1070190
9h4h 0.331166 319372 35038.5 1070190
9c4c 0.329649 316932 35855.5 1070190
9d3d 0.329064 317122 35038.5 1070190
9h3h 0.329064 317122 35038.5 1070190
9c3c 0.327541 314676 35855.5 1070190
9d2d 0.326961 314872 35038.5 1070190
9h2h 0.326961 314872 35038.5 1070190
9c2c 0.325433 312420 35855.5 1070190
7d6d 0.324381 316256 30893.5 1070190
7h6h 0.324381 316256 30893.5 1070190
7c6c 0.323346 314161 31880.5 1070190
8h7d 0.317874 308220 31965.5 1070190
8d7h 0.317874 308220 31965.5 1070190
8h7c 0.317736 308087 31950.5 1070190
8d7c 0.317736 308087 31950.5 1070190
8c7h 0.317732 308079 31954.5 1070190
8c7d 0.317732 308079 31954.5 1070190
8s7d 0.317203 307565 31902 1070190
8s7h 0.317203 307565 31902 1070190
8h7s 0.31718 307515 31928 1070190
8d7s 0.31718 307515 31928 1070190
8s7c 0.317064 307432 31887 1070190
8c7s 0.317038 307374 31917 1070190
8s7s 0.316509 306860 31864.5 1070190
8d6h 0.310807 299195 33428 1070190
8h6d 0.310807 299195 33428 1070190
8h6c 0.310669 299062 33413 1070190
8d6c 0.310669 299062 33413 1070190
8c6h 0.310661 299048 33418.5 1070190
8c6d 0.310661 299048 33418.5 1070190
8s6d 0.310158 298570 33358.5 1070190
8s6h 0.310158 298570 33358.5 1070190
8d6s 0.310119 298496 33390.5 1070190
8h6s 0.310119 298496 33390.5 1070190
8s6c 0.31002 298437 33343.5 1070190
8c6s 0.309973 298349 33381 1070190
8s6s 0.30947 297871 33321 1070190
8h4h 0.305653 292456 34650.5 1070190
8d4d 0.305653 292456 34650.5 1070190
8c4c 0.304391 290214 35542.5 1070190
9d4h 0.299761 283999 36802 1070190
9h4d 0.299761 283999 36802 1070190
9d4c 0.29973 283982 36786.5 1070190
9h4c 0.29973 283982 36786.5 1070190
9c4h 0.299625 283864 36792 1070190
9c4d 0.299625 283864 36792 1070190
9d4s 0.299159 283393 36764 1070190
9h4s 0.299159 283393 36764 1070190
9s4h 0.299155 283441 36711.5 1070190
9s4d 0.299155 283441 36711.5 1070190
9s4c 0.299124 283424 36696 1070190
9c4s 0.299024 283258 36754 1070190
9s4s 0.298553 282835 36673.5 1070190
9h3d 0.297608 281695 36802 1070190
9d3h 0.297608 281695 36802 1070190
9d3c 0.297578 281678 36786.5 1070190
9h3c 0.297578 281678 36786.5 1070190
9c3h 0.297472 281560 36792 1070190
9c3d 0.297472 281560 36792 1070190
9s3h 0.297002 281137 36711.5 1070190
9s3d 0.297002 281137 36711.5 1070190
9h3s 0.297001 281083 36764 1070190
9d3s 0.297001 281083 36764 1070190
9s3c 0.296972 281120 36696 1070190
9c3s 0.296865 280948 36754 1070190
9s3s 0.296395 280525 36673.5 1070190
9d2h 0.295455 279391 36802 1070190
9h2d 0.295455 279391 36802 1070190
9h2c 0.295425 279374 36786.5 1070190
9d2c 0.295425 279374 36786.5 1070190
9c2h 0.29532 279256 36792 1070190
9c2d 0.29532 279256 36792 1070190
9s2d 0.294849 278833 36711.5 1070190
9s2h 0.294849 278833 36711.5 1070190
9d2s 0.294842 278773 36764 1070190
9h2s 0.294842 278773 36764 1070190
9s2c 0.294819 278816 36696 1070190
9c2s 0.294707 278638 36754 1070190
9s2s 0.294236 278215 36673.5 1070190
7d6h 0.292716 280769 32492.5 1070190
7h6d 0.292716 280769 32492.5 1070190
7h6c 0.292574 280634 32476 1070190
7d6c 0.292574 280634 32476 1070190
7c6h 0.292569 280622 32482 1070190
7c6d 0.292569 280622 32482 1070190
7s6h 0.292068 280139 32429.5 1070190
7s6d 0.292068 280139 32429.5 1070190
7h6s 0.29205 280096 32453.5 1070190
7d6s 0.29205 280096 32453.5 1070190
7s6c 0.291927 280004 32413 1070190
7c6s 0.291903 279949 32443 1070190
7s6s 0.291403 279466 32390.5 1070190
8h3h 0.291347 277057 34739.5 1070190
8d3d 0.291347 277057 34739.5 1070190
8c3c 0.290034 274760 35631.5 1070190
8d2d 0.289244 274807 34739.5 1070190
8h2h 0.289244 274807 34739.5 1070190
7h4h 0.288027 274695 33548.5 1070190
7d4d 0.288027 274695 33548.5 1070190
8c2c 0.287926 272504 35631.5 1070190
7c4c 0.287053 272703 34498.5 1070190
6h4h 0.277041 264578 31909 1070190
6d4d 0.277041 264578 31909 1070190
6c4c 0.276352 262842 32907.5 1070190
7d3d 0.273721 259296 33637.5 1070190
7h3h 0.273721 259296 33637.5 1070190
8h4d 0.273375 256139 36424 1070190
8d4h 0.273375 256139 36424 1070190
8h4c 0.273347 256126 36407 1070190
8d4c 0.273347 256126 36407 1070190
8c4h 0.27324 256004 36414.5 1070190
8c4d 0.27324 256004 36414.5 1070190
8d4s 0.272802 255565 36384.5 1070190
8h4s 0.272802 255565 36384.5 1070190
8s4h 0.27277 255576 36339.5 1070190
8s4d 0.27277 255576 36339.5 1070190
8s4c 0.272742 255563 36322.5 1070190
7c3c 0.272696 257249 34587.5 1070190
8c4s 0.272667 255430 36375 1070190
8s4s 0.272197 255002 36300 1070190
6d3d 0.262736 249179 31998 1070190
6h3h 0.262736 249179 31998 1070190
6c3c 0.261995 247388 32996.5 1070190
7h2h 0.25886 243481 33548.5 1070190
7d2d 0.25886 243481 33548.5 1070190
8h3d 0.258251 239859 36519 1070190
8d3h 0.258251 239859 36519 1070190
8h3c 0.258223 239846 36502 1070190
8d3c 0.258223 239846 36502 1070190
8c3h 0.258116 239724 36509.5 1070190
8c3d 0.258116 239724 36509.5 1070190
7c2c 0.257783 241378 34498.5 1070190
8h3s 0.25768 239287 36479.5 1070190
8d3s 0.25768 239287 36479.5 1070190
8s3h 0.257651 239301 36434 1070190
8s3d 0.257651 239301 36434 1070190
8s3c 0.257622 239288 36417 1070190
8c3s 0.257545 239152 36470 1070190
8s3s 0.257079 238729 36394.5 1070190
8h2d 0.256098 237555 36519 1070190
8d2h 0.256098 237555 36519 1070190
8h2c 0.25607 237542 36502 1070190
8d2c 0.25607 237542 36502 1070190
8c2h 0.255963 237420 36509.5 1070190
8c2d 0.255963 237420 36509.5 1070190
8d2s 0.255521 236977 36479.5 1070190
8h2s 0.255521 236977 36479.5 1070190
8s2h 0.255498 236997 36434 1070190
8s2d 0.255498 236997 36434 1070190
8s2c 0.25547 236984 36417 1070190
8c2s 0.255386 236842 36470 1070190
7h4d 0.255275 237907 35285.5 1070190
7d4h 0.255275 237907 35285.5 1070190
7h4c 0.255247 237895 35267.5 1070190
7d4c 0.255247 237895 35267.5 1070190
7c4h 0.255139 237772 35275.5 1070190
7c4d 0.255139 237772 35275.5 1070190
8s2s 0.254921 236419 36394.5 1070190
7d4s 0.254728 237362 35245 1070190
7h4s 0.254728 237362 35245 1070190
7s4d 0.254671 237338 35208.5 1070190
7s4h 0.254671 237338 35208.5 1070190
7s4c 0.254643 237326 35190.5 1070190
7c4s 0.254592 237227 35235 1070190
7s4s 0.254124 236793 35168 1070190
6d2d 0.247875 233364 31909 1070190
6h2h 0.247875 233364 31909 1070190
6c2c 0.247082 231517 32907.5 1070190
6h4d 0.244159 227720 33576.5 1070190
6d4h 0.244159 227720 33576.5 1070190
6h4c 0.244129 227706 33558 1070190
6d4c 0.244129 227706 33558 1070190
6c4d 0.244022 227585 33565 1070190
6c4h 0.244022 227585 33565 1070190
6d4s 0.243636 227201 33535.5 1070190
6h4s 0.243636 227201 33535.5 1070190
6s4d 0.24356 227148 33508 1070190
6s4h 0.24356 227148 33508 1070190
6s4c 0.24353 227134 33489.5 1070190
6c4s 0.243499 227066 33524 1070190
6s4s 0.243037 226629 33467 1070190
7d3h 0.240151 221627 35380.5 1070190
7h3d 0.240151 221627 35380.5 1070190
7d3c 0.240123 221615 35362.5 1070190
7h3c 0.240123 221615 35362.5 1070190
7c3d 0.240016 221492 35370.5 1070190
7c3h 0.240016 221492 35370.5 1070190
7h3s 0.239605 221083 35340 1070190
7d3s 0.239605 221083 35340 1070190
7s3d 0.239553 221064 35303 1070190
7s3h 0.239553 221064 35303 1070190
7s3c 0.239525 221052 35285 1070190
7c3s 0.23947 220948 35330 1070190
7s3s 0.239007 220520 35262.5 1070190
4d3d 0.2357 219952 32292 1070190
4h3h 0.2357 219952 32292 1070190
4c3c 0.235381 218619 33283 1070190
6d3h 0.229035 211440 33671.5 1070190
6h3d 0.229035 211440 33671.5 1070190
6d3c 0.229005 211426 33653 1070190
6h3c 0.229005 211426 33653 1070190
6c3h 0.228899 211305 33660 1070190
6c3d 0.228899 211305 33660 1070190
6d3s 0.228513 210922 33630.5 1070190
6h3s 0.228513 210922 33630.5 1070190
6s3d 0.228442 210874 33602.5 1070190
6s3h 0.228442 210874 33602.5 1070190
6s3c 0.228412 210860 33584 1070190
6c3s 0.228376 210787 33619 1070190
6s3s 0.22792 210356 33561.5 1070190
7d2h 0.224436 204904 35285.5 1070190
7h2d 0.224436 204904 35285.5 1070190
7h2c 0.224408 204892 35267.5 1070190
7d2c 0.224408 204892 35267.5 1070190
7c2d 0.224301 204769 35275.5 1070190
7c2h 0.224301 204769 35275.5 1070190
7h2s 0.223893 204363 35245 1070190
7d2s 0.223893 204363 35245 1070190
7s2h 0.223843 204346 35208.5 1070190
7s2d 0.223843 204346 35208.5 1070190
7s2c 0.223815 204334 35190.5 1070190
7c2s 0.223757 204228 35235 1070190
7s2s 0.2233 203805 35168 1070190
4d2d 0.221087 204251 32354 1070190
4h2h 0.221087 204251 32354 1070190
4c2c 0.220716 202863 33345 1070190
3d2d 0.219234 202399 32223 1070190
3h2h 0.219234 202399 32223 1070190
3c2c 0.218857 200998 33221 1070190
6h2d 0.213321 194717 33576.5 1070190
6d2h 0.213321 194717 33576.5 1070190
6h2c 0.21329 194703 33558 1070190
6d2c 0.21329 194703 33558 1070190
6c2h 0.213184 194582 33565 1070190
6c2d 0.213184 194582 33565 1070190
6h2s 0.2128 194201 33535.5 1070190
6d2s 0.2128 194201 33535.5 1070190
6s2h 0.212733 194157 33508 1070190
6s2d 0.212733 194157 33508 1070190
6s2c 0.212703 194143 33489.5 1070190
6c2s 0.212663 194066 33524 1070190
6s2s 0.212213 193641 33467 1070190
4h3d 0.201936 182152 33958 1070190
4d3h 0.201936 182152 33958 1070190
4c3h 0.201922 182152 33943 1070190
4c3d 0.201922 182152 33943 1070190
4d3c 0.201922 182152 33943 1070190
4h3c 0.201922 182152 33943 1070190
4s3d 0.201476 181715 33903 1070190
4s3h 0.201476 181715 33903 1070190
4h3s 0.201473 181711 33903 1070190
4d3s 0.201473 181711 33903 1070190
4s3c 0.201462 181715 33888 1070190
4c3s 0.201459 181711 33888 1070190
4s3s 0.201013 181274 33848 1070190
4h2d 0.186483 165546 34026 1070190
4d2h 0.186483 165546 34026 1070190
4d2c 0.186469 165546 34011 1070190
4h2c 0.186469 165546 34011 1070190
4c2d 0.186469 165546 34011 1070190
4c2h 0.186469 165546 34011 1070190
4s2h 0.186029 165115 33971 1070190
4s2d 0.186029 165115 33971 1070190
4d2s 0.186022 165108 33970.5 1070190
4h2s 0.186022 165108 33970.5 1070190
4s2c 0.186015 165115 33956 1070190
4c2s 0.186008 165108 33955.5 1070190
4s2s 0.185568 164677 33915.5 1070190
3d2h 0.184609 163667 33900 1070190
3h2d 0.184609 163667 33900 1070190
3c2h 0.184596 163667 33886 1070190
3c2d 0.184596 163667 33886 1070190
3d2c 0.184596 163667 33886 1070190
3h2c 0.184596 163667 33886 1070190
3s2d 0.184153 163233 33846 1070190
3s2h 0.184153 163233 33846 1070190
3h2s 0.184149 163229 33845.5 1070190
3d2s 0.184149 163229 33845.5 1070190
3s2c 0.18414 163233 33832 1070190
3c2s 0.184136 163229 33831.5 1070190
3s2s 0.183693 162795 33791.5 1070190
