KsKc 0.941401 1007478 0 1070190
KhKc 0.941401 1007478 0 1070190
KsKh 0.941028 1007079 0 1070190
QsQc 0.936497 1002165 64.5 1070190
QhQc 0.936497 1002165 64.5 1070190
5s5d 0.936193 1001784 120 1070190
5h5d 0.936193 1001784 120 1070190
QsQh 0.936124 1001766 64.5 1070190
5s5h 0.927074 992025 120 1070190
KcQc 0.906948 968277 2330 1070190
KhQc 0.903063 964029 2420 1070190
KcQs 0.903063 964029 2420 1070190
KcQh 0.903063 964029 2420 1070190
KsQc 0.903063 964029 2420 1070190
KsQh 0.902711 963675 2397.5 1070190
KsQs 0.902711 963675 2397.5 1070190
KhQs 0.902711 963675 2397.5 1070190
KhQh 0.902711 963675 2397.5 1070190
Kc5d 0.898816 955674 6230 1070190
Kh5d 0.898463 955320 6206 1070190
Ks5d 0.898463 955320 6206 1070190
Kc5s 0.888402 944484 6275 1070190
Kc5h 0.888402 944484 6275 1070190
Kh5h 0.888049 944130 6251 1070190
Kh5s 0.888049 944130 6251 1070190
Ks5h 0.888049 944130 6251 1070190
Ks5s 0.888049 944130 6251 1070190
AdKc 0.880639 938227 4224.5 1070190
AdKs 0.879861 937416 4202 1070190
AdKh 0.879861 937416 4202 1070190
Qc5d 0.877359 932613 6327.5 1070190
Qs5d 0.877005 932259 6303.5 1070190
Qh5d 0.877005 932259 6303.5 1070190
AdAc 0.87385 934068 1117.5 1070190
AsAd 0.873059 933226 1113 1070190
AhAd 0.873059 933226 1113 1070190
Qc5h 0.866137 920559 6372.5 1070190
Qc5s 0.866137 920559 6372.5 1070190
Qh5h 0.865784 920205 6348.5 1070190
Qs5s 0.865784 920205 6348.5 1070190
Qs5h 0.865784 920205 6348.5 1070190
Qh5s 0.865784 920205 6348.5 1070190
AcKc 0.861592 917940 4127.5 1070190
KcJd 0.857637 907341 10493.5 1070190
KsJd 0.856906 906589 10463 1070190
KhJd 0.856906 906589 10463 1070190
AcKh 0.854838 910515 4324 1070190
AcKs 0.854838 910515 4324 1070190
AsKc 0.854814 910493 4320 1070190
AhKc 0.854814 910493 4320 1070190
AsKh 0.854035 909682 4297.5 1070190
AsKs 0.854035 909682 4297.5 1070190
AhKs 0.854035 909682 4297.5 1070190
AhKh 0.854035 909682 4297.5 1070190
KcTd 0.851552 900345 10977.5 1070190
KsTd 0.850857 899635 10944 1070190
KhTd 0.850857 899635 10944 1070190
AhAc 0.848325 906761 1108 1070190
AsAc 0.848325 906761 1108 1070190
AsAh 0.847534 905919 1103.5 1070190
KcJc 0.839969 888410 10516 1070190
Kc9d 0.839456 887178 11199 1070190
Ks9d 0.838802 886521 11157 1070190
Kh9d 0.838802 886521 11157 1070190
KcTc 0.835474 883150 10966 1070190
KsJc 0.832798 880453 10799 1070190
KhJc 0.832798 880453 10799 1070190
KcJs 0.832773 880430 10795.5 1070190
KcJh 0.832773 880430 10795.5 1070190
KsJh 0.832042 879678 10765 1070190
KsJs 0.832042 879678 10765 1070190
KhJs 0.832042 879678 10765 1070190
KhJh 0.832042 879678 10765 1070190
Kc8d 0.828808 875056 11926 1070190
Kh8d 0.828196 874455 11872 1070190
Ks8d 0.828196 874455 11872 1070190
KhTc 0.828046 874887 11279.5 1070190
KsTc 0.828046 874887 11279.5 1070190
KcTh 0.827985 874822 11279.5 1070190
KcTs 0.827985 874822 11279.5 1070190
KsTh 0.82729 874112 11246 1070190
KsTs 0.82729 874112 11246 1070190
KhTs 0.82729 874112 11246 1070190
KhTh 0.82729 874112 11246 1070190
Kc9c 0.824926 871630 11197.5 1070190
Kc7d 0.823393 868009 13178 1070190
Kh7d 0.822815 867454 13114.5 1070190
Ks7d 0.822815 867454 13114.5 1070190
Kc6d 0.818688 861846 14306 1070190
Kh6d 0.818139 861330 14234 1070190
Ks6d 0.818139 861330 14234 1070190
AdQc 0.817477 870294 4562 1070190
AdQs 0.816698 869483 4539.5 1070190
AdQh 0.816698 869483 4539.5 1070190
Ks9c 0.816612 862411 11518.5 1070190
Kh9c 0.816612 862411 11518.5 1070190
Kc9s 0.816476 862253 11531.5 1070190
Kc9h 0.816476 862253 11531.5 1070190
Kh9h 0.815823 861596 11489.5 1070190
Ks9s 0.815823 861596 11489.5 1070190
Ks9h 0.815823 861596 11489.5 1070190
Kh9s 0.815823 861596 11489.5 1070190
Kc8c 0.815745 861077 11925 1070190
Kc7c 0.811837 855681 13139 1070190
Kc4d 0.811256 851551 16647 1070190
Ks4d 0.810735 851080 16560.5 1070190
Kh4d 0.810735 851080 16560.5 1070190
Kc3d 0.80964 849822 16647 1070190
Ks3d 0.809119 849351 16560.5 1070190
Kh3d 0.809119 849351 16560.5 1070190
Kc6c 0.808594 851115 14234 1070190
Kc2d 0.808051 848121 16647 1070190
Ks2d 0.80753 847650 16560.5 1070190
Kh2d 0.80753 847650 16560.5 1070190
Kh8c 0.806668 851004 12284 1070190
Ks8c 0.806668 851004 12284 1070190
Kc8h 0.806463 850756 12313 1070190
Kc8s 0.806463 850756 12313 1070190
Kh8h 0.805851 850155 12259 1070190
Kh8s 0.805851 850155 12259 1070190
Ks8s 0.805851 850155 12259 1070190
Ks8h 0.805851 850155 12259 1070190
Kc4c 0.803897 843819 16504 1070190
Kc3c 0.803527 843423 16504 1070190
Kc2c 0.803157 843027 16504 1070190
Ks7c 0.802564 845322 13574 1070190
Kh7c 0.802564 845322 13574 1070190
Kc7h 0.802331 845034 13613 1070190
Kc7s 0.802331 845034 13613 1070190
Kh7s 0.801753 844479 13549.5 1070190
Ks7h 0.801753 844479 13549.5 1070190
Ks7s 0.801753 844479 13549.5 1070190
Kh7h 0.801753 844479 13549.5 1070190
Kh6c 0.799164 840519 14738 1070190
Ks6c 0.799164 840519 14738 1070190
Kc6h 0.798909 840198 14786 1070190
Kc6s 0.798909 840198 14786 1070190
Ks6s 0.798359 839682 14714 1070190
Kh6h 0.798359 839682 14714 1070190
Kh6s 0.798359 839682 14714 1070190
Ks6h 0.798359 839682 14714 1070190
AcQc 0.798218 849780 4465 1070190
Kh4c 0.794257 832875 17131 1070190
Ks4c 0.794257 832875 17131 1070190
Kc4s 0.793974 832509 17194 1070190
Kc4h 0.793974 832509 17194 1070190
Ks3c 0.793842 832431 17131 1070190
Kh3c 0.793842 832431 17131 1070190
Kc3s 0.793553 832059 17194 1070190
Kc3h 0.793553 832059 17194 1070190
Ks4h 0.793453 832038 17107.5 1070190
Ks4s 0.793453 832038 17107.5 1070190
Kh4s 0.793453 832038 17107.5 1070190
Kh4h 0.793453 832038 17107.5 1070190
Ks2c 0.793427 831987 17131 1070190
Kh2c 0.793427 831987 17131 1070190
QcJd 0.793216 838430 10462 1070190
Kc2h 0.793133 831609 17194 1070190
Kc2s 0.793133 831609 17194 1070190
Ks3s 0.793033 831588 17107.5 1070190
Kh3h 0.793033 831588 17107.5 1070190
Ks3h 0.793033 831588 17107.5 1070190
Kh3s 0.793033 831588 17107.5 1070190
Kh2s 0.792612 831138 17107.5 1070190
Kh2h 0.792612 831138 17107.5 1070190
Ks2h 0.792612 831138 17107.5 1070190
Ks2s 0.792612 831138 17107.5 1070190
QsJd 0.792485 837678 10431.5 1070190
QhJd 0.792485 837678 10431.5 1070190
AhQc 0.78868 839380 4657.5 1070190
AsQc 0.78868 839380 4657.5 1070190
AcQs 0.788672 839367 4661.5 1070190
AcQh 0.788672 839367 4661.5 1070190
AhQs 0.787901 838569 4635 1070190
AhQh 0.787901 838569 4635 1070190
AsQs 0.787901 838569 4635 1070190
AsQh 0.787901 838569 4635 1070190
QcTd 0.787131 831434 10946 1070190
QhTd 0.786437 830724 10912.5 1070190
QsTd 0.786437 830724 10912.5 1070190
Ad5d 0.783619 834582 4039.5 1070190
QcJc 0.775174 819099 10484.5 1070190
Qc9d 0.774073 817238 11167.5 1070190
Qh9d 0.77342 816581 11125.5 1070190
Qs9d 0.77342 816581 11125.5 1070190
QcTc 0.77068 813839 10934.5 1070190
Jd5d 0.767015 808386 12466 1070190
QcJs 0.765487 808453 10764 1070190
QcJh 0.765487 808453 10764 1070190
QhJc 0.76548 808442 10767.5 1070190
QsJc 0.76548 808442 10767.5 1070190
QhJh 0.764756 807701 10733.5 1070190
QhJs 0.764756 807701 10733.5 1070190
QsJs 0.764756 807701 10733.5 1070190
QsJh 0.764756 807701 10733.5 1070190
Qc8d 0.762799 804445 11894.5 1070190
Qs8d 0.762187 803844 11840.5 1070190
Qh8d 0.762187 803844 11840.5 1070190
QhTc 0.760728 802876 11248 1070190
QsTc 0.760728 802876 11248 1070190
QcTs 0.7607 802845 11248 1070190
QcTh 0.7607 802845 11248 1070190
Td5d 0.760265 799920 13708.5 1070190
QsTh 0.760005 802135 11214.5 1070190
QsTs 0.760005 802135 11214.5 1070190
QhTh 0.760005 802135 11214.5 1070190
QhTs 0.760005 802135 11214.5 1070190
Qc9c 0.759181 801302 11166 1070190
Qc7d 0.757384 797398 13146.5 1070190
Qs7d 0.756806 796843 13083 1070190
Qh7d 0.756806 796843 13083 1070190
Qc6d 0.752679 791235 14274.5 1070190
Qs6d 0.75213 790719 14202.5 1070190
Qh6d 0.75213 790719 14202.5 1070190
9d5d 0.749499 787740 14366 1070190
Qc8c 0.74938 790086 11893.5 1070190
Qh9c 0.748284 789319 11487 1070190
Qs9c 0.748284 789319 11487 1070190
Qc9s 0.748181 789196 11500 1070190
Qc9h 0.748181 789196 11500 1070190
Qs9s 0.747528 788539 11458 1070190
Qh9s 0.747528 788539 11458 1070190
Qh9h 0.747528 788539 11458 1070190
Qs9h 0.747528 788539 11458 1070190
AdJd 0.746872 790461 8834 1070190
Qc7c 0.745473 784690 13107.5 1070190
Qc4d 0.745247 780940 16615.5 1070190
Qs4d 0.744726 780469 16529 1070190
Qh4d 0.744726 780469 16529 1070190
Qc3d 0.743631 779211 16615.5 1070190
Qh3d 0.74311 778740 16529 1070190
Qs3d 0.74311 778740 16529 1070190
AdTd 0.742464 785744 8834 1070190
Qc6c 0.742229 780124 14202.5 1070190
Qc2d 0.742042 777510 16615.5 1070190
Qs2d 0.741521 777039 16529 1070190
Qh2d 0.741521 777039 16529 1070190
8d5d 0.741004 778334 14681 1070190
Qs8c 0.737682 777207 12252.5 1070190
Qh8c 0.737682 777207 12252.5 1070190
Qc4c 0.737533 772828 16472.5 1070190
Qc8h 0.737511 776995 12281.5 1070190
Qc8s 0.737511 776995 12281.5 1070190
7d5d 0.737377 774074 15059.5 1070190
JdTd 0.737251 776553 12446 1070190
Qc3c 0.737163 772432 16472.5 1070190
Qs8s 0.736899 776394 12227.5 1070190
Qh8s 0.736899 776394 12227.5 1070190
Qs8h 0.736899 776394 12227.5 1070190
Qh8h 0.736899 776394 12227.5 1070190
Qc2c 0.736793 772036 16472.5 1070190
6d5d 0.734556 770892 15222 1070190
Qs7c 0.733578 771525 13542.5 1070190
Qh7c 0.733578 771525 13542.5 1070190
Qc7s 0.733379 771273 13581.5 1070190
Qc7h 0.733379 771273 13581.5 1070190
Qs7s 0.732801 770718 13518 1070190
Qh7h 0.732801 770718 13518 1070190
Qh7s 0.732801 770718 13518 1070190
Qs7h 0.732801 770718 13518 1070190
Qh6c 0.730177 766722 14706.5 1070190
Qs6c 0.730177 766722 14706.5 1070190
Qc6h 0.729956 766437 14754.5 1070190
Qc6s 0.729956 766437 14754.5 1070190
Qs6h 0.729406 765921 14682.5 1070190
Qh6s 0.729406 765921 14682.5 1070190
Qh6h 0.729406 765921 14682.5 1070190
Qs6s 0.729406 765921 14682.5 1070190
Qh4c 0.725271 759078 17099.5 1070190
Qs4c 0.725271 759078 17099.5 1070190
Qc4h 0.725021 758748 17162.5 1070190
Qc4s 0.725021 758748 17162.5 1070190
Qh3c 0.724856 758634 17099.5 1070190
Qs3c 0.724856 758634 17099.5 1070190
Qc3h 0.724601 758298 17162.5 1070190
Qc3s 0.724601 758298 17162.5 1070190
Qs4s 0.7245 758277 17076 1070190
Qs4h 0.7245 758277 17076 1070190
Qh4s 0.7245 758277 17076 1070190
Qh4h 0.7245 758277 17076 1070190
Qs2c 0.724441 758190 17099.5 1070190
Qh2c 0.724441 758190 17099.5 1070190
Qc2s 0.72418 757848 17162.5 1070190
Qc2h 0.72418 757848 17162.5 1070190
Qs3h 0.72408 757827 17076 1070190
Qh3h 0.72408 757827 17076 1070190
Qh3s 0.72408 757827 17076 1070190
Qs3s 0.72408 757827 17076 1070190
Qh2h 0.723659 757377 17076 1070190
Qh2s 0.723659 757377 17076 1070190
Qs2s 0.723659 757377 17076 1070190
Qs2h 0.723659 757377 17076 1070190
5d4d 0.723065 758433 15384 1070190
5d3d 0.722914 758271 15384 1070190
5d2d 0.722762 758109 15384 1070190
JdJc 0.713597 761667 2017.5 1070190
JsJd 0.712925 760960 2005 1070190
JhJd 0.712925 760960 2005 1070190
TdTc 0.695689 742538 1981.5 1070190
TsTd 0.695017 741831 1969.5 1070190
ThTd 0.695017 741831 1969.5 1070190
Ad9d 0.687662 725671 10258 1070190
JsJc 0.683763 729756 2000 1070190
JhJc 0.683763 729756 2000 1070190
JsJh 0.68309 729049 1987.5 1070190
Ad8d 0.681582 717914 11508 1070190
Jd9d 0.68064 713836 14578 1070190
Ad7d 0.67641 711165 12722 1070190
Ad6d 0.671939 705309 13793 1070190
ThTc 0.666787 711625 1964 1070190
TsTc 0.666787 711625 1964 1070190
TsTh 0.666115 710918 1952 1070190
9d9c 0.665379 710781 1300.5 1070190
Ad4d 0.664863 695988 15542 1070190
9h9d 0.664676 710036 1293.5 1070190
9s9d 0.664676 710036 1293.5 1070190
Ad3d 0.663492 694521 15542 1070190
Ad2d 0.662122 693054 15542 1070190
Ad5s 0.655053 695664 5367 1070190
Ad5h 0.655053 695664 5367 1070190
Ac5d 0.646664 686706 5347.5 1070190
Ah5d 0.645877 685873 5338.5 1070190
As5d 0.645877 685873 5338.5 1070190
Td9d 0.644792 675885 14164.5 1070190
Jd5h 0.637585 665016 17321.5 1070190
Jd5s 0.637585 665016 17321.5 1070190
9h9c 0.636493 679876 1292.5 1070190
9s9c 0.636493 679876 1292.5 1070190
8d8c 0.636115 680084 679.5 1070190
9s9h 0.63579 679131 1285.5 1070190
8h8d 0.635386 679307 677 1070190
8s8d 0.635386 679307 677 1070190
Td5h 0.630706 655655 19320 1070190
Td5s 0.630706 655655 19320 1070190
Jc5d 0.630492 656867 17879.5 1070190
Jh5d 0.629765 656101 17867 1070190
Js5d 0.629765 656101 17867 1070190
Jd8d 0.62495 652832 15983 1070190
Tc5d 0.624853 648726 19985.5 1070190
Th5d 0.624126 647960 19973.5 1070190
Ts5d 0.624126 647960 19973.5 1070190
Ac5h 0.623244 661730 5259.5 1070190
Ac5s 0.623244 661730 5259.5 1070190
Ah5s 0.622457 660897 5250.5 1070190
Ah5h 0.622457 660897 5250.5 1070190
As5s 0.622457 660897 5250.5 1070190
As5h 0.622457 660897 5250.5 1070190
Jd7d 0.619778 646083 17197 1070190
7d7c 0.616819 659470 643.5 1070190
7s7d 0.616097 658699 641.5 1070190
7h7d 0.616097 658699 641.5 1070190
9d5s 0.615828 638709 20343.5 1070190
9d5h 0.615828 638709 20343.5 1070190
Jd6d 0.615307 640227 18268 1070190
AdJc 0.610827 640277 13424 1070190
9c5d 0.610801 632540 21133 1070190
AdJh 0.610158 639592 13392.5 1070190
AdJs 0.610158 639592 13392.5 1070190
9h5d 0.610041 631734 21126 1070190
9s5d 0.610041 631734 21126 1070190
AcJd 0.608168 637695 13160 1070190
Jc5h 0.607605 632856 17396.5 1070190
Jc5s 0.607605 632856 17396.5 1070190
AsJd 0.60738 636888 13124.5 1070190
AhJd 0.60738 636888 13124.5 1070190
8s8c 0.607272 649217 679.5 1070190
8h8c 0.607272 649217 679.5 1070190
Js5h 0.606877 632090 17384 1070190
Js5s 0.606877 632090 17384 1070190
Jh5s 0.606877 632090 17384 1070190
Jh5h 0.606877 632090 17384 1070190
8s8h 0.606544 648440 677 1070190
JdTc 0.605956 630190 18298 1070190
JdTh 0.605307 629535 18258.5 1070190
JdTs 0.605307 629535 18258.5 1070190
JcTd 0.604614 628894 18157.5 1070190
AdTc 0.6043 633292 13424 1070190
8d5s 0.604235 625817 20829.5 1070190
8d5h 0.604235 625817 20829.5 1070190
JsTd 0.603968 628246 18114.5 1070190
JhTd 0.603968 628246 18114.5 1070190
AdTh 0.603631 632607 13392.5 1070190
AdTs 0.603631 632607 13392.5 1070190
Jd4d 0.602327 624659 19945 1070190
Tc5h 0.602075 624886 19448.5 1070190
Tc5s 0.602075 624886 19448.5 1070190
Th5s 0.601348 624120 19436.5 1070190
Ts5h 0.601348 624120 19436.5 1070190
Th5h 0.601348 624120 19436.5 1070190
Ts5s 0.601348 624120 19436.5 1070190
7d5s 0.600989 621712 21460 1070190
7d5h 0.600989 621712 21460 1070190
Jd3d 0.600956 623192 19945 1070190
AcTd 0.600337 629315 13160 1070190
8c5d 0.600091 620504 21707.5 1070190
Jd2d 0.599585 621725 19945 1070190
AhTd 0.599583 628543 13124.5 1070190
AsTd 0.599583 628543 13124.5 1070190
8s5d 0.599304 619664 21705 1070190
8h5d 0.599304 619664 21705 1070190
6d5s 0.598541 618804 21748.5 1070190
6d5h 0.598541 618804 21748.5 1070190
7c5d 0.598219 617835 22373.5 1070190
6d6c 0.597683 639027 607.5 1070190
7h5d 0.597438 617001 22371.5 1070190
7s5d 0.597438 617001 22371.5 1070190
6c5d 0.597154 616389 22679.5 1070190
6s6d 0.596967 638262 606 1070190
6h6d 0.596967 638262 606 1070190
AcJc 0.59641 625304 12967.5 1070190
6s5d 0.596379 615561 22678 1070190
6h5d 0.596379 615561 22678 1070190
JcTc 0.59303 616793 17861.5 1070190
AcTc 0.590288 618753 12967.5 1070190
7s7c 0.588797 629481 643.5 1070190
7h7c 0.588797 629481 643.5 1070190
7s7h 0.588075 628710 641.5 1070190
9c5h 0.587772 608518 20510 1070190
9c5s 0.587772 608518 20510 1070190
Td8d 0.587546 612010 16775.5 1070190
9s5s 0.587013 607712 20503 1070190
9s5h 0.587013 607712 20503 1070190
9h5s 0.587013 607712 20503 1070190
9h5h 0.587013 607712 20503 1070190
Td7d 0.582374 605261 17989.5 1070190
5d4c 0.581971 599949 22871 1070190
5d3c 0.581571 599520 22871 1070190
5d4h 0.581197 599121 22870 1070190
5d4s 0.581197 599121 22870 1070190
5d2c 0.58117 599091 22871 1070190
5d3s 0.58079 598686 22870 1070190
5d3h 0.58079 598686 22870 1070190
5s4d 0.580716 599542 21934.5 1070190
5h4d 0.580716 599542 21934.5 1070190
5d2s 0.580384 598251 22870 1070190
5d2h 0.580384 598251 22870 1070190
5s3d 0.5791 597813 21934.5 1070190
5h3d 0.5791 597813 21934.5 1070190
Td6d 0.577903 599405 19060.5 1070190
5h2d 0.577511 596112 21934.5 1070190
5s2d 0.577511 596112 21934.5 1070190
8c5s 0.576864 596336 21018 1070190
8c5h 0.576864 596336 21018 1070190
AcJs 0.576825 604090 13222.5 1070190
AcJh 0.576825 604090 13222.5 1070190
AsJc 0.576707 603968 13218.5 1070190
AhJc 0.576707 603968 13218.5 1070190
8s5h 0.576077 595496 21015.5 1070190
8h5h 0.576077 595496 21015.5 1070190
8s5s 0.576077 595496 21015.5 1070190
8h5s 0.576077 595496 21015.5 1070190
AsJh 0.576038 603283 13187 1070190
AhJs 0.576038 603283 13187 1070190
AhJh 0.576038 603283 13187 1070190
AsJs 0.576038 603283 13187 1070190
JsTc 0.575527 597815 18108.5 1070190
JhTc 0.575527 597815 18108.5 1070190
JcTs 0.575524 597808 18112 1070190
JcTh 0.575524 597808 18112 1070190
7c5s 0.575034 593730 21666 1070190
7c5h 0.575034 593730 21666 1070190
JsTs 0.574878 597160 18069 1070190
JsTh 0.574878 597160 18069 1070190
JhTs 0.574878 597160 18069 1070190
JhTh 0.574878 597160 18069 1070190
7h5h 0.574253 592896 21664 1070190
7h5s 0.574253 592896 21664 1070190
7s5s 0.574253 592896 21664 1070190
7s5h 0.574253 592896 21664 1070190
6c5h 0.573994 592320 21963 1070190
6c5s 0.573994 592320 21963 1070190
6h5h 0.573219 591492 21961.5 1070190
6h5s 0.573219 591492 21961.5 1070190
6s5h 0.573219 591492 21961.5 1070190
6s5s 0.573219 591492 21961.5 1070190
6h6c 0.570455 609888 607.5 1070190
6s6c 0.570455 609888 607.5 1070190
AcTs 0.570311 597119 13222.5 1070190
AcTh 0.570311 597119 13222.5 1070190
AhTc 0.570226 597032 13218.5 1070190
AsTc 0.570226 597032 13218.5 1070190
6s6h 0.569739 609123 606 1070190
AhTh 0.569557 596347 13187 1070190
AsTh 0.569557 596347 13187 1070190
AsTs 0.569557 596347 13187 1070190
AhTs 0.569557 596347 13187 1070190
Td4d 0.564923 583837 20737.5 1070190
Td3d 0.563552 582370 20737.5 1070190
Td2d 0.562181 580903 20737.5 1070190
9d8d 0.559721 582121 16886.5 1070190
5h4c 0.558279 575337 22127.5 1070190
5s4c 0.558279 575337 22127.5 1070190
5h3c 0.55787 574899 22127.5 1070190
5s3c 0.55787 574899 22127.5 1070190
5h4s 0.557504 574509 22126.5 1070190
5h4h 0.557504 574509 22126.5 1070190
5s4s 0.557504 574509 22126.5 1070190
5s4h 0.557504 574509 22126.5 1070190
5s2c 0.55746 574461 22127.5 1070190
5h2c 0.55746 574461 22127.5 1070190
5h3h 0.557089 574065 22126.5 1070190
5h3s 0.557089 574065 22126.5 1070190
5s3h 0.557089 574065 22126.5 1070190
5s3s 0.557089 574065 22126.5 1070190
5s2s 0.556675 573621 22126.5 1070190
5h2s 0.556675 573621 22126.5 1070190
5h2h 0.556675 573621 22126.5 1070190
5s2h 0.556675 573621 22126.5 1070190
9d7d 0.554415 575229 18100.5 1070190
9d6d 0.550094 569694 19011 1070190
8d7d 0.533371 553164 17644.5 1070190
9d4d 0.52984 546234 20795 1070190
8d6d 0.528916 547486 18555 1070190
9d3d 0.528469 544767 20795 1070190
9d2d 0.527098 543300 20795 1070190
Ad9c 0.519003 539712 15719.5 1070190
Ad9s 0.518352 539038 15697 1070190
Ad9h 0.518352 539038 15697 1070190
Jd9c 0.517275 531492 22090.5 1070190
Jd9s 0.516633 530836 22060 1070190
Jd9h 0.516633 530836 22060 1070190
7d6d 0.515121 533435 17842.5 1070190
Jc9d 0.515011 529243 21916.5 1070190
Jh9d 0.514437 528673 21872.5 1070190
Js9d 0.514437 528673 21872.5 1070190
Ac9d 0.513679 534403 15331.5 1070190
Ah9d 0.512982 533699 15289 1070190
As9d 0.512982 533699 15289 1070190
Ad8c 0.509469 527659 17569.5 1070190
8d4d 0.508896 524383 20232 1070190
Ad8s 0.508795 526960 17547 1070190
Ad8h 0.508795 526960 17547 1070190
Ac9c 0.506832 527361 15046 1070190
Jc9c 0.506231 520095 21668.5 1070190
Ac8d 0.50312 521312 17121.5 1070190
Ah8d 0.502459 520658 17069 1070190
As8d 0.502459 520658 17069 1070190
Ad7c 0.502138 517976 19407.5 1070190
Ad7h 0.50147 517283 19385 1070190
Ad7s 0.50147 517283 19385 1070190
4d4c 0.500478 530170 5437 1070190
8d3d 0.499933 514738 20285.5 1070190
4h4d 0.499763 529405 5436 1070190
4s4d 0.499763 529405 5436 1070190
8d2d 0.498562 513271 20285.5 1070190
Ac8c 0.497926 516114 16761 1070190
Ad6c 0.495845 509594 21054.5 1070190
Ad6s 0.495182 508907 21032 1070190
Ad6h 0.495182 508907 21032 1070190
7d4d 0.49515 510439 19466 1070190
Ac7d 0.494391 510191 18901.5 1070190
Ah7d 0.493765 509583 18839 1070190
As7d 0.493765 509583 18839 1070190
Ac7c 0.490901 506888 18469 1070190
Ad4c 0.489236 499788 23787.5 1070190
Ad4h 0.48857 499098 23765 1070190
Ad4s 0.48857 499098 23765 1070190
Ad3c 0.487383 497805 23787.5 1070190
Ad3s 0.486712 497109 23765 1070190
Ad3h 0.486712 497109 23765 1070190
Ac6d 0.486693 500356 20497.5 1070190
6d4d 0.486258 502034 18354 1070190
7d3d 0.486188 500794 19519.5 1070190
As6d 0.486094 499787 20426 1070190
Ah6d 0.486094 499787 20426 1070190
Ad2c 0.48553 495822 23787.5 1070190
Ad2h 0.484853 495120 23765 1070190
Ad2s 0.484853 495120 23765 1070190
Ac6c 0.484837 498866 20002 1070190
Jh9c 0.484081 496021 22037.5 1070190
Js9c 0.484081 496021 22037.5 1070190
Jc9s 0.484013 495935 22051 1070190
Jc9h 0.484013 495935 22051 1070190
Jh9s 0.483439 495365 22007 1070190
Jh9h 0.483439 495365 22007 1070190
Js9h 0.483439 495365 22007 1070190
Js9s 0.483439 495365 22007 1070190
Ac9s 0.482173 500512 15505 1070190
Ac9h 0.482173 500512 15505 1070190
As9c 0.482127 500482 15485 1070190
Ah9c 0.482127 500482 15485 1070190
Ah9h 0.481476 499808 15462.5 1070190
As9h 0.481476 499808 15462.5 1070190
As9s 0.481476 499808 15462.5 1070190
Ah9s 0.481476 499808 15462.5 1070190
3d3c 0.481076 509406 5437 1070190
3s3d 0.480355 508635 5436 1070190
3h3d 0.480355 508635 5436 1070190
Ac4c 0.477971 488970 22550 1070190
6d3d 0.477295 492389 18407.5 1070190
7d2d 0.476892 490899 19466 1070190
Ac4d 0.476617 486923 23147.5 1070190
Ac3c 0.476071 486936 22550 1070190
Ah4d 0.476038 486390 23061 1070190
As4d 0.476038 486390 23061 1070190
Ac2c 0.47417 484902 22550 1070190
4s4c 0.474107 501972 5413 1070190
4h4c 0.474107 501972 5413 1070190
Ac3d 0.473403 483484 23147.5 1070190
4s4h 0.473392 501207 5412 1070190
As3d 0.472824 482951 23061 1070190
Ah3d 0.472824 482951 23061 1070190
Ah8c 0.472576 488436 17310 1070190
As8c 0.472576 488436 17310 1070190
Ac8s 0.472562 488391 17340 1070190
Ac8h 0.472562 488391 17340 1070190
As8s 0.471902 487737 17287.5 1070190
Ah8s 0.471902 487737 17287.5 1070190
Ah8h 0.471902 487737 17287.5 1070190
As8h 0.471902 487737 17287.5 1070190
Ac2d 0.470216 480073 23147.5 1070190
As2d 0.469637 479540 23061 1070190
Ah2d 0.469637 479540 23061 1070190
6d2d 0.467999 482494 18354 1070190
Td9c 0.465882 477193 21389 1070190
Td9s 0.465274 476573 21358.5 1070190
Td9h 0.465274 476573 21358.5 1070190
Ah7c 0.465226 478752 19128 1070190
As7c 0.465226 478752 19128 1070190
Ac7s 0.465184 478667 19168 1070190
Ac7h 0.465184 478667 19168 1070190
Tc9d 0.464906 476299 21238.5 1070190
As7s 0.464557 478059 19105.5 1070190
As7h 0.464557 478059 19105.5 1070190
Ah7s 0.464557 478059 19105.5 1070190
Ah7h 0.464557 478059 19105.5 1070190
Ts9d 0.464333 475729 21195 1070190
Th9d 0.464333 475729 21195 1070190
2d2c 0.4617 488670 5437 1070190
4d3d 0.46115 475048 18470.5 1070190
2h2d 0.460973 487893 5436 1070190
2s2d 0.460973 487893 5436 1070190
Ah6c 0.458899 470349 20760 1070190
As6c 0.458899 470349 20760 1070190
Ac6h 0.458834 470231 20809 1070190
Ac6s 0.458834 470231 20809 1070190
As6s 0.458236 469662 20737.5 1070190
Ah6s 0.458236 469662 20737.5 1070190
Ah6h 0.458236 469662 20737.5 1070190
As6h 0.458236 469662 20737.5 1070190
Tc9c 0.457746 468897 20978.5 1070190
3s3c 0.455253 481794 5413 1070190
3h3c 0.455253 481794 5413 1070190
3s3h 0.454531 481023 5412 1070190
Ah4c 0.452313 460588 23473 1070190
As4c 0.452313 460588 23473 1070190
Ac4h 0.452226 460431 23537 1070190
Ac4s 0.452226 460431 23537 1070190
4d2d 0.451988 465189 18524 1070190
As4h 0.451647 459898 23450.5 1070190
Ah4s 0.451647 459898 23450.5 1070190
Ah4h 0.451647 459898 23450.5 1070190
As4s 0.451647 459898 23450.5 1070190
Ah3c 0.450368 458506 23473 1070190
As3c 0.450368 458506 23473 1070190
Ac3s 0.450275 458343 23537 1070190
Ac3h 0.450275 458343 23537 1070190
3d2d 0.449991 463052 18524 1070190
As3h 0.449696 457810 23450.5 1070190
Ah3h 0.449696 457810 23450.5 1070190
Ah3s 0.449696 457810 23450.5 1070190
As3s 0.449696 457810 23450.5 1070190
As2c 0.448422 456424 23473 1070190
Ah2c 0.448422 456424 23473 1070190
Ac2h 0.448324 456255 23537 1070190
Ac2s 0.448324 456255 23537 1070190
As2s 0.447745 455722 23450.5 1070190
As2h 0.447745 455722 23450.5 1070190
Ah2h 0.447745 455722 23450.5 1070190
Ah2s 0.447745 455722 23450.5 1070190
2h2c 0.436398 461616 5413 1070190
2s2c 0.436398 461616 5413 1070190
2s2h 0.435671 460839 5412 1070190
Ts9c 0.432973 442021 21342 1070190
Th9c 0.432973 442021 21342 1070190
Tc9h 0.432938 441971 21355 1070190
Tc9s 0.432938 441971 21355 1070190
Th9s 0.432365 441401 21311.5 1070190
Ts9s 0.432365 441401 21311.5 1070190
Ts9h 0.432365 441401 21311.5 1070190
Th9h 0.432365 441401 21311.5 1070190
Jd8c 0.431657 437559 24396.5 1070190
Jd8s 0.431032 436912 24374 1070190
Jd8h 0.431032 436912 24374 1070190
Jc8d 0.42822 434170 24106.5 1070190
Js8d 0.427709 433675 24054.5 1070190
Jh8d 0.427709 433675 24054.5 1070190
Jd7c 0.424327 427876 26234.5 1070190
Jd7s 0.423707 427235 26212 1070190
Jd7h 0.423707 427235 26212 1070190
Jc8c 0.422554 428448 23765 1070190
Jc7d 0.419491 423049 25886.5 1070190
Js7d 0.419014 422600 25824.5 1070190
Jh7d 0.419014 422600 25824.5 1070190
Jd6c 0.418034 419494 27881.5 1070190
Jd6h 0.417419 418859 27859 1070190
Jd6s 0.417419 418859 27859 1070190
Jc7c 0.415529 419222 25473 1070190
Jc6d 0.411793 413214 27482.5 1070190
Jh6d 0.411343 412804 27411.5 1070190
Js6d 0.411343 412804 27411.5 1070190
Jc6c 0.409466 411200 27006 1070190
Jd4c 0.401689 399350 30533.5 1070190
Jd4s 0.401074 398714 30511 1070190
Jd4h 0.401074 398714 30511 1070190
Jd3c 0.399836 397367 30533.5 1070190
Jd3h 0.399215 396725 30511 1070190
Jd3s 0.399215 396725 30511 1070190
Jd2c 0.397983 395384 30533.5 1070190
Jd2s 0.397357 394736 30511 1070190
Jd2h 0.397357 394736 30511 1070190
Jh8c 0.395832 399293 24322 1070190
Js8c 0.395832 399293 24322 1070190
Jc8s 0.395717 399141 24351.5 1070190
Jc8h 0.395717 399141 24351.5 1070190
Jh8h 0.395206 398646 24299.5 1070190
Jh8s 0.395206 398646 24299.5 1070190
Js8h 0.395206 398646 24299.5 1070190
Js8s 0.395206 398646 24299.5 1070190
Jc4c 0.393094 391212 29473 1070190
Jc4d 0.392014 389478 30051.5 1070190
Js4d 0.391593 389113 29965.5 1070190
Jh4d 0.391593 389113 29965.5 1070190
Jc3c 0.391193 389178 29473 1070190
Jc2c 0.389293 387144 29473 1070190
Jc3d 0.388801 386039 30051.5 1070190
Jh7c 0.388481 389609 26140 1070190
Js7c 0.388481 389609 26140 1070190
Js3d 0.388379 385674 29965.5 1070190
Jh3d 0.388379 385674 29965.5 1070190
Jc7s 0.388339 389417 26179.5 1070190
Jc7h 0.388339 389417 26179.5 1070190
Jh7s 0.387862 388968 26117.5 1070190
Jh7h 0.387862 388968 26117.5 1070190
Js7s 0.387862 388968 26117.5 1070190
Js7h 0.387862 388968 26117.5 1070190
Jc2d 0.385613 382628 30051.5 1070190
Jh2d 0.385192 382263 29965.5 1070190
Js2d 0.385192 382263 29965.5 1070190
Jh6c 0.382155 381206 27772 1070190
Js6c 0.382155 381206 27772 1070190
Jc6h 0.38199 380981 27820.5 1070190
Jc6s 0.38199 380981 27820.5 1070190
Jh6s 0.38154 380571 27749.5 1070190
Js6s 0.38154 380571 27749.5 1070190
Js6h 0.38154 380571 27749.5 1070190
Jh6h 0.38154 380571 27749.5 1070190
Td8c 0.377858 378661 25718.5 1070190
Td8h 0.377266 378050 25696 1070190
Td8s 0.377266 378050 25696 1070190
Tc8d 0.375735 376615 25493 1070190
Th8d 0.375224 376120 25441.5 1070190
Ts8d 0.375224 376120 25441.5 1070190
Tc8c 0.371596 372477 25201 1070190
Td7c 0.370527 368978 27556.5 1070190
Td7s 0.369941 368373 27534 1070190
Td7h 0.369941 368373 27534 1070190
Tc7d 0.367007 365494 27273 1070190
Ts7d 0.36653 365045 27211.5 1070190
Th7d 0.36653 365045 27211.5 1070190
Jh4c 0.365446 360693 30404 1070190
Js4c 0.365446 360693 30404 1070190
Jc4s 0.365252 360422 30467.5 1070190
Jc4h 0.365252 360422 30467.5 1070190
Jh4s 0.364831 360057 30381.5 1070190
Jh4h 0.364831 360057 30381.5 1070190
Js4h 0.364831 360057 30381.5 1070190
Js4s 0.364831 360057 30381.5 1070190
Tc7c 0.364571 363251 26909 1070190
Td6c 0.364234 360596 29203.5 1070190
Td6h 0.363653 359997 29181 1070190
Td6s 0.363653 359997 29181 1070190
Js3c 0.363501 358611 30404 1070190
Jh3c 0.363501 358611 30404 1070190
Jc3s 0.363301 358334 30467.5 1070190
Jc3h 0.363301 358334 30467.5 1070190
Js3s 0.36288 357969 30381.5 1070190
Jh3s 0.36288 357969 30381.5 1070190
Js3h 0.36288 357969 30381.5 1070190
Jh3h 0.36288 357969 30381.5 1070190
Jh2c 0.361555 356529 30404 1070190
Js2c 0.361555 356529 30404 1070190
Jc2h 0.36135 356246 30467.5 1070190
Jc2s 0.36135 356246 30467.5 1070190
Js2h 0.360929 355881 30381.5 1070190
Jh2h 0.360929 355881 30381.5 1070190
Jh2s 0.360929 355881 30381.5 1070190
Js2s 0.360929 355881 30381.5 1070190
Tc6d 0.359308 355659 28869 1070190
Ts6d 0.358859 355249 28798.5 1070190
Th6d 0.358859 355249 28798.5 1070190
Tc6c 0.358507 355229 28442 1070190
Td4c 0.347889 340452 31855.5 1070190
Td4s 0.347307 339852 31833 1070190
Td4h 0.347307 339852 31833 1070190
Td3c 0.346036 338469 31855.5 1070190
Td3s 0.345449 337863 31833 1070190
Td3h 0.345449 337863 31833 1070190
Td2c 0.344183 336486 31855.5 1070190
Td2s 0.34359 335874 31833 1070190
Td2h 0.34359 335874 31833 1070190
Th8c 0.34225 340520 25752.5 1070190
Ts8c 0.34225 340520 25752.5 1070190
Tc8h 0.342169 340404 25781.5 1070190
Tc8s 0.342169 340404 25781.5 1070190
Tc4c 0.342136 335241 30909 1070190
Th8s 0.341658 339909 25730 1070190
Th8h 0.341658 339909 25730 1070190
Ts8h 0.341658 339909 25730 1070190
Ts8s 0.341658 339909 25730 1070190
Tc3c 0.340235 333207 30909 1070190
Tc4d 0.339529 331923 31438 1070190
Th4d 0.339108 331558 31352.5 1070190
Ts4d 0.339108 331558 31352.5 1070190
Tc2c 0.338334 331173 30909 1070190
9d8c 0.338016 335834 25907.5 1070190
9d8h 0.337452 335253 25885 1070190
9d8s 0.337452 335253 25885 1070190
9c8d 0.336986 334897 25742.5 1070190
9s8d 0.336458 334380 25694 1070190
9h8d 0.336458 334380 25694 1070190
Tc3d 0.336316 328484 31438 1070190
Th3d 0.335895 328119 31352.5 1070190
Ts3d 0.335895 328119 31352.5 1070190
Th7c 0.3349 330836 27570.5 1070190
Ts7c 0.3349 330836 27570.5 1070190
Tc7h 0.334791 330680 27609.5 1070190
Tc7s 0.334791 330680 27609.5 1070190
Th7h 0.334314 330231 27548 1070190
Ts7h 0.334314 330231 27548 1070190
Ts7s 0.334314 330231 27548 1070190
Th7s 0.334314 330231 27548 1070190
9c8c 0.334294 332253 25505 1070190
Tc2d 0.333129 325073 31438 1070190
Ts2d 0.332708 324708 31352.5 1070190
Th2d 0.332708 324708 31352.5 1070190
9d7c 0.330468 325918 27745.5 1070190
9d7s 0.32991 325343 27723 1070190
9d7h 0.32991 325343 27723 1070190
Ts6c 0.328573 322433 29202.5 1070190
Th6c 0.328573 322433 29202.5 1070190
Tc6s 0.328441 322244 29250.5 1070190
Tc6h 0.328441 322244 29250.5 1070190
9c7d 0.32804 323543 27522.5 1070190
Th6h 0.327992 321834 29180 1070190
Th6s 0.327992 321834 29180 1070190
Ts6h 0.327992 321834 29180 1070190
Ts6s 0.327992 321834 29180 1070190
9s7d 0.327546 323072 27464 1070190
9h7d 0.327546 323072 27464 1070190
9c7c 0.327056 322799 27213 1070190
9d6c 0.324426 318073 29124 1070190
9d6s 0.323873 317504 29101.5 1070190
9d6h 0.323873 317504 29101.5 1070190
9c6c 0.321228 315281 28494 1070190
9c6d 0.320586 314230 28857.5 1070190
9h6d 0.320117 313795 28791.5 1070190
9s6d 0.320117 313795 28791.5 1070190
Th4c 0.311865 301920 31834.5 1070190
Ts4c 0.311865 301920 31834.5 1070190
Tc4h 0.311704 301685 31897.5 1070190
Tc4s 0.311704 301685 31897.5 1070190
Th4h 0.311283 301320 31812 1070190
Th4s 0.311283 301320 31812 1070190
Ts4s 0.311283 301320 31812 1070190
Ts4h 0.311283 301320 31812 1070190
Th3c 0.309919 299838 31834.5 1070190
Ts3c 0.309919 299838 31834.5 1070190
Tc3s 0.309753 299597 31897.5 1070190
Tc3h 0.309753 299597 31897.5 1070190
Ts3h 0.309332 299232 31812 1070190
Th3s 0.309332 299232 31812 1070190
Th3h 0.309332 299232 31812 1070190
Ts3s 0.309332 299232 31812 1070190
Ts2c 0.307974 297756 31834.5 1070190
Th2c 0.307974 297756 31834.5 1070190
Tc2s 0.307802 297509 31897.5 1070190
Tc2h 0.307802 297509 31897.5 1070190
Ts2s 0.307381 297144 31812 1070190
Ts2h 0.307381 297144 31812 1070190
Th2h 0.307381 297144 31812 1070190
Th2s 0.307381 297144 31812 1070190
9s8c 0.302807 298050 26011.5 1070190
9h8c 0.302807 298050 26011.5 1070190
9c8s 0.302772 297986 26037.5 1070190
9c8h 0.302772 297986 26037.5 1070190
9s8s 0.302244 297469 25989 1070190
9h8s 0.302244 297469 25989 1070190
9h8h 0.302244 297469 25989 1070190
9s8h 0.302244 297469 25989 1070190
8d7c 0.301033 295112 27051 1070190
8d7h 0.300502 294566 27028.5 1070190
8d7s 0.300502 294566 27028.5 1070190
8c7c 0.299941 294343 26650.5 1070190
8c7d 0.299727 293876 26889 1070190
8s7d 0.299219 293385 26836.5 1070190
8h7d 0.299219 293385 26836.5 1070190
9d4c 0.296166 284999 31955 1070190
9d4h 0.295619 284436 31932.5 1070190
9d4s 0.295619 284436 31932.5 1070190
9h7c 0.295231 288124 27829.5 1070190
9s7c 0.295231 288124 27829.5 1070190
9c7s 0.295168 288020 27865.5 1070190
9c7h 0.295168 288020 27865.5 1070190
8d6c 0.294773 287034 28429.5 1070190
9h7h 0.294673 287549 27807 1070190
9h7s 0.294673 287549 27807 1070190
9s7s 0.294673 287549 27807 1070190
9s7h 0.294673 287549 27807 1070190
9d3c 0.294313 283016 31955 1070190
8d6h 0.294248 286494 28407 1070190
8d6s 0.294248 286494 28407 1070190
8c6c 0.2939 286597 27931.5 1070190
9d3h 0.29376 282447 31932.5 1070190
9d3s 0.29376 282447 31932.5 1070190
9c4c 0.293188 282638 31129 1070190
9d2c 0.29246 281033 31955 1070190
8c6d 0.292055 284330 28224 1070190
9d2s 0.291902 280458 31932.5 1070190
9d2h 0.291902 280458 31932.5 1070190
8s6d 0.291573 283875 28164 1070190
8h6d 0.291573 283875 28164 1070190
9c3c 0.291288 280604 31129 1070190
9c2c 0.289387 278570 31129 1070190
9s6c 0.289155 280258 29193 1070190
9h6c 0.289155 280258 29193 1070190
9c6h 0.289071 280124 29236.5 1070190
9c6s 0.289071 280124 29236.5 1070190
9c4d 0.288883 277559 31600.5 1070190
9h6s 0.288602 279689 29170.5 1070190
9h6h 0.288602 279689 29170.5 1070190
9s6h 0.288602 279689 29170.5 1070190
9s6s 0.288602 279689 29170.5 1070190
9h4d 0.288447 277175 31518.5 1070190
9s4d 0.288447 277175 31518.5 1070190
9c3d 0.285669 274120 31600.5 1070190
9h3d 0.285234 273736 31518.5 1070190
9s3d 0.285234 273736 31518.5 1070190
9c2d 0.282482 270709 31600.5 1070190
9h2d 0.282047 270325 31518.5 1070190
9s2d 0.282047 270325 31518.5 1070190
7c6c 0.278526 271082 26994 1070190
7d6c 0.277223 269324 27357 1070190
7d6h 0.276723 268812 27334.5 1070190
7d6s 0.276723 268812 27334.5 1070190
7c6d 0.275924 268077 27214.5 1070190
7h6d 0.275448 267620 27162 1070190
7s6d 0.275448 267620 27162 1070190
8d4c 0.266894 254546 31081.5 1070190
8s7c 0.266537 258056 27189 1070190
8h7c 0.266537 258056 27189 1070190
8c7s 0.266513 258001 27219 1070190
8c7h 0.266513 258001 27219 1070190
8d4s 0.266373 254011 31059 1070190
8d4h 0.266373 254011 31059 1070190
8c4c 0.266229 254517 30398.5 1070190
8h7s 0.266006 257510 27166.5 1070190
8s7s 0.266006 257510 27166.5 1070190
8h7h 0.266006 257510 27166.5 1070190
8s7h 0.266006 257510 27166.5 1070190
8c4d 0.260737 248245 30793 1070190
8h4d 0.260288 247840 30718 1070190
8s4d 0.260288 247840 30718 1070190
8s6c 0.260235 249948 28552.5 1070190
8h6c 0.260235 249948 28552.5 1070190
8c6s 0.26019 249863 28590 1070190
8c6h 0.26019 249863 28590 1070190
9s4c 0.260042 246290 32004 1070190
9h4c 0.260042 246290 32004 1070190
9c4h 0.25993 246111 32063.5 1070190
9c4s 0.25993 246111 32063.5 1070190
8h6h 0.259709 249408 28530 1070190
8h6s 0.259709 249408 28530 1070190
8s6h 0.259709 249408 28530 1070190
8s6s 0.259709 249408 28530 1070190
9h4s 0.259495 245727 31981.5 1070190
9s4h 0.259495 245727 31981.5 1070190
9s4s 0.259495 245727 31981.5 1070190
9h4h 0.259495 245727 31981.5 1070190
9s3c 0.258096 244208 32004 1070190
9h3c 0.258096 244208 32004 1070190
9c3s 0.257979 244023 32063.5 1070190
9c3h 0.257979 244023 32063.5 1070190
9h3s 0.257544 243639 31981.5 1070190
9s3h 0.257544 243639 31981.5 1070190
9s3s 0.257544 243639 31981.5 1070190
9h3h 0.257544 243639 31981.5 1070190
9h2c 0.256151 242126 32004 1070190
9s2c 0.256151 242126 32004 1070190
9c2h 0.256028 241935 32063.5 1070190
9c2s 0.256028 241935 32063.5 1070190
9h2h 0.255592 241551 31981.5 1070190
9s2h 0.255592 241551 31981.5 1070190
9s2s 0.255592 241551 31981.5 1070190
9h2s 0.255592 241551 31981.5 1070190
8d3c 0.252612 239172 31171 1070190
8c3c 0.252156 239372 30482.5 1070190
8d3s 0.252093 238639 31148.5 1070190
8d3h 0.252093 238639 31148.5 1070190
7c4c 0.250934 239170 29377 1070190
8d2c 0.250759 237189 31171 1070190
8c2c 0.250255 237338 30482.5 1070190
8d2h 0.250235 236650 31148.5 1070190
8d2s 0.250235 236650 31148.5 1070190
7d4c 0.249427 237015 29919.5 1070190
7d4s 0.248932 236508 29897 1070190
7d4h 0.248932 236508 29897 1070190
8c3d 0.245078 231400 30880 1070190
7c4d 0.244688 232166 29696.5 1070190
8s3d 0.244634 231000 30804.5 1070190
8h3d 0.244634 231000 30804.5 1070190
7h4d 0.244244 231758 29629.5 1070190
7s4d 0.244244 231758 29629.5 1070190
7h6c 0.244134 233737 27532.5 1070190
7s6c 0.244134 233737 27532.5 1070190
7c6s 0.24411 233682 27562.5 1070190
7c6h 0.24411 233682 27562.5 1070190
7s6s 0.243634 233225 27510 1070190
7h6h 0.243634 233225 27510 1070190
7s6h 0.243634 233225 27510 1070190
7h6s 0.243634 233225 27510 1070190
6c4c 0.242458 231644 27832.5 1070190
8c2d 0.241891 227989 30880 1070190
8s2d 0.241446 227589 30804.5 1070190
8h2d 0.241446 227589 30804.5 1070190
6d4c 0.238963 227512 28224 1070190
6d4s 0.238495 227033 28201.5 1070190
6d4h 0.238495 227033 28201.5 1070190
7c3c 0.236861 224025 29461 1070190
6c4d 0.235641 224117 28063.5 1070190
6s4d 0.235204 223706 28006.5 1070190
6h4d 0.235204 223706 28006.5 1070190
7d3c 0.23514 221636 30009 1070190
7d3s 0.234647 221130 29986.5 1070190
7d3h 0.234647 221130 29986.5 1070190
8s4c 0.231515 216581 31184.5 1070190
8h4c 0.231515 216581 31184.5 1070190
8c4s 0.231443 216451 31237 1070190
8c4h 0.231443 216451 31237 1070190
8s4h 0.230994 216046 31162 1070190
8h4s 0.230994 216046 31162 1070190
8h4h 0.230994 216046 31162 1070190
8s4s 0.230994 216046 31162 1070190
7c3d 0.229034 215326 29783.5 1070190
7s3d 0.228595 214924 29716 1070190
7h3d 0.228595 214924 29716 1070190
6c3c 0.228385 216499 27916.5 1070190
6d3c 0.224676 212133 28313.5 1070190
6d3s 0.224209 211655 28291 1070190
6d3h 0.224209 211655 28291 1070190
7c2c 0.222261 208484 29377 1070190
7d2c 0.220311 205855 29919.5 1070190
6c3d 0.219987 207277 28150.5 1070190
7d2s 0.21982 205352 29897 1070190
7d2h 0.21982 205352 29897 1070190
6s3d 0.219554 206872 28093 1070190
6h3d 0.219554 206872 28093 1070190
8s3c 0.216628 200559 31274 1070190
8h3c 0.216628 200559 31274 1070190
8c3h 0.216553 200426 31327 1070190
8c3s 0.216553 200426 31327 1070190
8s3s 0.216109 200026 31251.5 1070190
8s3h 0.216109 200026 31251.5 1070190
8h3s 0.216109 200026 31251.5 1070190
8h3h 0.216109 200026 31251.5 1070190
7s4c 0.215498 200549 30075 1070190
7h4c 0.215498 200549 30075 1070190
7c4h 0.215447 200450 30119.5 1070190
7c4s 0.215447 200450 30119.5 1070190
7h4h 0.215003 200042 30052.5 1070190
7s4s 0.215003 200042 30052.5 1070190
7s4h 0.215003 200042 30052.5 1070190
7h4s 0.215003 200042 30052.5 1070190
8h2c 0.214682 198477 31274 1070190
8s2c 0.214682 198477 31274 1070190
8c2s 0.214602 198338 31327 1070190
8c2h 0.214602 198338 31327 1070190
8s2s 0.214158 197938 31251.5 1070190
8s2h 0.214158 197938 31251.5 1070190
8h2h 0.214158 197938 31251.5 1070190
8h2s 0.214158 197938 31251.5 1070190
6c2c 0.213785 200958 27832.5 1070190
4c3c 0.213158 200164 27955.5 1070190
7c2d 0.212853 198097 29696.5 1070190
7s2d 0.21242 197700 29629.5 1070190
7h2d 0.21242 197700 29629.5 1070190
6d2c 0.209842 196347 28224 1070190
6d2s 0.209376 195871 28201.5 1070190
6d2h 0.209376 195871 28201.5 1070190
6h4c 0.206646 192730 28420.5 1070190
6s4c 0.206646 192730 28420.5 1070190
6c4s 0.206615 192662 28455 1070190
6c4h 0.206615 192662 28455 1070190
6h4s 0.206177 192251 28398 1070190
6h4h 0.206177 192251 28398 1070190
6s4h 0.206177 192251 28398 1070190
6s4s 0.206177 192251 28398 1070190
4d3c 0.20564 191788 28286 1070190
4d3h 0.205215 191373 28246 1070190
4d3s 0.205215 191373 28246 1070190
4c3d 0.204396 190457 28286 1070190
4h3d 0.203975 190046 28246 1070190
4s3d 0.203975 190046 28246 1070190
6c2d 0.203811 190053 28063.5 1070190
6h2d 0.203385 189654 28006.5 1070190
6s2d 0.203385 189654 28006.5 1070190
7h3c 0.200612 184528 30164.5 1070190
7s3c 0.200612 184528 30164.5 1070190
7c3h 0.200556 184424 30209.5 1070190
7c3s 0.200556 184424 30209.5 1070190
7s3s 0.200118 184022 30142 1070190
7s3h 0.200118 184022 30142 1070190
7h3h 0.200118 184022 30142 1070190
7h3s 0.200118 184022 30142 1070190
4c2c 0.198771 184683 28039.5 1070190
3c2c 0.197464 183285 28039.5 1070190
6s3c 0.191759 176709 28510 1070190
6h3c 0.191759 176709 28510 1070190
6c3s 0.191724 176636 28545 1070190
6c3h 0.191724 176636 28545 1070190
6h3h 0.191292 176231 28487.5 1070190
6s3h 0.191292 176231 28487.5 1070190
6s3s 0.191292 176231 28487.5 1070190
6h3s 0.191292 176231 28487.5 1070190
4d2c 0.191026 176061 28373 1070190
4d2s 0.190603 175649 28332.5 1070190
4d2h 0.190603 175649 28332.5 1070190
4c2d 0.188436 173287 28375.5 1070190
3d2c 0.188399 173250 28373 1070190
4s2d 0.18802 172882 28335.5 1070190
4h2d 0.18802 172882 28335.5 1070190
3d2s 0.187976 172838 28332.5 1070190
3d2h 0.187976 172838 28332.5 1070190
3c2d 0.187184 171947 28375.5 1070190
3s2d 0.186765 171539 28335.5 1070190
3h2d 0.186765 171539 28335.5 1070190
7s2c 0.185162 168084 30075 1070190
7h2c 0.185162 168084 30075 1070190
7c2s 0.185105 167978 30119.5 1070190
7c2h 0.185105 167978 30119.5 1070190
7h2s 0.184671 167581 30052.5 1070190
7s2h 0.184671 167581 30052.5 1070190
7s2s 0.184671 167581 30052.5 1070190
7h2h 0.184671 167581 30052.5 1070190
6s2c 0.176311 160266 28420.5 1070190
6h2c 0.176311 160266 28420.5 1070190
6c2h 0.176272 160189 28455 1070190
6c2s 0.176272 160189 28455 1070190
4s3c 0.176205 159991 28581.5 1070190
4h3c 0.176205 159991 28581.5 1070190
4c3s 0.176201 159987 28581.5 1070190
4c3h 0.176201 159987 28581.5 1070190
6h2s 0.175845 159790 28398 1070190
6h2h 0.175845 159790 28398 1070190
6s2h 0.175845 159790 28398 1070190
6s2s 0.175845 159790 28398 1070190
4h3s 0.17578 159576 28541.5 1070190
4h3h 0.17578 159576 28541.5 1070190
4s3s 0.17578 159576 28541.5 1070190
4s3h 0.17578 159576 28541.5 1070190
4h2c 0.160982 143610 28671.5 1070190
4s2c 0.160982 143610 28671.5 1070190
4c2s 0.160975 143603 28671 1070190
4c2h 0.160975 143603 28671 1070190
4s2s 0.160559 143198 28631 1070190
4s2h 0.160559 143198 28631 1070190
4h2s 0.160559 143198 28631 1070190
4h2h 0.160559 143198 28631 1070190
3h2c 0.15966 142195 28671.5 1070190
3s2c 0.15966 142195 28671.5 1070190
3c2s 0.159656 142191 28671 1070190
3c2h 0.159656 142191 28671 1070190
3h2h 0.159237 141783 28631 1070190
3h2s 0.159237 141783 28631 1070190
3s2h 0.159237 141783 28631 1070190
3s2s 0.159237 141783 28631 1070190
