9h7h 0.941937 985570 22481.5 1070190
9d7d 0.941856 985483 22481.5 1070190
9c7c 0.941807 985431 22481.5 1070190
9h7d 0.940918 984102 22858.5 1070190
9d7c 0.940918 984102 22858.5 1070190
9d7h 0.940918 984102 22858.5 1070190
9h7c 0.940918 984102 22858.5 1070190
9c7h 0.940918 984102 22858.5 1070190
9c7d 0.940918 984102 22858.5 1070190
9s7h 0.940174 983430 22734.5 1070190
9s7d 0.940174 983430 22734.5 1070190
9s7c 0.940174 983430 22734.5 1070190
9h7s 0.940132 983382 22738 1070190
9d7s 0.940132 983382 22738 1070190
9c7s 0.940132 983382 22738 1070190
9s7s 0.939388 982710 22614 1070190
TdTc 0.911762 969245 6514 1070190
TsTd 0.911405 968866 6510 1070190
TsTc 0.911399 968860 6510 1070190
8h8c 0.906337 963374 6578.5 1070190
8s8c 0.905973 962989 6574.5 1070190
8s8h 0.905973 962989 6574.5 1070190
6h6d 0.900219 956771 6634 1070190
6s6d 0.899861 956392 6630 1070190
6s6h 0.899855 956386 6630 1070190
Tc8c 0.859193 910654 8846 1070190
Td8h 0.852629 903163 9312 1070190
Td8c 0.852528 903033 9334 1070190
Tc8h 0.852522 903027 9334 1070190
Td8s 0.852185 902692 9308 1070190
Ts8h 0.852185 902692 9308 1070190
Ts8c 0.852084 902562 9330 1070190
Tc8s 0.852079 902556 9330 1070190
Ts8s 0.851741 902221 9304 1070190
Td6d 0.84759 895465 11617 1070190
Td6h 0.840611 887508 12105 1070190
Tc6h 0.840606 887500 12108 1070190
Tc6d 0.840511 887376 12130 1070190
Ts6h 0.840268 887167 12079 1070190
Ts6d 0.840172 887043 12101 1070190
Td6s 0.840172 887043 12101 1070190
Tc6s 0.840168 887035 12104 1070190
Ts6s 0.839829 886702 12075 1070190
8h6h 0.826741 873031 11738.5 1070190
8c6d 0.819101 864364 12229.5 1070190
8h6d 0.8191 864366 12226.5 1070190
8c6h 0.819035 864272 12251.5 1070190
8s6d 0.818757 864025 12200.5 1070190
8c6s 0.818698 863937 12225.5 1070190
8h6s 0.818697 863939 12222.5 1070190
8s6h 0.818692 863933 12222.5 1070190
8s6s 0.818354 863598 12196.5 1070190
AhAd 0.802704 852045 7001 1070190
AdAc 0.802704 852045 7001 1070190
AhAc 0.802704 852045 7001 1070190
AsAh 0.801925 851215 6997 1070190
AsAc 0.801925 851215 6997 1070190
AsAd 0.801925 851215 6997 1070190
Td9d 0.794455 830076 20141.5 1070190
Tc9c 0.794379 830007 20129.5 1070190
Td9h 0.785328 819502 20948.5 1070190
Tc9h 0.785326 819500 20948.5 1070190
Tc9d 0.785274 819426 20966 1070190
Td9c 0.785274 819426 20966 1070190
Ts9h 0.784671 818842 20905 1070190
Td9s 0.784642 818830 20886.5 1070190
Tc9s 0.784641 818828 20886.5 1070190
Ts9d 0.784618 818768 20922.5 1070190
Ts9c 0.784616 818766 20922.5 1070190
Ts9s 0.783985 818170 20843 1070190
KdKc 0.783732 831741 7001 1070190
KhKd 0.783732 831741 7001 1070190
KhKc 0.783732 831741 7001 1070190
KsKh 0.782953 830911 6997 1070190
KsKd 0.782953 830911 6997 1070190
KsKc 0.782953 830911 6997 1070190
Td7d 0.778284 809441 23470.5 1070190
Tc7c 0.778163 809268 23514.5 1070190
QhQd 0.775893 822732 7621 1070190
QhQc 0.775892 822731 7621 1070190
QdQc 0.775892 822731 7621 1070190
QsQh 0.775146 821941 7613 1070190
QsQd 0.775146 821941 7613 1070190
QsQc 0.775146 821940 7613 1070190
AdTd 0.773904 818871 9353 1070190
AcTc 0.773836 818799 9353 1070190
JdTd 0.770609 817735 6963 1070190
JcTc 0.770518 817647 6954 1070190
QdTd 0.769284 811658 11622.5 1070190
QcTc 0.76921 811584 11616.5 1070190
Td7h 0.768303 797797 24433.5 1070190
Tc7h 0.768295 797792 24429.5 1070190
Tc7d 0.768241 797717 24447 1070190
Td7c 0.768236 797705 24453 1070190
Ts7h 0.767693 797205 24372 1070190
Ts7d 0.767639 797130 24389.5 1070190
Ts7c 0.767625 797113 24391.5 1070190
Td7s 0.767617 797125 24371.5 1070190
Tc7s 0.767609 797120 24367.5 1070190
KdTd 0.767545 811298 10121 1070190
KcTc 0.767481 811232 10118 1070190
Ts7s 0.767007 796533 24310 1070190
JhJd 0.765986 818016 1735 1070190
JdJc 0.765985 818014 1735 1070190
JhJc 0.765985 818014 1735 1070190
JsJh 0.765239 817224 1727 1070190
JsJd 0.765239 817224 1727 1070190
JsJc 0.765237 817222 1727 1070190
AhTd 0.761432 804992 9885 1070190
AhTc 0.761432 804992 9885 1070190
AdTc 0.761362 804895 9907 1070190
AcTd 0.761362 804895 9907 1070190
AhTs 0.7607 804234 9859 1070190
AdTs 0.760629 804137 9881 1070190
AcTs 0.760629 804137 9881 1070190
AsTc 0.760571 804074 9881 1070190
AsTd 0.760571 804074 9881 1070190
AsTs 0.759838 803316 9855 1070190
JhTd 0.759082 805068 7294 1070190
JhTc 0.75908 805066 7294 1070190
JdTc 0.759013 804973 7315.5 1070190
JcTd 0.759013 804973 7315.5 1070190
JhTs 0.758443 804417 7261 1070190
JdTs 0.758376 804324 7282.5 1070190
JcTs 0.758374 804322 7282.5 1070190
JsTd 0.758256 804192 7286 1070190
JsTc 0.758254 804190 7286 1070190
JsTs 0.757617 803541 7253 1070190
QhTd 0.757401 798293 12270.5 1070190
QhTc 0.757401 798292 12270.5 1070190
QcTd 0.757333 798198 12292 1070190
QdTc 0.757333 798198 12292 1070190
QhTs 0.756734 797612 12237 1070190
QdTs 0.756666 797518 12258.5 1070190
QcTs 0.756665 797517 12258.5 1070190
QsTd 0.756575 797417 12262.5 1070190
QsTc 0.756575 797416 12262.5 1070190
QsTs 0.755908 796736 12229 1070190
KhTc 0.755017 797327 10685 1070190
KhTd 0.755017 797327 10685 1070190
KdTc 0.754947 797230 10707 1070190
KcTd 0.754947 797230 10707 1070190
KhTs 0.754321 796612 10655 1070190
KcTs 0.754251 796515 10677 1070190
KdTs 0.754251 796515 10677 1070190
KsTc 0.754156 796409 10681 1070190
KsTd 0.754156 796409 10681 1070190
KsTs 0.75346 795694 10651 1070190
9h9d 0.742356 783495 10967 1070190
9h9c 0.742354 783493 10967 1070190
9d9c 0.742322 783459 10967 1070190
9s9h 0.741764 782923 10905 1070190
9s9d 0.741732 782889 10905 1070190
9s9c 0.74173 782887 10905 1070190
9h8h 0.735992 763773 23878.5 1070190
9c8c 0.734721 762357 23934.5 1070190
Td5d 0.726625 756618 21008.5 1070190
Tc5c 0.726606 756618 20988.5 1070190
Td4d 0.726329 756183 21127.5 1070190
Tc4c 0.726311 756183 21107.5 1070190
9d8h 0.723398 749312 24861.5 1070190
9d8c 0.723397 749319 24853.5 1070190
9h8c 0.723392 749296 24871 1070190
9c8h 0.723359 749253 24879 1070190
8h7h 0.723073 749711 24114.5 1070190
9s8h 0.72276 748691 24799.5 1070190
9d8s 0.72276 748693 24797.5 1070190
9s8c 0.722759 748698 24791.5 1070190
9h8s 0.722755 748670 24815 1070190
9c8s 0.722721 748634 24815 1070190
9s8s 0.722122 748072 24735.5 1070190
8c7c 0.721894 748391 24172.5 1070190
Td3d 0.72071 750994 20302.5 1070190
Tc3c 0.720691 750994 20282.5 1070190
Td2d 0.720643 750922 20302.5 1070190
Tc2c 0.720618 750916 20282.5 1070190
Td5h 0.712921 740863 22097.5 1070190
Tc5h 0.712919 740863 22095.5 1070190
Td5c 0.712837 740750 22120.5 1070190
Tc5d 0.712835 740750 22119 1070190
Td4h 0.712616 740410 22224.5 1070190
Tc4h 0.712614 740410 22222.5 1070190
Td4c 0.712532 740297 22247.5 1070190
Tc4d 0.71253 740297 22246 1070190
Ts5h 0.712413 740409 22008 1070190
Ts5d 0.712329 740296 22031.5 1070190
Ts5c 0.712329 740296 22031 1070190
Ts4h 0.71211 739959 22134 1070190
Td5s 0.712095 739987 22089.5 1070190
Tc5s 0.712093 739987 22087.5 1070190
Ts4d 0.712026 739846 22157.5 1070190
Ts4c 0.712026 739846 22157 1070190
Td4s 0.71179 739534 22216.5 1070190
Tc4s 0.711788 739534 22214.5 1070190
Ts5s 0.711587 739533 22000 1070190
Ts4s 0.711284 739083 22126 1070190
8h7d 0.709866 734578 25113.5 1070190
8c7d 0.709858 734575 25107.5 1070190
8c7h 0.709852 734551 25125 1070190
8h7c 0.709823 734512 25133 1070190
8s7d 0.709251 733986 25047.5 1070190
8s7h 0.709245 733962 25065 1070190
8h7s 0.709228 733957 25051.5 1070190
8c7s 0.709219 733954 25045.5 1070190
8s7c 0.709208 733920 25067 1070190
8s7s 0.708613 733365 24985.5 1070190
Td3h 0.706419 734659 21343.5 1070190
Tc3h 0.706417 734659 21341.5 1070190
Td2h 0.706352 734587 21343.5 1070190
Tc2h 0.70635 734587 21341.5 1070190
Td3c 0.706333 734544 21367 1070190
Tc3d 0.706332 734544 21365.5 1070190
Td2c 0.706266 734472 21367 1070190
Tc2d 0.706265 734472 21365.5 1070190
Ts3h 0.705919 734214 21253 1070190
Ts2h 0.705851 734142 21253 1070190
Ts3d 0.705834 734099 21277 1070190
Ts3c 0.705833 734099 21276.5 1070190
Ts2d 0.705766 734027 21277 1070190
Ts2c 0.705766 734027 21276.5 1070190
Td3s 0.705557 733741 21339.5 1070190
Tc3s 0.705556 733741 21337.5 1070190
Td2s 0.70549 733669 21339.5 1070190
Tc2s 0.705488 733669 21337.5 1070190
Ts3s 0.705057 733296 21249 1070190
Ts2s 0.70499 733224 21249 1070190
Ah8h 0.701782 741494 9546.5 1070190
Ac8c 0.700575 740202 9546.5 1070190
Jh8h 0.69983 741795 7156.5 1070190
Jc8c 0.698599 740486 7147.5 1070190
Qh8h 0.698507 735719 11816 1070190
Qc8c 0.69729 734423 11810 1070190
Kh8h 0.695429 733927 10314.5 1070190
Kc8c 0.694219 732635 10311.5 1070190
Ad8c 0.68479 722777 10078.5 1070190
Ad8h 0.68479 722777 10078.5 1070190
Ah8c 0.684761 722724 10100.5 1070190
Ac8h 0.684728 722689 10100.5 1070190
Ad8s 0.684058 722019 10052.5 1070190
Ah8s 0.684029 721966 10074.5 1070190
Ac8s 0.683996 721931 10074.5 1070190
As8h 0.68397 721903 10074.5 1070190
As8c 0.68397 721903 10074.5 1070190
Jd8h 0.683869 724382 7487.5 1070190
Jd8c 0.683867 724380 7487.5 1070190
Jh8c 0.68384 724330 7509 1070190
Jc8h 0.683808 724296 7509 1070190
As8s 0.683237 721145 10048.5 1070190
Jd8s 0.68323 723731 7454.5 1070190
Jh8s 0.683203 723681 7476 1070190
Jc8s 0.683169 723645 7476 1070190
Js8h 0.683083 723549 7479.5 1070190
Js8c 0.683081 723547 7479.5 1070190
Js8s 0.682444 722898 7446.5 1070190
Qd8h 0.682188 717607 12464 1070190
Qd8c 0.682187 717606 12464 1070190
Qh8c 0.68216 717555 12485.5 1070190
Qc8h 0.682128 717521 12485.5 1070190
Qd8s 0.681521 716926 12430.5 1070190
Qh8s 0.681493 716875 12452 1070190
Qc8s 0.68146 716840 12452 1070190
Qs8h 0.681402 716774 12456 1070190
Qs8c 0.681401 716773 12456 1070190
Qs8s 0.680735 716093 12422.5 1070190
Kd8h 0.678375 715112 10878.5 1070190
Kd8c 0.678375 715112 10878.5 1070190
Kh8c 0.678346 715059 10900.5 1070190
Kc8h 0.678314 715024 10900.5 1070190
Kd8s 0.677679 714397 10848.5 1070190
Kh8s 0.67765 714344 10870.5 1070190
Kc8s 0.677618 714309 10870.5 1070190
Ks8h 0.677555 714238 10874.5 1070190
Ks8c 0.677555 714238 10874.5 1070190
Ks8s 0.676859 713523 10844.5 1070190
9h6h 0.676804 700302 24007 1070190
9d6d 0.676627 700044 24075 1070190
9h6d 0.661882 683340 24999.5 1070190
9c6d 0.661876 683349 24984 1070190
9c6h 0.661875 683340 24992 1070190
9d6h 0.661875 683324 25007.5 1070190
7h7d 0.661782 697096 11136 1070190
7d7c 0.661744 697054 11138 1070190
7h7c 0.661742 697052 11138 1070190
9s6d 0.661276 682771 24920 1070190
9s6h 0.661275 682762 24928 1070190
9h6s 0.661245 682714 24943.5 1070190
9c6s 0.661239 682723 24928 1070190
9d6s 0.661238 682707 24943.5 1070190
7s7d 0.661191 696526 11074 1070190
7s7h 0.661189 696524 11074 1070190
7s7c 0.661152 696482 11076 1070190
9s6s 0.660639 682145 24864 1070190
7d6d 0.65966 677954 28007.5 1070190
7h6h 0.659596 677900 27993.5 1070190
8h5h 0.65374 678023 21602.5 1070190
8h4h 0.653451 677595 21721.5 1070190
8c5c 0.652543 676752 21592.5 1070190
8c4c 0.65223 676298 21711.5 1070190
8h3h 0.647215 671746 20896.5 1070190
8h2h 0.647147 671674 20896.5 1070190
8c3c 0.645963 670417 20886.5 1070190
8c2c 0.64589 670339 20886.5 1070190
7d6h 0.644061 660066 29202 1070190
7h6d 0.644059 660066 29200 1070190
7c6h 0.644053 660073 29186.5 1070190
7c6d 0.644053 660075 29184.5 1070190
7d6s 0.643477 659531 29112 1070190
7h6s 0.643475 659529 29112 1070190
7c6s 0.643469 659538 29096.5 1070190
7s6h 0.643461 659503 29122.5 1070190
7s6d 0.643461 659505 29120.5 1070190
7s6s 0.642877 658968 29032.5 1070190
8h5d 0.635716 657613 22723.5 1070190
8c5d 0.635714 657615 22719.5 1070190
8c5h 0.635688 657563 22743.5 1070190
8h5c 0.635659 657529 22746.5 1070190
8h4d 0.635412 657161 22850.5 1070190
8c4d 0.635409 657162 22846.5 1070190
8c4h 0.635383 657110 22870.5 1070190
8h4c 0.635354 657076 22873.5 1070190
8s5d 0.635204 657159 22629.5 1070190
8s5h 0.635177 657107 22653.5 1070190
8s5c 0.635147 657075 22652.5 1070190
8h5s 0.634947 656798 22715.5 1070190
8c5s 0.634945 656800 22711.5 1070190
8s4d 0.634902 656710 22755.5 1070190
8s4h 0.634876 656658 22779.5 1070190
8s4c 0.634844 656625 22778.5 1070190
8h4s 0.634643 656346 22842.5 1070190
8c4s 0.63464 656347 22838.5 1070190
8s5s 0.634435 656344 22621.5 1070190
8s4s 0.634133 655895 22747.5 1070190
8h3d 0.62855 650698 21969.5 1070190
8c3d 0.628546 650698 21965.5 1070190
8c3h 0.628519 650645 21990 1070190
8h3c 0.628489 650610 21993 1070190
8h2d 0.628482 650626 21969.5 1070190
8c2d 0.628479 650626 21965.5 1070190
8c2h 0.628452 650573 21990 1070190
8h2c 0.628422 650538 21993 1070190
Ad6d 0.628147 662006 10230.5 1070190
Ah6h 0.628141 662000 10230.5 1070190
8s3d 0.628045 650253 21874.5 1070190
8s3h 0.628018 650200 21899 1070190
8s3c 0.627985 650165 21898 1070190
8s2d 0.627978 650181 21874.5 1070190
8s2h 0.627951 650128 21899 1070190
8s2c 0.627917 650093 21898 1070190
8h3s 0.627746 649842 21965.5 1070190
8c3s 0.627742 649842 21961.5 1070190
8h2s 0.627679 649770 21965.5 1070190
8c2s 0.627675 649770 21961.5 1070190
8s3s 0.627241 649397 21870.5 1070190
8s2s 0.627174 649325 21870.5 1070190
Jd6d 0.623943 660166 7572 1070190
Jh6h 0.623943 660166 7572 1070190
Qd6d 0.623449 654888 12321 1070190
Qh6h 0.623449 654888 12321 1070190
Kd6d 0.620703 653361 10909 1070190
Kh6h 0.620703 653361 10909 1070190
Ac6d 0.607795 639689 10767 1070190
Ac6h 0.607795 639689 10767 1070190
Ad6h 0.607779 639654 10784.5 1070190
Ah6d 0.607779 639654 10784.5 1070190
Ac6s 0.607062 638931 10741 1070190
Ah6s 0.607046 638896 10758.5 1070190
Ad6s 0.607046 638896 10758.5 1070190
As6h 0.60702 638868 10758.5 1070190
As6d 0.60702 638868 10758.5 1070190
As6s 0.606287 638110 10732.5 1070190
Jc6d 0.604683 639220 7906 1070190
Jc6h 0.604683 639220 7906 1070190
Jd6h 0.604669 639186 7924.5 1070190
Jh6d 0.604669 639186 7924.5 1070190
Jc6s 0.604046 638571 7873 1070190
Jd6s 0.604032 638537 7891.5 1070190
Jh6s 0.604032 638537 7891.5 1070190
Js6h 0.603943 638439 7895 1070190
Js6d 0.603943 638439 7895 1070190
Qc6d 0.603821 633231 12972.5 1070190
Qc6h 0.603821 633231 12972.5 1070190
Qd6h 0.603806 633197 12990.5 1070190
Qh6d 0.603806 633197 12990.5 1070190
Js6s 0.603306 637790 7862 1070190
Qc6s 0.603155 632551 12939 1070190
Qd6s 0.60314 632517 12957 1070190
Qh6s 0.60314 632517 12957 1070190
Qs6d 0.603081 632450 12961 1070190
Qs6h 0.603081 632450 12961 1070190
Qs6s 0.602414 631770 12927.5 1070190
Kc6h 0.600294 630952 11477 1070190
Kc6d 0.600294 630952 11477 1070190
Kd6h 0.600278 630917 11495 1070190
Kh6d 0.600278 630917 11495 1070190
Kc6s 0.599598 630237 11447 1070190
Kd6s 0.599582 630202 11465 1070190
Kh6s 0.599582 630202 11465 1070190
Ks6d 0.59952 630131 11469 1070190
Ks6h 0.59952 630131 11469 1070190
Ks6s 0.598824 629416 11439 1070190
6d5d 0.576719 594685 22513.5 1070190
6h5h 0.57666 594632 22503.5 1070190
6d4d 0.576407 594232 22632.5 1070190
6h4h 0.576371 594204 22622.5 1070190
Ah9h 0.57606 594398 22096 1070190
Ad9d 0.575926 594172 22178.5 1070190
Ac9c 0.575807 594049 22174 1070190
Qh9h 0.574741 594241 20841 1070190
Qd9d 0.574631 594068 20896 1070190
Qc9c 0.574496 593928 20891.5 1070190
6d3d 0.568802 586919 21807.5 1070190
6h3h 0.568793 586919 21797.5 1070190
6d2d 0.568735 586847 21807.5 1070190
6h2h 0.568726 586847 21797.5 1070190
6d5c 0.555574 570898 23672 1070190
6h5c 0.555574 570896 23674 1070190
6h5d 0.555573 570873 23696 1070190
6d5h 0.555572 570873 23694.5 1070190
Ac9h 0.555406 571300 23089.5 1070190
Ad9h 0.555406 571300 23089.5 1070190
Ah9d 0.555355 571238 23097 1070190
Ah9c 0.555355 571238 23097 1070190
Ad9c 0.555354 571245 23089.5 1070190
Ac9d 0.555354 571245 23089.5 1070190
6h4c 0.555271 570444 23801 1070190
6d4c 0.55527 570445 23799 1070190
6h4d 0.555269 570420 23823 1070190
6d4h 0.555267 570420 23821.5 1070190
Qd9h 0.555068 572363 21665 1070190
Qc9h 0.555068 572363 21665 1070190
6s5c 0.555057 570442 23574 1070190
6s5d 0.555056 570419 23596 1070190
6s5h 0.555054 570417 23596.5 1070190
Qh9c 0.555023 572310 21670 1070190
Qh9d 0.555023 572310 21670 1070190
Qd9c 0.555021 572313 21665 1070190
Qc9d 0.555021 572313 21665 1070190
6d5s 0.554861 570144 23662.5 1070190
6h5s 0.554861 570142 23664.5 1070190
Ah9s 0.554794 570717 23017.5 1070190
Ad9s 0.554793 570724 23010 1070190
Ac9s 0.554793 570724 23010 1070190
6s4c 0.554755 569993 23700 1070190
6s4d 0.554753 569969 23722 1070190
6s4h 0.554752 569968 23722.5 1070190
As9h 0.554697 570584 23047.5 1070190
As9d 0.554646 570529 23047.5 1070190
As9c 0.554646 570529 23047.5 1070190
6h4s 0.554557 569690 23791.5 1070190
6d4s 0.554556 569691 23789.5 1070190
Qh9s 0.554454 571782 21589.5 1070190
Qd9s 0.554452 571785 21584.5 1070190
Qc9s 0.554452 571785 21584.5 1070190
Qs9h 0.554359 571651 21618.5 1070190
6s5s 0.554343 569688 23564.5 1070190
Qs9c 0.554312 571601 21618.5 1070190
Qs9d 0.554312 571601 21618.5 1070190
As9s 0.554085 570008 22968 1070190
6s4s 0.554041 569239 23690.5 1070190
Qs9s 0.553744 571073 21538 1070190
Ad7d 0.551873 564057 26552.5 1070190
Ah7h 0.551852 564051 26536 1070190
Ac7c 0.551655 563762 26614 1070190
Jh9h 0.551049 580195 9532 1070190
Jd9d 0.550939 580022 9587 1070190
Jc9c 0.550772 579848 9582.5 1070190
6h3c 0.54698 562452 22920 1070190
6d3c 0.546978 562452 22918 1070190
6h3d 0.546976 562426 22942.5 1070190
6d3h 0.546975 562426 22941 1070190
6h2c 0.546912 562380 22920 1070190
6d2c 0.54691 562380 22918 1070190
6h2d 0.546909 562354 22942.5 1070190
6d2h 0.546908 562354 22941 1070190
6s3c 0.546469 562007 22819 1070190
6s3h 0.546467 561981 22842 1070190
6s3d 0.546466 561981 22841.5 1070190
6s2c 0.546402 561935 22819 1070190
6s2h 0.546399 561909 22842 1070190
6s2d 0.546399 561909 22841.5 1070190
6h3s 0.546232 561658 22914.5 1070190
6d3s 0.546231 561658 22912.5 1070190
6h2s 0.546165 561586 22914.5 1070190
6d2s 0.546163 561586 22912.5 1070190
6s3s 0.545722 561213 22813.5 1070190
6s2s 0.545655 561141 22813.5 1070190
Ah7d 0.530432 539982 27681 1070190
Ad7h 0.530431 539982 27679.5 1070190
Ac7d 0.530429 539986 27673.5 1070190
Ac7h 0.530429 539986 27673.5 1070190
Ah7c 0.530381 539927 27681 1070190
Ad7c 0.530379 539927 27679.5 1070190
Jd9h 0.530134 557426 9918 1070190
Jc9h 0.530134 557426 9918 1070190
Jh9d 0.530089 557373 9923 1070190
Jh9c 0.530089 557373 9923 1070190
Jc9d 0.530087 557376 9918 1070190
Jd9c 0.530087 557376 9918 1070190
Ah7s 0.529871 539461 27601.5 1070190
Ad7s 0.529869 539461 27600 1070190
Ac7s 0.529868 539465 27594 1070190
As7h 0.529767 539332 27619.5 1070190
As7d 0.529767 539332 27619.5 1070190
As7c 0.529716 539277 27619.5 1070190
Jh9s 0.529492 556773 9884.5 1070190
Jd9s 0.529491 556776 9879.5 1070190
Jc9s 0.529491 556776 9879.5 1070190
Js9h 0.529426 556714 9872 1070190
Js9c 0.529379 556664 9872 1070190
Js9d 0.529379 556664 9872 1070190
As7s 0.529206 538811 27540 1070190
Js9s 0.528782 556064 9833.5 1070190
Kh9h 0.528376 544325 21138 1070190
Kd9d 0.528236 544092 21220.5 1070190
Kc9c 0.528128 543981 21216 1070190
AhQh 0.527284 551956 12338.5 1070190
AdQd 0.527273 551944 12338.5 1070190
AcQc 0.52716 551827 12334 1070190
AhKh 0.526876 552322 11535.5 1070190
AdKd 0.526864 552309 11535.5 1070190
AcKc 0.526756 552198 11531 1070190
AhJh 0.525545 555339 7094 1070190
AdJd 0.525534 555327 7094 1070190
AcJc 0.525415 555204 7089.5 1070190
QhJh 0.51866 548571 6494 1070190
QdJd 0.518642 548552 6494 1070190
QcJc 0.518507 548411 6489.5 1070190
Kc9h 0.505629 519048 22071.5 1070190
Kd9h 0.505629 519048 22071.5 1070190
Kh9c 0.505578 518986 22079 1070190
Kh9d 0.505578 518986 22079 1070190
Kd9c 0.505578 518993 22071.5 1070190
Kc9d 0.505578 518993 22071.5 1070190
Kh9s 0.505038 518484 22003 1070190
Kd9s 0.505038 518491 21995.5 1070190
Kc9s 0.505038 518491 21995.5 1070190
Ks9h 0.504922 518332 22030 1070190
Ks9c 0.50487 518277 22030 1070190
Ks9d 0.50487 518277 22030 1070190
Ks9s 0.50433 517775 21954 1070190
Kd7d 0.503266 512193 26397.5 1070190
Kh7h 0.503251 512193 26381 1070190
Kc7c 0.503059 511910 26459 1070190
AhQc 0.502223 524414 13060.5 1070190
AdQc 0.502223 524414 13060.5 1070190
AdQh 0.502223 524414 13060.5 1070190
AcQd 0.502223 524414 13060.5 1070190
AcQh 0.502223 524414 13060.5 1070190
AhQd 0.502223 524414 13060.5 1070190
AhQs 0.501485 523653 13031 1070190
AdQs 0.501485 523653 13031 1070190
AcQs 0.501485 523653 13031 1070190
AsQc 0.501483 523652 13030.5 1070190
AsQh 0.501483 523652 13030.5 1070190
AsQd 0.501483 523652 13030.5 1070190
AcKd 0.501354 524341 12203.5 1070190
AcKh 0.501354 524341 12203.5 1070190
AdKc 0.501354 524341 12203.5 1070190
AhKd 0.501354 524341 12203.5 1070190
AdKh 0.501354 524341 12203.5 1070190
AhKc 0.501354 524341 12203.5 1070190
AsQs 0.500745 522891 13001 1070190
AsKh 0.500586 523549 12173.5 1070190
AsKd 0.500586 523549 12173.5 1070190
AsKc 0.500586 523549 12173.5 1070190
AdKs 0.500583 523541 12177.5 1070190
AhKs 0.500583 523541 12177.5 1070190
AcKs 0.500583 523541 12177.5 1070190
AcJh 0.500557 528216 7475 1070190
AdJc 0.500557 528216 7475 1070190
AdJh 0.500557 528216 7475 1070190
AhJd 0.500557 528216 7475 1070190
AhJc 0.500557 528216 7475 1070190
AcJd 0.500557 528216 7475 1070190
AsJc 0.499844 527480 7448.5 1070190
AsJd 0.499844 527480 7448.5 1070190
AsJh 0.499844 527480 7448.5 1070190
AcJs 0.499818 527455 7445.5 1070190
AhJs 0.499818 527455 7445.5 1070190
AdJs 0.499818 527455 7445.5 1070190
AsKs 0.499815 522749 12147.5 1070190
AsJs 0.499106 526719 7419 1070190
QcJh 0.494309 522242 6763 1070190
QcJd 0.494309 522242 6763 1070190
QdJh 0.494309 522242 6763 1070190
QhJc 0.494309 522242 6763 1070190
QhJd 0.494309 522242 6763 1070190
QdJc 0.494309 522242 6763 1070190
QsJh 0.493585 521500 6729.5 1070190
QsJd 0.493585 521500 6729.5 1070190
QsJc 0.493585 521500 6729.5 1070190
QhJs 0.493582 521494 6732.5 1070190
QdJs 0.493582 521494 6732.5 1070190
QcJs 0.493582 521494 6732.5 1070190
QsJs 0.492857 520752 6699 1070190
Kh7d 0.479677 485826 27520 1070190
Kd7h 0.479676 485826 27518.5 1070190
Kc7d 0.479674 485830 27512.5 1070190
Kc7h 0.479674 485830 27512.5 1070190
Kh7c 0.479626 485771 27520 1070190
Kd7c 0.479625 485771 27518.5 1070190
Kh7s 0.479142 485332 27440.5 1070190
Kd7s 0.47914 485332 27439 1070190
Kc7s 0.479138 485336 27433 1070190
Ks7h 0.479013 485176 27459 1070190
Ks7d 0.479013 485176 27459 1070190
5d5c 0.47901 502862 9769.5 1070190
5h5d 0.479009 502860 9770.5 1070190
5h5c 0.479008 502860 9770 1070190
Ks7c 0.478962 485121 27459 1070190
Ks7s 0.478477 484682 27379.5 1070190
5s5d 0.47835 502165 9760 1070190
5s5c 0.478349 502165 9759.5 1070190
5s5h 0.478348 502163 9760.5 1070190
KhQh 0.472677 494474 11380.5 1070190
KdQd 0.472659 494454 11380.5 1070190
KcQc 0.472556 494349 11376 1070190
KhJh 0.470937 497856 6136 1070190
KdJd 0.470919 497837 6136 1070190
KcJc 0.470811 497726 6131.5 1070190
Qd7d 0.464399 470889 26106 1070190
Qh7h 0.464389 470889 26095 1070190
Qc7c 0.464197 470612 26167.5 1070190
4h4d 0.46196 484615 9770.5 1070190
4d4c 0.46196 484616 9769.5 1070190
4h4c 0.46196 484615 9770 1070190
4s4d 0.461301 483920 9760 1070190
4s4h 0.461301 483919 9760.5 1070190
4s4c 0.461301 483920 9759.5 1070190
Ad5d 0.446958 452390 25939.5 1070190
Ah5h 0.446937 452384 25923 1070190
Ac5c 0.446876 452291 25951.5 1070190
Ad4d 0.445156 450284 26117.5 1070190
Ah4h 0.445141 450284 26101 1070190
KdQh 0.445136 464338 12042.5 1070190
KcQh 0.445136 464338 12042.5 1070190
KcQd 0.445136 464338 12042.5 1070190
KhQd 0.445136 464338 12042.5 1070190
KdQc 0.445136 464338 12042.5 1070190
KhQc 0.445136 464338 12042.5 1070190
Ac4c 0.445075 450185 26129.5 1070190
KhQs 0.444425 463603 12016.5 1070190
KdQs 0.444425 463603 12016.5 1070190
KcQs 0.444425 463603 12016.5 1070190
KsQh 0.444397 463576 12013 1070190
KsQd 0.444397 463576 12013 1070190
KsQc 0.444397 463576 12013 1070190
KsQs 0.443686 462841 11987 1070190
KcJd 0.44347 468140 6457 1070190
KcJh 0.44347 468140 6457 1070190
KhJd 0.44347 468140 6457 1070190
KdJh 0.44347 468140 6457 1070190
KdJc 0.44347 468140 6457 1070190
KhJc 0.44347 468140 6457 1070190
KcJs 0.442759 467405 6431 1070190
KdJs 0.442759 467405 6431 1070190
KhJs 0.442759 467405 6431 1070190
KsJh 0.442758 467404 6431 1070190
KsJc 0.442758 467404 6431 1070190
KsJd 0.442758 467404 6431 1070190
KsJs 0.442047 466669 6405 1070190
Jd7d 0.44041 456525 14797 1070190
Jh7h 0.440399 456525 14786 1070190
Jc7c 0.440177 456214 14858.5 1070190
Qh7d 0.439434 443062 27216 1070190
Qd7h 0.439433 443062 27215 1070190
Qc7h 0.439431 443066 27209 1070190
Qc7d 0.439431 443066 27209 1070190
Qh7c 0.439383 443007 27216 1070190
Qd7c 0.439382 443007 27215 1070190
7d5d 0.43926 438507 31585 1070190
7h5h 0.439133 438399 31557 1070190
7c5c 0.438922 437945 31784.5 1070190
Qh7s 0.438919 442587 27140 1070190
Qd7s 0.438918 442587 27139 1070190
Qc7s 0.438916 442591 27133 1070190
Qs7h 0.438801 442447 27153 1070190
Qs7d 0.438801 442447 27153 1070190
Qs7c 0.438749 442392 27153 1070190
7d4d 0.438489 437682 31585 1070190
7h4h 0.438412 437627 31557 1070190
Qs7s 0.438286 441972 27077 1070190
7c4c 0.438151 437120 31784.5 1070190
Ad3d 0.433808 438943 25314.5 1070190
Ah3h 0.433799 438949 25298 1070190
Ac3c 0.433727 438844 25326.5 1070190
Ad2d 0.432143 437161 25314.5 1070190
Ah2h 0.432134 437167 25298 1070190
Ac2c 0.432056 437056 25326.5 1070190
3h3d 0.431981 453151 9150.5 1070190
3h3c 0.43198 453151 9150 1070190
3d3c 0.43198 453151 9149.5 1070190
3s3h 0.43129 452418 9144.5 1070190
3s3d 0.43129 452418 9144 1070190
3s3c 0.431289 452418 9143.5 1070190
Ah5c 0.419455 421562 27335 1070190
Ah5d 0.419455 421562 27335 1070190
Ad5h 0.419454 421562 27333.5 1070190
Ad5c 0.419454 421562 27333.5 1070190
Ac5h 0.419453 421562 27332 1070190
Ac5d 0.419453 421562 27332 1070190
As5h 0.418879 421033 27247.5 1070190
As5d 0.418879 421033 27247.5 1070190
As5c 0.418879 421033 27247.5 1070190
Ah5s 0.418849 420943 27305.5 1070190
Ad5s 0.418848 420943 27304 1070190
Ac5s 0.418847 420943 27302.5 1070190
As5s 0.418273 420414 27218 1070190
Ah4c 0.417637 419426 27525 1070190
Ah4d 0.417637 419426 27525 1070190
Ad4c 0.417636 419426 27523.5 1070190
Ad4h 0.417636 419426 27523.5 1070190
Ac4h 0.417634 419426 27522 1070190
Ac4d 0.417634 419426 27522 1070190
As4c 0.417063 418900 27436.5 1070190
As4d 0.417063 418900 27436.5 1070190
As4h 0.417063 418900 27436.5 1070190
Ah4s 0.417031 418807 27495.5 1070190
Ad4s 0.41703 418807 27494 1070190
Ac4s 0.417028 418807 27492.5 1070190
As4s 0.416457 418281 27407 1070190
7h5c 0.41524 411454 32931.5 1070190
7d5h 0.41524 411446 32939.5 1070190
7d5c 0.41524 411454 32931.5 1070190
7h5d 0.415239 411446 32939 1070190
7c5h 0.415193 411396 32939.5 1070190
7c5d 0.415193 411396 32939 1070190
7s5h 0.414776 411068 32821 1070190
7s5c 0.414776 411076 32813 1070190
7s5d 0.414775 411068 32820.5 1070190
7d5s 0.414678 410891 32893 1070190
7h5s 0.414678 410891 32893 1070190
7c5s 0.414631 410841 32893 1070190
7d4c 0.414507 410670 32931.5 1070190
7d4h 0.414507 410662 32939.5 1070190
7h4c 0.414507 410670 32931.5 1070190
7h4d 0.414507 410662 32939 1070190
7c4h 0.414461 410612 32939.5 1070190
7c4d 0.41446 410612 32939 1070190
Jh7d 0.414242 427849 15469 1070190
Jd7h 0.414241 427849 15468 1070190
Jc7d 0.41424 427853 15462 1070190
Jc7h 0.41424 427853 15462 1070190
7s5s 0.414214 410513 32774.5 1070190
Jh7c 0.414191 427794 15469 1070190
Jd7c 0.41419 427794 15468 1070190
7s4c 0.414044 410293 32813 1070190
7s4h 0.414044 410285 32821 1070190
7s4d 0.414044 410285 32820.5 1070190
7h4s 0.413945 410107 32893 1070190
7d4s 0.413945 410107 32893 1070190
7c4s 0.413898 410057 32893 1070190
2h2d 0.413765 433657 9150.5 1070190
2h2c 0.413765 433657 9150 1070190
2d2c 0.413764 433657 9149.5 1070190
Jh7s 0.413699 427301 15435 1070190
Jd7s 0.413698 427301 15434 1070190
Jc7s 0.413696 427305 15428 1070190
Js7h 0.413609 427234 15406.5 1070190
Js7d 0.413609 427234 15406.5 1070190
Js7c 0.413558 427179 15406.5 1070190
7s4s 0.413482 409730 32774.5 1070190
2s2h 0.413075 432924 9144.5 1070190
2s2d 0.413074 432924 9144 1070190
2s2c 0.413074 432924 9143.5 1070190
Js7s 0.413065 426686 15372.5 1070190
Ah3c 0.405511 407306 26668 1070190
Ah3d 0.405511 407306 26668 1070190
Ad3h 0.40551 407306 26666.5 1070190
Ad3c 0.40551 407306 26666.5 1070190
Ac3d 0.405508 407306 26665 1070190
Ac3h 0.405508 407306 26665 1070190
As3h 0.404942 406785 26579.5 1070190
As3d 0.404942 406785 26579.5 1070190
As3c 0.404942 406785 26579.5 1070190
Ah3s 0.404876 406652 26642 1070190
Ad3s 0.404874 406652 26640.5 1070190
Ac3s 0.404873 406652 26639 1070190
As3s 0.404306 406131 26553.5 1070190
Ah2d 0.403846 405524 26668 1070190
Ah2c 0.403846 405524 26668 1070190
Ad2c 0.403845 405524 26666.5 1070190
Ad2h 0.403845 405524 26666.5 1070190
Ac2h 0.403843 405524 26665 1070190
Ac2d 0.403843 405524 26665 1070190
As2h 0.403277 405003 26579.5 1070190
As2d 0.403277 405003 26579.5 1070190
As2c 0.403277 405003 26579.5 1070190
Ah2s 0.403211 404870 26642 1070190
Ad2s 0.403209 404870 26640.5 1070190
Ac2s 0.403208 404870 26639 1070190
As2s 0.402641 404349 26553.5 1070190
Kd5d 0.391426 393116 25784.5 1070190
Kh5h 0.391411 393116 25768 1070190
Kc5c 0.391356 393029 25796.5 1070190
Kd4d 0.389625 391010 25962.5 1070190
Kh4h 0.389615 391016 25946 1070190
Kc4c 0.389555 390923 25974.5 1070190
Kd3d 0.377889 379253 25159.5 1070190
Kh3h 0.377884 379265 25143 1070190
Kc3c 0.377818 379166 25171.5 1070190
Kd2d 0.376223 377471 25159.5 1070190
Kh2h 0.376219 377483 25143 1070190
Kc2c 0.376148 377378 25171.5 1070190
9h5h 0.374119 371437 28941 1070190
9d5d 0.373913 371139 29018.5 1070190
9c5c 0.37385 371076 29014 1070190
9h4h 0.372323 369337 29119 1070190
9d4d 0.372067 368986 29196.5 1070190
9c4c 0.372004 368923 29192 1070190
9h3h 0.370676 367575 29119 1070190
9d3d 0.370415 367218 29196.5 1070190
9c3c 0.370352 367155 29192 1070190
9h2h 0.369078 365865 29119 1070190
9d2d 0.368817 365508 29196.5 1070190
9c2c 0.368749 365439 29192 1070190
Kh5c 0.36139 359582 27174 1070190
Kh5d 0.36139 359582 27174 1070190
Kd5c 0.361389 359582 27172.5 1070190
Kd5h 0.361389 359582 27172.5 1070190
Kc5h 0.361387 359582 27171 1070190
Kc5d 0.361387 359582 27171 1070190
Kh5s 0.360816 358997 27144.5 1070190
Kd5s 0.360814 358997 27143 1070190
Ks5c 0.360814 359053 27087 1070190
Ks5d 0.360814 359053 27087 1070190
Ks5h 0.360814 359053 27087 1070190
Kc5s 0.360813 358997 27141.5 1070190
Ks5s 0.36024 358468 27057.5 1070190
Kh4c 0.359572 357446 27364 1070190
Kh4d 0.359572 357446 27364 1070190
Kd4c 0.35957 357446 27362.5 1070190
Kd4h 0.35957 357446 27362.5 1070190
Kc4h 0.359569 357446 27361 1070190
Kc4d 0.359569 357446 27361 1070190
Ks4h 0.358998 356920 27276 1070190
Ks4d 0.358998 356920 27276 1070190
Ks4c 0.358998 356920 27276 1070190
Kh4s 0.358997 356861 27334.5 1070190
Kd4s 0.358996 356861 27333 1070190
Kc4s 0.358995 356861 27331.5 1070190
Ks4s 0.358424 356335 27246.5 1070190
Qd5d 0.356488 355481 26029 1070190
Qh5h 0.356478 355481 26018 1070190
Qc5c 0.356424 355400 26041 1070190
Qd4d 0.354687 353375 26207 1070190
Qh4h 0.354682 353381 26196 1070190
Qc4c 0.354622 353294 26219 1070190
Kh3c 0.347032 344883 26507 1070190
Kh3d 0.347032 344883 26507 1070190
Kd3h 0.34703 344883 26505.5 1070190
Kd3c 0.34703 344883 26505.5 1070190
Kc3d 0.347029 344883 26504 1070190
Kc3h 0.347029 344883 26504 1070190
Ks3h 0.346463 344362 26419 1070190
Ks3d 0.346463 344362 26419 1070190
Ks3c 0.346463 344362 26419 1070190
Kh3s 0.346429 344264 26481 1070190
Kd3s 0.346428 344264 26479.5 1070190
Kc3s 0.346426 344264 26478 1070190
9h5c 0.346007 340034 30259.5 1070190
9h5d 0.346007 340034 30259.5 1070190
9d5h 0.345961 339983 30261.5 1070190
9c5h 0.345961 339983 30261.5 1070190
9c5d 0.345955 339978 30259.5 1070190
9d5c 0.345955 339978 30259.5 1070190
Ks3s 0.34586 343743 26393 1070190
9s5h 0.345542 339653 30143 1070190
9s5c 0.345536 339648 30141 1070190
9s5d 0.345536 339648 30141 1070190
9h5s 0.345458 339477 30229 1070190
9d5s 0.345406 339421 30229 1070190
9c5s 0.345406 339421 30229 1070190
Kh2c 0.345367 343101 26507 1070190
Kh2d 0.345367 343101 26507 1070190
Kd2c 0.345365 343101 26505.5 1070190
Kd2h 0.345365 343101 26505.5 1070190
Kc2h 0.345364 343101 26504 1070190
Kc2d 0.345364 343101 26504 1070190
9s5s 0.344987 339091 30110.5 1070190
Ks2c 0.344798 342580 26419 1070190
Ks2h 0.344798 342580 26419 1070190
Ks2d 0.344798 342580 26419 1070190
Kh2s 0.344764 342482 26481 1070190
Kd2s 0.344763 342482 26479.5 1070190
Kc2s 0.344761 342482 26478 1070190
Ks2s 0.344195 341961 26393 1070190
9h4c 0.344189 337898 30449.5 1070190
9h4d 0.344189 337898 30449.5 1070190
9d4h 0.344143 337847 30451.5 1070190
9c4h 0.344143 337847 30451.5 1070190
9c4d 0.344137 337842 30449.5 1070190
9d4c 0.344137 337842 30449.5 1070190
9s4h 0.343726 337520 30332 1070190
9s4c 0.343719 337515 30330 1070190
9s4d 0.343719 337515 30330 1070190
9h4s 0.34364 337341 30419 1070190
9d4s 0.343588 337285 30419 1070190
9c4s 0.343588 337285 30419 1070190
9s4s 0.34317 336958 30299.5 1070190
Qh3h 0.342785 341452 25393 1070190
Qd3d 0.342784 341440 25404 1070190
Qc3c 0.34272 341359 25416 1070190
9h3d 0.342411 335995 30449.5 1070190
9h3c 0.342411 335995 30449.5 1070190
9d3h 0.342365 335944 30451.5 1070190
9c3h 0.342365 335944 30451.5 1070190
9d3c 0.342358 335939 30449.5 1070190
9c3d 0.342358 335939 30449.5 1070190
9s3h 0.341948 335617 30332 1070190
9s3d 0.341941 335612 30330 1070190
9s3c 0.341941 335612 30330 1070190
9h3s 0.341844 335419 30419 1070190
9d3s 0.341792 335363 30419 1070190
9c3s 0.341792 335363 30419 1070190
9s3s 0.341374 335036 30299.5 1070190
Qh2h 0.34112 339670 25393 1070190
Qd2d 0.341119 339658 25404 1070190
Qc2c 0.341049 339571 25416 1070190
9h2c 0.340813 334285 30449.5 1070190
9h2d 0.340813 334285 30449.5 1070190
9c2h 0.340767 334234 30451.5 1070190
9d2h 0.340767 334234 30451.5 1070190
9c2d 0.340761 334229 30449.5 1070190
9d2c 0.340761 334229 30449.5 1070190
9s2h 0.34035 333907 30332 1070190
9s2d 0.340343 333902 30330 1070190
9s2c 0.340343 333902 30330 1070190
9h2s 0.340246 333709 30419 1070190
9c2s 0.340194 333653 30419 1070190
9d2s 0.340194 333653 30419 1070190
9s2s 0.339777 333326 30299.5 1070190
7d3d 0.328268 320237 31072 1070190
7h3h 0.328242 320237 31044 1070190
7c3c 0.327924 319670 31271.5 1070190
7d2d 0.32667 318527 31072 1070190
7h2h 0.326644 318527 31044 1070190
7c2c 0.3263 317932 31271.5 1070190
Qh5d 0.325346 320740 27442 1070190
Qh5c 0.325346 320740 27442 1070190
Qd5c 0.325345 320740 27441 1070190
Qd5h 0.325345 320740 27441 1070190
Qc5h 0.325344 320740 27439.5 1070190
Qc5d 0.325344 320740 27439.5 1070190
Qh5s 0.324798 320183 27412.5 1070190
Qd5s 0.324797 320183 27411.5 1070190
Qc5s 0.324796 320183 27410 1070190
Qs5d 0.324791 320234 27354.5 1070190
Qs5c 0.324791 320234 27354.5 1070190
Qs5h 0.324791 320234 27354.5 1070190
Qs5s 0.324243 319677 27325 1070190
Qh4c 0.323528 318604 27632 1070190
Qh4d 0.323528 318604 27632 1070190
Qd4h 0.323527 318604 27631 1070190
Qd4c 0.323527 318604 27631 1070190
Qc4h 0.323525 318604 27629.5 1070190
Qc4d 0.323525 318604 27629.5 1070190
Qh4s 0.32298 318047 27602.5 1070190
Qd4s 0.322979 318047 27601.5 1070190
Qc4s 0.322977 318047 27600 1070190
Qs4c 0.322975 318101 27543.5 1070190
Qs4h 0.322975 318101 27543.5 1070190
Qs4d 0.322975 318101 27543.5 1070190
Qs4s 0.322427 317544 27514 1070190
Jd5d 0.321606 323550 20629.5 1070190
Jh5h 0.321596 323550 20618.5 1070190
Jc5c 0.321547 323475 20641.5 1070190
Jd4d 0.319804 321444 20807.5 1070190
Jh4h 0.3198 321450 20796.5 1070190
Jc4c 0.319746 321369 20819.5 1070190
Qh3c 0.31081 305851 26775 1070190
Qh3d 0.31081 305851 26775 1070190
Qd3h 0.310809 305851 26774 1070190
Qd3c 0.310809 305851 26774 1070190
Qc3d 0.310808 305851 26772.5 1070190
Qc3h 0.310808 305851 26772.5 1070190
Qs3c 0.310262 305353 26686.5 1070190
Qs3d 0.310262 305353 26686.5 1070190
Qs3h 0.310262 305353 26686.5 1070190
Qh3s 0.310235 305261 26749 1070190
Qd3s 0.310234 305261 26748 1070190
Qc3s 0.310232 305261 26746.5 1070190
Qs3s 0.309687 304763 26660.5 1070190
Qh2d 0.309145 304069 26775 1070190
Qh2c 0.309145 304069 26775 1070190
Qd2h 0.309144 304069 26774 1070190
Qd2c 0.309144 304069 26774 1070190
Qc2h 0.309143 304069 26772.5 1070190
Qc2d 0.309143 304069 26772.5 1070190
Qs2d 0.308597 303571 26686.5 1070190
Qs2h 0.308597 303571 26686.5 1070190
Qs2c 0.308597 303571 26686.5 1070190
Qh2s 0.30857 303479 26749 1070190
Qd2s 0.308569 303479 26748 1070190
Qc2s 0.308567 303479 26746.5 1070190
Qs2s 0.308021 302981 26660.5 1070190
Jh3h 0.307959 309581 19993.5 1070190
Jd3d 0.307958 309569 20004.5 1070190
Jc3c 0.307899 309494 20016.5 1070190
Jh2h 0.306294 307799 19993.5 1070190
Jd2d 0.306293 307787 20004.5 1070190
Jc2c 0.306228 307706 20016.5 1070190
7d3h 0.298453 286929 32472.5 1070190
7h3d 0.298453 286929 32472 1070190
7h3c 0.298452 286936 32464.5 1070190
7d3c 0.298452 286936 32464.5 1070190
7c3h 0.298402 286874 32472.5 1070190
7c3d 0.298401 286874 32472 1070190
7s3h 0.298041 286602 32358.5 1070190
7s3d 0.298041 286602 32358 1070190
7s3c 0.29804 286609 32350.5 1070190
7h3s 0.297925 286402 32434 1070190
7d3s 0.297925 286402 32434 1070190
7c3s 0.297873 286347 32434 1070190
5c4c 0.297752 288499 30152 1070190
5d4d 0.297598 288443 30043 1070190
5h4h 0.297523 288389 30017 1070190
7s3s 0.297513 286075 32320 1070190
7d2h 0.296855 285219 32472.5 1070190
7h2d 0.296855 285219 32472 1070190
7h2c 0.296854 285226 32464.5 1070190
7d2c 0.296854 285226 32464.5 1070190
7c2h 0.296804 285164 32472.5 1070190
7c2d 0.296803 285164 32472 1070190
7s2h 0.296443 284892 32358.5 1070190
7s2d 0.296443 284892 32358 1070190
7s2c 0.296442 284899 32350.5 1070190
7h2s 0.296327 284692 32434 1070190
7d2s 0.296327 284692 32434 1070190
7c2s 0.296275 284637 32434 1070190
7s2s 0.295915 284365 32320 1070190
Jh5c 0.289018 287609 21695.5 1070190
Jh5d 0.289018 287609 21695.5 1070190
Jd5c 0.289017 287609 21694.5 1070190
Jd5h 0.289017 287609 21694.5 1070190
Jc5h 0.289016 287609 21693 1070190
Jc5d 0.289016 287609 21693 1070190
Jh5s 0.288498 287078 21669.5 1070190
Jd5s 0.288497 287078 21668.5 1070190
Jc5s 0.288496 287078 21667 1070190
Js5h 0.288464 287103 21608.5 1070190
Js5d 0.288464 287103 21608.5 1070190
Js5c 0.288464 287103 21608.5 1070190
Js5s 0.287944 286572 21582.5 1070190
Jh4d 0.2872 285473 21885.5 1070190
Jh4c 0.2872 285473 21885.5 1070190
Jd4h 0.287199 285473 21884.5 1070190
Jd4c 0.287199 285473 21884.5 1070190
Jc4h 0.287198 285473 21883 1070190
Jc4d 0.287198 285473 21883 1070190
Jh4s 0.286679 284942 21859.5 1070190
Jd4s 0.286679 284942 21858.5 1070190
Jc4s 0.286677 284942 21857 1070190
Js4h 0.286648 284970 21797.5 1070190
Js4d 0.286648 284970 21797.5 1070190
Js4c 0.286648 284970 21797.5 1070190
Js4s 0.286127 284439 21771.5 1070190
Jh3d 0.274541 272783 21028.5 1070190
Jh3c 0.274541 272783 21028.5 1070190
Jd3c 0.274541 272783 21027.5 1070190
Jd3h 0.274541 272783 21027.5 1070190
Jc3h 0.274539 272783 21026 1070190
Jc3d 0.274539 272783 21026 1070190
Jh3s 0.273994 272220 21006 1070190
Js3c 0.273994 272285 20940.5 1070190
Js3d 0.273994 272285 20940.5 1070190
Js3h 0.273994 272285 20940.5 1070190
Jd3s 0.273993 272220 21005 1070190
Jc3s 0.273992 272220 21003.5 1070190
Js3s 0.273447 271722 20918 1070190
Jh2c 0.272876 271001 21028.5 1070190
Jh2d 0.272876 271001 21028.5 1070190
Jd2h 0.272875 271001 21027.5 1070190
Jd2c 0.272875 271001 21027.5 1070190
Jc2h 0.272874 271001 21026 1070190
Jc2d 0.272874 271001 21026 1070190
Jh2s 0.272329 270438 21006 1070190
Js2h 0.272329 270503 20940.5 1070190
Js2d 0.272329 270503 20940.5 1070190
Js2c 0.272329 270503 20940.5 1070190
Jd2s 0.272328 270438 21005 1070190
Jc2s 0.272327 270438 21003.5 1070190
Js2s 0.271782 269940 20918 1070190
5h4d 0.266088 253204 31561 1070190
5d4h 0.266088 253204 31561 1070190
5h4c 0.266086 253204 31558.5 1070190
5c4h 0.266086 253204 31558.5 1070190
5d4c 0.266085 253204 31558 1070190
5c4d 0.266085 253204 31558 1070190
5s4h 0.265636 252784 31496.5 1070190
5s4d 0.265635 252784 31496 1070190
5s4c 0.265633 252784 31493.5 1070190
5h4s 0.265629 252770 31503.5 1070190
5d4s 0.265629 252770 31503 1070190
5c4s 0.265626 252770 31500.5 1070190
5s4s 0.265176 252350 31438.5 1070190
5c3c 0.202079 183904 32359 1070190
5d3d 0.201925 183848 32250 1070190
5h3h 0.201901 183848 32224 1070190
5c2c 0.200388 182094 32359 1070190
5d2d 0.20026 182066 32250 1070190
5h2h 0.200235 182066 32224 1070190
4c3c 0.198004 179543 32359 1070190
4d3d 0.197851 179488 32250 1070190
4h3h 0.197827 179488 32224 1070190
4c2c 0.196314 177734 32359 1070190
4d2d 0.196186 177706 32250 1070190
4h2h 0.196161 177706 32224 1070190
3c2c 0.184683 166242 31404 1070190
3d2d 0.184556 166215 31295 1070190
3h2h 0.184532 166215 31269 1070190
5h3d 0.165465 143112 33967 1070190
5d3h 0.165465 143112 33967 1070190
5c3h 0.165463 143112 33964.5 1070190
5h3c 0.165463 143112 33964.5 1070190
5d3c 0.165462 143112 33964 1070190
5c3d 0.165462 143112 33964 1070190
5s3h 0.165066 142748 33904 1070190
5s3d 0.165066 142748 33903.5 1070190
5s3c 0.165063 142748 33901 1070190
5h3s 0.165036 142708 33911.5 1070190
5d3s 0.165035 142708 33911 1070190
5c3s 0.165033 142708 33908.5 1070190
5s3s 0.164636 142344 33848 1070190
5h2d 0.1638 141330 33967 1070190
5d2h 0.1638 141330 33967 1070190
5h2c 0.163798 141330 33964.5 1070190
5c2h 0.163798 141330 33964.5 1070190
5c2d 0.163797 141330 33964 1070190
5d2c 0.163797 141330 33964 1070190
5s2h 0.163401 140966 33904 1070190
5s2d 0.1634 140966 33903.5 1070190
5s2c 0.163398 140966 33901 1070190
5h2s 0.163371 140926 33911.5 1070190
5d2s 0.16337 140926 33911 1070190
5c2s 0.163368 140926 33908.5 1070190
5s2s 0.162971 140562 33848 1070190
4h3d 0.161249 138600 33967 1070190
4d3h 0.161249 138600 33967 1070190
4c3h 0.161247 138600 33964.5 1070190
4h3c 0.161247 138600 33964.5 1070190
4c3d 0.161246 138600 33964 1070190
4d3c 0.161246 138600 33964 1070190
4s3h 0.160853 138236 33907.5 1070190
4s3d 0.160853 138236 33907 1070190
4s3c 0.16085 138236 33904.5 1070190
4h3s 0.16083 138211 33908 1070190
4d3s 0.16083 138211 33907.5 1070190
4c3s 0.160828 138211 33905 1070190
4s3s 0.160434 137847 33848 1070190
4d2h 0.159584 136818 33967 1070190
4h2d 0.159584 136818 33967 1070190
4c2h 0.159581 136818 33964.5 1070190
4h2c 0.159581 136818 33964.5 1070190
4c2d 0.159581 136818 33964 1070190
4d2c 0.159581 136818 33964 1070190
4s2h 0.159188 136454 33907.5 1070190
4s2d 0.159188 136454 33907 1070190
4s2c 0.159185 136454 33904.5 1070190
4h2s 0.159165 136429 33908 1070190
4d2s 0.159165 136429 33907.5 1070190
4c2s 0.159162 136429 33905 1070190
4s2s 0.158769 136065 33848 1070190
3d2h 0.147136 124514 32949 1070190
3h2d 0.147136 124514 32949 1070190
3c2h 0.147133 124514 32946.5 1070190
3h2c 0.147133 124514 32946.5 1070190
3d2c 0.147133 124514 32946 1070190
3c2d 0.147133 124514 32946 1070190
3h2s 0.146723 124131 32890 1070190
3s2h 0.146723 124131 32890 1070190
3s2d 0.146722 124131 32889.5 1070190
3d2s 0.146722 124131 32889.5 1070190
3c2s 0.14672 124131 32887 1070190
3s2c 0.14672 124131 32887 1070190
3s2s 0.146309 123748 32830.5 1070190
