JsJc 0.923054 987843 0 1070190
JhJc 0.923054 987843 0 1070190
JsJh 0.922687 987450 0 1070190
6h6d 0.921476 986034 120 1070190
6s6d 0.921476 986034 120 1070190
8h8c 0.916992 981291 64.5 1070190
8s8c 0.916992 981291 64.5 1070190
8s8h 0.916616 980889 64.5 1070190
6s6h 0.910414 974196 120 1070190
Jc8c 0.874162 932733 2786 1070190
Jc6d 0.87244 928047 5630 1070190
Js6d 0.872091 927699 5604.5 1070190
Jh6d 0.872091 927699 5604.5 1070190
Js8c 0.868998 927117 2876 1070190
Jh8c 0.868998 927117 2876 1070190
Jc8h 0.86899 927108 2876 1070190
Jc8s 0.86899 927108 2876 1070190
Jh8h 0.868643 926760 2853.5 1070190
Js8h 0.868643 926760 2853.5 1070190
Js8s 0.868643 926760 2853.5 1070190
Jh8s 0.868643 926760 2853.5 1070190
Jc6h 0.859831 914508 5675 1070190
Jc6s 0.859831 914508 5675 1070190
Js6h 0.859482 914160 5649.5 1070190
Js6s 0.859482 914160 5649.5 1070190
Jh6h 0.859482 914160 5649.5 1070190
Jh6s 0.859482 914160 5649.5 1070190
8c6d 0.846013 899499 5895.5 1070190
8s6d 0.845655 899142 5870 1070190
8h6d 0.845655 899142 5870 1070190
AdAc 0.844074 902847 472.5 1070190
AsAd 0.843261 901977 472.5 1070190
AhAd 0.843261 901977 472.5 1070190
8c6h 0.832655 885159 5940.5 1070190
8c6s 0.832655 885159 5940.5 1070190
8h6h 0.832298 884802 5915 1070190
8s6s 0.832298 884802 5915 1070190
8s6h 0.832298 884802 5915 1070190
8h6s 0.832298 884802 5915 1070190
KdKc 0.824345 881733 472.5 1070190
KsKd 0.823532 880863 472.5 1070190
KhKd 0.823532 880863 472.5 1070190
AdJc 0.821184 875517 3306 1070190
AdJs 0.82042 874722 3283.5 1070190
AdJh 0.82042 874722 3283.5 1070190
AhAc 0.817353 874251 472.5 1070190
AsAc 0.817353 874251 472.5 1070190
AsAh 0.816541 873381 472.5 1070190
QdQc 0.815009 871157 1057.5 1070190
QsQd 0.81423 870327 1053.5 1070190
QhQd 0.81423 870327 1053.5 1070190
KdJc 0.813438 866455 4078 1070190
QdJc 0.813101 864586 5587 1070190
KdJs 0.812711 865704 4051.5 1070190
KdJh 0.812711 865704 4051.5 1070190
QdJh 0.812405 863871 5557 1070190
QdJs 0.812405 863871 5557 1070190
AcJc 0.803459 856593 3261 1070190
JcTd 0.798661 847715 7004 1070190
KhKc 0.798443 854013 472.5 1070190
KsKc 0.798443 854013 472.5 1070190
JsTd 0.797994 847034 6971 1070190
JhTd 0.797994 847034 6971 1070190
QcJc 0.797801 848324 5474.5 1070190
KsKh 0.79763 853143 472.5 1070190
Jc9d 0.797182 844807 8329 1070190
KcJc 0.797038 848960 4022 1070190
Jh9d 0.796541 844157 8293.5 1070190
Js9d 0.796541 844157 8293.5 1070190
AcJs 0.792953 845214 3396 1070190
AcJh 0.792953 845214 3396 1070190
AsJc 0.792891 845148 3396 1070190
AhJc 0.792891 845148 3396 1070190
AhJh 0.792127 844353 3373.5 1070190
AhJs 0.792127 844353 3373.5 1070190
AsJs 0.792127 844353 3373.5 1070190
AsJh 0.792127 844353 3373.5 1070190
QsQc 0.790451 844883 1049.5 1070190
QhQc 0.790451 844883 1049.5 1070190
QsQh 0.789671 844053 1045.5 1070190
QcJh 0.787896 837475 5723.5 1070190
QcJs 0.787896 837475 5723.5 1070190
QsJc 0.787801 837369 5727.5 1070190
QhJc 0.787801 837369 5727.5 1070190
QsJs 0.787105 836654 5697.5 1070190
QsJh 0.787105 836654 5697.5 1070190
QhJs 0.787105 836654 5697.5 1070190
QhJh 0.787105 836654 5697.5 1070190
KcJs 0.786502 837519 4188 1070190
KcJh 0.786502 837519 4188 1070190
KhJc 0.786403 837409 4192 1070190
KsJc 0.786403 837409 4192 1070190
KhJs 0.785677 836658 4165.5 1070190
KhJh 0.785677 836658 4165.5 1070190
KsJh 0.785677 836658 4165.5 1070190
KsJs 0.785677 836658 4165.5 1070190
Jc9c 0.784804 831783 8106.5 1070190
JcTc 0.784759 833005 6836 1070190
Jc7d 0.783251 825235 12992 1070190
Jh7d 0.78267 824671 12934.5 1070190
Js7d 0.78267 824671 12934.5 1070190
Ad6d 0.777679 828990 3274.5 1070190
Js9c 0.774915 820795 8511 1070190
Jh9c 0.774915 820795 8511 1070190
Jc9h 0.774826 820698 8513.5 1070190
Jc9s 0.774826 820698 8513.5 1070190
JsTc 0.774581 821784 7164.5 1070190
JhTc 0.774581 821784 7164.5 1070190
JcTs 0.774491 821684 7168 1070190
JcTh 0.774491 821684 7168 1070190
Jh9h 0.774186 820048 8478 1070190
Jh9s 0.774186 820048 8478 1070190
Js9h 0.774186 820048 8478 1070190
Js9s 0.774186 820048 8478 1070190
JhTh 0.773823 821003 7135 1070190
JsTs 0.773823 821003 7135 1070190
JsTh 0.773823 821003 7135 1070190
JhTs 0.773823 821003 7135 1070190
Jc7c 0.772499 813946 12774.5 1070190
Kd6d 0.769199 819392 3797 1070190
Jc5d 0.768271 806028 16168 1070190
Jh5d 0.767741 805547 16082 1070190
Js5d 0.767741 805547 16082 1070190
Qd6d 0.766944 816033 4743 1070190
Jh7c 0.762083 802252 13322 1070190
Js7c 0.762083 802252 13322 1070190
Jc7h 0.76195 802087 13344.5 1070190
Jc7s 0.76195 802087 13344.5 1070190
Jc4d 0.761403 799267 15579 1070190
Js7s 0.761369 801523 13287 1070190
Js7h 0.761369 801523 13287 1070190
Jh7h 0.761369 801523 13287 1070190
Jh7s 0.761369 801523 13287 1070190
Jh4d 0.760881 798796 15491 1070190
Js4d 0.760881 798796 15491 1070190
Jc5c 0.760405 797897 15881 1070190
Td6d 0.75959 804697 8209 1070190
9d6d 0.757762 801698 9251 1070190
Jc3d 0.754786 793014 14750 1070190
Jc4c 0.754759 792401 15334.5 1070190
Js3d 0.754269 792549 14662 1070190
Jh3d 0.754269 792549 14662 1070190
Jc2d 0.753474 791610 14750 1070190
Jh2d 0.752957 791145 14662 1070190
Js2d 0.752957 791145 14662 1070190
Jc3c 0.749333 787377 14552 1070190
Jc2c 0.74926 787299 14552 1070190
Js5c 0.749122 785103 16600 1070190
Jh5c 0.749122 785103 16600 1070190
Jc5s 0.74891 784821 16655 1070190
Jc5h 0.74891 784821 16655 1070190
Js5h 0.74838 784340 16569 1070190
Js5s 0.74838 784340 16569 1070190
Jh5h 0.74838 784340 16569 1070190
Jh5s 0.74838 784340 16569 1070190
7d6d 0.745785 785480 12652 1070190
Jh4c 0.742895 779027 16012 1070190
Js4c 0.742895 779027 16012 1070190
Jc4h 0.742641 778695 16072.5 1070190
Jc4s 0.742641 778695 16072.5 1070190
Jh4s 0.742119 778224 15984.5 1070190
Jh4h 0.742119 778224 15984.5 1070190
Js4s 0.742119 778224 15984.5 1070190
Js4h 0.742119 778224 15984.5 1070190
Jh3c 0.736902 773451 15174 1070190
Js3c 0.736902 773451 15174 1070190
Js2c 0.736835 773379 15174 1070190
Jh2c 0.736835 773379 15174 1070190
Jc3s 0.736608 773073 15238 1070190
Jc3h 0.736608 773073 15238 1070190
Jc2h 0.736541 773001 15238 1070190
Jc2s 0.736541 773001 15238 1070190
Js3s 0.736092 772608 15150 1070190
Js3h 0.736092 772608 15150 1070190
Jh3s 0.736092 772608 15150 1070190
Jh3h 0.736092 772608 15150 1070190
Js2s 0.736024 772536 15150 1070190
Js2h 0.736024 772536 15150 1070190
Jh2h 0.736024 772536 15150 1070190
Jh2s 0.736024 772536 15150 1070190
TdTc 0.732575 782352 1642.5 1070190
TsTd 0.731869 781604 1634.5 1070190
ThTd 0.731869 781604 1634.5 1070190
6d5d 0.730429 768993 12704.5 1070190
Ad8c 0.727563 775131 3499.5 1070190
Ad8h 0.726799 774336 3477 1070190
Ad8s 0.726799 774336 3477 1070190
6d4d 0.725452 764054 12317 1070190
9d9c 0.723801 772377 2227.5 1070190
9s9d 0.723121 771661 2215.5 1070190
9h9d 0.723121 771661 2215.5 1070190
Qd8c 0.721514 766377 5780.5 1070190
6d3d 0.721295 760101 11821.5 1070190
6d2d 0.721244 760047 11821.5 1070190
Qd8h 0.720818 765662 5750.5 1070190
Qd8s 0.720818 765662 5750.5 1070190
Kd8c 0.719817 766069 4271.5 1070190
Kd8s 0.71909 765318 4245 1070190
Kd8h 0.71909 765318 4245 1070190
Td8c 0.714604 753503 11259.5 1070190
9d8c 0.714361 751457 13044.5 1070190
Td8h 0.713953 752848 11217.5 1070190
Td8s 0.713953 752848 11217.5 1070190
9d8s 0.713737 750839 12995 1070190
9d8h 0.713737 750839 12995 1070190
Ac8c 0.710292 756693 3454.5 1070190
AdKd 0.707904 753735 3857 1070190
AdQd 0.706952 752233 4339.5 1070190
Qc8c 0.706632 750563 5668 1070190
ThTc 0.706539 754504 1626.5 1070190
TsTc 0.706539 754504 1626.5 1070190
TsTh 0.705832 753756 1618.5 1070190
Kc8c 0.703871 749060 4215.5 1070190
9c8c 0.701919 738306 12881 1070190
Tc8c 0.700705 738712 11175.5 1070190
9h9c 0.69931 746191 2203.5 1070190
9s9c 0.69931 746191 2203.5 1070190
9s9h 0.69863 745475 2191.5 1070190
AdTd 0.697143 739649 6427 1070190
Ac8s 0.695132 740334 3589.5 1070190
Ac8h 0.695132 740334 3589.5 1070190
Ah8c 0.695104 740304 3589.5 1070190
As8c 0.695104 740304 3589.5 1070190
Td9d 0.694907 735819 7863.5 1070190
Ah8h 0.69434 739509 3567 1070190
Ah8s 0.69434 739509 3567 1070190
As8s 0.69434 739509 3567 1070190
As8h 0.69434 739509 3567 1070190
8c7d 0.693435 727847 14260.5 1070190
8h7d 0.692848 727280 14199 1070190
8s7d 0.692848 727280 14199 1070190
Qc8h 0.692209 734878 5917 1070190
Qc8s 0.692209 734878 5917 1070190
Qh8c 0.692146 734807 5921 1070190
Qs8c 0.692146 734807 5921 1070190
Ad9d 0.691524 732705 7357 1070190
Qh8s 0.69145 734092 5891 1070190
Qh8h 0.69145 734092 5891 1070190
Qs8h 0.69145 734092 5891 1070190
Qs8s 0.69145 734092 5891 1070190
Kc8h 0.688682 732639 4381.5 1070190
Kc8s 0.688682 732639 4381.5 1070190
9c8s 0.688622 723573 13383.5 1070190
9c8h 0.688622 723573 13383.5 1070190
Ks8c 0.688617 732565 4385.5 1070190
Kh8c 0.688617 732565 4385.5 1070190
9s8c 0.688554 723484 13400 1070190
9h8c 0.688554 723484 13400 1070190
9h8h 0.687931 722866 13350.5 1070190
9h8s 0.687931 722866 13350.5 1070190
9s8h 0.687931 722866 13350.5 1070190
9s8s 0.687931 722866 13350.5 1070190
Ks8h 0.68789 731814 4359 1070190
Kh8h 0.68789 731814 4359 1070190
Ks8s 0.68789 731814 4359 1070190
Kh8s 0.68789 731814 4359 1070190
Tc8s 0.686979 723631 11567 1070190
Tc8h 0.686979 723631 11567 1070190
Ts8c 0.686912 723547 11579.5 1070190
Th8c 0.686912 723547 11579.5 1070190
Th8h 0.686261 722892 11537.5 1070190
Ts8s 0.686261 722892 11537.5 1070190
Ts8h 0.686261 722892 11537.5 1070190
Th8s 0.686261 722892 11537.5 1070190
8c7c 0.682812 716677 14062 1070190
QdTd 0.677668 719031 6202 1070190
8c5d 0.676072 706017 17508.5 1070190
8s5d 0.675537 705534 17418.5 1070190
8h5d 0.675537 705534 17418.5 1070190
Ad7d 0.673921 709776 11447 1070190
Qd9d 0.672291 712795 6684.5 1070190
8s7c 0.668418 700697 14637.5 1070190
8h7c 0.668418 700697 14637.5 1070190
8c5c 0.66836 698034 17238.5 1070190
8c7h 0.66832 700565 14664 1070190
8c7s 0.66832 700565 14664 1070190
8h7s 0.667732 699998 14602.5 1070190
8h7h 0.667732 699998 14602.5 1070190
8s7h 0.667732 699998 14602.5 1070190
8s7s 0.667732 699998 14602.5 1070190
8c4d 0.667622 697563 16919.5 1070190
8h4d 0.667095 697091 16827.5 1070190
8s4d 0.667095 697091 16827.5 1070190
KdQd 0.665745 708742 3731.5 1070190
8c4c 0.661141 690854 16692 1070190
8c3d 0.660293 690549 16090.5 1070190
9d7d 0.660061 695267 11123.5 1070190
8s3d 0.659773 690084 15998.5 1070190
8h3d 0.659773 690084 15998.5 1070190
8c2d 0.658982 689145 16090.5 1070190
8s2d 0.658461 688680 15998.5 1070190
8h2d 0.658461 688680 15998.5 1070190
KdTd 0.656343 696593 5819 1070190
8c3c 0.654994 685059 15909.5 1070190
8c2c 0.654922 684981 15909.5 1070190
Ad5d 0.653882 685386 14391.5 1070190
8h5c 0.652953 680798 17985.5 1070190
8s5c 0.652953 680798 17985.5 1070190
8c5h 0.652776 680550 18044.5 1070190
8c5s 0.652776 680550 18044.5 1070190
8s5s 0.652241 680067 17954.5 1070190
8s5h 0.652241 680067 17954.5 1070190
8h5h 0.652241 680067 17954.5 1070190
8h5s 0.652241 680067 17954.5 1070190
Kd9d 0.651091 690042 6749 1070190
Ad4d 0.646666 677932 14123 1070190
Ad6s 0.645227 686283 4233 1070190
Ad6h 0.645227 686283 4233 1070190
8s4c 0.645067 672947 17397.5 1070190
8h4c 0.645067 672947 17397.5 1070190
8c4h 0.64485 672650 17462 1070190
8c4s 0.64485 672650 17462 1070190
8h4s 0.644323 672178 17370 1070190
8s4h 0.644323 672178 17370 1070190
8s4s 0.644323 672178 17370 1070190
8h4h 0.644323 672178 17370 1070190
Ad3d 0.640051 671336 13640.5 1070190
Ad2d 0.638781 669977 13640.5 1070190
8s3c 0.638328 666573 16559.5 1070190
8h3c 0.638328 666573 16559.5 1070190
8h2c 0.638261 666501 16559.5 1070190
8s2c 0.638261 666501 16559.5 1070190
Qd6s 0.638144 676586 6349.5 1070190
Qd6h 0.638144 676586 6349.5 1070190
8c3s 0.638072 666231 16627.5 1070190
8c3h 0.638072 666231 16627.5 1070190
8c2s 0.638005 666159 16627.5 1070190
8c2h 0.638005 666159 16627.5 1070190
Ac6d 0.637841 678378 4233 1070190
8s3s 0.637552 665766 16535.5 1070190
8s3h 0.637552 665766 16535.5 1070190
8h3h 0.637552 665766 16535.5 1070190
8h3s 0.637552 665766 16535.5 1070190
8s2h 0.637484 665694 16535.5 1070190
8s2s 0.637484 665694 16535.5 1070190
8h2h 0.637484 665694 16535.5 1070190
8h2s 0.637484 665694 16535.5 1070190
As6d 0.637032 677517 4228.5 1070190
Ah6d 0.637032 677517 4228.5 1070190
Kd6s 0.63659 676349 4923.5 1070190
Kd6h 0.63659 676349 4923.5 1070190
Qc6d 0.633397 671479 6376.5 1070190
9d6s 0.633255 664524 13179.5 1070190
9d6h 0.633255 664524 13179.5 1070190
Kd7d 0.632897 665999 11321.5 1070190
Qh6d 0.632623 670658 6369 1070190
Qs6d 0.632623 670658 6369 1070190
Td6s 0.632323 665171 11534.5 1070190
Td6h 0.632323 665171 11534.5 1070190
9c6d 0.631537 662409 13455.5 1070190
9h6d 0.630842 661680 13441 1070190
9s6d 0.630842 661680 13441 1070190
Kc6d 0.630416 669718 4947 1070190
Kh6d 0.629608 668857 4943 1070190
Ks6d 0.629608 668857 4943 1070190
Tc6d 0.628982 661352 11778 1070190
Th6d 0.628259 660589 11767 1070190
Ts6d 0.628259 660589 11767 1070190
7d7c 0.628135 669825 2398.5 1070190
7h7d 0.627499 669159 2384.5 1070190
7s7d 0.627499 669159 2384.5 1070190
Td7d 0.621769 654341 11069.5 1070190
7d5d 0.621726 651062 14302.5 1070190
7d6h 0.617495 642495 18341.5 1070190
7d6s 0.617495 642495 18341.5 1070190
7c6d 0.616965 641370 18900 1070190
7s6d 0.616279 640650 18886 1070190
7h6d 0.616279 640650 18886 1070190
Ac6s 0.612916 651825 4111.5 1070190
Ac6h 0.612916 651825 4111.5 1070190
Kd5d 0.612454 641176 14266 1070190
As6h 0.612107 650964 4107 1070190
As6s 0.612107 650964 4107 1070190
Ah6h 0.612107 650964 4107 1070190
Ah6s 0.612107 650964 4107 1070190
Qc6h 0.609138 645653 6240.5 1070190
Qc6s 0.609138 645653 6240.5 1070190
Qh6h 0.608364 644832 6233 1070190
Qs6h 0.608364 644832 6233 1070190
Qs6s 0.608364 644832 6233 1070190
Qh6s 0.608364 644832 6233 1070190
9c6h 0.608085 637594 13173 1070190
9c6s 0.608085 637594 13173 1070190
9h6s 0.607391 636865 13158.5 1070190
9h6h 0.607391 636865 13158.5 1070190
9s6s 0.607391 636865 13158.5 1070190
9s6h 0.607391 636865 13158.5 1070190
Kc6s 0.605657 643367 4801.5 1070190
Kc6h 0.605657 643367 4801.5 1070190
Tc6s 0.605174 636159 11492.5 1070190
Tc6h 0.605174 636159 11492.5 1070190
Kd4d 0.604871 633329 13997.5 1070190
Kh6h 0.604849 642506 4797.5 1070190
Ks6s 0.604849 642506 4797.5 1070190
Ks6h 0.604849 642506 4797.5 1070190
Kh6s 0.604849 642506 4797.5 1070190
Th6s 0.604451 635396 11481.5 1070190
Th6h 0.604451 635396 11481.5 1070190
Ts6h 0.604451 635396 11481.5 1070190
Ts6s 0.604451 635396 11481.5 1070190
7s7c 0.601768 641632 2374.5 1070190
7h7c 0.601768 641632 2374.5 1070190
7s7h 0.601133 640966 2360.5 1070190
Qd7d 0.598655 629568 11106.5 1070190
Kd3d 0.598023 626483 13515 1070190
Kd2d 0.596753 625124 13515 1070190
6d5c 0.595078 618061 18786 1070190
6d5s 0.594365 617307 18776.5 1070190
6d5h 0.594365 617307 18776.5 1070190
7c6s 0.593475 616663 18468 1070190
7c6h 0.593475 616663 18468 1070190
6s5d 0.593277 616729 18190 1070190
6h5d 0.593277 616729 18190 1070190
7s6h 0.592789 615943 18454 1070190
7s6s 0.592789 615943 18454 1070190
7h6s 0.592789 615943 18454 1070190
7h6h 0.592789 615943 18454 1070190
6d4c 0.585744 608703 18154.5 1070190
6d4s 0.584997 607909 18149 1070190
6d4h 0.584997 607909 18149 1070190
9d5d 0.584789 612202 13633 1070190
Qd5d 0.583808 610412 14373 1070190
6h4d 0.583143 606541 17532.5 1070190
6s4d 0.583143 606541 17532.5 1070190
6d3c 0.577891 601110 17343 1070190
6d2c 0.577829 601044 17343 1070190
6d3h 0.57711 600276 17341.5 1070190
6d3s 0.57711 600276 17341.5 1070190
6d2s 0.577048 600210 17341.5 1070190
6d2h 0.577048 600210 17341.5 1070190
Qd4d 0.575991 602315 14104.5 1070190
6h3d 0.574505 598125 16704 1070190
6s3d 0.574505 598125 16704 1070190
6h2d 0.573193 596721 16704 1070190
6s2d 0.573193 596721 16704 1070190
6s5c 0.570907 592681 18298 1070190
6h5c 0.570907 592681 18298 1070190
6s5h 0.570194 591927 18288.5 1070190
6h5s 0.570194 591927 18288.5 1070190
6h5h 0.570194 591927 18288.5 1070190
6s5s 0.570194 591927 18288.5 1070190
Qd3d 0.569043 595362 13622 1070190
Qd2d 0.567773 594003 13622 1070190
6s4c 0.561277 583041 17631.5 1070190
6h4c 0.561277 583041 17631.5 1070190
6s4s 0.560529 582247 17626 1070190
6s4h 0.560529 582247 17626 1070190
6h4s 0.560529 582247 17626 1070190
6h4h 0.560529 582247 17626 1070190
7d4d 0.555745 579777 14976 1070190
6s3c 0.553182 575220 16789.5 1070190
6h3c 0.553182 575220 16789.5 1070190
6s2c 0.55312 575154 16789.5 1070190
6h2c 0.55312 575154 16789.5 1070190
6s3s 0.552401 574386 16788 1070190
6h3s 0.552401 574386 16788 1070190
6s3h 0.552401 574386 16788 1070190
6h3h 0.552401 574386 16788 1070190
6h2s 0.552339 574320 16788 1070190
6h2h 0.552339 574320 16788 1070190
6s2h 0.552339 574320 16788 1070190
6s2s 0.552339 574320 16788 1070190
Td9c 0.544825 572041 11025.5 1070190
Td5d 0.544295 567796 14703.5 1070190
Td9s 0.544176 571385 10987 1070190
Td9h 0.544176 571385 10987 1070190
Tc9d 0.54326 570411 10980.5 1070190
AdQc 0.543157 574894 6387.5 1070190
AdKc 0.542634 575123 5598.5 1070190
Th9d 0.542606 569757 10934.5 1070190
Ts9d 0.542606 569757 10934.5 1070190
Td4d 0.54245 565714 14810.5 1070190
AdQh 0.542385 574094 6361.5 1070190
AdQs 0.542385 574094 6361.5 1070190
AdKh 0.541829 574284 5576 1070190
AdKs 0.541829 574284 5576 1070190
AcKd 0.541153 573558 5578.5 1070190
AhKd 0.540352 572727 5552 1070190
AsKd 0.540352 572727 5552 1070190
AcQd 0.540107 571632 6385 1070190
AsQd 0.539335 570832 6358.5 1070190
AhQd 0.539335 570832 6358.5 1070190
Tc9c 0.537158 564279 10582 1070190
Td3d 0.535536 558797 14328 1070190
Td2d 0.534266 557438 14328 1070190
AdTc 0.532625 560508 9501.5 1070190
AcQc 0.531976 563308 6007 1070190
AdTs 0.53195 559816 9472 1070190
AdTh 0.53195 559816 9472 1070190
AcKc 0.53159 563660 5242.5 1070190
5d4d 0.527656 547404 17288.5 1070190
AcTd 0.52738 554958 9438.5 1070190
AsTd 0.526649 554209 9406 1070190
AhTd 0.526649 554209 9406 1070190
Ad9c 0.525465 551369 10978 1070190
Ad9s 0.52482 550712 10945 1070190
Ad9h 0.52482 550712 10945 1070190
5d5c 0.522134 554545 4237.5 1070190
5h5d 0.521474 553848 4228 1070190
5s5d 0.521474 553848 4228 1070190
AcTc 0.520843 548401 9000.5 1070190
Ac9d 0.518539 544020 10915 1070190
Ah9d 0.517837 543304 10880 1070190
As9d 0.517837 543304 10880 1070190
9d4d 0.516508 538762 13999.5 1070190
Tc9s 0.516162 541512 10879 1070190
Tc9h 0.516162 541512 10879 1070190
Th9c 0.516156 541514 10871.5 1070190
Ts9c 0.516156 541514 10871.5 1070190
9d3d 0.515931 538145 13999.5 1070190
Ts9h 0.515508 540858 10833 1070190
Ts9s 0.515508 540858 10833 1070190
Th9s 0.515508 540858 10833 1070190
Th9h 0.515508 540858 10833 1070190
9d2d 0.514661 536786 13999.5 1070190
Ac9c 0.513757 539398 10420 1070190
QdTc 0.511669 538717 8866.5 1070190
QdTs 0.511002 538033 8836 1070190
QdTh 0.511002 538033 8836 1070190
QcTd 0.509597 536592 8773.5 1070190
QhTd 0.508866 535849 8734 1070190
QsTd 0.508866 535849 8734 1070190
AcQh 0.507106 536387 6312.5 1070190
AcQs 0.507106 536387 6312.5 1070190
AhQc 0.507105 536387 6312 1070190
AsQc 0.507105 536387 6312 1070190
AhQh 0.506333 535587 6286 1070190
AsQh 0.506333 535587 6286 1070190
AsQs 0.506333 535587 6286 1070190
AhQs 0.506333 535587 6286 1070190
AsKc 0.506237 536276 5493.5 1070190
AhKc 0.506237 536276 5493.5 1070190
AcKh 0.506233 536268 5497.5 1070190
AcKs 0.506233 536268 5497.5 1070190
AsKh 0.505432 535437 5471 1070190
AhKs 0.505432 535437 5471 1070190
AhKh 0.505432 535437 5471 1070190
AsKs 0.505432 535437 5471 1070190
Qd9c 0.50473 530501 9655.5 1070190
Qd9h 0.504089 529849 9621.5 1070190
Qd9s 0.504089 529849 9621.5 1070190
QcTc 0.503574 530512 8407.5 1070190
Ad7c 0.501393 519262 17324 1070190
Qc9d 0.501072 526662 9580 1070190
Ad7s 0.500811 518672 17291 1070190
Ad7h 0.500811 518672 17291 1070190
Qh9d 0.50037 525950 9540.5 1070190
Qs9d 0.50037 525950 9540.5 1070190
9d7c 0.49928 518209 16115.5 1070190
9d7h 0.498703 517630 16077 1070190
9d7s 0.498703 517630 16077 1070190
9c7d 0.497574 516607 15892 1070190
9h7d 0.496985 516038 15830 1070190
9s7d 0.496985 516038 15830 1070190
Qc9c 0.496761 522457 9172 1070190
AcTh 0.496441 521858 9428.5 1070190
AcTs 0.496441 521858 9428.5 1070190
AsTc 0.496385 521801 9425.5 1070190
AhTc 0.496385 521801 9425.5 1070190
5s5c 0.496178 526798 4206.5 1070190
5h5c 0.496178 526798 4206.5 1070190
AhTh 0.495711 521109 9396 1070190
AhTs 0.495711 521109 9396 1070190
AsTs 0.495711 521109 9396 1070190
AsTh 0.495711 521109 9396 1070190
5s5h 0.495518 526101 4197 1070190
9c7c 0.493791 513026 15424 1070190
4d4c 0.493019 523972 3652.5 1070190
Ac7d 0.492569 510113 17029 1070190
4h4d 0.492328 523238 3647 1070190
4s4d 0.492328 523238 3647 1070190
Ah7d 0.491919 509473 16974 1070190
As7d 0.491919 509473 16974 1070190
Ac7c 0.489769 507696 16450 1070190
Ac9s 0.489272 512686 10928.5 1070190
Ac9h 0.489272 512686 10928.5 1070190
As9c 0.489215 512627 10926.5 1070190
Ah9c 0.489215 512627 10926.5 1070190
As9h 0.488571 511970 10893.5 1070190
Ah9h 0.488571 511970 10893.5 1070190
Ah9s 0.488571 511970 10893.5 1070190
As9s 0.488571 511970 10893.5 1070190
7d3d 0.485429 505034 14467.5 1070190
KdQc 0.484269 512823 5437 1070190
7d2d 0.484159 503675 14467.5 1070190
KdQh 0.483526 512050 5414.5 1070190
KdQs 0.483526 512050 5414.5 1070190
KcQd 0.482615 511070 5419.5 1070190
KhQd 0.481843 510270 5393.5 1070190
KsQd 0.481843 510270 5393.5 1070190
QcTh 0.47924 504155 8722.5 1070190
QcTs 0.47924 504155 8722.5 1070190
QhTc 0.479176 504096 8713.5 1070190
QsTc 0.479176 504096 8713.5 1070190
QhTs 0.478508 503412 8683 1070190
QhTh 0.478508 503412 8683 1070190
QsTh 0.478508 503412 8683 1070190
QsTs 0.478508 503412 8683 1070190
KcQc 0.476019 504341 5089.5 1070190
KdTc 0.474334 499077 8551 1070190
KdTs 0.473688 498411 8525 1070190
KdTh 0.473688 498411 8525 1070190
Ad5c 0.472831 484185 21834 1070190
Qc9h 0.472325 495940 9537.5 1070190
Qc9s 0.472325 495940 9537.5 1070190
Qs9c 0.472264 495880 9532 1070190
Qh9c 0.472264 495880 9532 1070190
Ad5h 0.472225 483566 21804.5 1070190
Ad5s 0.472225 483566 21804.5 1070190
Qh9h 0.471623 495228 9498 1070190
Qh9s 0.471623 495228 9498 1070190
Qs9s 0.471623 495228 9498 1070190
Qs9h 0.471623 495228 9498 1070190
9c7h 0.471448 488614 15925 1070190
9c7s 0.471448 488614 15925 1070190
9h7c 0.471435 488624 15901.5 1070190
9s7c 0.471435 488624 15901.5 1070190
9h7h 0.470858 488045 15863 1070190
9h7s 0.470858 488045 15863 1070190
9s7s 0.470858 488045 15863 1070190
9s7h 0.470858 488045 15863 1070190
KcTd 0.47049 495041 8473 1070190
KhTd 0.469761 494292 8441 1070190
KsTd 0.469761 494292 8441 1070190
Kd9c 0.467773 490578 10027.5 1070190
Kd9h 0.467154 489946 9998 1070190
Kd9s 0.467154 489946 9998 1070190
4h4c 0.466904 496047 3629.5 1070190
4s4c 0.466904 496047 3629.5 1070190
4s4h 0.466213 495313 3624 1070190
KcTc 0.465468 490056 8083 1070190
Ac7s 0.464667 480084 17198.5 1070190
Ac7h 0.464667 480084 17198.5 1070190
Ah7c 0.4646 480034 17176.5 1070190
As7c 0.4646 480034 17176.5 1070190
Ah7s 0.464018 479444 17143.5 1070190
As7s 0.464018 479444 17143.5 1070190
Ah7h 0.464018 479444 17143.5 1070190
As7h 0.464018 479444 17143.5 1070190
3d3c 0.463517 492984 3067.5 1070190
3s3d 0.462795 492213 3066 1070190
3h3d 0.462795 492213 3066 1070190
Kc9d 0.462252 484748 9949.5 1070190
Ac5c 0.461844 473640 20620.5 1070190
Kh9d 0.461551 484032 9915 1070190
Ks9d 0.461551 484032 9915 1070190
Ac5d 0.460963 471959 21358.5 1070190
Ad4c 0.460424 471338 21403 1070190
As5d 0.460363 471401 21274.5 1070190
Ah5d 0.460363 471401 21274.5 1070190
Ad4h 0.459788 470684 21377 1070190
Ad4s 0.459788 470684 21377 1070190
Kc9c 0.458963 481675 9502.5 1070190
5d3d 0.457604 471209 18514 1070190
5d2d 0.456334 469850 18514 1070190
Ac4c 0.449814 461194 20192 1070190
Ad3c 0.449081 459988 20614 1070190
7d5c 0.449063 459488 21094.5 1070190
7d5s 0.448501 458925 21056 1070190
7d5h 0.448501 458925 21056 1070190
KcQs 0.4485 474642 5338.5 1070190
KcQh 0.4485 474642 5338.5 1070190
KhQc 0.448472 474615 5335 1070190
KsQc 0.448472 474615 5335 1070190
Ad3h 0.448416 459299 20591.5 1070190
Ad3s 0.448416 459299 20591.5 1070190
4d3d 0.448191 461487 18162.5 1070190
KhQs 0.447728 473842 5312.5 1070190
KhQh 0.447728 473842 5312.5 1070190
KsQh 0.447728 473842 5312.5 1070190
KsQs 0.447728 473842 5312.5 1070190
Ad2c 0.447567 458368 20614 1070190
Ac4d 0.447509 458020 20900 1070190
4d2d 0.446921 460128 18162.5 1070190
Ah4d 0.446916 457471 20814 1070190
As4d 0.446916 457471 20814 1070190
Ad2h 0.446902 457679 20591.5 1070190
Ad2s 0.446902 457679 20591.5 1070190
7c5d 0.446176 456586 20907.5 1070190
7c5c 0.445844 456782 20355.5 1070190
7h5d 0.445672 456123 20831 1070190
7s5d 0.445672 456123 20831 1070190
2d2c 0.444758 472908 3067.5 1070190
2h2d 0.444036 472137 3066 1070190
2s2d 0.444036 472137 3066 1070190
Kd7c 0.442801 456719 17162.5 1070190
Kd7s 0.44225 456162 17129.5 1070190
Kd7h 0.44225 456162 17129.5 1070190
3d2d 0.439186 452423 17590 1070190
Ac3c 0.438798 450170 19427.5 1070190
KcTs 0.438455 460776 8454.5 1070190
KcTh 0.438455 460776 8454.5 1070190
KhTc 0.438372 460693 8448.5 1070190
KsTc 0.438372 460693 8448.5 1070190
KhTs 0.437726 460027 8422.5 1070190
KhTh 0.437726 460027 8422.5 1070190
KsTs 0.437726 460027 8422.5 1070190
KsTh 0.437726 460027 8422.5 1070190
3h3c 0.437198 464832 3052.5 1070190
3s3c 0.437198 464832 3052.5 1070190
Ac2c 0.437195 448454 19427.5 1070190
3s3h 0.436476 464061 3051 1070190
Td7c 0.435615 449828 16363 1070190
As5c 0.435379 444326 21612 1070190
Ah5c 0.435379 444326 21612 1070190
Ac5s 0.435373 444265 21666.5 1070190
Ac5h 0.435373 444265 21666.5 1070190
Kc7d 0.435361 449049 16870 1070190
Ac3d 0.435118 445565 20093.5 1070190
Td7h 0.435066 449274 16329 1070190
Td7s 0.435066 449274 16329 1070190
Ah5s 0.434773 443707 21582.5 1070190
Ah5h 0.434773 443707 21582.5 1070190
As5h 0.434773 443707 21582.5 1070190
As5s 0.434773 443707 21582.5 1070190
Kh7d 0.434712 448409 16815.5 1070190
Ks7d 0.434712 448409 16815.5 1070190
Ah3d 0.434529 445021 20007.5 1070190
As3d 0.434529 445021 20007.5 1070190
Kc7c 0.434103 448276 16297 1070190
Tc7d 0.432232 446434 16136 1070190
Ac2d 0.432208 442451 20093.5 1070190
Kc9s 0.431906 452267 9954.5 1070190
Kc9h 0.431906 452267 9954.5 1070190
Kh9c 0.431823 452183 9949.5 1070190
Ks9c 0.431823 452183 9949.5 1070190
Ts7d 0.431662 445880 16080.5 1070190
Th7d 0.431662 445880 16080.5 1070190
Ah2d 0.431619 441907 20007.5 1070190
As2d 0.431619 441907 20007.5 1070190
Ks9h 0.431205 451551 9920 1070190
Kh9s 0.431205 451551 9920 1070190
Kh9h 0.431205 451551 9920 1070190
Ks9s 0.431205 451551 9920 1070190
Tc7c 0.429854 444378 15647 1070190
As4c 0.422495 430998 21151.5 1070190
Ah4c 0.422495 430998 21151.5 1070190
Ac4s 0.422453 430893 21211.5 1070190
Ac4h 0.422453 430893 21211.5 1070190
7h5c 0.422093 430726 20994 1070190
7s5c 0.422093 430726 20994 1070190
7c5h 0.422035 430626 21032 1070190
7c5s 0.422035 430626 21032 1070190
Ah4h 0.421859 430344 21125.5 1070190
As4h 0.421859 430344 21125.5 1070190
As4s 0.421859 430344 21125.5 1070190
Ah4s 0.421859 430344 21125.5 1070190
7h5h 0.421531 430163 20955.5 1070190
7h5s 0.421531 430163 20955.5 1070190
7s5h 0.421531 430163 20955.5 1070190
7s5s 0.421531 430163 20955.5 1070190
2h2c 0.419044 445404 3052.5 1070190
2s2c 0.419044 445404 3052.5 1070190
2s2h 0.418322 444633 3051 1070190
Kd5c 0.413641 421002 21672.5 1070190
Kd5h 0.413067 420417 21643 1070190
Kd5s 0.413067 420417 21643 1070190
Ah3c 0.410706 419200 20333 1070190
As3c 0.410706 419200 20333 1070190
Ac3h 0.410629 419055 20396.5 1070190
Ac3s 0.410629 419055 20396.5 1070190
As3s 0.410041 418511 20310.5 1070190
As3h 0.410041 418511 20310.5 1070190
Ah3h 0.410041 418511 20310.5 1070190
Ah3s 0.410041 418511 20310.5 1070190
As2c 0.409108 417490 20333 1070190
Ah2c 0.409108 417490 20333 1070190
Ac2h 0.409032 417345 20396.5 1070190
Ac2s 0.409032 417345 20396.5 1070190
As2h 0.408443 416801 20310.5 1070190
As2s 0.408443 416801 20310.5 1070190
Ah2s 0.408443 416801 20310.5 1070190
Ah2h 0.408443 416801 20310.5 1070190
Kc7h 0.406372 417856 17039.5 1070190
Kc7s 0.406372 417856 17039.5 1070190
Kh7c 0.406275 417773 17018 1070190
Ks7c 0.406275 417773 17018 1070190
Kh7h 0.405723 417216 16985 1070190
Ks7s 0.405723 417216 16985 1070190
Kh7s 0.405723 417216 16985 1070190
Ks7h 0.405723 417216 16985 1070190
Kc5c 0.405597 413598 20467.5 1070190
Tc7h 0.403732 415853 16216.5 1070190
Tc7s 0.403732 415853 16216.5 1070190
Ts7c 0.403711 415853 16195 1070190
Th7c 0.403711 415853 16195 1070190
Ts7h 0.403162 415299 16161 1070190
Ts7s 0.403162 415299 16161 1070190
Th7h 0.403162 415299 16161 1070190
Th7s 0.403162 415299 16161 1070190
Kc5d 0.403152 410250 21199.5 1070190
Kh5d 0.402553 409692 21116 1070190
Ks5d 0.402553 409692 21116 1070190
Kd4c 0.400636 407515 21241.5 1070190
Kd4h 0.400033 406896 21215.5 1070190
Kd4s 0.400033 406896 21215.5 1070190
Qd7c 0.395155 406010 16881 1070190
Qd7h 0.39463 405478 16851.5 1070190
Qd7s 0.39463 405478 16851.5 1070190
Kc4c 0.392985 400530 20039 1070190
Qc7d 0.389232 399993 16559.5 1070190
Kc4d 0.389096 395666 20741 1070190
Kd3c 0.388913 395758 20452.5 1070190
Qc7c 0.388901 400185 16013 1070190
Qh7d 0.388608 399382 16502.5 1070190
Qs7d 0.388608 399382 16502.5 1070190
Kh4d 0.388503 395117 20655.5 1070190
Ks4d 0.388503 395117 20655.5 1070190
Kd3h 0.388282 395105 20430 1070190
Kd3s 0.388282 395105 20430 1070190
Kd2c 0.387399 394138 20452.5 1070190
9d5c 0.387083 393927 20325.5 1070190
Kd2h 0.386768 393485 20430 1070190
Kd2s 0.386768 393485 20430 1070190
9d5s 0.386534 393370 20295 1070190
9d5h 0.386534 393370 20295 1070190
9c5c 0.383982 391630 19304 1070190
9c5d 0.382317 389217 19934.5 1070190
9h5d 0.381808 388754 19853 1070190
9s5d 0.381808 388754 19853 1070190
Kc3c 0.381601 389111 19274.5 1070190
Kc2c 0.379997 387395 19274.5 1070190
Kc5s 0.376458 381374 21507.5 1070190
Kc5h 0.376458 381374 21507.5 1070190
Ks5c 0.376433 381401 21453.5 1070190
Kh5c 0.376433 381401 21453.5 1070190
Kc3d 0.37632 382799 19934.5 1070190
Ks5h 0.375858 380816 21424 1070190
Ks5s 0.375858 380816 21424 1070190
Kh5s 0.375858 380816 21424 1070190
Kh5h 0.375858 380816 21424 1070190
Ks3d 0.375731 382255 19849 1070190
Kh3d 0.375731 382255 19849 1070190
Qd5c 0.375036 379448 21911.5 1070190
Qd5s 0.374488 378891 21882 1070190
Qd5h 0.374488 378891 21882 1070190
Kc2d 0.37341 379685 19934.5 1070190
Ks2d 0.372822 379141 19849 1070190
Kh2d 0.372822 379141 19849 1070190
Qc5c 0.36925 374472 20696 1070190
Qc5d 0.366046 370304 21434.5 1070190
Qh5d 0.365467 369769 21350 1070190
Qs5d 0.365467 369769 21350 1070190
Kh4c 0.362928 367409 20993 1070190
Ks4c 0.362928 367409 20993 1070190
Kc4s 0.362918 367339 21052.5 1070190
Kc4h 0.362918 367339 21052.5 1070190
Kh4s 0.362325 366790 20967 1070190
Kh4h 0.362325 366790 20967 1070190
Ks4s 0.362325 366790 20967 1070190
Ks4h 0.362325 366790 20967 1070190
Qd4c 0.36165 365554 21480.5 1070190
Qd4s 0.361075 364964 21454.5 1070190
Qd4h 0.361075 364964 21454.5 1070190
Qc7h 0.359363 367840 16747 1070190
Qc7s 0.359363 367840 16747 1070190
Qs7c 0.359264 367761 16719.5 1070190
Qh7c 0.359264 367761 16719.5 1070190
Qs7h 0.358739 367229 16690 1070190
Qs7s 0.358739 367229 16690 1070190
Qh7s 0.358739 367229 16690 1070190
Qh7h 0.358739 367229 16690 1070190
Qc4c 0.35627 361009 20267.5 1070190
9s5c 0.356039 360933 20096 1070190
9h5c 0.356039 360933 20096 1070190
9c5s 0.355998 360839 20147 1070190
9c5h 0.355998 360839 20147 1070190
9h5s 0.35549 360376 20065.5 1070190
9h5h 0.35549 360376 20065.5 1070190
9s5h 0.35549 360376 20065.5 1070190
9s5s 0.35549 360376 20065.5 1070190
Qc4d 0.351605 355308 20976 1070190
Qs4d 0.351033 354782 20889.5 1070190
Qh4d 0.351033 354782 20889.5 1070190
Kh3c 0.350745 355189 20174.5 1070190
Ks3c 0.350745 355189 20174.5 1070190
Kc3h 0.350702 355080 20237.5 1070190
Kc3s 0.350702 355080 20237.5 1070190
Ks3s 0.350114 354536 20152 1070190
Kh3h 0.350114 354536 20152 1070190
Kh3s 0.350114 354536 20152 1070190
Ks3h 0.350114 354536 20152 1070190
Qd3c 0.349765 353623 20691.5 1070190
Qd3h 0.349161 353000 20669 1070190
Qd3s 0.349161 353000 20669 1070190
Ks2c 0.349147 353479 20174.5 1070190
Kh2c 0.349147 353479 20174.5 1070190
Kc2h 0.349104 353370 20237.5 1070190
Kc2s 0.349104 353370 20237.5 1070190
Kh2h 0.348516 352826 20152 1070190
Kh2s 0.348516 352826 20152 1070190
Ks2h 0.348516 352826 20152 1070190
Ks2s 0.348516 352826 20152 1070190
Qd2c 0.348251 352003 20691.5 1070190
Qd2h 0.347648 351380 20669 1070190
Qd2s 0.347648 351380 20669 1070190
7d4c 0.346237 348026 22513 1070190
7d4h 0.345701 347483 22482.5 1070190
7d4s 0.345701 347483 22482.5 1070190
7c4c 0.345338 347868 21709.5 1070190
Qc3c 0.344729 349422 19503 1070190
Qc2c 0.343125 347706 19503 1070190
7c4d 0.342288 344024 22289 1070190
7h4d 0.341843 343626 22211 1070190
7s4d 0.341843 343626 22211 1070190
Qc5h 0.338873 340898 21760 1070190
Qc5s 0.338873 340898 21760 1070190
Qh5c 0.338842 340920 21705 1070190
Qs5c 0.338842 340920 21705 1070190
Qc3d 0.338661 342262 20169.5 1070190
Qs5h 0.338294 340363 21675.5 1070190
Qh5h 0.338294 340363 21675.5 1070190
Qh5s 0.338294 340363 21675.5 1070190
Qs5s 0.338294 340363 21675.5 1070190
Qh3d 0.338093 341741 20083 1070190
Qs3d 0.338093 341741 20083 1070190
Qc2d 0.335751 339148 20169.5 1070190
Qs2d 0.335183 338627 20083 1070190
Qh2d 0.335183 338627 20083 1070190
Qs4c 0.324943 326506 21244.5 1070190
Qh4c 0.324943 326506 21244.5 1070190
Qc4s 0.324939 326442 21305 1070190
Qc4h 0.324939 326442 21305 1070190
Qh4h 0.324367 325916 21218.5 1070190
Qs4h 0.324367 325916 21218.5 1070190
Qs4s 0.324367 325916 21218.5 1070190
Qh4s 0.324367 325916 21218.5 1070190
Td5c 0.320562 320753 22309.5 1070190
Td5h 0.320051 320232 22283.5 1070190
Td5s 0.320051 320232 22283.5 1070190
Tc5c 0.317112 318226 21144 1070190
Td4c 0.316954 316713 22488.5 1070190
Td4s 0.316415 316162 22462.5 1070190
Td4h 0.316415 316162 22462.5 1070190
7h4c 0.316219 315950 22464.5 1070190
7s4c 0.316219 315950 22464.5 1070190
7c4h 0.316128 315805 22512 1070190
7c4s 0.316128 315805 22512 1070190
7h4s 0.315683 315407 22434 1070190
7h4h 0.315683 315407 22434 1070190
7s4s 0.315683 315407 22434 1070190
7s4h 0.315683 315407 22434 1070190
Tc5d 0.313772 313934 21861.5 1070190
Tc4c 0.313702 314409 21312 1070190
Ts5d 0.313285 313498 21777 1070190
Th5d 0.313285 313498 21777 1070190
Qs3c 0.312591 314106 20426 1070190
Qh3c 0.312591 314106 20426 1070190
Qc3s 0.312556 314004 20490 1070190
Qc3h 0.312556 314004 20490 1070190
Qs3s 0.311988 313483 20403.5 1070190
Qs3h 0.311988 313483 20403.5 1070190
Qh3s 0.311988 313483 20403.5 1070190
Qh3h 0.311988 313483 20403.5 1070190
5c4c 0.311771 308908 24746.5 1070190
Qs2c 0.310993 312396 20426 1070190
Qh2c 0.310993 312396 20426 1070190
Qc2s 0.310958 312294 20490 1070190
Qc2h 0.310958 312294 20490 1070190
Qh2h 0.31039 311773 20403.5 1070190
Qs2h 0.31039 311773 20403.5 1070190
Qs2s 0.31039 311773 20403.5 1070190
Qh2s 0.31039 311773 20403.5 1070190
Tc4d 0.309088 308747 22035.5 1070190
Th4d 0.308603 308314 21950 1070190
Ts4d 0.308603 308314 21950 1070190
5d4c 0.308345 304325 25663 1070190
5d4s 0.307861 303858 25611.5 1070190
5d4h 0.307861 303858 25611.5 1070190
5c4d 0.307438 303398 25619 1070190
5s4d 0.306988 302978 25557 1070190
5h4d 0.306988 302978 25557 1070190
Td3c 0.305124 304841 21699.5 1070190
Td3s 0.304558 304258 21677 1070190
Td3h 0.304558 304258 21677 1070190
Td2c 0.30361 303221 21699.5 1070190
Td2h 0.303044 302638 21677 1070190
Td2s 0.303044 302638 21677 1070190
Tc3c 0.302216 302881 20547.5 1070190
Tc2c 0.300613 301165 20547.5 1070190
Tc3d 0.296194 295755 21229 1070190
Ts3d 0.295714 295327 21143.5 1070190
Th3d 0.295714 295327 21143.5 1070190
Tc2d 0.293284 292641 21229 1070190
Th2d 0.292805 292213 21143.5 1070190
Ts2d 0.292805 292213 21143.5 1070190
Ts5c 0.285277 283190 22111 1070190
Th5c 0.285277 283190 22111 1070190
Tc5h 0.285253 283105 22169.5 1070190
Tc5s 0.285253 283105 22169.5 1070190
Th5s 0.284766 282669 22085 1070190
Ts5s 0.284766 282669 22085 1070190
Ts5h 0.284766 282669 22085 1070190
Th5h 0.284766 282669 22085 1070190
Ts4c 0.28156 279033 22290 1070190
Th4c 0.28156 279033 22290 1070190
Tc4h 0.281506 278915 22349.5 1070190
Tc4s 0.281506 278915 22349.5 1070190
Th4s 0.281021 278482 22264 1070190
Ts4s 0.281021 278482 22264 1070190
Ts4h 0.281021 278482 22264 1070190
Th4h 0.281021 278482 22264 1070190
5h4c 0.280874 274842 25747 1070190
5s4c 0.280874 274842 25747 1070190
9d4c 0.280846 279314 21245 1070190
5c4s 0.28084 274795 25757.5 1070190
5c4h 0.28084 274795 25757.5 1070190
5h4h 0.28039 274375 25695.5 1070190
5h4s 0.28039 274375 25695.5 1070190
5s4h 0.28039 274375 25695.5 1070190
5s4s 0.28039 274375 25695.5 1070190
9d4s 0.280336 278790 21222.5 1070190
9d4h 0.280336 278790 21222.5 1070190
9c4c 0.280005 279541 20117.5 1070190
9d3c 0.279392 277757 21245 1070190
9d3h 0.278853 277203 21222.5 1070190
9d3s 0.278853 277203 21222.5 1070190
9c3c 0.278671 278113 20117.5 1070190
9d2c 0.277878 276137 21245 1070190
9d2s 0.277339 275583 21222.5 1070190
9d2h 0.277339 275583 21222.5 1070190
9c2c 0.277067 276397 20117.5 1070190
9c4d 0.274618 273100 20793.5 1070190
9s4d 0.274156 272690 20709.5 1070190
9h4d 0.274156 272690 20709.5 1070190
9c3d 0.272084 270388 20793.5 1070190
9s3d 0.271622 269978 20709.5 1070190
9h3d 0.271622 269978 20709.5 1070190
Th3c 0.269267 266695 21471.5 1070190
Ts3c 0.269267 266695 21471.5 1070190
Tc3s 0.269181 266540 21534.5 1070190
Tc3h 0.269181 266540 21534.5 1070190
9c2d 0.269174 267274 20793.5 1070190
9s2d 0.268713 266864 20709.5 1070190
9h2d 0.268713 266864 20709.5 1070190
Ts3h 0.268701 266112 21449 1070190
Ts3s 0.268701 266112 21449 1070190
Th3h 0.268701 266112 21449 1070190
Th3s 0.268701 266112 21449 1070190
Th2c 0.267669 264985 21471.5 1070190
Ts2c 0.267669 264985 21471.5 1070190
Tc2h 0.267583 264830 21534.5 1070190
Tc2s 0.267583 264830 21534.5 1070190
Ts2h 0.267103 264402 21449 1070190
Ts2s 0.267103 264402 21449 1070190
Th2s 0.267103 264402 21449 1070190
Th2h 0.267103 264402 21449 1070190
9h4c 0.246445 242706 21037 1070190
9s4c 0.246445 242706 21037 1070190
9c4s 0.246396 242592 21098.5 1070190
9c4h 0.246396 242592 21098.5 1070190
9h4h 0.245934 242182 21014.5 1070190
9h4s 0.245934 242182 21014.5 1070190
9s4h 0.245934 242182 21014.5 1070190
9s4s 0.245934 242182 21014.5 1070190
9s3c 0.244954 241110 21037 1070190
9h3c 0.244954 241110 21037 1070190
9c3h 0.244877 240966 21098.5 1070190
9c3s 0.244877 240966 21098.5 1070190
9s3s 0.244415 240556 21014.5 1070190
9s3h 0.244415 240556 21014.5 1070190
9h3s 0.244415 240556 21014.5 1070190
9h3h 0.244415 240556 21014.5 1070190
9h2c 0.243356 239400 21037 1070190
9s2c 0.243356 239400 21037 1070190
9c2h 0.243279 239256 21098.5 1070190
9c2s 0.243279 239256 21098.5 1070190
9h2h 0.242817 238846 21014.5 1070190
9s2h 0.242817 238846 21014.5 1070190
9h2s 0.242817 238846 21014.5 1070190
9s2s 0.242817 238846 21014.5 1070190
7c3c 0.238364 233863 21232 1070190
7d3c 0.236843 231413 22053.5 1070190
7c2c 0.23674 232125 21232 1070190
7d3h 0.236341 230899 22031 1070190
7d3s 0.236341 230899 22031 1070190
7d2c 0.235329 229793 22053.5 1070190
7d2h 0.234827 229279 22031 1070190
7d2s 0.234827 229279 22031 1070190
7c3d 0.231599 226043 21812 1070190
7s3d 0.23121 225700 21738.5 1070190
7h3d 0.23121 225700 21738.5 1070190
7c2d 0.228689 222929 21812 1070190
7h2d 0.2283 222586 21738.5 1070190
7s2d 0.2283 222586 21738.5 1070190
5c3c 0.205531 193089 26868.5 1070190
5c2c 0.203907 191351 26868.5 1070190
7s3c 0.203467 195711 22037.5 1070190
7h3c 0.203467 195711 22037.5 1070190
7c3h 0.203355 195540 22088.5 1070190
7c3s 0.203355 195540 22088.5 1070190
7s3h 0.202966 195197 22015 1070190
7h3h 0.202966 195197 22015 1070190
7h3s 0.202966 195197 22015 1070190
7s3s 0.202966 195197 22015 1070190
7s2c 0.201869 194001 22037.5 1070190
7h2c 0.201869 194001 22037.5 1070190
7c2h 0.201757 193830 22088.5 1070190
7c2s 0.201757 193830 22088.5 1070190
7s2s 0.201368 193487 22015 1070190
7h2h 0.201368 193487 22015 1070190
7h2s 0.201368 193487 22015 1070190
7s2h 0.201368 193487 22015 1070190
5d3c 0.199668 185782 27900.5 1070190
5d3s 0.199221 185353 27851 1070190
5d3h 0.199221 185353 27851 1070190
5d2c 0.198154 184162 27900.5 1070190
5d2h 0.197707 183733 27851 1070190
5d2s 0.197707 183733 27851 1070190
5c3d 0.197568 183575 27860 1070190
5h3d 0.197171 183211 27799.5 1070190
5s3d 0.197171 183211 27799.5 1070190
5c2d 0.194658 180461 27860 1070190
5h2d 0.194261 180097 27799.5 1070190
5s2d 0.194261 180097 27799.5 1070190
4c3c 0.192086 179274 26294.5 1070190
4c2c 0.190463 177537 26294.5 1070190
4d3c 0.184651 170330 27282 1070190
4d3h 0.18422 169922 27228.5 1070190
4d3s 0.18422 169922 27228.5 1070190
4c3d 0.183656 169261 27285.5 1070190
4s3d 0.183247 168878 27231.5 1070190
4h3d 0.183247 168878 27231.5 1070190
4d2c 0.183138 168710 27282 1070190
4d2h 0.182706 168302 27228.5 1070190
4d2s 0.182706 168302 27228.5 1070190
4c2d 0.180746 166147 27285.5 1070190
4s2d 0.180338 165764 27231.5 1070190
4h2d 0.180338 165764 27231.5 1070190
3c2c 0.1792 166400 25378.5 1070190
3d2c 0.170414 156035 26340.5 1070190
3d2s 0.169989 155633 26287 1070190
3d2h 0.169989 155633 26287 1070190
3c2d 0.169144 154676 26340.5 1070190
5s3c 0.168975 152766 28069.5 1070190
5h3c 0.168975 152766 28069.5 1070190
5c3s 0.168925 152701 28080.5 1070190
5c3h 0.168925 152701 28080.5 1070190
3h2d 0.168719 154274 26287 1070190
3s2d 0.168719 154274 26287 1070190
5h3h 0.168528 152337 28020 1070190
5h3s 0.168528 152337 28020 1070190
5s3s 0.168528 152337 28020 1070190
5s3h 0.168528 152337 28020 1070190
5h2c 0.167377 151056 28069.5 1070190
5s2c 0.167377 151056 28069.5 1070190
5c2s 0.167327 150991 28080.5 1070190
5c2h 0.167327 150991 28080.5 1070190
5h2h 0.16693 150627 28020 1070190
5h2s 0.16693 150627 28020 1070190
5s2h 0.16693 150627 28020 1070190
5s2s 0.16693 150627 28020 1070190
4s3c 0.154564 137953 27460 1070190
4h3c 0.154564 137953 27460 1070190
4c3h 0.154541 137928 27460.5 1070190
4c3s 0.154541 137928 27460.5 1070190
4s3s 0.154133 137545 27406.5 1070190
4s3h 0.154133 137545 27406.5 1070190
4h3s 0.154133 137545 27406.5 1070190
4h3h 0.154133 137545 27406.5 1070190
4h2c 0.152966 136243 27460 1070190
4s2c 0.152966 136243 27460 1070190
4c2h 0.152943 136218 27460.5 1070190
4c2s 0.152943 136218 27460.5 1070190
4h2h 0.152535 135835 27406.5 1070190
4h2s 0.152535 135835 27406.5 1070190
4s2h 0.152535 135835 27406.5 1070190
4s2s 0.152535 135835 27406.5 1070190
3h2c 0.140869 124275 26481.5 1070190
3c2s 0.140869 124275 26481.5 1070190
3c2h 0.140869 124275 26481.5 1070190
3s2c 0.140869 124275 26481.5 1070190
3h2h 0.140443 123873 26428 1070190
3h2s 0.140443 123873 26428 1070190
3s2h 0.140443 123873 26428 1070190
3s2s 0.140443 123873 26428 1070190
