Td7d 0.949005 997749 17867 1070190
Td7c 0.930057 973234 22103.5 1070190
Tc7d 0.929406 972555 22086 1070190
Td7h 0.929271 972514 21983 1070190
Td7s 0.929271 972514 21983 1070190
Ts7d 0.928662 971883 21962 1070190
Th7d 0.928662 971883 21962 1070190
7d5d 0.916842 955833 25362.5 1070190
Tc7c 0.91532 958236 21330 1070190
Ts7c 0.913689 956238 21583 1070190
Th7c 0.913689 956238 21583 1070190
Tc7h 0.913648 956190 21586.5 1070190
Tc7s 0.913648 956190 21586.5 1070190
Th7s 0.912904 955518 21462.5 1070190
Ts7h 0.912904 955518 21462.5 1070190
Ts7s 0.912904 955518 21462.5 1070190
Th7h 0.912904 955518 21462.5 1070190
7d5c 0.88734 916300 33322 1070190
7d5h 0.88656 915586 33201.5 1070190
7d5s 0.88656 915586 33201.5 1070190
7c5d 0.886499 915941 32781.5 1070190
7h5d 0.885873 915437 32615.5 1070190
7s5d 0.885873 915437 32615.5 1070190
7c5c 0.875116 904508 32032.5 1070190
7s5c 0.872396 900954 32675.5 1070190
7h5c 0.872396 900954 32675.5 1070190
7c5h 0.872242 900744 32721 1070190
7c5s 0.872242 900744 32721 1070190
7h5h 0.871616 900240 32555 1070190
7h5s 0.871616 900240 32555 1070190
7s5h 0.871616 900240 32555 1070190
7s5s 0.871616 900240 32555 1070190
6h6d 0.864318 912768 12216 1070190
6s6d 0.864318 912768 12216 1070190
9s9c 0.86171 909609 12584 1070190
9h9c 0.86171 909609 12584 1070190
9s9h 0.861361 909244 12576 1070190
8h8c 0.856831 904323 12648.5 1070190
8s8c 0.856831 904323 12648.5 1070190
8s8h 0.856479 903955 12640.5 1070190
6s6h 0.850456 897454 12696 1070190
9c8c 0.797826 839331 14494 1070190
9c6d 0.795271 833561 17530 1070190
9h6d 0.794943 833243 17497.5 1070190
9s6d 0.794943 833243 17497.5 1070190
9s8c 0.788851 828848 15372 1070190
9h8c 0.788851 828848 15372 1070190
9c8h 0.788848 828845 15372 1070190
9c8s 0.788848 828845 15372 1070190
9s8s 0.788519 828523 15342.5 1070190
9s8h 0.788519 828523 15342.5 1070190
9h8h 0.788519 828523 15342.5 1070190
9h8s 0.788519 828523 15342.5 1070190
9c6s 0.779709 816384 18053 1070190
9c6h 0.779709 816384 18053 1070190
9h6h 0.779382 816066 18020.5 1070190
9h6s 0.779382 816066 18020.5 1070190
9s6s 0.779382 816066 18020.5 1070190
9s6h 0.779382 816066 18020.5 1070190
TdTc 0.779264 823372 10588.5 1070190
8c6d 0.779103 816233 17555.5 1070190
8s6d 0.778773 815912 17523 1070190
8h6d 0.778773 815912 17523 1070190
TsTd 0.778642 822768 10526.5 1070190
ThTd 0.778642 822768 10526.5 1070190
7d6d 0.7738 802207 25905.5 1070190
Td6d 0.767324 806835 14348 1070190
AdAc 0.766494 807733 12561.5 1070190
AsAd 0.765743 806937 12553.5 1070190
AhAd 0.765743 806937 12553.5 1070190
8c6h 0.763068 798549 18078.5 1070190
8c6s 0.763068 798549 18078.5 1070190
8s6s 0.762737 798228 18046 1070190
8h6h 0.762737 798228 18046 1070190
8s6h 0.762737 798228 18046 1070190
8h6s 0.762737 798228 18046 1070190
9c7d 0.760799 779048 35151 1070190
9s7d 0.760176 778447 35086 1070190
9h7d 0.760176 778447 35086 1070190
Td9c 0.759353 792447 20205 1070190
Td9s 0.758715 791808 20161.5 1070190
Td9h 0.758715 791808 20161.5 1070190
ThTc 0.75833 801271 10286.5 1070190
TsTc 0.75833 801271 10286.5 1070190
TsTh 0.757708 800667 10224.5 1070190
9c7c 0.751262 770120 33873.5 1070190
Tc9c 0.748182 781248 19449 1070190
KdKc 0.7476 787513 12561.5 1070190
KhKd 0.746849 786717 12553.5 1070190
KsKd 0.746849 786717 12553.5 1070190
9c7h 0.741605 758582 35076.5 1070190
9c7s 0.741605 758582 35076.5 1070190
9s7c 0.741505 758412 35139 1070190
9h7c 0.741505 758412 35139 1070190
9s7h 0.740983 757981 35011.5 1070190
9s7s 0.740983 757981 35011.5 1070190
9h7s 0.740983 757981 35011.5 1070190
9h7h 0.740983 757981 35011.5 1070190
Ad6d 0.739483 780895 10492.5 1070190
QdQc 0.7391 777831 13146.5 1070190
QsQd 0.738382 777075 13134.5 1070190
QhQd 0.738382 777075 13134.5 1070190
AsAc 0.738284 777063 13041.5 1070190
AhAc 0.738284 777063 13041.5 1070190
AsAh 0.737533 776267 13033.5 1070190
Th9c 0.737312 768858 20206 1070190
Ts9c 0.737312 768858 20206 1070190
Tc9s 0.737306 768815 20242 1070190
Tc9h 0.737306 768815 20242 1070190
Th9h 0.736674 768219 20162.5 1070190
Th9s 0.736674 768219 20162.5 1070190
Ts9h 0.736674 768219 20162.5 1070190
Ts9s 0.736674 768219 20162.5 1070190
Kd6d 0.731219 771528 11015 1070190
Qd6d 0.729178 768398 11961 1070190
JdJc 0.728901 772376 7687 1070190
JhJd 0.728184 771620 7675 1070190
JsJd 0.728184 771620 7675 1070190
Jd6d 0.72658 768389 9190 1070190
Ad7d 0.724502 749893 25461.5 1070190
6d5d 0.72271 751664 21772.5 1070190
KsKc 0.720243 757755 13041.5 1070190
KhKc 0.720243 757755 13041.5 1070190
KsKh 0.719491 756959 13033.5 1070190
8c7d 0.718285 733636 35065.5 1070190
8s7d 0.717662 733034 35000.5 1070190
8h7d 0.717662 733034 35000.5 1070190
Ad9c 0.717104 752118 15320 1070190
Ad9h 0.716403 751397 15290.5 1070190
Ad9s 0.716403 751397 15290.5 1070190
QhQc 0.71312 749555 13618.5 1070190
QsQc 0.71312 749555 13618.5 1070190
AdTd 0.712458 749157 13308.5 1070190
QsQh 0.712402 748799 13606.5 1070190
Jd9c 0.711189 748096 13011 1070190
Qd9c 0.710889 743185 17601 1070190
Jd9h 0.71058 747481 12974.5 1070190
Jd9s 0.71058 747481 12974.5 1070190
Qd9h 0.710251 742540 17564 1070190
Qd9s 0.710251 742540 17564 1070190
Td8c 0.709599 739043 20362.5 1070190
Kd9c 0.709588 743302 16092 1070190
Td8s 0.708961 738404 20319 1070190
Td8h 0.708961 738404 20319 1070190
Kd9s 0.708922 742623 16058.5 1070190
Kd9h 0.708922 742623 16058.5 1070190
8c7c 0.708486 724427 33788 1070190
QdTd 0.706429 742930 13083.5 1070190
JhJc 0.70384 745332 7911 1070190
JsJc 0.70384 745332 7911 1070190
JsJh 0.703123 744576 7899 1070190
Ac9c 0.702009 736318 14965 1070190
Jc9c 0.699378 735779 12688 1070190
Tc8c 0.698215 727616 19606.5 1070190
Qc9c 0.698171 729997 17178.5 1070190
8c7s 0.69725 711199 34991 1070190
8c7h 0.69725 711199 34991 1070190
8h7c 0.69713 711008 35053.5 1070190
8s7c 0.69713 711008 35053.5 1070190
8h7h 0.696627 710597 34926 1070190
8h7s 0.696627 710597 34926 1070190
8s7h 0.696627 710597 34926 1070190
8s7s 0.696627 710597 34926 1070190
9c5d 0.696179 713616 31428 1070190
Kc9c 0.695808 728921 15726 1070190
9s5d 0.69565 713136 31342 1070190
9h5d 0.69565 713136 31342 1070190
Kd7d 0.695231 718693 25336 1070190
JdTd 0.691061 734104 5462.5 1070190
9c5c 0.689993 707895 30529 1070190
7d7c 0.689918 719259 19084.5 1070190
7h7d 0.689448 718869 18971 1070190
7s7d 0.689448 718869 18971 1070190
Ac9h 0.686357 718646 15886 1070190
Ac9s 0.686357 718646 15886 1070190
Ah9c 0.686295 718580 15886 1070190
As9c 0.686295 718580 15886 1070190
As9h 0.685594 717859 15856.5 1070190
As9s 0.685594 717859 15856.5 1070190
Ah9s 0.685594 717859 15856.5 1070190
Ah9h 0.685594 717859 15856.5 1070190
6d4d 0.68535 716203 17251.5 1070190
6d3d 0.685299 716149 17251.5 1070190
Ts8c 0.685268 713003 20363.5 1070190
Th8c 0.685268 713003 20363.5 1070190
6d2d 0.685249 716095 17251.5 1070190
Tc8s 0.685236 712933 20399.5 1070190
Tc8h 0.685236 712933 20399.5 1070190
Jc9h 0.684855 719516 13409.5 1070190
Jc9s 0.684855 719516 13409.5 1070190
Js9c 0.684735 719384 13413 1070190
Jh9c 0.684735 719384 13413 1070190
Th8h 0.68463 712364 20320 1070190
Th8s 0.68463 712364 20320 1070190
Ts8h 0.68463 712364 20320 1070190
Ts8s 0.68463 712364 20320 1070190
Js9s 0.684127 718769 13376.5 1070190
Jh9h 0.684127 718769 13376.5 1070190
Jh9s 0.684127 718769 13376.5 1070190
Js9h 0.684127 718769 13376.5 1070190
Qc9h 0.683242 712985 18213.5 1070190
Qc9s 0.683242 712985 18213.5 1070190
Qs9c 0.68315 712883 18217.5 1070190
Qh9c 0.68315 712883 18217.5 1070190
Qs9h 0.682513 712238 18180.5 1070190
Qh9h 0.682513 712238 18180.5 1070190
Qh9s 0.682513 712238 18180.5 1070190
Qs9s 0.682513 712238 18180.5 1070190
Kc9h 0.68014 711201 16678 1070190
Kc9s 0.68014 711201 16678 1070190
Kh9c 0.680043 711093 16682 1070190
Ks9c 0.680043 711093 16682 1070190
Kh9h 0.679377 710414 16648.5 1070190
Kh9s 0.679377 710414 16648.5 1070190
Ks9s 0.679377 710414 16648.5 1070190
Ks9h 0.679377 710414 16648.5 1070190
KdTd 0.678772 713715 12700.5 1070190
9h5c 0.675836 691385 31887.5 1070190
9s5c 0.675836 691385 31887.5 1070190
9c5h 0.675718 691251 31896 1070190
9c5s 0.675718 691251 31896 1070190
9s5s 0.675189 690771 31810 1070190
9h5h 0.675189 690771 31810 1070190
9s5h 0.675189 690771 31810 1070190
9h5s 0.675189 690771 31810 1070190
Qd7d 0.671169 693068 25210.5 1070190
7h7c 0.668307 696711 18504.5 1070190
7s7c 0.668307 696711 18504.5 1070190
AdKd 0.668291 704077 11121 1070190
AdQd 0.668213 703511 11603.5 1070190
7s7h 0.667837 696321 18391 1070190
AdJd 0.666854 705207 8454 1070190
7c6d 0.666542 676298 37029 1070190
7s6d 0.666044 675878 36915.5 1070190
7h6d 0.666044 675878 36915.5 1070190
7d6s 0.664447 673400 37685 1070190
7d6h 0.664447 673400 37685 1070190
Ad8c 0.66045 691294 15513.5 1070190
Ad8s 0.659749 690573 15484 1070190
Ad8h 0.659749 690573 15484 1070190
QdJd 0.659077 697109 8229 1070190
Jd7d 0.658806 687458 17589.5 1070190
Ad5d 0.656615 679364 23339 1070190
9c4d 0.656149 676432 25772 1070190
9s4d 0.655669 676007 25683.5 1070190
9h4d 0.655669 676007 25683.5 1070190
Jd8c 0.655162 687943 13204.5 1070190
Qd8c 0.654862 683032 17794.5 1070190
9c3d 0.654811 675000 25772 1070190
Jd8s 0.654553 687328 13168 1070190
Jd8h 0.654553 687328 13168 1070190
9h3d 0.654331 674575 25683.5 1070190
9s3d 0.654331 674575 25683.5 1070190
Qd8s 0.654224 682387 17757.5 1070190
Qd8h 0.654224 682387 17757.5 1070190
9c2d 0.653499 673596 25772 1070190
9h2d 0.653019 673171 25683.5 1070190
9s2d 0.653019 673171 25683.5 1070190
Kd8c 0.652934 682478 16285.5 1070190
Kd8h 0.652268 681799 16252 1070190
Kd8s 0.652268 681799 16252 1070190
9c4c 0.651479 671932 25274 1070190
9c3c 0.651406 671854 25274 1070190
9c2c 0.651333 671776 25274 1070190
Td6s 0.649988 675023 20588 1070190
Td6h 0.649988 675023 20588 1070190
Tc6d 0.649577 675052 20119 1070190
Th6d 0.648962 674458 20055 1070190
Ts6d 0.648962 674458 20055 1070190
Ac8c 0.645152 675277 15158.5 1070190
7c6s 0.644394 652098 37525.5 1070190
7c6h 0.644394 652098 37525.5 1070190
8c5d 0.644285 658183 31324.5 1070190
7h6s 0.643895 651678 37412 1070190
7s6h 0.643895 651678 37412 1070190
7s6s 0.643895 651678 37412 1070190
7h6h 0.643895 651678 37412 1070190
8s5d 0.643755 657702 31238.5 1070190
8h5d 0.643755 657702 31238.5 1070190
Jc8c 0.64314 675401 12881.5 1070190
Qc8c 0.641934 669619 17372 1070190
Kc8c 0.638951 667880 15919.5 1070190
8c5c 0.637865 652211 30425.5 1070190
9s4c 0.634464 652361 26636.5 1070190
9h4c 0.634464 652361 26636.5 1070190
9h3c 0.634397 652289 26636.5 1070190
9s3c 0.634397 652289 26636.5 1070190
9h2c 0.63433 652217 26636.5 1070190
9s2c 0.63433 652217 26636.5 1070190
9c4h 0.634202 652023 26694 1070190
9c4s 0.634202 652023 26694 1070190
9c3h 0.634135 651951 26694 1070190
9c3s 0.634135 651951 26694 1070190
9c2h 0.634068 651879 26694 1070190
9c2s 0.634068 651879 26694 1070190
9s4s 0.633723 651598 26605.5 1070190
9h4s 0.633723 651598 26605.5 1070190
9h4h 0.633723 651598 26605.5 1070190
9s4h 0.633723 651598 26605.5 1070190
9s3h 0.633655 651526 26605.5 1070190
9s3s 0.633655 651526 26605.5 1070190
9h3s 0.633655 651526 26605.5 1070190
9h3h 0.633655 651526 26605.5 1070190
9h2s 0.633588 651454 26605.5 1070190
9h2h 0.633588 651454 26605.5 1070190
9s2s 0.633588 651454 26605.5 1070190
9s2h 0.633588 651454 26605.5 1070190
KdQd 0.631224 664534 10995.5 1070190
KdJd 0.629904 666271 7846 1070190
Ac8h 0.62705 654983 16079.5 1070190
Ac8s 0.62705 654983 16079.5 1070190
As8c 0.62702 654951 16079.5 1070190
Ah8c 0.62702 654951 16079.5 1070190
Tc6s 0.626646 650227 20403 1070190
Tc6h 0.626646 650227 20403 1070190
Ah8h 0.626319 654230 16050 1070190
As8s 0.626319 654230 16050 1070190
Ah8s 0.626319 654230 16050 1070190
As8h 0.626319 654230 16050 1070190
Jc8h 0.626207 656558 13603 1070190
Jc8s 0.626207 656558 13603 1070190
Js8c 0.626118 656459 13606.5 1070190
Jh8c 0.626118 656459 13606.5 1070190
Ts6s 0.626031 649633 20339 1070190
Th6h 0.626031 649633 20339 1070190
Ts6h 0.626031 649633 20339 1070190
Th6s 0.626031 649633 20339 1070190
Js8h 0.625509 655844 13570 1070190
Jh8s 0.625509 655844 13570 1070190
Jh8h 0.625509 655844 13570 1070190
Js8s 0.625509 655844 13570 1070190
Qc8h 0.624594 650027 18407 1070190
Qc8s 0.624594 650027 18407 1070190
Qs8c 0.624533 649958 18411 1070190
Qh8c 0.624533 649958 18411 1070190
Qs8s 0.623896 649313 18374 1070190
Qs8h 0.623896 649313 18374 1070190
Qh8s 0.623896 649313 18374 1070190
Qh8h 0.623896 649313 18374 1070190
Kd5d 0.621935 642375 23213.5 1070190
8s5c 0.621639 633488 31784 1070190
8h5c 0.621639 633488 31784 1070190
8c5s 0.621548 633382 31792.5 1070190
8c5h 0.621548 633382 31792.5 1070190
8s5h 0.621018 632901 31706.5 1070190
8s5s 0.621018 632901 31706.5 1070190
8h5s 0.621018 632901 31706.5 1070190
8h5h 0.621018 632901 31706.5 1070190
Kc8h 0.620833 647538 16871.5 1070190
Kc8s 0.620833 647538 16871.5 1070190
Ks8c 0.620768 647464 16875.5 1070190
Kh8c 0.620768 647464 16875.5 1070190
Ks8h 0.620102 646785 16842 1070190
Ks8s 0.620102 646785 16842 1070190
Kh8s 0.620102 646785 16842 1070190
Kh8h 0.620102 646785 16842 1070190
Ad4d 0.611726 635304 19359.5 1070190
Ad3d 0.610457 633945 19359.5 1070190
Ad2d 0.609187 632586 19359.5 1070190
Qd5d 0.599316 617972 23410 1070190
8c4d 0.59788 614177 25668.5 1070190
8s4d 0.5974 613751 25580 1070190
8h4d 0.5974 613751 25580 1070190
8c3d 0.596542 612745 25668.5 1070190
8h3d 0.596062 612320 25580 1070190
8s3d 0.596062 612320 25580 1070190
8c2d 0.59523 611341 25668.5 1070190
8s2d 0.59475 610916 25580 1070190
8h2d 0.59475 610916 25580 1070190
8c4c 0.592981 609432 25170.5 1070190
8c3c 0.592889 609333 25170.5 1070190
8c2c 0.592816 609255 25170.5 1070190
Ad7c 0.591375 596312 36571.5 1070190
Ad7h 0.590938 595970 36445.5 1070190
Ad7s 0.590938 595970 36445.5 1070190
Ad6s 0.58954 614753 16167 1070190
Ad6h 0.58954 614753 16167 1070190
7d4d 0.587702 602580 26373 1070190
7d3d 0.586533 601329 26373 1070190
6d5c 0.586144 595350 31935 1070190
6d5s 0.585524 594746 31875.5 1070190
6d5h 0.585524 594746 31875.5 1070190
7d2d 0.585364 600078 26373 1070190
6h5d 0.583358 592319 31984.5 1070190
6s5d 0.583358 592319 31984.5 1070190
Qd6h 0.582894 605524 18283.5 1070190
Qd6s 0.582894 605524 18283.5 1070190
Ac6d 0.582634 607354 16175 1070190
Jd6s 0.582561 609837 13613.5 1070190
Jd6h 0.582561 609837 13613.5 1070190
As6d 0.581887 606567 16162.5 1070190
Ah6d 0.581887 606567 16162.5 1070190
Ac7d 0.581179 584579 37393 1070190
Kd6s 0.581122 605053 16857.5 1070190
Kd6h 0.581122 605053 16857.5 1070190
Ah7d 0.580504 583917 37332.5 1070190
As7d 0.580504 583917 37332.5 1070190
Jc6d 0.579263 606276 13645 1070190
Qc6d 0.578639 600935 18318.5 1070190
Jh6d 0.578551 605529 13630 1070190
Js6d 0.578551 605529 13630 1070190
Qs6d 0.577926 600188 18303 1070190
Qh6d 0.577926 600188 18303 1070190
Jd5d 0.577061 597430 20135 1070190
Ac7c 0.57704 581676 35866 1070190
Kc6d 0.575433 598934 16889 1070190
Ks6d 0.574687 598147 16877 1070190
Kh6d 0.574687 598147 16877 1070190
Kd4d 0.573916 594965 19234 1070190
8h4c 0.573602 587330 26533 1070190
8s4c 0.573602 587330 26533 1070190
8h3c 0.573535 587258 26533 1070190
8s3c 0.573535 587258 26533 1070190
8s2c 0.573467 587186 26533 1070190
8h2c 0.573467 587186 26533 1070190
8c4s 0.573372 587026 26590.5 1070190
8c4h 0.573372 587026 26590.5 1070190
8c3h 0.573304 586954 26590.5 1070190
8c3s 0.573304 586954 26590.5 1070190
8c2s 0.573237 586882 26590.5 1070190
8c2h 0.573237 586882 26590.5 1070190
8s4h 0.572891 586600 26502 1070190
8s4s 0.572891 586600 26502 1070190
8h4h 0.572891 586600 26502 1070190
8h4s 0.572891 586600 26502 1070190
8h3h 0.572824 586529 26502 1070190
8h3s 0.572824 586529 26502 1070190
8s3s 0.572824 586529 26502 1070190
8s3h 0.572824 586529 26502 1070190
8h2h 0.572757 586457 26502 1070190
8s2h 0.572757 586457 26502 1070190
8h2s 0.572757 586457 26502 1070190
8s2s 0.572757 586457 26502 1070190
Kd3d 0.572646 593606 19234 1070190
Kd2d 0.571376 592247 19234 1070190
Td4d 0.566081 586881 18933.5 1070190
Td3d 0.564862 585576 18933.5 1070190
Td2d 0.563642 584271 18933.5 1070190
Td5d 0.563585 584316 18826.5 1070190
AdTc 0.562925 583299 19138 1070190
QdTc 0.562795 583795 18503 1070190
AdTh 0.562313 582723 19058.5 1070190
AdTs 0.562313 582723 19058.5 1070190
QdTh 0.56218 583217 18422.5 1070190
QdTs 0.56218 583217 18422.5 1070190
6s5c 0.561873 569143 32168 1070190
6h5c 0.561873 569143 32168 1070190
6s5h 0.561253 568539 32108.5 1070190
6h5s 0.561253 568539 32108.5 1070190
6s5s 0.561253 568539 32108.5 1070190
6h5h 0.561253 568539 32108.5 1070190
QcTd 0.55905 579279 19011 1070190
Ac7s 0.558637 560680 37167.5 1070190
Ac7h 0.558637 560680 37167.5 1070190
Ah7c 0.558399 560360 37233 1070190
As7c 0.558399 560360 37233 1070190
QsTd 0.558343 578564 18969.5 1070190
QhTd 0.558343 578564 18969.5 1070190
Ah7s 0.557962 560018 37107 1070190
Ah7h 0.557962 560018 37107 1070190
As7h 0.557962 560018 37107 1070190
As7s 0.557962 560018 37107 1070190
Ac6s 0.556576 579105 16537.5 1070190
Ac6h 0.556576 579105 16537.5 1070190
AcTd 0.555914 575258 19676 1070190
Ah6s 0.555829 578318 16525 1070190
Ah6h 0.555829 578318 16525 1070190
As6h 0.555829 578318 16525 1070190
As6s 0.555829 578318 16525 1070190
AsTd 0.555207 574536 19641.5 1070190
AhTd 0.555207 574536 19641.5 1070190
Jc6h 0.554286 579428 13763.5 1070190
Jc6s 0.554286 579428 13763.5 1070190
QcTc 0.553675 574414 18123 1070190
Jh6h 0.553574 578681 13748.5 1070190
Jh6s 0.553574 578681 13748.5 1070190
Js6h 0.553574 578681 13748.5 1070190
Js6s 0.553574 578681 13748.5 1070190
Qc6s 0.553236 573401 18666.5 1070190
Qc6h 0.553236 573401 18666.5 1070190
Qh6s 0.552523 572654 18651 1070190
Qh6h 0.552523 572654 18651 1070190
Qs6s 0.552523 572654 18651 1070190
Qs6h 0.552523 572654 18651 1070190
Kd7c 0.550945 553206 36410 1070190
AcTc 0.55073 570670 18716 1070190
Kd7s 0.550527 552885 36284 1070190
Kd7h 0.550527 552885 36284 1070190
Kc6s 0.549537 570881 17227.5 1070190
Kc6h 0.549537 570881 17227.5 1070190
Qd4d 0.54897 568072 19430.5 1070190
Kh6s 0.54879 570094 17215.5 1070190
Ks6h 0.54879 570094 17215.5 1070190
Ks6s 0.54879 570094 17215.5 1070190
Kh6h 0.54879 570094 17215.5 1070190
Qd3d 0.5477 566713 19430.5 1070190
Qd2d 0.546431 565354 19430.5 1070190
Kc7d 0.542195 543018 37234 1070190
Ks7d 0.541521 542356 37174 1070190
Kh7d 0.541521 542356 37174 1070190
JdTc 0.539135 569331 7646 1070190
Kc7c 0.539003 541123 35713 1070190
JdTh 0.538492 568681 7607.5 1070190
JdTs 0.538492 568681 7607.5 1070190
JcTd 0.537078 567142 7633.5 1070190
JhTd 0.536372 566427 7592.5 1070190
JsTd 0.536372 566427 7592.5 1070190
QcTh 0.533174 551841 18756 1070190
QcTs 0.533174 551841 18756 1070190
QsTc 0.533082 551704 18795 1070190
QhTc 0.533082 551704 18795 1070190
QhTh 0.532467 551126 18714.5 1070190
QsTs 0.532467 551126 18714.5 1070190
QhTs 0.532467 551126 18714.5 1070190
QsTh 0.532467 551126 18714.5 1070190
JcTc 0.532084 562163 7267.5 1070190
AcTs 0.528994 546662 19462 1070190
AcTh 0.528994 546662 19462 1070190
AhTc 0.5289 546516 19507 1070190
AsTc 0.5289 546516 19507 1070190
5d5c 0.528847 548687 17279.5 1070190
AsTh 0.528287 545940 19427.5 1070190
AhTs 0.528287 545940 19427.5 1070190
AhTh 0.528287 545940 19427.5 1070190
AsTs 0.528287 545940 19427.5 1070190
5h5d 0.528269 548128 17220 1070190
5s5d 0.528269 548128 17220 1070190
6d4c 0.525828 536287 26449 1070190
6d3c 0.525766 536221 26449 1070190
6d2c 0.525705 536155 26449 1070190
Jd4d 0.525192 545900 16155.5 1070190
6d4s 0.525115 535533 26439.5 1070190
6d4h 0.525115 535533 26439.5 1070190
6d3s 0.525053 535467 26439.5 1070190
6d3h 0.525053 535467 26439.5 1070190
6d2s 0.524991 535401 26439.5 1070190
6d2h 0.524991 535401 26439.5 1070190
Jd3d 0.523922 544541 16155.5 1070190
6s4d 0.52336 534142 25953 1070190
6h4d 0.52336 534142 25953 1070190
Jd2d 0.522653 543182 16155.5 1070190
6h3d 0.522022 532710 25953 1070190
6s3d 0.522022 532710 25953 1070190
6h2d 0.52071 531306 25953 1070190
6s2d 0.52071 531306 25953 1070190
Qd7c 0.519051 519217 36266 1070190
Kc7h 0.518977 518396 37008.5 1070190
Kc7s 0.518977 518396 37008.5 1070190
Kh7c 0.518721 518055 37074.5 1070190
Ks7c 0.518721 518055 37074.5 1070190
Qd7h 0.518649 518909 36143.5 1070190
Qd7s 0.518649 518909 36143.5 1070190
Ks7h 0.518303 517734 36948.5 1070190
Ks7s 0.518303 517734 36948.5 1070190
Kh7h 0.518303 517734 36948.5 1070190
Kh7s 0.518303 517734 36948.5 1070190
KdTc 0.515677 533685 18187.5 1070190
KdTs 0.515086 533128 18111.5 1070190
KdTh 0.515086 533128 18111.5 1070190
Qc7d 0.511921 510795 37057.5 1070190
Qh7d 0.511277 510169 36994.5 1070190
Qs7d 0.511277 510169 36994.5 1070190
JcTh 0.510429 538751 7504.5 1070190
JcTs 0.510429 538751 7504.5 1070190
JhTc 0.510365 538686 7502 1070190
JsTc 0.510365 538686 7502 1070190
KcTd 0.5101 527193 18710.5 1070190
JsTs 0.509722 538036 7463.5 1070190
JhTh 0.509722 538036 7463.5 1070190
JhTs 0.509722 538036 7463.5 1070190
JsTh 0.509722 538036 7463.5 1070190
KhTd 0.509393 526471 18676.5 1070190
KsTd 0.509393 526471 18676.5 1070190
Qc7c 0.509141 509318 35560 1070190
KcTc 0.506071 523794 17798.5 1070190
5h5c 0.50441 522590 17224.5 1070190
5s5c 0.50441 522590 17224.5 1070190
5s5h 0.503832 522031 17165 1070190
Jd7c 0.500296 510003 25409 1070190
6h4c 0.500002 508616 26481 1070190
6s4c 0.500002 508616 26481 1070190
6s3c 0.49994 508550 26481 1070190
6h3c 0.49994 508550 26481 1070190
6s2c 0.499879 508484 26481 1070190
6h2c 0.499879 508484 26481 1070190
Jd7h 0.499859 509616 25328.5 1070190
Jd7s 0.499859 509616 25328.5 1070190
6s4s 0.499288 507862 26471.5 1070190
6s4h 0.499288 507862 26471.5 1070190
6h4s 0.499288 507862 26471.5 1070190
6h4h 0.499288 507862 26471.5 1070190
6s3h 0.499227 507796 26471.5 1070190
6h3h 0.499227 507796 26471.5 1070190
6s3s 0.499227 507796 26471.5 1070190
6h3s 0.499227 507796 26471.5 1070190
6s2s 0.499165 507730 26471.5 1070190
6s2h 0.499165 507730 26471.5 1070190
6h2h 0.499165 507730 26471.5 1070190
6h2s 0.499165 507730 26471.5 1070190
5d4d 0.496996 505303 26577.5 1070190
5d3d 0.495777 503998 26577.5 1070190
Jc7d 0.494985 504048 25680 1070190
5d2d 0.494558 502693 26577.5 1070190
Jh7d 0.494342 503422 25617.5 1070190
Js7d 0.494342 503422 25617.5 1070190
Jc7c 0.492327 502179 24704.5 1070190
Qc7h 0.48819 485603 36853 1070190
Qc7s 0.48819 485603 36853 1070190
Qs7c 0.487948 485285 36912.5 1070190
Qh7c 0.487948 485285 36912.5 1070190
Qs7h 0.487546 484977 36790 1070190
Qh7h 0.487546 484977 36790 1070190
Qh7s 0.487546 484977 36790 1070190
Qs7s 0.487546 484977 36790 1070190
AdQc 0.487441 503298 18356.5 1070190
AdQs 0.486734 502574 18323.5 1070190
AdQh 0.486734 502574 18323.5 1070190
AdJc 0.485807 506745 13161 1070190
AdKc 0.485545 502058 17567.5 1070190
AdJs 0.4851 506021 13128 1070190
AdJh 0.4851 506021 13128 1070190
AdKh 0.484805 501295 17538 1070190
AdKs 0.484805 501295 17538 1070190
AcQd 0.484388 500033 18354 1070190
AcKd 0.48407 500499 17547.5 1070190
AhQd 0.483677 499306 18320.5 1070190
AsQd 0.483677 499306 18320.5 1070190
AsKd 0.483333 499744 17514 1070190
AhKd 0.483333 499744 17514 1070190
QdJc 0.482966 504339 12526 1070190
Ad5c 0.4826 481690 34784 1070190
KcTs 0.482343 497711 18488 1070190
KcTh 0.482343 497711 18488 1070190
QdJs 0.482267 503625 12492 1070190
QdJh 0.482267 503625 12492 1070190
KhTc 0.482228 497546 18530 1070190
KsTc 0.482228 497546 18530 1070190
Ad5h 0.482067 481195 34708 1070190
Ad5s 0.482067 481195 34708 1070190
QcJd 0.481787 503093 12511 1070190
AcJd 0.481675 502308 13176 1070190
KsTh 0.481637 496989 18454 1070190
KhTs 0.481637 496989 18454 1070190
KsTs 0.481637 496989 18454 1070190
KhTh 0.481637 496989 18454 1070190
QsJd 0.481091 502385 12474 1070190
QhJd 0.481091 502385 12474 1070190
AhJd 0.480991 501606 13146 1070190
AsJd 0.480991 501606 13146 1070190
AcQc 0.477803 493665 17675 1070190
QcJc 0.476547 497983 12012.5 1070190
AcJc 0.476346 497175 12605.5 1070190
AcKc 0.476098 492605 16910.5 1070190
Ac5c 0.471537 470993 33641 1070190
Ac5d 0.470752 468887 34907.5 1070190
Jc7s 0.470546 477972 25601.5 1070190
Jc7h 0.470546 477972 25601.5 1070190
Js7c 0.470339 477733 25619.5 1070190
Jh7c 0.470339 477733 25619.5 1070190
Ah5d 0.470163 468338 34826 1070190
As5d 0.470163 468338 34826 1070190
Js7h 0.469903 477346 25539 1070190
Jh7s 0.469903 477346 25539 1070190
Jh7h 0.469903 477346 25539 1070190
Js7s 0.469903 477346 25539 1070190
AcQh 0.450755 463630 18763.5 1070190
AcQs 0.450755 463630 18763.5 1070190
AhQc 0.450752 463627 18763 1070190
AsQc 0.450752 463627 18763 1070190
QhJc 0.450644 469631 12644 1070190
QsJc 0.450644 469631 12644 1070190
QcJs 0.450641 469625 12647 1070190
QcJh 0.450641 469625 12647 1070190
AsQh 0.450044 462903 18730 1070190
AhQs 0.450044 462903 18730 1070190
AhQh 0.450044 462903 18730 1070190
AsQs 0.450044 462903 18730 1070190
QsJs 0.449945 468917 12610 1070190
QsJh 0.449945 468917 12610 1070190
QhJs 0.449945 468917 12610 1070190
QhJh 0.449945 468917 12610 1070190
AhJc 0.449411 467599 13356 1070190
AsJc 0.449411 467599 13356 1070190
AcJh 0.449387 467577 13353 1070190
AcJs 0.449387 467577 13353 1070190
AhJs 0.448704 466875 13323 1070190
AhJh 0.448704 466875 13323 1070190
AsJh 0.448704 466875 13323 1070190
AsJs 0.448704 466875 13323 1070190
AhKc 0.448477 462011 17944.5 1070190
AsKc 0.448477 462011 17944.5 1070190
AcKs 0.448473 462003 17948.5 1070190
AcKh 0.448473 462003 17948.5 1070190
AhKs 0.447736 461248 17915 1070190
AsKs 0.447736 461248 17915 1070190
AhKh 0.447736 461248 17915 1070190
AsKh 0.447736 461248 17915 1070190
Ac5h 0.446502 442642 35199.5 1070190
Ac5s 0.446502 442642 35199.5 1070190
Ah5c 0.446446 442588 35194 1070190
As5c 0.446446 442588 35194 1070190
Ah5h 0.445912 442093 35118 1070190
Ah5s 0.445912 442093 35118 1070190
As5s 0.445912 442093 35118 1070190
As5h 0.445912 442093 35118 1070190
4d4c 0.438531 455002 14309 1070190
4d3d 0.438423 446479 22717 1070190
4s4d 0.437871 454306 14299.5 1070190
4h4d 0.437871 454306 14299.5 1070190
4d2d 0.437153 445120 22717 1070190
KdQc 0.435195 448335 17406 1070190
3d2d 0.434889 442697 22717 1070190
KdQs 0.434514 447636 17376.5 1070190
KdQh 0.434514 447636 17376.5 1070190
Kd5c 0.433854 429684 34622.5 1070190
KdJc 0.433561 451782 12210.5 1070190
KcQd 0.433541 446583 17388.5 1070190
Kd5s 0.433347 429217 34546.5 1070190
Kd5h 0.433347 429217 34546.5 1070190
KdJs 0.43288 451083 12181 1070190
KdJh 0.43288 451083 12181 1070190
KsQd 0.432831 445856 17355.5 1070190
KhQd 0.432831 445856 17355.5 1070190
KcJd 0.430829 448858 12210.5 1070190
KsJd 0.430145 448156 12181 1070190
KhJd 0.430145 448156 12181 1070190
KcQc 0.428292 441596 16757.5 1070190
KcJc 0.426834 445106 11688 1070190
Kc5c 0.425425 421798 33488 1070190
Kc5d 0.423414 418385 34748.5 1070190
Ks5d 0.422825 417836 34667.5 1070190
Kh5d 0.422825 417836 34667.5 1070190
3d3c 0.420575 435786 14309 1070190
3s3d 0.419917 435091 14299.5 1070190
3h3d 0.419917 435091 14299.5 1070190
4h4c 0.411212 425298 14777 1070190
4s4c 0.411212 425298 14777 1070190
4s4h 0.410553 424602 14767.5 1070190
Ad4c 0.409234 407772 30186 1070190
Ad4h 0.408628 407153 30156.5 1070190
Ad4s 0.408628 407153 30156.5 1070190
Ad3c 0.40772 406152 30186 1070190
Ad3s 0.407114 405533 30156.5 1070190
Ad3h 0.407114 405533 30156.5 1070190
Ad2c 0.406206 404532 30186 1070190
Ad2s 0.4056 403913 30156.5 1070190
Ad2h 0.4056 403913 30156.5 1070190
Qd5c 0.40457 397968 34999 1070190
Qd5h 0.404083 397523 34923 1070190
Qd5s 0.404083 397523 34923 1070190
7d4c 0.402747 391809 39206.5 1070190
2d2c 0.402645 416598 14309 1070190
7d4s 0.402185 391246 39168 1070190
7d4h 0.402185 391246 39168 1070190
2s2d 0.401987 415903 14299.5 1070190
2h2d 0.401987 415903 14299.5 1070190
7d3c 0.401356 390321 39206.5 1070190
7c4c 0.401053 391576 37627 1070190
7d3s 0.400794 389758 39168 1070190
7d3h 0.400794 389758 39168 1070190
7c4d 0.400764 390811 38083 1070190
7h4d 0.400439 390610 37936 1070190
7s4d 0.400439 390610 37936 1070190
Ac4c 0.400304 399580 28821.5 1070190
7d2c 0.399966 388833 39206.5 1070190
7c3c 0.399533 389949 37627 1070190
7d2h 0.399404 388270 39168 1070190
7d2s 0.399404 388270 39168 1070190
KcQh 0.39898 409195 17789.5 1070190
KcQs 0.39898 409195 17789.5 1070190
KsQc 0.398951 409167 17786 1070190
KhQc 0.398951 409167 17786 1070190
Ac3c 0.398701 397864 28821.5 1070190
Kc5s 0.398303 391219 35040.5 1070190
Kc5h 0.398303 391219 35040.5 1070190
KsQh 0.39827 408468 17756.5 1070190
KsQs 0.39827 408468 17756.5 1070190
KhQs 0.39827 408468 17756.5 1070190
KhQh 0.39827 408468 17756.5 1070190
Ks5c 0.398221 391137 35035.5 1070190
Kh5c 0.398221 391137 35035.5 1070190
Qc5c 0.398122 392219 33847.5 1070190
7c2c 0.398038 388349 37627 1070190
7c3d 0.397963 387813 38083 1070190
Kh5h 0.397714 390670 34959.5 1070190
Kh5s 0.397714 390670 34959.5 1070190
Ks5h 0.397714 390670 34959.5 1070190
Ks5s 0.397714 390670 34959.5 1070190
7h3d 0.397638 387612 37936 1070190
7s3d 0.397638 387612 37936 1070190
KcJs 0.397613 413142 12379 1070190
KcJh 0.397613 413142 12379 1070190
KhJc 0.39761 413139 12379 1070190
KsJc 0.39761 413139 12379 1070190
Ac2c 0.397097 396148 28821.5 1070190
Ac4d 0.397 395122 29743.5 1070190
KsJh 0.396929 412440 12349.5 1070190
KsJs 0.396929 412440 12349.5 1070190
KhJs 0.396929 412440 12349.5 1070190
KhJh 0.396929 412440 12349.5 1070190
As4d 0.396453 394621 29659.5 1070190
Ah4d 0.396453 394621 29659.5 1070190
Qc5d 0.395654 388307 35117.5 1070190
7c2d 0.395188 384843 38083 1070190
Qh5d 0.395085 387781 35035 1070190
Qs5d 0.395085 387781 35035 1070190
7h2d 0.394863 384642 37936 1070190
7s2d 0.394863 384642 37936 1070190
Ac3d 0.394064 391980 29743.5 1070190
3h3c 0.393927 406800 14777 1070190
3s3c 0.393927 406800 14777 1070190
As3d 0.393518 391479 29659.5 1070190
Ah3d 0.393518 391479 29659.5 1070190
3s3h 0.393269 406105 14767.5 1070190
Ac2d 0.391154 388866 29743.5 1070190
As2d 0.390608 388365 29659.5 1070190
Ah2d 0.390608 388365 29659.5 1070190
2h2c 0.376642 388302 14777 1070190
2s2c 0.376642 388302 14777 1070190
7h4c 0.376483 364011 38897 1070190
7s4c 0.376483 364011 38897 1070190
7c4s 0.376246 363649 39005.5 1070190
7c4h 0.376246 363649 39005.5 1070190
2s2h 0.375984 387607 14767.5 1070190
7s4s 0.375921 363448 38858.5 1070190
7h4s 0.375921 363448 38858.5 1070190
7s4h 0.375921 363448 38858.5 1070190
7h4h 0.375921 363448 38858.5 1070190
7h3c 0.375014 362439 38897 1070190
7s3c 0.375014 362439 38897 1070190
7c3h 0.374777 362077 39005.5 1070190
7c3s 0.374777 362077 39005.5 1070190
7h3h 0.374452 361876 38858.5 1070190
7h3s 0.374452 361876 38858.5 1070190
7s3s 0.374452 361876 38858.5 1070190
7s3h 0.374452 361876 38858.5 1070190
Jd5c 0.374068 370664 29659.5 1070190
Jd5s 0.373603 370239 29587 1070190
Jd5h 0.373603 370239 29587 1070190
7h2c 0.373545 360867 38897 1070190
7s2c 0.373545 360867 38897 1070190
7c2h 0.373308 360505 39005.5 1070190
7c2s 0.373308 360505 39005.5 1070190
7s2h 0.372983 360304 38858.5 1070190
7h2s 0.372983 360304 38858.5 1070190
7h2h 0.372983 360304 38858.5 1070190
7s2s 0.372983 360304 38858.5 1070190
As4c 0.370807 366423 30411 1070190
Ah4c 0.370807 366423 30411 1070190
Ac4h 0.370748 366305 30465.5 1070190
Ac4s 0.370748 366305 30465.5 1070190
Qc5s 0.370276 360836 35430 1070190
Qc5h 0.370276 360836 35430 1070190
As4h 0.370201 365804 30381.5 1070190
As4s 0.370201 365804 30381.5 1070190
Ah4h 0.370201 365804 30381.5 1070190
Ah4s 0.370201 365804 30381.5 1070190
Qs5c 0.370195 360755 35423.5 1070190
Qh5c 0.370195 360755 35423.5 1070190
Qh5s 0.369708 360310 35347.5 1070190
Qs5s 0.369708 360310 35347.5 1070190
Qh5h 0.369708 360310 35347.5 1070190
Qs5h 0.369708 360310 35347.5 1070190
Jc5c 0.369527 366839 28625 1070190
Ah3c 0.369209 364713 30411 1070190
As3c 0.369209 364713 30411 1070190
Ac3h 0.36915 364595 30465.5 1070190
Ac3s 0.36915 364595 30465.5 1070190
As3h 0.368603 364094 30381.5 1070190
As3s 0.368603 364094 30381.5 1070190
Ah3h 0.368603 364094 30381.5 1070190
Ah3s 0.368603 364094 30381.5 1070190
Ah2c 0.367611 363003 30411 1070190
As2c 0.367611 363003 30411 1070190
Ac2s 0.367552 362885 30465.5 1070190
Ac2h 0.367552 362885 30465.5 1070190
As2h 0.367005 362384 30381.5 1070190
Ah2h 0.367005 362384 30381.5 1070190
Ah2s 0.367005 362384 30381.5 1070190
As2s 0.367005 362384 30381.5 1070190
Jc5d 0.366261 362206 29763 1070190
Js5d 0.365693 361680 29681 1070190
Jh5d 0.365693 361680 29681 1070190
Td4c 0.36044 357322 28417 1070190
Td4s 0.359882 356756 28386.5 1070190
Td4h 0.359882 356756 28386.5 1070190
Td3c 0.358988 355768 28417 1070190
Td5c 0.358922 355877 28238 1070190
Td3s 0.35843 355202 28386.5 1070190
Td3h 0.35843 355202 28386.5 1070190
Td5h 0.358429 355380 28207.5 1070190
Td5s 0.358429 355380 28207.5 1070190
Tc4c 0.358426 356645 26939 1070190
Td2c 0.357536 354214 28417 1070190
Td2h 0.356978 353648 28386.5 1070190
Td2s 0.356978 353648 28386.5 1070190
Tc3c 0.356887 354998 26939 1070190
Tc5c 0.356493 354744 26771 1070190
Kd4c 0.355707 350650 30024.5 1070190
Tc2c 0.355348 353351 26939 1070190
Kd4h 0.355133 350065 29995 1070190
Kd4s 0.355133 350065 29995 1070190
Tc4d 0.355012 352397 27533 1070190
Ts4d 0.354542 352014 27413.5 1070190
Th4d 0.354542 352014 27413.5 1070190
Tc5d 0.354255 351761 27359 1070190
Kd3c 0.354194 349030 30024.5 1070190
Ts5d 0.353783 351375 27240.5 1070190
Th5d 0.353783 351375 27240.5 1070190
Kd3h 0.353619 348445 29995 1070190
Kd3s 0.353619 348445 29995 1070190
Kd2c 0.35268 347410 30024.5 1070190
Tc3d 0.352143 349327 27533 1070190
Kd2h 0.352106 346825 29995 1070190
Kd2s 0.352106 346825 29995 1070190
Ts3d 0.351674 348944 27413.5 1070190
Th3d 0.351674 348944 27413.5 1070190
Kc4c 0.349552 345419 28668.5 1070190
Tc2d 0.349301 346285 27533 1070190
Ts2d 0.348831 345902 27413.5 1070190
Th2d 0.348831 345902 27413.5 1070190
Kc3c 0.347949 343703 28668.5 1070190
Kc2c 0.346346 341987 28668.5 1070190
Kc4d 0.344848 339468 29584.5 1070190
Ks4d 0.344301 338967 29501 1070190
Kh4d 0.344301 338967 29501 1070190
Kc3d 0.341912 336326 29584.5 1070190
Ks3d 0.341366 335825 29501 1070190
Kh3d 0.341366 335825 29501 1070190
Jc5h 0.340543 334582 29864 1070190
Jc5s 0.340543 334582 29864 1070190
Jh5c 0.34044 334481 29854.5 1070190
Js5c 0.34044 334481 29854.5 1070190
Jh5s 0.339975 334056 29782 1070190
Jh5h 0.339975 334056 29782 1070190
Js5h 0.339975 334056 29782 1070190
Js5s 0.339975 334056 29782 1070190
Kc2d 0.339002 333212 29584.5 1070190
Ks2d 0.338456 332711 29501 1070190
Kh2d 0.338456 332711 29501 1070190
Ts4c 0.329412 324456 28077 1070190
Th4c 0.329412 324456 28077 1070190
Tc4s 0.329324 324273 28166 1070190
Tc4h 0.329324 324273 28166 1070190
Ts4s 0.328854 323890 28046.5 1070190
Th4s 0.328854 323890 28046.5 1070190
Th4h 0.328854 323890 28046.5 1070190
Ts4h 0.328854 323890 28046.5 1070190
Th3c 0.327878 322815 28077 1070190
Ts3c 0.327878 322815 28077 1070190
Tc3h 0.32779 322632 28166 1070190
Tc3s 0.32779 322632 28166 1070190
Ts5c 0.327765 322873 27898 1070190
Th5c 0.327765 322873 27898 1070190
Tc5s 0.327744 322762 27986 1070190
Tc5h 0.327744 322762 27986 1070190
Th3s 0.327321 322249 28046.5 1070190
Ts3s 0.327321 322249 28046.5 1070190
Th3h 0.327321 322249 28046.5 1070190
Ts3h 0.327321 322249 28046.5 1070190
Th5s 0.327272 322376 27867.5 1070190
Ts5s 0.327272 322376 27867.5 1070190
Ts5h 0.327272 322376 27867.5 1070190
Th5h 0.327272 322376 27867.5 1070190
Ts2c 0.326345 321174 28077 1070190
Th2c 0.326345 321174 28077 1070190
Tc2s 0.326257 320991 28166 1070190
Tc2h 0.326257 320991 28166 1070190
Ts2h 0.325787 320608 28046.5 1070190
Th2s 0.325787 320608 28046.5 1070190
Th2h 0.325787 320608 28046.5 1070190
Ts2s 0.325787 320608 28046.5 1070190
Qd4c 0.322894 315157 30401 1070190
Qd4h 0.322346 314600 30371.5 1070190
Qd4s 0.322346 314600 30371.5 1070190
Qd3c 0.32138 313537 30401 1070190
Qd3s 0.320832 312980 30371.5 1070190
Qd3h 0.320832 312980 30371.5 1070190
Qd2c 0.319867 311917 30401 1070190
Qd2h 0.319319 311360 30371.5 1070190
Qd2s 0.319319 311360 30371.5 1070190
Qc4c 0.318824 312174 29028 1070190
Kh4c 0.317679 309724 30252.5 1070190
Ks4c 0.317679 309724 30252.5 1070190
Kc4h 0.317651 309640 30306.5 1070190
Kc4s 0.317651 309640 30306.5 1070190
Qc3c 0.31722 310458 29028 1070190
Ks4s 0.317104 309139 30223 1070190
Ks4h 0.317104 309139 30223 1070190
Kh4s 0.317104 309139 30223 1070190
Kh4h 0.317104 309139 30223 1070190
Ks3c 0.316081 308014 30252.5 1070190
Kh3c 0.316081 308014 30252.5 1070190
Kc3s 0.316053 307930 30306.5 1070190
Kc3h 0.316053 307930 30306.5 1070190
Qc2c 0.315617 308742 29028 1070190
Kh3h 0.315507 307429 30223 1070190
Kh3s 0.315507 307429 30223 1070190
Ks3h 0.315507 307429 30223 1070190
Ks3s 0.315507 307429 30223 1070190
Kh2c 0.314483 306304 30252.5 1070190
Ks2c 0.314483 306304 30252.5 1070190
Kc2h 0.314455 306220 30306.5 1070190
Kc2s 0.314455 306220 30306.5 1070190
Ks2s 0.313909 305719 30223 1070190
Ks2h 0.313909 305719 30223 1070190
Kh2s 0.313909 305719 30223 1070190
Kh2h 0.313909 305719 30223 1070190
Qc4d 0.313524 305577 29953.5 1070190
Qs4d 0.312998 305099 29868.5 1070190
Qh4d 0.312998 305099 29868.5 1070190
Qc3d 0.310588 302435 29953.5 1070190
Qh3d 0.310062 301957 29868.5 1070190
Qs3d 0.310062 301957 29868.5 1070190
Qc2d 0.307679 299321 29953.5 1070190
Qs2d 0.307152 298843 29868.5 1070190
Qh2d 0.307152 298843 29868.5 1070190
Jd4c 0.290113 285415 25061.5 1070190
Jd4s 0.289593 284884 25035.5 1070190
Jd4h 0.289593 284884 25035.5 1070190
Jd3c 0.2886 283795 25061.5 1070190
Jd3s 0.288079 283264 25035.5 1070190
Jd3h 0.288079 283264 25035.5 1070190
Jc4c 0.288018 284428 23805.5 1070190
Jd2c 0.287086 282175 25061.5 1070190
Jd2s 0.286565 281644 25035.5 1070190
Jd2h 0.286565 281644 25035.5 1070190
Jc3c 0.286414 282712 23805.5 1070190
Qh4c 0.286033 275469 30640.5 1070190
Qs4c 0.286033 275469 30640.5 1070190
Qc4h 0.286011 275390 30696 1070190
Qc4s 0.286011 275390 30696 1070190
Qh4s 0.285485 274912 30611 1070190
Qh4h 0.285485 274912 30611 1070190
Qs4h 0.285485 274912 30611 1070190
Qs4s 0.285485 274912 30611 1070190
Jc2c 0.284811 280996 23805.5 1070190
Qs3c 0.284435 273759 30640.5 1070190
Qh3c 0.284435 273759 30640.5 1070190
Qc3s 0.284413 273680 30696 1070190
Qc3h 0.284413 273680 30696 1070190
Qh3s 0.283887 273202 30611 1070190
Qs3s 0.283887 273202 30611 1070190
Qs3h 0.283887 273202 30611 1070190
Qh3h 0.283887 273202 30611 1070190
Qh2c 0.282837 272049 30640.5 1070190
Qs2c 0.282837 272049 30640.5 1070190
Qc2h 0.282815 271970 30696 1070190
Qc2s 0.282815 271970 30696 1070190
Qh2h 0.282289 271492 30611 1070190
Qs2h 0.282289 271492 30611 1070190
Qs2s 0.282289 271492 30611 1070190
Qh2s 0.282289 271492 30611 1070190
Jc4d 0.28182 277002 24599 1070190
Js4d 0.281294 276524 24514.5 1070190
Jh4d 0.281294 276524 24514.5 1070190
Jc3d 0.278884 273860 24599 1070190
Js3d 0.278359 273382 24514.5 1070190
Jh3d 0.278359 273382 24514.5 1070190
Jc2d 0.275974 270746 24599 1070190
Js2d 0.275449 270268 24514.5 1070190
Jh2d 0.275449 270268 24514.5 1070190
5c4c 0.268545 248836 38558.5 1070190
5c3c 0.266961 247141 38558.5 1070190
5c2c 0.265402 245472 38558.5 1070190
5d4c 0.264159 242599 40101.5 1070190
5c4d 0.263855 242792 39583.5 1070190
5d4s 0.263702 242165 40046.5 1070190
5d4h 0.263702 242165 40046.5 1070190
5s4d 0.263485 242499 39479.5 1070190
5h4d 0.263485 242499 39479.5 1070190
5d3c 0.262707 241045 40101.5 1070190
5d3s 0.26225 240611 40046.5 1070190
5d3h 0.26225 240611 40046.5 1070190
5d2c 0.261255 239491 40101.5 1070190
5c3d 0.260987 239722 39583.5 1070190
5d2h 0.260798 239057 40046.5 1070190
5d2s 0.260798 239057 40046.5 1070190
5h3d 0.260616 239429 39479.5 1070190
5s3d 0.260616 239429 39479.5 1070190
5c2d 0.258144 236680 39583.5 1070190
5s2d 0.257773 236387 39479.5 1070190
5h2d 0.257773 236387 39479.5 1070190
Jc4s 0.253949 246644 25130 1070190
Jc4h 0.253949 246644 25130 1070190
Jh4c 0.253944 246697 25071.5 1070190
Js4c 0.253944 246697 25071.5 1070190
Js4s 0.253424 246166 25045.5 1070190
Js4h 0.253424 246166 25045.5 1070190
Jh4s 0.253424 246166 25045.5 1070190
Jh4h 0.253424 246166 25045.5 1070190
Jc3h 0.252351 244934 25130 1070190
Jc3s 0.252351 244934 25130 1070190
Js3c 0.252346 244987 25071.5 1070190
Jh3c 0.252346 244987 25071.5 1070190
Jh3s 0.251826 244456 25045.5 1070190
Jh3h 0.251826 244456 25045.5 1070190
Js3h 0.251826 244456 25045.5 1070190
Js3s 0.251826 244456 25045.5 1070190
Jc2s 0.250754 243224 25130 1070190
Jc2h 0.250754 243224 25130 1070190
Jh2c 0.250748 243277 25071.5 1070190
Js2c 0.250748 243277 25071.5 1070190
Js2h 0.250228 242746 25045.5 1070190
Jh2h 0.250228 242746 25045.5 1070190
Js2s 0.250228 242746 25045.5 1070190
Jh2s 0.250228 242746 25045.5 1070190
5s4c 0.236091 212372 40290 1070190
5h4c 0.236091 212372 40290 1070190
5c4h 0.236005 212231 40339 1070190
5c4s 0.236005 212231 40339 1070190
5h4h 0.235634 211938 40235 1070190
5h4s 0.235634 211938 40235 1070190
5s4s 0.235634 211938 40235 1070190
5s4h 0.235634 211938 40235 1070190
5h3c 0.234557 210731 40290 1070190
5s3c 0.234557 210731 40290 1070190
5c3h 0.234471 210590 40339 1070190
5c3s 0.234471 210590 40339 1070190
5h3h 0.2341 210297 40235 1070190
5h3s 0.2341 210297 40235 1070190
5s3s 0.2341 210297 40235 1070190
5s3h 0.2341 210297 40235 1070190
5h2c 0.233024 209090 40290 1070190
5s2c 0.233024 209090 40290 1070190
5c2h 0.232938 208949 40339 1070190
5c2s 0.232938 208949 40339 1070190
5s2h 0.232567 208656 40235 1070190
5h2h 0.232567 208656 40235 1070190
5h2s 0.232567 208656 40235 1070190
5s2s 0.232567 208656 40235 1070190
4c3c 0.179282 158034 33832 1070190
4c2c 0.177659 156297 33832 1070190
3c2c 0.17606 154586 33832 1070190
4d3c 0.17194 148953 35055.5 1070190
4d3s 0.171547 148589 34998.5 1070190
4d3h 0.171547 148589 34998.5 1070190
4c3d 0.170644 147566 35055.5 1070190
4d2c 0.170426 147333 35055.5 1070190
4h3d 0.170251 147202 34998.5 1070190
4s3d 0.170251 147202 34998.5 1070190
4d2s 0.170033 146969 34998.5 1070190
4d2h 0.170033 146969 34998.5 1070190
4c2d 0.167734 144452 35055.5 1070190
3d2c 0.16749 144191 35055.5 1070190
4s2d 0.167341 144088 34998.5 1070190
4h2d 0.167341 144088 34998.5 1070190
3d2h 0.167097 143827 34998.5 1070190
3d2s 0.167097 143827 34998.5 1070190
3c2d 0.16622 142832 35055.5 1070190
3s2d 0.165827 142468 34998.5 1070190
3h2d 0.165827 142468 34998.5 1070190
4h3c 0.141607 115909 35637.5 1070190
4c3s 0.141607 115909 35637.5 1070190
4c3h 0.141607 115909 35637.5 1070190
4s3c 0.141607 115909 35637.5 1070190
4h3h 0.141214 115545 35580.5 1070190
4h3s 0.141214 115545 35580.5 1070190
4s3s 0.141214 115545 35580.5 1070190
4s3h 0.141214 115545 35580.5 1070190
4s2c 0.140009 114199 35637.5 1070190
4c2h 0.140009 114199 35637.5 1070190
4c2s 0.140009 114199 35637.5 1070190
4h2c 0.140009 114199 35637.5 1070190
4s2s 0.139616 113835 35580.5 1070190
4s2h 0.139616 113835 35580.5 1070190
4h2h 0.139616 113835 35580.5 1070190
4h2s 0.139616 113835 35580.5 1070190
3h2c 0.138411 112489 35637.5 1070190
3c2s 0.138411 112489 35637.5 1070190
3c2h 0.138411 112489 35637.5 1070190
3s2c 0.138411 112489 35637.5 1070190
3s2s 0.138018 112125 35580.5 1070190
3h2h 0.138018 112125 35580.5 1070190
3h2s 0.138018 112125 35580.5 1070190
3s2h 0.138018 112125 35580.5 1070190
