Kc8c 0.982654 1051627 0 1070190
Kc7c 0.982654 1051626 0 1070190
KcTc 0.982448 1051406 0 1070190
Kc5c 0.982412 1051368 0 1070190
Kc3c 0.982171 1051110 0 1070190
Kc4c 0.982171 1051110 0 1070190
KcJc 0.982167 1051105 0 1070190
KcQc 0.982167 1051105 0 1070190
Kc2c 0.982166 1051104 0 1070190
Qc8c 0.965843 1033636 0 1070190
Qc7c 0.965807 1033597 0 1070190
QcTc 0.965599 1033374 0 1070190
Qc5c 0.965527 1033297 0 1070190
QcJc 0.965319 1033075 0 1070190
Qc4c 0.965248 1032999 0 1070190
Qc3c 0.965248 1032999 0 1070190
Qc2c 0.965243 1032993 0 1070190
Jc8c 0.949915 1016589 0 1070190
Jc7c 0.949878 1016550 0 1070190
JcTc 0.949631 1016286 0 1070190
Jc5c 0.949559 1016209 0 1070190
Jc3c 0.949245 1015872 0 1070190
Jc4c 0.949245 1015872 0 1070190
Jc2c 0.949239 1015866 0 1070190
Tc8c 0.940411 1006418 0 1070190
Tc7c 0.940372 1006377 0 1070190
Tc5c 0.934757 1000368 0 1070190
Tc3c 0.934557 1000154 0 1070190
Tc4c 0.934557 1000154 0 1070190
Tc2c 0.934552 1000148 0 1070190
8c7c 0.93356 999087 0 1070190
8c5c 0.927946 993078 0 1070190
8c3c 0.920757 985385 0 1070190
8c4c 0.920757 985385 0 1070190
8c2c 0.920752 985380 0 1070190
7c5c 0.914905 979122 0 1070190
7c3c 0.907718 971431 0 1070190
7c4c 0.907718 971431 0 1070190
7c2c 0.907522 971221 0 1070190
AhKc 0.904836 965985 2361 1070190
AsKc 0.904836 965985 2361 1070190
AdKc 0.904836 965985 2361 1070190
5c4c 0.890117 946854 5740 1070190
5c3c 0.890117 946854 5740 1070190
5c2c 0.889921 946645 5740 1070190
AhQc 0.887272 946586 2964 1070190
AdQc 0.887272 946586 2964 1070190
AsQc 0.887272 946586 2964 1070190
4c3c 0.876911 930381 8080 1070190
4c2c 0.876391 929435 8470 1070190
AdJc 0.870098 927675 3495 1070190
AsJc 0.870098 927675 3495 1070190
AhJc 0.870098 927675 3495 1070190
3c2c 0.86462 914615 10693 1070190
AhTc 0.857355 913079 4453.5 1070190
AdTc 0.857355 913079 4453.5 1070190
AsTc 0.857355 913079 4453.5 1070190
KsKc 0.845931 904992 315 1070190
KhKc 0.845931 904992 315 1070190
KdKc 0.845931 904992 315 1070190
AsAd 0.843531 885867 16871.5 1070190
AsAh 0.843531 885867 16871.5 1070190
AhAd 0.843531 885867 16871.5 1070190
As8c 0.839158 889802 8256 1070190
Ad8c 0.839158 889802 8256 1070190
Ah8c 0.839158 889802 8256 1070190
9h9d 0.836807 878607 16936 1070190
9s9d 0.836807 878607 16936 1070190
9s9h 0.836807 878607 16936 1070190
6h6d 0.830317 871605 16991.5 1070190
6s6d 0.830317 871605 16991.5 1070190
6s6h 0.830317 871605 16991.5 1070190
Kc9h 0.826576 878394 6199.5 1070190
Kc9s 0.826576 878394 6199.5 1070190
Kc9d 0.826576 878394 6199.5 1070190
Ah7c 0.823834 872761 8898 1070190
Ad7c 0.823834 872761 8898 1070190
As7c 0.823834 872761 8898 1070190
QdQc 0.82136 878696 315 1070190
QsQc 0.82136 878696 315 1070190
QhQc 0.82136 878696 315 1070190
Qc9s 0.809733 859958 6610.5 1070190
Qc9h 0.809733 859958 6610.5 1070190
Qc9d 0.809733 859958 6610.5 1070190
Ad5c 0.798778 837988 16856.5 1070190
Ah5c 0.798778 837988 16856.5 1070190
As5c 0.798778 837988 16856.5 1070190
JsJc 0.796748 852357 315 1070190
JhJc 0.796748 852357 315 1070190
JdJc 0.796748 852357 315 1070190
Jc9d 0.792976 841410 7225.5 1070190
Jc9h 0.792976 841410 7225.5 1070190
Jc9s 0.792976 841410 7225.5 1070190
Ad9s 0.790459 826398 19543.5 1070190
As9h 0.790459 826398 19543.5 1070190
Ad9h 0.790459 826398 19543.5 1070190
Ad9d 0.790459 826398 19543.5 1070190
As9s 0.790459 826398 19543.5 1070190
Ah9d 0.790459 826398 19543.5 1070190
As9d 0.790459 826398 19543.5 1070190
Ah9h 0.790459 826398 19543.5 1070190
Ah9s 0.790459 826398 19543.5 1070190
Ad4c 0.782166 817835 19231 1070190
As4c 0.782166 817835 19231 1070190
Ah4c 0.782166 817835 19231 1070190
Tc9d 0.780802 827135 8472 1070190
Tc9h 0.780802 827135 8472 1070190
Tc9s 0.780802 827135 8472 1070190
TsTc 0.778849 832850 666 1070190
ThTc 0.778849 832850 666 1070190
TdTc 0.778849 832850 666 1070190
Ah6s 0.777783 809991 22384.5 1070190
As6s 0.777783 809991 22384.5 1070190
Ad6s 0.777783 809991 22384.5 1070190
Ad6h 0.777783 809991 22384.5 1070190
Ad6d 0.777783 809991 22384.5 1070190
As6d 0.777783 809991 22384.5 1070190
As6h 0.777783 809991 22384.5 1070190
Ah6h 0.777783 809991 22384.5 1070190
Ah6d 0.777783 809991 22384.5 1070190
Ah3c 0.768685 800814 21824.5 1070190
Ad3c 0.768685 800814 21824.5 1070190
As3c 0.768685 800814 21824.5 1070190
Kc6s 0.766535 813387 6951 1070190
Kc6h 0.766535 813387 6951 1070190
Kc6d 0.766535 813387 6951 1070190
9d8c 0.759275 802826 9742.5 1070190
9s8c 0.759275 802826 9742.5 1070190
9h8c 0.759275 802826 9742.5 1070190
As2c 0.75542 783807 24636 1070190
Ad2c 0.75542 783807 24636 1070190
Ah2c 0.75542 783807 24636 1070190
Qc6s 0.748658 793925 7281 1070190
Qc6h 0.748658 793925 7281 1070190
Qc6d 0.748658 793925 7281 1070190
9d7c 0.743952 785785 10384.5 1070190
9s7c 0.743952 785785 10384.5 1070190
9h7c 0.743952 785785 10384.5 1070190
9s6s 0.743411 772743 22848 1070190
9s6h 0.743411 772743 22848 1070190
9s6d 0.743411 772743 22848 1070190
9h6d 0.743411 772743 22848 1070190
9h6h 0.743411 772743 22848 1070190
9d6d 0.743411 772743 22848 1070190
9d6h 0.743411 772743 22848 1070190
9d6s 0.743411 772743 22848 1070190
9h6s 0.743411 772743 22848 1070190
Jc6s 0.730993 774486 7815 1070190
Jc6d 0.730993 774486 7815 1070190
Jc6h 0.730993 774486 7815 1070190
AhKh 0.724923 755943 19862.5 1070190
AhKd 0.724923 755943 19862.5 1070190
AsKs 0.724923 755943 19862.5 1070190
AdKh 0.724923 755943 19862.5 1070190
AhKs 0.724923 755943 19862.5 1070190
AdKs 0.724923 755943 19862.5 1070190
AdKd 0.724923 755943 19862.5 1070190
AsKd 0.724923 755943 19862.5 1070190
AsKh 0.724923 755943 19862.5 1070190
AsQh 0.719687 749583 20618.5 1070190
AhQs 0.719687 749583 20618.5 1070190
AhQh 0.719687 749583 20618.5 1070190
AdQs 0.719687 749583 20618.5 1070190
AdQh 0.719687 749583 20618.5 1070190
AdQd 0.719687 749583 20618.5 1070190
AsQs 0.719687 749583 20618.5 1070190
AsQd 0.719687 749583 20618.5 1070190
AhQd 0.719687 749583 20618.5 1070190
Tc6s 0.719205 760706 8980.5 1070190
Tc6d 0.719205 760706 8980.5 1070190
Tc6h 0.719205 760706 8980.5 1070190
9s5c 0.71776 749653 18487 1070190
9h5c 0.71776 749653 18487 1070190
9d5c 0.71776 749653 18487 1070190
AhTh 0.716074 743834 22501 1070190
AhTd 0.716074 743834 22501 1070190
AhTs 0.716074 743834 22501 1070190
AsTd 0.716074 743834 22501 1070190
AdTd 0.716074 743834 22501 1070190
AdTh 0.716074 743834 22501 1070190
AdTs 0.716074 743834 22501 1070190
AsTh 0.716074 743834 22501 1070190
AsTs 0.716074 743834 22501 1070190
AsJs 0.7144 743259 21284.5 1070190
AsJd 0.7144 743259 21284.5 1070190
AsJh 0.7144 743259 21284.5 1070190
AhJs 0.7144 743259 21284.5 1070190
AdJd 0.7144 743259 21284.5 1070190
AdJh 0.7144 743259 21284.5 1070190
AdJs 0.7144 743259 21284.5 1070190
AhJh 0.7144 743259 21284.5 1070190
AhJd 0.7144 743259 21284.5 1070190
Ad8h 0.709882 731923 27785.5 1070190
Ad8s 0.709882 731923 27785.5 1070190
Ad8d 0.709882 731923 27785.5 1070190
Ah8s 0.709882 731923 27785.5 1070190
Ah8h 0.709882 731923 27785.5 1070190
As8s 0.709882 731923 27785.5 1070190
As8h 0.709882 731923 27785.5 1070190
As8d 0.709882 731923 27785.5 1070190
Ah8d 0.709882 731923 27785.5 1070190
8s8c 0.708213 756698 1224 1070190
8h8c 0.708213 756698 1224 1070190
8d8c 0.708213 756698 1224 1070190
As7h 0.705985 726826 28712.5 1070190
Ah7h 0.705985 726826 28712.5 1070190
As7s 0.705985 726826 28712.5 1070190
Ah7s 0.705985 726826 28712.5 1070190
As7d 0.705985 726826 28712.5 1070190
Ah7d 0.705985 726826 28712.5 1070190
Ad7d 0.705985 726826 28712.5 1070190
Ad7h 0.705985 726826 28712.5 1070190
Ad7s 0.705985 726826 28712.5 1070190
9h4c 0.700618 728933 20861.5 1070190
9d4c 0.700618 728933 20861.5 1070190
9s4c 0.700618 728933 20861.5 1070190
8c6d 0.700483 735689 13960.5 1070190
8c6h 0.700483 735689 13960.5 1070190
8c6s 0.700483 735689 13960.5 1070190
As5s 0.694424 711290 31876 1070190
Ad5d 0.694424 711290 31876 1070190
Ad5h 0.694424 711290 31876 1070190
Ad5s 0.694424 711290 31876 1070190
Ah5s 0.694424 711290 31876 1070190
Ah5h 0.694424 711290 31876 1070190
Ah5d 0.694424 711290 31876 1070190
As5d 0.694424 711290 31876 1070190
As5h 0.694424 711290 31876 1070190
As4s 0.689358 706293 31451.5 1070190
As4h 0.689358 706293 31451.5 1070190
Ad4h 0.689358 706293 31451.5 1070190
Ad4d 0.689358 706293 31451.5 1070190
Ah4d 0.689358 706293 31451.5 1070190
Ah4h 0.689358 706293 31451.5 1070190
Ah4s 0.689358 706293 31451.5 1070190
As4d 0.689358 706293 31451.5 1070190
Ad4s 0.689358 706293 31451.5 1070190
Ah3h 0.689302 706233 31451.5 1070190
Ad3s 0.689302 706233 31451.5 1070190
Ad3h 0.689302 706233 31451.5 1070190
Ad3d 0.689302 706233 31451.5 1070190
As3d 0.689302 706233 31451.5 1070190
Ah3d 0.689302 706233 31451.5 1070190
As3s 0.689302 706233 31451.5 1070190
As3h 0.689302 706233 31451.5 1070190
Ah3s 0.689302 706233 31451.5 1070190
As2d 0.688944 705849 31451.5 1070190
Ah2s 0.688944 705849 31451.5 1070190
Ad2d 0.688944 705849 31451.5 1070190
Ah2h 0.688944 705849 31451.5 1070190
Ah2d 0.688944 705849 31451.5 1070190
As2h 0.688944 705849 31451.5 1070190
As2s 0.688944 705849 31451.5 1070190
Ad2h 0.688944 705849 31451.5 1070190
Ad2s 0.688944 705849 31451.5 1070190
9d3c 0.687137 711912 23455 1070190
9s3c 0.687137 711912 23455 1070190
9h3c 0.687137 711912 23455 1070190
7c6h 0.686252 720190 14230.5 1070190
7c6d 0.686252 720190 14230.5 1070190
7c6s 0.686252 720190 14230.5 1070190
7s7c 0.685186 732091 1188 1070190
7d7c 0.685186 732091 1188 1070190
7h7c 0.685186 732091 1188 1070190
KcQs 0.676163 715758 7864.5 1070190
KcQh 0.676163 715758 7864.5 1070190
KcQd 0.676163 715758 7864.5 1070190
9h2c 0.673872 694905 26266.5 1070190
9s2c 0.673872 694905 26266.5 1070190
9d2c 0.673872 694905 26266.5 1070190
KcTd 0.670067 707376 9723 1070190
KcTh 0.670067 707376 9723 1070190
KcTs 0.670067 707376 9723 1070190
KcJs 0.669581 707958 8620.5 1070190
KcJh 0.669581 707958 8620.5 1070190
KcJd 0.669581 707958 8620.5 1070190
KdQc 0.662378 701102 7768.5 1070190
KsQc 0.662378 701102 7768.5 1070190
KhQc 0.662378 701102 7768.5 1070190
Kc8s 0.655937 687036 14941.5 1070190
Kc8h 0.655937 687036 14941.5 1070190
Kc8d 0.655937 687036 14941.5 1070190
6s5c 0.654518 680416 20042.5 1070190
6h5c 0.654518 680416 20042.5 1070190
6d5c 0.654518 680416 20042.5 1070190
Kc7s 0.651348 681117 15949.5 1070190
Kc7h 0.651348 681117 15949.5 1070190
Kc7d 0.651348 681117 15949.5 1070190
KsKd 0.645104 673197 17186.5 1070190
KhKd 0.645104 673197 17186.5 1070190
KsKh 0.645104 673197 17186.5 1070190
KhJc 0.642686 679335 8461.5 1070190
KdJc 0.642686 679335 8461.5 1070190
KsJc 0.642686 679335 8461.5 1070190
6h4c 0.636173 658445 22381 1070190
6s4c 0.636173 658445 22381 1070190
6d4c 0.636173 658445 22381 1070190
Kc5s 0.632715 658098 19027.5 1070190
Kc5h 0.632715 658098 19027.5 1070190
Kc5d 0.632715 658098 19027.5 1070190
QsQd 0.630631 657708 17186.5 1070190
QhQd 0.630631 657708 17186.5 1070190
QsQh 0.630631 657708 17186.5 1070190
KsTc 0.629432 664070 9541.5 1070190
KdTc 0.629432 664070 9541.5 1070190
KhTc 0.629432 664070 9541.5 1070190
Kc4d 0.625714 650844 18789 1070190
Kc4h 0.625714 650844 18789 1070190
Kc4s 0.625714 650844 18789 1070190
Kc3s 0.624896 649968 18789 1070190
Kc3h 0.624896 649968 18789 1070190
Kc3d 0.624896 649968 18789 1070190
Kc2s 0.62385 648849 18789 1070190
Kc2h 0.62385 648849 18789 1070190
Kc2d 0.62385 648849 18789 1070190
QcTd 0.62367 657866 9579 1070190
QcTh 0.62367 657866 9579 1070190
QcTs 0.62367 657866 9579 1070190
QcJs 0.623444 658727 8476.5 1070190
QcJh 0.623444 658727 8476.5 1070190
QcJd 0.623444 658727 8476.5 1070190
6s3c 0.622692 641424 24974.5 1070190
6d3c 0.622692 641424 24974.5 1070190
6h3c 0.622692 641424 24974.5 1070190
Kh9h 0.616027 634224 25042 1070190
Kh9s 0.616027 634224 25042 1070190
Kh9d 0.616027 634224 25042 1070190
Kd9d 0.616027 634224 25042 1070190
Kd9h 0.616027 634224 25042 1070190
Kd9s 0.616027 634224 25042 1070190
Ks9s 0.616027 634224 25042 1070190
Ks9h 0.616027 634224 25042 1070190
Ks9d 0.616027 634224 25042 1070190
JhJd 0.615552 641571 17186.5 1070190
JsJh 0.615552 641571 17186.5 1070190
JsJd 0.615552 641571 17186.5 1070190
Qd9s 0.611833 629220 25558 1070190
Qh9h 0.611833 629220 25558 1070190
Qd9d 0.611833 629220 25558 1070190
Qd9h 0.611833 629220 25558 1070190
Qs9s 0.611833 629220 25558 1070190
Qs9h 0.611833 629220 25558 1070190
Qs9d 0.611833 629220 25558 1070190
Qh9d 0.611833 629220 25558 1070190
Qh9s 0.611833 629220 25558 1070190
ThTd 0.61039 635636 17597.5 1070190
TsTd 0.61039 635636 17597.5 1070190
TsTh 0.61039 635636 17597.5 1070190
Qc8d 0.610129 638426 14527.5 1070190
Qc8h 0.610129 638426 14527.5 1070190
Qc8s 0.610129 638426 14527.5 1070190
QhJc 0.610113 644607 8329.5 1070190
QsJc 0.610113 644607 8329.5 1070190
QdJc 0.610113 644607 8329.5 1070190
Td9h 0.609656 624371 28076.5 1070190
Td9s 0.609656 624371 28076.5 1070190
Th9d 0.609656 624371 28076.5 1070190
Th9h 0.609656 624371 28076.5 1070190
Ts9s 0.609656 624371 28076.5 1070190
Th9s 0.609656 624371 28076.5 1070190
Ts9h 0.609656 624371 28076.5 1070190
Ts9d 0.609656 624371 28076.5 1070190
Td9d 0.609656 624371 28076.5 1070190
6h2c 0.609427 624417 27786 1070190
6s2c 0.609427 624417 27786 1070190
6d2c 0.609427 624417 27786 1070190
Jh9s 0.607152 623376 26392 1070190
Jh9h 0.607152 623376 26392 1070190
Jd9d 0.607152 623376 26392 1070190
Js9s 0.607152 623376 26392 1070190
Js9h 0.607152 623376 26392 1070190
Jh9d 0.607152 623376 26392 1070190
Jd9s 0.607152 623376 26392 1070190
Js9d 0.607152 623376 26392 1070190
Jd9h 0.607152 623376 26392 1070190
Kd8c 0.599792 627770 14121 1070190
Kh8c 0.599792 627770 14121 1070190
Ks8c 0.599792 627770 14121 1070190
Qc7s 0.599678 626018 15751.5 1070190
Qc7h 0.599678 626018 15751.5 1070190
Qc7d 0.599678 626018 15751.5 1070190
9d8d 0.59876 610939 29848 1070190
9d8h 0.59876 610939 29848 1070190
9d8s 0.59876 610939 29848 1070190
9h8d 0.59876 610939 29848 1070190
9h8h 0.59876 610939 29848 1070190
9h8s 0.59876 610939 29848 1070190
9s8s 0.59876 610939 29848 1070190
9s8h 0.59876 610939 29848 1070190
9s8d 0.59876 610939 29848 1070190
5d5c 0.596855 627991 10757.5 1070190
5h5c 0.596855 627991 10757.5 1070190
5s5c 0.596855 627991 10757.5 1070190
QhTc 0.596614 629081 9409.5 1070190
QsTc 0.596614 629081 9409.5 1070190
QdTc 0.596614 629081 9409.5 1070190
9h7d 0.594864 605842 30775 1070190
9h7h 0.594864 605842 30775 1070190
9s7s 0.594864 605842 30775 1070190
9h7s 0.594864 605842 30775 1070190
9d7d 0.594864 605842 30775 1070190
9d7h 0.594864 605842 30775 1070190
9d7s 0.594864 605842 30775 1070190
9s7d 0.594864 605842 30775 1070190
9s7h 0.594864 605842 30775 1070190
8c7s 0.594749 620354 16140 1070190
8c7h 0.594749 620354 16140 1070190
8c7d 0.594749 620354 16140 1070190
Kh7c 0.582778 608686 14997 1070190
Kd7c 0.582778 608686 14997 1070190
Ks7c 0.582778 608686 14997 1070190
8s7c 0.582397 607399 15876 1070190
8h7c 0.582397 607399 15876 1070190
8d7c 0.582397 607399 15876 1070190
Tc8h 0.582124 609464 13519.5 1070190
Tc8d 0.582124 609464 13519.5 1070190
Tc8s 0.582124 609464 13519.5 1070190
9s5h 0.58159 588341 34070.5 1070190
9s5d 0.58159 588341 34070.5 1070190
9d5s 0.58159 588341 34070.5 1070190
9d5h 0.58159 588341 34070.5 1070190
9d5d 0.58159 588341 34070.5 1070190
9s5s 0.58159 588341 34070.5 1070190
9h5d 0.58159 588341 34070.5 1070190
9h5h 0.58159 588341 34070.5 1070190
9h5s 0.58159 588341 34070.5 1070190
Qc5h 0.580675 602603 18829.5 1070190
Qc5s 0.580675 602603 18829.5 1070190
Qc5d 0.580675 602603 18829.5 1070190
JcTd 0.576648 608250 8872.5 1070190
JcTh 0.576648 608250 8872.5 1070190
JcTs 0.576648 608250 8872.5 1070190
9h4d 0.575759 582525 33646 1070190
9d4s 0.575759 582525 33646 1070190
9d4h 0.575759 582525 33646 1070190
9d4d 0.575759 582525 33646 1070190
9s4s 0.575759 582525 33646 1070190
9h4s 0.575759 582525 33646 1070190
9h4h 0.575759 582525 33646 1070190
9s4d 0.575759 582525 33646 1070190
9s4h 0.575759 582525 33646 1070190
9h3h 0.575702 582465 33646 1070190
9h3s 0.575702 582465 33646 1070190
9h3d 0.575702 582465 33646 1070190
9s3s 0.575702 582465 33646 1070190
9d3s 0.575702 582465 33646 1070190
9d3h 0.575702 582465 33646 1070190
9d3d 0.575702 582465 33646 1070190
9s3h 0.575702 582465 33646 1070190
9s3d 0.575702 582465 33646 1070190
9h2h 0.575344 582081 33646 1070190
9s2s 0.575344 582081 33646 1070190
9d2d 0.575344 582081 33646 1070190
9s2h 0.575344 582081 33646 1070190
9s2d 0.575344 582081 33646 1070190
9d2h 0.575344 582081 33646 1070190
9d2s 0.575344 582081 33646 1070190
9h2s 0.575344 582081 33646 1070190
9h2d 0.575344 582081 33646 1070190
Qc4d 0.573455 595115 18591 1070190
Qc4s 0.573455 595115 18591 1070190
Qc4h 0.573455 595115 18591 1070190
Tc7d 0.57268 599141 13735.5 1070190
Tc7s 0.57268 599141 13735.5 1070190
Tc7h 0.57268 599141 13735.5 1070190
Qc3s 0.572637 594239 18591 1070190
Qc3h 0.572637 594239 18591 1070190
Qc3d 0.572637 594239 18591 1070190
Qc2s 0.571591 593120 18591 1070190
Qc2h 0.571591 593120 18591 1070190
Qc2d 0.571591 593120 18591 1070190
Qd8c 0.567567 593663 13741.5 1070190
Qs8c 0.567567 593663 13741.5 1070190
Qh8c 0.567567 593663 13741.5 1070190
Ts8c 0.56711 594170 12745.5 1070190
Th8c 0.56711 594170 12745.5 1070190
Td8c 0.56711 594170 12745.5 1070190
4d4c 0.56592 592505 13136.5 1070190
4h4c 0.56592 592505 13136.5 1070190
4s4c 0.56592 592505 13136.5 1070190
Jc8h 0.563451 589179 13821 1070190
Jc8s 0.563451 589179 13821 1070190
Jc8d 0.563451 589179 13821 1070190
JdTc 0.562804 593615 8692.5 1070190
JsTc 0.562804 593615 8692.5 1070190
JhTc 0.562804 593615 8692.5 1070190
Jc7d 0.553001 576771 15045 1070190
Jc7s 0.553001 576771 15045 1070190
Jc7h 0.553001 576771 15045 1070190
Ts7c 0.54528 570610 12943.5 1070190
Th7c 0.54528 570610 12943.5 1070190
Td7c 0.54528 570610 12943.5 1070190
Kh5c 0.545057 559945 23369.5 1070190
Ks5c 0.545057 559945 23369.5 1070190
Kd5c 0.545057 559945 23369.5 1070190
Qh7c 0.544683 568099 14815.5 1070190
Qs7c 0.544683 568099 14815.5 1070190
Qd7c 0.544683 568099 14815.5 1070190
3s3c 0.541708 564000 15730 1070190
3h3c 0.541708 564000 15730 1070190
3d3c 0.541708 564000 15730 1070190
Jd8c 0.53411 558575 13024.5 1070190
Jh8c 0.53411 558575 13024.5 1070190
Js8c 0.53411 558575 13024.5 1070190
Jc5h 0.533136 551979 18577.5 1070190
Jc5s 0.533136 551979 18577.5 1070190
Jc5d 0.533136 551979 18577.5 1070190
8s8d 0.532685 551881 18193 1070190
8s8h 0.532685 551881 18193 1070190
8h8d 0.532685 551881 18193 1070190
Kh6d 0.531291 542928 25654 1070190
Ks6h 0.531291 542928 25654 1070190
Kd6s 0.531291 542928 25654 1070190
Ks6s 0.531291 542928 25654 1070190
Kd6d 0.531291 542928 25654 1070190
Kh6h 0.531291 542928 25654 1070190
Kh6s 0.531291 542928 25654 1070190
Ks6d 0.531291 542928 25654 1070190
Kd6h 0.531291 542928 25654 1070190
Qs6d 0.526075 536916 26084.5 1070190
Qs6h 0.526075 536916 26084.5 1070190
Qh6s 0.526075 536916 26084.5 1070190
Qs6s 0.526075 536916 26084.5 1070190
Qh6h 0.526075 536916 26084.5 1070190
Qd6s 0.526075 536916 26084.5 1070190
Qh6d 0.526075 536916 26084.5 1070190
Qd6h 0.526075 536916 26084.5 1070190
Qd6d 0.526075 536916 26084.5 1070190
Jc4d 0.525823 544392 18339 1070190
Jc4h 0.525823 544392 18339 1070190
Jc4s 0.525823 544392 18339 1070190
Jc3s 0.525005 543516 18339 1070190
Jc3d 0.525005 543516 18339 1070190
Jc3h 0.525005 543516 18339 1070190
Kh4c 0.524505 535508 25811.5 1070190
Kd4c 0.524505 535508 25811.5 1070190
Ks4c 0.524505 535508 25811.5 1070190
Jc2s 0.523959 542397 18339 1070190
Jc2h 0.523959 542397 18339 1070190
Jc2d 0.523959 542397 18339 1070190
Td6h 0.523928 532271 28432 1070190
Th6d 0.523928 532271 28432 1070190
Th6h 0.523928 532271 28432 1070190
Th6s 0.523928 532271 28432 1070190
Td6d 0.523928 532271 28432 1070190
Ts6d 0.523928 532271 28432 1070190
Td6s 0.523928 532271 28432 1070190
Ts6h 0.523928 532271 28432 1070190
Ts6s 0.523928 532271 28432 1070190
Jh6s 0.520498 530199 26833 1070190
Jh6h 0.520498 530199 26833 1070190
Jh6d 0.520498 530199 26833 1070190
Jd6d 0.520498 530199 26833 1070190
Jd6h 0.520498 530199 26833 1070190
Jd6s 0.520498 530199 26833 1070190
Js6d 0.520498 530199 26833 1070190
Js6h 0.520498 530199 26833 1070190
Js6s 0.520498 530199 26833 1070190
7s7d 0.518992 537259 18161.5 1070190
7h7d 0.518992 537259 18161.5 1070190
7s7h 0.518992 537259 18161.5 1070190
8d6s 0.517826 518635 35537.5 1070190
8h6d 0.517826 518635 35537.5 1070190
8h6h 0.517826 518635 35537.5 1070190
8h6s 0.517826 518635 35537.5 1070190
8s6d 0.517826 518635 35537.5 1070190
8s6h 0.517826 518635 35537.5 1070190
8d6h 0.517826 518635 35537.5 1070190
8s6s 0.517826 518635 35537.5 1070190
8d6d 0.517826 518635 35537.5 1070190
2d2c 0.517485 535266 18541.5 1070190
2h2c 0.517485 535266 18541.5 1070190
2s2c 0.517485 535266 18541.5 1070190
7d6h 0.515781 516010 35974 1070190
7s6s 0.515781 516010 35974 1070190
7s6h 0.515781 516010 35974 1070190
7s6d 0.515781 516010 35974 1070190
7d6d 0.515781 516010 35974 1070190
7h6h 0.515781 516010 35974 1070190
7h6d 0.515781 516010 35974 1070190
7d6s 0.515781 516010 35974 1070190
7h6s 0.515781 516010 35974 1070190
8c5s 0.514893 531290 19743 1070190
8c5h 0.514893 531290 19743 1070190
8c5d 0.514893 531290 19743 1070190
Js7c 0.511227 533011 14098.5 1070190
Jh7c 0.511227 533011 14098.5 1070190
Jd7c 0.511227 533011 14098.5 1070190
Kd3c 0.509854 517236 28405 1070190
Ks3c 0.509854 517236 28405 1070190
Kh3c 0.509854 517236 28405 1070190
Qd5c 0.506575 518944 23188 1070190
Qs5c 0.506575 518944 23188 1070190
Qh5c 0.506575 518944 23188 1070190
Kd2c 0.495421 498978 31216.5 1070190
Ks2c 0.495421 498978 31216.5 1070190
Kh2c 0.495421 498978 31216.5 1070190
6s5h 0.494908 493568 36077.5 1070190
6s5s 0.494908 493568 36077.5 1070190
6s5d 0.494908 493568 36077.5 1070190
6d5s 0.494908 493568 36077.5 1070190
6d5h 0.494908 493568 36077.5 1070190
6h5d 0.494908 493568 36077.5 1070190
6h5h 0.494908 493568 36077.5 1070190
6h5s 0.494908 493568 36077.5 1070190
6d5d 0.494908 493568 36077.5 1070190
Tc5h 0.492341 509045 17853 1070190
Tc5s 0.492341 509045 17853 1070190
Tc5d 0.492341 509045 17853 1070190
7c5h 0.492261 507916 18897 1070190
7c5s 0.492261 507916 18897 1070190
7c5d 0.492261 507916 18897 1070190
Tc4h 0.49081 507299 17961 1070190
Tc4s 0.49081 507299 17961 1070190
Tc4d 0.49081 507299 17961 1070190
Tc3d 0.489991 506423 17961 1070190
Tc3h 0.489991 506423 17961 1070190
Tc3s 0.489991 506423 17961 1070190
Tc2s 0.488946 505304 17961 1070190
Tc2h 0.488946 505304 17961 1070190
Tc2d 0.488946 505304 17961 1070190
6d4s 0.48733 485937 35599 1070190
6d4h 0.48733 485937 35599 1070190
6d4d 0.48733 485937 35599 1070190
6h4d 0.48733 485937 35599 1070190
6h4h 0.48733 485937 35599 1070190
6h4s 0.48733 485937 35599 1070190
6s4d 0.48733 485937 35599 1070190
6s4h 0.48733 485937 35599 1070190
6s4s 0.48733 485937 35599 1070190
6h3d 0.487274 485877 35599 1070190
6h3h 0.487274 485877 35599 1070190
6h3s 0.487274 485877 35599 1070190
6s3d 0.487274 485877 35599 1070190
6s3h 0.487274 485877 35599 1070190
6s3s 0.487274 485877 35599 1070190
6d3s 0.487274 485877 35599 1070190
6d3h 0.487274 485877 35599 1070190
6d3d 0.487274 485877 35599 1070190
6h2h 0.486915 485493 35599 1070190
6d2d 0.486915 485493 35599 1070190
6d2h 0.486915 485493 35599 1070190
6d2s 0.486915 485493 35599 1070190
6h2d 0.486915 485493 35599 1070190
6h2s 0.486915 485493 35599 1070190
6s2d 0.486915 485493 35599 1070190
6s2h 0.486915 485493 35599 1070190
6s2s 0.486915 485493 35599 1070190
Qh4c 0.485796 494264 25630 1070190
Qd4c 0.485796 494264 25630 1070190
Qs4c 0.485796 494264 25630 1070190
8h5c 0.483819 492913 24865 1070190
8s5c 0.483819 492913 24865 1070190
8d5c 0.483819 492913 24865 1070190
7h5c 0.473515 482662 24089.5 1070190
7d5c 0.473515 482662 24089.5 1070190
7s5c 0.473515 482662 24089.5 1070190
Js5c 0.472211 482398 22957 1070190
Jh5c 0.472211 482398 22957 1070190
Jd5c 0.472211 482398 22957 1070190
Qh3c 0.471146 475992 28223.5 1070190
Qs3c 0.471146 475992 28223.5 1070190
Qd3c 0.471146 475992 28223.5 1070190
Qs2c 0.456712 457734 31035 1070190
Qh2c 0.456712 457734 31035 1070190
Qd2c 0.456712 457734 31035 1070190
Jd4c 0.45133 457610 25399 1070190
Js4c 0.45133 457610 25399 1070190
Jh4c 0.45133 457610 25399 1070190
8c4d 0.448464 459614 20328 1070190
8c4h 0.448464 459614 20328 1070190
8c4s 0.448464 459614 20328 1070190
8c3s 0.447646 458738 20328 1070190
8c3h 0.447646 458738 20328 1070190
8c3d 0.447646 458738 20328 1070190
8c2s 0.446634 457655 20328 1070190
8c2d 0.446634 457655 20328 1070190
8c2h 0.446634 457655 20328 1070190
Td5c 0.445063 454057 22244.5 1070190
Ts5c 0.445063 454057 22244.5 1070190
Th5c 0.445063 454057 22244.5 1070190
Jh3c 0.43668 439338 27992.5 1070190
Js3c 0.43668 439338 27992.5 1070190
Jd3c 0.43668 439338 27992.5 1070190
Td4c 0.429943 435047 25073.5 1070190
Ts4c 0.429943 435047 25073.5 1070190
Th4c 0.429943 435047 25073.5 1070190
7c4d 0.425412 435358 19914 1070190
7c4h 0.425412 435358 19914 1070190
7c4s 0.425412 435358 19914 1070190
7c3s 0.424594 434482 19914 1070190
7c3h 0.424594 434482 19914 1070190
7c3d 0.424594 434482 19914 1070190
5h5d 0.422312 430082 21872.5 1070190
5s5h 0.422312 430082 21872.5 1070190
5s5d 0.422312 430082 21872.5 1070190
Jh2c 0.422247 421080 30804 1070190
Jd2c 0.422247 421080 30804 1070190
Js2c 0.422247 421080 30804 1070190
KsQh 0.417582 421970 24922 1070190
KsQd 0.417582 421970 24922 1070190
KdQd 0.417582 421970 24922 1070190
KsQs 0.417582 421970 24922 1070190
KdQh 0.417582 421970 24922 1070190
KdQs 0.417582 421970 24922 1070190
KhQd 0.417582 421970 24922 1070190
KhQs 0.417582 421970 24922 1070190
KhQh 0.417582 421970 24922 1070190
7c2d 0.415904 425236 19860 1070190
7c2h 0.415904 425236 19860 1070190
7c2s 0.415904 425236 19860 1070190
Td3c 0.415293 416775 27667 1070190
Th3c 0.415293 416775 27667 1070190
Ts3c 0.415293 416775 27667 1070190
KdTd 0.411859 413693 27074.5 1070190
KhTs 0.411859 413693 27074.5 1070190
KhTh 0.411859 413693 27074.5 1070190
KdTh 0.411859 413693 27074.5 1070190
KdTs 0.411859 413693 27074.5 1070190
KsTs 0.411859 413693 27074.5 1070190
KsTh 0.411859 413693 27074.5 1070190
KhTd 0.411859 413693 27074.5 1070190
KsTd 0.411859 413693 27074.5 1070190
KsJd 0.409817 412841 25741 1070190
KhJd 0.409817 412841 25741 1070190
KhJh 0.409817 412841 25741 1070190
KhJs 0.409817 412841 25741 1070190
KsJh 0.409817 412841 25741 1070190
KsJs 0.409817 412841 25741 1070190
KdJd 0.409817 412841 25741 1070190
KdJh 0.409817 412841 25741 1070190
KdJs 0.409817 412841 25741 1070190
8h4c 0.403256 403511 28049.5 1070190
8d4c 0.403256 403511 28049.5 1070190
8s4c 0.403256 403511 28049.5 1070190
Th2c 0.400859 398517 30478.5 1070190
Td2c 0.400859 398517 30478.5 1070190
Ts2c 0.400859 398517 30478.5 1070190
8h7d 0.400158 393754 34491.5 1070190
8h7h 0.400158 393754 34491.5 1070190
8h7s 0.400158 393754 34491.5 1070190
8s7d 0.400158 393754 34491.5 1070190
8s7h 0.400158 393754 34491.5 1070190
8s7s 0.400158 393754 34491.5 1070190
8d7s 0.400158 393754 34491.5 1070190
8d7h 0.400158 393754 34491.5 1070190
8d7d 0.400158 393754 34491.5 1070190
4h4d 0.397962 404433 21461.5 1070190
4s4d 0.397962 404433 21461.5 1070190
4s4h 0.397962 404433 21461.5 1070190
Kd8d 0.39329 387848 33047.5 1070190
Kd8h 0.39329 387848 33047.5 1070190
Kd8s 0.39329 387848 33047.5 1070190
Kh8s 0.39329 387848 33047.5 1070190
Kh8h 0.39329 387848 33047.5 1070190
Kh8d 0.39329 387848 33047.5 1070190
Ks8s 0.39329 387848 33047.5 1070190
Ks8h 0.39329 387848 33047.5 1070190
Ks8d 0.39329 387848 33047.5 1070190
7s4c 0.392681 392480 27763 1070190
7h4c 0.392681 392480 27763 1070190
7d4c 0.392681 392480 27763 1070190
8h3c 0.388606 385239 30643 1070190
8d3c 0.388606 385239 30643 1070190
8s3c 0.388606 385239 30643 1070190
Kd7d 0.387748 380777 34187.5 1070190
Ks7d 0.387748 380777 34187.5 1070190
Kd7h 0.387748 380777 34187.5 1070190
Kd7s 0.387748 380777 34187.5 1070190
Kh7s 0.387748 380777 34187.5 1070190
Kh7h 0.387748 380777 34187.5 1070190
Kh7d 0.387748 380777 34187.5 1070190
Ks7s 0.387748 380777 34187.5 1070190
Ks7h 0.387748 380777 34187.5 1070190
3s3h 0.383438 388890 21461.5 1070190
3s3d 0.383438 388890 21461.5 1070190
3h3d 0.383438 388890 21461.5 1070190
5c4d 0.38259 380569 28874.5 1070190
5c4h 0.38259 380569 28874.5 1070190
5c4s 0.38259 380569 28874.5 1070190
5c3s 0.381771 379693 28874.5 1070190
5c3h 0.381771 379693 28874.5 1070190
5c3d 0.381771 379693 28874.5 1070190
7d3c 0.378031 374208 30356.5 1070190
7h3c 0.378031 374208 30356.5 1070190
7s3c 0.378031 374208 30356.5 1070190
8d2c 0.374198 367008 33454.5 1070190
8s2c 0.374198 367008 33454.5 1070190
8h2c 0.374198 367008 33454.5 1070190
5c2s 0.373199 370573 28820.5 1070190
5c2d 0.373199 370573 28820.5 1070190
5c2h 0.373199 370573 28820.5 1070190
QhTd 0.371506 370640 26942.5 1070190
QhTh 0.371506 370640 26942.5 1070190
QhTs 0.371506 370640 26942.5 1070190
QsTd 0.371506 370640 26942.5 1070190
QdTd 0.371506 370640 26942.5 1070190
QdTh 0.371506 370640 26942.5 1070190
QsTs 0.371506 370640 26942.5 1070190
QdTs 0.371506 370640 26942.5 1070190
QsTh 0.371506 370640 26942.5 1070190
QhJd 0.369818 370166 25609 1070190
QdJs 0.369818 370166 25609 1070190
QsJs 0.369818 370166 25609 1070190
QhJs 0.369818 370166 25609 1070190
QhJh 0.369818 370166 25609 1070190
QdJh 0.369818 370166 25609 1070190
QsJh 0.369818 370166 25609 1070190
QsJd 0.369818 370166 25609 1070190
QdJd 0.369818 370166 25609 1070190
5s4c 0.369223 363623 31516 1070190
5d4c 0.369223 363623 31516 1070190
5h4c 0.369223 363623 31516 1070190
2s2h 0.368309 372699 21461.5 1070190
2s2d 0.368309 372699 21461.5 1070190
2h2d 0.368309 372699 21461.5 1070190
Ks5s 0.361939 349643 37700.5 1070190
Kh5d 0.361939 349643 37700.5 1070190
Kh5s 0.361939 349643 37700.5 1070190
Kh5h 0.361939 349643 37700.5 1070190
Ks5d 0.361939 349643 37700.5 1070190
Ks5h 0.361939 349643 37700.5 1070190
Kd5s 0.361939 349643 37700.5 1070190
Kd5h 0.361939 349643 37700.5 1070190
Kd5d 0.361939 349643 37700.5 1070190
4c3h 0.35952 353600 31154.5 1070190
4c3s 0.35952 353600 31154.5 1070190
4c3d 0.35952 353600 31154.5 1070190
Td8d 0.358921 352827 31287 1070190
Td8h 0.358921 352827 31287 1070190
Th8s 0.358921 352827 31287 1070190
Th8d 0.358921 352827 31287 1070190
Th8h 0.358921 352827 31287 1070190
Td8s 0.358921 352827 31287 1070190
Ts8d 0.358921 352827 31287 1070190
Ts8h 0.358921 352827 31287 1070190
Ts8s 0.358921 352827 31287 1070190
7d2c 0.355923 347787 33118.5 1070190
7h2c 0.355923 347787 33118.5 1070190
7s2c 0.355923 347787 33118.5 1070190
5h3c 0.354573 345351 34109.5 1070190
5d3c 0.354573 345351 34109.5 1070190
5s3c 0.354573 345351 34109.5 1070190
Qs8s 0.353733 345983 32578 1070190
Qs8h 0.353733 345983 32578 1070190
Qs8d 0.353733 345983 32578 1070190
Qh8s 0.353733 345983 32578 1070190
Qd8d 0.353733 345983 32578 1070190
Qh8h 0.353733 345983 32578 1070190
Qd8h 0.353733 345983 32578 1070190
Qh8d 0.353733 345983 32578 1070190
Qd8s 0.353733 345983 32578 1070190
4c2s 0.352087 345596 31204 1070190
4c2h 0.352087 345596 31204 1070190
4c2d 0.352087 345596 31204 1070190
Ks4s 0.352039 339410 37339 1070190
Ks4h 0.352039 339410 37339 1070190
Ks4d 0.352039 339410 37339 1070190
Kd4h 0.352039 339410 37339 1070190
Kd4d 0.352039 339410 37339 1070190
Kd4s 0.352039 339410 37339 1070190
Kh4d 0.352039 339410 37339 1070190
Kh4h 0.352039 339410 37339 1070190
Kh4s 0.352039 339410 37339 1070190
Kh3s 0.350845 338132 37339 1070190
Ks3h 0.350845 338132 37339 1070190
Ks3s 0.350845 338132 37339 1070190
Kh3h 0.350845 338132 37339 1070190
Kh3d 0.350845 338132 37339 1070190
Ks3d 0.350845 338132 37339 1070190
Kd3s 0.350845 338132 37339 1070190
Kd3h 0.350845 338132 37339 1070190
Kd3d 0.350845 338132 37339 1070190
Kd2h 0.349348 336530 37339 1070190
Kh2s 0.349348 336530 37339 1070190
Kd2s 0.349348 336530 37339 1070190
Ks2s 0.349348 336530 37339 1070190
Kh2h 0.349348 336530 37339 1070190
Kd2d 0.349348 336530 37339 1070190
Ks2h 0.349348 336530 37339 1070190
Ks2d 0.349348 336530 37339 1070190
Kh2d 0.349348 336530 37339 1070190
Td7s 0.346094 338829 31557 1070190
Th7s 0.346094 338829 31557 1070190
Th7d 0.346094 338829 31557 1070190
Ts7s 0.346094 338829 31557 1070190
Ts7h 0.346094 338829 31557 1070190
Ts7d 0.346094 338829 31557 1070190
Td7h 0.346094 338829 31557 1070190
Td7d 0.346094 338829 31557 1070190
Th7h 0.346094 338829 31557 1070190
4d3c 0.345997 336534 33748 1070190
4h3c 0.345997 336534 33748 1070190
4s3c 0.345997 336534 33748 1070190
Qd7h 0.339697 329552 33988 1070190
Qd7s 0.339697 329552 33988 1070190
Qd7d 0.339697 329552 33988 1070190
Qh7d 0.339697 329552 33988 1070190
Qh7h 0.339697 329552 33988 1070190
Qh7s 0.339697 329552 33988 1070190
Qs7d 0.339697 329552 33988 1070190
Qs7h 0.339697 329552 33988 1070190
Qs7s 0.339697 329552 33988 1070190
3c2s 0.337437 327324 33797.5 1070190
3c2h 0.337437 327324 33797.5 1070190
3c2d 0.337437 327324 33797.5 1070190
5h2c 0.3326 319074 36871.5 1070190
5s2c 0.3326 319074 36871.5 1070190
5d2c 0.3326 319074 36871.5 1070190
JsTs 0.328893 325916 26062 1070190
JsTh 0.328893 325916 26062 1070190
JhTd 0.328893 325916 26062 1070190
JhTh 0.328893 325916 26062 1070190
JhTs 0.328893 325916 26062 1070190
JdTs 0.328893 325916 26062 1070190
JsTd 0.328893 325916 26062 1070190
JdTh 0.328893 325916 26062 1070190
JdTd 0.328893 325916 26062 1070190
4h2c 0.325163 311373 36613.5 1070190
4s2c 0.325163 311373 36613.5 1070190
4d2c 0.325163 311373 36613.5 1070190
3h2c 0.324345 310497 36613.5 1070190
3s2c 0.324345 310497 36613.5 1070190
3d2c 0.324345 310497 36613.5 1070190
Qd5h 0.313357 297851 37501 1070190
Qs5d 0.313357 297851 37501 1070190
Qd5d 0.313357 297851 37501 1070190
Qh5s 0.313357 297851 37501 1070190
Qs5h 0.313357 297851 37501 1070190
Qd5s 0.313357 297851 37501 1070190
Qh5h 0.313357 297851 37501 1070190
Qh5d 0.313357 297851 37501 1070190
Qs5s 0.313357 297851 37501 1070190
Jh8d 0.311598 301772 31697.5 1070190
Jh8s 0.311598 301772 31697.5 1070190
Jh8h 0.311598 301772 31697.5 1070190
Jd8s 0.311598 301772 31697.5 1070190
Js8d 0.311598 301772 31697.5 1070190
Jd8h 0.311598 301772 31697.5 1070190
Jd8d 0.311598 301772 31697.5 1070190
Js8h 0.311598 301772 31697.5 1070190
Js8s 0.311598 301772 31697.5 1070190
Qh4h 0.303155 287294 37139.5 1070190
Qh4d 0.303155 287294 37139.5 1070190
Qh4s 0.303155 287294 37139.5 1070190
Qd4d 0.303155 287294 37139.5 1070190
Qs4s 0.303155 287294 37139.5 1070190
Qs4h 0.303155 287294 37139.5 1070190
Qd4h 0.303155 287294 37139.5 1070190
Qd4s 0.303155 287294 37139.5 1070190
Qs4d 0.303155 287294 37139.5 1070190
Qh3d 0.301961 286016 37139.5 1070190
Qh3h 0.301961 286016 37139.5 1070190
Qh3s 0.301961 286016 37139.5 1070190
Qs3s 0.301961 286016 37139.5 1070190
Qs3h 0.301961 286016 37139.5 1070190
Qs3d 0.301961 286016 37139.5 1070190
Qd3s 0.301961 286016 37139.5 1070190
Qd3h 0.301961 286016 37139.5 1070190
Qd3d 0.301961 286016 37139.5 1070190
Qh2d 0.300464 284414 37139.5 1070190
Qh2h 0.300464 284414 37139.5 1070190
Qd2d 0.300464 284414 37139.5 1070190
Qd2s 0.300464 284414 37139.5 1070190
Qh2s 0.300464 284414 37139.5 1070190
Qd2h 0.300464 284414 37139.5 1070190
Qs2h 0.300464 284414 37139.5 1070190
Qs2s 0.300464 284414 37139.5 1070190
Qs2d 0.300464 284414 37139.5 1070190
Js7s 0.297563 285341 33107.5 1070190
Js7h 0.297563 285341 33107.5 1070190
Jh7s 0.297563 285341 33107.5 1070190
Jd7d 0.297563 285341 33107.5 1070190
Jh7h 0.297563 285341 33107.5 1070190
Jh7d 0.297563 285341 33107.5 1070190
Jd7h 0.297563 285341 33107.5 1070190
Jd7s 0.297563 285341 33107.5 1070190
Js7d 0.297563 285341 33107.5 1070190
8h5s 0.291289 272934 38800.5 1070190
8d5d 0.291289 272934 38800.5 1070190
8d5h 0.291289 272934 38800.5 1070190
8d5s 0.291289 272934 38800.5 1070190
8s5s 0.291289 272934 38800.5 1070190
8h5h 0.291289 272934 38800.5 1070190
8s5h 0.291289 272934 38800.5 1070190
8s5d 0.291289 272934 38800.5 1070190
8h5d 0.291289 272934 38800.5 1070190
7s5s 0.279539 261324 37836 1070190
7s5h 0.279539 261324 37836 1070190
7d5d 0.279539 261324 37836 1070190
7s5d 0.279539 261324 37836 1070190
7h5d 0.279539 261324 37836 1070190
7h5h 0.279539 261324 37836 1070190
7h5s 0.279539 261324 37836 1070190
7d5h 0.279539 261324 37836 1070190
7d5s 0.279539 261324 37836 1070190
Jd5h 0.270028 251729 37252 1070190
Jd5d 0.270028 251729 37252 1070190
Jd5s 0.270028 251729 37252 1070190
Jh5d 0.270028 251729 37252 1070190
Jh5h 0.270028 251729 37252 1070190
Jh5s 0.270028 251729 37252 1070190
Js5d 0.270028 251729 37252 1070190
Js5h 0.270028 251729 37252 1070190
Js5s 0.270028 251729 37252 1070190
Jh4d 0.259699 241037 36890.5 1070190
Jh4h 0.259699 241037 36890.5 1070190
Jh4s 0.259699 241037 36890.5 1070190
Js4d 0.259699 241037 36890.5 1070190
Js4h 0.259699 241037 36890.5 1070190
Jd4d 0.259699 241037 36890.5 1070190
Jd4s 0.259699 241037 36890.5 1070190
Jd4h 0.259699 241037 36890.5 1070190
Js4s 0.259699 241037 36890.5 1070190
Jd3d 0.258505 239759 36890.5 1070190
Jh3d 0.258505 239759 36890.5 1070190
Jh3h 0.258505 239759 36890.5 1070190
Jh3s 0.258505 239759 36890.5 1070190
Js3s 0.258505 239759 36890.5 1070190
Jd3h 0.258505 239759 36890.5 1070190
Jd3s 0.258505 239759 36890.5 1070190
Js3h 0.258505 239759 36890.5 1070190
Js3d 0.258505 239759 36890.5 1070190
Js2h 0.257008 238157 36890.5 1070190
Js2d 0.257008 238157 36890.5 1070190
Js2s 0.257008 238157 36890.5 1070190
Jh2s 0.257008 238157 36890.5 1070190
Jh2h 0.257008 238157 36890.5 1070190
Jh2d 0.257008 238157 36890.5 1070190
Jd2d 0.257008 238157 36890.5 1070190
Jd2s 0.257008 238157 36890.5 1070190
Jd2h 0.257008 238157 36890.5 1070190
Th5s 0.23589 216014 36433 1070190
Td5h 0.23589 216014 36433 1070190
Ts5s 0.23589 216014 36433 1070190
Ts5h 0.23589 216014 36433 1070190
Ts5d 0.23589 216014 36433 1070190
Td5d 0.23589 216014 36433 1070190
Td5s 0.23589 216014 36433 1070190
Th5d 0.23589 216014 36433 1070190
Th5h 0.23589 216014 36433 1070190
Th4s 0.233911 213761 36568 1070190
Th4h 0.233911 213761 36568 1070190
Ts4s 0.233911 213761 36568 1070190
Td4d 0.233911 213761 36568 1070190
Ts4d 0.233911 213761 36568 1070190
Ts4h 0.233911 213761 36568 1070190
Td4h 0.233911 213761 36568 1070190
Td4s 0.233911 213761 36568 1070190
Th4d 0.233911 213761 36568 1070190
Ts3d 0.232717 212483 36568 1070190
Td3s 0.232717 212483 36568 1070190
Th3h 0.232717 212483 36568 1070190
Th3d 0.232717 212483 36568 1070190
Th3s 0.232717 212483 36568 1070190
Td3h 0.232717 212483 36568 1070190
Td3d 0.232717 212483 36568 1070190
Ts3s 0.232717 212483 36568 1070190
Ts3h 0.232717 212483 36568 1070190
Th2d 0.23122 210881 36568 1070190
Td2d 0.23122 210881 36568 1070190
Td2s 0.23122 210881 36568 1070190
Ts2s 0.23122 210881 36568 1070190
Th2s 0.23122 210881 36568 1070190
Th2h 0.23122 210881 36568 1070190
Ts2h 0.23122 210881 36568 1070190
Td2h 0.23122 210881 36568 1070190
Ts2d 0.23122 210881 36568 1070190
8s4d 0.200706 175226 39568 1070190
8s4s 0.200706 175226 39568 1070190
8h4s 0.200706 175226 39568 1070190
8s4h 0.200706 175226 39568 1070190
8d4d 0.200706 175226 39568 1070190
8d4h 0.200706 175226 39568 1070190
8d4s 0.200706 175226 39568 1070190
8h4d 0.200706 175226 39568 1070190
8h4h 0.200706 175226 39568 1070190
8d3d 0.199512 173948 39568 1070190
8d3h 0.199512 173948 39568 1070190
8d3s 0.199512 173948 39568 1070190
8s3d 0.199512 173948 39568 1070190
8s3h 0.199512 173948 39568 1070190
8s3s 0.199512 173948 39568 1070190
8h3s 0.199512 173948 39568 1070190
8h3h 0.199512 173948 39568 1070190
8h3d 0.199512 173948 39568 1070190
8s2s 0.198066 172400 39568 1070190
8d2h 0.198066 172400 39568 1070190
8h2s 0.198066 172400 39568 1070190
8h2h 0.198066 172400 39568 1070190
8s2h 0.198066 172400 39568 1070190
8s2d 0.198066 172400 39568 1070190
8d2s 0.198066 172400 39568 1070190
8h2d 0.198066 172400 39568 1070190
8d2d 0.198066 172400 39568 1070190
7d4d 0.188598 162698 39137.5 1070190
7d4h 0.188598 162698 39137.5 1070190
7d4s 0.188598 162698 39137.5 1070190
7s4d 0.188598 162698 39137.5 1070190
7s4h 0.188598 162698 39137.5 1070190
7h4d 0.188598 162698 39137.5 1070190
7h4h 0.188598 162698 39137.5 1070190
7h4s 0.188598 162698 39137.5 1070190
7s4s 0.188598 162698 39137.5 1070190
7d3h 0.187404 161420 39137.5 1070190
7s3d 0.187404 161420 39137.5 1070190
7s3h 0.187404 161420 39137.5 1070190
7s3s 0.187404 161420 39137.5 1070190
7h3s 0.187404 161420 39137.5 1070190
7h3h 0.187404 161420 39137.5 1070190
7h3d 0.187404 161420 39137.5 1070190
7d3s 0.187404 161420 39137.5 1070190
7d3d 0.187404 161420 39137.5 1070190
7d2h 0.174953 148163 39070 1070190
7s2s 0.174953 148163 39070 1070190
7d2d 0.174953 148163 39070 1070190
7d2s 0.174953 148163 39070 1070190
7h2d 0.174953 148163 39070 1070190
7h2h 0.174953 148163 39070 1070190
7h2s 0.174953 148163 39070 1070190
7s2d 0.174953 148163 39070 1070190
7s2h 0.174953 148163 39070 1070190
5h4s 0.157888 125480 43490.5 1070190
5d4h 0.157888 125480 43490.5 1070190
5s4s 0.157888 125480 43490.5 1070190
5s4h 0.157888 125480 43490.5 1070190
5s4d 0.157888 125480 43490.5 1070190
5d4d 0.157888 125480 43490.5 1070190
5d4s 0.157888 125480 43490.5 1070190
5h4d 0.157888 125480 43490.5 1070190
5h4h 0.157888 125480 43490.5 1070190
5s3d 0.156694 124202 43490.5 1070190
5s3h 0.156694 124202 43490.5 1070190
5h3d 0.156694 124202 43490.5 1070190
5h3h 0.156694 124202 43490.5 1070190
5s3s 0.156694 124202 43490.5 1070190
5d3s 0.156694 124202 43490.5 1070190
5d3h 0.156694 124202 43490.5 1070190
5d3d 0.156694 124202 43490.5 1070190
5h3s 0.156694 124202 43490.5 1070190
4h3h 0.144799 112025 42937 1070190
4s3h 0.144799 112025 42937 1070190
4s3s 0.144799 112025 42937 1070190
4h3s 0.144799 112025 42937 1070190
4h3d 0.144799 112025 42937 1070190
4s3d 0.144799 112025 42937 1070190
4d3d 0.144799 112025 42937 1070190
4d3s 0.144799 112025 42937 1070190
4d3h 0.144799 112025 42937 1070190
5s2d 0.14442 111134 43423 1070190
5s2h 0.14442 111134 43423 1070190
5s2s 0.14442 111134 43423 1070190
5h2s 0.14442 111134 43423 1070190
5h2h 0.14442 111134 43423 1070190
5h2d 0.14442 111134 43423 1070190
5d2d 0.14442 111134 43423 1070190
5d2h 0.14442 111134 43423 1070190
5d2s 0.14442 111134 43423 1070190
4s2s 0.134148 100559 43004.5 1070190
4d2d 0.134148 100559 43004.5 1070190
4s2d 0.134148 100559 43004.5 1070190
4h2s 0.134148 100559 43004.5 1070190
4h2h 0.134148 100559 43004.5 1070190
4d2h 0.134148 100559 43004.5 1070190
4d2s 0.134148 100559 43004.5 1070190
4h2d 0.134148 100559 43004.5 1070190
4s2h 0.134148 100559 43004.5 1070190
3s2h 0.132953 99281 43004.5 1070190
3s2s 0.132953 99281 43004.5 1070190
3d2d 0.132953 99281 43004.5 1070190
3d2h 0.132953 99281 43004.5 1070190
3d2s 0.132953 99281 43004.5 1070190
3h2d 0.132953 99281 43004.5 1070190
3h2h 0.132953 99281 43004.5 1070190
3h2s 0.132953 99281 43004.5 1070190
3s2d 0.132953 99281 43004.5 1070190
