8d7d 0.930939 973800 22481.5 1070190
8h7h 0.930889 973747 22481.5 1070190
8c7c 0.930813 973665 22481.5 1070190
8c7d 0.929368 971742 22858.5 1070190
8c7h 0.929368 971742 22858.5 1070190
8d7c 0.929368 971742 22858.5 1070190
8d7h 0.929368 971742 22858.5 1070190
8h7c 0.929368 971742 22858.5 1070190
8h7d 0.929368 971742 22858.5 1070190
8s7h 0.928624 971070 22734.5 1070190
8s7d 0.928624 971070 22734.5 1070190
8s7c 0.928624 971070 22734.5 1070190
8d7s 0.928588 971028 22738 1070190
8h7s 0.928588 971028 22738 1070190
8c7s 0.928588 971028 22738 1070190
8s7s 0.927845 970356 22614 1070190
TdTc 0.911765 969248 6514 1070190
TsTd 0.911407 968869 6510 1070190
TsTc 0.911399 968860 6510 1070190
9h9c 0.906858 963932 6578.5 1070190
9s9h 0.906497 963550 6574.5 1070190
9s9c 0.906492 963544 6574.5 1070190
6h6d 0.900216 956768 6634 1070190
6s6d 0.899858 956389 6630 1070190
6s6h 0.899855 956386 6630 1070190
Tc9c 0.860343 911903 8828 1070190
Td9h 0.853837 904474 9294 1070190
Td9c 0.853731 904338 9316 1070190
Tc9h 0.853728 904335 9316 1070190
Ts9h 0.853391 904000 9290 1070190
Td9s 0.853391 904000 9290 1070190
Ts9c 0.853284 903864 9312 1070190
Tc9s 0.853281 903861 9312 1070190
Ts9s 0.852944 903526 9286 1070190
Td6d 0.847696 895465 11731 1070190
Td6h 0.84072 887511 12219 1070190
Tc6h 0.840712 887500 12222 1070190
Tc6d 0.840614 887373 12244 1070190
Ts6h 0.840374 887167 12193 1070190
Td6s 0.840282 887046 12215 1070190
Ts6d 0.840276 887040 12215 1070190
Tc6s 0.840274 887035 12218 1070190
Ts6s 0.839936 886702 12189 1070190
9h6h 0.830101 876591 11774.5 1070190
9h6d 0.822405 867867 12262.5 1070190
9c6d 0.8224 867859 12265.5 1070190
9c6h 0.822338 867770 12287.5 1070190
9s6d 0.822059 867523 12236.5 1070190
9h6s 0.822005 867443 12258.5 1070190
9c6s 0.822 867435 12261.5 1070190
9s6h 0.821997 867434 12258.5 1070190
9s6s 0.821659 867099 12232.5 1070190
AhAd 0.801998 851289 7001 1070190
AhAc 0.801998 851289 7001 1070190
AdAc 0.801998 851289 7001 1070190
AsAd 0.801213 850453 6997 1070190
AsAc 0.801213 850453 6997 1070190
AsAh 0.801213 850453 6997 1070190
KhKd 0.794069 842184 7621 1070190
KdKc 0.794068 842183 7621 1070190
KhKc 0.794068 842183 7621 1070190
KsKd 0.793317 841387 7613 1070190
KsKh 0.793317 841387 7613 1070190
KsKc 0.793316 841386 7613 1070190
Td8d 0.785465 816635 23962 1070190
QhQd 0.785413 832300 8241 1070190
QhQc 0.785411 832298 8241 1070190
QdQc 0.785411 832298 8241 1070190
Tc8c 0.785313 816414 24020 1070190
QsQh 0.784693 831542 8229 1070190
QsQd 0.784693 831542 8229 1070190
QsQc 0.784692 831540 8229 1070190
JdTd 0.778295 825136 7788 1070190
JcTc 0.778186 825028 7779 1070190
QdTd 0.776971 819059 12447.5 1070190
QcTc 0.776877 818965 12441.5 1070190
KdTd 0.776872 820455 10946 1070190
JhJd 0.776852 829024 2355 1070190
JhJc 0.776849 829021 2355 1070190
JdJc 0.776849 829021 2355 1070190
KcTc 0.776789 820369 10943 1070190
JsJh 0.776131 828265 2343 1070190
JsJd 0.776131 828265 2343 1070190
JsJc 0.776129 828262 2343 1070190
Td8h 0.775902 805418 24945 1070190
Tc8h 0.775895 805416 24939 1070190
Tc8d 0.775842 805342 24956.5 1070190
Td8c 0.775835 805326 24964.5 1070190
Ts8h 0.775265 804800 24881 1070190
Td8s 0.775217 804746 24883 1070190
Ts8d 0.775212 804726 24898.5 1070190
Tc8s 0.775209 804744 24877 1070190
Ts8c 0.775197 804708 24900.5 1070190
AdTd 0.774902 819939 9353 1070190
Td7d 0.774872 805885 23375 1070190
AcTc 0.774823 819855 9353 1070190
Tc7c 0.774764 805712 23433 1070190
Ts8s 0.774579 804128 24819 1070190
JhTd 0.767448 813140 8175 1070190
JhTc 0.767445 813137 8175 1070190
JcTd 0.767381 813047 8196 1070190
JdTc 0.767381 813047 8196 1070190
JhTs 0.766804 812484 8142 1070190
JdTs 0.76674 812394 8163 1070190
JcTs 0.766737 812391 8163 1070190
JsTd 0.766652 812300 8163 1070190
JsTc 0.766649 812297 8163 1070190
JsTs 0.766008 811644 8130 1070190
QhTd 0.765767 806365 13151.5 1070190
QhTc 0.765765 806363 13151.5 1070190
QdTc 0.7657 806272 13172.5 1070190
QcTd 0.7657 806272 13172.5 1070190
KhTd 0.765129 807267 11566 1070190
KhTc 0.765128 807266 11566 1070190
QhTs 0.765095 805679 13118 1070190
KcTd 0.76506 807172 11587.5 1070190
KdTc 0.76506 807172 11587.5 1070190
QdTs 0.76503 805588 13139 1070190
QcTs 0.765028 805586 13139 1070190
QsTd 0.764971 805525 13139.5 1070190
QsTc 0.764969 805523 13139.5 1070190
Td7h 0.76447 793810 24318 1070190
Tc7h 0.76446 793805 24312 1070190
KhTs 0.764427 806546 11536 1070190
Tc7d 0.764404 793728 24330 1070190
Td7c 0.764401 793716 24338 1070190
KdTs 0.764359 806452 11557.5 1070190
KcTs 0.764358 806451 11557.5 1070190
QsTs 0.764299 804839 13106 1070190
KsTd 0.764297 806385 11558 1070190
KsTc 0.764296 806384 11558 1070190
Ts7h 0.76386 793223 24252 1070190
Ts7d 0.763805 793146 24270 1070190
Ts7c 0.763791 793129 24272 1070190
Td7s 0.763754 793102 24260 1070190
Tc7s 0.763744 793097 24254 1070190
KsTs 0.763595 805664 11528 1070190
Ts7s 0.763144 792515 24194 1070190
AhTd 0.762458 806090 9885 1070190
AhTc 0.762458 806090 9885 1070190
AdTc 0.762388 805993 9907 1070190
AcTd 0.762388 805993 9907 1070190
AhTs 0.761725 805332 9859 1070190
AcTs 0.761655 805235 9881 1070190
AdTs 0.761655 805235 9881 1070190
AsTc 0.761591 805166 9881 1070190
AsTd 0.761591 805166 9881 1070190
AsTs 0.760858 804408 9855 1070190
9h8h 0.733442 761046 23876.5 1070190
9c8c 0.732167 759623 23934.5 1070190
Td5d 0.723422 753181 21018 1070190
Tc5c 0.72341 753181 21005 1070190
Td4d 0.723127 752746 21137 1070190
Tc4c 0.723115 752746 21124 1070190
Td3d 0.723059 752674 21137 1070190
Tc3c 0.723042 752668 21124 1070190
Td2d 0.722689 752278 21137 1070190
Tc2c 0.722666 752266 21124 1070190
9h7h 0.721894 749274 23289.5 1070190
9h8d 0.72069 746416 24859.5 1070190
9c8d 0.720684 746415 24853.5 1070190
9c8h 0.720679 746392 24871 1070190
9c7c 0.720656 747891 23347.5 1070190
9h8c 0.720646 746349 24879 1070190
Jh9h 0.720335 762878 8017.5 1070190
9s8d 0.720053 745798 24795.5 1070190
9h8s 0.720052 745795 24797.5 1070190
9s8h 0.720048 745775 24813 1070190
9c8s 0.720046 745794 24791.5 1070190
9s8c 0.720009 745731 24815 1070190
9s8s 0.719415 745177 24733.5 1070190
Jc9c 0.719081 761545 8008.5 1070190
Qh9h 0.719012 756802 12677 1070190
Kh9h 0.718123 757353 11175.5 1070190
Qc9c 0.717773 755482 12671 1070190
Kc9c 0.71689 756036 11172.5 1070190
Ah9h 0.715529 756170 9582.5 1070190
Ac9c 0.714297 754851 9582.5 1070190
Td5h 0.709307 737002 22091 1070190
Tc5h 0.709303 737002 22087 1070190
Td5c 0.709221 736887 22114.5 1070190
Tc5d 0.709218 736887 22111.5 1070190
Td4h 0.709002 736549 22218 1070190
Tc4h 0.708998 736549 22214 1070190
Td3h 0.708935 736477 22218 1070190
Tc3h 0.708931 736477 22214 1070190
Td4c 0.708917 736434 22241.5 1070190
Tc4d 0.708914 736434 22238.5 1070190
Td3c 0.708849 736362 22241.5 1070190
Tc3d 0.708847 736362 22238.5 1070190
Ts5h 0.708799 736554 21996 1070190
Ts5d 0.708715 736439 22020.5 1070190
Ts5c 0.708714 736439 22019.5 1070190
Td2h 0.708514 736027 22218 1070190
Tc2h 0.708511 736027 22214 1070190
Ts4h 0.708497 736104 22122 1070190
Td5s 0.708451 736090 22087 1070190
Tc5s 0.708447 736090 22083 1070190
Ts3h 0.708429 736032 22122 1070190
Td2c 0.708429 735912 22241.5 1070190
Tc2d 0.708426 735912 22238.5 1070190
Ts4d 0.708412 735989 22146.5 1070190
Ts4c 0.708411 735989 22145.5 1070190
Ts3d 0.708345 735917 22146.5 1070190
Ts3c 0.708344 735917 22145.5 1070190
9h7d 0.708236 733715 24232.5 1070190
9c7d 0.708227 733711 24226.5 1070190
9c7h 0.708221 733686 24244.5 1070190
9h7c 0.708191 733646 24252.5 1070190
Td4s 0.708146 735637 22214 1070190
Tc4s 0.708142 735637 22210 1070190
Td3s 0.708079 735565 22214 1070190
Tc3s 0.708075 735565 22210 1070190
Ts2h 0.708009 735582 22122 1070190
Ts5s 0.707943 735642 21992 1070190
Ts2d 0.707924 735467 22146.5 1070190
Ts2c 0.707923 735467 22145.5 1070190
Td2s 0.707653 735109 22214 1070190
Tc2s 0.707649 735109 22210 1070190
Ts4s 0.707641 735192 22118 1070190
9s7d 0.707626 733128 24166.5 1070190
9s7h 0.70762 733103 24184.5 1070190
9s7c 0.70758 733059 24186.5 1070190
Ts3s 0.707573 735120 22118 1070190
9h7s 0.707569 733059 24174.5 1070190
9c7s 0.70756 733055 24168.5 1070190
Ts2s 0.707147 734664 22118 1070190
9s7s 0.706959 732472 24108.5 1070190
Jd9h 0.705811 746947 8404.5 1070190
Jd9c 0.705808 746944 8404.5 1070190
Jh9c 0.705783 746896 8425.5 1070190
Jc9h 0.705752 746863 8425.5 1070190
Jd9s 0.705167 746291 8371.5 1070190
Jh9s 0.705142 746243 8392.5 1070190
Jc9s 0.705108 746207 8392.5 1070190
Js9h 0.705054 746149 8392.5 1070190
Js9c 0.705051 746146 8392.5 1070190
Js9s 0.70441 745493 8359.5 1070190
Qd9h 0.70413 740172 13381 1070190
Qd9c 0.704128 740170 13381 1070190
Qh9c 0.704102 740121 13402 1070190
Qc9h 0.704071 740088 13402 1070190
Qd9s 0.703458 739486 13347.5 1070190
Qh9s 0.703432 739437 13368.5 1070190
Qc9s 0.703399 739402 13368.5 1070190
Qs9h 0.703373 739374 13369 1070190
Qs9c 0.703371 739372 13369 1070190
Qs9s 0.702701 738688 13335.5 1070190
Kd9h 0.702648 740171 11795.5 1070190
Kd9c 0.702647 740170 11795.5 1070190
Kh9c 0.702619 740119 11817 1070190
Kc9h 0.702587 740085 11817 1070190
Kd9s 0.701946 739450 11765.5 1070190
Kh9s 0.701918 739399 11787 1070190
Kc9s 0.701886 739364 11787 1070190
Ks9h 0.701856 739332 11787.5 1070190
Ks9c 0.701855 739331 11787.5 1070190
Ks9s 0.701154 738611 11757.5 1070190
Ad9c 0.699311 738281 10114.5 1070190
Ad9h 0.699311 738281 10114.5 1070190
Ah9c 0.699282 738228 10136.5 1070190
Ac9h 0.699249 738193 10136.5 1070190
Ad9s 0.698578 737523 10088.5 1070190
Ah9s 0.698549 737470 10110.5 1070190
Ac9s 0.698517 737435 10110.5 1070190
As9h 0.698485 737401 10110.5 1070190
As9c 0.698485 737401 10110.5 1070190
As9s 0.697752 736643 10084.5 1070190
8h8d 0.670714 706655 11136 1070190
8d8c 0.670674 706611 11138 1070190
8h8c 0.670673 706610 11138 1070190
8s8d 0.670122 706084 11074 1070190
8s8h 0.670121 706083 11074 1070190
8s8c 0.670082 706039 11076 1070190
8d6d 0.665922 683702 28961.5 1070190
8h6h 0.665898 683676 28961.5 1070190
9h5h 0.662294 687848 20932.5 1070190
9h4h 0.662005 687420 21051.5 1070190
9h3h 0.661938 687348 21051.5 1070190
9h2h 0.661568 686952 21051.5 1070190
9c5c 0.66103 686508 20919.5 1070190
9c4c 0.660717 686054 21038.5 1070190
9c3c 0.660644 685976 21038.5 1070190
9c2c 0.660268 685574 21038.5 1070190
7d6d 0.654945 672541 28374.5 1070190
7h6h 0.654921 672515 28374.5 1070190
7h7d 0.652997 688315 10516 1070190
7d7c 0.652958 688271 10518 1070190
7h7c 0.652957 688270 10518 1070190
7s7d 0.652379 687712 10458 1070190
7s7h 0.652379 687711 10458 1070190
7s7c 0.652339 687667 10460 1070190
8h6d 0.650609 666057 30218 1070190
8d6h 0.650609 666057 30218 1070190
8c6d 0.650603 666066 30202.5 1070190
8c6h 0.650602 666065 30202.5 1070190
8d6s 0.650011 665513 30122 1070190
8s6d 0.65001 665496 30138.5 1070190
8h6s 0.65001 665512 30122 1070190
8s6h 0.650009 665495 30138.5 1070190
8c6s 0.650004 665521 30106.5 1070190
8s6s 0.649411 664951 30042.5 1070190
9h5d 0.644401 667626 22005.5 1070190
9c5d 0.644398 667627 22001.5 1070190
9c5h 0.644372 667574 22026 1070190
9h5c 0.644342 667539 22029 1070190
9h4d 0.644097 667174 22132.5 1070190
9c4d 0.644094 667174 22128.5 1070190
9c4h 0.644067 667121 22153 1070190
9h4c 0.644037 667086 22156 1070190
9h3d 0.64403 667102 22132.5 1070190
9c3d 0.644026 667102 22128.5 1070190
9c3h 0.644 667049 22153 1070190
9h3c 0.64397 667014 22156 1070190
9s5d 0.643894 667178 21910.5 1070190
9s5h 0.643867 667125 21935 1070190
9s5c 0.643834 667091 21934 1070190
9h2d 0.64361 666652 22132.5 1070190
9c2d 0.643606 666652 22128.5 1070190
9h5s 0.643603 666776 22001.5 1070190
9c5s 0.6436 666777 21997.5 1070190
9s4d 0.643592 666729 22036.5 1070190
9c2h 0.643579 666599 22153 1070190
9s4h 0.643565 666676 22061 1070190
9h2c 0.643549 666564 22156 1070190
9s4c 0.643532 666641 22060 1070190
9s3d 0.643525 666657 22036.5 1070190
9s3h 0.643498 666604 22061 1070190
9s3c 0.643464 666569 22060 1070190
9h4s 0.643299 666324 22128.5 1070190
9c4s 0.643296 666324 22124.5 1070190
9h3s 0.643232 666252 22128.5 1070190
9c3s 0.643228 666252 22124.5 1070190
9s2d 0.643104 666207 22036.5 1070190
9s5s 0.643096 666328 21906.5 1070190
9s2h 0.643077 666154 22061 1070190
9s2c 0.643044 666119 22060 1070190
9h2s 0.642806 665796 22128.5 1070190
9c2s 0.642802 665796 22124.5 1070190
9s4s 0.642794 665879 22032.5 1070190
9s3s 0.642727 665807 22032.5 1070190
9s2s 0.6423 665351 22032.5 1070190
7d6h 0.638877 654128 29591.5 1070190
7h6d 0.638877 654128 29591.5 1070190
7c6d 0.638871 654138 29575.5 1070190
7c6h 0.63887 654137 29575.5 1070190
7d6s 0.63829 653598 29493.5 1070190
7h6s 0.638289 653597 29493.5 1070190
7c6s 0.638283 653607 29477.5 1070190
7s6d 0.638251 653534 29515.5 1070190
7s6h 0.63825 653533 29515.5 1070190
7s6s 0.637663 653003 29417.5 1070190
Jh6h 0.633 668997 8433 1070190
Jd6d 0.633 668997 8433 1070190
Qh6h 0.632505 663719 13182 1070190
Qd6d 0.632505 663719 13182 1070190
Kd6d 0.630982 663501 11770 1070190
Kh6h 0.630982 663501 11770 1070190
Ad6d 0.628764 662630 10266.5 1070190
Ah6h 0.628764 662630 10266.5 1070190
Jc6d 0.614518 648828 8823 1070190
Jc6h 0.614518 648828 8823 1070190
Jd6h 0.614504 648795 8841 1070190
Jh6d 0.614504 648795 8841 1070190
Jc6s 0.613877 648175 8790 1070190
Jh6s 0.613863 648142 8808 1070190
Jd6s 0.613863 648142 8808 1070190
Js6h 0.613806 648081 8808 1070190
Js6d 0.613806 648081 8808 1070190
Qc6d 0.613656 642839 13889.5 1070190
Qc6h 0.613656 642839 13889.5 1070190
Qd6h 0.613642 642806 13907 1070190
Qh6d 0.613642 642806 13907 1070190
Js6s 0.613165 647428 8775 1070190
Qc6s 0.612986 642155 13856 1070190
Qh6s 0.612971 642122 13873.5 1070190
Qd6s 0.612971 642122 13873.5 1070190
Qs6h 0.612943 642092 13874 1070190
Qs6d 0.612943 642092 13874 1070190
Qs6s 0.612273 641408 13840.5 1070190
Kc6d 0.61143 641952 12394 1070190
Kc6h 0.61143 641952 12394 1070190
Kh6d 0.611414 641918 12411.5 1070190
Kd6h 0.611414 641918 12411.5 1070190
Kc6s 0.610729 641232 12364 1070190
Kd6s 0.610714 641198 12381.5 1070190
Kh6s 0.610714 641198 12381.5 1070190
Ks6d 0.610683 641165 12382 1070190
Ks6h 0.610683 641165 12382 1070190
Ks6s 0.609982 640445 12352 1070190
Ac6h 0.608423 640325 10803 1070190
Ac6d 0.608423 640325 10803 1070190
Ah6d 0.608406 640290 10820.5 1070190
Ad6h 0.608406 640290 10820.5 1070190
Ac6s 0.60769 639567 10777 1070190
Ad6s 0.607674 639532 10794.5 1070190
Ah6s 0.607674 639532 10794.5 1070190
As6h 0.607642 639498 10794.5 1070190
As6d 0.607642 639498 10794.5 1070190
As6s 0.60691 638740 10768.5 1070190
QhJh 0.598785 633004 7810 1070190
QdJd 0.59878 632998 7810 1070190
QcJc 0.5986 632810 7805.5 1070190
QhJd 0.579095 611655 8087 1070190
QcJh 0.579095 611655 8087 1070190
QcJd 0.579095 611655 8087 1070190
QdJh 0.579095 611655 8087 1070190
QdJc 0.579095 611655 8087 1070190
QhJc 0.579095 611655 8087 1070190
QsJh 0.57837 610920 8045.5 1070190
QsJd 0.57837 610920 8045.5 1070190
QsJc 0.57837 610920 8045.5 1070190
QhJs 0.578367 610914 8048.5 1070190
QdJs 0.578367 610914 8048.5 1070190
QcJs 0.578367 610914 8048.5 1070190
QsJs 0.577641 610179 8007 1070190
6d5d 0.571306 588668 22737.5 1070190
6h5h 0.571282 588643 22737.5 1070190
6h4h 0.570993 588215 22856.5 1070190
6d4d 0.570993 588215 22856.5 1070190
6d3d 0.570926 588143 22856.5 1070190
6h3h 0.570926 588143 22856.5 1070190
6h2h 0.570556 587747 22856.5 1070190
6d2d 0.570556 587747 22856.5 1070190
Qd8d 0.560933 574688 25617 1070190
Qh8h 0.560933 574688 25617 1070190
Qc8c 0.560666 574319 25700.5 1070190
Ad8d 0.558452 570361 27289 1070190
Ah8h 0.558452 570361 27289 1070190
Ac8c 0.558202 570010 27372.5 1070190
KhQh 0.554073 580267 12696.5 1070190
KdQd 0.554068 580261 12696.5 1070190
KcQc 0.55392 580108 12692 1070190
KhJh 0.553241 584621 7452 1070190
KdJd 0.553235 584615 7452 1070190
KcJc 0.553084 584457 7447.5 1070190
6d5c 0.549644 564315 23908 1070190
6h5c 0.549643 564314 23908 1070190
6d5h 0.549641 564289 23931 1070190
6h5d 0.549641 564289 23931 1070190
6h4c 0.549339 563862 24035 1070190
6d4c 0.549339 563862 24035 1070190
6h4d 0.549336 563836 24058 1070190
6d4h 0.549336 563836 24058 1070190
6d3c 0.549272 563790 24035 1070190
6h3c 0.549272 563790 24035 1070190
6h3d 0.549269 563764 24058 1070190
6d3h 0.549269 563764 24058 1070190
6s5c 0.549124 563866 23801 1070190
6s5d 0.549122 563841 23824 1070190
6s5h 0.549121 563840 23824 1070190
6d5s 0.548902 563527 23902.5 1070190
6h5s 0.548901 563526 23902.5 1070190
6h2c 0.548851 563340 24035 1070190
6d2c 0.548851 563340 24035 1070190
6d2h 0.548848 563314 24058 1070190
6h2d 0.548848 563314 24058 1070190
6s4c 0.548822 563417 23927 1070190
6s4d 0.548819 563391 23950 1070190
6s4h 0.548819 563391 23950 1070190
6s3c 0.548755 563345 23927 1070190
6s3h 0.548752 563319 23950 1070190
6s3d 0.548752 563319 23950 1070190
6d4s 0.548597 563074 24029.5 1070190
6h4s 0.548597 563074 24029.5 1070190
6d3s 0.54853 563002 24029.5 1070190
6h3s 0.54853 563002 24029.5 1070190
6s5s 0.548383 563078 23795.5 1070190
6s2c 0.548334 562895 23927 1070190
6s2h 0.548332 562869 23950 1070190
6s2d 0.548332 562869 23950 1070190
6h2s 0.548104 562546 24029.5 1070190
6d2s 0.548104 562546 24029.5 1070190
6s4s 0.548081 562629 23921.5 1070190
6s3s 0.548013 562557 23921.5 1070190
6s2s 0.547587 562101 23921.5 1070190
Ah7h 0.542457 553690 26842 1070190
Ad7d 0.542457 553690 26842 1070190
Ac7c 0.542257 553393 26925.5 1070190
Qc8d 0.541184 552552 26618 1070190
Qc8h 0.541184 552552 26618 1070190
Qd8h 0.541183 552543 26626 1070190
Qh8d 0.541183 552543 26626 1070190
Qd8c 0.541137 552493 26626 1070190
Qh8c 0.541137 552493 26626 1070190
Qc8s 0.540616 552024 26537.5 1070190
Qd8s 0.540615 552015 26545.5 1070190
Qh8s 0.540615 552015 26545.5 1070190
Qs8h 0.540517 551895 26560.5 1070190
Qs8d 0.540517 551895 26560.5 1070190
Qs8c 0.54047 551845 26560.5 1070190
Qs8s 0.539948 551367 26480 1070190
Ad8h 0.537321 546590 28446 1070190
Ah8d 0.537321 546590 28446 1070190
Ac8h 0.537321 546598 28438 1070190
Ac8d 0.537321 546598 28438 1070190
Ah8c 0.53727 546535 28446 1070190
Ad8c 0.53727 546535 28446 1070190
Jh8h 0.537086 560476 14308 1070190
Jd8d 0.537086 560476 14308 1070190
Jc8c 0.536787 560073 14391.5 1070190
Ac8s 0.53676 546077 28358.5 1070190
Ah8s 0.53676 546069 28366.5 1070190
Ad8s 0.53676 546069 28366.5 1070190
As8h 0.536629 545912 28383.5 1070190
As8d 0.536629 545912 28383.5 1070190
As8c 0.536578 545857 28383.5 1070190
As8s 0.536068 545391 28304 1070190
KhQd 0.531302 555228 13366.5 1070190
KhQc 0.531302 555228 13366.5 1070190
KdQh 0.531302 555228 13366.5 1070190
KcQd 0.531302 555228 13366.5 1070190
KcQh 0.531302 555228 13366.5 1070190
KdQc 0.531302 555228 13366.5 1070190
KhQs 0.530578 554487 13332.5 1070190
KdQs 0.530578 554487 13332.5 1070190
KcQs 0.530578 554487 13332.5 1070190
KsQd 0.530562 554473 13329 1070190
KsQh 0.530562 554473 13329 1070190
KsQc 0.530562 554473 13329 1070190
KhJd 0.530544 560002 7781 1070190
KhJc 0.530544 560002 7781 1070190
KdJh 0.530544 560002 7781 1070190
KdJc 0.530544 560002 7781 1070190
KcJd 0.530544 560002 7781 1070190
KcJh 0.530544 560002 7781 1070190
KsQs 0.529838 553732 13295 1070190
KsJh 0.529831 559273 7747 1070190
KsJd 0.529831 559273 7747 1070190
KsJc 0.529831 559273 7747 1070190
KcJs 0.52982 559261 7747 1070190
KhJs 0.52982 559261 7747 1070190
KdJs 0.52982 559261 7747 1070190
KsJs 0.529107 558532 7713 1070190
AhQh 0.528342 553088 12338.5 1070190
AdQd 0.528337 553082 12338.5 1070190
AcQc 0.528212 552953 12334 1070190
AhKh 0.527732 553238 11535.5 1070190
AdKd 0.527725 553231 11535.5 1070190
AcKc 0.527606 553108 11531 1070190
AhJh 0.526805 556687 7094 1070190
AdJd 0.526799 556681 7094 1070190
AcJc 0.526669 556546 7089.5 1070190
Ad7h 0.52019 528733 27969 1070190
Ah7d 0.52019 528733 27969 1070190
Ac7h 0.520186 528737 27961 1070190
Ac7d 0.520186 528737 27961 1070190
Ad7c 0.520137 528676 27969 1070190
Ah7c 0.520137 528676 27969 1070190
Ad7s 0.519603 528181 27893 1070190
Ah7s 0.519603 528181 27893 1070190
Ac7s 0.519599 528185 27885 1070190
As7h 0.519523 528084 27904.5 1070190
As7d 0.519523 528084 27904.5 1070190
As7c 0.51947 528027 27904.5 1070190
As7s 0.518936 527532 27828.5 1070190
Jc8h 0.516081 537434 14871 1070190
Jc8d 0.516081 537434 14871 1070190
Jh8d 0.51608 537425 14879 1070190
Jd8h 0.51608 537425 14879 1070190
Jd8c 0.516034 537375 14879 1070190
Jh8c 0.516034 537375 14879 1070190
Jc8s 0.515485 536834 14832.5 1070190
Jd8s 0.515484 536825 14840.5 1070190
Jh8s 0.515484 536825 14840.5 1070190
Js8d 0.515414 536777 14814 1070190
Js8h 0.515414 536777 14814 1070190
Js8c 0.515367 536727 14814 1070190
Js8s 0.514817 536177 14775.5 1070190
Kd8d 0.514526 523507 27134 1070190
Kh8h 0.514526 523507 27134 1070190
Kc8c 0.514282 523162 27217.5 1070190
Kd7d 0.506705 515137 27134 1070190
Kh7h 0.506705 515137 27134 1070190
Kc7c 0.506511 514846 27217.5 1070190
AhQd 0.503528 525810 13060.5 1070190
AhQc 0.503528 525810 13060.5 1070190
AdQh 0.503528 525810 13060.5 1070190
AcQh 0.503528 525810 13060.5 1070190
AdQc 0.503528 525810 13060.5 1070190
AcQd 0.503528 525810 13060.5 1070190
AdQs 0.502816 525078 13031 1070190
AhQs 0.502816 525078 13031 1070190
AcQs 0.502816 525078 13031 1070190
AsQd 0.502782 525042 13030.5 1070190
AsQh 0.502782 525042 13030.5 1070190
AsQc 0.502782 525042 13030.5 1070190
AdKh 0.502457 525521 12203.5 1070190
AhKc 0.502457 525521 12203.5 1070190
AdKc 0.502457 525521 12203.5 1070190
AhKd 0.502457 525521 12203.5 1070190
AcKh 0.502457 525521 12203.5 1070190
AcKd 0.502457 525521 12203.5 1070190
AsQs 0.502071 524310 13001 1070190
AhJd 0.502063 529828 7475 1070190
AhJc 0.502063 529828 7475 1070190
AdJh 0.502063 529828 7475 1070190
AcJh 0.502063 529828 7475 1070190
AcJd 0.502063 529828 7475 1070190
AdJc 0.502063 529828 7475 1070190
AcKs 0.501712 524750 12177.5 1070190
AdKs 0.501712 524750 12177.5 1070190
AhKs 0.501712 524750 12177.5 1070190
AsKc 0.501683 524723 12173.5 1070190
AsKd 0.501683 524723 12173.5 1070190
AsKh 0.501683 524723 12173.5 1070190
AdJs 0.501352 529096 7445.5 1070190
AcJs 0.501352 529096 7445.5 1070190
AhJs 0.501352 529096 7445.5 1070190
AsJc 0.501345 529086 7448.5 1070190
AsJd 0.501345 529086 7448.5 1070190
AsJh 0.501345 529086 7448.5 1070190
AsKs 0.500939 523952 12147.5 1070190
AsJs 0.500634 528354 7419 1070190
Kd8h 0.491782 498015 28285 1070190
Kh8d 0.491782 498015 28285 1070190
Kc8h 0.491782 498023 28277 1070190
Kc8d 0.491782 498023 28277 1070190
Kd8c 0.49173 497960 28285 1070190
Kh8c 0.49173 497960 28285 1070190
Kc8s 0.491242 497521 28201 1070190
Kh8s 0.491242 497513 28209 1070190
Kd8s 0.491242 497513 28209 1070190
Ks8h 0.491115 497367 28219.5 1070190
Ks8d 0.491115 497367 28219.5 1070190
Ks8c 0.491064 497312 28219.5 1070190
Ks8s 0.490575 496865 28143.5 1070190
Kd7h 0.483331 488971 28285 1070190
Kh7d 0.483331 488971 28285 1070190
Kc7h 0.483327 488975 28277 1070190
Kc7d 0.483327 488975 28277 1070190
Kd7c 0.483278 488914 28285 1070190
Kh7c 0.483278 488914 28285 1070190
Kh7s 0.482766 488442 28209 1070190
Kd7s 0.482766 488442 28209 1070190
Kc7s 0.482762 488446 28201 1070190
Ks7h 0.482685 488345 28219.5 1070190
Ks7d 0.482685 488345 28219.5 1070190
Ks7c 0.482632 488288 28219.5 1070190
Ks7s 0.48212 487816 28143.5 1070190
5h5d 0.469351 492894 9401 1070190
5d5c 0.469351 492895 9400 1070190
5h5c 0.46935 492894 9400 1070190
5s5d 0.468666 492167 9394.5 1070190
5s5c 0.468665 492167 9393.5 1070190
5s5h 0.468665 492166 9394.5 1070190
Qh7h 0.465871 471967 26604 1070190
Qd7d 0.465871 471967 26604 1070190
Qc7c 0.465683 471682 26687.5 1070190
4h4d 0.451137 473401 9401 1070190
4h4c 0.451136 473401 9400 1070190
4d4c 0.451136 473401 9400 1070190
4s4d 0.450451 472674 9394.5 1070190
4s4h 0.450451 472674 9394.5 1070190
4s4c 0.45045 472674 9393.5 1070190
Jh7h 0.441251 456927 15295 1070190
Jd7d 0.441251 456927 15295 1070190
Jc7c 0.441031 456608 15378.5 1070190
Qh7d 0.440987 444209 27731 1070190
Qd7h 0.440987 444209 27731 1070190
Qc7h 0.440983 444213 27723 1070190
Qc7d 0.440983 444213 27723 1070190
Qd7c 0.440934 444152 27731 1070190
Qh7c 0.440934 444152 27731 1070190
Qh7s 0.440444 443700 27658.5 1070190
Qd7s 0.440444 443700 27658.5 1070190
Qc7s 0.44044 443704 27650.5 1070190
Qs7d 0.440372 443618 27664 1070190
Qs7h 0.440372 443618 27664 1070190
Qs7c 0.440319 443561 27664 1070190
Qs7s 0.439829 443109 27591.5 1070190
Ah5h 0.438121 442567 26305.5 1070190
Ad5d 0.438121 442567 26305.5 1070190
Ac5c 0.438055 442468 26334 1070190
Ah4h 0.436123 440251 26483.5 1070190
Ad4d 0.436117 440245 26483.5 1070190
Ac4c 0.436052 440146 26512 1070190
Ah3h 0.434458 438469 26483.5 1070190
Ad3d 0.434452 438463 26483.5 1070190
Ac3c 0.434381 438358 26512 1070190
3h3d 0.432921 453907 9401 1070190
3h3c 0.43292 453907 9400 1070190
3d3c 0.43292 453907 9400 1070190
Ah2h 0.43249 436363 26483.5 1070190
Ad2d 0.432484 436357 26483.5 1070190
Ac2c 0.432407 436246 26512 1070190
3s3h 0.432236 453180 9394.5 1070190
3s3d 0.432236 453180 9394.5 1070190
3s3c 0.432235 453180 9393.5 1070190
Jd7h 0.41511 428263 15984 1070190
Jh7d 0.41511 428263 15984 1070190
Jc7h 0.415107 428267 15976 1070190
Jc7d 0.415107 428267 15976 1070190
Jh7c 0.415057 428206 15984 1070190
Jd7c 0.415057 428206 15984 1070190
Jd7s 0.414539 427682 15953.5 1070190
Jh7s 0.414539 427682 15953.5 1070190
Jc7s 0.414535 427686 15945.5 1070190
Js7d 0.414496 427672 15917.5 1070190
Js7h 0.414496 427672 15917.5 1070190
Js7c 0.414443 427615 15917.5 1070190
2h2d 0.413999 433657 9401 1070190
2d2c 0.413998 433657 9400 1070190
2h2c 0.413998 433657 9400 1070190
Js7s 0.413925 427091 15887 1070190
2s2h 0.413308 432924 9394.5 1070190
2s2d 0.413308 432924 9394.5 1070190
2s2c 0.413307 432924 9393.5 1070190
Ah5c 0.409861 410924 27705.5 1070190
Ad5h 0.409861 410924 27705.5 1070190
Ah5d 0.409861 410924 27705.5 1070190
Ad5c 0.409861 410924 27705.5 1070190
Ac5h 0.409859 410924 27702.5 1070190
Ac5d 0.409859 410924 27702.5 1070190
As5h 0.409284 410397 27614.5 1070190
As5d 0.409284 410397 27614.5 1070190
As5c 0.409284 410397 27614.5 1070190
Ad5s 0.409232 410276 27679.5 1070190
Ah5s 0.409232 410276 27679.5 1070190
Ac5s 0.409229 410276 27676.5 1070190
As5s 0.408654 409749 27588.5 1070190
Ad4c 0.407841 408572 27895.5 1070190
Ad4h 0.407841 408572 27895.5 1070190
Ah4d 0.407841 408572 27895.5 1070190
Ah4c 0.407841 408572 27895.5 1070190
Ac4h 0.407838 408572 27892.5 1070190
Ac4d 0.407838 408572 27892.5 1070190
As4d 0.407266 408048 27803.5 1070190
As4c 0.407266 408048 27803.5 1070190
As4h 0.407266 408048 27803.5 1070190
Ad4s 0.407211 407924 27869.5 1070190
Ah4s 0.407211 407924 27869.5 1070190
Ac4s 0.407209 407924 27866.5 1070190
As4s 0.406636 407400 27777.5 1070190
Ah3c 0.406176 406790 27895.5 1070190
Ad3h 0.406176 406790 27895.5 1070190
Ad3c 0.406176 406790 27895.5 1070190
Ah3d 0.406176 406790 27895.5 1070190
Ac3d 0.406173 406790 27892.5 1070190
Ac3h 0.406173 406790 27892.5 1070190
As3c 0.4056 406266 27803.5 1070190
As3d 0.4056 406266 27803.5 1070190
As3h 0.4056 406266 27803.5 1070190
Ah3s 0.405546 406142 27869.5 1070190
Ad3s 0.405546 406142 27869.5 1070190
Ac3s 0.405543 406142 27866.5 1070190
As3s 0.404971 405618 27777.5 1070190
Ad2h 0.404158 404630 27895.5 1070190
Ad2c 0.404158 404630 27895.5 1070190
Ah2c 0.404158 404630 27895.5 1070190
Ah2d 0.404158 404630 27895.5 1070190
Ac2h 0.404155 404630 27892.5 1070190
Ac2d 0.404155 404630 27892.5 1070190
As2h 0.403582 404106 27803.5 1070190
As2d 0.403582 404106 27803.5 1070190
As2c 0.403582 404106 27803.5 1070190
Ad2s 0.403522 403976 27869.5 1070190
Ah2s 0.403522 403976 27869.5 1070190
Ac2s 0.403519 403976 27866.5 1070190
As2s 0.402947 403452 27777.5 1070190
Kh5h 0.395668 396842 26597.5 1070190
Kd5d 0.395668 396842 26597.5 1070190
Kc5c 0.395607 396749 26626 1070190
Kh4h 0.39367 394526 26775.5 1070190
Kd4d 0.393664 394520 26775.5 1070190
Kc4c 0.393604 394427 26804 1070190
Kh3h 0.392005 392744 26775.5 1070190
Kd3d 0.391999 392738 26775.5 1070190
Kc3c 0.391933 392639 26804 1070190
Kh2h 0.390037 390638 26775.5 1070190
Kd2d 0.390031 390632 26775.5 1070190
Kc2c 0.38996 390527 26804 1070190
Kd5h 0.365928 363591 28021.5 1070190
Kd5c 0.365928 363591 28021.5 1070190
Kh5d 0.365928 363591 28021.5 1070190
Kh5c 0.365928 363591 28021.5 1070190
Kc5h 0.365925 363591 28018.5 1070190
Kc5d 0.365925 363591 28018.5 1070190
Ks5c 0.365371 363087 27929.5 1070190
Ks5d 0.365371 363087 27929.5 1070190
Ks5h 0.365371 363087 27929.5 1070190
Kd5s 0.365326 362973 27995.5 1070190
Kh5s 0.365326 362973 27995.5 1070190
Kc5s 0.365323 362973 27992.5 1070190
Ks5s 0.364769 362469 27903.5 1070190
Kh4c 0.363908 361239 28211.5 1070190
Kh4d 0.363908 361239 28211.5 1070190
Kd4c 0.363908 361239 28211.5 1070190
Kd4h 0.363908 361239 28211.5 1070190
Kc4h 0.363905 361239 28208.5 1070190
Kc4d 0.363905 361239 28208.5 1070190
Ks4h 0.363353 360738 28118.5 1070190
Ks4d 0.363353 360738 28118.5 1070190
Ks4c 0.363353 360738 28118.5 1070190
Kd4s 0.363306 360621 28185.5 1070190
Kh4s 0.363306 360621 28185.5 1070190
Kc4s 0.363303 360621 28182.5 1070190
Ks4s 0.362751 360120 28092.5 1070190
Kd3h 0.362243 359457 28211.5 1070190
Kh3c 0.362243 359457 28211.5 1070190
Kh3d 0.362243 359457 28211.5 1070190
Kd3c 0.362243 359457 28211.5 1070190
Kc3d 0.36224 359457 28208.5 1070190
Kc3h 0.36224 359457 28208.5 1070190
8d5d 0.362058 353506 33965 1070190
8h5h 0.362009 353453 33965 1070190
Ks3c 0.361688 358956 28118.5 1070190
Ks3d 0.361688 358956 28118.5 1070190
Ks3h 0.361688 358956 28118.5 1070190
Kh3s 0.361641 358839 28185.5 1070190
Kd3s 0.361641 358839 28185.5 1070190
Kc3s 0.361638 358839 28182.5 1070190
8c5c 0.36154 352612 34304.5 1070190
Ks3s 0.361086 358338 28092.5 1070190
Kd2h 0.360224 357297 28211.5 1070190
Kd2c 0.360224 357297 28211.5 1070190
Kh2d 0.360224 357297 28211.5 1070190
Kh2c 0.360224 357297 28211.5 1070190
Kc2d 0.360222 357297 28208.5 1070190
Kc2h 0.360222 357297 28208.5 1070190
8h4h 0.360078 351209 34143 1070190
8d4d 0.360078 351209 34143 1070190
Ks2c 0.359669 356796 28118.5 1070190
Ks2d 0.359669 356796 28118.5 1070190
Ks2h 0.359669 356796 28118.5 1070190
Kh2s 0.359617 356673 28185.5 1070190
Kd2s 0.359617 356673 28185.5 1070190
Kc2s 0.359614 356673 28182.5 1070190
8c4c 0.35956 350315 34482.5 1070190
Ks2s 0.359062 356172 28092.5 1070190
Qh5h 0.359041 357639 26603.5 1070190
Qd5d 0.359041 357639 26603.5 1070190
Qc5c 0.358987 357552 26632 1070190
8h3h 0.35848 349499 34143 1070190
8d3d 0.35848 349499 34143 1070190
8c3c 0.357937 348578 34482.5 1070190
Qh4h 0.357044 355323 26781.5 1070190
Qd4d 0.357038 355317 26781.5 1070190
Qc4c 0.356983 355230 26810 1070190
8h2h 0.356737 347633 34143 1070190
8d2d 0.356737 347633 34143 1070190
8c2c 0.356188 346706 34482.5 1070190
Qh3h 0.355378 353541 26781.5 1070190
Qd3d 0.355373 353535 26781.5 1070190
Qc3c 0.355313 353442 26810 1070190
Qh2h 0.353411 351435 26781.5 1070190
Qd2d 0.353405 351429 26781.5 1070190
Qc2c 0.353339 351330 26810 1070190
7d5d 0.338262 328576 33429 1070190
7h5h 0.338213 328523 33429 1070190
7c5c 0.338073 328034 33768.5 1070190
7d4d 0.336366 326457 33518 1070190
7h4h 0.336366 326457 33518 1070190
7c4c 0.336176 325915 33857.5 1070190
7h3h 0.334768 324747 33518 1070190
7d3d 0.334768 324747 33518 1070190
7c3c 0.334553 324178 33857.5 1070190
8h5c 0.33368 321549 35551.5 1070190
8d5c 0.33368 321549 35551.5 1070190
8d5h 0.333678 321537 35561.5 1070190
8h5d 0.333678 321537 35561.5 1070190
8c5d 0.333626 321482 35561.5 1070190
8c5h 0.333626 321482 35561.5 1070190
8s5c 0.33326 321219 35433 1070190
8s5h 0.333259 321207 35443 1070190
8s5d 0.333259 321207 35443 1070190
8h5s 0.333124 320985 35521 1070190
8d5s 0.333124 320985 35521 1070190
8c5s 0.333073 320930 35521 1070190
8s5s 0.332705 320655 35402.5 1070190
8d4c 0.331727 319269 35741.5 1070190
8h4c 0.331727 319269 35741.5 1070190
8d4h 0.331725 319257 35751.5 1070190
8h4d 0.331725 319257 35751.5 1070190
8c4d 0.331673 319202 35751.5 1070190
8c4h 0.331673 319202 35751.5 1070190
8s4c 0.331309 318942 35622 1070190
8s4d 0.331308 318930 35632 1070190
8s4h 0.331308 318930 35632 1070190
8d4s 0.331171 318705 35711 1070190
8h4s 0.331171 318705 35711 1070190
8c4s 0.33112 318650 35711 1070190
8s4s 0.330754 318378 35591.5 1070190
8d3c 0.330129 317559 35741.5 1070190
8h3c 0.330129 317559 35741.5 1070190
8h3d 0.330127 317547 35751.5 1070190
8d3h 0.330127 317547 35751.5 1070190
8c3h 0.330076 317492 35751.5 1070190
8c3d 0.330076 317492 35751.5 1070190
8s3c 0.329712 317232 35622 1070190
8s3h 0.32971 317220 35632 1070190
8s3d 0.32971 317220 35632 1070190
8h3s 0.329573 316995 35711 1070190
8d3s 0.329573 316995 35711 1070190
8c3s 0.329522 316940 35711 1070190
8s3s 0.329156 316668 35591.5 1070190
8d2c 0.328354 315660 35741.5 1070190
8h2c 0.328354 315660 35741.5 1070190
8d2h 0.328352 315648 35751.5 1070190
8h2d 0.328352 315648 35751.5 1070190
8c2d 0.328301 315593 35751.5 1070190
8c2h 0.328301 315593 35751.5 1070190
Qh5d 0.328079 323067 28039.5 1070190
Qh5c 0.328079 323067 28039.5 1070190
Qd5c 0.328079 323067 28039.5 1070190
Qd5h 0.328079 323067 28039.5 1070190
Qc5h 0.328076 323067 28036.5 1070190
Qc5d 0.328076 323067 28036.5 1070190
8s2c 0.327937 315333 35622 1070190
8s2d 0.327935 315321 35632 1070190
8s2h 0.327935 315321 35632 1070190
8h2s 0.327796 315093 35711 1070190
8d2s 0.327796 315093 35711 1070190
8c2s 0.327745 315038 35711 1070190
Qs5d 0.327543 322586 27947.5 1070190
Qs5c 0.327543 322586 27947.5 1070190
Qs5h 0.327543 322586 27947.5 1070190
Qd5s 0.327505 322479 28013.5 1070190
Qh5s 0.327505 322479 28013.5 1070190
Qc5s 0.327502 322479 28010.5 1070190
8s2s 0.327379 314766 35591.5 1070190
Qs5s 0.32697 321998 27921.5 1070190
Qd4h 0.326058 320715 28229.5 1070190
Qd4c 0.326058 320715 28229.5 1070190
Qh4d 0.326058 320715 28229.5 1070190
Qh4c 0.326058 320715 28229.5 1070190
Qc4h 0.326056 320715 28226.5 1070190
Qc4d 0.326056 320715 28226.5 1070190
Qs4c 0.325525 320237 28136.5 1070190
Qs4d 0.325525 320237 28136.5 1070190
Qs4h 0.325525 320237 28136.5 1070190
Qh4s 0.325485 320127 28203.5 1070190
Qd4s 0.325485 320127 28203.5 1070190
Qc4s 0.325482 320127 28200.5 1070190
Qs4s 0.324951 319649 28110.5 1070190
Qh3d 0.324393 318933 28229.5 1070190
Qh3c 0.324393 318933 28229.5 1070190
Qd3h 0.324393 318933 28229.5 1070190
Qd3c 0.324393 318933 28229.5 1070190
Qc3h 0.324391 318933 28226.5 1070190
Qc3d 0.324391 318933 28226.5 1070190
Qs3c 0.32386 318455 28136.5 1070190
Qs3d 0.32386 318455 28136.5 1070190
Qs3h 0.32386 318455 28136.5 1070190
Qd3s 0.32382 318345 28203.5 1070190
Qh3s 0.32382 318345 28203.5 1070190
Qc3s 0.323817 318345 28200.5 1070190
Jd5d 0.32375 325270 21204 1070190
Jh5h 0.32375 325270 21204 1070190
Jc5c 0.323701 325189 21232.5 1070190
Qs3s 0.323286 317867 28110.5 1070190
Qh2d 0.322375 316773 28229.5 1070190
Qd2c 0.322375 316773 28229.5 1070190
Qh2c 0.322375 316773 28229.5 1070190
Qd2h 0.322375 316773 28229.5 1070190
Qc2d 0.322372 316773 28226.5 1070190
Qc2h 0.322372 316773 28226.5 1070190
Qs2h 0.321841 316295 28136.5 1070190
Qs2d 0.321841 316295 28136.5 1070190
Qs2c 0.321841 316295 28136.5 1070190
Qh2s 0.321796 316179 28203.5 1070190
Qd2s 0.321796 316179 28203.5 1070190
Qc2s 0.321793 316179 28200.5 1070190
Jh4h 0.321752 322954 21382 1070190
Jd4d 0.321747 322948 21382 1070190
Jc4c 0.321698 322867 21410.5 1070190
Qs2s 0.321262 315701 28110.5 1070190
Jh3h 0.320087 321172 21382 1070190
Jd3d 0.320081 321166 21382 1070190
Jc3c 0.320027 321079 21410.5 1070190
7h2h 0.319716 308728 33429 1070190
7d2d 0.319716 308728 33429 1070190
7c2c 0.319476 308131 33768.5 1070190
Jh2h 0.318119 319066 21382 1070190
Jd2d 0.318114 319060 21382 1070190
Jc2c 0.318053 318967 21410.5 1070190
7h5d 0.308671 295347 34989.5 1070190
7d5h 0.308671 295347 34989.5 1070190
7d5c 0.308668 295354 34979.5 1070190
7h5c 0.308668 295354 34979.5 1070190
7c5d 0.308618 295290 34989.5 1070190
7c5h 0.308618 295290 34989.5 1070190
7s5h 0.308233 294995 34873 1070190
7s5d 0.308233 294995 34873 1070190
7s5c 0.30823 295002 34863 1070190
7h5s 0.308143 294823 34949 1070190
7d5s 0.308143 294823 34949 1070190
7c5s 0.30809 294766 34949 1070190
7s5s 0.307706 294471 34832.5 1070190
7h4d 0.306807 293257 35084.5 1070190
7d4h 0.306807 293257 35084.5 1070190
7h4c 0.306804 293264 35074.5 1070190
7d4c 0.306804 293264 35074.5 1070190
7c4d 0.306753 293200 35084.5 1070190
7c4h 0.306753 293200 35084.5 1070190
7s4d 0.30637 292907 34967.5 1070190
7s4h 0.30637 292907 34967.5 1070190
7s4c 0.306368 292914 34957.5 1070190
7h4s 0.306279 292733 35044 1070190
7d4s 0.306279 292733 35044 1070190
7c4s 0.306226 292676 35044 1070190
7s4s 0.305843 292383 34927 1070190
7h3d 0.305209 291547 35084.5 1070190
7d3h 0.305209 291547 35084.5 1070190
7h3c 0.305206 291554 35074.5 1070190
7d3c 0.305206 291554 35074.5 1070190
7c3d 0.305156 291490 35084.5 1070190
7c3h 0.305156 291490 35084.5 1070190
7s3d 0.304773 291197 34967.5 1070190
7s3h 0.304773 291197 34967.5 1070190
7s3c 0.30477 291204 34957.5 1070190
7h3s 0.304681 291023 35044 1070190
7d3s 0.304681 291023 35044 1070190
7c3s 0.304628 290966 35044 1070190
7s3s 0.304245 290673 34927 1070190
Jd5h 0.291302 289456 22293 1070190
Jd5c 0.291302 289456 22293 1070190
Jh5d 0.291302 289456 22293 1070190
Jh5c 0.291302 289456 22293 1070190
Jc5h 0.2913 289456 22290 1070190
Jc5d 0.2913 289456 22290 1070190
Js5c 0.290768 288975 22201.5 1070190
Js5d 0.290768 288975 22201.5 1070190
Js5h 0.290768 288975 22201.5 1070190
Jd5s 0.290757 288895 22270.5 1070190
Jh5s 0.290757 288895 22270.5 1070190
Jc5s 0.290754 288895 22267.5 1070190
Js5s 0.290222 288414 22179 1070190
Jd4h 0.289282 287104 22483 1070190
Jd4c 0.289282 287104 22483 1070190
Jh4c 0.289282 287104 22483 1070190
Jh4d 0.289282 287104 22483 1070190
Jc4d 0.289279 287104 22480 1070190
Jc4h 0.289279 287104 22480 1070190
7d2h 0.289277 274592 34989.5 1070190
7h2d 0.289277 274592 34989.5 1070190
7d2c 0.289274 274599 34979.5 1070190
7h2c 0.289274 274599 34979.5 1070190
7c2h 0.289224 274535 34989.5 1070190
7c2d 0.289224 274535 34989.5 1070190
7s2d 0.288846 274247 34873 1070190
7s2h 0.288846 274247 34873 1070190
7s2c 0.288843 274254 34863 1070190
7h2s 0.288752 274071 34949 1070190
7d2s 0.288752 274071 34949 1070190
Js4h 0.288749 286626 22390.5 1070190
Js4d 0.288749 286626 22390.5 1070190
Js4c 0.288749 286626 22390.5 1070190
Jd4s 0.288737 286543 22460.5 1070190
Jh4s 0.288737 286543 22460.5 1070190
Jc4s 0.288734 286543 22457.5 1070190
7c2s 0.288699 274014 34949 1070190
7s2s 0.288321 273726 34832.5 1070190
Js4s 0.288204 286065 22368 1070190
Jd3h 0.287617 285322 22483 1070190
Jd3c 0.287617 285322 22483 1070190
Jh3d 0.287617 285322 22483 1070190
Jh3c 0.287617 285322 22483 1070190
Jc3h 0.287614 285322 22480 1070190
Jc3d 0.287614 285322 22480 1070190
Js3h 0.287084 284844 22390.5 1070190
Js3d 0.287084 284844 22390.5 1070190
Js3c 0.287084 284844 22390.5 1070190
Jd3s 0.287072 284761 22460.5 1070190
Jh3s 0.287072 284761 22460.5 1070190
Jc3s 0.287069 284761 22457.5 1070190
Js3s 0.286539 284283 22368 1070190
Jh2d 0.285599 283162 22483 1070190
Jd2c 0.285599 283162 22483 1070190
Jd2h 0.285599 283162 22483 1070190
Jh2c 0.285599 283162 22483 1070190
Jc2d 0.285596 283162 22480 1070190
Jc2h 0.285596 283162 22480 1070190
Js2c 0.285066 282684 22390.5 1070190
Js2d 0.285066 282684 22390.5 1070190
Js2h 0.285066 282684 22390.5 1070190
Jh2s 0.285048 282595 22460.5 1070190
Jd2s 0.285048 282595 22460.5 1070190
Jc2s 0.285045 282595 22457.5 1070190
Js2s 0.284515 282117 22368 1070190
5c4c 0.209603 189898 34417 1070190
5h4h 0.209303 189816 34178 1070190
5d4d 0.209303 189816 34178 1070190
5c3c 0.207914 188090 34417 1070190
5h3h 0.207638 188034 34178 1070190
5d3d 0.207638 188034 34178 1070190
4c3c 0.203554 183513 34328 1070190
4d3d 0.203279 183458 34089 1070190
4h3h 0.203279 183458 34089 1070190
5c2c 0.194968 174325 34328 1070190
5h2h 0.194719 174297 34089 1070190
5d2d 0.194719 174297 34089 1070190
4c2c 0.190609 169571 34417 1070190
4d2d 0.19036 169543 34178 1070190
4h2h 0.19036 169543 34178 1070190
3c2c 0.188943 167788 34417 1070190
3h2h 0.188695 167761 34178 1070190
3d2d 0.188695 167761 34178 1070190
5h4d 0.17307 149200 36017.5 1070190
5d4h 0.17307 149200 36017.5 1070190
5c4h 0.173065 149200 36012.5 1070190
5c4d 0.173065 149200 36012.5 1070190
5d4c 0.173065 149200 36012.5 1070190
5h4c 0.173065 149200 36012.5 1070190
5s4d 0.172648 148814 35952 1070190
5s4h 0.172648 148814 35952 1070190
5s4c 0.172643 148814 35947 1070190
5h4s 0.172641 148799 35959.5 1070190
5d4s 0.172641 148799 35959.5 1070190
5c4s 0.172636 148799 35954.5 1070190
5s4s 0.172219 148413 35894 1070190
5h3d 0.171405 147418 36017.5 1070190
5d3h 0.171405 147418 36017.5 1070190
5c3h 0.1714 147418 36012.5 1070190
5h3c 0.1714 147418 36012.5 1070190
5c3d 0.1714 147418 36012.5 1070190
5d3c 0.1714 147418 36012.5 1070190
5s3h 0.170983 147032 35952 1070190
5s3d 0.170983 147032 35952 1070190
5s3c 0.170978 147032 35947 1070190
5h3s 0.170976 147017 35959.5 1070190
5d3s 0.170976 147017 35959.5 1070190
5c3s 0.170971 147017 35954.5 1070190
5s3s 0.170554 146631 35894 1070190
4h3d 0.166898 142690 35922.5 1070190
4d3h 0.166898 142690 35922.5 1070190
4d3c 0.166893 142690 35917.5 1070190
4c3h 0.166893 142690 35917.5 1070190
4c3d 0.166893 142690 35917.5 1070190
4h3c 0.166893 142690 35917.5 1070190
4d3s 0.16648 142304 35861 1070190
4h3s 0.16648 142304 35861 1070190
4s3h 0.16648 142304 35861 1070190
4s3d 0.16648 142304 35861 1070190
4c3s 0.166475 142304 35856 1070190
4s3c 0.166475 142304 35856 1070190
4s3s 0.166062 141918 35799.5 1070190
5d2h 0.157746 132896 35922.5 1070190
5h2d 0.157746 132896 35922.5 1070190
5h2c 0.157742 132896 35917.5 1070190
5d2c 0.157742 132896 35917.5 1070190
5c2h 0.157742 132896 35917.5 1070190
5c2d 0.157742 132896 35917.5 1070190
5s2h 0.15733 132516 35857.5 1070190
5s2d 0.15733 132516 35857.5 1070190
5s2c 0.157326 132516 35852.5 1070190
5d2s 0.157318 132496 35864.5 1070190
5h2s 0.157318 132496 35864.5 1070190
5c2s 0.157314 132496 35859.5 1070190
5s2s 0.156903 132116 35799.5 1070190
4h2d 0.15324 127978 36017.5 1070190
4d2h 0.15324 127978 36017.5 1070190
4h2c 0.153235 127978 36012.5 1070190
4c2d 0.153235 127978 36012.5 1070190
4c2h 0.153235 127978 36012.5 1070190
4d2c 0.153235 127978 36012.5 1070190
4s2d 0.152827 127598 35956 1070190
4s2h 0.152827 127598 35956 1070190
4h2s 0.152823 127594 35955.5 1070190
4d2s 0.152823 127594 35955.5 1070190
4s2c 0.152822 127598 35951 1070190
4c2s 0.152818 127594 35950.5 1070190
4s2s 0.15241 127214 35894 1070190
3d2h 0.151574 126196 36017.5 1070190
3h2d 0.151574 126196 36017.5 1070190
3d2c 0.15157 126196 36012.5 1070190
3c2h 0.15157 126196 36012.5 1070190
3c2d 0.15157 126196 36012.5 1070190
3h2c 0.15157 126196 36012.5 1070190
3s2d 0.151162 125816 35956 1070190
3s2h 0.151162 125816 35956 1070190
3d2s 0.151158 125812 35955.5 1070190
3h2s 0.151158 125812 35955.5 1070190
3s2c 0.151157 125816 35951 1070190
3c2s 0.151153 125812 35950.5 1070190
3s2s 0.150745 125432 35894 1070190
