AcTc 0.982957 1051951 0 1070190
AcKc 0.982833 1051818 0 1070190
Ac9c 0.982648 1051620 0 1070190
Ac8c 0.982448 1051406 0 1070190
Ac5c 0.982218 1051160 0 1070190
Ac4c 0.982213 1051154 0 1070190
Ac7c 0.982213 1051154 0 1070190
Ac3c 0.982207 1051148 0 1070190
Ac2c 0.982201 1051142 0 1070190
KcTc 0.968189 1036146 0 1070190
Kc9c 0.967878 1035813 0 1070190
Kc8c 0.96576 1033547 0 1070190
Kc5c 0.965569 1033342 0 1070190
Kc4c 0.965563 1033336 0 1070190
Kc7c 0.965563 1033336 0 1070190
Kc3c 0.965558 1033330 0 1070190
Kc2c 0.965552 1033324 0 1070190
Tc9c 0.955803 1022891 0 1070190
Tc8c 0.953683 1020622 0 1070190
Tc5c 0.949843 1016513 0 1070190
Tc4c 0.949839 1016508 0 1070190
Tc7c 0.949838 1016507 0 1070190
Tc3c 0.949833 1016502 0 1070190
Tc2c 0.949828 1016496 0 1070190
9c8c 0.938597 1004477 0 1070190
9c5c 0.934838 1000454 0 1070190
9c7c 0.934832 1000448 0 1070190
9c4c 0.934717 1000325 0 1070190
9c3c 0.934712 1000319 0 1070190
9c2c 0.934706 1000313 0 1070190
8c5c 0.920796 985427 0 1070190
8c7c 0.920792 985422 0 1070190
8c4c 0.920677 985299 0 1070190
8c3c 0.920518 985129 0 1070190
8c2c 0.920512 985123 0 1070190
7c5c 0.907677 971387 0 1070190
7c4c 0.907598 971302 0 1070190
7c3c 0.90744 971133 0 1070190
7c2c 0.907244 970923 0 1070190
AhAc 0.893877 955916 702 1070190
AdAc 0.893877 955916 702 1070190
AsAc 0.893877 955916 702 1070190
AcQs 0.890517 950108 2914.5 1070190
AcQh 0.890517 950108 2914.5 1070190
AcQd 0.890517 950108 2914.5 1070190
5c4c 0.890158 946898 5740 1070190
5c3c 0.889617 945909 6150 1070190
5c2c 0.889421 945699 6150 1070190
4c3c 0.87697 930425 8100 1070190
4c2c 0.876411 929436 8490 1070190
KcQs 0.875132 932541 4017 1070190
KcQd 0.875132 932541 4017 1070190
KcQh 0.875132 932541 4017 1070190
KhKc 0.874252 934563 1053 1070190
KdKc 0.874252 934563 1053 1070190
KsKc 0.874252 934563 1053 1070190
3c2c 0.864639 914615 10712.5 1070190
AcJd 0.850483 906962 3216 1070190
AcJs 0.850483 906962 3216 1070190
AcJh 0.850483 906962 3216 1070190
QhTc 0.848646 900363 7849.5 1070190
QdTc 0.848646 900363 7849.5 1070190
QsTc 0.848646 900363 7849.5 1070190
KcJs 0.835577 889908 4318.5 1070190
KcJh 0.835577 889908 4318.5 1070190
KcJd 0.835577 889908 4318.5 1070190
QsQd 0.834147 875805 16891 1070190
QsQh 0.834147 875805 16891 1070190
QhQd 0.834147 875805 16891 1070190
JsJd 0.829352 870609 16955.5 1070190
JsJh 0.829352 870609 16955.5 1070190
JhJd 0.829352 870609 16955.5 1070190
Qh9c 0.828931 879080 8034 1070190
Qd9c 0.828931 879080 8034 1070190
Qs9c 0.828931 879080 8034 1070190
6s6h 0.82188 862557 17011 1070190
6s6d 0.82188 862557 17011 1070190
6h6d 0.82188 862557 17011 1070190
Qh8c 0.810581 859143 8332.5 1070190
Qs8c 0.810581 859143 8332.5 1070190
Qd8c 0.810581 859143 8332.5 1070190
JdTc 0.807989 856884 7818 1070190
JsTc 0.807989 856884 7818 1070190
JhTc 0.807989 856884 7818 1070190
Qh7c 0.793062 839964 8763 1070190
Qs7c 0.793062 839964 8763 1070190
Qd7c 0.793062 839964 8763 1070190
Js9c 0.787694 834980 8002.5 1070190
Jd9c 0.787694 834980 8002.5 1070190
Jh9c 0.787694 834980 8002.5 1070190
QsJs 0.774465 809466 19359 1070190
QdJd 0.774465 809466 19359 1070190
QsJd 0.774465 809466 19359 1070190
QsJh 0.774465 809466 19359 1070190
QhJs 0.774465 809466 19359 1070190
QdJh 0.774465 809466 19359 1070190
QdJs 0.774465 809466 19359 1070190
QhJh 0.774465 809466 19359 1070190
QhJd 0.774465 809466 19359 1070190
Ac6d 0.772049 822263 3976.5 1070190
Ac6h 0.772049 822263 3976.5 1070190
Ac6s 0.772049 822263 3976.5 1070190
Qd5c 0.770168 806523 17703 1070190
Qs5c 0.770168 806523 17703 1070190
Qh5c 0.770168 806523 17703 1070190
Jh8c 0.768864 814530 8301 1070190
Js8c 0.768864 814530 8301 1070190
Jd8c 0.768864 814530 8301 1070190
Qs6d 0.759799 790479 22650 1070190
Qd6s 0.759799 790479 22650 1070190
Qd6h 0.759799 790479 22650 1070190
Qh6d 0.759799 790479 22650 1070190
Qd6d 0.759799 790479 22650 1070190
Qh6s 0.759799 790479 22650 1070190
Qh6h 0.759799 790479 22650 1070190
Qs6h 0.759799 790479 22650 1070190
Qs6s 0.759799 790479 22650 1070190
Kc6h 0.757573 805749 4998 1070190
Kc6s 0.757573 805749 4998 1070190
Kc6d 0.757573 805749 4998 1070190
TdTc 0.757405 808884 1683 1070190
ThTc 0.757405 808884 1683 1070190
TsTc 0.757405 808884 1683 1070190
Qs4c 0.75624 789206 20115 1070190
Qd4c 0.75624 789206 20115 1070190
Qh4c 0.75624 789206 20115 1070190
Js7c 0.750967 794946 8731.5 1070190
Jh7c 0.750967 794946 8731.5 1070190
Jd7c 0.750967 794946 8731.5 1070190
Qh3c 0.742683 772104 22708 1070190
Qs3c 0.742683 772104 22708 1070190
Qd3c 0.742683 772104 22708 1070190
Jd6h 0.740822 770091 22729.5 1070190
Jd6d 0.740822 770091 22729.5 1070190
Jd6s 0.740822 770091 22729.5 1070190
Js6h 0.740822 770091 22729.5 1070190
Jh6s 0.740822 770091 22729.5 1070190
Jh6h 0.740822 770091 22729.5 1070190
Js6s 0.740822 770091 22729.5 1070190
Js6d 0.740822 770091 22729.5 1070190
Jh6d 0.740822 770091 22729.5 1070190
AcKs 0.738527 785252 5112 1070190
AcKh 0.738527 785252 5112 1070190
AcKd 0.738527 785252 5112 1070190
Tc6d 0.731231 769302 13254 1070190
Tc6h 0.731231 769302 13254 1070190
Tc6s 0.731231 769302 13254 1070190
Qh2c 0.729419 755097 25519.5 1070190
Qd2c 0.729419 755097 25519.5 1070190
Qs2c 0.729419 755097 25519.5 1070190
Js5c 0.728073 761505 17671.5 1070190
Jh5c 0.728073 761505 17671.5 1070190
Jd5c 0.728073 761505 17671.5 1070190
9h9c 0.727227 777011 1260 1070190
9d9c 0.727227 777011 1260 1070190
9s9c 0.727227 777011 1260 1070190
AsKc 0.724357 770196 5004 1070190
AhKc 0.724357 770196 5004 1070190
AdKc 0.724357 770196 5004 1070190
AcTd 0.723074 763979 9847.5 1070190
AcTh 0.723074 763979 9847.5 1070190
AcTs 0.723074 763979 9847.5 1070190
KcTd 0.719062 759933 9600 1070190
KcTh 0.719062 759933 9600 1070190
KcTs 0.719062 759933 9600 1070190
Js4c 0.714146 744188 20083.5 1070190
Jh4c 0.714146 744188 20083.5 1070190
Jd4c 0.714146 744188 20083.5 1070190
AsAh 0.713889 746339 17657.5 1070190
AhAd 0.713889 746339 17657.5 1070190
AsAd 0.713889 746339 17657.5 1070190
9c6s 0.710423 746525 13762.5 1070190
9c6h 0.710423 746525 13762.5 1070190
9c6d 0.710423 746525 13762.5 1070190
AhQs 0.707288 736343 20590 1070190
AdQd 0.707288 736343 20590 1070190
AdQh 0.707288 736343 20590 1070190
AdQs 0.707288 736343 20590 1070190
AsQd 0.707288 736343 20590 1070190
AsQh 0.707288 736343 20590 1070190
AsQs 0.707288 736343 20590 1070190
AhQd 0.707288 736343 20590 1070190
AhQh 0.707288 736343 20590 1070190
KhKd 0.707194 738763 18068.5 1070190
KsKh 0.707194 738763 18068.5 1070190
KsKd 0.707194 738763 18068.5 1070190
KhQs 0.706277 733864 21986.5 1070190
KhQh 0.706277 733864 21986.5 1070190
KsQd 0.706277 733864 21986.5 1070190
KdQd 0.706277 733864 21986.5 1070190
KsQs 0.706277 733864 21986.5 1070190
KdQh 0.706277 733864 21986.5 1070190
KhQd 0.706277 733864 21986.5 1070190
KdQs 0.706277 733864 21986.5 1070190
KsQh 0.706277 733864 21986.5 1070190
KdTc 0.701364 741708 8884.5 1070190
KsTc 0.701364 741708 8884.5 1070190
KhTc 0.701364 741708 8884.5 1070190
Js3c 0.700588 727086 22676.5 1070190
Jh3c 0.700588 727086 22676.5 1070190
Jd3c 0.700588 727086 22676.5 1070190
8s8c 0.697598 745689 873 1070190
8h8c 0.697598 745689 873 1070190
8d8c 0.697598 745689 873 1070190
8c6h 0.691206 725649 14073 1070190
8c6d 0.691206 725649 14073 1070190
8c6s 0.691206 725649 14073 1070190
AdTc 0.690814 730188 9114 1070190
AsTc 0.690814 730188 9114 1070190
AhTc 0.690814 730188 9114 1070190
QhTs 0.689906 711234 27097 1070190
QsTs 0.689906 711234 27097 1070190
QsTd 0.689906 711234 27097 1070190
QhTh 0.689906 711234 27097 1070190
QhTd 0.689906 711234 27097 1070190
QdTs 0.689906 711234 27097 1070190
QdTh 0.689906 711234 27097 1070190
QsTh 0.689906 711234 27097 1070190
QdTd 0.689906 711234 27097 1070190
Jh2c 0.687324 710079 25488 1070190
Js2c 0.687324 710079 25488 1070190
Jd2c 0.687324 710079 25488 1070190
Qs9d 0.678997 699220 27436 1070190
Qs9h 0.678997 699220 27436 1070190
Qs9s 0.678997 699220 27436 1070190
Qh9h 0.678997 699220 27436 1070190
Qh9d 0.678997 699220 27436 1070190
Qh9s 0.678997 699220 27436 1070190
Qd9d 0.678997 699220 27436 1070190
Qd9h 0.678997 699220 27436 1070190
Qd9s 0.678997 699220 27436 1070190
7c6s 0.673393 706599 14059.5 1070190
7c6h 0.673393 706599 14059.5 1070190
7c6d 0.673393 706599 14059.5 1070190
Qs8s 0.669819 688889 27944.5 1070190
Qs8h 0.669819 688889 27944.5 1070190
Qs8d 0.669819 688889 27944.5 1070190
Qh8d 0.669819 688889 27944.5 1070190
Qh8h 0.669819 688889 27944.5 1070190
Qd8s 0.669819 688889 27944.5 1070190
Qh8s 0.669819 688889 27944.5 1070190
Qd8h 0.669819 688889 27944.5 1070190
Qd8d 0.669819 688889 27944.5 1070190
Ac9d 0.669127 704432 11661 1070190
Ac9h 0.669127 704432 11661 1070190
Ac9s 0.669127 704432 11661 1070190
7h7c 0.668051 714456 486 1070190
7s7c 0.668051 714456 486 1070190
7d7c 0.668051 714456 486 1070190
Kc9d 0.665796 701979 10549.5 1070190
Kc9h 0.665796 701979 10549.5 1070190
Kc9s 0.665796 701979 10549.5 1070190
Ac8d 0.662671 696533 12651 1070190
Ac8s 0.662671 696533 12651 1070190
Ac8h 0.662671 696533 12651 1070190
Qs7s 0.661426 679188 28663 1070190
Qs7h 0.661426 679188 28663 1070190
Qd7s 0.661426 679188 28663 1070190
Qs7d 0.661426 679188 28663 1070190
Qd7d 0.661426 679188 28663 1070190
Qd7h 0.661426 679188 28663 1070190
Qh7s 0.661426 679188 28663 1070190
Qh7h 0.661426 679188 28663 1070190
Qh7d 0.661426 679188 28663 1070190
Tc9s 0.657957 688794 15345 1070190
Tc9h 0.657957 688794 15345 1070190
Tc9d 0.657957 688794 15345 1070190
Qh5s 0.655037 668481 32533 1070190
Qs5h 0.655037 668481 32533 1070190
Qs5d 0.655037 668481 32533 1070190
Qd5d 0.655037 668481 32533 1070190
Qd5h 0.655037 668481 32533 1070190
Qd5s 0.655037 668481 32533 1070190
Qs5s 0.655037 668481 32533 1070190
Qh5d 0.655037 668481 32533 1070190
Qh5h 0.655037 668481 32533 1070190
Qd4s 0.654476 667773 32641 1070190
Qd4h 0.654476 667773 32641 1070190
Qd4d 0.654476 667773 32641 1070190
Qh4d 0.654476 667773 32641 1070190
Qh4h 0.654476 667773 32641 1070190
Qh4s 0.654476 667773 32641 1070190
Qs4s 0.654476 667773 32641 1070190
Qs4h 0.654476 667773 32641 1070190
Qs4d 0.654476 667773 32641 1070190
Qs3d 0.654117 667389 32641 1070190
Qd3d 0.654117 667389 32641 1070190
Qh3s 0.654117 667389 32641 1070190
Qh3h 0.654117 667389 32641 1070190
Qh3d 0.654117 667389 32641 1070190
Qd3h 0.654117 667389 32641 1070190
Qs3h 0.654117 667389 32641 1070190
Qd3s 0.654117 667389 32641 1070190
Qs3s 0.654117 667389 32641 1070190
Qs2h 0.653759 667005 32641 1070190
Qd2s 0.653759 667005 32641 1070190
Qd2d 0.653759 667005 32641 1070190
Qh2d 0.653759 667005 32641 1070190
Qh2h 0.653759 667005 32641 1070190
Qh2s 0.653759 667005 32641 1070190
Qd2h 0.653759 667005 32641 1070190
Qs2s 0.653759 667005 32641 1070190
Qs2d 0.653759 667005 32641 1070190
Ac7h 0.652298 684446 13636.5 1070190
Ac7s 0.652298 684446 13636.5 1070190
Ac7d 0.652298 684446 13636.5 1070190
AdJs 0.649591 674342 20843.5 1070190
AdJh 0.649591 674342 20843.5 1070190
AdJd 0.649591 674342 20843.5 1070190
AsJs 0.649591 674342 20843.5 1070190
AsJh 0.649591 674342 20843.5 1070190
AsJd 0.649591 674342 20843.5 1070190
AhJd 0.649591 674342 20843.5 1070190
AhJh 0.649591 674342 20843.5 1070190
AhJs 0.649591 674342 20843.5 1070190
KdJs 0.649294 672628 22240 1070190
KdJd 0.649294 672628 22240 1070190
KhJd 0.649294 672628 22240 1070190
KhJh 0.649294 672628 22240 1070190
KhJs 0.649294 672628 22240 1070190
KdJh 0.649294 672628 22240 1070190
KsJd 0.649294 672628 22240 1070190
KsJh 0.649294 672628 22240 1070190
KsJs 0.649294 672628 22240 1070190
Td9c 0.646121 676421 15051 1070190
Ts9c 0.646121 676421 15051 1070190
Th9c 0.646121 676421 15051 1070190
6s5c 0.645502 670101 20709 1070190
6d5c 0.645502 670101 20709 1070190
6h5c 0.645502 670101 20709 1070190
Ac5d 0.640555 668315 17200.5 1070190
Ac5h 0.640555 668315 17200.5 1070190
Ac5s 0.640555 668315 17200.5 1070190
Ac4d 0.639308 666872 17308.5 1070190
Ac4h 0.639308 666872 17308.5 1070190
Ac4s 0.639308 666872 17308.5 1070190
Ac3d 0.638262 665753 17308.5 1070190
Ac3h 0.638262 665753 17308.5 1070190
Ac3s 0.638262 665753 17308.5 1070190
Ac2s 0.637216 664634 17308.5 1070190
Ac2h 0.637216 664634 17308.5 1070190
Ac2d 0.637216 664634 17308.5 1070190
Kd9c 0.636052 671078 9618 1070190
Kh9c 0.636052 671078 9618 1070190
Ks9c 0.636052 671078 9618 1070190
JsTs 0.631942 649251 27047.5 1070190
JsTh 0.631942 649251 27047.5 1070190
JsTd 0.631942 649251 27047.5 1070190
JhTd 0.631942 649251 27047.5 1070190
JhTh 0.631942 649251 27047.5 1070190
JhTs 0.631942 649251 27047.5 1070190
JdTd 0.631942 649251 27047.5 1070190
JdTh 0.631942 649251 27047.5 1070190
JdTs 0.631942 649251 27047.5 1070190
6h4c 0.631575 652784 23121 1070190
6s4c 0.631575 652784 23121 1070190
6d4c 0.631575 652784 23121 1070190
As9c 0.624142 657383 10567.5 1070190
Ah9c 0.624142 657383 10567.5 1070190
Ad9c 0.624142 657383 10567.5 1070190
Jh9d 0.620167 636310 27386.5 1070190
Jh9h 0.620167 636310 27386.5 1070190
Jh9s 0.620167 636310 27386.5 1070190
Jd9s 0.620167 636310 27386.5 1070190
Js9d 0.620167 636310 27386.5 1070190
Jd9h 0.620167 636310 27386.5 1070190
Js9h 0.620167 636310 27386.5 1070190
Js9s 0.620167 636310 27386.5 1070190
Jd9d 0.620167 636310 27386.5 1070190
6h3c 0.618017 635682 25714 1070190
6d3c 0.618017 635682 25714 1070190
6s3c 0.618017 635682 25714 1070190
Kc8s 0.61094 641589 12232.5 1070190
Kc8h 0.61094 641589 12232.5 1070190
Kc8d 0.61094 641589 12232.5 1070190
Jh8s 0.610274 625214 27895 1070190
Jh8h 0.610274 625214 27895 1070190
Jh8d 0.610274 625214 27895 1070190
Js8d 0.610274 625214 27895 1070190
Js8h 0.610274 625214 27895 1070190
Js8s 0.610274 625214 27895 1070190
Jd8d 0.610274 625214 27895 1070190
Jd8s 0.610274 625214 27895 1070190
Jd8h 0.610274 625214 27895 1070190
Ad8c 0.605876 636987 11415 1070190
Ah8c 0.605876 636987 11415 1070190
As8c 0.605876 636987 11415 1070190
Kc7d 0.605465 634506 13456.5 1070190
Kc7h 0.605465 634506 13456.5 1070190
Kc7s 0.605465 634506 13456.5 1070190
6d2c 0.604753 618675 28525.5 1070190
6s2c 0.604753 618675 28525.5 1070190
6h2c 0.604753 618675 28525.5 1070190
Tc8d 0.601577 626256 17545.5 1070190
Tc8h 0.601577 626256 17545.5 1070190
Tc8s 0.601577 626256 17545.5 1070190
Jh7d 0.601317 614910 28613.5 1070190
Js7d 0.601317 614910 28613.5 1070190
Js7h 0.601317 614910 28613.5 1070190
Js7s 0.601317 614910 28613.5 1070190
Jh7s 0.601317 614910 28613.5 1070190
Jh7h 0.601317 614910 28613.5 1070190
Jd7h 0.601317 614910 28613.5 1070190
Jd7d 0.601317 614910 28613.5 1070190
Jd7s 0.601317 614910 28613.5 1070190
Jh5d 0.594928 604203 32483.5 1070190
Js5s 0.594928 604203 32483.5 1070190
Js5h 0.594928 604203 32483.5 1070190
Js5d 0.594928 604203 32483.5 1070190
Jd5s 0.594928 604203 32483.5 1070190
Jd5h 0.594928 604203 32483.5 1070190
Jh5s 0.594928 604203 32483.5 1070190
Jh5h 0.594928 604203 32483.5 1070190
Jd5d 0.594928 604203 32483.5 1070190
Jd4h 0.594368 603495 32591.5 1070190
Jd4s 0.594368 603495 32591.5 1070190
Jh4d 0.594368 603495 32591.5 1070190
Jh4h 0.594368 603495 32591.5 1070190
Jd4d 0.594368 603495 32591.5 1070190
Jh4s 0.594368 603495 32591.5 1070190
Js4d 0.594368 603495 32591.5 1070190
Js4h 0.594368 603495 32591.5 1070190
Js4s 0.594368 603495 32591.5 1070190
Jd3s 0.594009 603111 32591.5 1070190
Jd3h 0.594009 603111 32591.5 1070190
Jd3d 0.594009 603111 32591.5 1070190
Js3s 0.594009 603111 32591.5 1070190
Js3d 0.594009 603111 32591.5 1070190
Js3h 0.594009 603111 32591.5 1070190
Jh3d 0.594009 603111 32591.5 1070190
Jh3h 0.594009 603111 32591.5 1070190
Jh3s 0.594009 603111 32591.5 1070190
Kc5s 0.593722 618375 17020.5 1070190
Kc5h 0.593722 618375 17020.5 1070190
Kc5d 0.593722 618375 17020.5 1070190
Js2d 0.59365 602727 32591.5 1070190
Js2h 0.59365 602727 32591.5 1070190
Js2s 0.59365 602727 32591.5 1070190
Jd2d 0.59365 602727 32591.5 1070190
Jh2d 0.59365 602727 32591.5 1070190
Jh2s 0.59365 602727 32591.5 1070190
Jd2h 0.59365 602727 32591.5 1070190
Jd2s 0.59365 602727 32591.5 1070190
Jh2h 0.59365 602727 32591.5 1070190
Kc4d 0.592475 616932 17128.5 1070190
Kc4h 0.592475 616932 17128.5 1070190
Kc4s 0.592475 616932 17128.5 1070190
Kc3d 0.591429 615813 17128.5 1070190
Kc3h 0.591429 615813 17128.5 1070190
Kc3s 0.591429 615813 17128.5 1070190
Kc2s 0.590383 614694 17128.5 1070190
Kc2h 0.590383 614694 17128.5 1070190
Kc2d 0.590383 614694 17128.5 1070190
5d5c 0.58524 615771 10546.5 1070190
5h5c 0.58524 615771 10546.5 1070190
5s5c 0.58524 615771 10546.5 1070190
As7c 0.583887 612669 12201 1070190
Ah7c 0.583887 612669 12201 1070190
Ad7c 0.583887 612669 12201 1070190
Td8c 0.57791 601287 17187 1070190
Ts8c 0.57791 601287 17187 1070190
Th8c 0.57791 601287 17187 1070190
Kd8c 0.568371 597282 10983 1070190
Kh8c 0.568371 597282 10983 1070190
Ks8c 0.568371 597282 10983 1070190
TsTh 0.565173 586116 18727 1070190
TsTd 0.565173 586116 18727 1070190
ThTd 0.565173 586116 18727 1070190
9c8d 0.562563 585350 16699.5 1070190
9c8h 0.562563 585350 16699.5 1070190
9c8s 0.562563 585350 16699.5 1070190
4d4c 0.560489 586943 12886.5 1070190
4h4c 0.560489 586943 12886.5 1070190
4s4c 0.560489 586943 12886.5 1070190
As5c 0.551473 568671 21510 1070190
Ah5c 0.551473 568671 21510 1070190
Ad5c 0.551473 568671 21510 1070190
Ks7c 0.551243 577878 12057 1070190
Kd7c 0.551243 577878 12057 1070190
Kh7c 0.551243 577878 12057 1070190
9h8c 0.550835 573096 16402.5 1070190
9s8c 0.550835 573096 16402.5 1070190
9d8c 0.550835 573096 16402.5 1070190
Tc7s 0.541529 560292 19246.5 1070190
Tc7d 0.541529 560292 19246.5 1070190
Tc7h 0.541529 560292 19246.5 1070190
9h9d 0.540876 560596 18244 1070190
9s9h 0.540876 560596 18244 1070190
9s9d 0.540876 560596 18244 1070190
Kh6h 0.540684 555808 22826.5 1070190
Kd6s 0.540684 555808 22826.5 1070190
Kh6d 0.540684 555808 22826.5 1070190
Kd6d 0.540684 555808 22826.5 1070190
Ks6s 0.540684 555808 22826.5 1070190
Ks6h 0.540684 555808 22826.5 1070190
Ks6d 0.540684 555808 22826.5 1070190
Kd6h 0.540684 555808 22826.5 1070190
Kh6s 0.540684 555808 22826.5 1070190
Ad6d 0.539886 556265 21515.5 1070190
Ad6h 0.539886 556265 21515.5 1070190
Ad6s 0.539886 556265 21515.5 1070190
As6s 0.539886 556265 21515.5 1070190
As6d 0.539886 556265 21515.5 1070190
As6h 0.539886 556265 21515.5 1070190
Ah6s 0.539886 556265 21515.5 1070190
Ah6h 0.539886 556265 21515.5 1070190
Ah6d 0.539886 556265 21515.5 1070190
As4c 0.536326 550022 23949 1070190
Ah4c 0.536326 550022 23949 1070190
Ad4c 0.536326 550022 23949 1070190
3d3c 0.535974 558114 15479.5 1070190
3h3c 0.535974 558114 15479.5 1070190
3s3c 0.535974 558114 15479.5 1070190
Tc5s 0.529845 544287 22747.5 1070190
Tc5h 0.529845 544287 22747.5 1070190
Tc5d 0.529845 544287 22747.5 1070190
Tc4d 0.528631 542880 22855.5 1070190
Tc4s 0.528631 542880 22855.5 1070190
Tc4h 0.528631 542880 22855.5 1070190
Tc3d 0.527585 541761 22855.5 1070190
Tc3h 0.527585 541761 22855.5 1070190
Tc3s 0.527585 541761 22855.5 1070190
Tc2h 0.52654 540642 22855.5 1070190
Tc2d 0.52654 540642 22855.5 1070190
Tc2s 0.52654 540642 22855.5 1070190
Td6d 0.52625 528918 34270 1070190
Td6s 0.52625 528918 34270 1070190
Th6h 0.52625 528918 34270 1070190
Th6s 0.52625 528918 34270 1070190
Ts6d 0.52625 528918 34270 1070190
Ts6h 0.52625 528918 34270 1070190
Ts6s 0.52625 528918 34270 1070190
Th6d 0.52625 528918 34270 1070190
Td6h 0.52625 528918 34270 1070190
Ah3c 0.5216 531669 26542 1070190
Ad3c 0.5216 531669 26542 1070190
As3c 0.5216 531669 26542 1070190
Kh5c 0.518829 533880 21366 1070190
Ks5c 0.518829 533880 21366 1070190
Kd5c 0.518829 533880 21366 1070190
8s8h 0.517098 535592 17801.5 1070190
8s8d 0.517098 535592 17801.5 1070190
8h8d 0.517098 535592 17801.5 1070190
9h6d 0.514 514891 35186.5 1070190
9d6s 0.514 514891 35186.5 1070190
9h6h 0.514 514891 35186.5 1070190
9h6s 0.514 514891 35186.5 1070190
9d6h 0.514 514891 35186.5 1070190
9d6d 0.514 514891 35186.5 1070190
9s6d 0.514 514891 35186.5 1070190
9s6h 0.514 514891 35186.5 1070190
9s6s 0.514 514891 35186.5 1070190
2s2c 0.511751 529380 18291 1070190
2h2c 0.511751 529380 18291 1070190
2d2c 0.511751 529380 18291 1070190
As2c 0.507166 513411 29353.5 1070190
Ah2c 0.507166 513411 29353.5 1070190
Ad2c 0.507166 513411 29353.5 1070190
Ts7c 0.505855 522768 18592.5 1070190
Th7c 0.505855 522768 18592.5 1070190
Td7c 0.505855 522768 18592.5 1070190
8h6d 0.503814 503384 35792.5 1070190
8d6d 0.503814 503384 35792.5 1070190
8d6h 0.503814 503384 35792.5 1070190
8d6s 0.503814 503384 35792.5 1070190
8h6h 0.503814 503384 35792.5 1070190
8h6s 0.503814 503384 35792.5 1070190
8s6s 0.503814 503384 35792.5 1070190
8s6h 0.503814 503384 35792.5 1070190
8s6d 0.503814 503384 35792.5 1070190
Ks4c 0.503683 515231 23805 1070190
Kh4c 0.503683 515231 23805 1070190
Kd4c 0.503683 515231 23805 1070190
9c7d 0.503279 519104 19500 1070190
9c7h 0.503279 519104 19500 1070190
9c7s 0.503279 519104 19500 1070190
AdKs 0.502639 515631 22288.5 1070190
AhKs 0.502639 515631 22288.5 1070190
AhKh 0.502639 515631 22288.5 1070190
AdKd 0.502639 515631 22288.5 1070190
AhKd 0.502639 515631 22288.5 1070190
AdKh 0.502639 515631 22288.5 1070190
AsKd 0.502639 515631 22288.5 1070190
AsKs 0.502639 515631 22288.5 1070190
AsKh 0.502639 515631 22288.5 1070190
KsTh 0.501424 509443 27176 1070190
KhTd 0.501424 509443 27176 1070190
KhTh 0.501424 509443 27176 1070190
KhTs 0.501424 509443 27176 1070190
KdTd 0.501424 509443 27176 1070190
KdTh 0.501424 509443 27176 1070190
KdTs 0.501424 509443 27176 1070190
KsTs 0.501424 509443 27176 1070190
KsTd 0.501424 509443 27176 1070190
7h6s 0.495251 494100 35912.5 1070190
7d6d 0.495251 494100 35912.5 1070190
7d6h 0.495251 494100 35912.5 1070190
7d6s 0.495251 494100 35912.5 1070190
7h6d 0.495251 494100 35912.5 1070190
7h6h 0.495251 494100 35912.5 1070190
7s6d 0.495251 494100 35912.5 1070190
7s6s 0.495251 494100 35912.5 1070190
7s6h 0.495251 494100 35912.5 1070190
7s7h 0.493021 510267 17359 1070190
7s7d 0.493021 510267 17359 1070190
7h7d 0.493021 510267 17359 1070190
9c5d 0.491746 503423 22839 1070190
9c5h 0.491746 503423 22839 1070190
9c5s 0.491746 503423 22839 1070190
Kh3c 0.488956 496878 26398 1070190
Kd3c 0.488956 496878 26398 1070190
Ks3c 0.488956 496878 26398 1070190
9c4h 0.483569 494456 23055 1070190
9c4d 0.483569 494456 23055 1070190
9c4s 0.483569 494456 23055 1070190
9c3d 0.482524 493337 23055 1070190
9c3h 0.482524 493337 23055 1070190
9c3s 0.482524 493337 23055 1070190
AdTh 0.482398 488721 27537 1070190
AsTd 0.482398 488721 27537 1070190
AsTh 0.482398 488721 27537 1070190
AhTs 0.482398 488721 27537 1070190
AhTh 0.482398 488721 27537 1070190
AhTd 0.482398 488721 27537 1070190
AdTd 0.482398 488721 27537 1070190
AdTs 0.482398 488721 27537 1070190
AsTs 0.482398 488721 27537 1070190
6h5h 0.48205 479337 36548.5 1070190
6d5h 0.48205 479337 36548.5 1070190
6d5s 0.48205 479337 36548.5 1070190
6d5d 0.48205 479337 36548.5 1070190
6s5d 0.48205 479337 36548.5 1070190
6s5h 0.48205 479337 36548.5 1070190
6s5s 0.48205 479337 36548.5 1070190
6h5d 0.48205 479337 36548.5 1070190
6h5s 0.48205 479337 36548.5 1070190
6s4s 0.48149 478629 36656.5 1070190
6d4s 0.48149 478629 36656.5 1070190
6s4h 0.48149 478629 36656.5 1070190
6d4d 0.48149 478629 36656.5 1070190
6d4h 0.48149 478629 36656.5 1070190
6h4d 0.48149 478629 36656.5 1070190
6h4h 0.48149 478629 36656.5 1070190
6s4d 0.48149 478629 36656.5 1070190
6h4s 0.48149 478629 36656.5 1070190
9c2d 0.481478 492218 23055 1070190
9c2h 0.481478 492218 23055 1070190
9c2s 0.481478 492218 23055 1070190
6s3h 0.481131 478245 36656.5 1070190
6s3s 0.481131 478245 36656.5 1070190
6d3d 0.481131 478245 36656.5 1070190
6d3h 0.481131 478245 36656.5 1070190
6h3s 0.481131 478245 36656.5 1070190
6d3s 0.481131 478245 36656.5 1070190
6s3d 0.481131 478245 36656.5 1070190
6h3d 0.481131 478245 36656.5 1070190
6h3h 0.481131 478245 36656.5 1070190
6s2d 0.480772 477861 36656.5 1070190
6s2h 0.480772 477861 36656.5 1070190
6s2s 0.480772 477861 36656.5 1070190
6d2d 0.480772 477861 36656.5 1070190
6h2s 0.480772 477861 36656.5 1070190
6h2h 0.480772 477861 36656.5 1070190
6d2h 0.480772 477861 36656.5 1070190
6d2s 0.480772 477861 36656.5 1070190
6h2d 0.480772 477861 36656.5 1070190
9s7c 0.479668 494337 18999 1070190
9d7c 0.479668 494337 18999 1070190
9h7c 0.479668 494337 18999 1070190
Ks2c 0.474523 478620 29209.5 1070190
Kd2c 0.474523 478620 29209.5 1070190
Kh2c 0.474523 478620 29209.5 1070190
Ts5c 0.473516 478932 27820.5 1070190
Th5c 0.473516 478932 27820.5 1070190
Td5c 0.473516 478932 27820.5 1070190
8c7d 0.471296 485121 19255.5 1070190
8c7h 0.471296 485121 19255.5 1070190
8c7s 0.471296 485121 19255.5 1070190
8c5h 0.459738 469521 22486.5 1070190
8c5d 0.459738 469521 22486.5 1070190
8c5s 0.459738 469521 22486.5 1070190
8s7c 0.459694 473076 18883.5 1070190
8d7c 0.459694 473076 18883.5 1070190
8h7c 0.459694 473076 18883.5 1070190
Th4c 0.458395 460310 30259.5 1070190
Td4c 0.458395 460310 30259.5 1070190
Ts4c 0.458395 460310 30259.5 1070190
8c4d 0.451679 460680 22702.5 1070190
8c4s 0.451679 460680 22702.5 1070190
8c4h 0.451679 460680 22702.5 1070190
9h5c 0.447469 450798 28078.5 1070190
9s5c 0.447469 450798 28078.5 1070190
9d5c 0.447469 450798 28078.5 1070190
Ts9s 0.447099 444871 33609.5 1070190
Td9d 0.447099 444871 33609.5 1070190
Ts9d 0.447099 444871 33609.5 1070190
Td9h 0.447099 444871 33609.5 1070190
Td9s 0.447099 444871 33609.5 1070190
Ts9h 0.447099 444871 33609.5 1070190
Th9s 0.447099 444871 33609.5 1070190
Th9d 0.447099 444871 33609.5 1070190
Th9h 0.447099 444871 33609.5 1070190
Th3c 0.443668 441957 32852.5 1070190
Ts3c 0.443668 441957 32852.5 1070190
Td3c 0.443668 441957 32852.5 1070190
8c3s 0.443258 451668 22702.5 1070190
8c3h 0.443258 451668 22702.5 1070190
8c3d 0.443258 451668 22702.5 1070190
8c2h 0.442213 450549 22702.5 1070190
8c2s 0.442213 450549 22702.5 1070190
8c2d 0.442213 450549 22702.5 1070190
7c5s 0.432069 440877 21519 1070190
7c5h 0.432069 440877 21519 1070190
7c5d 0.432069 440877 21519 1070190
Th2c 0.429235 423699 35664 1070190
Td2c 0.429235 423699 35664 1070190
Ts2c 0.429235 423699 35664 1070190
Kh9d 0.428131 429921 28260 1070190
Kh9h 0.428131 429921 28260 1070190
Ks9s 0.428131 429921 28260 1070190
Ks9h 0.428131 429921 28260 1070190
Ks9d 0.428131 429921 28260 1070190
Kh9s 0.428131 429921 28260 1070190
Kd9h 0.428131 429921 28260 1070190
Kd9s 0.428131 429921 28260 1070190
Kd9d 0.428131 429921 28260 1070190
8d5c 0.427461 429600 27864 1070190
8h5c 0.427461 429600 27864 1070190
8s5c 0.427461 429600 27864 1070190
9d4c 0.425367 424607 30616.5 1070190
9h4c 0.425367 424607 30616.5 1070190
9s4c 0.425367 424607 30616.5 1070190
7c4d 0.425196 433359 21681 1070190
7c4h 0.425196 433359 21681 1070190
7c4s 0.425196 433359 21681 1070190
7c3h 0.416892 424473 21681 1070190
7c3s 0.416892 424473 21681 1070190
7c3d 0.416892 424473 21681 1070190
7s5c 0.41166 413511 27043.5 1070190
7h5c 0.41166 413511 27043.5 1070190
7d5c 0.41166 413511 27043.5 1070190
9d3c 0.410641 406254 33209.5 1070190
9h3c 0.410641 406254 33209.5 1070190
9s3c 0.410641 406254 33209.5 1070190
7c2h 0.408202 415227 21627 1070190
7c2s 0.408202 415227 21627 1070190
7c2d 0.408202 415227 21627 1070190
As9d 0.407972 407087 29521 1070190
Ad9d 0.407972 407087 29521 1070190
Ah9h 0.407972 407087 29521 1070190
Ah9d 0.407972 407087 29521 1070190
As9h 0.407972 407087 29521 1070190
Ad9h 0.407972 407087 29521 1070190
Ah9s 0.407972 407087 29521 1070190
Ad9s 0.407972 407087 29521 1070190
As9s 0.407972 407087 29521 1070190
5s5h 0.406146 413442 21211 1070190
5s5d 0.406146 413442 21211 1070190
5h5d 0.406146 413442 21211 1070190
8d4c 0.405493 403553 30402 1070190
8s4c 0.405493 403553 30402 1070190
8h4c 0.405493 403553 30402 1070190
Ah8d 0.400119 397595 30608.5 1070190
Ah8s 0.400119 397595 30608.5 1070190
Ad8d 0.400119 397595 30608.5 1070190
As8d 0.400119 397595 30608.5 1070190
Ad8h 0.400119 397595 30608.5 1070190
Ad8s 0.400119 397595 30608.5 1070190
As8h 0.400119 397595 30608.5 1070190
As8s 0.400119 397595 30608.5 1070190
Ah8h 0.400119 397595 30608.5 1070190
9h2c 0.396207 387996 36021 1070190
9s2c 0.396207 387996 36021 1070190
9d2c 0.396207 387996 36021 1070190
4h4d 0.391017 397251 21211 1070190
4s4d 0.391017 397251 21211 1070190
4s4h 0.391017 397251 21211 1070190
7d4c 0.390883 388787 29532 1070190
7s4c 0.390883 388787 29532 1070190
7h4c 0.390883 388787 29532 1070190
5c4s 0.386645 382773 31011 1070190
5c4h 0.386645 382773 31011 1070190
5c4d 0.386645 382773 31011 1070190
Ah7d 0.38641 381875 31657 1070190
Ad7d 0.38641 381875 31657 1070190
Ad7h 0.38641 381875 31657 1070190
Ad7s 0.38641 381875 31657 1070190
As7s 0.38641 381875 31657 1070190
Ah7h 0.38641 381875 31657 1070190
As7h 0.38641 381875 31657 1070190
As7d 0.38641 381875 31657 1070190
Ah7s 0.38641 381875 31657 1070190
8s3c 0.383367 377280 32995 1070190
8h3c 0.383367 377280 32995 1070190
8d3c 0.383367 377280 32995 1070190
5c3d 0.378237 373554 31231.5 1070190
5c3h 0.378237 373554 31231.5 1070190
5c3s 0.378237 373554 31231.5 1070190
3h3d 0.375887 381060 21211 1070190
3s3d 0.375887 381060 21211 1070190
3s3h 0.375887 381060 21211 1070190
5s4c 0.373092 366005 33274.5 1070190
5d4c 0.373092 366005 33274.5 1070190
5h4c 0.373092 366005 33274.5 1070190
Th8h 0.370608 360369 36252 1070190
Th8d 0.370608 360369 36252 1070190
Td8s 0.370608 360369 36252 1070190
Td8h 0.370608 360369 36252 1070190
Ts8s 0.370608 360369 36252 1070190
Td8d 0.370608 360369 36252 1070190
Ts8h 0.370608 360369 36252 1070190
Th8s 0.370608 360369 36252 1070190
Ts8d 0.370608 360369 36252 1070190
As5s 0.370319 360470 35842 1070190
Ah5d 0.370319 360470 35842 1070190
Ad5s 0.370319 360470 35842 1070190
Ah5s 0.370319 360470 35842 1070190
Ad5h 0.370319 360470 35842 1070190
Ah5h 0.370319 360470 35842 1070190
As5d 0.370319 360470 35842 1070190
Ad5d 0.370319 360470 35842 1070190
As5h 0.370319 360470 35842 1070190
5c2s 0.369539 364299 31177.5 1070190
5c2h 0.369539 364299 31177.5 1070190
5c2d 0.369539 364299 31177.5 1070190
8d2c 0.368933 359022 35806.5 1070190
8s2c 0.368933 359022 35806.5 1070190
8h2c 0.368933 359022 35806.5 1070190
7s3c 0.368891 362658 32125 1070190
7d3c 0.368891 362658 32125 1070190
7h3c 0.368891 362658 32125 1070190
As4h 0.36857 358463 35977 1070190
Ah4s 0.36857 358463 35977 1070190
Ah4h 0.36857 358463 35977 1070190
Ah4d 0.36857 358463 35977 1070190
As4s 0.36857 358463 35977 1070190
Ad4d 0.36857 358463 35977 1070190
Ad4h 0.36857 358463 35977 1070190
Ad4s 0.36857 358463 35977 1070190
As4d 0.36857 358463 35977 1070190
As3s 0.367073 356861 35977 1070190
Ad3h 0.367073 356861 35977 1070190
Ad3d 0.367073 356861 35977 1070190
Ad3s 0.367073 356861 35977 1070190
As3h 0.367073 356861 35977 1070190
Ah3s 0.367073 356861 35977 1070190
As3d 0.367073 356861 35977 1070190
Ah3h 0.367073 356861 35977 1070190
Ah3d 0.367073 356861 35977 1070190
Ah2d 0.365576 355259 35977 1070190
Ad2h 0.365576 355259 35977 1070190
Ad2d 0.365576 355259 35977 1070190
Ad2s 0.365576 355259 35977 1070190
As2d 0.365576 355259 35977 1070190
Ah2s 0.365576 355259 35977 1070190
Ah2h 0.365576 355259 35977 1070190
As2s 0.365576 355259 35977 1070190
As2h 0.365576 355259 35977 1070190
4c3d 0.361946 353870 33481.5 1070190
4c3h 0.361946 353870 33481.5 1070190
4c3s 0.361946 353870 33481.5 1070190
2s2d 0.360758 364869 21211 1070190
2h2d 0.360758 364869 21211 1070190
2s2h 0.360758 364869 21211 1070190
4c2d 0.353378 344651 33531 1070190
4c2h 0.353378 344651 33531 1070190
4c2s 0.353378 344651 33531 1070190
Kh8d 0.353012 347648 30142 1070190
Kh8s 0.353012 347648 30142 1070190
Kh8h 0.353012 347648 30142 1070190
Kd8d 0.353012 347648 30142 1070190
Kd8h 0.353012 347648 30142 1070190
Kd8s 0.353012 347648 30142 1070190
Ks8s 0.353012 347648 30142 1070190
Ks8h 0.353012 347648 30142 1070190
Ks8d 0.353012 347648 30142 1070190
5d3c 0.350982 339525 36092.5 1070190
5s3c 0.350982 339525 36092.5 1070190
5h3c 0.350982 339525 36092.5 1070190
4s3c 0.348561 336948 36079 1070190
4d3c 0.348561 336948 36079 1070190
4h3c 0.348561 336948 36079 1070190
7d2c 0.346783 336237 34887 1070190
7h2c 0.346783 336237 34887 1070190
7s2c 0.346783 336237 34887 1070190
Kh7d 0.346441 339206 31552 1070190
Kh7h 0.346441 339206 31552 1070190
Kd7s 0.346441 339206 31552 1070190
Kd7h 0.346441 339206 31552 1070190
Kd7d 0.346441 339206 31552 1070190
Ks7d 0.346441 339206 31552 1070190
Kh7s 0.346441 339206 31552 1070190
Ks7h 0.346441 339206 31552 1070190
Ks7s 0.346441 339206 31552 1070190
3c2s 0.338967 326649 36110.5 1070190
3c2h 0.338967 326649 36110.5 1070190
3c2d 0.338967 326649 36110.5 1070190
9h8h 0.336351 324714 35245.5 1070190
9s8s 0.336351 324714 35245.5 1070190
9s8h 0.336351 324714 35245.5 1070190
9s8d 0.336351 324714 35245.5 1070190
9h8s 0.336351 324714 35245.5 1070190
9d8d 0.336351 324714 35245.5 1070190
9h8d 0.336351 324714 35245.5 1070190
9d8s 0.336351 324714 35245.5 1070190
9d8h 0.336351 324714 35245.5 1070190
Ks5s 0.330351 317801 35737 1070190
Kd5d 0.330351 317801 35737 1070190
Kh5s 0.330351 317801 35737 1070190
Kh5d 0.330351 317801 35737 1070190
Kh5h 0.330351 317801 35737 1070190
Ks5d 0.330351 317801 35737 1070190
Ks5h 0.330351 317801 35737 1070190
Kd5h 0.330351 317801 35737 1070190
Kd5s 0.330351 317801 35737 1070190
5d2c 0.328883 313113 38854.5 1070190
5s2c 0.328883 313113 38854.5 1070190
5h2c 0.328883 313113 38854.5 1070190
Ks4d 0.328601 315794 35872 1070190
Kd4d 0.328601 315794 35872 1070190
Kd4h 0.328601 315794 35872 1070190
Kh4d 0.328601 315794 35872 1070190
Kh4h 0.328601 315794 35872 1070190
Ks4s 0.328601 315794 35872 1070190
Kd4s 0.328601 315794 35872 1070190
Kh4s 0.328601 315794 35872 1070190
Ks4h 0.328601 315794 35872 1070190
Ks3s 0.327105 314192 35872 1070190
Ks3d 0.327105 314192 35872 1070190
Ks3h 0.327105 314192 35872 1070190
Kd3s 0.327105 314192 35872 1070190
Kd3h 0.327105 314192 35872 1070190
Kd3d 0.327105 314192 35872 1070190
Kh3d 0.327105 314192 35872 1070190
Kh3h 0.327105 314192 35872 1070190
Kh3s 0.327105 314192 35872 1070190
4h2c 0.326585 310563 38944.5 1070190
4s2c 0.326585 310563 38944.5 1070190
4d2c 0.326585 310563 38944.5 1070190
3s2c 0.325875 309822 38926.5 1070190
3d2c 0.325875 309822 38926.5 1070190
3h2c 0.325875 309822 38926.5 1070190
Kd2d 0.325608 312590 35872 1070190
Kd2h 0.325608 312590 35872 1070190
Kh2d 0.325608 312590 35872 1070190
Kh2h 0.325608 312590 35872 1070190
Kh2s 0.325608 312590 35872 1070190
Ks2s 0.325608 312590 35872 1070190
Ks2h 0.325608 312590 35872 1070190
Ks2d 0.325608 312590 35872 1070190
Kd2s 0.325608 312590 35872 1070190
Td7d 0.288957 271016 38222.5 1070190
Th7d 0.288957 271016 38222.5 1070190
Th7h 0.288957 271016 38222.5 1070190
Th7s 0.288957 271016 38222.5 1070190
Ts7d 0.288957 271016 38222.5 1070190
Ts7h 0.288957 271016 38222.5 1070190
Ts7s 0.288957 271016 38222.5 1070190
Td7h 0.288957 271016 38222.5 1070190
Td7s 0.288957 271016 38222.5 1070190
Td5s 0.272942 249773 42326.5 1070190
Ts5s 0.272942 249773 42326.5 1070190
Ts5h 0.272942 249773 42326.5 1070190
Ts5d 0.272942 249773 42326.5 1070190
Th5s 0.272942 249773 42326.5 1070190
Th5h 0.272942 249773 42326.5 1070190
Th5d 0.272942 249773 42326.5 1070190
Td5h 0.272942 249773 42326.5 1070190
Td5d 0.272942 249773 42326.5 1070190
Ts4s 0.271243 247820 42461.5 1070190
Td4s 0.271243 247820 42461.5 1070190
Td4h 0.271243 247820 42461.5 1070190
Td4d 0.271243 247820 42461.5 1070190
Ts4h 0.271243 247820 42461.5 1070190
Ts4d 0.271243 247820 42461.5 1070190
Th4s 0.271243 247820 42461.5 1070190
Th4h 0.271243 247820 42461.5 1070190
Th4d 0.271243 247820 42461.5 1070190
Td3h 0.269746 246218 42461.5 1070190
Ts3s 0.269746 246218 42461.5 1070190
Ts3h 0.269746 246218 42461.5 1070190
Ts3d 0.269746 246218 42461.5 1070190
Th3s 0.269746 246218 42461.5 1070190
Td3s 0.269746 246218 42461.5 1070190
Td3d 0.269746 246218 42461.5 1070190
Th3d 0.269746 246218 42461.5 1070190
Th3h 0.269746 246218 42461.5 1070190
Td2d 0.268249 244616 42461.5 1070190
Ts2s 0.268249 244616 42461.5 1070190
Ts2h 0.268249 244616 42461.5 1070190
Td2s 0.268249 244616 42461.5 1070190
Ts2d 0.268249 244616 42461.5 1070190
Td2h 0.268249 244616 42461.5 1070190
Th2d 0.268249 244616 42461.5 1070190
Th2h 0.268249 244616 42461.5 1070190
Th2s 0.268249 244616 42461.5 1070190
9s7d 0.256075 235481 38567.5 1070190
9d7h 0.256075 235481 38567.5 1070190
9d7d 0.256075 235481 38567.5 1070190
9s7h 0.256075 235481 38567.5 1070190
9d7s 0.256075 235481 38567.5 1070190
9h7s 0.256075 235481 38567.5 1070190
9h7h 0.256075 235481 38567.5 1070190
9h7d 0.256075 235481 38567.5 1070190
9s7s 0.256075 235481 38567.5 1070190
9s5h 0.240249 214643 42469 1070190
9d5d 0.240249 214643 42469 1070190
9s5d 0.240249 214643 42469 1070190
9h5h 0.240249 214643 42469 1070190
9h5d 0.240249 214643 42469 1070190
9h5s 0.240249 214643 42469 1070190
9s5s 0.240249 214643 42469 1070190
9d5s 0.240249 214643 42469 1070190
9d5h 0.240249 214643 42469 1070190
8s7d 0.23121 209141 38297.5 1070190
8s7h 0.23121 209141 38297.5 1070190
8s7s 0.23121 209141 38297.5 1070190
8h7d 0.23121 209141 38297.5 1070190
8h7s 0.23121 209141 38297.5 1070190
8h7h 0.23121 209141 38297.5 1070190
8d7s 0.23121 209141 38297.5 1070190
8d7h 0.23121 209141 38297.5 1070190
8d7d 0.23121 209141 38297.5 1070190
9h4h 0.228517 201818 42739 1070190
9h4d 0.228517 201818 42739 1070190
9h4s 0.228517 201818 42739 1070190
9s4s 0.228517 201818 42739 1070190
9s4d 0.228517 201818 42739 1070190
9s4h 0.228517 201818 42739 1070190
9d4s 0.228517 201818 42739 1070190
9d4h 0.228517 201818 42739 1070190
9d4d 0.228517 201818 42739 1070190
9d3s 0.22702 200216 42739 1070190
9s3d 0.22702 200216 42739 1070190
9s3h 0.22702 200216 42739 1070190
9s3s 0.22702 200216 42739 1070190
9h3s 0.22702 200216 42739 1070190
9h3h 0.22702 200216 42739 1070190
9h3d 0.22702 200216 42739 1070190
9d3d 0.22702 200216 42739 1070190
9d3h 0.22702 200216 42739 1070190
9h2d 0.225524 198614 42739 1070190
9h2h 0.225524 198614 42739 1070190
9h2s 0.225524 198614 42739 1070190
9d2d 0.225524 198614 42739 1070190
9d2h 0.225524 198614 42739 1070190
9d2s 0.225524 198614 42739 1070190
9s2s 0.225524 198614 42739 1070190
9s2h 0.225524 198614 42739 1070190
9s2d 0.225524 198614 42739 1070190
8d5d 0.215334 188384 42064 1070190
8d5h 0.215334 188384 42064 1070190
8d5s 0.215334 188384 42064 1070190
8h5s 0.215334 188384 42064 1070190
8h5h 0.215334 188384 42064 1070190
8h5d 0.215334 188384 42064 1070190
8s5d 0.215334 188384 42064 1070190
8s5h 0.215334 188384 42064 1070190
8s5s 0.215334 188384 42064 1070190
8s4d 0.203779 175748 42334 1070190
8s4h 0.203779 175748 42334 1070190
8h4s 0.203779 175748 42334 1070190
8h4h 0.203779 175748 42334 1070190
8h4d 0.203779 175748 42334 1070190
8s4s 0.203779 175748 42334 1070190
8d4s 0.203779 175748 42334 1070190
8d4h 0.203779 175748 42334 1070190
8d4d 0.203779 175748 42334 1070190
7s5d 0.195714 168530 40921 1070190
7h5s 0.195714 168530 40921 1070190
7h5h 0.195714 168530 40921 1070190
7h5d 0.195714 168530 40921 1070190
7d5d 0.195714 168530 40921 1070190
7d5h 0.195714 168530 40921 1070190
7d5s 0.195714 168530 40921 1070190
7s5s 0.195714 168530 40921 1070190
7s5h 0.195714 168530 40921 1070190
8s3h 0.191694 162815 42334 1070190
8d3d 0.191694 162815 42334 1070190
8s3s 0.191694 162815 42334 1070190
8d3h 0.191694 162815 42334 1070190
8d3s 0.191694 162815 42334 1070190
8h3d 0.191694 162815 42334 1070190
8h3h 0.191694 162815 42334 1070190
8h3s 0.191694 162815 42334 1070190
8s3d 0.191694 162815 42334 1070190
8h2s 0.190197 161213 42334 1070190
8h2h 0.190197 161213 42334 1070190
8h2d 0.190197 161213 42334 1070190
8d2d 0.190197 161213 42334 1070190
8d2h 0.190197 161213 42334 1070190
8d2s 0.190197 161213 42334 1070190
8s2d 0.190197 161213 42334 1070190
8s2h 0.190197 161213 42334 1070190
8s2s 0.190197 161213 42334 1070190
7s4s 0.185845 157766 41123.5 1070190
7d4d 0.185845 157766 41123.5 1070190
7s4d 0.185845 157766 41123.5 1070190
7d4s 0.185845 157766 41123.5 1070190
7d4h 0.185845 157766 41123.5 1070190
7h4d 0.185845 157766 41123.5 1070190
7h4h 0.185845 157766 41123.5 1070190
7h4s 0.185845 157766 41123.5 1070190
7s4h 0.185845 157766 41123.5 1070190
7s3s 0.173937 145022 41123.5 1070190
7s3d 0.173937 145022 41123.5 1070190
7s3h 0.173937 145022 41123.5 1070190
7h3d 0.173937 145022 41123.5 1070190
7h3h 0.173937 145022 41123.5 1070190
7h3s 0.173937 145022 41123.5 1070190
7d3d 0.173937 145022 41123.5 1070190
7d3h 0.173937 145022 41123.5 1070190
7d3s 0.173937 145022 41123.5 1070190
5s4s 0.163214 129188 45482.5 1070190
5s4d 0.163214 129188 45482.5 1070190
5d4h 0.163214 129188 45482.5 1070190
5d4d 0.163214 129188 45482.5 1070190
5d4s 0.163214 129188 45482.5 1070190
5h4d 0.163214 129188 45482.5 1070190
5h4h 0.163214 129188 45482.5 1070190
5h4s 0.163214 129188 45482.5 1070190
5s4h 0.163214 129188 45482.5 1070190
7d2d 0.161486 131765 41056 1070190
7s2d 0.161486 131765 41056 1070190
7d2h 0.161486 131765 41056 1070190
7d2s 0.161486 131765 41056 1070190
7h2d 0.161486 131765 41056 1070190
7h2h 0.161486 131765 41056 1070190
7h2s 0.161486 131765 41056 1070190
7s2s 0.161486 131765 41056 1070190
7s2h 0.161486 131765 41056 1070190
5h3h 0.151155 115985 45779.5 1070190
5s3s 0.151155 115985 45779.5 1070190
5s3h 0.151155 115985 45779.5 1070190
5s3d 0.151155 115985 45779.5 1070190
5h3s 0.151155 115985 45779.5 1070190
5h3d 0.151155 115985 45779.5 1070190
5d3d 0.151155 115985 45779.5 1070190
5d3h 0.151155 115985 45779.5 1070190
5d3s 0.151155 115985 45779.5 1070190
4s3d 0.148056 112736 45712 1070190
4h3d 0.148056 112736 45712 1070190
4h3h 0.148056 112736 45712 1070190
4h3s 0.148056 112736 45712 1070190
4d3s 0.148056 112736 45712 1070190
4d3h 0.148056 112736 45712 1070190
4s3s 0.148056 112736 45712 1070190
4d3d 0.148056 112736 45712 1070190
4s3h 0.148056 112736 45712 1070190
5d2d 0.138704 102728 45712 1070190
5h2d 0.138704 102728 45712 1070190
5d2s 0.138704 102728 45712 1070190
5d2h 0.138704 102728 45712 1070190
5s2s 0.138704 102728 45712 1070190
5s2h 0.138704 102728 45712 1070190
5s2d 0.138704 102728 45712 1070190
5h2h 0.138704 102728 45712 1070190
5h2s 0.138704 102728 45712 1070190
4s2d 0.135782 99533 45779.5 1070190
4s2h 0.135782 99533 45779.5 1070190
4s2s 0.135782 99533 45779.5 1070190
4h2h 0.135782 99533 45779.5 1070190
4h2s 0.135782 99533 45779.5 1070190
4d2h 0.135782 99533 45779.5 1070190
4h2d 0.135782 99533 45779.5 1070190
4d2s 0.135782 99533 45779.5 1070190
4d2d 0.135782 99533 45779.5 1070190
3d2s 0.134764 98471 45752.5 1070190
3d2h 0.134764 98471 45752.5 1070190
3d2d 0.134764 98471 45752.5 1070190
3h2d 0.134764 98471 45752.5 1070190
3h2h 0.134764 98471 45752.5 1070190
3h2s 0.134764 98471 45752.5 1070190
3s2d 0.134764 98471 45752.5 1070190
3s2h 0.134764 98471 45752.5 1070190
3s2s 0.134764 98471 45752.5 1070190
