QsQc 0.96227 1029747 64.5 1070190
QhQc 0.96227 1029747 64.5 1070190
AsAd 0.951299 1018071 0 1070190
AhAd 0.951299 1018071 0 1070190
AsAh 0.950921 1017666 0 1070190
QsQh 0.945467 1011765 64.5 1070190
AdQc 0.939673 1003299 2330 1070190
AsQc 0.939211 1002804 2330 1070190
AhQc 0.939211 1002804 2330 1070190
6h6d 0.93746 1003140 120 1070190
6s6d 0.93746 1003140 120 1070190
6s6h 0.937084 1002738 120 1070190
AdQh 0.922005 984345 2375 1070190
AdQs 0.922005 984345 2375 1070190
AsQh 0.921542 983850 2375 1070190
AsQs 0.921542 983850 2375 1070190
AhQh 0.921542 983850 2375 1070190
AhQs 0.921542 983850 2375 1070190
Ad6d 0.905698 963138 6131 1070190
Ad6h 0.901841 958920 6221 1070190
Ad6s 0.901841 958920 6221 1070190
Ah6d 0.901838 958917 6221 1070190
As6d 0.901838 958917 6221 1070190
Ah6h 0.901483 958560 6198.5 1070190
Ah6s 0.901483 958560 6198.5 1070190
As6s 0.901483 958560 6198.5 1070190
As6h 0.901483 958560 6198.5 1070190
Qc6d 0.896695 953235 6399.5 1070190
Qc6s 0.896278 952788 6399.5 1070190
Qc6h 0.896278 952788 6399.5 1070190
AdKc 0.89141 949754 4224.5 1070190
AhKc 0.890626 948937 4202 1070190
AsKc 0.890626 948937 4202 1070190
KcQc 0.884499 939725 6856.5 1070190
Qh6d 0.878072 933417 6287 1070190
Qs6d 0.878072 933417 6287 1070190
Qh6h 0.877654 932970 6287 1070190
Qh6s 0.877654 932970 6287 1070190
Qs6h 0.877654 932970 6287 1070190
Qs6s 0.877654 932970 6287 1070190
AdJc 0.877197 928855 9912.5 1070190
AhJc 0.876476 928138 9858 1070190
AsJc 0.876476 928138 9858 1070190
AdKd 0.872179 929270 4127.5 1070190
AdTc 0.871506 922314 10362.5 1070190
AhTc 0.870811 921625 10308 1070190
AsTc 0.870811 921625 10308 1070190
QcJc 0.869614 923421 7231.5 1070190
QcTc 0.866693 919941 7585.5 1070190
AsKd 0.865903 922357 4324 1070190
AhKd 0.865903 922357 4324 1070190
AdKs 0.865878 922334 4320 1070190
AdKh 0.865878 922334 4320 1070190
AsKs 0.865094 921517 4297.5 1070190
AhKh 0.865094 921517 4297.5 1070190
AsKh 0.865094 921517 4297.5 1070190
AhKs 0.865094 921517 4297.5 1070190
AdJd 0.861243 912127 9566.5 1070190
Ad9c 0.860284 909753 10914 1070190
Qc9c 0.860019 912393 7990.5 1070190
As9c 0.859624 909111 10850.5 1070190
Ah9c 0.859624 909111 10850.5 1070190
Qc8c 0.857064 908433 8788.5 1070190
AdTd 0.856982 907089 10044.5 1070190
AhJd 0.854543 904524 9999 1070190
AsJd 0.854543 904524 9999 1070190
Ad8c 0.854476 902308 12144 1070190
AdJs 0.854459 904407 10027 1070190
AdJh 0.854459 904407 10027 1070190
Qc7c 0.854311 904701 9574.5 1070190
Ah8c 0.853847 901706 12073 1070190
As8c 0.853847 901706 12073 1070190
AsJh 0.853739 903690 9972.5 1070190
AhJh 0.853739 903690 9972.5 1070190
AhJs 0.853739 903690 9972.5 1070190
AsJs 0.853739 903690 9972.5 1070190
AsTd 0.850149 899344 10477 1070190
AhTd 0.850149 899344 10477 1070190
AdTh 0.850045 899205 10505 1070190
AdTs 0.850045 899205 10505 1070190
Qc5c 0.849459 896646 12436.5 1070190
AsTh 0.849351 898516 10450.5 1070190
AsTs 0.849351 898516 10450.5 1070190
AhTh 0.849351 898516 10450.5 1070190
AhTs 0.849351 898516 10450.5 1070190
Qc4c 0.849167 896262 12508.5 1070190
Qc3c 0.84901 896094 12508.5 1070190
Ad7c 0.848866 895074 13374 1070190
Qc2c 0.848853 895926 12508.5 1070190
Ah7c 0.848265 894510 13295 1070190
As7c 0.848265 894510 13295 1070190
Ad9d 0.847082 895884 10655 1070190
Ad8d 0.842673 889928 11892 1070190
Ad5c 0.84033 881733 17580 1070190
As5c 0.839783 881256 17471.5 1070190
Ah5c 0.839783 881256 17471.5 1070190
As9d 0.839485 887319 11089 1070190
Ah9d 0.839485 887319 11089 1070190
Ad9h 0.839313 887094 11130 1070190
Ad9s 0.839313 887094 11130 1070190
As9s 0.838653 886452 11066.5 1070190
As9h 0.838653 886452 11066.5 1070190
Ah9s 0.838653 886452 11066.5 1070190
Ah9h 0.838653 886452 11066.5 1070190
Ad4c 0.838464 879616 17700 1070190
Ad7d 0.838418 884142 13125 1070190
Ah4c 0.837919 879142 17590.5 1070190
As4c 0.837919 879142 17590.5 1070190
Ad3c 0.836849 877887 17700 1070190
As3c 0.836303 877413 17590.5 1070190
Ah3c 0.836303 877413 17590.5 1070190
Ad2c 0.835259 876186 17700 1070190
As8d 0.834919 881143 12378.5 1070190
Ah8d 0.834919 881143 12378.5 1070190
Ad8s 0.834722 880884 12427 1070190
Ad8h 0.834722 880884 12427 1070190
As2c 0.834714 875712 17590.5 1070190
Ah2c 0.834714 875712 17590.5 1070190
As8s 0.834093 880282 12356 1070190
As8h 0.834093 880282 12356 1070190
Ah8h 0.834093 880282 12356 1070190
Ah8s 0.834093 880282 12356 1070190
Ad5d 0.831221 872229 17335 1070190
Ad4d 0.830636 871485 17453 1070190
Ah7d 0.830474 875097 13667.5 1070190
As7d 0.830474 875097 13667.5 1070190
Ad3d 0.830271 871095 17453 1070190
Ad7h 0.830249 874800 13724 1070190
Ad7s 0.830249 874800 13724 1070190
Ad2d 0.829907 870705 17453 1070190
As7s 0.829648 874236 13645 1070190
As7h 0.829648 874236 13645 1070190
Ah7h 0.829648 874236 13645 1070190
Ah7s 0.829648 874236 13645 1070190
Ah5d 0.822988 862701 18053 1070190
As5d 0.822988 862701 18053 1070190
Ad5h 0.822723 862335 18135 1070190
Ad5s 0.822723 862335 18135 1070190
As4d 0.82234 861882 18178 1070190
Ah4d 0.82234 861882 18178 1070190
Ah5h 0.822176 861858 18026.5 1070190
Ah5s 0.822176 861858 18026.5 1070190
As5s 0.822176 861858 18026.5 1070190
As5h 0.822176 861858 18026.5 1070190
Ad4h 0.822067 861507 18261 1070190
Ad4s 0.822067 861507 18261 1070190
As3d 0.821925 861438 18178 1070190
Ah3d 0.821925 861438 18178 1070190
Ad3s 0.821647 861057 18261 1070190
Ad3h 0.821647 861057 18261 1070190
Ah4h 0.821522 861033 18151.5 1070190
As4h 0.821522 861033 18151.5 1070190
As4s 0.821522 861033 18151.5 1070190
Ah4s 0.821522 861033 18151.5 1070190
As2d 0.82151 860994 18178 1070190
Ah2d 0.82151 860994 18178 1070190
Ad2s 0.821226 860607 18261 1070190
Ad2h 0.821226 860607 18261 1070190
As3s 0.821101 860583 18151.5 1070190
As3h 0.821101 860583 18151.5 1070190
Ah3s 0.821101 860583 18151.5 1070190
Ah3h 0.821101 860583 18151.5 1070190
Ah2h 0.820681 860133 18151.5 1070190
Ah2s 0.820681 860133 18151.5 1070190
As2s 0.820681 860133 18151.5 1070190
As2h 0.820681 860133 18151.5 1070190
KcQs 0.815083 862517 9777 1070190
KcQh 0.815083 862517 9777 1070190
KdQc 0.814743 861961 9969 1070190
KsQc 0.813922 861087 9964.5 1070190
KhQc 0.813922 861087 9964.5 1070190
KdKc 0.807285 862831 1117.5 1070190
KsKc 0.806529 862026 1113 1070190
KhKc 0.806529 862026 1113 1070190
QcJd 0.796837 842286 10481 1070190
QcJs 0.796022 841418 10476.5 1070190
QcJh 0.796022 841418 10476.5 1070190
QsJc 0.794389 839890 10257 1070190
QhJc 0.794389 839890 10257 1070190
QcTd 0.792551 837215 10965 1070190
QcTs 0.791741 836353 10960.5 1070190
QcTh 0.791741 836353 10960.5 1070190
KdQh 0.788981 834695 9665 1070190
KdQs 0.788981 834695 9665 1070190
QhTc 0.788849 833505 10713 1070190
QsTc 0.788849 833505 10713 1070190
KsQs 0.788161 833821 9660.5 1070190
KsQh 0.788161 833821 9660.5 1070190
KhQs 0.788161 833821 9660.5 1070190
KhQh 0.788161 833821 9660.5 1070190
Qc9d 0.780527 823746 11566.5 1070190
Qc9s 0.779684 822843 11566.5 1070190
Qc9h 0.779684 822843 11566.5 1070190
KhKd 0.77899 832559 1108 1070190
KsKd 0.77899 832559 1108 1070190
KsKh 0.778233 831754 1103.5 1070190
Qh9c 0.776153 819414 11217 1070190
Qs9c 0.776153 819414 11217 1070190
Qc8d 0.776095 817747 12822.5 1070190
Qc8s 0.775257 816850 12822.5 1070190
Qc8h 0.775257 816850 12822.5 1070190
Qc7d 0.771784 811881 14074.5 1070190
Qc7s 0.770946 810984 14074.5 1070190
Qc7h 0.770946 810984 14074.5 1070190
QsJd 0.770713 814664 10145 1070190
QhJd 0.770713 814664 10145 1070190
Qh8c 0.770522 812197 12408 1070190
Qs8c 0.770522 812197 12408 1070190
QsJs 0.769897 813796 10140.5 1070190
QsJh 0.769897 813796 10140.5 1070190
QhJs 0.769897 813796 10140.5 1070190
QhJh 0.769897 813796 10140.5 1070190
QsTd 0.766564 809756 10613 1070190
QhTd 0.766564 809756 10613 1070190
QsTs 0.765754 808894 10608.5 1070190
QhTh 0.765754 808894 10608.5 1070190
QhTs 0.765754 808894 10608.5 1070190
QsTh 0.765754 808894 10608.5 1070190
Qh7c 0.765074 805179 13596 1070190
Qs7c 0.765074 805179 13596 1070190
Qc5d 0.764577 799866 18376.5 1070190
Qc4d 0.763952 799077 18496.5 1070190
Qc5h 0.763739 798969 18376.5 1070190
Qc5s 0.763739 798969 18376.5 1070190
Qc3d 0.763551 798648 18496.5 1070190
Qc2d 0.76315 798219 18496.5 1070190
Qc4s 0.763108 798174 18496.5 1070190
Qc4h 0.763108 798174 18496.5 1070190
Qc3h 0.762701 797739 18496.5 1070190
Qc3s 0.762701 797739 18496.5 1070190
Qc2s 0.762295 797304 18496.5 1070190
Qc2h 0.762295 797304 18496.5 1070190
Qh5c 0.756794 792204 17709 1070190
Qs5c 0.756794 792204 17709 1070190
Qs4c 0.754939 790105 17823 1070190
Qh4c 0.754939 790105 17823 1070190
Qh9d 0.754452 796266 11140.5 1070190
Qs9d 0.754452 796266 11140.5 1070190
Qh9s 0.753608 795363 11140.5 1070190
Qs9s 0.753608 795363 11140.5 1070190
Qs9h 0.753608 795363 11140.5 1070190
Qh9h 0.753608 795363 11140.5 1070190
Qs3c 0.753323 788376 17823 1070190
Qh3c 0.753323 788376 17823 1070190
Qh2c 0.751734 786675 17823 1070190
Qs2c 0.751734 786675 17823 1070190
Qh8d 0.750156 790446 12363 1070190
Qs8d 0.750156 790446 12363 1070190
Qh8h 0.749317 789549 12363 1070190
Qh8s 0.749317 789549 12363 1070190
Qs8s 0.749317 789549 12363 1070190
Qs8h 0.749317 789549 12363 1070190
Qs7d 0.745958 784734 13582.5 1070190
Qh7d 0.745958 784734 13582.5 1070190
Qs7s 0.74512 783837 13582.5 1070190
Qs7h 0.74512 783837 13582.5 1070190
Qh7h 0.74512 783837 13582.5 1070190
Qh7s 0.74512 783837 13582.5 1070190
KcJc 0.738947 778943 11871 1070190
Qh5d 0.738896 772986 17773.5 1070190
Qs5d 0.738896 772986 17773.5 1070190
Qs4d 0.738268 772197 17890.5 1070190
Qh4d 0.738268 772197 17890.5 1070190
Qs5s 0.738058 772089 17773.5 1070190
Qs5h 0.738058 772089 17773.5 1070190
Qh5s 0.738058 772089 17773.5 1070190
Qh5h 0.738058 772089 17773.5 1070190
Qs3d 0.737859 771759 17890.5 1070190
Qh3d 0.737859 771759 17890.5 1070190
Qh2d 0.73745 771321 17890.5 1070190
Qs2d 0.73745 771321 17890.5 1070190
Qs4h 0.737425 771294 17890.5 1070190
Qh4h 0.737425 771294 17890.5 1070190
Qh4s 0.737425 771294 17890.5 1070190
Qs4s 0.737425 771294 17890.5 1070190
Qs3s 0.73701 770850 17890.5 1070190
Qh3s 0.73701 770850 17890.5 1070190
Qh3h 0.73701 770850 17890.5 1070190
Qs3h 0.73701 770850 17890.5 1070190
Qs2h 0.736595 770406 17890.5 1070190
Qs2s 0.736595 770406 17890.5 1070190
Qh2s 0.736595 770406 17890.5 1070190
Qh2h 0.736595 770406 17890.5 1070190
KcTc 0.734424 774102 11871 1070190
JdJc 0.713586 762240 1432.5 1070190
JhJc 0.712835 761441 1428 1070190
JsJc 0.712835 761441 1428 1070190
TdTc 0.695106 742499 1396.5 1070190
TsTc 0.694361 741706 1392 1070190
ThTc 0.694361 741706 1392 1070190
JsJd 0.686575 733355 1411 1070190
JhJd 0.686575 733355 1411 1070190
JsJh 0.685824 732556 1406.5 1070190
JcTc 0.68473 718677 14114 1070190
Kc9c 0.681147 715784 13172.5 1070190
Kc8c 0.675725 708819 14335 1070190
Kc6d 0.675169 712173 10386.5 1070190
Kc6s 0.674394 711366 10364 1070190
Kc6h 0.674394 711366 10364 1070190
Kc7c 0.670687 702284 15479 1070190
TsTd 0.669014 714596 1376.5 1070190
ThTd 0.669014 714596 1376.5 1070190
TsTh 0.668269 713803 1372 1070190
9d9c 0.664414 710334 715.5 1070190
9s9c 0.663638 709503 715.5 1070190
9h9c 0.663638 709503 715.5 1070190
Kd6d 0.659735 695556 10486 1070190
Jc6d 0.657555 686246 17463 1070190
Jc6h 0.656867 685588 17384 1070190
Jc6s 0.656867 685588 17384 1070190
Kc5c 0.656247 683481 18828.5 1070190
Kc4c 0.654671 681687 18935.5 1070190
Kc3c 0.653295 680214 18935.5 1070190
Kc2c 0.651918 678741 18935.5 1070190
Tc6d 0.650442 676168 19929 1070190
Tc6h 0.649793 675573 19829 1070190
Tc6s 0.649793 675573 19829 1070190
Jd6d 0.645382 673434 17247 1070190
8d8c 0.645008 689602 679.5 1070190
8s8c 0.644237 688777 679.5 1070190
8h8c 0.644237 688777 679.5 1070190
Ks6d 0.641982 676364 10678.5 1070190
Kh6d 0.641982 676364 10678.5 1070190
Kd6s 0.641974 676352 10682.5 1070190
Kd6h 0.641974 676352 10682.5 1070190
Ks6h 0.641207 675557 10656 1070190
Ks6s 0.641207 675557 10656 1070190
Kh6h 0.641207 675557 10656 1070190
Kh6s 0.641207 675557 10656 1070190
Td6d 0.63961 664832 19672.5 1070190
9h9d 0.638246 682338 706.5 1070190
9s9d 0.638246 682338 706.5 1070190
9s9h 0.63747 681507 706.5 1070190
9c6d 0.636425 660039 21056.5 1070190
9c6h 0.635808 659496 20939 1070190
9c6s 0.635808 659496 20939 1070190
8c6d 0.632095 654259 22202.5 1070190
8c6h 0.631496 653746 22075 1070190
8c6s 0.631496 653746 22075 1070190
7c6d 0.628542 649791 22868.5 1070190
Jc9c 0.62832 654807 17615 1070190
7c6h 0.627955 649296 22735 1070190
7c6s 0.627955 649296 22735 1070190
Jd6h 0.627245 653420 17851 1070190
Jd6s 0.627245 653420 17851 1070190
Jh6d 0.627171 653289 17903.5 1070190
Js6d 0.627171 653289 17903.5 1070190
9d6d 0.62689 650073 20818.5 1070190
Jh6h 0.626483 652631 17824.5 1070190
Jh6s 0.626483 652631 17824.5 1070190
Js6h 0.626483 652631 17824.5 1070190
Js6s 0.626483 652631 17824.5 1070190
7d7c 0.625144 668379 643.5 1070190
7s7c 0.624373 667554 643.5 1070190
7h7c 0.624373 667554 643.5 1070190
8d6d 0.62386 645703 21946 1070190
Jc8c 0.623148 648377 18510 1070190
7d6d 0.621573 642600 22601.5 1070190
Td6h 0.621432 644627 20423.5 1070190
Td6s 0.621432 644627 20423.5 1070190
Th6d 0.621325 644439 20497 1070190
Ts6d 0.621325 644439 20497 1070190
Th6s 0.620676 643844 20397 1070190
Ts6h 0.620676 643844 20397 1070190
Th6h 0.620676 643844 20397 1070190
Ts6s 0.620676 643844 20397 1070190
8s8d 0.619648 662469 672 1070190
8h8d 0.619648 662469 672 1070190
8s8h 0.618877 661644 672 1070190
Jc7c 0.612138 635236 19868 1070190
6d5c 0.611385 630792 23506 1070190
6h5c 0.610808 630315 23365.5 1070190
6s5c 0.610808 630315 23365.5 1070190
6d4c 0.609519 628675 23626 1070190
6h4c 0.608944 628201 23484.5 1070190
6s4c 0.608944 628201 23484.5 1070190
9d6s 0.607908 628947 21630.5 1070190
9d6h 0.607908 628947 21630.5 1070190
6d3c 0.607903 626946 23626 1070190
9s6d 0.607736 628668 21725.5 1070190
9h6d 0.607736 628668 21725.5 1070190
6h3c 0.607328 626472 23484.5 1070190
6s3c 0.607328 626472 23484.5 1070190
9s6s 0.607119 628125 21608 1070190
9s6h 0.607119 628125 21608 1070190
9h6h 0.607119 628125 21608 1070190
9h6s 0.607119 628125 21608 1070190
6d2c 0.606314 625245 23626 1070190
6d5d 0.605909 625194 23243.5 1070190
6h2c 0.605739 624771 23484.5 1070190
6s2c 0.605739 624771 23484.5 1070190
6d4d 0.605324 624450 23361.5 1070190
6d3d 0.604959 624060 23361.5 1070190
8d6h 0.604929 624561 22828 1070190
8d6s 0.604929 624561 22828 1070190
8s6d 0.604744 624258 22933 1070190
8h6d 0.604744 624258 22933 1070190
6d2d 0.604595 623670 23361.5 1070190
8h6h 0.604146 623745 22805.5 1070190
8h6s 0.604146 623745 22805.5 1070190
8s6h 0.604146 623745 22805.5 1070190
8s6s 0.604146 623745 22805.5 1070190
KcJd 0.60273 628280 16755.5 1070190
7d6h 0.602668 621444 23525.5 1070190
7d6s 0.602668 621444 23525.5 1070190
7s6d 0.602472 621123 23636.5 1070190
7h6d 0.602472 621123 23636.5 1070190
KcJs 0.60199 627520 16724 1070190
KcJh 0.60199 627520 16724 1070190
7s6s 0.601885 620628 23503 1070190
7h6h 0.601885 620628 23503 1070190
7h6s 0.601885 620628 23503 1070190
7s6h 0.601885 620628 23503 1070190
7h7d 0.600481 641991 637.5 1070190
7s7d 0.600481 641991 637.5 1070190
7s7h 0.59971 641166 637.5 1070190
KdJc 0.599141 624578 16617 1070190
KsJc 0.598426 623872 16557 1070190
KhJc 0.598426 623872 16557 1070190
Tc9c 0.598359 621622 18735.5 1070190
Jc5c 0.597736 616514 23177 1070190
Jc4c 0.59616 614720 23284 1070190
KcTd 0.595899 620970 16755.5 1070190
KcTs 0.595165 620216 16724 1070190
KcTh 0.595165 620216 16724 1070190
Jc3c 0.594783 613247 23284 1070190
Jc2c 0.593407 611774 23284 1070190
Tc8c 0.593052 615048 19630.5 1070190
KdTc 0.590991 615856 16617 1070190
KhTc 0.590302 615178 16557 1070190
KsTc 0.590302 615178 16557 1070190
KdJd 0.58894 614315 15963 1070190
6h5d 0.586171 603129 24185.5 1070190
6s5d 0.586171 603129 24185.5 1070190
6d5h 0.585969 602799 24299.5 1070190
6d5s 0.585969 602799 24299.5 1070190
6h4d 0.585523 602310 24310.5 1070190
6s4d 0.585523 602310 24310.5 1070190
6h5h 0.585392 602322 24159 1070190
6s5s 0.585392 602322 24159 1070190
6s5h 0.585392 602322 24159 1070190
6h5s 0.585392 602322 24159 1070190
6d4s 0.585313 601971 24425.5 1070190
6d4h 0.585313 601971 24425.5 1070190
6h3d 0.585108 601866 24310.5 1070190
6s3d 0.585108 601866 24310.5 1070190
6d3s 0.584893 601521 24425.5 1070190
6d3h 0.584893 601521 24425.5 1070190
6s4s 0.584738 601497 24284 1070190
6h4h 0.584738 601497 24284 1070190
6s4h 0.584738 601497 24284 1070190
6h4s 0.584738 601497 24284 1070190
6h2d 0.584693 601422 24310.5 1070190
6s2d 0.584693 601422 24310.5 1070190
6d2s 0.584472 601071 24425.5 1070190
6d2h 0.584472 601071 24425.5 1070190
6h3s 0.584318 601047 24284 1070190
6s3h 0.584318 601047 24284 1070190
6s3s 0.584318 601047 24284 1070190
6h3h 0.584318 601047 24284 1070190
6s2s 0.583897 600597 24284 1070190
6h2h 0.583897 600597 24284 1070190
6h2s 0.583897 600597 24284 1070190
6s2h 0.583897 600597 24284 1070190
KdTd 0.582389 607304 15963 1070190
Tc7c 0.582242 602335 20774.5 1070190
KhJd 0.569157 592627 16479 1070190
KsJd 0.569157 592627 16479 1070190
KdJh 0.569133 592573 16507.5 1070190
KdJs 0.569133 592573 16507.5 1070190
KhJh 0.568417 591867 16447.5 1070190
KhJs 0.568417 591867 16447.5 1070190
KsJh 0.568417 591867 16447.5 1070190
KsJs 0.568417 591867 16447.5 1070190
9c8c 0.565843 585650 19910 1070190
KhTd 0.562326 585317 16479 1070190
KsTd 0.562326 585317 16479 1070190
KdTh 0.562282 585241 16507.5 1070190
KdTs 0.562282 585241 16507.5 1070190
KsTs 0.561592 584563 16447.5 1070190
KhTh 0.561592 584563 16447.5 1070190
KhTs 0.561592 584563 16447.5 1070190
KsTh 0.561592 584563 16447.5 1070190
Tc5c 0.561101 576241 24244 1070190
Tc4c 0.559525 574447 24351 1070190
Tc3c 0.558149 572974 24351 1070190
Tc2c 0.556772 571501 24351 1070190
9c7c 0.55622 574207 21054 1070190
8c7c 0.538553 555289 21065.5 1070190
9c5c 0.535363 548577 24363 1070190
JcTd 0.531094 549647 18724.5 1070190
JcTs 0.530395 548934 18689.5 1070190
JcTh 0.530395 548934 18689.5 1070190
JdTc 0.529707 548285 18602 1070190
JhTc 0.529023 547609 18546 1070190
JsTc 0.529023 547609 18546 1070190
5d5c 0.527876 558552 6376 1070190
5h5c 0.527152 557781 6372 1070190
5s5c 0.527152 557781 6372 1070190
9c4c 0.526459 538834 24577 1070190
9c3c 0.525082 537361 24577 1070190
9c2c 0.523706 535888 24577 1070190
JdTd 0.522604 541498 17788 1070190
8c5c 0.517662 529729 24267.5 1070190
Kc9d 0.51209 529021 19012.5 1070190
Kc9s 0.511357 528259 18990 1070190
Kc9h 0.511357 528259 18990 1070190
8c4c 0.508758 519986 24481.5 1070190
4d4c 0.508448 537760 6376 1070190
4s4c 0.507718 536983 6372 1070190
4h4c 0.507718 536983 6372 1070190
Kd9c 0.506083 522866 18739.5 1070190
7c5c 0.505599 517308 23778.5 1070190
Kh9c 0.505448 522249 18676 1070190
Ks9c 0.505448 522249 18676 1070190
Kc8d 0.504134 518684 20835 1070190
Kc8h 0.503406 517928 20812.5 1070190
Kc8s 0.503406 517928 20812.5 1070190
5h5d 0.501047 529857 6358 1070190
5s5d 0.501047 529857 6358 1070190
5s5h 0.500322 529086 6354 1070190
Kd9d 0.500309 517370 18055.5 1070190
JhTd 0.500021 516646 18471.5 1070190
JsTd 0.500021 516646 18471.5 1070190
JdTs 0.500006 516609 18492.5 1070190
JdTh 0.500006 516609 18492.5 1070190
8c3c 0.499549 510131 24481.5 1070190
JsTs 0.499322 515933 18436.5 1070190
JsTh 0.499322 515933 18436.5 1070190
JhTh 0.499322 515933 18436.5 1070190
JhTs 0.499322 515933 18436.5 1070190
8c2c 0.498173 508658 24481.5 1070190
7c4c 0.496878 507815 23939 1070190
Kd8c 0.49678 511155 20494.5 1070190
Kc7d 0.496581 508785 22651 1070190
Kh8c 0.496175 510578 20423.5 1070190
Ks8c 0.496175 510578 20423.5 1070190
Kc7h 0.495854 508030 22628.5 1070190
Kc7s 0.495854 508030 22628.5 1070190
Kd8d 0.492596 507391 19780.5 1070190
3d3c 0.489046 516996 6376 1070190
3s3c 0.48831 516213 6372 1070190
3h3c 0.48831 516213 6372 1070190
Kd7c 0.487935 499937 22246.5 1070190
7c3c 0.487669 497960 23939 1070190
Kh7c 0.487358 499398 22167.5 1070190
Ks7c 0.487358 499398 22167.5 1070190
Kd7d 0.485296 497862 21496.5 1070190
4h4d 0.482192 509679 6358 1070190
4s4d 0.482192 509679 6358 1070190
4s4h 0.481462 508902 6354 1070190
7c2c 0.478141 487816 23885.5 1070190
Kc5d 0.47697 482406 28042 1070190
5c4c 0.47639 482612 27216 1070190
Kc5s 0.476311 481724 28019.5 1070190
Kc5h 0.476311 481724 28019.5 1070190
Ks9d 0.475804 490480 18721 1070190
Kh9d 0.475804 490480 18721 1070190
Kd9h 0.475707 490335 18762 1070190
Kd9s 0.475707 490335 18762 1070190
Kh9s 0.475071 489718 18698.5 1070190
Kh9h 0.475071 489718 18698.5 1070190
Ks9s 0.475071 489718 18698.5 1070190
Ks9h 0.475071 489718 18698.5 1070190
Kc4d 0.474782 479886 28221 1070190
Kc4h 0.474118 479198 28198.5 1070190
Kc4s 0.474118 479198 28198.5 1070190
Kc3d 0.472929 477903 28221 1070190
Kc3h 0.47226 477209 28198.5 1070190
Kc3s 0.47226 477209 28198.5 1070190
Kc2d 0.471076 475920 28221 1070190
Kc2h 0.470401 475220 28198.5 1070190
Kc2s 0.470401 475220 28198.5 1070190
2d2c 0.46967 496260 6376 1070190
2h2c 0.468929 495471 6372 1070190
2s2c 0.468929 495471 6372 1070190
Kh8d 0.467815 480122 20528.5 1070190
Ks8d 0.467815 480122 20528.5 1070190
Kd8h 0.467693 479943 20577 1070190
Kd8s 0.467693 479943 20577 1070190
5c3c 0.467199 472544 27448 1070190
Ks8s 0.467087 479366 20506 1070190
Kh8h 0.467087 479366 20506 1070190
Kh8s 0.467087 479366 20506 1070190
Ks8h 0.467087 479366 20506 1070190
Kd5c 0.466406 471690 27453 1070190
Kh5c 0.465878 471229 27348.5 1070190
Ks5c 0.465878 471229 27348.5 1070190
Kd5d 0.465501 471597 26577 1070190
3h3d 0.463337 489501 6358 1070190
3s3d 0.463337 489501 6358 1070190
Kd4d 0.463292 469065 26745 1070190
4c3c 0.463249 468370 27394.5 1070190
Kd4c 0.462841 467701 27627 1070190
3s3h 0.462602 488718 6354 1070190
Ks4c 0.462315 467243 27521.5 1070190
Kh4c 0.462315 467243 27521.5 1070190
Kd3d 0.461397 467037 26745 1070190
Ks7d 0.460214 470184 22332.5 1070190
Kh7d 0.460214 470184 22332.5 1070190
Kd7s 0.460065 469968 22389 1070190
Kd7h 0.460065 469968 22389 1070190
Kd3c 0.459628 464262 27627 1070190
Kd2d 0.459502 465009 26745 1070190
Ks7h 0.459488 469429 22310 1070190
Kh7s 0.459488 469429 22310 1070190
Ks7s 0.459488 469429 22310 1070190
Kh7h 0.459488 469429 22310 1070190
Ks3c 0.459101 463804 27521.5 1070190
Kh3c 0.459101 463804 27521.5 1070190
5c2c 0.457671 462400 27394.5 1070190
Kd2c 0.45644 460851 27627 1070190
Ks2c 0.455914 460393 27521.5 1070190
Kh2c 0.455914 460393 27521.5 1070190
4c2c 0.453855 458263 27448 1070190
3c2c 0.45184 456125 27430 1070190
2s2d 0.444483 469323 6358 1070190
2h2d 0.444483 469323 6358 1070190
2s2h 0.443742 468534 6354 1070190
Jc9d 0.443138 450384 23857.5 1070190
Jc9h 0.442441 449668 23828 1070190
Jc9s 0.442441 449668 23828 1070190
Jd9c 0.440794 448093 23640 1070190
Js9c 0.440164 447479 23580 1070190
Jh9c 0.440164 447479 23580 1070190
Kh5d 0.439969 443157 27693.5 1070190
Ks5d 0.439969 443157 27693.5 1070190
Kd5h 0.439839 442936 27775.5 1070190
Kd5s 0.439839 442936 27775.5 1070190
Kh5h 0.439311 442475 27671 1070190
Ks5h 0.439311 442475 27671 1070190
Kh5s 0.439311 442475 27671 1070190
Ks5s 0.439311 442475 27671 1070190
Ks4d 0.437689 440538 27872.5 1070190
Kh4d 0.437689 440538 27872.5 1070190
Kd4h 0.437552 440308 27955.5 1070190
Kd4s 0.437552 440308 27955.5 1070190
Ks4h 0.437025 439850 27850 1070190
Ks4s 0.437025 439850 27850 1070190
Kh4h 0.437025 439850 27850 1070190
Kh4s 0.437025 439850 27850 1070190
Jd9d 0.436635 444713 22569.5 1070190
Kh3d 0.435744 438456 27872.5 1070190
Ks3d 0.435744 438456 27872.5 1070190
Kd3h 0.435601 438220 27955.5 1070190
Kd3s 0.435601 438220 27955.5 1070190
Jc8d 0.4356 440942 25232.5 1070190
Kh3s 0.435074 437762 27850 1070190
Ks3s 0.435074 437762 27850 1070190
Ks3h 0.435074 437762 27850 1070190
Kh3h 0.435074 437762 27850 1070190
Jc8s 0.434909 440232 25203 1070190
Jc8h 0.434909 440232 25203 1070190
Kh2d 0.433798 436374 27872.5 1070190
Ks2d 0.433798 436374 27872.5 1070190
Kd2h 0.43365 436132 27955.5 1070190
Kd2s 0.43365 436132 27955.5 1070190
Ks2h 0.433123 435674 27850 1070190
Ks2s 0.433123 435674 27850 1070190
Kh2s 0.433123 435674 27850 1070190
Kh2h 0.433123 435674 27850 1070190
Jd8c 0.431897 437252 24960 1070190
Jh8c 0.431295 436673 24895 1070190
Js8c 0.431295 436673 24895 1070190
Jd8d 0.429315 435574 23874.5 1070190
Jc7d 0.418261 420212 27406.5 1070190
Jc7s 0.417574 419507 27377 1070190
Jc7h 0.417574 419507 27377 1070190
Jd7c 0.413261 415208 27060 1070190
Jh7c 0.41269 414672 26985 1070190
Js7c 0.41269 414672 26985 1070190
Jd7d 0.412415 415436 25926.5 1070190
Js9d 0.409416 414545 23607.5 1070190
Jh9d 0.409416 414545 23607.5 1070190
Jd9s 0.409349 414443 23638 1070190
Jd9h 0.409349 414443 23638 1070190
Js9s 0.408719 413829 23578 1070190
Js9h 0.408719 413829 23578 1070190
Jh9h 0.408719 413829 23578 1070190
Jh9s 0.408719 413829 23578 1070190
Js8d 0.401844 405082 24967.5 1070190
Jh8d 0.401844 405082 24967.5 1070190
Jd8s 0.401755 404951 25003 1070190
Jd8h 0.401755 404951 25003 1070190
Jh8s 0.401153 404372 24938 1070190
Jh8h 0.401153 404372 24938 1070190
Js8s 0.401153 404372 24938 1070190
Js8h 0.401153 404372 24938 1070190
Tc9d 0.40045 403344 25213.5 1070190
Tc9h 0.399783 402663 25181 1070190
Tc9s 0.399783 402663 25181 1070190
Td9c 0.399469 402458 25049.5 1070190
Ts9c 0.398843 401845 24992.5 1070190
Th9c 0.398843 401845 24992.5 1070190
Jc5d 0.398687 393914 32757 1070190
Jc5s 0.398069 393282 32727.5 1070190
Jc5h 0.398069 393282 32727.5 1070190
Td9d 0.396512 400495 23848.5 1070190
Jc4d 0.3965 391394 32936 1070190
Jc4h 0.395876 390756 32906.5 1070190
Jc4s 0.395876 390756 32906.5 1070190
Jc3d 0.394647 389411 32936 1070190
Jc3h 0.394017 388767 32906.5 1070190
Jc3s 0.394017 388767 32906.5 1070190
Jc2d 0.392794 387428 32936 1070190
Tc8d 0.392694 393669 26588.5 1070190
Jd5d 0.392656 389249 30968 1070190
Jc2s 0.392159 386778 32906.5 1070190
Jc2h 0.392159 386778 32906.5 1070190
Tc8s 0.392033 392994 26556 1070190
Tc8h 0.392033 392994 26556 1070190
Jd5c 0.39177 387042 32226 1070190
Js5c 0.391248 386584 32125.5 1070190
Jh5c 0.391248 386584 32125.5 1070190
Jd4d 0.390447 386717 31136 1070190
Td8c 0.390355 391384 26369.5 1070190
Th8c 0.389756 390806 26307.5 1070190
Ts8c 0.389756 390806 26307.5 1070190
Td8d 0.38898 391129 25153.5 1070190
Jd3d 0.388553 384689 31136 1070190
Jd4c 0.388205 383053 32400 1070190
Js4c 0.387685 382598 32298.5 1070190
Jh4c 0.387685 382598 32298.5 1070190
Jd2d 0.386658 382661 31136 1070190
Jd3c 0.384991 379614 32400 1070190
Js3c 0.384471 379159 32298.5 1070190
Jh3c 0.384471 379159 32298.5 1070190
Js7d 0.384034 383860 27129.5 1070190
Jh7d 0.384034 383860 27129.5 1070190
Jd7s 0.383919 383691 27175 1070190
Jd7h 0.383919 383691 27175 1070190
Js7h 0.383348 383155 27100 1070190
Js7s 0.383348 383155 27100 1070190
Jh7s 0.383348 383155 27100 1070190
Jh7h 0.383348 383155 27100 1070190
Jd2c 0.381804 376203 32400 1070190
Jh2c 0.381284 375748 32298.5 1070190
Js2c 0.381284 375748 32298.5 1070190
Tc7d 0.375685 373650 28404.5 1070190
Tc7s 0.375028 372979 28372 1070190
Tc7h 0.375028 372979 28372 1070190
Td7d 0.372394 371663 26869.5 1070190
Td7c 0.372048 370041 28121.5 1070190
Ts7c 0.37148 369503 28051.5 1070190
Th7c 0.37148 369503 28051.5 1070190
Ts9d 0.367499 368292 25002 1070190
Th9d 0.367499 368292 25002 1070190
Td9h 0.367459 368224 25026.5 1070190
Td9s 0.367459 368224 25026.5 1070190
Ts9s 0.366833 367611 24969.5 1070190
Th9h 0.366833 367611 24969.5 1070190
Th9s 0.366833 367611 24969.5 1070190
Ts9h 0.366833 367611 24969.5 1070190
Jh5d 0.363827 356914 32450 1070190
Js5d 0.363827 356914 32450 1070190
Jd5h 0.363731 356740 32521 1070190
Jd5s 0.363731 356740 32521 1070190
Js5s 0.363209 356282 32420.5 1070190
Js5h 0.363209 356282 32420.5 1070190
Jh5s 0.363209 356282 32420.5 1070190
Jh5h 0.363209 356282 32420.5 1070190
Js4d 0.361547 354295 32629 1070190
Jh4d 0.361547 354295 32629 1070190
Jd4h 0.361443 354112 32701 1070190
Jd4s 0.361443 354112 32701 1070190
Js4h 0.360923 353657 32599.5 1070190
Jh4s 0.360923 353657 32599.5 1070190
Js4s 0.360923 353657 32599.5 1070190
Jh4h 0.360923 353657 32599.5 1070190
Ts8d 0.359702 358587 26362 1070190
Th8d 0.359702 358587 26362 1070190
Td8s 0.359638 358490 26391.5 1070190
Td8h 0.359638 358490 26391.5 1070190
Jh3d 0.359602 352213 32629 1070190
Js3d 0.359602 352213 32629 1070190
Jd3s 0.359492 352024 32701 1070190
Jd3h 0.359492 352024 32701 1070190
Ts8h 0.35904 357912 26329.5 1070190
Th8h 0.35904 357912 26329.5 1070190
Th8s 0.35904 357912 26329.5 1070190
Ts8s 0.35904 357912 26329.5 1070190
Jh3h 0.358972 351569 32599.5 1070190
Jh3s 0.358972 351569 32599.5 1070190
Js3s 0.358972 351569 32599.5 1070190
Js3h 0.358972 351569 32599.5 1070190
Js2d 0.357656 350131 32629 1070190
Jh2d 0.357656 350131 32629 1070190
Jd2h 0.357541 349936 32701 1070190
Jd2s 0.357541 349936 32701 1070190
Js2h 0.357021 349481 32599.5 1070190
Jh2s 0.357021 349481 32599.5 1070190
Jh2h 0.357021 349481 32599.5 1070190
Js2s 0.357021 349481 32599.5 1070190
9c8d 0.352258 350284 26698.5 1070190
9c8s 0.351625 349642 26663.5 1070190
9c8h 0.351625 349642 26663.5 1070190
9d8c 0.350957 349055 26536 1070190
9d8d 0.350825 350196 25253 1070190
9h8c 0.350341 348453 26478.5 1070190
9s8c 0.350341 348453 26478.5 1070190
Tc5d 0.345263 335474 34023.5 1070190
Tc5h 0.34468 334882 33991 1070190
Tc5s 0.34468 334882 33991 1070190
Tc4d 0.343076 332954 34202.5 1070190
Tc4h 0.342487 332356 34170 1070190
Tc4s 0.342487 332356 34170 1070190
Ts7d 0.342227 338082 28166 1070190
Th7d 0.342227 338082 28166 1070190
Td7h 0.342138 337949 28203.5 1070190
Td7s 0.342138 337949 28203.5 1070190
Td5d 0.342014 333857 32163 1070190
Th7h 0.34157 337411 28133.5 1070190
Th7s 0.34157 337411 28133.5 1070190
Ts7s 0.34157 337411 28133.5 1070190
Ts7h 0.34157 337411 28133.5 1070190
Tc3d 0.341223 330971 34202.5 1070190
Tc3s 0.340628 330367 34170 1070190
Tc3h 0.340628 330367 34170 1070190
Td4d 0.339805 331325 32331 1070190
Td5c 0.339697 329992 33548.5 1070190
Tc2d 0.33937 328988 34202.5 1070190
Th5c 0.339181 329537 33451.5 1070190
Ts5c 0.339181 329537 33451.5 1070190
Tc2s 0.33877 328378 34170 1070190
Tc2h 0.33877 328378 34170 1070190
Td3d 0.33791 329297 32331 1070190
9c7d 0.337194 332347 28514.5 1070190
9c7s 0.336564 331708 28479.5 1070190
9c7h 0.336564 331708 28479.5 1070190
9d7d 0.336139 332764 26969 1070190
Td4c 0.336132 326003 33722.5 1070190
Td2d 0.336015 327269 32331 1070190
Th4c 0.335618 325551 33624.5 1070190
Ts4c 0.335618 325551 33624.5 1070190
9d7c 0.334601 329799 28288 1070190
9h7c 0.334015 329237 28222.5 1070190
9s7c 0.334015 329237 28222.5 1070190
Td3c 0.332919 322564 33722.5 1070190
Th3c 0.332405 322112 33624.5 1070190
Ts3c 0.332405 322112 33624.5 1070190
Td2c 0.329732 319153 33722.5 1070190
Th2c 0.329218 318701 33624.5 1070190
Ts2c 0.329218 318701 33624.5 1070190
9h8d 0.31957 315503 26497.5 1070190
9s8d 0.31957 315503 26497.5 1070190
9d8s 0.319554 315463 26520 1070190
9d8h 0.319554 315463 26520 1070190
9h8h 0.318937 314861 26462.5 1070190
9s8h 0.318937 314861 26462.5 1070190
9h8s 0.318937 314861 26462.5 1070190
9s8s 0.318937 314861 26462.5 1070190
8d7d 0.313188 308389 26782 1070190
8c7d 0.31228 305886 28313 1070190
8c7h 0.311675 305276 28276 1070190
8c7s 0.311675 305276 28276 1070190
8d7c 0.311065 304756 28143 1070190
Ts5d 0.310712 298766 33755 1070190
Th5d 0.310712 298766 33755 1070190
Td5h 0.310644 298629 33819.5 1070190
Td5s 0.310644 298629 33819.5 1070190
8h7c 0.310482 304193 28082 1070190
8s7c 0.310482 304193 28082 1070190
Th5h 0.310129 298174 33722.5 1070190
Th5s 0.310129 298174 33722.5 1070190
Ts5h 0.310129 298174 33722.5 1070190
Ts5s 0.310129 298174 33722.5 1070190
Th4d 0.308432 296147 33934 1070190
Ts4d 0.308432 296147 33934 1070190
Td4s 0.308357 296001 33999.5 1070190
Td4h 0.308357 296001 33999.5 1070190
Th4h 0.307843 295549 33901.5 1070190
Ts4s 0.307843 295549 33901.5 1070190
Ts4h 0.307843 295549 33901.5 1070190
Th4s 0.307843 295549 33901.5 1070190
9c5d 0.307236 294936 33865 1070190
9c5h 0.306679 294375 33830 1070190
9c5s 0.306679 294375 33830 1070190
Ts3d 0.306487 294065 33934 1070190
Th3d 0.306487 294065 33934 1070190
Td3s 0.306406 293913 33999.5 1070190
Td3h 0.306406 293913 33999.5 1070190
9d5d 0.306207 295689 32010.5 1070190
Ts3h 0.305892 293461 33901.5 1070190
Ts3s 0.305892 293461 33901.5 1070190
Th3s 0.305892 293461 33901.5 1070190
Th3h 0.305892 293461 33901.5 1070190
Ts2d 0.304541 291983 33934 1070190
Th2d 0.304541 291983 33934 1070190
Td2s 0.304455 291825 33999.5 1070190
Td2h 0.304455 291825 33999.5 1070190
9h7d 0.304122 297167 28301.5 1070190
9s7d 0.304122 297167 28301.5 1070190
9d7h 0.304079 297090 28332 1070190
9d7s 0.304079 297090 28332 1070190
Ts2s 0.303941 291373 33901.5 1070190
Th2h 0.303941 291373 33901.5 1070190
Th2s 0.303941 291373 33901.5 1070190
Ts2h 0.303941 291373 33901.5 1070190
9s7h 0.303492 296528 28266.5 1070190
9s7s 0.303492 296528 28266.5 1070190
9h7s 0.303492 296528 28266.5 1070190
9h7h 0.303492 296528 28266.5 1070190
9d5c 0.302716 290510 33454 1070190
9s5c 0.302182 290029 33363 1070190
9h5c 0.302182 290029 33363 1070190
9c4d 0.293301 279665 34223 1070190
9c4h 0.292745 279105 34188 1070190
9c4s 0.292745 279105 34188 1070190
9d4d 0.292505 280689 32346.5 1070190
9c3d 0.291448 277682 34223 1070190
9c3h 0.290887 277116 34188 1070190
9c3s 0.290887 277116 34188 1070190
9d3d 0.29061 278661 32346.5 1070190
9c2d 0.289595 275699 34223 1070190
9c2s 0.289028 275127 34188 1070190
9c2h 0.289028 275127 34188 1070190
9d2d 0.288715 276633 32346.5 1070190
9d4c 0.28739 273760 33802 1070190
9h4c 0.286861 273287 33709 1070190
9s4c 0.286861 273287 33709 1070190
9d3c 0.284177 270321 33802 1070190
9h3c 0.283648 269848 33709 1070190
9s3c 0.283648 269848 33709 1070190
8d5d 0.283201 271423 31655.5 1070190
8c5d 0.282272 268600 33484.5 1070190
8c5s 0.28174 268068 33447.5 1070190
8c5h 0.28174 268068 33447.5 1070190
9d2c 0.280989 266910 33802 1070190
9h2c 0.28046 266437 33709 1070190
9s2c 0.28046 266437 33709 1070190
8s7d 0.28036 271905 28134 1070190
8h7d 0.28036 271905 28134 1070190
8d7h 0.280339 271858 28158 1070190
8d7s 0.280339 271858 28158 1070190
8s7s 0.279756 271295 28097 1070190
8h7s 0.279756 271295 28097 1070190
8h7h 0.279756 271295 28097 1070190
8s7h 0.279756 271295 28097 1070190
8d5c 0.279125 265582 33135 1070190
8s5c 0.278593 265098 33049.5 1070190
8h5c 0.278593 265098 33049.5 1070190
9s5d 0.273085 258631 33622 1070190
9h5d 0.273085 258631 33622 1070190
9d5h 0.273063 258551 33678 1070190
9d5s 0.273063 258551 33678 1070190
9h5h 0.272528 258070 33587 1070190
9h5s 0.272528 258070 33587 1070190
9s5h 0.272528 258070 33587 1070190
9s5s 0.272528 258070 33587 1070190
8d4d 0.269498 256423 31991.5 1070190
8c4d 0.268332 253324 33842.5 1070190
7d5d 0.268008 256040 30780 1070190
8c4h 0.267801 252792 33805.5 1070190
8c4s 0.267801 252792 33805.5 1070190
7c5d 0.265366 251439 32553 1070190
7c5h 0.264857 250933 32514.5 1070190
7c5s 0.264857 250933 32514.5 1070190
8d4c 0.263804 248837 33483 1070190
7d5c 0.263549 249784 32264 1070190
8s4c 0.263278 248362 33395.5 1070190
8h4c 0.263278 248362 33395.5 1070190
7h5c 0.263018 249295 32184.5 1070190
7s5c 0.263018 249295 32184.5 1070190
9h4d 0.258567 242736 33980 1070190
9s4d 0.258567 242736 33980 1070190
9d4s 0.25854 242649 34038 1070190
9d4h 0.25854 242649 34038 1070190
9h4h 0.258011 242176 33945 1070190
9h4s 0.258011 242176 33945 1070190
9s4h 0.258011 242176 33945 1070190
9s4s 0.258011 242176 33945 1070190
9h3d 0.256622 240654 33980 1070190
9s3d 0.256622 240654 33980 1070190
9d3h 0.256589 240561 34038 1070190
9d3s 0.256589 240561 34038 1070190
9h3s 0.25606 240088 33945 1070190
9s3s 0.25606 240088 33945 1070190
9s3h 0.25606 240088 33945 1070190
9h3h 0.25606 240088 33945 1070190
8d3d 0.255372 241305 31991.5 1070190
9h2d 0.254676 238572 33980 1070190
9s2d 0.254676 238572 33980 1070190
9d2h 0.254638 238473 34038 1070190
9d2s 0.254638 238473 34038 1070190
7d4d 0.254597 241435 31032 1070190
9s2s 0.254109 238000 33945 1070190
9h2h 0.254109 238000 33945 1070190
9h2s 0.254109 238000 33945 1070190
9s2h 0.254109 238000 33945 1070190
8c3d 0.253967 237950 33842.5 1070190
8d2d 0.253477 239277 31991.5 1070190
8c3s 0.253437 237420 33805.5 1070190
8c3h 0.253437 237420 33805.5 1070190
8c2d 0.252114 235967 33842.5 1070190
7c4d 0.251728 236575 32821.5 1070190
8c2h 0.251578 235431 33805.5 1070190
8c2s 0.251578 235431 33805.5 1070190
7c4s 0.251219 236069 32783 1070190
7c4h 0.251219 236069 32783 1070190
8d5h 0.249265 233437 33324 1070190
8d5s 0.249265 233437 33324 1070190
8h5d 0.249265 233485 33275.5 1070190
8s5d 0.249265 233485 33275.5 1070190
8s5s 0.248733 232953 33238.5 1070190
8h5h 0.248733 232953 33238.5 1070190
8s5h 0.248733 232953 33238.5 1070190
8h5s 0.248733 232953 33238.5 1070190
7d4c 0.248527 233446 32525 1070190
8d3c 0.248063 231992 33483 1070190
7s4c 0.248002 232965 32444 1070190
7h4c 0.248002 232965 32444 1070190
8s3c 0.247542 231522 33395.5 1070190
8h3c 0.247542 231522 33395.5 1070190
8d2c 0.244876 228581 33483 1070190
8h2c 0.244355 228111 33395.5 1070190
8s2c 0.244355 228111 33395.5 1070190
7d3d 0.24047 226317 31032 1070190
7c3d 0.237357 221196 32821.5 1070190
7c3s 0.23685 220691 32783 1070190
7c3h 0.23685 220691 32783 1070190
8h4d 0.234748 217591 33633.5 1070190
8s4d 0.234748 217591 33633.5 1070190
8d4s 0.234741 217534 33684 1070190
8d4h 0.234741 217534 33684 1070190
8s4s 0.234216 217059 33596.5 1070190
8s4h 0.234216 217059 33596.5 1070190
8h4s 0.234216 217059 33596.5 1070190
8h4h 0.234216 217059 33596.5 1070190
7d5h 0.233664 217649 32415.5 1070190
7d5s 0.233664 217649 32415.5 1070190
7h5d 0.233641 217666 32374.5 1070190
7s5d 0.233641 217666 32374.5 1070190
7h5h 0.233132 217160 32336 1070190
7s5s 0.233132 217160 32336 1070190
7h5s 0.233132 217160 32336 1070190
7s5h 0.233132 217160 32336 1070190
7d3c 0.232791 216606 32525 1070190
7s3c 0.232272 216131 32444 1070190
7h3c 0.232272 216131 32444 1070190
5d4d 0.227621 207466 36131.5 1070190
7d2d 0.225896 210804 30948 1070190
5c4d 0.222901 200620 37926 1070190
7c2d 0.222528 205415 32732 1070190
5c4s 0.22244 200187 37866.5 1070190
5c4h 0.22244 200187 37866.5 1070190
7c2h 0.222023 204913 32693.5 1070190
7c2s 0.222023 204913 32693.5 1070190
5d4c 0.221665 199334 37889.5 1070190
5s4c 0.221215 198920 37822.5 1070190
5h4c 0.221215 198920 37822.5 1070190
8h3d 0.219776 201569 33633.5 1070190
8s3d 0.219776 201569 33633.5 1070190
8d3s 0.219768 201509 33684 1070190
8d3h 0.219768 201509 33684 1070190
7d4s 0.21945 202168 32685.5 1070190
7d4h 0.21945 202168 32685.5 1070190
7s4d 0.219434 202193 32643 1070190
7h4d 0.219434 202193 32643 1070190
8s3s 0.219247 201039 33596.5 1070190
8s3h 0.219247 201039 33596.5 1070190
8h3h 0.219247 201039 33596.5 1070190
8h3s 0.219247 201039 33596.5 1070190
7h4h 0.218925 201687 32604.5 1070190
7h4s 0.218925 201687 32604.5 1070190
7s4h 0.218925 201687 32604.5 1070190
7s4s 0.218925 201687 32604.5 1070190
8h2d 0.217831 199487 33633.5 1070190
8s2d 0.217831 199487 33633.5 1070190
8d2h 0.217816 199421 33684 1070190
8d2s 0.217816 199421 33684 1070190
8h2h 0.217296 198951 33596.5 1070190
8h2s 0.217296 198951 33596.5 1070190
8s2s 0.217296 198951 33596.5 1070190
8s2h 0.217296 198951 33596.5 1070190
7d2c 0.216611 199377 32438 1070190
7s2c 0.216097 198907 32357.5 1070190
7h2c 0.216097 198907 32357.5 1070190
5d3d 0.213522 192012 36497 1070190
4d3d 0.209654 187957 36413 1070190
5c3d 0.20856 184893 38306 1070190
5c3h 0.208102 184463 38245.5 1070190
5c3s 0.208102 184463 38245.5 1070190
5d3c 0.205952 182136 38272 1070190
5h3c 0.205508 181728 38204.5 1070190
5s3c 0.205508 181728 38204.5 1070190
7d3s 0.204475 186142 32685.5 1070190
7d3h 0.204475 186142 32685.5 1070190
7s3d 0.204464 186172 32643 1070190
7h3d 0.204464 186172 32643 1070190
7h3h 0.203956 185667 32604.5 1070190
7h3s 0.203956 185667 32604.5 1070190
7s3s 0.203956 185667 32604.5 1070190
7s3h 0.203956 185667 32604.5 1070190
4c3d 0.203255 179322 38199.5 1070190
4c3s 0.202807 178907 38135.5 1070190
4c3h 0.202807 178907 38135.5 1070190
4d3c 0.202014 177991 38202 1070190
4h3c 0.20157 177580 38138.5 1070190
4s3c 0.20157 177580 38138.5 1070190
5d2d 0.198948 176499 36413 1070190
4d2d 0.195292 172503 36497 1070190
3d2d 0.193959 171106 36467.5 1070190
5c2d 0.193726 169107 38216.5 1070190
5c2s 0.193269 168679 38156 1070190
5c2h 0.193269 168679 38156 1070190
5s4d 0.192056 167540 37996.5 1070190
5h4d 0.192056 167540 37996.5 1070190
5d4h 0.192045 167521 38004 1070190
5d4s 0.192045 167521 38004 1070190
5h4h 0.191596 167107 37937 1070190
5h4s 0.191596 167107 37937 1070190
5s4h 0.191596 167107 37937 1070190
5s4s 0.191596 167107 37937 1070190
5d2c 0.189777 164912 38185 1070190
5s2c 0.189338 164510 38118 1070190
5h2c 0.189338 164510 38118 1070190
7d2h 0.189024 169696 32595.5 1070190
7d2s 0.189024 169696 32595.5 1070190
7h2d 0.189015 169728 32553.5 1070190
7s2d 0.189015 169728 32553.5 1070190
4c2d 0.188641 163595 38286.5 1070190
7s2h 0.18851 169226 32515 1070190
7h2s 0.18851 169226 32515 1070190
7h2h 0.18851 169226 32515 1070190
7s2s 0.18851 169226 32515 1070190
4c2h 0.188196 163183 38222 1070190
4c2s 0.188196 163183 38222 1070190
4d2c 0.186053 160821 38291.5 1070190
3c2d 0.185989 160784 38259.5 1070190
4s2c 0.185616 160416 38228 1070190
4h2c 0.185616 160416 38228 1070190
3c2s 0.185544 160372 38195 1070190
3c2h 0.185544 160372 38195 1070190
3d2c 0.184774 159481 38262 1070190
3h2c 0.184333 159073 38198 1070190
3s2c 0.184333 159073 38198 1070190
5h3d 0.177114 151159 38387 1070190
5s3d 0.177114 151159 38387 1070190
5d3h 0.1771 151137 38394 1070190
5d3s 0.1771 151137 38394 1070190
5s3h 0.176656 150729 38326.5 1070190
5h3s 0.176656 150729 38326.5 1070190
5s3s 0.176656 150729 38326.5 1070190
5h3h 0.176656 150729 38326.5 1070190
4s3d 0.173086 146934 38301 1070190
4h3d 0.173086 146934 38301 1070190
4d3h 0.173082 146930 38300.5 1070190
4d3s 0.173082 146930 38300.5 1070190
4s3h 0.172639 146519 38237 1070190
4h3h 0.172639 146519 38237 1070190
4h3s 0.172639 146519 38237 1070190
4s3s 0.172639 146519 38237 1070190
5h2d 0.161666 134716 38297.5 1070190
5s2d 0.161666 134716 38297.5 1070190
5d2h 0.161648 134690 38304 1070190
5d2s 0.161648 134690 38304 1070190
5s2s 0.16121 134288 38237 1070190
5s2h 0.16121 134288 38237 1070190
5h2s 0.16121 134288 38237 1070190
5h2h 0.16121 134288 38237 1070190
4s2d 0.157864 130553 38391 1070190
4h2d 0.157864 130553 38391 1070190
4d2s 0.157856 130546 38390 1070190
4d2h 0.157856 130546 38390 1070190
4s2s 0.157418 130141 38326.5 1070190
4s2h 0.157418 130141 38326.5 1070190
4h2s 0.157418 130141 38326.5 1070190
4h2h 0.157418 130141 38326.5 1070190
3h2d 0.156512 129138 38359.5 1070190
3s2d 0.156512 129138 38359.5 1070190
3d2h 0.156508 129134 38359 1070190
3d2s 0.156508 129134 38359 1070190
3h2h 0.156067 128726 38295 1070190
3h2s 0.156067 128726 38295 1070190
3s2h 0.156067 128726 38295 1070190
3s2s 0.156067 128726 38295 1070190
