TsTc 0.94041 1006353 64.5 1070190
ThTc 0.94041 1006353 64.5 1070190
KsKd 0.93215 997578 0 1070190
KhKd 0.93215 997578 0 1070190
KsKh 0.931775 997176 0 1070190
TsTh 0.925738 990651 64.5 1070190
6s6d 0.91886 983235 120 1070190
6h6d 0.91886 983235 120 1070190
6s6h 0.918487 982836 120 1070190
KdTc 0.909735 970935 2654 1070190
KhTc 0.909275 970443 2654 1070190
KsTc 0.909275 970443 2654 1070190
KdTh 0.893995 954045 2699 1070190
KdTs 0.893995 954045 2699 1070190
KsTh 0.893535 953553 2699 1070190
KsTs 0.893535 953553 2699 1070190
KhTs 0.893535 953553 2699 1070190
KhTh 0.893535 953553 2699 1070190
Kd6d 0.881094 937083 5855 1070190
Kd6s 0.876107 931656 5945 1070190
Kd6h 0.876107 931656 5945 1070190
Ks6d 0.876104 931653 5945 1070190
Kh6d 0.876104 931653 5945 1070190
Kh6s 0.875752 931299 5922.5 1070190
Ks6h 0.875752 931299 5922.5 1070190
Ks6s 0.875752 931299 5922.5 1070190
Kh6h 0.875752 931299 5922.5 1070190
AcKd 0.869879 926711 4224.5 1070190
AcKh 0.869105 925905 4202 1070190
AcKs 0.869105 925905 4202 1070190
Tc6d 0.866261 920856 6207.5 1070190
Tc6h 0.865846 920412 6207.5 1070190
Tc6s 0.865846 920412 6207.5 1070190
AdAc 0.862857 922303 1117.5 1070190
AsAc 0.862065 921460 1113 1070190
AhAc 0.862065 921460 1113 1070190
AcTc 0.859426 916574 3175.5 1070190
KdQc 0.852381 906387 5822.5 1070190
KhQc 0.85164 905621 5796 1070190
KsQc 0.85164 905621 5796 1070190
AdKd 0.851163 906779 4127.5 1070190
Ts6d 0.849598 903129 6102.5 1070190
Th6d 0.849598 903129 6102.5 1070190
Ts6h 0.849183 902685 6102.5 1070190
Ts6s 0.849183 902685 6102.5 1070190
Th6s 0.849183 902685 6102.5 1070190
Th6h 0.849183 902685 6102.5 1070190
QcTc 0.848973 901255 7307 1070190
KdJc 0.845219 898045 6499.5 1070190
KhJc 0.844514 897321 6469.5 1070190
KsJc 0.844514 897321 6469.5 1070190
AdKh 0.843696 898591 4324 1070190
AdKs 0.843696 898591 4324 1070190
AsKd 0.843666 898563 4320 1070190
AhKd 0.843666 898563 4320 1070190
JcTc 0.842956 894453 7670 1070190
AhKh 0.842892 897757 4297.5 1070190
AsKs 0.842892 897757 4297.5 1070190
AhKs 0.842892 897757 4297.5 1070190
AsKh 0.842892 897757 4297.5 1070190
AsAd 0.836868 894500 1108 1070190
AhAd 0.836868 894500 1108 1070190
AsAh 0.836076 893657 1103.5 1070190
KdQd 0.835368 888329 5674 1070190
Kd9c 0.831787 879044 11126 1070190
Ks9c 0.831133 878398 11072 1070190
Kh9c 0.831133 878398 11072 1070190
KdJd 0.829734 881626 6347 1070190
Tc9c 0.827886 877668 8327.5 1070190
KsQd 0.827543 879674 5954 1070190
KhQd 0.827543 879674 5954 1070190
KdQs 0.827518 879651 5950.5 1070190
KdQh 0.827518 879651 5950.5 1070190
KhQs 0.826777 878885 5924 1070190
KsQh 0.826777 878885 5924 1070190
KsQs 0.826777 878885 5924 1070190
KhQh 0.826777 878885 5924 1070190
KsJd 0.821652 872672 6651.5 1070190
KhJd 0.821652 872672 6651.5 1070190
KdJs 0.821591 872607 6651.5 1070190
KdJh 0.821591 872607 6651.5 1070190
Tc8c 0.821161 869988 8810 1070190
Kd8c 0.821015 866815 11827 1070190
KsJh 0.820886 871883 6621.5 1070190
KsJs 0.820886 871883 6621.5 1070190
KhJs 0.820886 871883 6621.5 1070190
KhJh 0.820886 871883 6621.5 1070190
Kh8c 0.820395 866216 11763 1070190
Ks8c 0.820395 866216 11763 1070190
Kd9d 0.819362 866047 10826 1070190
Tc7c 0.818643 866652 9452 1070190
Kd7c 0.815907 860358 12817 1070190
Kh7c 0.815313 859793 12747 1070190
Ks7c 0.815313 859793 12747 1070190
Kh9d 0.810852 856461 11304.5 1070190
Ks9d 0.810852 856461 11304.5 1070190
Kd9s 0.810742 856319 11329 1070190
Kd9h 0.810742 856319 11329 1070190
Tc5c 0.810519 855519 11890.5 1070190
Tc4c 0.810329 855243 11962.5 1070190
Tc3c 0.810172 855075 11962.5 1070190
Ks9h 0.810088 855673 11275 1070190
Ks9s 0.810088 855673 11275 1070190
Kh9h 0.810088 855673 11275 1070190
Kh9s 0.810088 855673 11275 1070190
Tc2c 0.810015 854907 11962.5 1070190
Kd8d 0.809906 855178 11575.5 1070190
Kd7d 0.806169 850182 12572.5 1070190
Kd5c 0.802248 842256 16302 1070190
Ks5c 0.801715 841785 16202 1070190
Kh5c 0.801715 841785 16202 1070190
Ks8d 0.800686 844818 12068.5 1070190
Kh8d 0.800686 844818 12068.5 1070190
Kd4c 0.80066 840436 16422 1070190
Kd8s 0.800514 844596 12106.5 1070190
Kd8h 0.800514 844596 12106.5 1070190
Ks4c 0.800128 839968 16321 1070190
Kh4c 0.800128 839968 16321 1070190
Ks8s 0.799895 843997 12042.5 1070190
Ks8h 0.799895 843997 12042.5 1070190
Kh8s 0.799895 843997 12042.5 1070190
Kh8h 0.799895 843997 12042.5 1070190
Kd3c 0.799044 838707 16422 1070190
Ks3c 0.798512 838239 16321 1070190
Kh3c 0.798512 838239 16321 1070190
Kd2c 0.797455 837006 16422 1070190
Kh2c 0.796923 836538 16321 1070190
Ks2c 0.796923 836538 16321 1070190
Kh7d 0.796823 839644 13107.5 1070190
Ks7d 0.796823 839644 13107.5 1070190
Kd7h 0.79663 839394 13151.5 1070190
Kd7s 0.79663 839394 13151.5 1070190
Ks7h 0.796037 838829 13081.5 1070190
Kh7s 0.796037 838829 13081.5 1070190
Ks7s 0.796037 838829 13081.5 1070190
Kh7h 0.796037 838829 13081.5 1070190
Kd5d 0.793758 833367 16105 1070190
Kd4d 0.79347 832941 16223 1070190
Kd3d 0.793106 832551 16223 1070190
Kd2d 0.792741 832161 16223 1070190
Kh5d 0.783576 821805 16770.5 1070190
Ks5d 0.783576 821805 16770.5 1070190
Kd5h 0.783304 821439 16845 1070190
Kd5s 0.783304 821439 16845 1070190
Ks4d 0.783275 821358 16895.5 1070190
Kh4d 0.783275 821358 16895.5 1070190
Kd4s 0.783001 820989 16971 1070190
Kd4h 0.783001 820989 16971 1070190
Ks3d 0.782861 820914 16895.5 1070190
Kh3d 0.782861 820914 16895.5 1070190
Kh5s 0.78277 820968 16745 1070190
Ks5h 0.78277 820968 16745 1070190
Ks5s 0.78277 820968 16745 1070190
Kh5h 0.78277 820968 16745 1070190
Kd3h 0.782581 820539 16971 1070190
Kd3s 0.782581 820539 16971 1070190
Kh4h 0.782469 820521 16870 1070190
Kh4s 0.782469 820521 16870 1070190
Ks4s 0.782469 820521 16870 1070190
Ks4h 0.782469 820521 16870 1070190
Ks2d 0.782446 820470 16895.5 1070190
Kh2d 0.782446 820470 16895.5 1070190
Kd2s 0.78216 820089 16971 1070190
Kd2h 0.78216 820089 16971 1070190
Kh3s 0.782049 820071 16870 1070190
Ks3s 0.782049 820071 16870 1070190
Ks3h 0.782049 820071 16870 1070190
Kh3h 0.782049 820071 16870 1070190
Ks2h 0.781628 819621 16870 1070190
Kh2h 0.781628 819621 16870 1070190
Ks2s 0.781628 819621 16870 1070190
Kh2s 0.781628 819621 16870 1070190
QdQc 0.777665 830547 1702.5 1070190
QhQc 0.776952 829792 1694 1070190
QsQc 0.776952 829792 1694 1070190
AcTh 0.774661 824531 4503 1070190
AcTs 0.774661 824531 4503 1070190
AdTc 0.77145 821119 4479 1070190
AsTc 0.770618 820233 4474.5 1070190
AhTc 0.770618 820233 4474.5 1070190
QcTh 0.764721 807899 10497.5 1070190
QcTs 0.764721 807899 10497.5 1070190
QdTc 0.763248 806140 10680.5 1070190
QsTc 0.762473 805319 10672 1070190
QhTc 0.762473 805319 10672 1070190
JdJc 0.760634 812320 1702.5 1070190
JsJc 0.75992 811565 1694 1070190
JhJc 0.75992 811565 1694 1070190
JcTs 0.758737 801039 10953.5 1070190
JcTh 0.758737 801039 10953.5 1070190
JdTc 0.758497 800571 11164.5 1070190
JhTc 0.757722 799750 11156 1070190
JsTc 0.757722 799750 11156 1070190
AcQc 0.751387 798495 5631.5 1070190
QhQd 0.750426 801413 1685 1070190
QsQd 0.750426 801413 1685 1070190
QsQh 0.749712 800658 1676.5 1070190
QcJc 0.749694 794132 8183 1070190
AdTh 0.746961 794999 4391 1070190
AdTs 0.746961 794999 4391 1070190
AcJc 0.74616 792902 5631.5 1070190
AsTh 0.746129 794113 4386.5 1070190
AsTs 0.746129 794113 4386.5 1070190
AhTh 0.746129 794113 4386.5 1070190
AhTs 0.746129 794113 4386.5 1070190
QdTh 0.739097 780563 10411 1070190
QdTs 0.739097 780563 10411 1070190
Tc9d 0.738945 778630 12181.5 1070190
QhTs 0.738322 779742 10402.5 1070190
QsTh 0.738322 779742 10402.5 1070190
QsTs 0.738322 779742 10402.5 1070190
QhTh 0.738322 779742 10402.5 1070190
Tc9s 0.73817 777809 12173.5 1070190
Tc9h 0.73817 777809 12173.5 1070190
Ts9c 0.73655 776340 11908 1070190
Th9c 0.73655 776340 11908 1070190
JdTs 0.734464 775139 10877.5 1070190
JdTh 0.734464 775139 10877.5 1070190
JsJd 0.734318 784175 1685 1070190
JhJd 0.734318 784175 1685 1070190
JhTh 0.733689 774318 10869 1070190
JsTs 0.733689 774318 10869 1070190
JsTh 0.733689 774318 10869 1070190
JhTs 0.733689 774318 10869 1070190
JsJh 0.733605 783420 1676.5 1070190
Tc8d 0.727048 765153 12926 1070190
Tc8h 0.726244 764297 12922 1070190
Tc8s 0.726244 764297 12922 1070190
Ts8c 0.723927 762184 12555.5 1070190
Th8c 0.723927 762184 12555.5 1070190
Tc7d 0.7233 760130 13938 1070190
Tc7s 0.722502 759280 13934 1070190
Tc7h 0.722502 759280 13934 1070190
Ts7c 0.71897 755919 13515.5 1070190
Th7c 0.71897 755919 13515.5 1070190
Th9d 0.714448 752746 11849.5 1070190
Ts9d 0.714448 752746 11849.5 1070190
Th9h 0.713674 751925 11841.5 1070190
Th9s 0.713674 751925 11841.5 1070190
Ts9h 0.713674 751925 11841.5 1070190
Ts9s 0.713674 751925 11841.5 1070190
Tc5d 0.709569 741801 17572.5 1070190
Tc4d 0.709283 741375 17692.5 1070190
Tc3d 0.708882 740946 17692.5 1070190
Tc5s 0.708736 740910 17572.5 1070190
Tc5h 0.708736 740910 17572.5 1070190
Tc2d 0.708481 740517 17692.5 1070190
Tc4s 0.70845 740484 17692.5 1070190
Tc4h 0.70845 740484 17692.5 1070190
Tc3h 0.708044 740049 17692.5 1070190
Tc3s 0.708044 740049 17692.5 1070190
Tc2s 0.707637 739614 17692.5 1070190
Tc2h 0.707637 739614 17692.5 1070190
Ts5c 0.704656 737181 16935 1070190
Th5c 0.704656 737181 16935 1070190
Ts4c 0.703079 735379 17049 1070190
Th4c 0.703079 735379 17049 1070190
Ts8d 0.702436 739217 12522.5 1070190
Th8d 0.702436 739217 12522.5 1070190
Th8s 0.701632 738361 12518.5 1070190
Ts8s 0.701632 738361 12518.5 1070190
Th8h 0.701632 738361 12518.5 1070190
Ts8h 0.701632 738361 12518.5 1070190
Ts3c 0.701463 733650 17049 1070190
Th3c 0.701463 733650 17049 1070190
Th2c 0.699874 731949 17049 1070190
Ts2c 0.699874 731949 17049 1070190
Th7d 0.698804 734345 13508 1070190
Ts7d 0.698804 734345 13508 1070190
Th7s 0.698006 733495 13504 1070190
Th7h 0.698006 733495 13504 1070190
Ts7s 0.698006 733495 13504 1070190
Ts7h 0.698006 733495 13504 1070190
Qc9c 0.689652 726214 11844.5 1070190
Ac9c 0.686078 723759 10475 1070190
Th5d 0.685039 716124 16998 1070190
Ts5d 0.685039 716124 16998 1070190
Ts4d 0.684759 715707 17115 1070190
Th4d 0.684759 715707 17115 1070190
Th3d 0.68435 715269 17115 1070190
Ts3d 0.68435 715269 17115 1070190
Th5h 0.684207 715233 16998 1070190
Ts5h 0.684207 715233 16998 1070190
Ts5s 0.684207 715233 16998 1070190
Th5s 0.684207 715233 16998 1070190
Ts2d 0.68394 714831 17115 1070190
Th2d 0.68394 714831 17115 1070190
Ts4s 0.683926 714816 17115 1070190
Ts4h 0.683926 714816 17115 1070190
Th4s 0.683926 714816 17115 1070190
Th4h 0.683926 714816 17115 1070190
Th3s 0.683511 714372 17115 1070190
Th3h 0.683511 714372 17115 1070190
Ts3s 0.683511 714372 17115 1070190
Ts3h 0.683511 714372 17115 1070190
Ts2h 0.683096 713928 17115 1070190
Ts2s 0.683096 713928 17115 1070190
Th2s 0.683096 713928 17115 1070190
Th2h 0.683096 713928 17115 1070190
Ac8c 0.680465 716589 11637.5 1070190
Ac7c 0.675846 710716 12567.5 1070190
Ac6d 0.667602 709174 5286.5 1070190
Ac6s 0.666828 708369 5264 1070190
Ac6h 0.666828 708369 5264 1070190
9d9c 0.664995 709786 1885.5 1070190
9h9c 0.664283 709031 1877.5 1070190
9s9c 0.664283 709031 1877.5 1070190
Qc6d 0.658533 693734 11021.5 1070190
Qc6h 0.657803 692979 10995 1070190
Qc6s 0.657803 692979 10995 1070190
Ac5c 0.655739 686143 15622 1070190
Ac4c 0.654263 684457 15729 1070190
Jc9c 0.653896 688544 11248.5 1070190
Ad6d 0.652931 693602 5158 1070190
Ac3c 0.652887 682984 15729 1070190
Ac2c 0.65151 681511 15729 1070190
Jc6d 0.651375 685679 11415.5 1070190
Jc6h 0.65068 684966 11385.5 1070190
Jc6s 0.65068 684966 11385.5 1070190
Qd6d 0.644929 679175 11022 1070190
9s9d 0.639746 682789 1860.5 1070190
9h9d 0.639746 682789 1860.5 1070190
Jd6d 0.639188 672663 11389.5 1070190
9s9h 0.639033 682034 1852.5 1070190
8d8c 0.636819 680253 1264.5 1070190
8s8c 0.63608 679466 1260.5 1070190
8h8c 0.63608 679466 1260.5 1070190
Qc8c 0.635156 666522 13216 1070190
Ah6d 0.634117 673275 5350.5 1070190
As6d 0.634117 673275 5350.5 1070190
Ad6s 0.634114 673268 5354.5 1070190
Ad6h 0.634114 673268 5354.5 1070190
As6h 0.633344 672470 5328 1070190
Ah6s 0.633344 672470 5328 1070190
Ah6h 0.633344 672470 5328 1070190
As6s 0.633344 672470 5328 1070190
9c6d 0.632956 657593 19790.5 1070190
9c6h 0.632353 657046 19691.5 1070190
9c6s 0.632353 657046 19691.5 1070190
Qc7c 0.630538 660649 14146 1070190
Qh6d 0.627021 659733 11298.5 1070190
Qs6d 0.627021 659733 11298.5 1070190
Qd6s 0.627014 659722 11302 1070190
Qd6h 0.627014 659722 11302 1070190
Qh6h 0.626291 658978 11272 1070190
Qh6s 0.626291 658978 11272 1070190
Qs6s 0.626291 658978 11272 1070190
Qs6h 0.626291 658978 11272 1070190
QcJd 0.624088 656555 11337.5 1070190
9d6d 0.623887 648164 19513.5 1070190
QcJs 0.623382 655839 11298 1070190
QcJh 0.623382 655839 11298 1070190
QdJc 0.622627 655006 11323.5 1070190
QsJc 0.621925 654297 11280.5 1070190
QhJc 0.621925 654297 11280.5 1070190
8c6d 0.621442 644894 20167.5 1070190
Jd6h 0.621198 653106 11694 1070190
Jd6s 0.621198 653106 11694 1070190
Js6d 0.621169 653075 11694 1070190
Jh6d 0.621169 653075 11694 1070190
8c6s 0.620859 644379 20058 1070190
8c6h 0.620859 644379 20058 1070190
Jh6h 0.620475 652362 11664 1070190
Js6s 0.620475 652362 11664 1070190
Jh6s 0.620475 652362 11664 1070190
Js6h 0.620475 652362 11664 1070190
7d7c 0.618813 661019 1228.5 1070190
7c6d 0.618167 640723 20833.5 1070190
7s7c 0.618079 660238 1224.5 1070190
7h7c 0.618079 660238 1224.5 1070190
7c6s 0.617595 640226 20718 1070190
7c6h 0.617595 640226 20718 1070190
AcQd 0.617163 652590 7892 1070190
AcQh 0.61644 651847 7860.5 1070190
AcQs 0.61644 651847 7860.5 1070190
9c8c 0.615585 641337 17455.5 1070190
AdQc 0.614767 650097 7821 1070190
AhQc 0.613973 649282 7785.5 1070190
AsQc 0.613973 649282 7785.5 1070190
8d6d 0.61365 636805 19917.5 1070190
9c7c 0.612064 637569 17455.5 1070190
QdJd 0.612034 644047 10946 1070190
7d6d 0.61166 634019 20573 1070190
8h8d 0.611631 653312 1249 1070190
8s8d 0.611631 653312 1249 1070190
8s8h 0.610892 652525 1245 1070190
Qc5c 0.610222 635880 17173.5 1070190
AcJd 0.60919 644057 7892 1070190
Qc4c 0.608747 634194 17280.5 1070190
AcJh 0.608466 643314 7860.5 1070190
AcJs 0.608466 643314 7860.5 1070190
Qc3c 0.60737 632721 17280.5 1070190
Qc2c 0.605994 631248 17280.5 1070190
AdJc 0.605543 640225 7821 1070190
9d6h 0.605326 627507 20307 1070190
9d6s 0.605326 627507 20307 1070190
9h6d 0.605206 627309 20376.5 1070190
9s6d 0.605206 627309 20376.5 1070190
AhJc 0.604781 639445 7785.5 1070190
AsJc 0.604781 639445 7785.5 1070190
9s6h 0.604602 626762 20277.5 1070190
9s6s 0.604602 626762 20277.5 1070190
9h6h 0.604602 626762 20277.5 1070190
9h6s 0.604602 626762 20277.5 1070190
AdQd 0.603486 638356 7489 1070190
Jc8c 0.59887 628285 12620 1070190
AdJd 0.595937 630277 7489 1070190
7s7d 0.594465 634976 1214.5 1070190
7h7d 0.594465 634976 1214.5 1070190
8d6s 0.594437 615431 20729 1070190
8d6h 0.594437 615431 20729 1070190
8s6d 0.594269 615168 20812.5 1070190
8h6d 0.594269 615168 20812.5 1070190
Jc7c 0.594251 622412 13550 1070190
QhJd 0.593896 624395 11187 1070190
QsJd 0.593896 624395 11187 1070190
QdJh 0.593893 624388 11190.5 1070190
QdJs 0.593893 624388 11190.5 1070190
7s7h 0.593731 634195 1210.5 1070190
8s6s 0.593685 614653 20703 1070190
8h6h 0.593685 614653 20703 1070190
8h6s 0.593685 614653 20703 1070190
8s6h 0.593685 614653 20703 1070190
QhJh 0.59319 623679 11147.5 1070190
QsJs 0.59319 623679 11147.5 1070190
QhJs 0.59319 623679 11147.5 1070190
QsJh 0.59319 623679 11147.5 1070190
6d5c 0.592795 613641 20762 1070190
7d6s 0.592523 612686 21426.5 1070190
7d6h 0.592523 612686 21426.5 1070190
7s6d 0.59235 612411 21516 1070190
7h6d 0.59235 612411 21516 1070190
6h5c 0.59224 613170 20639.5 1070190
6s5c 0.59224 613170 20639.5 1070190
7h6h 0.591778 611914 21400.5 1070190
7s6s 0.591778 611914 21400.5 1070190
7h6s 0.591778 611914 21400.5 1070190
7s6h 0.591778 611914 21400.5 1070190
6d4c 0.591206 611821 20882 1070190
6h4c 0.590654 611353 20758.5 1070190
6s4c 0.590654 611353 20758.5 1070190
8c7c 0.590406 615435 16411.5 1070190
6d3c 0.589591 610092 20882 1070190
6h3c 0.589038 609624 20758.5 1070190
6s3c 0.589038 609624 20758.5 1070190
6d2c 0.588001 608391 20882 1070190
6d5d 0.587755 608460 20549.5 1070190
6d4d 0.587467 608034 20667.5 1070190
6s2c 0.587448 607923 20758.5 1070190
6h2c 0.587448 607923 20758.5 1070190
6d3d 0.587103 607644 20667.5 1070190
6d2d 0.586738 607254 20667.5 1070190
AdQs 0.583278 616479 7739.5 1070190
AdQh 0.583278 616479 7739.5 1070190
AsQd 0.583207 616407 7735.5 1070190
AhQd 0.583207 616407 7735.5 1070190
AhQh 0.582483 615664 7704 1070190
AsQh 0.582483 615664 7704 1070190
AsQs 0.582483 615664 7704 1070190
AhQs 0.582483 615664 7704 1070190
AdJh 0.575331 607974 7739.5 1070190
AdJs 0.575331 607974 7739.5 1070190
AsJd 0.575293 607937 7735.5 1070190
AhJd 0.575293 607937 7735.5 1070190
AsJs 0.574569 607194 7704 1070190
AsJh 0.574569 607194 7704 1070190
AhJh 0.574569 607194 7704 1070190
AhJs 0.574569 607194 7704 1070190
Jc5c 0.573151 596321 17060 1070190
Jc4c 0.571676 594635 17167 1070190
Jc3c 0.5703 593162 17167 1070190
Jc2c 0.568923 591689 17167 1070190
6h5d 0.567037 585465 21372.5 1070190
6s5d 0.567037 585465 21372.5 1070190
6d5h 0.566819 585135 21469.5 1070190
6d5s 0.566819 585135 21469.5 1070190
6h4d 0.566736 585018 21497.5 1070190
6s4d 0.566736 585018 21497.5 1070190
6d4h 0.566517 584685 21595.5 1070190
6d4s 0.566517 584685 21595.5 1070190
6s3d 0.566321 584574 21497.5 1070190
6h3d 0.566321 584574 21497.5 1070190
6h5h 0.566265 584664 21347 1070190
6h5s 0.566265 584664 21347 1070190
6s5s 0.566265 584664 21347 1070190
6s5h 0.566265 584664 21347 1070190
6d3s 0.566096 584235 21595.5 1070190
6d3h 0.566096 584235 21595.5 1070190
6s4s 0.565964 584217 21472 1070190
6s4h 0.565964 584217 21472 1070190
6h4s 0.565964 584217 21472 1070190
6h4h 0.565964 584217 21472 1070190
6s2d 0.565907 584130 21497.5 1070190
6h2d 0.565907 584130 21497.5 1070190
6d2s 0.565676 583785 21595.5 1070190
6d2h 0.565676 583785 21595.5 1070190
6h3h 0.565544 583767 21472 1070190
6s3s 0.565544 583767 21472 1070190
6s3h 0.565544 583767 21472 1070190
6h3s 0.565544 583767 21472 1070190
6s2h 0.565123 583317 21472 1070190
6h2s 0.565123 583317 21472 1070190
6h2h 0.565123 583317 21472 1070190
6s2s 0.565123 583317 21472 1070190
Qc9d 0.534476 554974 17017 1070190
Qc9h 0.5338 554284 16983 1070190
Qc9s 0.5338 554284 16983 1070190
9c5c 0.529811 545902 21096.5 1070190
Qd9c 0.529791 550117 16859.5 1070190
Qh9c 0.529164 549506 16800.5 1070190
Qs9c 0.529164 549506 16800.5 1070190
9c4c 0.528182 544052 21203.5 1070190
9c3c 0.52684 542615 21203.5 1070190
9c2c 0.525463 541142 21203.5 1070190
Qd9d 0.524048 544607 16224 1070190
Ac9d 0.520216 541400 15329.5 1070190
Ac9s 0.519535 540698 15303.5 1070190
Ac9h 0.519535 540698 15303.5 1070190
Ad9c 0.512833 533780 15049 1070190
As9c 0.512137 533092 14991.5 1070190
Ah9c 0.512137 533092 14991.5 1070190
Ac8d 0.510733 529429 17152 1070190
5d5c 0.510345 541392 4774.5 1070190
8c5c 0.510132 525134 20804 1070190
Ac8h 0.510027 528700 17126 1070190
Ac8s 0.510027 528700 17126 1070190
5s5c 0.509628 540627 4771.5 1070190
5h5c 0.509628 540627 4771.5 1070190
8c4c 0.508503 523284 20911 1070190
Ad9d 0.50834 529597 14423 1070190
Ac7d 0.503981 520745 18610 1070190
Ac7h 0.503281 520022 18584 1070190
Ac7s 0.503281 520022 18584 1070190
Ad8c 0.502391 520850 16804 1070190
Qs9d 0.501848 520267 16806 1070190
Qh9d 0.501848 520267 16806 1070190
Qd9h 0.501798 520188 16831 1070190
Qd9s 0.501798 520188 16831 1070190
Ah8c 0.501725 520202 16739 1070190
As8c 0.501725 520202 16739 1070190
Qh9s 0.501172 519577 16772 1070190
Qs9h 0.501172 519577 16772 1070190
Qs9s 0.501172 519577 16772 1070190
Qh9h 0.501172 519577 16772 1070190
Ad8d 0.49939 518294 16148 1070190
8c3c 0.499295 513429 20911 1070190
7c5c 0.498153 512589 20529.5 1070190
8c2c 0.497918 511956 20911 1070190
7c4c 0.496574 510846 20583 1070190
Ad7c 0.4943 510787 18208 1070190
As7c 0.49366 510173 18137 1070190
Ah7c 0.49366 510173 18137 1070190
Ad7d 0.492839 509903 17528 1070190
4d4c 0.491534 521260 4774.5 1070190
4h4c 0.490816 520495 4771.5 1070190
4s4c 0.490816 520495 4771.5 1070190
7c3c 0.487366 500991 20583 1070190
Ad9s 0.483751 502597 15108 1070190
Ad9h 0.483751 502597 15108 1070190
As9d 0.483734 502611 15076.5 1070190
Ah9d 0.483734 502611 15076.5 1070190
Jc9d 0.483174 501003 16084.5 1070190
Ah9h 0.483054 501909 15050.5 1070190
Ah9s 0.483054 501909 15050.5 1070190
As9h 0.483054 501909 15050.5 1070190
As9s 0.483054 501909 15050.5 1070190
5s5d 0.483046 512193 4758 1070190
5h5d 0.483046 512193 4758 1070190
Jc9h 0.482526 500340 16054 1070190
Jc9s 0.482526 500340 16054 1070190
5s5h 0.482328 511428 4755 1070190
Jd9c 0.479763 497526 15911.5 1070190
Js9c 0.479137 496915 15853 1070190
Jh9c 0.479137 496915 15853 1070190
7c2c 0.477837 490847 20529.5 1070190
Jd9d 0.475506 493558 15324 1070190
As8d 0.474215 490616 16884 1070190
Ah8d 0.474215 490616 16884 1070190
Ad8s 0.474176 490535 16923 1070190
Ad8h 0.474176 490535 16923 1070190
Ac5d 0.473923 483670 23518 1070190
Ah8s 0.473509 489887 16858 1070190
As8h 0.473509 489887 16858 1070190
As8s 0.473509 489887 16858 1070190
Ah8h 0.473509 489887 16858 1070190
Ac5s 0.47326 482983 23495.5 1070190
Ac5h 0.47326 482983 23495.5 1070190
3d3c 0.472132 500496 4774.5 1070190
Ac4d 0.472075 481513 23697 1070190
Ac4s 0.471412 480826 23674.5 1070190
Ac4h 0.471412 480826 23674.5 1070190
3s3c 0.471408 499725 4771.5 1070190
3h3c 0.471408 499725 4771.5 1070190
5c4c 0.470396 479911 23502.5 1070190
Ac3d 0.470222 479530 23697 1070190
Ac3s 0.469554 478837 23674.5 1070190
Ac3h 0.469554 478837 23674.5 1070190
Ac2d 0.468369 477547 23697 1070190
Ac2h 0.467695 476848 23674.5 1070190
Ac2s 0.467695 476848 23674.5 1070190
Ah7d 0.467432 481911 18330 1070190
As7d 0.467432 481911 18330 1070190
Ad7s 0.467372 481802 18375 1070190
Ad7h 0.467372 481802 18375 1070190
Ah7h 0.466732 481188 18304 1070190
Ah7s 0.466732 481188 18304 1070190
As7h 0.466732 481188 18304 1070190
As7s 0.466732 481188 18304 1070190
4s4d 0.464892 492765 4758 1070190
4h4d 0.464892 492765 4758 1070190
4s4h 0.464175 492000 4755 1070190
Ad5d 0.46303 473394 22136.5 1070190
Ad5c 0.462714 472282 22909.5 1070190
5c3c 0.462393 471114 23734.5 1070190
Ah5c 0.462127 471752 22811.5 1070190
As5c 0.462127 471752 22811.5 1070190
Ad4d 0.461119 471180 22304.5 1070190
Ad4c 0.459426 468590 23083.5 1070190
Ad3d 0.459224 469152 22304.5 1070190
As4c 0.458841 468063 22984.5 1070190
Ah4c 0.458841 468063 22984.5 1070190
4c3c 0.458176 466654 23681 1070190
Ad2d 0.457329 467124 22304.5 1070190
Ad3c 0.456213 465151 23083.5 1070190
Ah3c 0.455628 464624 22984.5 1070190
As3c 0.455628 464624 22984.5 1070190
Ad2c 0.453026 461740 23083.5 1070190
5c2c 0.452998 461113 23681 1070190
2d2c 0.452756 479760 4774.5 1070190
Ah2c 0.452441 461213 22984.5 1070190
As2c 0.452441 461213 22984.5 1070190
2h2c 0.452027 478983 4771.5 1070190
2s2c 0.452027 478983 4771.5 1070190
Js9d 0.450838 466636 15846.5 1070190
Jh9d 0.450838 466636 15846.5 1070190
Jd9s 0.450816 466584 15874.5 1070190
Jd9h 0.450816 466584 15874.5 1070190
Js9h 0.45019 465973 15816 1070190
Js9s 0.45019 465973 15816 1070190
Jh9h 0.45019 465973 15816 1070190
Jh9s 0.45019 465973 15816 1070190
Qc8d 0.449174 461304 19397.5 1070190
4c2c 0.448782 456547 23734.5 1070190
Qc8h 0.448507 460616 19371.5 1070190
Qc8s 0.448507 460616 19371.5 1070190
3c2c 0.446767 454409 23716.5 1070190
3s3d 0.446038 472587 4758 1070190
3h3d 0.446038 472587 4758 1070190
3s3h 0.445314 471816 4755 1070190
Qd8c 0.443301 455304 19112.5 1070190
Qh8c 0.442726 454753 19048 1070190
Qs8c 0.442726 454753 19048 1070190
Qc7d 0.442422 452620 20855.5 1070190
Qc7s 0.44176 451938 20829.5 1070190
Qc7h 0.44176 451938 20829.5 1070190
Qd8d 0.440582 453075 18431.5 1070190
As5d 0.436351 443797 23181.5 1070190
Ah5d 0.436351 443797 23181.5 1070190
Ad5h 0.436275 443640 23257 1070190
Ad5s 0.436275 443640 23257 1070190
As5s 0.435688 443110 23159 1070190
As5h 0.435688 443110 23159 1070190
Ah5s 0.435688 443110 23159 1070190
Ah5h 0.435688 443110 23159 1070190
Qd7c 0.43521 445241 20516.5 1070190
Qs7c 0.434661 444724 20446 1070190
Qh7c 0.434661 444724 20446 1070190
Ah4d 0.434419 441550 23360.5 1070190
As4d 0.434419 441550 23360.5 1070190
Ad4s 0.434341 441390 23437 1070190
Ad4h 0.434341 441390 23437 1070190
Qd7d 0.434024 444677 19811.5 1070190
Ah4h 0.433756 440863 23338 1070190
Ah4s 0.433756 440863 23338 1070190
As4s 0.433756 440863 23338 1070190
As4h 0.433756 440863 23338 1070190
9c8d 0.433446 439882 23987.5 1070190
9c8h 0.432801 439232 23947 1070190
9c8s 0.432801 439232 23947 1070190
As3d 0.432473 439468 23360.5 1070190
Ah3d 0.432473 439468 23360.5 1070190
9d8c 0.432466 439003 23817.5 1070190
Ad3h 0.43239 439302 23437 1070190
Ad3s 0.43239 439302 23437 1070190
9s8c 0.43186 438419 23753 1070190
9h8c 0.43186 438419 23753 1070190
As3s 0.431805 438775 23338 1070190
As3h 0.431805 438775 23338 1070190
Ah3s 0.431805 438775 23338 1070190
Ah3h 0.431805 438775 23338 1070190
As2d 0.430528 437386 23360.5 1070190
Ah2d 0.430528 437386 23360.5 1070190
Ad2s 0.430439 437214 23437 1070190
Ad2h 0.430439 437214 23437 1070190
9d8d 0.430404 437850 22764.5 1070190
As2s 0.429854 436687 23338 1070190
As2h 0.429854 436687 23338 1070190
Ah2h 0.429854 436687 23338 1070190
Ah2s 0.429854 436687 23338 1070190
9c7d 0.428157 434222 23987.5 1070190
9c7h 0.427518 433578 23947 1070190
9c7s 0.427518 433578 23947 1070190
2s2d 0.427183 452409 4758 1070190
2h2d 0.427183 452409 4758 1070190
2s2h 0.426454 451632 4755 1070190
9d7c 0.425874 431949 23817.5 1070190
9d7d 0.425305 432393 22764.5 1070190
9s7c 0.425289 431387 23753 1070190
9h7c 0.425289 431387 23753 1070190
Qs8d 0.413886 423763 19174 1070190
Qh8d 0.413886 423763 19174 1070190
Qd8s 0.413794 423626 19212.5 1070190
Qd8h 0.413794 423626 19212.5 1070190
Qh8s 0.413219 423075 19148 1070190
Qs8s 0.413219 423075 19148 1070190
Qs8h 0.413219 423075 19148 1070190
Qh8h 0.413219 423075 19148 1070190
Qc5d 0.412024 415218 25726 1070190
Qc5h 0.411401 414574 25703.5 1070190
Qc5s 0.411401 414574 25703.5 1070190
Qc4d 0.410176 413061 25905 1070190
Qc4h 0.409553 412417 25882.5 1070190
Qc4s 0.409553 412417 25882.5 1070190
Qc3d 0.408323 411078 25905 1070190
Qc3h 0.407694 410428 25882.5 1070190
Qc3s 0.407694 410428 25882.5 1070190
Qs7d 0.407103 415058 20620 1070190
Qh7d 0.407103 415058 20620 1070190
Qd7h 0.406991 414893 20664.5 1070190
Qd7s 0.406991 414893 20664.5 1070190
Qc2d 0.40647 409095 25905 1070190
Qh7s 0.406442 414376 20594 1070190
Qh7h 0.406442 414376 20594 1070190
Qs7h 0.406442 414376 20594 1070190
Qs7s 0.406442 414376 20594 1070190
Qc2s 0.405836 408439 25882.5 1070190
Qc2h 0.405836 408439 25882.5 1070190
9h8d 0.403954 408522 23785 1070190
9s8d 0.403954 408522 23785 1070190
9d8s 0.403914 408456 23809 1070190
9d8h 0.403914 408456 23809 1070190
Qd5d 0.403885 407854 24379.5 1070190
9h8s 0.403308 407872 23744.5 1070190
9h8h 0.403308 407872 23744.5 1070190
9s8s 0.403308 407872 23744.5 1070190
9s8h 0.403308 407872 23744.5 1070190
Qd5c 0.403272 406400 25177.5 1070190
Qs5c 0.402775 405966 25080 1070190
Qh5c 0.402775 405966 25080 1070190
Qd4d 0.401973 405640 24547.5 1070190
Qd3d 0.400078 403612 24547.5 1070190
Qd4c 0.399985 402708 25351.5 1070190
Qh4c 0.39949 402277 25253 1070190
Qs4c 0.39949 402277 25253 1070190
9h7d 0.398648 402844 23785 1070190
9s7d 0.398648 402844 23785 1070190
9d7s 0.398594 402762 23809 1070190
9d7h 0.398594 402762 23809 1070190
Qd2d 0.398183 401584 24547.5 1070190
9s7h 0.398008 402200 23744.5 1070190
9s7s 0.398008 402200 23744.5 1070190
9h7h 0.398008 402200 23744.5 1070190
9h7s 0.398008 402200 23744.5 1070190
Jc8d 0.397165 406577 18465 1070190
Qd3c 0.396771 399269 25351.5 1070190
Jc8s 0.396526 405916 18442.5 1070190
Jc8h 0.396526 405916 18442.5 1070190
Qh3c 0.396276 398838 25253 1070190
Qs3c 0.396276 398838 25253 1070190
8c7d 0.395431 400867 22319.5 1070190
8c7s 0.394819 400252 22279 1070190
8c7h 0.394819 400252 22279 1070190
8d7d 0.394559 401065 21188 1070190
8d7c 0.39413 399604 22189.5 1070190
Qd2c 0.393584 395858 25351.5 1070190
8s7c 0.393529 399020 22131 1070190
8h7c 0.393529 399020 22131 1070190
Qs2c 0.393089 395427 25253 1070190
Qh2c 0.393089 395427 25253 1070190
Jd8c 0.39264 402035 18164.5 1070190
Jh8c 0.392065 401484 18100.5 1070190
Js8c 0.392065 401484 18100.5 1070190
Jd8d 0.391365 401303 17531.5 1070190
Jc7d 0.390413 397893 19923 1070190
Jc7h 0.38978 397238 19900.5 1070190
Jc7s 0.38978 397238 19900.5 1070190
Jd7d 0.384807 392905 18911.5 1070190
Jd7c 0.384549 391972 19568.5 1070190
Js7c 0.384001 391455 19498.5 1070190
Jh7c 0.384001 391455 19498.5 1070190
Qh5d 0.375665 376602 25431 1070190
Qs5d 0.375665 376602 25431 1070190
Qd5h 0.375539 376392 25506 1070190
Qd5s 0.375539 376392 25506 1070190
Qs5h 0.375042 375958 25408.5 1070190
Qh5h 0.375042 375958 25408.5 1070190
Qh5s 0.375042 375958 25408.5 1070190
Qs5s 0.375042 375958 25408.5 1070190
Qh4d 0.373733 374355 25610 1070190
Qs4d 0.373733 374355 25610 1070190
Qd4h 0.373605 374142 25686 1070190
Qd4s 0.373605 374142 25686 1070190
Qh4h 0.37311 373711 25587.5 1070190
Qh4s 0.37311 373711 25587.5 1070190
Qs4h 0.37311 373711 25587.5 1070190
Qs4s 0.37311 373711 25587.5 1070190
Qh3d 0.371787 372273 25610 1070190
Qs3d 0.371787 372273 25610 1070190
Qd3s 0.371654 372054 25686 1070190
Qd3h 0.371654 372054 25686 1070190
Qs3s 0.371159 371623 25587.5 1070190
Qh3s 0.371159 371623 25587.5 1070190
Qh3h 0.371159 371623 25587.5 1070190
Qs3h 0.371159 371623 25587.5 1070190
Qs2d 0.369842 370191 25610 1070190
Qh2d 0.369842 370191 25610 1070190
Qd2h 0.369703 369966 25686 1070190
Qd2s 0.369703 369966 25686 1070190
Qh2h 0.369208 369535 25587.5 1070190
Qs2h 0.369208 369535 25587.5 1070190
Qs2s 0.369208 369535 25587.5 1070190
Qh2s 0.369208 369535 25587.5 1070190
8h7d 0.366324 369906 22130.5 1070190
8s7d 0.366324 369906 22130.5 1070190
8d7s 0.366312 369875 22148.5 1070190
8d7h 0.366312 369875 22148.5 1070190
8h7s 0.365712 369291 22090 1070190
8h7h 0.365712 369291 22090 1070190
8s7s 0.365712 369291 22090 1070190
8s7h 0.365712 369291 22090 1070190
Jh8d 0.362201 369409 18214.5 1070190
Js8d 0.362201 369409 18214.5 1070190
Jd8h 0.362137 369299 18256 1070190
Jd8s 0.362137 369299 18256 1070190
Jh8s 0.361562 368748 18192 1070190
Jh8h 0.361562 368748 18192 1070190
Js8h 0.361562 368748 18192 1070190
Js8s 0.361562 368748 18192 1070190
Jc5d 0.358735 358332 25582.5 1070190
Jc5h 0.358146 357724 25560 1070190
Jc5s 0.358146 357724 25560 1070190
Jc4d 0.356887 356175 25761.5 1070190
Jc4h 0.356297 355567 25739 1070190
Jc4s 0.356297 355567 25739 1070190
Js7d 0.355418 360704 19660.5 1070190
Jh7d 0.355418 360704 19660.5 1070190
Jd7s 0.355333 360566 19708 1070190
Jd7h 0.355333 360566 19708 1070190
Jc3d 0.355034 354192 25761.5 1070190
Jh7s 0.354785 360049 19638 1070190
Jh7h 0.354785 360049 19638 1070190
Js7h 0.354785 360049 19638 1070190
Js7s 0.354785 360049 19638 1070190
Jc3s 0.354439 353578 25739 1070190
Jc3h 0.354439 353578 25739 1070190
Jd5d 0.353416 353978 24244 1070190
Jc2d 0.353181 352209 25761.5 1070190
Jc2s 0.35258 351589 25739 1070190
Jc2h 0.35258 351589 25739 1070190
Jd4d 0.351504 351764 24412 1070190
Jd5c 0.351305 350927 25036 1070190
Js5c 0.350809 350493 24939 1070190
Jh5c 0.350809 350493 24939 1070190
Jd3d 0.349609 349736 24412 1070190
Jd4c 0.348018 347235 25210 1070190
Jd2d 0.347714 347708 24412 1070190
Js4c 0.347523 346804 25112 1070190
Jh4c 0.347523 346804 25112 1070190
Jd3c 0.344804 343796 25210 1070190
Js3c 0.34431 343365 25112 1070190
Jh3c 0.34431 343365 25112 1070190
Jd2c 0.341617 340385 25210 1070190
Js2c 0.341123 339954 25112 1070190
Jh2c 0.341123 339954 25112 1070190
Jh5d 0.322652 320009 25290 1070190
Js5d 0.322652 320009 25290 1070190
Jd5h 0.322559 319835 25364.5 1070190
Jd5s 0.322559 319835 25364.5 1070190
Jh5h 0.322063 319401 25267.5 1070190
Js5h 0.322063 319401 25267.5 1070190
Js5s 0.322063 319401 25267.5 1070190
Jh5s 0.322063 319401 25267.5 1070190
Js4d 0.32072 317762 25469 1070190
Jh4d 0.32072 317762 25469 1070190
Jd4s 0.320625 317585 25544.5 1070190
Jd4h 0.320625 317585 25544.5 1070190
Js4h 0.320131 317154 25446.5 1070190
Js4s 0.320131 317154 25446.5 1070190
Jh4s 0.320131 317154 25446.5 1070190
Jh4h 0.320131 317154 25446.5 1070190
Js3d 0.318774 315680 25469 1070190
Jh3d 0.318774 315680 25469 1070190
Jd3h 0.318674 315497 25544.5 1070190
Jd3s 0.318674 315497 25544.5 1070190
Js3s 0.318179 315066 25446.5 1070190
Js3h 0.318179 315066 25446.5 1070190
Jh3h 0.318179 315066 25446.5 1070190
Jh3s 0.318179 315066 25446.5 1070190
Jh2d 0.316829 313598 25469 1070190
Js2d 0.316829 313598 25469 1070190
Jd2s 0.316723 313409 25544.5 1070190
Jd2h 0.316723 313409 25544.5 1070190
Js2h 0.316228 312978 25446.5 1070190
Jh2h 0.316228 312978 25446.5 1070190
Js2s 0.316228 312978 25446.5 1070190
Jh2s 0.316228 312978 25446.5 1070190
9c5d 0.301768 292762 30187 1070190
9c5s 0.301216 292204 30154.5 1070190
9c5h 0.301216 292204 30154.5 1070190
9d5d 0.301185 293764 28561.5 1070190
9c4d 0.29992 290605 30366 1070190
9c4s 0.299368 290047 30333.5 1070190
9c4h 0.299368 290047 30333.5 1070190
9d4d 0.299273 291550 28729.5 1070190
9c3d 0.298122 288681 30366 1070190
9d5c 0.297836 288972 29769.5 1070190
9c3s 0.297565 288118 30333.5 1070190
9c3h 0.297565 288118 30333.5 1070190
9d3d 0.297434 289581 28729.5 1070190
9s5c 0.297346 288538 29678.5 1070190
9h5c 0.297346 288538 29678.5 1070190
9c2d 0.296269 286698 30366 1070190
9c2h 0.295707 286129 30333.5 1070190
9c2s 0.295707 286129 30333.5 1070190
9d2d 0.295539 287553 28729.5 1070190
9d4c 0.294549 285280 29943.5 1070190
9h4c 0.29406 284849 29851.5 1070190
9s4c 0.29406 284849 29851.5 1070190
9d3c 0.291386 281895 29943.5 1070190
9h3c 0.290897 281464 29851.5 1070190
9s3c 0.290897 281464 29851.5 1070190
9d2c 0.288199 278484 29943.5 1070190
9h2c 0.28771 278053 29851.5 1070190
9s2c 0.28771 278053 29851.5 1070190
8d5d 0.273957 265309 27877 1070190
8c5d 0.272597 262265 29465.5 1070190
8c5s 0.27207 261736 29431 1070190
8c5h 0.27207 261736 29431 1070190
8d4d 0.272045 263095 28045 1070190
8c4d 0.270749 260108 29644.5 1070190
8c4s 0.270222 259579 29610 1070190
8c4h 0.270222 259579 29610 1070190
8d5c 0.269739 259557 29114.5 1070190
8h5c 0.269233 259100 29030 1070190
8s5c 0.269233 259100 29030 1070190
9h5d 0.268255 257112 29972 1070190
9s5d 0.268255 257112 29972 1070190
9d5h 0.268194 256988 30030.5 1070190
9d5s 0.268194 256988 30030.5 1070190
9s5s 0.267703 256554 29939.5 1070190
9s5h 0.267703 256554 29939.5 1070190
9h5h 0.267703 256554 29939.5 1070190
9h5s 0.267703 256554 29939.5 1070190
8d4c 0.266451 255865 29288.5 1070190
9h4d 0.266323 254865 30151 1070190
9s4d 0.266323 254865 30151 1070190
9d4s 0.26626 254738 30210.5 1070190
9d4h 0.26626 254738 30210.5 1070190
8s4c 0.265947 255411 29203 1070190
8h4c 0.265947 255411 29203 1070190
9s4h 0.265771 254307 30118.5 1070190
9s4s 0.265771 254307 30118.5 1070190
9h4s 0.265771 254307 30118.5 1070190
9h4h 0.265771 254307 30118.5 1070190
9h3d 0.264435 252845 30151 1070190
9s3d 0.264435 252845 30151 1070190
9d3h 0.264368 252713 30210.5 1070190
9d3s 0.264368 252713 30210.5 1070190
9s3s 0.263879 252282 30118.5 1070190
9s3h 0.263879 252282 30118.5 1070190
9h3s 0.263879 252282 30118.5 1070190
9h3h 0.263879 252282 30118.5 1070190
9s2d 0.26249 250763 30151 1070190
9h2d 0.26249 250763 30151 1070190
9d2h 0.262416 250625 30210.5 1070190
9d2s 0.262416 250625 30210.5 1070190
9s2s 0.261928 250194 30118.5 1070190
9h2h 0.261928 250194 30118.5 1070190
9s2h 0.261928 250194 30118.5 1070190
9h2s 0.261928 250194 30118.5 1070190
7d5d 0.258977 249820 27335 1070190
8d3d 0.257919 247977 28045 1070190
7d4d 0.257144 247774 27419 1070190
8c3d 0.256383 244734 29644.5 1070190
8d2d 0.256024 245949 28045 1070190
7c5d 0.255913 244989 28886.5 1070190
8c3s 0.255858 244207 29610 1070190
8c3h 0.255858 244207 29610 1070190
7c5s 0.255409 244486 28850.5 1070190
7c5h 0.255409 244486 28850.5 1070190
8c2d 0.25453 242751 29644.5 1070190
7d5c 0.254403 243674 28586 1070190
7c4d 0.254148 243011 28976 1070190
8c2s 0.254 242218 29610 1070190
8c2h 0.254 242218 29610 1070190
7h5c 0.2539 243215 28506 1070190
7s5c 0.2539 243215 28506 1070190
7c4h 0.253645 242508 28940 1070190
7c4s 0.253645 242508 28940 1070190
7d4c 0.251197 240156 28673 1070190
8d3c 0.250711 239020 29288.5 1070190
7h4c 0.250695 239699 28592.5 1070190
7s4c 0.250695 239699 28592.5 1070190
8s3c 0.250212 238571 29203 1070190
8h3c 0.250212 238571 29203 1070190
8d2c 0.247524 235609 29288.5 1070190
8h2c 0.247024 235160 29203 1070190
8s2c 0.247024 235160 29203 1070190
7d3d 0.243018 232656 27419 1070190
7c3d 0.239778 227632 28976 1070190
8s5d 0.239711 227263 29273 1070190
8h5d 0.239711 227263 29273 1070190
8d5s 0.23969 227191 29323 1070190
8d5h 0.23969 227191 29323 1070190
7c3h 0.239275 227130 28940 1070190
7c3s 0.239275 227130 28940 1070190
8h5h 0.239184 226734 29238.5 1070190
8h5s 0.239184 226734 29238.5 1070190
8s5h 0.239184 226734 29238.5 1070190
8s5s 0.239184 226734 29238.5 1070190
8h4d 0.237778 225016 29452 1070190
8s4d 0.237778 225016 29452 1070190
8d4s 0.237756 224941 29503 1070190
8d4h 0.237756 224941 29503 1070190
8s4s 0.237252 224487 29417.5 1070190
8s4h 0.237252 224487 29417.5 1070190
8h4h 0.237252 224487 29417.5 1070190
8h4s 0.237252 224487 29417.5 1070190
7d3c 0.235462 223316 28673 1070190
7h3c 0.234965 222865 28592.5 1070190
7s3c 0.234965 222865 28592.5 1070190
7d2d 0.228444 217143 27335 1070190
7c2d 0.224948 211851 28886.5 1070190
7c2s 0.224448 211352 28850.5 1070190
7c2h 0.224448 211352 28850.5 1070190
7s5d 0.224332 211356 28722 1070190
7d5s 0.224332 211312 28766 1070190
7d5h 0.224332 211312 28766 1070190
7h5d 0.224332 211356 28722 1070190
7h5h 0.223828 210853 28686 1070190
7s5h 0.223828 210853 28686 1070190
7h5s 0.223828 210853 28686 1070190
7s5s 0.223828 210853 28686 1070190
8s3d 0.222807 208994 29452 1070190
8h3d 0.222807 208994 29452 1070190
8d3s 0.222782 208916 29503 1070190
8d3h 0.222782 208916 29503 1070190
7s4d 0.222483 209288 28811.5 1070190
7h4d 0.222483 209288 28811.5 1070190
7d4h 0.222482 209242 28856 1070190
7d4s 0.222482 209242 28856 1070190
8s3s 0.222282 208467 29417.5 1070190
8s3h 0.222282 208467 29417.5 1070190
8h3h 0.222282 208467 29417.5 1070190
8h3s 0.222282 208467 29417.5 1070190
7s4h 0.22198 208785 28775.5 1070190
7s4s 0.22198 208785 28775.5 1070190
7h4s 0.22198 208785 28775.5 1070190
7h4h 0.22198 208785 28775.5 1070190
8h2d 0.220862 206912 29452 1070190
8s2d 0.220862 206912 29452 1070190
8d2s 0.220831 206828 29503 1070190
8d2h 0.220831 206828 29503 1070190
8h2h 0.220331 206379 29417.5 1070190
8h2s 0.220331 206379 29417.5 1070190
8s2h 0.220331 206379 29417.5 1070190
8s2s 0.220331 206379 29417.5 1070190
5d4d 0.220084 203586 31946 1070190
7d2c 0.219282 206087 28586 1070190
7s2c 0.21879 205641 28506 1070190
7h2c 0.21879 205641 28506 1070190
5c4d 0.215096 196715 33478.5 1070190
5c4s 0.214645 196289 33421.5 1070190
5c4h 0.214645 196289 33421.5 1070190
5d4c 0.213808 195373 33442 1070190
5s4c 0.213364 194962 33377.5 1070190
5h4c 0.213364 194962 33377.5 1070190
5d3d 0.207885 190165 32311.5 1070190
7s3d 0.207513 193267 28811.5 1070190
7h3d 0.207513 193267 28811.5 1070190
7d3s 0.207507 193216 28856 1070190
7d3h 0.207507 193216 28856 1070190
7s3s 0.20701 192765 28775.5 1070190
7h3s 0.20701 192765 28775.5 1070190
7h3h 0.20701 192765 28775.5 1070190
7s3h 0.20701 192765 28775.5 1070190
4d3d 0.203725 185797 32227.5 1070190
5c3d 0.202701 183070 33858.5 1070190
5c3s 0.202251 182646 33800.5 1070190
5c3h 0.202251 182646 33800.5 1070190
5d3c 0.200045 180262 33824.5 1070190
5s3c 0.199606 179857 33759.5 1070190
5h3c 0.199606 179857 33759.5 1070190
4c3d 0.197086 177168 33752 1070190
4c3h 0.196647 176759 33690.5 1070190
4c3s 0.196647 176759 33690.5 1070190
4d3c 0.195845 175837 33754.5 1070190
4s3c 0.19541 175432 33693.5 1070190
4h3c 0.19541 175432 33693.5 1070190
5d2d 0.193523 174879 32227.5 1070190
7h2d 0.192064 176823 28722 1070190
7s2d 0.192064 176823 28722 1070190
7d2h 0.192056 176770 28766 1070190
7d2s 0.192056 176770 28766 1070190
7h2s 0.191564 176324 28686 1070190
7h2h 0.191564 176324 28686 1070190
7s2s 0.191564 176324 28686 1070190
7s2h 0.191564 176324 28686 1070190
4d2d 0.189363 170343 32311.5 1070190
5c2d 0.188084 167517 33769 1070190
3d2d 0.18803 168946 32282 1070190
5c2s 0.187636 167095 33711 1070190
5c2h 0.187636 167095 33711 1070190
5h4d 0.184138 163512 33551 1070190
5s4d 0.184138 163512 33551 1070190
5d4s 0.184131 163497 33558.5 1070190
5d4h 0.184131 163497 33558.5 1070190
5d2c 0.184087 163271 33737.5 1070190
5s4s 0.183687 163086 33494 1070190
5s4h 0.183687 163086 33494 1070190
5h4s 0.183687 163086 33494 1070190
5h4h 0.183687 163086 33494 1070190
5s2c 0.183654 162872 33673 1070190
5h2c 0.183654 162872 33673 1070190
4c2d 0.182472 161441 33839 1070190
4c2h 0.182035 161035 33777 1070190
4c2s 0.182035 161035 33777 1070190
4d2c 0.179885 158667 33844 1070190
3c2d 0.17982 158630 33812 1070190
4s2c 0.179455 158268 33783 1070190
4h2c 0.179455 158268 33783 1070190
3c2s 0.179383 158224 33750 1070190
3c2h 0.179383 158224 33750 1070190
3d2c 0.178605 157327 33814.5 1070190
3h2c 0.178172 156925 33753 1070190
3s2c 0.178172 156925 33753 1070190
5s3d 0.171223 149300 33941.5 1070190
5h3d 0.171223 149300 33941.5 1070190
5d3h 0.171212 149281 33948.5 1070190
5d3s 0.171212 149281 33948.5 1070190
5h3s 0.170773 148876 33883.5 1070190
5s3s 0.170773 148876 33883.5 1070190
5s3h 0.170773 148876 33883.5 1070190
5h3h 0.170773 148876 33883.5 1070190
4s3d 0.166919 144780 33855.5 1070190
4h3d 0.166919 144780 33855.5 1070190
4d3h 0.166915 144776 33855 1070190
4d3s 0.166915 144776 33855 1070190
4s3s 0.16648 144371 33794 1070190
4h3h 0.16648 144371 33794 1070190
4h3s 0.16648 144371 33794 1070190
4s3h 0.16648 144371 33794 1070190
5h2d 0.156001 133099 33852 1070190
5s2d 0.156001 133099 33852 1070190
5d2s 0.155986 133076 33858.5 1070190
5d2h 0.155986 133076 33858.5 1070190
5h2h 0.155553 132677 33794 1070190
5h2s 0.155553 132677 33794 1070190
5s2s 0.155553 132677 33794 1070190
5s2h 0.155553 132677 33794 1070190
4s2d 0.151697 128399 33945.5 1070190
4h2d 0.151697 128399 33945.5 1070190
4d2h 0.151689 128392 33944.5 1070190
4d2s 0.151689 128392 33944.5 1070190
4s2s 0.15126 127993 33883.5 1070190
4s2h 0.15126 127993 33883.5 1070190
4h2s 0.15126 127993 33883.5 1070190
4h2h 0.15126 127993 33883.5 1070190
3h2d 0.150345 126984 33914 1070190
3s2d 0.150345 126984 33914 1070190
3d2s 0.150341 126980 33913.5 1070190
3d2h 0.150341 126980 33913.5 1070190
3h2h 0.149908 126578 33852 1070190
3h2s 0.149908 126578 33852 1070190
3s2h 0.149908 126578 33852 1070190
3s2s 0.149908 126578 33852 1070190
