7s7h 0.999652 1069818 0 1070190
AsAc 0.994907 1064244 495 1070190
AsAh 0.994907 1064244 495 1070190
AhAc 0.994907 1064244 495 1070190
Ac7h 0.990643 1057366 2810 1070190
Ac7s 0.990643 1057366 2810 1070190
Ah7h 0.990643 1057366 2810 1070190
Ah7s 0.990643 1057366 2810 1070190
As7h 0.990643 1057366 2810 1070190
As7s 0.990643 1057366 2810 1070190
Kd7s 0.947839 1007895 6472.5 1070190
Kd7h 0.947839 1007895 6472.5 1070190
Qd7h 0.942288 999795 8632.5 1070190
Qd7s 0.942288 999795 8632.5 1070190
Jd7h 0.938468 994027 10312.5 1070190
Jd7s 0.938468 994027 10312.5 1070190
Td7s 0.93546 989547 11572.5 1070190
Td7h 0.93546 989547 11572.5 1070190
9d7s 0.932345 985314 12472.5 1070190
9d7h 0.932345 985314 12472.5 1070190
8d7s 0.930622 982870 13072.5 1070190
8d7h 0.930622 982870 13072.5 1070190
Kc7s 0.930492 989286 6517.5 1070190
Kc7h 0.930492 989286 6517.5 1070190
Kh7s 0.930117 988884 6517.5 1070190
Ks7h 0.930117 988884 6517.5 1070190
Ks7s 0.930117 988884 6517.5 1070190
Kh7h 0.930117 988884 6517.5 1070190
7s6d 0.928145 979869 13422 1070190
7h6d 0.928145 979869 13422 1070190
7s5d 0.92646 977886 13602 1070190
7h5d 0.92646 977886 13602 1070190
Qc7h 0.92622 982446 8785.5 1070190
Qc7s 0.92622 982446 8785.5 1070190
Qh7s 0.925844 982044 8785.5 1070190
Qs7h 0.925844 982044 8785.5 1070190
Qs7s 0.925844 982044 8785.5 1070190
Qh7h 0.925844 982044 8785.5 1070190
7s4d 0.924215 975424 13662 1070190
7h4d 0.924215 975424 13662 1070190
Jc7s 0.923739 978027 10549.5 1070190
Jc7h 0.923739 978027 10549.5 1070190
Js7s 0.923364 977625 10549.5 1070190
Jh7s 0.923364 977625 10549.5 1070190
Jh7h 0.923364 977625 10549.5 1070190
Js7h 0.923364 977625 10549.5 1070190
7s3d 0.922109 973170 13662 1070190
7h3d 0.922109 973170 13662 1070190
Tc7h 0.922083 974931 11872.5 1070190
Tc7s 0.922083 974931 11872.5 1070190
Ts7s 0.921707 974529 11872.5 1070190
Ts7h 0.921707 974529 11872.5 1070190
Th7s 0.921707 974529 11872.5 1070190
Th7h 0.921707 974529 11872.5 1070190
9c7s 0.920283 972060 12817.5 1070190
9c7h 0.920283 972060 12817.5 1070190
7s2d 0.920029 970944 13662 1070190
7h2d 0.920029 970944 13662 1070190
8c7h 0.919921 971043 13447.5 1070190
8c7s 0.919921 971043 13447.5 1070190
9s7s 0.919904 971655 12817.5 1070190
9h7h 0.919904 971655 12817.5 1070190
9h7s 0.919904 971655 12817.5 1070190
9s7h 0.919904 971655 12817.5 1070190
8h7s 0.919543 970638 13447.5 1070190
8s7h 0.919543 970638 13447.5 1070190
8s7s 0.919543 970638 13447.5 1070190
8h7h 0.919543 970638 13447.5 1070190
7h6c 0.918754 969426 13815 1070190
7s6c 0.918754 969426 13815 1070190
7h6h 0.918375 969021 13815 1070190
7s6h 0.918375 969021 13815 1070190
7s6s 0.918375 969021 13815 1070190
7h6s 0.918375 969021 13815 1070190
7s5c 0.918367 968823 14004 1070190
7h5c 0.918367 968823 14004 1070190
7s5s 0.917991 968421 14004 1070190
7s5h 0.917991 968421 14004 1070190
7h5s 0.917991 968421 14004 1070190
7h5h 0.917991 968421 14004 1070190
7h4c 0.917366 967689 14067 1070190
7s4c 0.917366 967689 14067 1070190
7s4h 0.91699 967287 14067 1070190
7s4s 0.91699 967287 14067 1070190
7h4s 0.91699 967287 14067 1070190
7h4h 0.91699 967287 14067 1070190
7h3c 0.916483 966744 14067 1070190
7s3c 0.916483 966744 14067 1070190
7s3h 0.916107 966342 14067 1070190
7s3s 0.916107 966342 14067 1070190
7h3h 0.916107 966342 14067 1070190
7h3s 0.916107 966342 14067 1070190
7h2c 0.9156 965799 14067 1070190
7s2c 0.9156 965799 14067 1070190
7s2h 0.915224 965397 14067 1070190
7s2s 0.915224 965397 14067 1070190
7h2s 0.915224 965397 14067 1070190
7h2h 0.915224 965397 14067 1070190
AcKd 0.882268 935847 8347 1070190
AsKd 0.881826 935397 8324.5 1070190
AhKd 0.881826 935397 8324.5 1070190
AcQd 0.872033 920349 12892 1070190
AhQd 0.871659 920007 12833.5 1070190
AsQd 0.871659 920007 12833.5 1070190
AcJd 0.863902 908062 16477 1070190
AhJd 0.86358 907804 16390.5 1070190
AsJd 0.86358 907804 16390.5 1070190
AcKc 0.863228 915516 8302 1070190
AhKc 0.857882 909660 8437 1070190
AsKc 0.857882 909660 8437 1070190
AcKh 0.857551 909306 8437 1070190
AcKs 0.857551 909306 8437 1070190
AcTd 0.857366 898323 19222 1070190
AsKh 0.85711 908856 8414.5 1070190
AhKh 0.85711 908856 8414.5 1070190
AsKs 0.85711 908856 8414.5 1070190
AhKs 0.85711 908856 8414.5 1070190
AhTd 0.857084 898128 19114.5 1070190
AsTd 0.857084 898128 19114.5 1070190
AcQc 0.854608 901818 12775 1070190
Ac9d 0.851925 890475 21247 1070190
As9d 0.851671 890325 21124.5 1070190
Ah9d 0.851671 890325 21124.5 1070190
AsQc 0.848777 895176 13177 1070190
AhQc 0.848777 895176 13177 1070190
AcQh 0.848379 894714 13213 1070190
AcQs 0.848379 894714 13213 1070190
AcJc 0.848055 891276 16304 1070190
AhQs 0.848005 894372 13154.5 1070190
AhQh 0.848005 894372 13154.5 1070190
AsQs 0.848005 894372 13154.5 1070190
AsQh 0.848005 894372 13154.5 1070190
Ac8d 0.847909 884752 22672 1070190
Ah8d 0.847673 884632 22539.5 1070190
As8d 0.847673 884632 22539.5 1070190
AcTc 0.843046 883212 19007 1070190
AsJc 0.841889 884064 16917 1070190
AhJc 0.841889 884064 16917 1070190
AcJs 0.841444 883524 16981 1070190
AcJh 0.841444 883524 16981 1070190
AhJh 0.841122 883266 16894.5 1070190
AsJh 0.841122 883266 16894.5 1070190
AsJs 0.841122 883266 16894.5 1070190
AhJs 0.841122 883266 16894.5 1070190
Ac9c 0.839062 876954 21002 1070190
Ac6d 0.837189 869322 26629 1070190
As6d 0.837024 869310 26465 1070190
Ah6d 0.837024 869310 26465 1070190
AhTc 0.836636 875577 19782 1070190
AsTc 0.836636 875577 19782 1070190
Ac8c 0.836479 872784 22407 1070190
AcTs 0.836157 874980 19867 1070190
AcTh 0.836157 874980 19867 1070190
AhTh 0.835874 874785 19759.5 1070190
AsTs 0.835874 874785 19759.5 1070190
AsTh 0.835874 874785 19759.5 1070190
AhTs 0.835874 874785 19759.5 1070190
Ac5d 0.83461 866004 27187 1070190
As5d 0.834452 866001 27021.5 1070190
Ah5d 0.834452 866001 27021.5 1070190
As9c 0.832436 868968 21897 1070190
Ah9c 0.832436 868968 21897 1070190
Ac4d 0.832419 863407 27439 1070190
As4d 0.832264 863407 27273.5 1070190
Ah4d 0.832264 863407 27273.5 1070190
Ac9s 0.83193 868326 21997 1070190
Ac9h 0.83193 868326 21997 1070190
As9s 0.831675 868176 21874.5 1070190
As9h 0.831675 868176 21874.5 1070190
Ah9s 0.831675 868176 21874.5 1070190
Ah9h 0.831675 868176 21874.5 1070190
Ac3d 0.830674 861474 27505 1070190
As3d 0.83052 861474 27340 1070190
Ah3d 0.83052 861474 27340 1070190
Ah8c 0.829753 864606 23387 1070190
As8c 0.829753 864606 23387 1070190
Ac8h 0.829233 863940 23497 1070190
Ac8s 0.829233 863940 23497 1070190
Ac2d 0.829152 859845 27505 1070190
As2d 0.828998 859845 27340 1070190
Ah2d 0.828998 859845 27340 1070190
Ah8s 0.828997 863820 23364.5 1070190
Ah8h 0.828997 863820 23364.5 1070190
As8s 0.828997 863820 23364.5 1070190
As8h 0.828997 863820 23364.5 1070190
Ac6c 0.827245 859008 26301 1070190
Ac5c 0.825992 857112 26856 1070190
Ac4c 0.825078 855882 27108 1070190
Ac3c 0.82458 855282 27175 1070190
Ac2c 0.824277 854958 27175 1070190
As6c 0.820393 850656 27320 1070190
Ah6c 0.820393 850656 27320 1070190
Ac6s 0.819862 849972 27436 1070190
Ac6h 0.819862 849972 27436 1070190
As6s 0.819697 849960 27272 1070190
As6h 0.819697 849960 27272 1070190
Ah6s 0.819697 849960 27272 1070190
Ah6h 0.819697 849960 27272 1070190
Ah5c 0.819089 848667 27914 1070190
As5c 0.819089 848667 27914 1070190
Ac5h 0.818553 847974 28033 1070190
Ac5s 0.818553 847974 28033 1070190
Ah5s 0.818395 847971 27867.5 1070190
Ah5h 0.818395 847971 27867.5 1070190
As5h 0.818395 847971 27867.5 1070190
As5s 0.818395 847971 27867.5 1070190
Ah4c 0.818106 847344 28185 1070190
As4c 0.818106 847344 28185 1070190
Ac4s 0.817562 846642 28305 1070190
Ac4h 0.817562 846642 28305 1070190
Ah3c 0.817558 846684 28258 1070190
As3c 0.817558 846684 28258 1070190
Ah4s 0.817408 846642 28139.5 1070190
Ah4h 0.817408 846642 28139.5 1070190
As4s 0.817408 846642 28139.5 1070190
As4h 0.817408 846642 28139.5 1070190
Ah2c 0.81721 846312 28258 1070190
As2c 0.81721 846312 28258 1070190
Ac3s 0.817008 845976 28378 1070190
Ac3h 0.817008 845976 28378 1070190
As3s 0.816854 845976 28213 1070190
Ah3h 0.816854 845976 28213 1070190
Ah3s 0.816854 845976 28213 1070190
As3h 0.816854 845976 28213 1070190
Ac2h 0.816655 845598 28378 1070190
Ac2s 0.816655 845598 28378 1070190
As2h 0.816501 845598 28213 1070190
Ah2h 0.816501 845598 28213 1070190
Ah2s 0.816501 845598 28213 1070190
As2s 0.816501 845598 28213 1070190
KdKc 0.788322 840107 3547 1070190
KsKd 0.787904 839660 3547 1070190
KhKd 0.787904 839660 3547 1070190
QdQc 0.766532 816788 3547 1070190
QhQd 0.766114 816341 3547 1070190
QsQd 0.766114 816341 3547 1070190
KhKc 0.764133 814220 3547 1070190
KsKc 0.764133 814220 3547 1070190
KsKh 0.763715 813773 3547 1070190
JdJc 0.74587 794676 3547 1070190
JsJd 0.745453 794229 3547 1070190
JhJd 0.745453 794229 3547 1070190
QhQc 0.743041 791648 3547 1070190
QsQc 0.743041 791648 3547 1070190
QsQh 0.742623 791201 3547 1070190
TdTc 0.725361 772727 3547 1070190
ThTd 0.724943 772280 3547 1070190
TsTd 0.724943 772280 3547 1070190
JsJc 0.72311 770318 3547 1070190
JhJc 0.72311 770318 3547 1070190
JsJh 0.722692 769871 3547 1070190
KdQd 0.717752 739356 28774.5 1070190
KdJd 0.711036 729548 31396 1070190
KdTd 0.705506 721382 33643 1070190
9d9c 0.704034 749903 3547 1070190
9s9d 0.703613 749453 3547 1070190
9h9d 0.703613 749453 3547 1070190
ThTc 0.703313 749132 3547 1070190
TsTc 0.703313 749132 3547 1070190
TsTh 0.702896 748685 3547 1070190
Kd9d 0.697064 710475 35515.5 1070190
Kd8d 0.693732 705840 36585.5 1070190
Kd6d 0.688807 699090 38064.5 1070190
Kd5d 0.686866 696714 38363 1070190
Kd4d 0.685218 694866 38447.5 1070190
8d8c 0.683829 728280 3547 1070190
Kd3d 0.68377 693339 38425 1070190
8s8d 0.683409 727830 3547 1070190
8h8d 0.683409 727830 3547 1070190
9h9c 0.682626 726992 3547 1070190
9s9c 0.682626 726992 3547 1070190
Kd2d 0.682322 691812 38402.5 1070190
9s9h 0.682205 726542 3547 1070190
8h8c 0.663098 706094 3547 1070190
8s8c 0.663098 706094 3547 1070190
8s8h 0.662678 705644 3547 1070190
QdJd 0.662221 673825 34877 1070190
QdTd 0.65669 665659 37124 1070190
Qd9d 0.648248 654752 38996.5 1070190
Qd8d 0.644917 650117 40066.5 1070190
Qd6d 0.638986 642358 41478.5 1070190
Qd5d 0.637045 639982 41777 1070190
Qd4d 0.635397 638134 41861.5 1070190
Qd3d 0.633949 636607 41839 1070190
Qd2d 0.632501 635080 41816.5 1070190
JdTd 0.620988 625181 39394 1070190
Jd9d 0.610958 610913 42928.5 1070190
Jd8d 0.607627 606278 43998.5 1070190
Jd6d 0.594869 591119 45504 1070190
Jd5d 0.592928 588743 45802.5 1070190
Jd4d 0.59128 586895 45887 1070190
KdQc 0.590112 589209 42322.5 1070190
Jd3d 0.589832 585368 45864.5 1070190
KdQh 0.589337 588403 42300 1070190
KdQs 0.589337 588403 42300 1070190
KcQd 0.588741 587886 42178.5 1070190
Jd2d 0.588384 583841 45842 1070190
KsQd 0.588 587152 42120 1070190
KhQd 0.588 587152 42120 1070190
6d6c 0.587434 597545 31121 1070190
6h6d 0.587074 597185 31095.5 1070190
6s6d 0.587074 597185 31095.5 1070190
Td9d 0.580736 574497 47001 1070190
KdJc 0.57975 573735 46708 1070190
KdJh 0.578982 572935 46685.5 1070190
KdJs 0.578982 572935 46685.5 1070190
Td8d 0.57747 570146 47857 1070190
KcJd 0.576949 571004 46441.5 1070190
KhJd 0.576258 570347 46358.5 1070190
KsJd 0.576258 570347 46358.5 1070190
KcQc 0.574037 572909 41419.5 1070190
KdTc 0.571363 561000 50467 1070190
KdTh 0.5706 560206 50444.5 1070190
KdTs 0.5706 560206 50444.5 1070190
6h6c 0.567563 576437 30963.5 1070190
6s6c 0.567563 576437 30963.5 1070190
6s6h 0.567203 576077 30938 1070190
KcTd 0.567109 556819 50095.5 1070190
KsTd 0.566457 556225 49991.5 1070190
KhTd 0.566457 556225 49991.5 1070190
5d5c 0.564445 570536 33527 1070190
KcJc 0.564092 558150 45535.5 1070190
5s5d 0.564089 570179 33503 1070190
5h5d 0.564089 570179 33503 1070190
Td6d 0.563974 554264 49295.5 1070190
Kd9c 0.558104 543678 53599.5 1070190
Kd9s 0.557343 542886 53577 1070190
Kd9h 0.557343 542886 53577 1070190
KhQc 0.556368 553379 42040.5 1070190
KsQc 0.556368 553379 42040.5 1070190
9d8d 0.556358 545077 50331.5 1070190
KcQh 0.556334 553307 42076.5 1070190
KcQs 0.556334 553307 42076.5 1070190
KcTc 0.556007 545970 49063.5 1070190
KsQh 0.555594 552573 42018 1070190
KhQh 0.555594 552573 42018 1070190
KhQs 0.555594 552573 42018 1070190
KsQs 0.555594 552573 42018 1070190
Td5d 0.555454 544740 49701 1070190
Td4d 0.553806 542892 49785.5 1070190
Kd8c 0.553397 536850 55389.5 1070190
Kd8h 0.552641 536064 55367 1070190
Kd8s 0.552641 536064 55367 1070190
Kc9d 0.552436 538071 53140.5 1070190
Td3d 0.552358 541365 49763 1070190
Kh9d 0.551815 537528 53019 1070190
Ks9d 0.551815 537528 53019 1070190
Td2d 0.55091 539838 49740.5 1070190
Kd6c 0.547004 528135 57263 1070190
Kd6s 0.546253 527358 57236 1070190
Kd6h 0.546253 527358 57236 1070190
Kc8d 0.546225 529684 54880.5 1070190
KhJc 0.545914 537806 46426 1070190
KsJc 0.545914 537806 46426 1070190
KcJs 0.545837 537663 46486.5 1070190
KcJh 0.545837 537663 46486.5 1070190
Ks8d 0.545623 529171 54749 1070190
Kh8d 0.545623 529171 54749 1070190
5h5c 0.545177 550082 33360.5 1070190
5s5c 0.545177 550082 33360.5 1070190
KsJs 0.545146 537006 46403.5 1070190
KhJs 0.545146 537006 46403.5 1070190
KhJh 0.545146 537006 46403.5 1070190
KsJh 0.545146 537006 46403.5 1070190
5s5h 0.544821 549725 33336.5 1070190
Kd5c 0.544394 524829 57776 1070190
Kd5s 0.543643 524052 57749 1070190
Kd5h 0.543643 524052 57749 1070190
Kc9c 0.54309 529206 52003.5 1070190
Kd4c 0.542114 522234 57931 1070190
4d4c 0.541908 544278 35667 1070190
4s4d 0.541553 543921 35644 1070190
4h4d 0.541553 543921 35644 1070190
9d6d 0.541539 526971 52578.5 1070190
Kd4h 0.541357 521451 57904 1070190
Kd4s 0.541357 521451 57904 1070190
Kd3c 0.540169 520176 57907 1070190
Kd3h 0.539406 519387 57880 1070190
Kd3s 0.539406 519387 57880 1070190
Kc8c 0.538459 522570 53683.5 1070190
Kc6d 0.538379 519444 56724 1070190
Kd2c 0.538223 518118 57883 1070190
Kh6d 0.537792 518958 56582 1070190
Ks6d 0.537792 518958 56582 1070190
Kd2h 0.537455 517323 57856 1070190
Kd2s 0.537455 517323 57856 1070190
KhTc 0.537443 524981 50185 1070190
KsTc 0.537443 524981 50185 1070190
KcTh 0.537332 524781 50266.5 1070190
KcTs 0.537332 524781 50266.5 1070190
KhTh 0.53668 524187 50162.5 1070190
KhTs 0.53668 524187 50162.5 1070190
KsTs 0.53668 524187 50162.5 1070190
KsTh 0.53668 524187 50162.5 1070190
Kc5d 0.534312 514596 57219 1070190
Ks5d 0.53373 514119 57074 1070190
Kh5d 0.53373 514119 57074 1070190
9d5d 0.533018 517447 52984 1070190
Kc6c 0.532246 514143 55461 1070190
Kc4d 0.530638 510517 57366 1070190
Kh4d 0.530058 510043 57220 1070190
Ks4d 0.530058 510043 57220 1070190
Kc5c 0.529597 510831 55938 1070190
8d6d 0.527339 509916 54436.5 1070190
Kc3d 0.527315 506988 57339 1070190
Kc4c 0.527278 508209 56079 1070190
Ks3d 0.526735 506514 57193 1070190
Kh3d 0.526735 506514 57193 1070190
Kc3c 0.525274 506091 56052 1070190
9d4d 0.524202 507874 53122 1070190
Kc2d 0.524018 503487 57312 1070190
Kh9c 0.523807 507255 53317.5 1070190
Ks9c 0.523807 507255 53317.5 1070190
Kc9s 0.523666 507006 53416.5 1070190
Kc9h 0.523666 507006 53416.5 1070190
Ks2d 0.523439 503013 57166 1070190
Kh2d 0.523439 503013 57166 1070190
Kc2c 0.52327 503973 56025 1070190
4h4c 0.523173 524405 35490 1070190
4s4c 0.523173 524405 35490 1070190
Kh9s 0.523045 506463 53295 1070190
Kh9h 0.523045 506463 53295 1070190
Ks9h 0.523045 506463 53295 1070190
Ks9s 0.523045 506463 53295 1070190
4s4h 0.522818 524048 35467 1070190
9d3d 0.522754 506347 53099.5 1070190
9d2d 0.521306 504820 53077 1070190
3d3c 0.520362 519251 37635 1070190
3h3d 0.520007 518894 37612.5 1070190
3s3d 0.520007 518894 37612.5 1070190
Ks8c 0.519015 500337 55107.5 1070190
Kh8c 0.519015 500337 55107.5 1070190
Kc8h 0.518862 500064 55216.5 1070190
Kc8s 0.518862 500064 55216.5 1070190
Ks8h 0.518259 499551 55085 1070190
Ks8s 0.518259 499551 55085 1070190
Kh8h 0.518259 499551 55085 1070190
Kh8s 0.518259 499551 55085 1070190
8d5d 0.518233 499176 55431.5 1070190
Kh6c 0.512556 491586 56946.5 1070190
Ks6c 0.512556 491586 56946.5 1070190
Kc6s 0.512392 491295 57061.5 1070190
Kc6h 0.512392 491295 57061.5 1070190
Ks6h 0.511805 490809 56919.5 1070190
Ks6s 0.511805 490809 56919.5 1070190
Kh6s 0.511805 490809 56919.5 1070190
Kh6h 0.511805 490809 56919.5 1070190
QdJc 0.510316 494867 51268 1070190
Ks5c 0.509851 488181 57456.5 1070190
Kh5c 0.509851 488181 57456.5 1070190
Kc5s 0.509681 487881 57574.5 1070190
Kc5h 0.509681 487881 57574.5 1070190
QdJs 0.509585 494111 51241.5 1070190
QdJh 0.509585 494111 51241.5 1070190
8d4d 0.509417 489603 55569.5 1070190
Kh5s 0.5091 487404 57429.5 1070190
Kh5h 0.5091 487404 57429.5 1070190
Ks5h 0.5091 487404 57429.5 1070190
Ks5s 0.5091 487404 57429.5 1070190
QcJd 0.509 493693 51033.5 1070190
QsJd 0.508312 493036 50954.5 1070190
QhJd 0.508312 493036 50954.5 1070190
Kh4c 0.507467 485478 57608.5 1070190
Ks4c 0.507467 485478 57608.5 1070190
Kc4s 0.50729 485169 57727.5 1070190
Kc4h 0.50729 485169 57727.5 1070190
Ks4s 0.50671 484695 57581.5 1070190
Kh4s 0.50671 484695 57581.5 1070190
Kh4h 0.50671 484695 57581.5 1070190
Ks4h 0.50671 484695 57581.5 1070190
Ks3c 0.505418 483312 57581.5 1070190
Kh3c 0.505418 483312 57581.5 1070190
Kc3h 0.505235 482997 57700.5 1070190
Kc3s 0.505235 482997 57700.5 1070190
6d5d 0.505132 483733 56854 1070190
Kh3h 0.504656 482523 57554.5 1070190
Kh3s 0.504656 482523 57554.5 1070190
Ks3h 0.504656 482523 57554.5 1070190
Ks3s 0.504656 482523 57554.5 1070190
Ks2c 0.503369 481146 57554.5 1070190
Kh2c 0.503369 481146 57554.5 1070190
Kc2s 0.50318 480825 57673.5 1070190
Kc2h 0.50318 480825 57673.5 1070190
Kh2h 0.502601 480351 57527.5 1070190
Kh2s 0.502601 480351 57527.5 1070190
Ks2h 0.502601 480351 57527.5 1070190
Ks2s 0.502601 480351 57527.5 1070190
3h3c 0.502141 499940 37446 1070190
3s3c 0.502141 499940 37446 1070190
QdTc 0.501929 482132 55027 1070190
3s3h 0.501786 499583 37423.5 1070190
QdTh 0.501203 481382 55000.5 1070190
QdTs 0.501203 481382 55000.5 1070190
8d3d 0.500346 479918 55547 1070190
2d2c 0.499366 494891 39525 1070190
QcTd 0.499159 479508 54687.5 1070190
2h2d 0.499011 494534 39502.5 1070190
2s2d 0.499011 494534 39502.5 1070190
8d2d 0.498898 478391 55524.5 1070190
QhTd 0.498511 478914 54587.5 1070190
QsTd 0.498511 478914 54587.5 1070190
QcJc 0.498348 483441 49886.5 1070190
6d4d 0.4962 473661 57367 1070190
5d4d 0.495115 472268 57599.5 1070190
QcTc 0.490264 471261 53414.5 1070190
Qd9c 0.48867 464810 58159.5 1070190
Qd9h 0.487946 464062 58133 1070190
Qd9s 0.487946 464062 58133 1070190
6d3d 0.487129 463976 57344.5 1070190
5d3d 0.486062 462370 57809 1070190
Qc9d 0.484486 460760 57732.5 1070190
Qd8c 0.483962 457982 59949.5 1070190
Qh9d 0.483869 460217 57615 1070190
Qs9d 0.483869 460217 57615 1070190
Qd8h 0.483244 457240 59923 1070190
Qd8s 0.483244 457240 59923 1070190
2s2c 0.481639 476123 39322.5 1070190
2h2c 0.481639 476123 39322.5 1070190
2s2h 0.481285 475766 39300 1070190
4d3d 0.481219 457387 57608.5 1070190
Qc8d 0.478275 452373 59472.5 1070190
6d2d 0.477738 454002 57268.5 1070190
Qh8d 0.477677 451860 59345 1070190
Qs8d 0.477677 451860 59345 1070190
Qc9c 0.477347 454497 56354.5 1070190
5d2d 0.476671 452396 57733 1070190
Qd6c 0.476616 448319 61751 1070190
QsJc 0.476485 458923 51006 1070190
QhJc 0.476485 458923 51006 1070190
QcJs 0.476441 458824 51058.5 1070190
QcJh 0.476441 458824 51058.5 1070190
Qd6s 0.47591 447594 61720.5 1070190
Qd6h 0.47591 447594 61720.5 1070190
QhJh 0.475753 458167 50979.5 1070190
QhJs 0.475753 458167 50979.5 1070190
QsJs 0.475753 458167 50979.5 1070190
QsJh 0.475753 458167 50979.5 1070190
Qd5c 0.474006 445013 62264 1070190
Qd5h 0.473301 444288 62233.5 1070190
Qd5s 0.473301 444288 62233.5 1070190
Qc8c 0.472716 447861 58034.5 1070190
4d2d 0.471962 447450 57639.5 1070190
Qd4c 0.471727 442418 62419 1070190
Qd4h 0.471015 441687 62388.5 1070190
Qd4s 0.471015 441687 62388.5 1070190
Qd3c 0.469781 440360 62395 1070190
3d2d 0.469499 444970 57483 1070190
Qc6d 0.469461 441169 61244 1070190
Qd3h 0.469064 439623 62364.5 1070190
Qd3s 0.469064 439623 62364.5 1070190
Qh6d 0.468879 440683 61106.5 1070190
Qs6d 0.468879 440683 61106.5 1070190
QsTc 0.468013 446098 54765 1070190
QhTc 0.468013 446098 54765 1070190
QcTh 0.467936 445942 54838.5 1070190
QcTs 0.467936 445942 54838.5 1070190
Qd2c 0.467836 438302 62371 1070190
QhTh 0.467288 445348 54738.5 1070190
QhTs 0.467288 445348 54738.5 1070190
QsTs 0.467288 445348 54738.5 1070190
QsTh 0.467288 445348 54738.5 1070190
Qd2s 0.467113 437559 62340.5 1070190
Qd2h 0.467113 437559 62340.5 1070190
Qc6c 0.465538 438471 59743 1070190
Qc5d 0.465394 436321 61739 1070190
Qh5d 0.464817 435844 61598.5 1070190
Qs5d 0.464817 435844 61598.5 1070190
Qc5c 0.462889 435159 60220 1070190
Qc4d 0.46172 432242 61886 1070190
Qh4d 0.461145 431768 61744.5 1070190
Qs4d 0.461145 431768 61744.5 1070190
Qc4c 0.460571 432537 60361 1070190
Qc3c 0.458566 430419 60334 1070190
Qc3d 0.458397 428713 61859 1070190
Qs3d 0.457822 428239 61717.5 1070190
Qh3d 0.457822 428239 61717.5 1070190
Qc2c 0.456562 428301 60307 1070190
Qc2d 0.4551 425212 61832 1070190
Qh2d 0.454525 424738 61690.5 1070190
Qs2d 0.454525 424738 61690.5 1070190
Qh9c 0.454377 428372 57897.5 1070190
Qs9c 0.454377 428372 57897.5 1070190
Qc9h 0.45427 428167 57988.5 1070190
Qc9s 0.45427 428167 57988.5 1070190
Qs9s 0.453653 427624 57871 1070190
Qh9h 0.453653 427624 57871 1070190
Qh9s 0.453653 427624 57871 1070190
Qs9h 0.453653 427624 57871 1070190
JdTc 0.452089 425958 57863.5 1070190
JdTh 0.451395 425245 57833.5 1070190
JdTs 0.451395 425245 57833.5 1070190
JcTd 0.45086 424936 57569.5 1070190
JhTd 0.45022 424344 57476.5 1070190
JsTd 0.45022 424344 57476.5 1070190
Qs8c 0.449585 421454 59687.5 1070190
Qh8c 0.449585 421454 59687.5 1070190
Qc8h 0.449466 421225 59788.5 1070190
Qc8s 0.449466 421225 59788.5 1070190
Qs8s 0.448867 420712 59661 1070190
Qs8h 0.448867 420712 59661 1070190
Qh8s 0.448867 420712 59661 1070190
Qh8h 0.448867 420712 59661 1070190
JcTc 0.443613 418619 56131 1070190
Qh6c 0.442175 411755 61456 1070190
Qs6c 0.442175 411755 61456 1070190
Qc6s 0.442051 411516 61563 1070190
Qc6h 0.442051 411516 61563 1070190
Qs6h 0.441469 411030 61425.5 1070190
Qs6s 0.441469 411030 61425.5 1070190
Qh6s 0.441469 411030 61425.5 1070190
Qh6h 0.441469 411030 61425.5 1070190
Qh5c 0.43947 408350 61966 1070190
Qs5c 0.43947 408350 61966 1070190
Qc5h 0.439341 408102 62076 1070190
Qc5s 0.439341 408102 62076 1070190
Qh5h 0.438764 407625 61935.5 1070190
Qh5s 0.438764 407625 61935.5 1070190
Qs5h 0.438764 407625 61935.5 1070190
Qs5s 0.438764 407625 61935.5 1070190
Qs4c 0.437086 405647 62118 1070190
Qh4c 0.437086 405647 62118 1070190
Qc4h 0.43695 405390 62229 1070190
Qc4s 0.43695 405390 62229 1070190
Qh4s 0.436374 404916 62087.5 1070190
Qs4s 0.436374 404916 62087.5 1070190
Qh4h 0.436374 404916 62087.5 1070190
Qs4h 0.436374 404916 62087.5 1070190
Jd9c 0.436259 403187 63693.5 1070190
Jd9s 0.43557 402483 63660 1070190
Jd9h 0.43557 402483 63660 1070190
Qs3c 0.435037 403481 62091 1070190
Qh3c 0.435037 403481 62091 1070190
Qc3h 0.434895 403218 62202 1070190
Qc3s 0.434895 403218 62202 1070190
Qh3s 0.43432 402744 62060.5 1070190
Qs3s 0.43432 402744 62060.5 1070190
Qs3h 0.43432 402744 62060.5 1070190
Qh3h 0.43432 402744 62060.5 1070190
Jc9d 0.433585 400679 63339.5 1070190
Qs2c 0.432988 401315 62064 1070190
Qh2c 0.432988 401315 62064 1070190
Js9d 0.432974 400133 63231 1070190
Jh9d 0.432974 400133 63231 1070190
Qc2h 0.43284 401046 62175 1070190
Qc2s 0.43284 401046 62175 1070190
Qs2h 0.432265 400572 62033.5 1070190
Qs2s 0.432265 400572 62033.5 1070190
Qh2s 0.432265 400572 62033.5 1070190
Qh2h 0.432265 400572 62033.5 1070190
Jd8c 0.431552 396359 65483.5 1070190
Jd8h 0.430868 395661 65450 1070190
Jd8s 0.430868 395661 65450 1070190
Jc9c 0.428177 396524 61706.5 1070190
Jc8d 0.427374 392292 65079.5 1070190
Jh8d 0.426781 391776 64961 1070190
Js8d 0.426781 391776 64961 1070190
Jc8c 0.423546 389888 63386.5 1070190
JsTc 0.418799 390576 57619 1070190
JhTc 0.418799 390576 57619 1070190
JcTh 0.418745 390455 57682 1070190
JcTs 0.418745 390455 57682 1070190
JhTs 0.418105 389863 57589 1070190
JsTh 0.418105 389863 57589 1070190
JhTh 0.418105 389863 57589 1070190
JsTs 0.418105 389863 57589 1070190
Jd6c 0.413795 375358 67481.5 1070190
Jd6s 0.413136 374689 67444.5 1070190
Jd6h 0.413136 374689 67444.5 1070190
Jd5c 0.411185 372052 67994.5 1070190
Jd5s 0.410526 371383 67957.5 1070190
Jd5h 0.410526 371383 67957.5 1070190
Jd4c 0.408905 369457 68149.5 1070190
Jd4h 0.40824 368782 68112.5 1070190
Jd4s 0.40824 368782 68112.5 1070190
Jc6d 0.408134 369741 67040 1070190
Js6d 0.407562 369258 66910.5 1070190
Jh6d 0.407562 369258 66910.5 1070190
Jd3c 0.40696 367399 68125.5 1070190
Jd3s 0.406289 366718 68088.5 1070190
Jd3h 0.406289 366718 68088.5 1070190
Jc6c 0.406118 369345 65278 1070190
Jd2c 0.405015 365341 68101.5 1070190
Jd2h 0.404338 364654 68064.5 1070190
Jd2s 0.404338 364654 68064.5 1070190
Jc5d 0.404067 364893 67535 1070190
Js5d 0.4035 364419 67402.5 1070190
Jh5d 0.4035 364419 67402.5 1070190
Jc5c 0.403469 366033 65755 1070190
Js9c 0.402476 367161 63564.5 1070190
Jh9c 0.402476 367161 63564.5 1070190
Jc9s 0.402398 367003 63639.5 1070190
Jc9h 0.402398 367003 63639.5 1070190
Js9s 0.401787 366457 63531 1070190
Jh9h 0.401787 366457 63531 1070190
Jh9s 0.401787 366457 63531 1070190
Js9h 0.401787 366457 63531 1070190
Jc4c 0.40115 363411 65896 1070190
Jc4d 0.400392 360814 67682 1070190
Js4d 0.399828 360343 67548.5 1070190
Jh4d 0.399828 360343 67548.5 1070190
Jc3c 0.399146 361293 65869 1070190
Js8c 0.397684 360243 65354.5 1070190
Jh8c 0.397684 360243 65354.5 1070190
Jc8s 0.397593 360061 65439.5 1070190
Jc8h 0.397593 360061 65439.5 1070190
Jc2c 0.397142 359175 65842 1070190
Jc3d 0.39707 357285 67655 1070190
Jh8h 0.397001 359545 65321 1070190
Jh8s 0.397001 359545 65321 1070190
Js8s 0.397001 359545 65321 1070190
Js8h 0.397001 359545 65321 1070190
Jh3d 0.396505 356814 67521.5 1070190
Js3d 0.396505 356814 67521.5 1070190
Jc2d 0.393773 353784 67628 1070190
Td9c 0.393708 351661 69681.5 1070190
Jh2d 0.393208 353313 67494.5 1070190
Js2d 0.393208 353313 67494.5 1070190
Td9s 0.393054 351003 69639 1070190
Td9h 0.393054 351003 69639 1070190
Tc9d 0.392535 350675 69411.5 1070190
Ts9d 0.391932 350130 69312 1070190
Th9d 0.391932 350130 69312 1070190
Td8c 0.389117 345316 71113.5 1070190
Tc9c 0.388537 348289 67519 1070190
Td8s 0.388468 344664 71071 1070190
Td8h 0.388468 344664 71071 1070190
Tc8d 0.386431 342751 70803.5 1070190
Th8d 0.385846 342232 70696 1070190
Ts8d 0.385846 342232 70696 1070190
Tc8c 0.384007 342097 68863 1070190
Jh6c 0.37947 338784 67321 1070190
Js6c 0.37947 338784 67321 1070190
Jc6s 0.379383 338598 67413.5 1070190
Jc6h 0.379383 338598 67413.5 1070190
Jh6h 0.37881 338115 67284 1070190
Jh6s 0.37881 338115 67284 1070190
Js6h 0.37881 338115 67284 1070190
Js6s 0.37881 338115 67284 1070190
Js5c 0.376765 335379 67831 1070190
Jh5c 0.376765 335379 67831 1070190
Jc5s 0.376672 335184 67926.5 1070190
Jc5h 0.376672 335184 67926.5 1070190
Jh5s 0.376105 334710 67794 1070190
Js5s 0.376105 334710 67794 1070190
Jh5h 0.376105 334710 67794 1070190
Js5h 0.376105 334710 67794 1070190
Jh4c 0.374381 332676 67983 1070190
Js4c 0.374381 332676 67983 1070190
Jc4h 0.374281 332472 68079.5 1070190
Jc4s 0.374281 332472 68079.5 1070190
Jh4h 0.373716 332001 67946 1070190
Js4s 0.373716 332001 67946 1070190
Js4h 0.373716 332001 67946 1070190
Jh4s 0.373716 332001 67946 1070190
Jh3c 0.372332 330510 67956 1070190
Js3c 0.372332 330510 67956 1070190
Jc3h 0.372226 330300 68052.5 1070190
Jc3s 0.372226 330300 68052.5 1070190
Js3s 0.371661 329829 67919 1070190
Js3h 0.371661 329829 67919 1070190
Jh3h 0.371661 329829 67919 1070190
Jh3s 0.371661 329829 67919 1070190
Td6c 0.370666 323644 73039.5 1070190
Jh2c 0.370283 328344 67929 1070190
Js2c 0.370283 328344 67929 1070190
Jc2h 0.370171 328128 68025.5 1070190
Jc2s 0.370171 328128 68025.5 1070190
Td6s 0.370046 323026 72994 1070190
Td6h 0.370046 323026 72994 1070190
Js2h 0.369606 327657 67892 1070190
Js2s 0.369606 327657 67892 1070190
Jh2h 0.369606 327657 67892 1070190
Jh2s 0.369606 327657 67892 1070190
Tc6d 0.366495 319527 72692 1070190
Ts6d 0.365931 319042 72574 1070190
Th6d 0.365931 319042 72574 1070190
Tc6c 0.365878 320873 70685.5 1070190
Ts9c 0.360628 316202 69738.5 1070190
Th9c 0.360628 316202 69738.5 1070190
Tc9s 0.360576 316089 69795.5 1070190
Tc9h 0.360576 316089 69795.5 1070190
Th9s 0.359973 315544 69696 1070190
Ts9h 0.359973 315544 69696 1070190
Ts9s 0.359973 315544 69696 1070190
Th9h 0.359973 315544 69696 1070190
9d8c 0.359825 310397 74684 1070190
9d8h 0.359205 309784 74634 1070190
9d8s 0.359205 309784 74634 1070190
9c8d 0.358588 309303 74454 1070190
9s8d 0.358008 308781 74356 1070190
9h8d 0.358008 308781 74356 1070190
Td5c 0.357517 308880 73731.5 1070190
9c8c 0.357179 309906 72343.5 1070190
Td5h 0.356903 308268 73686 1070190
Td5s 0.356903 308268 73686 1070190
Th8c 0.355945 309758 71170.5 1070190
Ts8c 0.355945 309758 71170.5 1070190
Tc8h 0.355881 309625 71235.5 1070190
Tc8s 0.355881 309625 71235.5 1070190
Th8h 0.355296 309106 71128 1070190
Ts8s 0.355296 309106 71128 1070190
Ts8h 0.355296 309106 71128 1070190
Th8s 0.355296 309106 71128 1070190
Td4c 0.355237 306285 73886.5 1070190
Td4h 0.354617 305667 73841 1070190
Td4s 0.354617 305667 73841 1070190
Td3c 0.353292 304227 73862.5 1070190
Tc5c 0.35288 306318 71330.5 1070190
Td3s 0.352666 303603 73817 1070190
Td3h 0.352666 303603 73817 1070190
Tc5d 0.351879 303216 73361 1070190
Td2c 0.351346 302169 73838.5 1070190
Th5d 0.351325 302745 73239 1070190
Ts5d 0.351325 302745 73239 1070190
Td2h 0.350715 301539 73793 1070190
Td2s 0.350715 301539 73793 1070190
Tc4c 0.350562 303696 71471.5 1070190
Tc3c 0.348557 301578 71444.5 1070190
Tc4d 0.348205 299137 73508 1070190
Th4d 0.347652 298669 73385 1070190
Ts4d 0.347652 298669 73385 1070190
Tc2c 0.346553 299460 71417.5 1070190
Tc3d 0.344882 295608 73481 1070190
Th3d 0.34433 295140 73358 1070190
Ts3d 0.34433 295140 73358 1070190
Tc2d 0.341585 292107 73454 1070190
Th2d 0.341033 291639 73331 1070190
Ts2d 0.341033 291639 73331 1070190
9d6c 0.339656 285537 77959 1070190
9d6s 0.339073 284968 77904 1070190
9d6h 0.339073 284968 77904 1070190
9c6c 0.337341 285535 75484 1070190
Th6c 0.337043 287634 73066.5 1070190
Ts6c 0.337043 287634 73066.5 1070190
Tc6s 0.336987 287501 73139 1070190
Tc6h 0.336987 287501 73139 1070190
9c6d 0.336903 282841 77709 1070190
Ts6h 0.336423 287016 73021 1070190
Ts6s 0.336423 287016 73021 1070190
Th6h 0.336423 287016 73021 1070190
Th6s 0.336423 287016 73021 1070190
9s6d 0.336344 282350 77602 1070190
9h6d 0.336344 282350 77602 1070190
9s8c 0.327632 275759 74869 1070190
9h8c 0.327632 275759 74869 1070190
9c8s 0.327591 275668 74917 1070190
9c8h 0.327591 275668 74917 1070190
9h8h 0.327012 275146 74819 1070190
9h8s 0.327012 275146 74819 1070190
9s8h 0.327012 275146 74819 1070190
9s8s 0.327012 275146 74819 1070190
9d5c 0.326502 270768 78651 1070190
9d5s 0.325923 270204 78596 1070190
9d5h 0.325923 270204 78596 1070190
9c5c 0.324343 270980 76129 1070190
Ts5c 0.323365 272307 73755.5 1070190
Th5c 0.323365 272307 73755.5 1070190
Tc5s 0.323305 272166 73832 1070190
Tc5h 0.323305 272166 73832 1070190
Th5s 0.322751 271695 73710 1070190
Ts5h 0.322751 271695 73710 1070190
Th5h 0.322751 271695 73710 1070190
Ts5s 0.322751 271695 73710 1070190
9c5d 0.322291 266535 78378 1070190
9s5d 0.321743 266059 78267 1070190
9h5d 0.321743 266059 78267 1070190
Ts4c 0.320982 269604 73907.5 1070190
Th4c 0.320982 269604 73907.5 1070190
Tc4h 0.320914 269454 73985 1070190
Tc4s 0.320914 269454 73985 1070190
8d6c 0.32081 262618 80710 1070190
8c6c 0.320598 264917 78184 1070190
Ts4h 0.320362 268986 73862 1070190
Ts4s 0.320362 268986 73862 1070190
Th4h 0.320362 268986 73862 1070190
Th4s 0.320362 268986 73862 1070190
8d6h 0.320257 262088 80647.5 1070190
8d6s 0.320257 262088 80647.5 1070190
8c6d 0.319539 261421 80546 1070190
8s6d 0.318989 260929 80449.5 1070190
8h6d 0.318989 260929 80449.5 1070190
Ts3c 0.318933 267438 73880.5 1070190
Th3c 0.318933 267438 73880.5 1070190
Tc3s 0.318859 267282 73958 1070190
Tc3h 0.318859 267282 73958 1070190
Ts3s 0.318307 266814 73835 1070190
Th3s 0.318307 266814 73835 1070190
Th3h 0.318307 266814 73835 1070190
Ts3h 0.318307 266814 73835 1070190
Ts2c 0.316883 265272 73853.5 1070190
Th2c 0.316883 265272 73853.5 1070190
Tc2s 0.316804 265110 73931 1070190
Tc2h 0.316804 265110 73931 1070190
Ts2s 0.316252 264642 73808 1070190
Ts2h 0.316252 264642 73808 1070190
Th2s 0.316252 264642 73808 1070190
Th2h 0.316252 264642 73808 1070190
9d4c 0.312783 255842 78895.5 1070190
9d4h 0.312206 255279 78840.5 1070190
9d4s 0.312206 255279 78840.5 1070190
9d3c 0.310838 253784 78871.5 1070190
9c4c 0.310802 256263 76354 1070190
9d3h 0.310255 253215 78816.5 1070190
9d3s 0.310255 253215 78816.5 1070190
9d2c 0.308892 251726 78847.5 1070190
9c3c 0.308798 254145 76327 1070190
9d2s 0.308304 251151 78792.5 1070190
9d2h 0.308304 251151 78792.5 1070190
9c4d 0.307167 250115 78612 1070190
9s6c 0.306957 250327 78175.5 1070190
9h6c 0.306957 250327 78175.5 1070190
9c6h 0.306933 250249 78227.5 1070190
9c6s 0.306933 250249 78227.5 1070190
9c2c 0.306793 252027 76300 1070190
8d5c 0.306711 245880 82359.5 1070190
8c5c 0.306674 248437 79762 1070190
9s4d 0.306625 249647 78499.5 1070190
9h4d 0.306625 249647 78499.5 1070190
9s6h 0.306374 249758 78120.5 1070190
9s6s 0.306374 249758 78120.5 1070190
9h6h 0.306374 249758 78120.5 1070190
9h6s 0.306374 249758 78120.5 1070190
8d5s 0.306164 245359 82295 1070190
8d5h 0.306164 245359 82295 1070190
8c5d 0.303966 243116 82185 1070190
9c3d 0.303844 246586 78585 1070190
8s5d 0.303425 242637 82085 1070190
8h5d 0.303425 242637 82085 1070190
9s3d 0.303302 246118 78472.5 1070190
9h3d 0.303302 246118 78472.5 1070190
9c2d 0.300548 243085 78558 1070190
9h2d 0.300005 242617 78445.5 1070190
9s2d 0.300005 242617 78445.5 1070190
6c5c 0.293946 232926 81652.5 1070190
9s5c 0.29328 235001 78864.5 1070190
9h5c 0.29328 235001 78864.5 1070190
9c5s 0.29325 234913 78920.5 1070190
9c5h 0.29325 234913 78920.5 1070190
8c4c 0.293132 233720 79987 1070190
8d4c 0.292988 230949 82604 1070190
9s5s 0.292702 234437 78809.5 1070190
9h5s 0.292702 234437 78809.5 1070190
9h5h 0.292702 234437 78809.5 1070190
9s5h 0.292702 234437 78809.5 1070190
8d4h 0.292441 230428 82539.5 1070190
8d4s 0.292441 230428 82539.5 1070190
6d5c 0.292106 228340 84269 1070190
6d5s 0.291588 227859 84196 1070190
6d5h 0.291588 227859 84196 1070190
6c5d 0.290854 227098 84171.5 1070190
6h5d 0.290356 226659 84077.5 1070190
6s5d 0.290356 226659 84077.5 1070190
8h6c 0.289396 228654 81055 1070190
8s6c 0.289396 228654 81055 1070190
8c6s 0.289393 228616 81089 1070190
8c6h 0.289393 228616 81089 1070190
8c4d 0.288846 226701 82419 1070190
8h6s 0.288843 228124 80992.5 1070190
8s6s 0.288843 228124 80992.5 1070190
8h6h 0.288843 228124 80992.5 1070190
8s6h 0.288843 228124 80992.5 1070190
8h4d 0.288312 226231 82317.5 1070190
8s4d 0.288312 226231 82317.5 1070190
5c4c 0.281998 218874 82917.5 1070190
6c4c 0.280221 217420 82470 1070190
8c3c 0.279243 218883 79960 1070190
9h4c 0.278993 219470 79106 1070190
9s4c 0.278993 219470 79106 1070190
9c4s 0.278958 219375 79163.5 1070190
9c4h 0.278958 219375 79163.5 1070190
8d3c 0.278922 215920 82580 1070190
5d4c 0.278573 212551 85575.5 1070190
9h4h 0.278416 218907 79051 1070190
9h4s 0.278416 218907 79051 1070190
9s4s 0.278416 218907 79051 1070190
9s4h 0.278416 218907 79051 1070190
8d3s 0.278377 215401 82515.5 1070190
8d3h 0.278377 215401 82515.5 1070190
6d4c 0.278197 212600 85124 1070190
5d4h 0.278072 212094 85496 1070190
5d4s 0.278072 212094 85496 1070190
6d4s 0.277681 212122 85049.5 1070190
6d4h 0.277681 212122 85049.5 1070190
5c4d 0.277341 211267 85540.5 1070190
8c2c 0.277239 216765 79933 1070190
8d2c 0.276977 213862 82556 1070190
9s3c 0.276944 217304 79079 1070190
9h3c 0.276944 217304 79079 1070190
9c3h 0.276904 217203 79136.5 1070190
9c3s 0.276904 217203 79136.5 1070190
5s4d 0.276851 210830 85453.5 1070190
5h4d 0.276851 210830 85453.5 1070190
8d2s 0.276426 213337 82491.5 1070190
8d2h 0.276426 213337 82491.5 1070190
9h3s 0.276361 216735 79024 1070190
9h3h 0.276361 216735 79024 1070190
9s3h 0.276361 216735 79024 1070190
9s3s 0.276361 216735 79024 1070190
6c4d 0.275538 209854 85023.5 1070190
6s4d 0.275046 209423 84928 1070190
6h4d 0.275046 209423 84928 1070190
9h2c 0.274895 215138 79052 1070190
9s2c 0.274895 215138 79052 1070190
9c2h 0.274849 215031 79109.5 1070190
9c2s 0.274849 215031 79109.5 1070190
8h5c 0.274729 211272 82740.5 1070190
8s5c 0.274729 211272 82740.5 1070190
8c5s 0.274723 211230 82776 1070190
8c5h 0.274723 211230 82776 1070190
9h2h 0.274306 214563 78997 1070190
9h2s 0.274306 214563 78997 1070190
9s2s 0.274306 214563 78997 1070190
9s2h 0.274306 214563 78997 1070190
8h5h 0.274182 210751 82676 1070190
8s5s 0.274182 210751 82676 1070190
8h5s 0.274182 210751 82676 1070190
8s5h 0.274182 210751 82676 1070190
8c3d 0.273389 210186 82392 1070190
8h3d 0.272859 209721 82290.5 1070190
8s3d 0.272859 209721 82290.5 1070190
8c2d 0.270092 206685 82365 1070190
8h2d 0.269563 206220 82263.5 1070190
8s2d 0.269563 206220 82263.5 1070190
5c3c 0.268137 203702 83256 1070190
6c3c 0.266332 202583 82443 1070190
5d3c 0.264533 197169 85931.5 1070190
6d3c 0.264127 197566 85100 1070190
5d3h 0.264033 196715 85851 1070190
5d3s 0.264033 196715 85851 1070190
6d3s 0.263612 197089 85025.5 1070190
6d3h 0.263612 197089 85025.5 1070190
4c3c 0.263278 198716 83042 1070190
5c3d 0.261911 194399 85896 1070190
6h5c 0.26174 195376 84735.5 1070190
6s5c 0.26174 195376 84735.5 1070190
6c5h 0.26172 195334 84756.5 1070190
6c5s 0.26172 195334 84756.5 1070190
5s3d 0.261427 193968 85808.5 1070190
5h3d 0.261427 193968 85808.5 1070190
6s5s 0.261222 194895 84662.5 1070190
6s5h 0.261222 194895 84662.5 1070190
6h5h 0.261222 194895 84662.5 1070190
6h5s 0.261222 194895 84662.5 1070190
8h4c 0.260443 195742 82982 1070190
8s4c 0.260443 195742 82982 1070190
8c4s 0.26043 195691 83019 1070190
8c4h 0.26043 195691 83019 1070190
6c3d 0.260085 193344 84996.5 1070190
8s4s 0.259896 195221 82917.5 1070190
8s4h 0.259896 195221 82917.5 1070190
8h4s 0.259896 195221 82917.5 1070190
8h4h 0.259896 195221 82917.5 1070190
6h3d 0.259599 192919 84901 1070190
6s3d 0.259599 192919 84901 1070190
4d3c 0.258197 190611 85708.5 1070190
4d3s 0.25771 190173 85625.5 1070190
4d3h 0.25771 190173 85625.5 1070190
4c3d 0.256955 189280 85711 1070190
4s3d 0.256473 188846 85628.5 1070190
4h3d 0.256473 188846 85628.5 1070190
5c2c 0.2538 188469 83145 1070190
6c2c 0.251995 187350 82332 1070190
5d2c 0.249999 181728 85818 1070190
6d2c 0.249597 182130 84986.5 1070190
5d2s 0.249501 181276 85737.5 1070190
5d2h 0.249501 181276 85737.5 1070190
5h4c 0.249346 180727 86120.5 1070190
5s4c 0.249346 180727 86120.5 1070190
5c4s 0.249334 180707 86128 1070190
5c4h 0.249334 180707 86128 1070190
4c2c 0.249154 183543 83099 1070190
6d2h 0.249085 181656 84912 1070190
6d2s 0.249085 181656 84912 1070190
5h4h 0.248845 180270 86041 1070190
5h4s 0.248845 180270 86041 1070190
5s4s 0.248845 180270 86041 1070190
5s4h 0.248845 180270 86041 1070190
3c2c 0.247333 181753 82940.5 1070190
6s4c 0.247256 179001 85610 1070190
6h4c 0.247256 179001 85610 1070190
6c4s 0.247232 178954 85631 1070190
6c4h 0.247232 178954 85631 1070190
6h4s 0.24674 178523 85535.5 1070190
6s4h 0.24674 178523 85535.5 1070190
6s4s 0.24674 178523 85535.5 1070190
6h4h 0.24674 178523 85535.5 1070190
5c2d 0.246019 177505 85782 1070190
8s3c 0.245787 180084 82955 1070190
8h3c 0.245787 180084 82955 1070190
8c3s 0.245771 180030 82992 1070190
8c3h 0.245771 180030 82992 1070190
5s2d 0.245541 177080 85695 1070190
5h2d 0.245541 177080 85695 1070190
8s3s 0.245242 179565 82890.5 1070190
8h3h 0.245242 179565 82890.5 1070190
8s3h 0.245242 179565 82890.5 1070190
8h3s 0.245242 179565 82890.5 1070190
6c2d 0.244188 176445 84882.5 1070190
4d2c 0.243882 175229 85771.5 1070190
8s2c 0.243738 177918 82928 1070190
8h2c 0.243738 177918 82928 1070190
8c2s 0.243717 177858 82965 1070190
8c2h 0.243717 177858 82965 1070190
6s2d 0.243707 176025 84787.5 1070190
6h2d 0.243707 176025 84787.5 1070190
4d2h 0.243398 174794 85688 1070190
4d2s 0.243398 174794 85688 1070190
8s2h 0.243187 177393 82863.5 1070190
8h2h 0.243187 177393 82863.5 1070190
8s2s 0.243187 177393 82863.5 1070190
8h2s 0.243187 177393 82863.5 1070190
4c2d 0.241278 172440 85773.5 1070190
4h2d 0.240801 172012 85691 1070190
4s2d 0.240801 172012 85691 1070190
3d2c 0.240726 172004 85618.5 1070190
3d2h 0.240242 171569 85536 1070190
3d2s 0.240242 171569 85536 1070190
3c2d 0.239511 170701 85621 1070190
3h2d 0.239031 170270 85539 1070190
3s2d 0.239031 170270 85539 1070190
5s3c 0.234719 164710 86484 1070190
5h3c 0.234719 164710 86484 1070190
5c3s 0.234704 164687 86491 1070190
5c3h 0.234704 164687 86491 1070190
5h3h 0.23422 164256 86403.5 1070190
5s3h 0.23422 164256 86403.5 1070190
5h3s 0.23422 164256 86403.5 1070190
5s3s 0.23422 164256 86403.5 1070190
6h3c 0.232601 163344 85583 1070190
6s3c 0.232601 163344 85583 1070190
6c3h 0.232572 163292 85604 1070190
6c3s 0.232572 163292 85604 1070190
6h3s 0.232085 162867 85508.5 1070190
6s3h 0.232085 162867 85508.5 1070190
6s3s 0.232085 162867 85508.5 1070190
6h3h 0.232085 162867 85508.5 1070190
4h3c 0.229668 159507 86281.5 1070190
4s3c 0.229668 159507 86281.5 1070190
4c3s 0.229664 159503 86281 1070190
4c3h 0.229664 159503 86281 1070190
4h3h 0.229181 159069 86198.5 1070190
4s3s 0.229181 159069 86198.5 1070190
4s3h 0.229181 159069 86198.5 1070190
4h3s 0.229181 159069 86198.5 1070190
5h2c 0.219586 148631 86367.5 1070190
5s2c 0.219586 148631 86367.5 1070190
5c2s 0.219567 148604 86374 1070190
5c2h 0.219567 148604 86374 1070190
5s2h 0.219088 148179 86287 1070190
5h2s 0.219088 148179 86287 1070190
5s2s 0.219088 148179 86287 1070190
5h2h 0.219088 148179 86287 1070190
6s2c 0.217467 147264 85466.5 1070190
6h2c 0.217467 147264 85466.5 1070190
6c2s 0.217435 147210 85487 1070190
6c2h 0.217435 147210 85487 1070190
6h2s 0.216954 146790 85392 1070190
6h2h 0.216954 146790 85392 1070190
6s2h 0.216954 146790 85392 1070190
6s2s 0.216954 146790 85392 1070190
4s2c 0.21476 143490 86344.5 1070190
4h2c 0.21476 143490 86344.5 1070190
4c2s 0.214753 143483 86343.5 1070190
4c2h 0.214753 143483 86343.5 1070190
4h2s 0.214276 143055 86261 1070190
4h2h 0.214276 143055 86261 1070190
4s2h 0.214276 143055 86261 1070190
4s2s 0.214276 143055 86261 1070190
3s2c 0.212915 141670 86190 1070190
3h2c 0.212915 141670 86190 1070190
3c2s 0.212911 141666 86189.5 1070190
3c2h 0.212911 141666 86189.5 1070190
3h2s 0.212432 141235 86107.5 1070190
3s2s 0.212432 141235 86107.5 1070190
3s2h 0.212432 141235 86107.5 1070190
3h2h 0.212432 141235 86107.5 1070190
