7s7h 0.999652 1069818 0 1070190
AsAc 0.994907 1064244 495 1070190
AsAd 0.994907 1064244 495 1070190
AdAc 0.994907 1064244 495 1070190
Ac7h 0.990643 1057366 2810 1070190
Ac7s 0.990643 1057366 2810 1070190
Ad7h 0.990643 1057366 2810 1070190
Ad7s 0.990643 1057366 2810 1070190
As7h 0.990643 1057366 2810 1070190
As7s 0.990643 1057366 2810 1070190
Kh7h 0.954892 1015443 6472.5 1070190
Kd7h 0.953158 1013520 6540 1070190
Kc7h 0.953158 1013520 6540 1070190
Kd7s 0.9528 1013160 6517.5 1070190
Kc7s 0.9528 1013160 6517.5 1070190
Ks7h 0.952782 1013118 6540 1070190
Kh7s 0.952782 1013118 6540 1070190
Ks7s 0.952425 1012758 6517.5 1070190
Qh7h 0.950586 1008675 8632.5 1070190
Qc7h 0.948818 1006572 8844 1070190
Qd7h 0.948818 1006572 8844 1070190
Qd7s 0.948528 1006320 8785.5 1070190
Qc7s 0.948528 1006320 8785.5 1070190
Qh7s 0.94851 1006278 8808 1070190
Qs7h 0.948443 1006170 8844 1070190
Qs7s 0.948153 1005918 8785.5 1070190
Jh7h 0.948033 1004263 10312.5 1070190
Jd7h 0.946319 1002105 10636 1070190
Jc7h 0.946319 1002105 10636 1070190
Th7h 0.946291 1001139 11572.5 1070190
Jc7s 0.946081 1001937 10549.5 1070190
Jd7s 0.946081 1001937 10549.5 1070190
Jh7s 0.94606 1001892 10572 1070190
Js7h 0.945943 1001703 10636 1070190
Js7s 0.945705 1001535 10549.5 1070190
Td7h 0.944657 998982 11980 1070190
Tc7h 0.944657 998982 11980 1070190
Td7s 0.944458 998877 11872.5 1070190
Tc7s 0.944458 998877 11872.5 1070190
Th7s 0.944434 998829 11895 1070190
9h7h 0.944413 998229 12472.5 1070190
Ts7h 0.944281 998580 11980 1070190
Ts7s 0.944082 998475 11872.5 1070190
8h7h 0.943957 997141 13072.5 1070190
9d7h 0.942829 996066 12940 1070190
9c7h 0.942829 996066 12940 1070190
7h6h 0.942719 995466 13422 1070190
9d7s 0.942658 996006 12817.5 1070190
9c7s 0.942658 996006 12817.5 1070190
9h7s 0.942629 995952 12840 1070190
8c7h 0.942482 995055 13580 1070190
8d7h 0.942482 995055 13580 1070190
9s7h 0.94245 995661 12940 1070190
7h5h 0.94236 994902 13602 1070190
8c7s 0.94233 995025 13447.5 1070190
8d7s 0.94233 995025 13447.5 1070190
8h7s 0.942298 994968 13470 1070190
9s7s 0.94228 995601 12817.5 1070190
8s7h 0.942104 994650 13580 1070190
8s7s 0.941952 994620 13447.5 1070190
7h4h 0.941384 993798 13662 1070190
7h6d 0.941303 993420 13953.5 1070190
7h6c 0.941303 993420 13953.5 1070190
7s6d 0.941163 993408 13815 1070190
7s6c 0.941163 993408 13815 1070190
7s6h 0.941131 993351 13837.5 1070190
7h6s 0.940925 993015 13953.5 1070190
7h5c 0.940911 992808 14145.5 1070190
7h5d 0.940911 992808 14145.5 1070190
7s6s 0.940784 993003 13815 1070190
7s5d 0.940776 992805 14004 1070190
7s5c 0.940776 992805 14004 1070190
7s5h 0.940749 992754 14026.5 1070190
7h5s 0.940535 992406 14145.5 1070190
7h3h 0.940521 992874 13662 1070190
7s5s 0.9404 992403 14004 1070190
7h4d 0.939875 991635 14209.5 1070190
7h4c 0.939875 991635 14209.5 1070190
7s4d 0.939742 991635 14067 1070190
7s4c 0.939742 991635 14067 1070190
7s4h 0.939718 991587 14089.5 1070190
7h2h 0.939657 991950 13662 1070190
7h4s 0.939499 991233 14209.5 1070190
7s4s 0.939366 991233 14067 1070190
7h3d 0.938958 990654 14209.5 1070190
7h3c 0.938958 990654 14209.5 1070190
7s3c 0.938825 990654 14067 1070190
7s3d 0.938825 990654 14067 1070190
7s3h 0.938804 990609 14089.5 1070190
7h3s 0.938582 990252 14209.5 1070190
7s3s 0.938449 990252 14067 1070190
7h2c 0.938041 989673 14209.5 1070190
7h2d 0.938041 989673 14209.5 1070190
7s2c 0.937908 989673 14067 1070190
7s2d 0.937908 989673 14067 1070190
7s2h 0.93789 989631 14089.5 1070190
7h2s 0.937666 989271 14209.5 1070190
7s2s 0.937533 989271 14067 1070190
AdKd 0.890911 945120 8324.5 1070190
AcKc 0.890911 945120 8324.5 1070190
AdKc 0.886007 939714 8482 1070190
AcKd 0.886007 939714 8482 1070190
AdKh 0.885902 939624 8459.5 1070190
AcKh 0.885902 939624 8459.5 1070190
AsKd 0.885566 939264 8459.5 1070190
AsKc 0.885566 939264 8459.5 1070190
AsKh 0.885461 939174 8437 1070190
AcKs 0.885235 938910 8459.5 1070190
AdKs 0.885235 938910 8459.5 1070190
AsKs 0.884793 938460 8437 1070190
AcQc 0.882224 931314 12833.5 1070190
AdQd 0.882224 931314 12833.5 1070190
AdQc 0.876768 925014 13294 1070190
AcQd 0.876768 925014 13294 1070190
AdQh 0.876663 924924 13271.5 1070190
AcQh 0.876663 924924 13271.5 1070190
AsQd 0.876393 924672 13235.5 1070190
AsQc 0.876393 924672 13235.5 1070190
AsQh 0.876288 924582 13213 1070190
AcQs 0.875995 924210 13271.5 1070190
AdQs 0.875995 924210 13271.5 1070190
AdJd 0.875624 920694 16390.5 1070190
AcJc 0.875624 920694 16390.5 1070190
AsQs 0.875621 923868 13213 1070190
AdTd 0.870581 912573 19114.5 1070190
AcTc 0.870581 912573 19114.5 1070190
AdJc 0.86978 913740 17090 1070190
AcJd 0.86978 913740 17090 1070190
AcJh 0.869675 913650 17067.5 1070190
AdJh 0.869675 913650 17067.5 1070190
AsJd 0.869458 913482 17003.5 1070190
AsJc 0.869458 913482 17003.5 1070190
AsJh 0.869353 913392 16981 1070190
AcJs 0.869013 912942 17067.5 1070190
AdJs 0.869013 912942 17067.5 1070190
AsJs 0.868692 912684 16981 1070190
Ad9d 0.86657 906270 21124.5 1070190
Ac9c 0.86657 906270 21124.5 1070190
AcTd 0.864454 905133 19997 1070190
AdTc 0.864454 905133 19997 1070190
AcTh 0.864349 905043 19974.5 1070190
AdTh 0.864349 905043 19974.5 1070190
AsTd 0.864171 904938 19889.5 1070190
AsTc 0.864171 904938 19889.5 1070190
AsTh 0.864066 904848 19867 1070190
Ad8d 0.863973 902076 22539.5 1070190
Ac8c 0.863973 902076 22539.5 1070190
AcTs 0.863693 904341 19974.5 1070190
AdTs 0.863693 904341 19974.5 1070190
AsTs 0.86341 904146 19867 1070190
Ad9c 0.860199 898434 22142 1070190
Ac9d 0.860199 898434 22142 1070190
Ac9h 0.860094 898344 22119.5 1070190
Ad9h 0.860094 898344 22119.5 1070190
As9c 0.859944 898284 22019.5 1070190
As9d 0.859944 898284 22019.5 1070190
As9h 0.859839 898194 21997 1070190
Ad9s 0.859438 897642 22119.5 1070190
Ac9s 0.859438 897642 22119.5 1070190
As9s 0.859183 897492 21997 1070190
Ad8c 0.857483 894018 23652 1070190
Ac8d 0.857483 894018 23652 1070190
Ad8h 0.857378 893928 23629.5 1070190
Ac8h 0.857378 893928 23629.5 1070190
As8d 0.857247 893898 23519.5 1070190
As8c 0.857247 893898 23519.5 1070190
As8h 0.857142 893808 23497 1070190
Ad8s 0.856728 893232 23629.5 1070190
Ac8s 0.856728 893232 23629.5 1070190
As8s 0.856492 893112 23497 1070190
Ac6c 0.854668 888192 26465 1070190
Ad6d 0.854668 888192 26465 1070190
Ad5d 0.853408 886287 27021.5 1070190
Ac5c 0.853408 886287 27021.5 1070190
Ad4d 0.852486 885048 27273.5 1070190
Ac4c 0.852486 885048 27273.5 1070190
Ac3c 0.851981 884442 27340 1070190
Ad3d 0.851981 884442 27340 1070190
Ac2c 0.851673 884112 27340 1070190
Ad2d 0.851673 884112 27340 1070190
Ad6c 0.84798 879852 27648 1070190
Ac6d 0.84798 879852 27648 1070190
Ad6h 0.847935 879852 27600 1070190
Ac6h 0.847935 879852 27600 1070190
As6c 0.847816 879840 27484 1070190
As6d 0.847816 879840 27484 1070190
As6h 0.847771 879840 27436 1070190
Ad6s 0.847285 879156 27600 1070190
Ac6s 0.847285 879156 27600 1070190
As6s 0.847121 879144 27436 1070190
Ad5c 0.846663 877845 28245 1070190
Ac5d 0.846663 877845 28245 1070190
Ac5h 0.846619 877845 28198.5 1070190
Ad5h 0.846619 877845 28198.5 1070190
As5c 0.846505 877842 28079.5 1070190
As5d 0.846505 877842 28079.5 1070190
As5h 0.846462 877842 28033 1070190
Ad5s 0.845969 877149 28198.5 1070190
Ac5s 0.845969 877149 28198.5 1070190
As5s 0.845811 877146 28033 1070190
Ac4d 0.845669 876510 28516 1070190
Ad4c 0.845669 876510 28516 1070190
Ad4h 0.845626 876510 28470.5 1070190
Ac4h 0.845626 876510 28470.5 1070190
As4d 0.845514 876510 28350.5 1070190
As4c 0.845514 876510 28350.5 1070190
As4h 0.845471 876510 28305 1070190
Ad3c 0.845113 875844 28588 1070190
Ac3d 0.845113 875844 28588 1070190
Ad3h 0.845071 875844 28543 1070190
Ac3h 0.845071 875844 28543 1070190
Ad4s 0.84497 875808 28470.5 1070190
Ac4s 0.84497 875808 28470.5 1070190
As3d 0.844959 875844 28423 1070190
As3c 0.844959 875844 28423 1070190
As3h 0.844917 875844 28378 1070190
As4s 0.844815 875808 28305 1070190
Ac2d 0.84476 875466 28588 1070190
Ad2c 0.84476 875466 28588 1070190
Ac2h 0.844718 875466 28543 1070190
Ad2h 0.844718 875466 28543 1070190
As2d 0.844606 875466 28423 1070190
As2c 0.844606 875466 28423 1070190
As2h 0.844564 875466 28378 1070190
Ad3s 0.84441 875136 28543 1070190
Ac3s 0.84441 875136 28543 1070190
As3s 0.844256 875136 28378 1070190
Ad2s 0.844051 874752 28543 1070190
Ac2s 0.844051 874752 28543 1070190
As2s 0.843897 874752 28378 1070190
KdKc 0.787807 839534 3569.5 1070190
KhKc 0.787726 839447 3569.5 1070190
KhKd 0.787726 839447 3569.5 1070190
KsKc 0.78739 839087 3569.5 1070190
KsKd 0.78739 839087 3569.5 1070190
KsKh 0.787308 839000 3569.5 1070190
QdQc 0.766161 816368 3569.5 1070190
QhQc 0.766079 816281 3569.5 1070190
QhQd 0.766079 816281 3569.5 1070190
QsQc 0.765743 815921 3569.5 1070190
QsQd 0.765743 815921 3569.5 1070190
QsQh 0.765662 815834 3569.5 1070190
JdJc 0.745711 794483 3569.5 1070190
JhJd 0.745627 794393 3569.5 1070190
JhJc 0.745627 794393 3569.5 1070190
JsJd 0.745293 794036 3569.5 1070190
JsJc 0.745293 794036 3569.5 1070190
JsJh 0.745209 793946 3569.5 1070190
TdTc 0.725396 772742 3569.5 1070190
ThTd 0.725309 772649 3569.5 1070190
ThTc 0.725309 772649 3569.5 1070190
TsTd 0.724978 772295 3569.5 1070190
TsTc 0.724978 772295 3569.5 1070190
TsTh 0.724891 772202 3569.5 1070190
9d9c 0.704156 750011 3569.5 1070190
9h9d 0.704063 749912 3569.5 1070190
9h9c 0.704063 749912 3569.5 1070190
9s9d 0.703735 749561 3569.5 1070190
9s9c 0.703735 749561 3569.5 1070190
9s9h 0.703643 749462 3569.5 1070190
8d8c 0.68411 728558 3569.5 1070190
8h8d 0.684015 728456 3569.5 1070190
8h8c 0.684015 728456 3569.5 1070190
8s8c 0.683689 728108 3569.5 1070190
8s8d 0.683689 728108 3569.5 1070190
8s8h 0.683594 728006 3569.5 1070190
KdQd 0.596121 595328 42634.5 1070190
KcQc 0.596121 595328 42634.5 1070190
KhQh 0.595644 594795 42657 1070190
6d6c 0.586919 596531 31583.5 1070190
6h6d 0.586884 596519 31558 1070190
6h6c 0.586884 596519 31558 1070190
6s6c 0.586558 596171 31558 1070190
6s6d 0.586558 596171 31558 1070190
6s6h 0.586523 596159 31532.5 1070190
KcJc 0.585608 579716 46995.5 1070190
KdJd 0.585608 579716 46995.5 1070190
KhJh 0.585125 579177 47018 1070190
KcQd 0.579192 576532 43314 1070190
KdQc 0.579192 576532 43314 1070190
KcQh 0.579142 576478 43314 1070190
KhQd 0.579142 576478 43314 1070190
KdQh 0.579142 576478 43314 1070190
KhQc 0.579142 576478 43314 1070190
KsQc 0.578452 575798 43255.5 1070190
KsQd 0.578452 575798 43255.5 1070190
KcQs 0.578418 575726 43291.5 1070190
KdQs 0.578418 575726 43291.5 1070190
KsQh 0.578401 575744 43255.5 1070190
KhQs 0.578368 575672 43291.5 1070190
KsQs 0.577678 574992 43233 1070190
KdTd 0.577063 566834 50733.5 1070190
KcTc 0.577063 566834 50733.5 1070190
KhTh 0.576575 566289 50756 1070190
KdJc 0.568122 560029 47969 1070190
KcJd 0.568122 560029 47969 1070190
KhJd 0.568071 559975 47969 1070190
KcJh 0.568071 559975 47969 1070190
KdJh 0.568071 559975 47969 1070190
KhJc 0.568071 559975 47969 1070190
KsJc 0.56743 559372 47886 1070190
KsJd 0.56743 559372 47886 1070190
KsJh 0.56738 559318 47886 1070190
KcJs 0.567353 559229 47946.5 1070190
KdJs 0.567353 559229 47946.5 1070190
KhJs 0.567303 559175 47946.5 1070190
KsJs 0.566662 558572 47863.5 1070190
5d5c 0.563893 569426 34046.5 1070190
5h5d 0.563865 569420 34022.5 1070190
5h5c 0.563865 569420 34022.5 1070190
Kd9d 0.563621 549333 53848.5 1070190
Kc9c 0.563621 549333 53848.5 1070190
5s5d 0.563537 569069 34022.5 1070190
5s5c 0.563537 569069 34022.5 1070190
5s5h 0.563509 569063 33998.5 1070190
Kh9h 0.563101 548754 53871 1070190
KdTc 0.559151 546439 51959 1070190
KcTd 0.559151 546439 51959 1070190
KdTh 0.559101 546385 51959 1070190
KcTh 0.559101 546385 51959 1070190
KhTd 0.559101 546385 51959 1070190
KhTc 0.559101 546385 51959 1070190
Kd8d 0.558736 542325 55628.5 1070190
Kc8c 0.558736 542325 55628.5 1070190
KsTd 0.558499 545845 51855 1070190
KsTc 0.558499 545845 51855 1070190
KsTh 0.558448 545791 51855 1070190
KcTs 0.558388 545645 51936.5 1070190
KdTs 0.558388 545645 51936.5 1070190
KhTs 0.558338 545591 51936.5 1070190
Kh8h 0.55821 541740 55651 1070190
KsTs 0.557736 545051 51832.5 1070190
Kc6c 0.552312 533586 57493 1070190
Kd6d 0.552312 533586 57493 1070190
Kh6h 0.551669 532884 57506.5 1070190
Kd5d 0.549534 530106 58000 1070190
Kc5c 0.549534 530106 58000 1070190
Kh5h 0.548902 529416 58013.5 1070190
Kd4d 0.547119 527370 58151 1070190
Kc4c 0.547119 527370 58151 1070190
Kh4h 0.546492 526686 58164.5 1070190
Kc3c 0.545036 525168 58124 1070190
Kd3d 0.545036 525168 58124 1070190
Kc9d 0.544958 527925 55284 1070190
Kd9c 0.544958 527925 55284 1070190
Kh9d 0.544908 527871 55284 1070190
Kd9h 0.544908 527871 55284 1070190
Kc9h 0.544908 527871 55284 1070190
Kh9c 0.544908 527871 55284 1070190
Kh3h 0.544415 524490 58137.5 1070190
Ks9d 0.544337 527382 55162.5 1070190
Ks9c 0.544337 527382 55162.5 1070190
Ks9h 0.544287 527328 55162.5 1070190
Kd9s 0.544197 527133 55261.5 1070190
Kc9s 0.544197 527133 55261.5 1070190
Kh9s 0.544147 527079 55261.5 1070190
Ks9s 0.543576 526590 55140 1070190
Kc2c 0.542953 522966 58097 1070190
Kd2d 0.542953 522966 58097 1070190
Kh2h 0.542338 522294 58110.5 1070190
4d4c 0.541228 542975 36241.5 1070190
4h4d 0.541203 542972 36218.5 1070190
4h4c 0.541203 542972 36218.5 1070190
4s4c 0.540873 542618 36218.5 1070190
4s4d 0.540873 542618 36218.5 1070190
4s4h 0.540848 542615 36195.5 1070190
Kc8d 0.539894 520605 57184 1070190
Kd8c 0.539894 520605 57184 1070190
Kd8h 0.539843 520551 57184 1070190
Kc8h 0.539843 520551 57184 1070190
Kh8d 0.539843 520551 57184 1070190
Kh8c 0.539843 520551 57184 1070190
Ks8d 0.539292 520092 57052.5 1070190
Ks8c 0.539292 520092 57052.5 1070190
Ks8h 0.539241 520038 57052.5 1070190
Kc8s 0.539138 519819 57161.5 1070190
Kd8s 0.539138 519819 57161.5 1070190
Kh8s 0.539088 519765 57161.5 1070190
Ks8s 0.538536 519306 57030 1070190
Kd6c 0.53321 511515 59120.5 1070190
Kc6d 0.53321 511515 59120.5 1070190
Kd6h 0.533163 511470 59116 1070190
Kc6h 0.533163 511470 59116 1070190
Kh6c 0.533163 511470 59116 1070190
Kh6d 0.533163 511470 59116 1070190
Ks6c 0.532623 511029 58978.5 1070190
Ks6d 0.532623 511029 58978.5 1070190
Ks6h 0.532576 510984 58974 1070190
Kc6s 0.532458 510738 59093.5 1070190
Kd6s 0.532458 510738 59093.5 1070190
Kh6s 0.532412 510693 59089 1070190
Ks6s 0.531871 510252 58951.5 1070190
Kd5c 0.53037 507933 59663.5 1070190
Kc5d 0.53037 507933 59663.5 1070190
Kc5h 0.530324 507888 59659 1070190
Kd5h 0.530324 507888 59659 1070190
Kh5c 0.530324 507888 59659 1070190
Kh5d 0.530324 507888 59659 1070190
Ks5d 0.529789 507456 59518.5 1070190
Ks5c 0.529789 507456 59518.5 1070190
Ks5h 0.529742 507411 59514 1070190
Kd5s 0.529619 507156 59636.5 1070190
Kc5s 0.529619 507156 59636.5 1070190
Kh5s 0.529572 507111 59632 1070190
Ks5s 0.529037 506679 59491.5 1070190
Kd4c 0.527887 505113 59826.5 1070190
Kc4d 0.527887 505113 59826.5 1070190
Kc4h 0.527841 505068 59822 1070190
Kh4d 0.527841 505068 59822 1070190
Kd4h 0.527841 505068 59822 1070190
Kh4c 0.527841 505068 59822 1070190
Ks4c 0.527308 504639 59680.5 1070190
Ks4d 0.527308 504639 59680.5 1070190
Ks4h 0.527262 504594 59676 1070190
Kd4s 0.52713 504330 59799.5 1070190
Kc4s 0.52713 504330 59799.5 1070190
Kh4s 0.527084 504285 59795 1070190
Ks4s 0.526551 503856 59653.5 1070190
Kc3d 0.525759 502863 59799.5 1070190
Kd3c 0.525759 502863 59799.5 1070190
Kc3h 0.525713 502818 59795 1070190
Kh3d 0.525713 502818 59795 1070190
Kh3c 0.525713 502818 59795 1070190
Kd3h 0.525713 502818 59795 1070190
Ks3d 0.52518 502389 59653.5 1070190
Ks3c 0.52518 502389 59653.5 1070190
Ks3h 0.525134 502344 59649 1070190
Kd3s 0.524997 502074 59772.5 1070190
Kc3s 0.524997 502074 59772.5 1070190
Kh3s 0.524951 502029 59768 1070190
Ks3s 0.524418 501600 59626.5 1070190
Kc2d 0.523632 500613 59772.5 1070190
Kd2c 0.523632 500613 59772.5 1070190
Kh2c 0.523586 500568 59768 1070190
Kh2d 0.523586 500568 59768 1070190
Kc2h 0.523586 500568 59768 1070190
Kd2h 0.523586 500568 59768 1070190
Ks2d 0.523052 500139 59626.5 1070190
Ks2c 0.523052 500139 59626.5 1070190
Ks2h 0.523006 500094 59622 1070190
Kd2s 0.522864 499818 59745.5 1070190
Kc2s 0.522864 499818 59745.5 1070190
Kh2s 0.522817 499773 59741 1070190
Ks2s 0.522284 499344 59599.5 1070190
3d3c 0.519539 517742 38263.5 1070190
3h3d 0.519518 517742 38241 1070190
3h3c 0.519518 517742 38241 1070190
3s3d 0.519184 517385 38241 1070190
3s3c 0.519184 517385 38241 1070190
3s3h 0.519163 517385 38218.5 1070190
QdJd 0.517559 502498 51388.5 1070190
QcJc 0.517559 502498 51388.5 1070190
QhJh 0.51698 501841 51426 1070190
QcTc 0.509015 489616 55126.5 1070190
QdTd 0.509015 489616 55126.5 1070190
QhTh 0.50843 488953 55164 1070190
2d2c 0.498383 493157 40207.5 1070190
2h2c 0.498365 493160 40185 1070190
2h2d 0.498365 493160 40185 1070190
2s2c 0.498028 492800 40185 1070190
2s2d 0.498028 492800 40185 1070190
2s2h 0.49801 492803 40162.5 1070190
QcJd 0.496383 478637 52587 1070190
QdJc 0.496383 478637 52587 1070190
QhJc 0.496332 478583 52587 1070190
QhJd 0.496332 478583 52587 1070190
QcJh 0.496332 478583 52587 1070190
QdJh 0.496332 478583 52587 1070190
QsJd 0.495695 477980 52508 1070190
QsJc 0.495695 477980 52508 1070190
QdJs 0.495652 477881 52560.5 1070190
QcJs 0.495652 477881 52560.5 1070190
QsJh 0.495645 477926 52508 1070190
QhJs 0.495601 477827 52560.5 1070190
Qd9d 0.495572 472115 58241.5 1070190
Qc9c 0.495572 472115 58241.5 1070190
QsJs 0.494964 477224 52481.5 1070190
Qh9h 0.494956 471418 58279 1070190
Qc8c 0.490687 465107 60021.5 1070190
Qd8d 0.490687 465107 60021.5 1070190
Qh8h 0.490065 464404 60059 1070190
QcTd 0.487413 465047 56577 1070190
QdTc 0.487413 465047 56577 1070190
QhTc 0.487362 464993 56577 1070190
QhTd 0.487362 464993 56577 1070190
QcTh 0.487362 464993 56577 1070190
QdTh 0.487362 464993 56577 1070190
QsTc 0.486764 464453 56477 1070190
QsTd 0.486764 464453 56477 1070190
QsTh 0.486714 464399 56477 1070190
QdTs 0.486687 464297 56550.5 1070190
QcTs 0.486687 464297 56550.5 1070190
QhTs 0.486636 464243 56550.5 1070190
QsTs 0.486038 463703 56450.5 1070190
Qd6d 0.483283 455389 61816 1070190
Qc6c 0.483283 455389 61816 1070190
Qh6h 0.482564 454592 61843.5 1070190
Qd5d 0.480505 451909 62323 1070190
Qc5c 0.480505 451909 62323 1070190
Qh5h 0.479798 451124 62350.5 1070190
Qd4d 0.47809 449173 62474 1070190
Qc4c 0.47809 449173 62474 1070190
Qh4h 0.477388 448394 62501.5 1070190
Qd3d 0.476007 446971 62447 1070190
Qc3c 0.476007 446971 62447 1070190
Qh3h 0.47531 446198 62474.5 1070190
Qd2d 0.473924 444769 62420 1070190
Qc2c 0.473924 444769 62420 1070190
Qh2h 0.473233 444002 62447.5 1070190
Qd9c 0.47322 446533 59902 1070190
Qc9d 0.47322 446533 59902 1070190
Qd9h 0.473169 446479 59902 1070190
Qc9h 0.473169 446479 59902 1070190
Qh9d 0.473169 446479 59902 1070190
Qh9c 0.473169 446479 59902 1070190
Qs9c 0.472603 445990 59784.5 1070190
Qs9d 0.472603 445990 59784.5 1070190
Qs9h 0.472552 445936 59784.5 1070190
Qd9s 0.472496 445785 59875.5 1070190
Qc9s 0.472496 445785 59875.5 1070190
Qh9s 0.472446 445731 59875.5 1070190
Qs9s 0.471879 445242 59758 1070190
Qc8d 0.468155 439213 61802 1070190
Qd8c 0.468155 439213 61802 1070190
Qh8d 0.468105 439159 61802 1070190
Qh8c 0.468105 439159 61802 1070190
Qc8h 0.468105 439159 61802 1070190
Qd8h 0.468105 439159 61802 1070190
Qs8d 0.467557 438700 61674.5 1070190
Qs8c 0.467557 438700 61674.5 1070190
Qs8h 0.467506 438646 61674.5 1070190
Qd8s 0.467437 438471 61775.5 1070190
Qc8s 0.467437 438471 61775.5 1070190
Qh8s 0.467387 438417 61775.5 1070190
Qs8s 0.466839 437958 61648 1070190
JcTc 0.46063 435122 57839.5 1070190
JdTd 0.46063 435122 57839.5 1070190
Qc6d 0.460503 429159 63666.5 1070190
Qd6c 0.460503 429159 63666.5 1070190
Qd6h 0.460464 429122 63662.5 1070190
Qc6h 0.460464 429122 63662.5 1070190
Qh6d 0.460457 429114 63662.5 1070190
Qh6c 0.460457 429114 63662.5 1070190
Qs6d 0.45992 428673 63529 1070190
Qs6c 0.45992 428673 63529 1070190
JhTh 0.459905 434294 57892 1070190
Qs6h 0.459882 428636 63525 1070190
Qd6s 0.459797 428434 63636 1070190
Qc6s 0.459797 428434 63636 1070190
Qh6s 0.459751 428389 63632 1070190
Qs6s 0.459214 427948 63498.5 1070190
Qd5c 0.457663 425577 64209.5 1070190
Qc5d 0.457663 425577 64209.5 1070190
Qd5h 0.457625 425540 64205.5 1070190
Qc5h 0.457625 425540 64205.5 1070190
Qh5d 0.457617 425532 64205.5 1070190
Qh5c 0.457617 425532 64205.5 1070190
Qs5d 0.457086 425100 64069 1070190
Qs5c 0.457086 425100 64069 1070190
Qs5h 0.457048 425063 64065 1070190
Qc5s 0.456957 424852 64179 1070190
Qd5s 0.456957 424852 64179 1070190
Qh5s 0.456911 424807 64175 1070190
Qs5s 0.45638 424375 64038.5 1070190
Qc4d 0.45518 422757 64372.5 1070190
Qd4c 0.45518 422757 64372.5 1070190
Qc4h 0.455142 422720 64368.5 1070190
Qd4h 0.455142 422720 64368.5 1070190
Qh4d 0.455135 422712 64368.5 1070190
Qh4c 0.455135 422712 64368.5 1070190
Qs4d 0.454605 422283 64231 1070190
Qs4c 0.454605 422283 64231 1070190
Qs4h 0.454567 422246 64227 1070190
Qc4s 0.454469 422026 64342 1070190
Qd4s 0.454469 422026 64342 1070190
Qh4s 0.454423 421981 64338 1070190
Qs4s 0.453894 421552 64200.5 1070190
Qc3d 0.453053 420507 64345.5 1070190
Qd3c 0.453053 420507 64345.5 1070190
Qd3h 0.453014 420470 64341.5 1070190
Qc3h 0.453014 420470 64341.5 1070190
Qh3d 0.453007 420462 64341.5 1070190
Qh3c 0.453007 420462 64341.5 1070190
Qs3c 0.452478 420033 64204 1070190
Qs3d 0.452478 420033 64204 1070190
Qs3h 0.452439 419996 64200 1070190
Qc3s 0.452336 419770 64315 1070190
Qd3s 0.452336 419770 64315 1070190
Qh3s 0.45229 419725 64311 1070190
Qs3s 0.45176 419296 64173.5 1070190
Qd2c 0.450925 418257 64318.5 1070190
Qc2d 0.450925 418257 64318.5 1070190
Qd2h 0.450887 418220 64314.5 1070190
Qc2h 0.450887 418220 64314.5 1070190
Qh2d 0.450879 418212 64314.5 1070190
Qh2c 0.450879 418212 64314.5 1070190
Qs2d 0.45035 417783 64177 1070190
Qs2c 0.45035 417783 64177 1070190
Qs2h 0.450312 417746 64173 1070190
Qd2s 0.450202 417514 64288 1070190
Qc2s 0.450202 417514 64288 1070190
Qh2s 0.450157 417469 64284 1070190
Qs2s 0.449627 417040 64146.5 1070190
Jc9c 0.444546 412028 63720.5 1070190
Jd9d 0.444546 412028 63720.5 1070190
Jh9h 0.44379 411167 63773 1070190
Jd8d 0.439661 405020 65500.5 1070190
Jc8c 0.439661 405020 65500.5 1070190
Jh8h 0.4389 404153 65553 1070190
JdTc 0.436457 407671 59420.5 1070190
JcTd 0.436457 407671 59420.5 1070190
JhTd 0.436406 407617 59420.5 1070190
JhTc 0.436406 407617 59420.5 1070190
JdTh 0.436406 407617 59420.5 1070190
JcTh 0.436406 407617 59420.5 1070190
JsTc 0.435817 407079 59327.5 1070190
JsTd 0.435817 407079 59327.5 1070190
JsTh 0.435766 407025 59327.5 1070190
JcTs 0.435762 406958 59390.5 1070190
JdTs 0.435762 406958 59390.5 1070190
JhTs 0.435712 406904 59390.5 1070190
JsTs 0.435122 406366 59297.5 1070190
Jd6d 0.42167 383775 67492 1070190
Jc6c 0.42167 383775 67492 1070190
Jh6h 0.420869 382876 67533.5 1070190
Jc9d 0.419456 383211 65687 1070190
Jd9c 0.419456 383211 65687 1070190
Jh9d 0.419406 383157 65687 1070190
Jh9c 0.419406 383157 65687 1070190
Jd9h 0.419406 383157 65687 1070190
Jc9h 0.419406 383157 65687 1070190
Jd5d 0.418892 380295 67999 1070190
Jc5c 0.418892 380295 67999 1070190
Js9d 0.418845 382665 65578.5 1070190
Js9c 0.418845 382665 65578.5 1070190
Js9h 0.418794 382611 65578.5 1070190
Jc9s 0.418767 382507 65653.5 1070190
Jd9s 0.418767 382507 65653.5 1070190
Jh9s 0.418717 382453 65653.5 1070190
Js9s 0.418156 381961 65545 1070190
Jh5h 0.418102 379408 68040.5 1070190
Jc4c 0.416477 377559 68150 1070190
Jd4d 0.416477 377559 68150 1070190
Jh4h 0.415692 376678 68191.5 1070190
Jc3c 0.414394 375357 68123 1070190
Jd3d 0.414394 375357 68123 1070190
Jc8d 0.414392 375891 67587 1070190
Jd8c 0.414392 375891 67587 1070190
Jh8c 0.414341 375837 67587 1070190
Jh8d 0.414341 375837 67587 1070190
Jd8h 0.414341 375837 67587 1070190
Jc8h 0.414341 375837 67587 1070190
Js8c 0.413799 375375 67468.5 1070190
Js8d 0.413799 375375 67468.5 1070190
Js8h 0.413748 375321 67468.5 1070190
Jd8s 0.413708 375193 67553.5 1070190
Jc8s 0.413708 375193 67553.5 1070190
Jh8s 0.413658 375139 67553.5 1070190
Jh3h 0.413615 374482 68164.5 1070190
Js8s 0.413115 374677 67435 1070190
Jd2d 0.412311 373155 68096 1070190
Jc2c 0.412311 373155 68096 1070190
Jh2h 0.411538 372286 68137.5 1070190
Td9d 0.403323 361912 69720.5 1070190
Tc9c 0.403323 361912 69720.5 1070190
Th9h 0.402424 360882 69788 1070190
Td8d 0.398547 355377 71144.5 1070190
Tc8c 0.398547 355377 71144.5 1070190
Th8h 0.397643 354342 71212 1070190
Jc6d 0.395595 353697 69664.5 1070190
Jd6c 0.395595 353697 69664.5 1070190
Jc6h 0.395563 353667 69661 1070190
Jd6h 0.395563 353667 69661 1070190
Jh6d 0.395549 353652 69661 1070190
Jh6c 0.395549 353652 69661 1070190
Js6c 0.395022 353214 69535 1070190
Js6d 0.395022 353214 69535 1070190
Js6h 0.394991 353184 69531.5 1070190
Jc6s 0.394935 353028 69627.5 1070190
Jd6s 0.394935 353028 69627.5 1070190
Jh6s 0.39489 352983 69624 1070190
Js6s 0.394363 352545 69498 1070190
Jd5c 0.392755 350115 70207.5 1070190
Jc5d 0.392755 350115 70207.5 1070190
Jd5h 0.392724 350085 70204 1070190
Jc5h 0.392724 350085 70204 1070190
Jh5c 0.39271 350070 70204 1070190
Jh5d 0.39271 350070 70204 1070190
Js5c 0.392188 349641 70075 1070190
Js5d 0.392188 349641 70075 1070190
Js5h 0.392157 349611 70071.5 1070190
Jc5s 0.392095 349446 70170.5 1070190
Jd5s 0.392095 349446 70170.5 1070190
Jh5s 0.39205 349401 70167 1070190
Js5s 0.391529 348972 70038 1070190
Jc4d 0.390272 347295 70370.5 1070190
Jd4c 0.390272 347295 70370.5 1070190
Jc4h 0.390241 347265 70367 1070190
Jd4h 0.390241 347265 70367 1070190
Jh4c 0.390227 347250 70367 1070190
Jh4d 0.390227 347250 70367 1070190
Js4d 0.389707 346824 70237 1070190
Js4c 0.389707 346824 70237 1070190
Js4h 0.389676 346794 70233.5 1070190
Jd4s 0.389607 346620 70333.5 1070190
Jc4s 0.389607 346620 70333.5 1070190
Jh4s 0.389562 346575 70330 1070190
Js4s 0.389042 346149 70200 1070190
Jd3c 0.388145 345045 70343.5 1070190
Jc3d 0.388145 345045 70343.5 1070190
Jc3h 0.388113 345015 70340 1070190
Jd3h 0.388113 345015 70340 1070190
Jh3d 0.388099 345000 70340 1070190
Jh3c 0.388099 345000 70340 1070190
Js3d 0.38758 344574 70210 1070190
Js3c 0.38758 344574 70210 1070190
Js3h 0.387548 344544 70206.5 1070190
Jc3s 0.387474 344364 70306.5 1070190
Jd3s 0.387474 344364 70306.5 1070190
Jh3s 0.387428 344319 70303 1070190
Js3s 0.386909 343893 70173 1070190
Jd2c 0.386017 342795 70316.5 1070190
Jc2d 0.386017 342795 70316.5 1070190
Jd2h 0.385986 342765 70313 1070190
Jc2h 0.385986 342765 70313 1070190
Jh2c 0.385972 342750 70313 1070190
Jh2d 0.385972 342750 70313 1070190
Js2d 0.385452 342324 70183 1070190
Js2c 0.385452 342324 70183 1070190
Js2h 0.385421 342294 70179.5 1070190
Jd2s 0.38534 342108 70279.5 1070190
Jc2s 0.38534 342108 70279.5 1070190
Jh2s 0.385295 342063 70276 1070190
Js2s 0.384776 341637 70146 1070190
Td6d 0.379844 333439 73066 1070190
Tc6c 0.379844 333439 73066 1070190
Th6h 0.378918 332393 73121.5 1070190
Td9c 0.376017 330370 72039.5 1070190
Tc9d 0.376017 330370 72039.5 1070190
Th9d 0.375966 330316 72039.5 1070190
Th9c 0.375966 330316 72039.5 1070190
Tc9h 0.375966 330316 72039.5 1070190
Td9h 0.375966 330316 72039.5 1070190
Ts9c 0.375415 329825 71940 1070190
Ts9d 0.375415 329825 71940 1070190
Ts9h 0.375364 329771 71940 1070190
Tc9s 0.375362 329712 71997 1070190
Td9s 0.375362 329712 71997 1070190
Th9s 0.375312 329658 71997 1070190
Ts9s 0.37476 329167 71897.5 1070190
Td8c 0.371071 323557 73559.5 1070190
Tc8d 0.371071 323557 73559.5 1070190
Th8d 0.371021 323503 73559.5 1070190
Th8c 0.371021 323503 73559.5 1070190
Td8h 0.371021 323503 73559.5 1070190
Tc8h 0.371021 323503 73559.5 1070190
9d8d 0.370619 321908 74724.5 1070190
9c8c 0.370619 321908 74724.5 1070190
Ts8c 0.370486 323038 73452 1070190
Ts8d 0.370486 323038 73452 1070190
Ts8h 0.370435 322984 73452 1070190
Tc8s 0.370422 322905 73517 1070190
Td8s 0.370422 322905 73517 1070190
Th8s 0.370372 322851 73517 1070190
Ts8s 0.369837 322386 73409.5 1070190
9h8h 0.369568 320701 74807 1070190
Tc5c 0.366349 318312 73751 1070190
Td5d 0.366349 318312 73751 1070190
Th5h 0.365476 317322 73806.5 1070190
Td4d 0.363934 315576 73902 1070190
Tc4c 0.363934 315576 73902 1070190
Th4h 0.363066 314592 73957.5 1070190
Td3d 0.361851 313374 73875 1070190
Tc3c 0.361851 313374 73875 1070190
Th3h 0.360989 312396 73930.5 1070190
Tc2c 0.359768 311172 73848 1070190
Td2d 0.359768 311172 73848 1070190
Th2h 0.358912 310200 73903.5 1070190
Tc6d 0.351573 300685 75565 1070190
Td6c 0.351573 300685 75565 1070190
Td6h 0.351548 300661 75562 1070190
Tc6h 0.351548 300661 75562 1070190
Th6d 0.351528 300640 75562 1070190
Th6c 0.351528 300640 75562 1070190
Ts6d 0.35101 300200 75447 1070190
Ts6c 0.35101 300200 75447 1070190
Ts6h 0.350984 300176 75444 1070190
Tc6s 0.350953 300067 75519.5 1070190
Td6s 0.350953 300067 75519.5 1070190
Th6s 0.350908 300022 75516.5 1070190
Ts6s 0.35039 299582 75401.5 1070190
9d6d 0.35014 296683 78033 1070190
9c6c 0.35014 296683 78033 1070190
9h6h 0.349086 295486 78102.5 1070190
9c8d 0.341651 288283 77348 1070190
9d8c 0.341651 288283 77348 1070190
9c8h 0.3416 288229 77348 1070190
9d8h 0.3416 288229 77348 1070190
9h8c 0.3416 288229 77348 1070190
9h8d 0.3416 288229 77348 1070190
9s8c 0.341071 287761 77250 1070190
9s8d 0.341071 287761 77250 1070190
9d8s 0.341031 287670 77298 1070190
9c8s 0.341031 287670 77298 1070190
9s8h 0.341021 287707 77250 1070190
9h8s 0.340981 287616 77298 1070190
9s8s 0.340452 287148 77200 1070190
Td5c 0.337389 284772 76298 1070190
Tc5d 0.337389 284772 76298 1070190
Td5h 0.337363 284748 76295 1070190
Tc5h 0.337363 284748 76295 1070190
Th5c 0.337344 284727 76295 1070190
Th5d 0.337344 284727 76295 1070190
Ts5c 0.336835 284301 76176 1070190
Ts5d 0.336835 284301 76176 1070190
Ts5h 0.336809 284277 76173 1070190
Td5s 0.336774 284160 76252.5 1070190
Tc5s 0.336774 284160 76252.5 1070190
Th5s 0.336729 284115 76249.5 1070190
9d5d 0.336645 281556 78718 1070190
9c5c 0.336645 281556 78718 1070190
Ts5s 0.33622 283689 76130.5 1070190
9h5h 0.335644 280415 78787.5 1070190
Td4c 0.334906 281952 76461 1070190
Tc4d 0.334906 281952 76461 1070190
Td4h 0.334881 281928 76458 1070190
Tc4h 0.334881 281928 76458 1070190
Th4c 0.334861 281907 76458 1070190
Th4d 0.334861 281907 76458 1070190
Ts4d 0.334354 281484 76338 1070190
Ts4c 0.334354 281484 76338 1070190
Ts4h 0.334328 281460 76335 1070190
Tc4s 0.334286 281334 76415.5 1070190
Td4s 0.334286 281334 76415.5 1070190
Th4s 0.334241 281289 76412.5 1070190
Ts4s 0.333734 280866 76292.5 1070190
Td3c 0.332778 279702 76434 1070190
Tc3d 0.332778 279702 76434 1070190
Tc3h 0.332753 279678 76431 1070190
Td3h 0.332753 279678 76431 1070190
Th3d 0.332733 279657 76431 1070190
Th3c 0.332733 279657 76431 1070190
8d6d 0.332676 275206 80820 1070190
8c6c 0.332676 275206 80820 1070190
Ts3d 0.332226 279234 76311 1070190
Ts3c 0.332226 279234 76311 1070190
Ts3h 0.332201 279210 76308 1070190
Td3s 0.332153 279078 76388.5 1070190
Tc3s 0.332153 279078 76388.5 1070190
Th3s 0.332108 279033 76385.5 1070190
Ts3s 0.3316 278610 76265.5 1070190
8h6h 0.331491 273855 80903.5 1070190
Td2c 0.330651 277452 76407 1070190
Tc2d 0.330651 277452 76407 1070190
Td2h 0.330625 277428 76404 1070190
Tc2h 0.330625 277428 76404 1070190
Th2d 0.330606 277407 76404 1070190
Th2c 0.330606 277407 76404 1070190
Ts2c 0.330098 276984 76284 1070190
Ts2d 0.330098 276984 76284 1070190
Ts2h 0.330073 276960 76281 1070190
Tc2s 0.330019 276822 76361.5 1070190
Td2s 0.330019 276822 76361.5 1070190
Th2s 0.329975 276777 76358.5 1070190
Ts2s 0.329467 276354 76238.5 1070190
9d4d 0.322593 266278 78958 1070190
9c4c 0.322593 266278 78958 1070190
9h4h 0.321641 265190 79027.5 1070190
9c3c 0.32051 264076 78931 1070190
9d3d 0.32051 264076 78931 1070190
9c6d 0.320315 261966 80831.5 1070190
9d6c 0.320315 261966 80831.5 1070190
9d6h 0.320295 261947 80829 1070190
9c6h 0.320295 261947 80829 1070190
9h6d 0.32027 261921 80829 1070190
9h6c 0.32027 261921 80829 1070190
9s6d 0.319756 261475 80724.5 1070190
9s6c 0.319756 261475 80724.5 1070190
9s6h 0.319736 261456 80722 1070190
9c6s 0.319732 261397 80776.5 1070190
9d6s 0.319732 261397 80776.5 1070190
9h6s 0.319687 261352 80774 1070190
9h3h 0.319564 262994 79000.5 1070190
9s6s 0.319173 260906 80669.5 1070190
9c2c 0.318428 261874 78904 1070190
9d2d 0.318428 261874 78904 1070190
8d5d 0.318208 258057 82486 1070190
8c5c 0.318208 258057 82486 1070190
9h2h 0.317487 260798 78973.5 1070190
8h5h 0.317076 256762 82569.5 1070190
9c5d 0.30613 246053 81564.5 1070190
9d5c 0.30613 246053 81564.5 1070190
9c5h 0.30611 246034 81562 1070190
9d5h 0.30611 246034 81562 1070190
9h5c 0.306086 246008 81562 1070190
9h5d 0.306086 246008 81562 1070190
9s5d 0.305582 245577 81453.5 1070190
9s5c 0.305582 245577 81453.5 1070190
9s5h 0.305562 245558 81451 1070190
9c5s 0.305552 245489 81509.5 1070190
9d5s 0.305552 245489 81509.5 1070190
9h5s 0.305507 245444 81507 1070190
6d5d 0.305096 242074 84436.5 1070190
6c5c 0.305096 242074 84436.5 1070190
9s5s 0.305003 245013 81398.5 1070190
8c4c 0.304156 242779 82726 1070190
8d4d 0.304156 242779 82726 1070190
6h5h 0.303742 240540 84522 1070190
8h4h 0.303074 241537 82809.5 1070190
8c6d 0.302023 239435 83787.5 1070190
8d6c 0.302023 239435 83787.5 1070190
8c6h 0.302008 239420 83785.5 1070190
8d6h 0.302008 239420 83785.5 1070190
8h6d 0.30198 239390 83785.5 1070190
8h6c 0.30198 239390 83785.5 1070190
8s6c 0.301474 238943 83691 1070190
8s6d 0.301474 238943 83691 1070190
8d6s 0.30147 238905 83725 1070190
8c6s 0.30147 238905 83725 1070190
8s6h 0.301458 238928 83689 1070190
8h6s 0.301426 238860 83723 1070190
8s6s 0.30092 238413 83628.5 1070190
5c4c 0.292671 227451 85762.5 1070190
5d4d 0.292671 227451 85762.5 1070190
5h4h 0.291367 225944 85874 1070190
9d4c 0.291327 229953 81822.5 1070190
9c4d 0.291327 229953 81822.5 1070190
9d4h 0.291307 229934 81820 1070190
9c4h 0.291307 229934 81820 1070190
9h4d 0.291283 229908 81820 1070190
9h4c 0.291283 229908 81820 1070190
6c4c 0.290851 225965 85300.5 1070190
6d4d 0.290851 225965 85300.5 1070190
9s4d 0.290785 229485 81710 1070190
9s4c 0.290785 229485 81710 1070190
9s4h 0.290765 229466 81707.5 1070190
9c4s 0.29075 229390 81767.5 1070190
9d4s 0.29075 229390 81767.5 1070190
9h4s 0.290705 229345 81765 1070190
9s4s 0.290207 228922 81655 1070190
8c3c 0.289741 227379 82699 1070190
8d3d 0.289741 227379 82699 1070190
6h4h 0.289546 224483 85386 1070190
9d3c 0.2892 227703 81795.5 1070190
9c3d 0.2892 227703 81795.5 1070190
9d3h 0.289179 227684 81793 1070190
9c3h 0.289179 227684 81793 1070190
9h3c 0.289155 227658 81793 1070190
9h3d 0.289155 227658 81793 1070190
8h3h 0.28871 226192 82782.5 1070190
9s3c 0.288657 227235 81683 1070190
9s3d 0.288657 227235 81683 1070190
9s3h 0.288637 227216 81680.5 1070190
9c3s 0.288617 227134 81740.5 1070190
9d3s 0.288617 227134 81740.5 1070190
9h3s 0.288572 227089 81738 1070190
9s3s 0.288074 226666 81628 1070190
8c2c 0.287658 225177 82672 1070190
8d2d 0.287658 225177 82672 1070190
9d2c 0.287072 225453 81768.5 1070190
9c2d 0.287072 225453 81768.5 1070190
9d2h 0.287052 225434 81766 1070190
9c2h 0.287052 225434 81766 1070190
9h2d 0.287028 225408 81766 1070190
9h2c 0.287028 225408 81766 1070190
8c5d 0.286805 221371 85564.5 1070190
8d5c 0.286805 221371 85564.5 1070190
8c5h 0.286789 221356 85562.5 1070190
8d5h 0.286789 221356 85562.5 1070190
8h5c 0.286761 221326 85562.5 1070190
8h5d 0.286761 221326 85562.5 1070190
8h2h 0.286633 223996 82755.5 1070190
9s2c 0.286529 224985 81656 1070190
9s2d 0.286529 224985 81656 1070190
9s2h 0.286509 224966 81653.5 1070190
9c2s 0.286483 224878 81713.5 1070190
9d2s 0.286483 224878 81713.5 1070190
9h2s 0.286439 224833 81711 1070190
8s5c 0.286264 220892 85464.5 1070190
8s5d 0.286264 220892 85464.5 1070190
8c5s 0.286258 220850 85500 1070190
8d5s 0.286258 220850 85500 1070190
8s5h 0.286248 220877 85462.5 1070190
8h5s 0.286214 220805 85498 1070190
9s2s 0.285941 224410 81601 1070190
8s5s 0.285717 220371 85400 1070190
5d3d 0.278285 211696 86121.5 1070190
5c3c 0.278285 211696 86121.5 1070190
5h3h 0.277031 210243 86233 1070190
6d3d 0.276435 210565 85273.5 1070190
6c3c 0.276435 210565 85273.5 1070190
6h3h 0.275182 209138 85359 1070190
6d5c 0.273387 204963 87613.5 1070190
6c5d 0.273387 204963 87613.5 1070190
6h5c 0.273383 204963 87609 1070190
6h5d 0.273383 204963 87609 1070190
6c5h 0.273382 204960 87610.5 1070190
6d5h 0.273382 204960 87610.5 1070190
4c3c 0.273231 206510 85899 1070190
4d3d 0.273231 206510 85899 1070190
6s5c 0.272889 204524 87519.5 1070190
6s5d 0.272889 204524 87519.5 1070190
6s5h 0.272884 204521 87516.5 1070190
6c5s 0.27287 204482 87540.5 1070190
6d5s 0.27287 204482 87540.5 1070190
6h5s 0.272866 204482 87536 1070190
6s5s 0.272372 204043 87446.5 1070190
8d4c 0.272002 205271 85822.5 1070190
8c4d 0.272002 205271 85822.5 1070190
8d4h 0.271986 205256 85820.5 1070190
8c4h 0.271986 205256 85820.5 1070190
8h4c 0.271958 205226 85820.5 1070190
8h4d 0.271958 205226 85820.5 1070190
4h3h 0.27195 205011 86027 1070190
8s4d 0.271468 204801 85721 1070190
8s4c 0.271468 204801 85721 1070190
8d4s 0.271455 204750 85758 1070190
8c4s 0.271455 204750 85758 1070190
8s4h 0.271452 204786 85719 1070190
8h4s 0.271411 204705 85756 1070190
8s4s 0.270921 204280 85656.5 1070190
5c2c 0.263397 195879 86005.5 1070190
5d2d 0.263397 195879 86005.5 1070190
5h2h 0.262195 194482 86117 1070190
6c2c 0.261547 194748 85157.5 1070190
6d2d 0.261547 194748 85157.5 1070190
5c4d 0.260508 189741 89052.5 1070190
5d4c 0.260508 189741 89052.5 1070190
5h4d 0.260506 189741 89050 1070190
5h4c 0.260506 189741 89050 1070190
5d4h 0.260506 189740 89050.5 1070190
5c4h 0.260506 189740 89050.5 1070190
6h2h 0.260346 193377 85243 1070190
5s4c 0.260019 189304 88965.5 1070190
5s4d 0.260019 189304 88965.5 1070190
5s4h 0.260016 189303 88963.5 1070190
5d4s 0.260007 189284 88973 1070190
5c4s 0.260007 189284 88973 1070190
5h4s 0.260005 189284 88970.5 1070190
5s4s 0.259517 188847 88886 1070190
4d2d 0.258566 190754 85961 1070190
4c2c 0.258566 190754 85961 1070190
6d4c 0.258377 187977 88536 1070190
6c4d 0.258377 187977 88536 1070190
6h4c 0.258373 187977 88531.5 1070190
6h4d 0.258373 187977 88531.5 1070190
6c4h 0.258372 187974 88533 1070190
6d4h 0.258372 187974 88533 1070190
6s4d 0.257886 187546 88440.5 1070190
6s4c 0.257886 187546 88440.5 1070190
6s4h 0.25788 187543 88437.5 1070190
6c4s 0.257861 187499 88461.5 1070190
6d4s 0.257861 187499 88461.5 1070190
6h4s 0.257857 187499 88457 1070190
6s4s 0.257369 187068 88366 1070190
4h2h 0.257337 189310 86089 1070190
8d3c 0.256815 189045 85795.5 1070190
8c3d 0.256815 189045 85795.5 1070190
8d3h 0.256799 189030 85793.5 1070190
8c3h 0.256799 189030 85793.5 1070190
8h3c 0.256771 189000 85793.5 1070190
8h3d 0.256771 189000 85793.5 1070190
3c2c 0.256685 188902 85800 1070190
3d2d 0.256685 188902 85800 1070190
8s3d 0.256285 188580 85694 1070190
8s3c 0.256285 188580 85694 1070190
8d3s 0.256269 188526 85731 1070190
8s3h 0.256269 188565 85692 1070190
8c3s 0.256269 188526 85731 1070190
8h3s 0.256226 188481 85729 1070190
8s3s 0.25574 188061 85629.5 1070190
3h2h 0.255451 187446 85935 1070190
8d2c 0.254687 186795 85768.5 1070190
8c2d 0.254687 186795 85768.5 1070190
8c2h 0.254671 186780 85766.5 1070190
8d2h 0.254671 186780 85766.5 1070190
8h2c 0.254643 186750 85766.5 1070190
8h2d 0.254643 186750 85766.5 1070190
8s2c 0.254158 186330 85667 1070190
8s2d 0.254158 186330 85667 1070190
8s2h 0.254142 186315 85665 1070190
8d2s 0.254136 186270 85704 1070190
8c2s 0.254136 186270 85704 1070190
8h2s 0.254092 186225 85702 1070190
8s2s 0.253607 185805 85602.5 1070190
5d3c 0.245351 173135 89437 1070190
5c3d 0.245351 173135 89437 1070190
5h3d 0.245348 173135 89434.5 1070190
5h3c 0.245348 173135 89434.5 1070190
5d3h 0.245348 173134 89435 1070190
5c3h 0.245348 173134 89435 1070190
5s3c 0.244866 172704 89349.5 1070190
5s3d 0.244866 172704 89349.5 1070190
5s3h 0.244864 172703 89347.5 1070190
5d3s 0.244851 172681 89356.5 1070190
5c3s 0.244851 172681 89356.5 1070190
5h3s 0.244849 172681 89354 1070190
5s3s 0.244367 172250 89269 1070190
6c3d 0.24319 171751 88509 1070190
6d3c 0.24319 171751 88509 1070190
6h3c 0.243186 171751 88504.5 1070190
6h3d 0.243186 171751 88504.5 1070190
6c3h 0.243185 171748 88506 1070190
6d3h 0.243185 171748 88506 1070190
6s3c 0.242704 171326 88413.5 1070190
6s3d 0.242704 171326 88413.5 1070190
6s3h 0.242698 171323 88410.5 1070190
6c3s 0.242675 171274 88434.5 1070190
6d3s 0.242675 171274 88434.5 1070190
6h3s 0.242671 171274 88430 1070190
6s3s 0.242189 170849 88339 1070190
4c3d 0.240103 167735 89221 1070190
4d3c 0.240103 167735 89221 1070190
4c3h 0.240102 167735 89220 1070190
4d3h 0.240102 167735 89220 1070190
4h3c 0.240102 167735 89220 1070190
4h3d 0.240102 167735 89220 1070190
4s3d 0.239621 167301 89138.5 1070190
4s3c 0.239621 167301 89138.5 1070190
4s3h 0.23962 167301 89137.5 1070190
4c3s 0.239616 167297 89138 1070190
4d3s 0.239616 167297 89138 1070190
4h3s 0.239615 167297 89137 1070190
4s3s 0.239134 166863 89055.5 1070190
5c2d 0.229661 156466 89315 1070190
5d2c 0.229661 156466 89315 1070190
5h2d 0.229659 156466 89312.5 1070190
5h2c 0.229659 156466 89312.5 1070190
5d2h 0.229658 156465 89313 1070190
5c2h 0.229658 156465 89313 1070190
5s2c 0.229183 156041 89228 1070190
5s2d 0.229183 156041 89228 1070190
5s2h 0.22918 156040 89226 1070190
5d2s 0.229164 156014 89234.5 1070190
5c2s 0.229164 156014 89234.5 1070190
5h2s 0.229161 156014 89232 1070190
5s2s 0.228685 155589 89147.5 1070190
6c2d 0.227501 155082 88387 1070190
6d2c 0.227501 155082 88387 1070190
6h2c 0.227497 155082 88382.5 1070190
6h2d 0.227497 155082 88382.5 1070190
6c2h 0.227495 155079 88384 1070190
6d2h 0.227495 155079 88384 1070190
6s2c 0.22702 154662 88292 1070190
6s2d 0.22702 154662 88292 1070190
6s2h 0.227014 154659 88289 1070190
6c2s 0.226988 154608 88312.5 1070190
6d2s 0.226988 154608 88312.5 1070190
6h2s 0.226984 154608 88308 1070190
6s2s 0.226507 154188 88217.5 1070190
4d2c 0.22465 151129 89289 1070190
4c2d 0.22465 151129 89289 1070190
4h2c 0.224649 151129 89288 1070190
4d2h 0.224649 151129 89288 1070190
4c2h 0.224649 151129 89288 1070190
4h2d 0.224649 151129 89288 1070190
4s2d 0.224173 150701 89206.5 1070190
4s2c 0.224173 150701 89206.5 1070190
4s2h 0.224172 150701 89205.5 1070190
4d2s 0.224165 150694 89205.5 1070190
4c2s 0.224165 150694 89205.5 1070190
4h2s 0.224164 150694 89204.5 1070190
4s2s 0.223688 150266 89123 1070190
3d2c 0.222747 149250 89131.5 1070190
3c2d 0.222747 149250 89131.5 1070190
3c2h 0.222747 149250 89131.5 1070190
3d2h 0.222747 149250 89131.5 1070190
3h2c 0.222747 149250 89131.5 1070190
3h2d 0.222747 149250 89131.5 1070190
3s2c 0.222268 148819 89049.5 1070190
3s2h 0.222268 148819 89049.5 1070190
3s2d 0.222268 148819 89049.5 1070190
3c2s 0.222263 148815 89049 1070190
3d2s 0.222263 148815 89049 1070190
3h2s 0.222263 148815 89049 1070190
3s2s 0.221784 148384 88967 1070190
