Jd8d 0.94342 987157 22481.5 1070190
Jh8h 0.94342 987157 22481.5 1070190
Jc8c 0.943376 987110 22481.5 1070190
Jd8h 0.942336 985620 22858.5 1070190
Jh8c 0.942336 985620 22858.5 1070190
Jh8d 0.942336 985620 22858.5 1070190
Jd8c 0.942336 985620 22858.5 1070190
Jc8d 0.942336 985620 22858.5 1070190
Jc8h 0.942336 985620 22858.5 1070190
Js8c 0.941592 984948 22734.5 1070190
Js8d 0.941592 984948 22734.5 1070190
Js8h 0.941592 984948 22734.5 1070190
Jd8s 0.941551 984900 22738 1070190
Jh8s 0.941551 984900 22738 1070190
Jc8s 0.941551 984900 22738 1070190
Js8s 0.940807 984228 22614 1070190
8d6d 0.901491 931131 33635.5 1070190
8h6h 0.901441 931078 33635.5 1070190
8c6c 0.901411 931046 33635.5 1070190
8d6c 0.899245 927918 34444.5 1070190
8c6d 0.899245 927918 34444.5 1070190
8c6h 0.899245 927918 34444.5 1070190
8h6d 0.899245 927918 34444.5 1070190
8h6c 0.899245 927918 34444.5 1070190
8d6h 0.899245 927918 34444.5 1070190
8s6h 0.898618 927414 34278.5 1070190
8s6d 0.898618 927414 34278.5 1070190
8s6c 0.898618 927414 34278.5 1070190
8h6s 0.898465 927204 34324 1070190
8d6s 0.898465 927204 34324 1070190
8c6s 0.898465 927204 34324 1070190
8s6s 0.897839 926700 34158 1070190
TdTc 0.88133 930163 13028 1070190
TsTd 0.880982 929798 13020 1070190
TsTc 0.880976 929792 13020 1070190
9h9c 0.876468 924895 13092.5 1070190
9s9h 0.876117 924527 13084.5 1070190
9s9c 0.876114 924524 13084.5 1070190
7h7d 0.870457 918406 13148 1070190
7s7d 0.870108 918041 13140 1070190
7s7h 0.870105 918038 13140 1070190
Tc9c 0.826651 869786 14888 1070190
Td9h 0.818301 859985 15752.5 1070190
Td9c 0.818201 859857 15774 1070190
Tc9h 0.818199 859854 15774 1070190
Ts9h 0.81787 859532 15744.5 1070190
Td9s 0.81787 859532 15744.5 1070190
Ts9c 0.817771 859404 15766 1070190
Tc9s 0.817768 859401 15766 1070190
Ts9s 0.817439 859079 15736.5 1070190
Td7d 0.815502 854905 17837.5 1070190
Td7h 0.806753 844656 18723.5 1070190
Tc7h 0.806749 844646 18728.5 1070190
Tc7d 0.806655 844524 18750 1070190
Ts7h 0.806419 844328 18694 1070190
Td7s 0.806328 844209 18715.5 1070190
Ts7d 0.806326 844206 18715.5 1070190
Tc7s 0.806324 844199 18720.5 1070190
Ts7s 0.805994 843881 18686 1070190
JhJd 0.799326 844464 10967 1070190
JdJc 0.799324 844462 10967 1070190
JhJc 0.799324 844462 10967 1070190
JsJd 0.798702 843858 10905 1070190
JsJh 0.798702 843858 10905 1070190
JsJc 0.7987 843856 10905 1070190
9h7h 0.798251 836399 17881 1070190
Td8d 0.790781 811788 34497.5 1070190
Tc8c 0.790656 811594 34558.5 1070190
JdTd 0.790469 826304 19648 1070190
JcTc 0.790401 826240 19639 1070190
9h7d 0.788797 825396 18767 1070190
9c7d 0.788795 825389 18772 1070190
9c7h 0.788736 825304 18793.5 1070190
9s7d 0.788463 825068 18737.5 1070190
9h7s 0.78841 824989 18759 1070190
9c7s 0.788408 824982 18764 1070190
9s7h 0.788404 824983 18759 1070190
9s7s 0.788075 824661 18729.5 1070190
Td8h 0.782389 801484 35820.5 1070190
Tc8h 0.782384 801485 35814.5 1070190
Tc8d 0.782343 801427 35828.5 1070190
Td8c 0.782335 801411 35836.5 1070190
Td8s 0.781813 800980 35708.5 1070190
Tc8s 0.781808 800981 35702.5 1070190
Ts8h 0.781739 800853 35756 1070190
Ts8d 0.781698 800795 35770 1070190
Ts8c 0.781685 800780 35772 1070190
Ts8s 0.781163 800349 35644 1070190
JhTd 0.781127 815519 20435 1070190
JhTc 0.781125 815517 20435 1070190
JdTc 0.781072 815443 20452.5 1070190
JcTd 0.781072 815443 20452.5 1070190
JhTs 0.780462 814849 20394 1070190
JsTd 0.780441 814847 20373 1070190
JsTc 0.780439 814845 20373 1070190
JdTs 0.78041 814775 20411.5 1070190
JcTs 0.780408 814773 20411.5 1070190
JsTs 0.779776 814177 20332 1070190
AdAc 0.762079 802062 13507 1070190
AhAc 0.762079 802062 13507 1070190
AhAd 0.762079 802062 13507 1070190
AsAd 0.761327 801266 13499 1070190
AsAh 0.761327 801266 13499 1070190
AsAc 0.761327 801266 13499 1070190
KhKd 0.754599 793437 14127 1070190
KhKc 0.754598 793436 14127 1070190
KdKc 0.754598 793436 14127 1070190
KsKh 0.75388 792680 14115 1070190
KsKd 0.75388 792680 14115 1070190
KsKc 0.753879 792679 14115 1070190
9h8h 0.748317 766411 34430 1070190
9c8c 0.747211 765167 34491 1070190
QhQd 0.745141 789201 8241 1070190
QdQc 0.745139 789199 8241 1070190
QhQc 0.745139 789199 8241 1070190
QsQd 0.744421 788443 8229 1070190
QsQh 0.744421 788443 8229 1070190
QsQc 0.744419 788441 8229 1070190
QdTd 0.742755 782441 12447.5 1070190
QcTc 0.742672 782359 12441.5 1070190
KdTd 0.741607 776645 17015.5 1070190
KcTc 0.741535 776571 17012.5 1070190
Jh9h 0.740956 773122 19841.5 1070190
Jc9c 0.739877 771976 19832.5 1070190
AdTd 0.739525 776010 15422.5 1070190
AcTc 0.739458 775938 15422.5 1070190
9h8d 0.737352 753354 35753 1070190
9c8d 0.737349 753356 35747 1070190
9c8h 0.737347 753340 35761 1070190
9h8c 0.73732 753303 35769 1070190
9h8s 0.736816 752892 35641 1070190
9c8s 0.736812 752894 35635 1070190
9s8d 0.736702 752723 35688.5 1070190
9s8h 0.7367 752707 35702.5 1070190
9s8c 0.73667 752672 35704.5 1070190
9s8s 0.736166 752261 35576.5 1070190
QhTd 0.729849 767926 13151.5 1070190
QhTc 0.729848 767924 13151.5 1070190
QdTc 0.729782 767833 13172.5 1070190
QcTd 0.729782 767833 13172.5 1070190
QhTs 0.729207 767272 13118 1070190
QdTs 0.729142 767181 13139 1070190
QcTs 0.72914 767179 13139 1070190
QsTd 0.729053 767086 13139.5 1070190
QsTc 0.729051 767084 13139.5 1070190
Td6d 0.728776 747366 32563 1070190
Tc6c 0.728767 747366 32553 1070190
Jd9h 0.728493 758997 20628.5 1070190
Jd9c 0.728491 758995 20628.5 1070190
Jh9c 0.728471 758956 20646 1070190
Jc9h 0.728445 758929 20646 1070190
QsTs 0.728411 766432 13106 1070190
KhTd 0.728318 761406 18032.5 1070190
KhTc 0.728317 761405 18032.5 1070190
KdTc 0.728251 761313 18053.5 1070190
KcTd 0.728251 761313 18053.5 1070190
Js9h 0.727839 758360 20566.5 1070190
Js9c 0.727838 758358 20566.5 1070190
Jd9s 0.727828 758327 20587.5 1070190
Jh9s 0.727808 758288 20605 1070190
Jc9s 0.727781 758259 20605 1070190
KhTs 0.727646 760721 17999 1070190
KdTs 0.72758 760629 18020 1070190
KcTs 0.727579 760628 18020 1070190
KsTd 0.727522 760566 18020.5 1070190
KsTc 0.727521 760565 18020.5 1070190
Js9s 0.727175 757690 20525.5 1070190
KsTs 0.72685 759881 17987 1070190
AhTc 0.725529 760102 16351.5 1070190
AhTd 0.725529 760102 16351.5 1070190
AcTd 0.72546 760007 16373 1070190
AdTc 0.72546 760007 16373 1070190
AhTs 0.724827 759381 16322 1070190
AcTs 0.724759 759286 16343.5 1070190
AdTs 0.724759 759286 16343.5 1070190
AsTd 0.724697 759220 16343.5 1070190
AsTc 0.724697 759220 16343.5 1070190
AsTs 0.723996 758499 16314 1070190
Td6h 0.716053 732286 34027 1070190
Tc6h 0.716051 732286 34025 1070190
Td6c 0.715984 732192 34047 1070190
Tc6d 0.715982 732192 34045 1070190
Ts6h 0.715508 731797 33933 1070190
Ts6c 0.715439 731703 33953 1070190
Ts6d 0.715439 731703 33953 1070190
Td6s 0.715337 731578 33969 1070190
Tc6s 0.715336 731578 33967 1070190
Ts6s 0.714793 731089 33875 1070190
8h8d 0.70671 736566 19748 1070190
8d8c 0.706679 736531 19750 1070190
8h8c 0.706678 736530 19750 1070190
8s8d 0.706208 736141 19636 1070190
8s8h 0.706207 736140 19636 1070190
8s8c 0.706176 736105 19638 1070190
8d7d 0.695461 705658 38617 1070190
8h7h 0.695436 705632 38617 1070190
Td5d 0.690778 711614 27649.5 1070190
Tc5c 0.690759 711614 27629.5 1070190
Td4d 0.690483 711179 27768.5 1070190
Tc4c 0.690464 711179 27748.5 1070190
Td3d 0.690415 711107 27768.5 1070190
Tc3c 0.690391 711101 27748.5 1070190
Td2d 0.690045 710711 27768.5 1070190
Tc2c 0.690015 710699 27748.5 1070190
Qh9h 0.687004 722548 12677 1070190
Kh9h 0.685857 716752 17245 1070190
Qc9c 0.685809 721275 12671 1070190
Kc9c 0.684672 715487 17242 1070190
Jd7d 0.684232 712091 20167.5 1070190
Jh7h 0.684232 712091 20167.5 1070190
Ah9h 0.683152 715450 15652 1070190
8d7h 0.682671 690442 40146 1070190
8h7d 0.682671 690442 40146 1070190
8c7d 0.682663 690445 40134 1070190
8c7h 0.682662 690444 40134 1070190
8s7d 0.682164 690025 40020 1070190
8s7h 0.682163 690024 40020 1070190
8d7s 0.682051 689867 40057.5 1070190
8h7s 0.68205 689866 40057.5 1070190
8c7s 0.682042 689869 40045.5 1070190
Ac9c 0.681968 714183 15652 1070190
8s7s 0.681543 689449 39931.5 1070190
9h6h 0.676986 692026 32477.5 1070190
9c6c 0.675863 690834 32467.5 1070190
Td5h 0.675231 693479 29146.5 1070190
Tc5h 0.675229 693479 29144.5 1070190
Td5c 0.675147 693366 29170 1070190
Tc5d 0.675146 693366 29168.5 1070190
Td4h 0.674926 693026 29273.5 1070190
Tc4h 0.674925 693026 29271.5 1070190
Td3h 0.674859 692954 29273.5 1070190
Tc3h 0.674857 692954 29271.5 1070190
Td4c 0.674843 692913 29297 1070190
Tc4d 0.674841 692913 29295.5 1070190
Td3c 0.674776 692841 29297 1070190
Tc3d 0.674774 692841 29295.5 1070190
Ts5h 0.674736 693051 29045 1070190
Ts5d 0.674653 692938 29069 1070190
Ts5c 0.674653 692938 29068.5 1070190
Td2h 0.674439 692504 29273.5 1070190
Tc2h 0.674437 692504 29271.5 1070190
Ts4h 0.674434 692601 29171 1070190
Td5s 0.674405 692603 29138.5 1070190
Tc5s 0.674403 692603 29136.5 1070190
Ts3h 0.674366 692529 29171 1070190
Td2c 0.674355 692391 29297 1070190
Tc2d 0.674354 692391 29295.5 1070190
Ts4d 0.67435 692488 29195 1070190
Ts4c 0.67435 692488 29194.5 1070190
Ts3d 0.674283 692416 29195 1070190
Ts3c 0.674283 692416 29194.5 1070190
Td4s 0.6741 692150 29265.5 1070190
Tc4s 0.674099 692150 29263.5 1070190
Td3s 0.674033 692078 29265.5 1070190
Tc3s 0.674031 692078 29263.5 1070190
Ts2h 0.673946 692079 29171 1070190
Ts5s 0.67391 692175 29037 1070190
Ts2d 0.673863 691966 29195 1070190
Ts2c 0.673862 691966 29194.5 1070190
Ts4s 0.673607 691725 29163 1070190
Td2s 0.673607 691622 29265.5 1070190
Tc2s 0.673605 691622 29263.5 1070190
Ts3s 0.67354 691653 29163 1070190
Ts2s 0.673114 691197 29163 1070190
Qd9h 0.670567 704253 13381 1070190
Qd9c 0.670565 704251 13381 1070190
Qh9c 0.670539 704202 13402 1070190
Qc9h 0.670508 704169 13402 1070190
Qd9s 0.669924 703599 13347.5 1070190
Qh9s 0.669898 703550 13368.5 1070190
Qc9s 0.669866 703515 13368.5 1070190
Qs9h 0.66981 703455 13369 1070190
Qs9c 0.669808 703453 13369 1070190
Jc7d 0.669526 695563 20957 1070190
Jc7h 0.669526 695563 20957 1070190
Jd7h 0.669517 695538 20972 1070190
Jh7d 0.669517 695538 20972 1070190
Qs9s 0.669168 702801 13335.5 1070190
Kd9h 0.669035 697733 18262 1070190
Kd9c 0.669034 697732 18262 1070190
Kh9c 0.669007 697682 18283 1070190
Kc9h 0.668977 697649 18283 1070190
Js7d 0.668911 694969 20892.5 1070190
Js7h 0.668911 694969 20892.5 1070190
Jc7s 0.668863 694895 20916 1070190
Jd7s 0.668854 694870 20931 1070190
Jh7s 0.668854 694870 20931 1070190
Kd9s 0.668364 697048 18228.5 1070190
Kh9s 0.668337 696998 18249.5 1070190
Kc9s 0.668305 696964 18249.5 1070190
Ks9h 0.668279 696935 18250 1070190
Ks9c 0.668278 696934 18250 1070190
Js7s 0.668248 694301 20851.5 1070190
Ks9s 0.667607 696250 18216.5 1070190
Ad9c 0.66558 695716 16581 1070190
Ad9h 0.66558 695716 16581 1070190
Ah9c 0.665551 695664 16602.5 1070190
Ac9h 0.66552 695630 16602.5 1070190
Ad9s 0.664879 694995 16551.5 1070190
Ah9s 0.66485 694943 16573 1070190
Ac9s 0.664818 694909 16573 1070190
As9h 0.664788 694877 16573 1070190
As9c 0.664788 694877 16573 1070190
As9s 0.664087 694156 16543.5 1070190
9h6d 0.661086 673546 33941.5 1070190
9c6d 0.661085 673547 33939.5 1070190
9c6h 0.661064 673505 33959.5 1070190
9h6c 0.66104 673477 33961.5 1070190
9s6d 0.660541 673057 33847.5 1070190
9s6h 0.660521 673015 33867.5 1070190
9s6c 0.660495 672988 33867.5 1070190
9h6s 0.660419 672890 33883.5 1070190
9c6s 0.660418 672891 33881.5 1070190
9s6s 0.659874 672401 33789.5 1070190
9h5h 0.632648 649490 27564 1070190
9h4h 0.63236 649062 27683 1070190
9h3h 0.632292 648990 27683 1070190
9h2h 0.631922 648594 27683 1070190
9c5c 0.631415 648190 27544 1070190
9c4c 0.631102 647736 27663 1070190
9c3c 0.631029 647658 27663 1070190
9c2c 0.630653 647256 27663 1070190
7d6d 0.617805 627359 33809.5 1070190
7h6h 0.61778 627333 33809.5 1070190
Qd7d 0.617563 647728 13182 1070190
Qh7h 0.617563 647728 13182 1070190
Kh7h 0.617374 642868 17839.5 1070190
Kd7d 0.617374 642868 17839.5 1070190
Ah7h 0.615128 641968 16336 1070190
Ad7d 0.615128 641968 16336 1070190
9h5d 0.613524 627526 29061 1070190
9c5d 0.613523 627527 29059 1070190
9c5h 0.613497 627475 29083 1070190
9h5c 0.613466 627441 29084.5 1070190
9h4d 0.61322 627074 29188 1070190
9c4d 0.613218 627074 29186 1070190
9c4h 0.613192 627022 29210 1070190
9h4c 0.613162 626988 29211.5 1070190
9h3d 0.613153 627002 29188 1070190
9c3d 0.613151 627002 29186 1070190
9c3h 0.613125 626950 29210 1070190
9h3c 0.613094 626916 29211.5 1070190
9s5d 0.613029 627098 28959.5 1070190
9s5h 0.613003 627046 28983.5 1070190
9s5c 0.612972 627013 28983 1070190
9h5s 0.612755 626711 29053 1070190
9c5s 0.612754 626712 29051 1070190
9h2d 0.612732 626552 29188 1070190
9c2d 0.61273 626552 29186 1070190
9s4d 0.612727 626649 29085.5 1070190
9c2h 0.612704 626500 29210 1070190
9s4h 0.612701 626597 29109.5 1070190
9h2c 0.612674 626466 29211.5 1070190
9s4c 0.612669 626563 29109 1070190
9s3d 0.61266 626577 29085.5 1070190
9s3h 0.612634 626525 29109.5 1070190
9s3c 0.612602 626491 29109 1070190
9h4s 0.612451 626259 29180 1070190
9c4s 0.612449 626259 29178 1070190
9h3s 0.612384 626187 29180 1070190
9c3s 0.612382 626187 29178 1070190
KhJh 0.612378 636242 19119 1070190
KdJd 0.612373 636236 19119 1070190
9s5s 0.61226 626283 28951.5 1070190
9s2d 0.612239 626127 29085.5 1070190
KcJc 0.612232 636090 19114.5 1070190
9s2h 0.612213 626075 29109.5 1070190
9s2c 0.612181 626041 29109 1070190
9s4s 0.611958 625834 29077.5 1070190
9h2s 0.611958 625731 29180 1070190
9c2s 0.611956 625731 29178 1070190
9s3s 0.611891 625762 29077.5 1070190
9s2s 0.611465 625306 29077.5 1070190
Ad8d 0.602823 608054 37081 1070190
Ah8h 0.602823 608054 37081 1070190
Ac8c 0.602595 607727 37164.5 1070190
7d6h 0.599838 606599 35341.5 1070190
7d6c 0.599838 606617 35323.5 1070190
7h6d 0.599838 606599 35341.5 1070190
7h6c 0.599837 606616 35323.5 1070190
7s6d 0.599288 606110 35241.5 1070190
7s6c 0.599287 606127 35223.5 1070190
7s6h 0.599287 606109 35241.5 1070190
7d6s 0.599217 606013 35263.5 1070190
7h6s 0.599216 606012 35263.5 1070190
7s6s 0.598666 605523 35163.5 1070190
Qc7d 0.598146 626240 13889.5 1070190
Qc7h 0.598146 626240 13889.5 1070190
Qd7h 0.598131 626207 13907 1070190
Qh7d 0.598131 626207 13907 1070190
Kc7d 0.597566 620649 18860.5 1070190
Kc7h 0.597566 620649 18860.5 1070190
Kd7h 0.597551 620616 18877.5 1070190
Kh7d 0.597551 620616 18877.5 1070190
Qc7s 0.597505 625588 13856 1070190
Qd7s 0.597491 625555 13873.5 1070190
Qh7s 0.597491 625555 13873.5 1070190
Qs7d 0.597433 625493 13874 1070190
Qs7h 0.597433 625493 13874 1070190
Kc7s 0.596896 619965 18827 1070190
Kh7s 0.596881 619932 18844 1070190
Kd7s 0.596881 619932 18844 1070190
Ks7h 0.596853 619902 18844.5 1070190
Ks7d 0.596853 619902 18844.5 1070190
Qs7s 0.596793 624841 13840.5 1070190
Ks7s 0.596183 619218 18811 1070190
Ac7h 0.59453 618991 17269.5 1070190
Ac7d 0.59453 618991 17269.5 1070190
Ah7d 0.594515 618957 17286.5 1070190
Ad7h 0.594515 618957 17286.5 1070190
KcJh 0.593965 615821 19834 1070190
KcJd 0.593965 615821 19834 1070190
KdJc 0.593965 615821 19834 1070190
KdJh 0.593965 615821 19834 1070190
KhJc 0.593965 615821 19834 1070190
KhJd 0.593965 615821 19834 1070190
Ac7s 0.593829 618270 17240 1070190
Ad7s 0.593813 618236 17257 1070190
Ah7s 0.593813 618236 17257 1070190
As7h 0.593783 618204 17257 1070190
As7d 0.593783 618204 17257 1070190
KhJs 0.59333 615222 19753.5 1070190
KdJs 0.59333 615222 19753.5 1070190
KcJs 0.59333 615222 19753.5 1070190
KsJc 0.593239 615086 19792 1070190
KsJh 0.593239 615086 19792 1070190
KsJd 0.593239 615086 19792 1070190
As7s 0.593082 617483 17227.5 1070190
KsJs 0.592604 614487 19711.5 1070190
Ac8h 0.584962 587494 38526 1070190
Ac8d 0.584962 587494 38526 1070190
Ad8h 0.584961 587485 38534 1070190
Ah8d 0.584961 587485 38534 1070190
Ah8c 0.58492 587442 38534 1070190
Ad8c 0.58492 587442 38534 1070190
Ac8s 0.584484 587109 38400 1070190
Ad8s 0.584483 587100 38408 1070190
Ah8s 0.584483 587100 38408 1070190
QhJh 0.584423 617634 7810 1070190
QdJd 0.584418 617628 7810 1070190
As8h 0.584263 586801 38471 1070190
As8d 0.584263 586801 38471 1070190
QcJc 0.584249 617452 7805.5 1070190
As8c 0.584222 586758 38471 1070190
As8s 0.583785 586416 38345 1070190
AhJh 0.578145 599964 18761 1070190
AdJd 0.578139 599958 18761 1070190
AcJc 0.57802 599835 18756.5 1070190
Kd8d 0.567899 570834 36926 1070190
Kh8h 0.567899 570834 36926 1070190
Kc8c 0.567677 570513 37009.5 1070190
QdJh 0.564588 596129 8087 1070190
QcJd 0.564588 596129 8087 1070190
QcJh 0.564588 596129 8087 1070190
QhJc 0.564588 596129 8087 1070190
QhJd 0.564588 596129 8087 1070190
QdJc 0.564588 596129 8087 1070190
QhJs 0.563925 595458 8048.5 1070190
QcJs 0.563925 595458 8048.5 1070190
QdJs 0.563925 595458 8048.5 1070190
QsJc 0.563862 595394 8045.5 1070190
QsJd 0.563862 595394 8045.5 1070190
QsJh 0.563862 595394 8045.5 1070190
QsJs 0.563199 594723 8007 1070190
7d5d 0.559891 570590 28599.5 1070190
7h5h 0.559866 570564 28599.5 1070190
7d4d 0.559578 570136 28718.5 1070190
7h4h 0.559578 570136 28718.5 1070190
7h3h 0.55951 570064 28718.5 1070190
7d3d 0.55951 570064 28718.5 1070190
7h2h 0.55914 569668 28718.5 1070190
7d2d 0.55914 569668 28718.5 1070190
AhJd 0.557255 576841 19528 1070190
AcJh 0.557255 576841 19528 1070190
AdJc 0.557255 576841 19528 1070190
AhJc 0.557255 576841 19528 1070190
AcJd 0.557255 576841 19528 1070190
AdJh 0.557255 576841 19528 1070190
AcJs 0.556639 576257 19452 1070190
AdJs 0.556639 576257 19452 1070190
AhJs 0.556639 576257 19452 1070190
AsJc 0.556524 576093 19493.5 1070190
AsJd 0.556524 576093 19493.5 1070190
AsJh 0.556524 576093 19493.5 1070190
AsJs 0.555907 575509 19417.5 1070190
Kc8d 0.548932 549097 38365 1070190
Kc8h 0.548932 549097 38365 1070190
Kd8h 0.548931 549088 38373 1070190
Kh8d 0.548931 549088 38373 1070190
Kd8c 0.548891 549045 38373 1070190
Kh8c 0.548891 549045 38373 1070190
Kc8s 0.54847 548725 38242.5 1070190
Kd8s 0.548469 548716 38250.5 1070190
Kh8s 0.548469 548716 38250.5 1070190
Ks8d 0.548264 548440 38307 1070190
Ks8h 0.548264 548440 38307 1070190
Ks8c 0.548224 548397 38307 1070190
Ks8s 0.547802 548068 38184.5 1070190
Qd8d 0.546404 559139 25617 1070190
Qh8h 0.546404 559139 25617 1070190
Qc8c 0.546155 558789 25700.5 1070190
6d6c 0.540317 559153 19089 1070190
6h6d 0.540316 559152 19089 1070190
6h6c 0.540316 559152 19089 1070190
6s6d 0.539739 558594 19029 1070190
6s6c 0.539739 558594 19029 1070190
6s6h 0.539738 558593 19029 1070190
KhQh 0.539663 564845 12696.5 1070190
KdQd 0.539657 564839 12696.5 1070190
KcQc 0.539515 564692 12692 1070190
7d5c 0.537964 545589 30134.5 1070190
7h5c 0.537963 545588 30134.5 1070190
7d5h 0.537961 545564 30156.5 1070190
7h5d 0.537961 545564 30156.5 1070190
7d4c 0.537659 545136 30261.5 1070190
7h4c 0.537659 545136 30261.5 1070190
7h4d 0.537656 545111 30283.5 1070190
7d4h 0.537656 545111 30283.5 1070190
7d3c 0.537592 545064 30261.5 1070190
7h3c 0.537592 545064 30261.5 1070190
7d3h 0.537589 545039 30283.5 1070190
7h3d 0.537589 545039 30283.5 1070190
7s5c 0.537464 545160 30028.5 1070190
7s5d 0.537462 545136 30050.5 1070190
7s5h 0.537461 545135 30050.5 1070190
7d5s 0.53725 544835 30124.5 1070190
7h5s 0.537249 544834 30124.5 1070190
7h2c 0.537171 544614 30261.5 1070190
7d2c 0.537171 544614 30261.5 1070190
7d2h 0.537169 544589 30283.5 1070190
7h2d 0.537169 544589 30283.5 1070190
7s4c 0.537162 544711 30154.5 1070190
7s4h 0.537159 544686 30176.5 1070190
7s4d 0.537159 544686 30176.5 1070190
7s3c 0.537095 544639 30154.5 1070190
7s3d 0.537092 544614 30176.5 1070190
7s3h 0.537092 544614 30176.5 1070190
7h4s 0.536945 544382 30251.5 1070190
7d4s 0.536945 544382 30251.5 1070190
7h3s 0.536878 544310 30251.5 1070190
7d3s 0.536878 544310 30251.5 1070190
7s5s 0.53675 544406 30018.5 1070190
7s2c 0.536674 544189 30154.5 1070190
7s2d 0.536672 544164 30176.5 1070190
7s2h 0.536672 544164 30176.5 1070190
7d2s 0.536452 543854 30251.5 1070190
7h2s 0.536452 543854 30251.5 1070190
7s4s 0.536448 543957 30144.5 1070190
7s3s 0.536381 543885 30144.5 1070190
7s2s 0.535955 543429 30144.5 1070190
Qc8h 0.526431 536763 26618 1070190
Qc8d 0.526431 536763 26618 1070190
Qh8d 0.52643 536754 26626 1070190
Qd8h 0.52643 536754 26626 1070190
Qh8c 0.52639 536711 26626 1070190
Qd8c 0.52639 536711 26626 1070190
Qc8s 0.525934 536312 26537.5 1070190
Qh8s 0.525933 536303 26545.5 1070190
Qd8s 0.525933 536303 26545.5 1070190
Qs8d 0.525763 536106 26560.5 1070190
Qs8h 0.525763 536106 26560.5 1070190
Qs8c 0.525723 536063 26560.5 1070190
Qs8s 0.525267 535655 26480 1070190
KdQc 0.516272 539143 13366.5 1070190
KdQh 0.516272 539143 13366.5 1070190
KhQd 0.516272 539143 13366.5 1070190
KhQc 0.516272 539143 13366.5 1070190
KcQh 0.516272 539143 13366.5 1070190
KcQd 0.516272 539143 13366.5 1070190
KsQc 0.515551 538409 13329 1070190
KsQh 0.515551 538409 13329 1070190
KsQd 0.515551 538409 13329 1070190
KdQs 0.515548 538402 13332.5 1070190
KhQs 0.515548 538402 13332.5 1070190
KcQs 0.515548 538402 13332.5 1070190
KsQs 0.514827 537668 13295 1070190
AhKh 0.504803 522652 17583 1070190
AdKd 0.504796 522645 17583 1070190
AcKc 0.504683 522528 17578.5 1070190
AhQh 0.503229 526212 12338.5 1070190
AdQd 0.503223 526206 12338.5 1070190
AcQc 0.503104 526083 12334 1070190
Ad6d 0.492795 490255 37129.5 1070190
Ah6h 0.492795 490255 37129.5 1070190
Ac6c 0.492719 490156 37147 1070190
AcKh 0.478768 493727 18646 1070190
AcKd 0.478768 493727 18646 1070190
AhKd 0.478768 493727 18646 1070190
AhKc 0.478768 493727 18646 1070190
AdKc 0.478768 493727 18646 1070190
AdKh 0.478768 493727 18646 1070190
AcKs 0.478057 492995 18616.5 1070190
AhKs 0.478057 492995 18616.5 1070190
AdKs 0.478057 492995 18616.5 1070190
AsKh 0.478028 492968 18612.5 1070190
AsKc 0.478028 492968 18612.5 1070190
AsKd 0.478028 492968 18612.5 1070190
AsKs 0.477316 492236 18583 1070190
AhQd 0.477279 497719 13060.5 1070190
AhQc 0.477279 497719 13060.5 1070190
AdQc 0.477279 497719 13060.5 1070190
AdQh 0.477279 497719 13060.5 1070190
AcQh 0.477279 497719 13060.5 1070190
AcQd 0.477279 497719 13060.5 1070190
AhQs 0.476568 496987 13031 1070190
AcQs 0.476568 496987 13031 1070190
AdQs 0.476568 496987 13031 1070190
AsQh 0.476565 496985 13030.5 1070190
AsQd 0.476565 496985 13030.5 1070190
AsQc 0.476565 496985 13030.5 1070190
AsQs 0.475854 496253 13001 1070190
Ah6d 0.468404 462414 38867.5 1070190
Ad6h 0.468404 462414 38867.5 1070190
Ah6c 0.468404 462414 38867.5 1070190
Ad6c 0.468404 462414 38867.5 1070190
Ac6h 0.468402 462414 38865.5 1070190
Ac6d 0.468402 462414 38865.5 1070190
Ah6s 0.467871 461919 38791.5 1070190
Ad6s 0.467871 461919 38791.5 1070190
Ac6s 0.467869 461919 38789.5 1070190
As6h 0.467798 461856 38777 1070190
As6c 0.467798 461856 38777 1070190
As6d 0.467798 461856 38777 1070190
As6s 0.467265 461361 38701 1070190
Kh6h 0.458527 453290 37421.5 1070190
Kd6d 0.458527 453290 37421.5 1070190
Kc6c 0.458457 453197 37439 1070190
5d5c 0.44659 461645 16291.5 1070190
5h5d 0.44659 461644 16292 1070190
5h5c 0.446589 461644 16291.5 1070190
5s5d 0.445931 460949 16281.5 1070190
5s5c 0.44593 460949 16281 1070190
5s5h 0.44593 460948 16281.5 1070190
8d5d 0.438519 426521 42778 1070190
8h5h 0.43847 426468 42778 1070190
8c5c 0.438078 425773 43053.5 1070190
8d4d 0.436607 424296 42956 1070190
8h4h 0.436607 424296 42956 1070190
8c4c 0.436165 423548 43231.5 1070190
8d3d 0.435076 422658 42956 1070190
8h3h 0.435076 422658 42956 1070190
8c3c 0.434609 421883 43231.5 1070190
8d2d 0.4334 420864 42956 1070190
8h2h 0.4334 420864 42956 1070190
Kd6c 0.433113 424330 39183.5 1070190
Kd6h 0.433113 424330 39183.5 1070190
Kh6d 0.433113 424330 39183.5 1070190
Kh6c 0.433113 424330 39183.5 1070190
Kc6d 0.433111 424330 39181.5 1070190
Kc6h 0.433111 424330 39181.5 1070190
8c2c 0.432927 420083 43231.5 1070190
Kd6s 0.432601 423858 39107.5 1070190
Kh6s 0.432601 423858 39107.5 1070190
Kc6s 0.432599 423858 39105.5 1070190
Ks6h 0.432528 423795 39092 1070190
Ks6d 0.432528 423795 39092 1070190
Ks6c 0.432528 423795 39092 1070190
Ks6s 0.432016 423323 39016 1070190
4h4d 0.428824 442631 16292 1070190
4d4c 0.428823 442631 16291.5 1070190
4h4c 0.428823 442631 16291.5 1070190
4s4h 0.428165 441936 16281.5 1070190
4s4d 0.428165 441936 16281.5 1070190
4s4c 0.428164 441936 16281 1070190
Qd6d 0.423176 420857 32022 1070190
Qh6h 0.423176 420857 32022 1070190
Qc6c 0.423111 420770 32039.5 1070190
Ah5h 0.419823 416225 33065.5 1070190
Ad5d 0.419823 416225 33065.5 1070190
Ac5c 0.419742 416126 33077.5 1070190
Ah4h 0.417825 413909 33243.5 1070190
Ad4d 0.41782 413903 33243.5 1070190
Ac4c 0.417738 413804 33255.5 1070190
Ah3h 0.41616 412127 33243.5 1070190
Ad3d 0.416155 412121 33243.5 1070190
Ac3c 0.416068 412016 33255.5 1070190
8h5c 0.414899 399442 44578.5 1070190
8d5c 0.414899 399442 44578.5 1070190
8d5h 0.414898 399433 44586.5 1070190
8h5d 0.414898 399433 44586.5 1070190
8c5h 0.414858 399390 44586.5 1070190
8c5d 0.414858 399390 44586.5 1070190
8s5c 0.414522 399195 44422.5 1070190
8s5h 0.414521 399186 44430.5 1070190
8s5d 0.414521 399186 44430.5 1070190
8h5s 0.414317 398858 44540 1070190
8d5s 0.414317 398858 44540 1070190
8c5s 0.414277 398815 44540 1070190
Ah2h 0.414192 410021 33243.5 1070190
Ad2d 0.414187 410015 33243.5 1070190
Ac2c 0.414094 409904 33255.5 1070190
8s5s 0.413941 398611 44384 1070190
8h4c 0.413013 397234 44768.5 1070190
8d4c 0.413013 397234 44768.5 1070190
8h4d 0.413012 397225 44776.5 1070190
8d4h 0.413012 397225 44776.5 1070190
8c4h 0.412972 397182 44776.5 1070190
8c4d 0.412972 397182 44776.5 1070190
8s4c 0.412638 396990 44611.5 1070190
8s4d 0.412637 396981 44619.5 1070190
8s4h 0.412637 396981 44619.5 1070190
8d4s 0.412431 396650 44730 1070190
8h4s 0.412431 396650 44730 1070190
8c4s 0.412391 396607 44730 1070190
8s4s 0.412057 396406 44573 1070190
8h3c 0.411483 395596 44768.5 1070190
8d3c 0.411483 395596 44768.5 1070190
8h3d 0.411482 395587 44776.5 1070190
8d3h 0.411482 395587 44776.5 1070190
8c3h 0.411441 395544 44776.5 1070190
8c3d 0.411441 395544 44776.5 1070190
8s3c 0.411108 395352 44611.5 1070190
8s3d 0.411107 395343 44619.5 1070190
8s3h 0.411107 395343 44619.5 1070190
3h3d 0.411057 423617 16292 1070190
3d3c 0.411056 423617 16291.5 1070190
3h3c 0.411056 423617 16291.5 1070190
8h3s 0.410901 395012 44730 1070190
8d3s 0.410901 395012 44730 1070190
8c3s 0.410861 394969 44730 1070190
8s3s 0.410526 394768 44573 1070190
3s3d 0.410398 422922 16281.5 1070190
3s3h 0.410398 422922 16281.5 1070190
3s3c 0.410397 422922 16281 1070190
8d2c 0.409775 393769 44768.5 1070190
8h2c 0.409775 393769 44768.5 1070190
8h2d 0.409774 393760 44776.5 1070190
8d2h 0.409774 393760 44776.5 1070190
8c2d 0.409734 393717 44776.5 1070190
8c2h 0.409734 393717 44776.5 1070190
8s2c 0.409401 393525 44611.5 1070190
8s2h 0.4094 393516 44619.5 1070190
8s2d 0.4094 393516 44619.5 1070190
8h2s 0.409191 393182 44730 1070190
8d2s 0.409191 393182 44730 1070190
8c2s 0.409151 393139 44730 1070190
8s2s 0.408816 392938 44573 1070190
Jd6d 0.405578 403569 30477 1070190
Jh6h 0.405578 403569 30477 1070190
Jc6c 0.405504 403494 30472.5 1070190
Jh5h 0.405448 402895 31011 1070190
Jd5d 0.405448 402895 31011 1070190
Jc5c 0.405373 402820 31006.5 1070190
Jh4h 0.403517 400651 31189 1070190
Jd4d 0.403512 400645 31189 1070190
Jc4c 0.403437 400570 31184.5 1070190
Jh3h 0.401919 398941 31189 1070190
Jd3d 0.401914 398935 31189 1070190
Jc3c 0.401834 398854 31184.5 1070190
Jh2h 0.400019 396907 31189 1070190
Jd2d 0.400013 396901 31189 1070190
Jc2c 0.399928 396814 31184.5 1070190
Qh6d 0.39634 390722 33437 1070190
Qh6c 0.39634 390722 33437 1070190
Qd6c 0.39634 390722 33437 1070190
Qd6h 0.39634 390722 33437 1070190
Qc6d 0.396338 390722 33435 1070190
Qc6h 0.396338 390722 33435 1070190
Qh6s 0.39585 390270 33364.5 1070190
Qd6s 0.39585 390270 33364.5 1070190
Qc6s 0.395848 390270 33362.5 1070190
Qs6h 0.395755 390187 33346 1070190
Qs6d 0.395755 390187 33346 1070190
Qs6c 0.395755 390187 33346 1070190
Qs6s 0.395265 389735 33273.5 1070190
2h2d 0.392584 403847 16292 1070190
2d2c 0.392583 403847 16291.5 1070190
2h2c 0.392583 403847 16291.5 1070190
2s2d 0.391919 403146 16281.5 1070190
2s2h 0.391919 403146 16281.5 1070190
2s2c 0.391918 403146 16281 1070190
Ah5c 0.390967 383512 34896.5 1070190
Ad5c 0.390967 383512 34896.5 1070190
Ah5d 0.390967 383512 34896.5 1070190
Ad5h 0.390967 383512 34896.5 1070190
Ac5d 0.390965 383512 34895 1070190
Ac5h 0.390965 383512 34895 1070190
As5h 0.390405 383008 34799 1070190
As5c 0.390405 383008 34799 1070190
As5d 0.390405 383008 34799 1070190
Ah5s 0.390361 382893 34867 1070190
Ad5s 0.390361 382893 34867 1070190
Ac5s 0.390359 382893 34865.5 1070190
As5s 0.389799 382389 34769.5 1070190
Ad4h 0.388946 381160 35086.5 1070190
Ad4c 0.388946 381160 35086.5 1070190
Ah4c 0.388946 381160 35086.5 1070190
Ah4d 0.388946 381160 35086.5 1070190
Ac4h 0.388945 381160 35085 1070190
Ac4d 0.388945 381160 35085 1070190
As4c 0.388386 380659 34988 1070190
As4d 0.388386 380659 34988 1070190
As4h 0.388386 380659 34988 1070190
Ad4s 0.38834 380541 35057 1070190
Ah4s 0.38834 380541 35057 1070190
Ac4s 0.388339 380541 35055.5 1070190
As4s 0.38778 380040 34958.5 1070190
Ad3c 0.387281 379378 35086.5 1070190
Ad3h 0.387281 379378 35086.5 1070190
Ah3d 0.387281 379378 35086.5 1070190
Ah3c 0.387281 379378 35086.5 1070190
Ac3h 0.38728 379378 35085 1070190
Ac3d 0.38728 379378 35085 1070190
As3h 0.386721 378877 34988 1070190
As3d 0.386721 378877 34988 1070190
As3c 0.386721 378877 34988 1070190
Ah3s 0.386675 378759 35057 1070190
Ad3s 0.386675 378759 35057 1070190
Ac3s 0.386674 378759 35055.5 1070190
As3s 0.386115 378258 34958.5 1070190
Ah2c 0.385263 377218 35086.5 1070190
Ah2d 0.385263 377218 35086.5 1070190
Ad2c 0.385263 377218 35086.5 1070190
Ad2h 0.385263 377218 35086.5 1070190
Ac2h 0.385261 377218 35085 1070190
Ac2d 0.385261 377218 35085 1070190
As2h 0.384703 376717 34988 1070190
As2d 0.384703 376717 34988 1070190
As2c 0.384703 376717 34988 1070190
Ad2s 0.384651 376593 35057 1070190
Ah2s 0.384651 376593 35057 1070190
Ac2s 0.38465 376593 35055.5 1070190
As2s 0.384091 376092 34958.5 1070190
Kd5d 0.380726 374092 33357.5 1070190
Kh5h 0.380726 374092 33357.5 1070190
Kc5c 0.380651 373999 33369.5 1070190
Jh6d 0.378832 373596 31826 1070190
Jh6c 0.378832 373596 31826 1070190
Jc6h 0.378832 373596 31826 1070190
Jc6d 0.378832 373596 31826 1070190
Jd6c 0.378832 373596 31826 1070190
Jd6h 0.378832 373596 31826 1070190
Kh4h 0.378729 371776 33535.5 1070190
Kd4d 0.378723 371770 33535.5 1070190
Kc4c 0.378647 371677 33547.5 1070190
Js6h 0.378344 373201 31698.5 1070190
Js6c 0.378344 373201 31698.5 1070190
Js6d 0.378344 373201 31698.5 1070190
Jc6s 0.378314 373072 31795.5 1070190
Jh6s 0.378314 373072 31795.5 1070190
Jd6s 0.378314 373072 31795.5 1070190
Jc5h 0.378269 372424 32396 1070190
Jd5h 0.378269 372424 32396 1070190
Jd5c 0.378269 372424 32396 1070190
Jc5d 0.378269 372424 32396 1070190
Jh5c 0.378269 372424 32396 1070190
Jh5d 0.378269 372424 32396 1070190
Js6s 0.377825 372677 31668 1070190
Js5c 0.377787 372038 32265.5 1070190
Js5h 0.377787 372038 32265.5 1070190
Js5d 0.377787 372038 32265.5 1070190
Jd5s 0.377687 371831 32365.5 1070190
Jc5s 0.377687 371831 32365.5 1070190
Jh5s 0.377687 371831 32365.5 1070190
Js5s 0.377204 371445 32235 1070190
Kh3h 0.377063 369994 33535.5 1070190
Kd3d 0.377058 369988 33535.5 1070190
Kc3c 0.376977 369889 33547.5 1070190
Jd4c 0.376316 370144 32586 1070190
Jd4h 0.376316 370144 32586 1070190
Jh4c 0.376316 370144 32586 1070190
Jh4d 0.376316 370144 32586 1070190
Jc4d 0.376316 370144 32586 1070190
Jc4h 0.376316 370144 32586 1070190
Js4h 0.375836 369761 32454.5 1070190
Js4c 0.375836 369761 32454.5 1070190
Js4d 0.375836 369761 32454.5 1070190
Jc4s 0.375734 369551 32555.5 1070190
Jh4s 0.375734 369551 32555.5 1070190
Jd4s 0.375734 369551 32555.5 1070190
Js4s 0.375253 369168 32424 1070190
Kh2h 0.375096 367888 33535.5 1070190
Kd2d 0.37509 367882 33535.5 1070190
Kc2c 0.375003 367777 33547.5 1070190
Jd3c 0.374719 368434 32586 1070190
Jc3d 0.374719 368434 32586 1070190
Jc3h 0.374719 368434 32586 1070190
Jh3c 0.374719 368434 32586 1070190
Jd3h 0.374719 368434 32586 1070190
Jh3d 0.374719 368434 32586 1070190
Js3h 0.374238 368051 32454.5 1070190
Js3d 0.374238 368051 32454.5 1070190
Js3c 0.374238 368051 32454.5 1070190
Jh3s 0.374136 367841 32555.5 1070190
Jd3s 0.374136 367841 32555.5 1070190
Jc3s 0.374136 367841 32555.5 1070190
Js3s 0.373655 367458 32424 1070190
Jd2c 0.372767 366346 32586 1070190
Jc2d 0.372767 366346 32586 1070190
Jc2h 0.372767 366346 32586 1070190
Jd2h 0.372767 366346 32586 1070190
Jh2c 0.372767 366346 32586 1070190
Jh2d 0.372767 366346 32586 1070190
Js2h 0.372287 365963 32454.5 1070190
Js2d 0.372287 365963 32454.5 1070190
Js2c 0.372287 365963 32454.5 1070190
Jd2s 0.372179 365747 32555.5 1070190
Jc2s 0.372179 365747 32555.5 1070190
Jh2s 0.372179 365747 32555.5 1070190
Js2s 0.371698 365364 32424 1070190
Kh5d 0.350583 339978 35212.5 1070190
Kh5c 0.350583 339978 35212.5 1070190
Kd5c 0.350583 339978 35212.5 1070190
Kd5h 0.350583 339978 35212.5 1070190
Kc5d 0.350582 339978 35211 1070190
Kc5h 0.350582 339978 35211 1070190
Ks5h 0.350042 339497 35114 1070190
Ks5d 0.350042 339497 35114 1070190
Ks5c 0.350042 339497 35114 1070190
Kd5s 0.350004 339388 35183 1070190
Kh5s 0.350004 339388 35183 1070190
Kc5s 0.350003 339388 35181.5 1070190
Ks5s 0.349463 338907 35084.5 1070190
Kh4d 0.348563 337626 35402.5 1070190
Kh4c 0.348563 337626 35402.5 1070190
Kd4c 0.348563 337626 35402.5 1070190
Kd4h 0.348563 337626 35402.5 1070190
Kc4d 0.348561 337626 35401 1070190
Kc4h 0.348561 337626 35401 1070190
Ks4h 0.348023 337148 35303 1070190
Ks4c 0.348023 337148 35303 1070190
Ks4d 0.348023 337148 35303 1070190
Kh4s 0.347984 337036 35373 1070190
Kd4s 0.347984 337036 35373 1070190
Kc4s 0.347983 337036 35371.5 1070190
Ks4s 0.347444 336558 35273.5 1070190
Kd3c 0.346898 335844 35402.5 1070190
Kd3h 0.346898 335844 35402.5 1070190
Kh3d 0.346898 335844 35402.5 1070190
Kh3c 0.346898 335844 35402.5 1070190
Kc3h 0.346896 335844 35401 1070190
Kc3d 0.346896 335844 35401 1070190
Ks3c 0.346358 335366 35303 1070190
Ks3d 0.346358 335366 35303 1070190
Ks3h 0.346358 335366 35303 1070190
Kd3s 0.346319 335254 35373 1070190
Kh3s 0.346319 335254 35373 1070190
Kc3s 0.346317 335254 35371.5 1070190
Ks3s 0.345779 334776 35273.5 1070190
Kd2h 0.344879 333684 35402.5 1070190
Kd2c 0.344879 333684 35402.5 1070190
Kh2d 0.344879 333684 35402.5 1070190
Kh2c 0.344879 333684 35402.5 1070190
Kc2h 0.344878 333684 35401 1070190
Kc2d 0.344878 333684 35401 1070190
Ks2h 0.34434 333206 35303 1070190
Ks2d 0.34434 333206 35303 1070190
Ks2c 0.34434 333206 35303 1070190
Kd2s 0.344295 333088 35373 1070190
Kh2s 0.344295 333088 35373 1070190
Kc2s 0.344294 333088 35371.5 1070190
Ks2s 0.343755 332610 35273.5 1070190
Qd5d 0.341808 337841 27958 1070190
Qh5h 0.341808 337841 27958 1070190
Qc5c 0.341737 337754 27970 1070190
Qh4h 0.33981 335525 28136 1070190
Qd4d 0.339804 335519 28136 1070190
Qc4c 0.339734 335432 28148 1070190
Qh3h 0.338145 333743 28136 1070190
Qd3d 0.338139 333737 28136 1070190
Qc3c 0.338063 333644 28148 1070190
Qh2h 0.336177 331637 28136 1070190
Qd2d 0.336171 331631 28136 1070190
Qc2c 0.33609 331532 28148 1070190
Qd5c 0.310049 302345 29466 1070190
Qh5d 0.310049 302345 29466 1070190
Qh5c 0.310049 302345 29466 1070190
Qd5h 0.310049 302345 29466 1070190
Qc5d 0.310047 302345 29464.5 1070190
Qc5h 0.310047 302345 29464.5 1070190
Qs5c 0.309508 301864 29368 1070190
Qs5d 0.309508 301864 29368 1070190
Qs5h 0.309508 301864 29368 1070190
Qh5s 0.309497 301781 29440 1070190
Qd5s 0.309497 301781 29440 1070190
Qc5s 0.309496 301781 29438.5 1070190
Qs5s 0.308956 301300 29342 1070190
Qh4c 0.308028 299993 29656 1070190
Qd4c 0.308028 299993 29656 1070190
Qd4h 0.308028 299993 29656 1070190
Qh4d 0.308028 299993 29656 1070190
Qc4h 0.308027 299993 29654.5 1070190
Qc4d 0.308027 299993 29654.5 1070190
Qs4h 0.307489 299515 29557 1070190
Qs4d 0.307489 299515 29557 1070190
Qs4c 0.307489 299515 29557 1070190
Qd4s 0.307477 299429 29630 1070190
Qh4s 0.307477 299429 29630 1070190
Qc4s 0.307476 299429 29628.5 1070190
Qs4s 0.306938 298951 29531 1070190
Qd3h 0.306363 298211 29656 1070190
Qh3c 0.306363 298211 29656 1070190
Qh3d 0.306363 298211 29656 1070190
Qd3c 0.306363 298211 29656 1070190
Qc3d 0.306362 298211 29654.5 1070190
Qc3h 0.306362 298211 29654.5 1070190
Qs3h 0.305824 297733 29557 1070190
Qs3d 0.305824 297733 29557 1070190
Qs3c 0.305824 297733 29557 1070190
Qh3s 0.305812 297647 29630 1070190
Qd3s 0.305812 297647 29630 1070190
Qc3s 0.305811 297647 29628.5 1070190
Qs3s 0.305273 297169 29531 1070190
Qh2c 0.304345 296051 29656 1070190
Qh2d 0.304345 296051 29656 1070190
Qd2h 0.304345 296051 29656 1070190
Qd2c 0.304345 296051 29656 1070190
Qc2h 0.304344 296051 29654.5 1070190
Qc2d 0.304344 296051 29654.5 1070190
Qs2c 0.303806 295573 29557 1070190
Qs2d 0.303806 295573 29557 1070190
Qs2h 0.303806 295573 29557 1070190
Qd2s 0.303788 295481 29630 1070190
Qh2s 0.303788 295481 29630 1070190
Qc2s 0.303787 295481 29628.5 1070190
Qs2s 0.303249 295003 29531 1070190
6c5c 0.297306 269668 48506 1070190
6d5d 0.297175 269613 48421 1070190
6h5h 0.297127 269561 48421 1070190
6c4c 0.29541 267550 48595 1070190
6h4h 0.295279 267495 48510 1070190
6d4d 0.295279 267495 48510 1070190
6c3c 0.293787 265813 48595 1070190
6h3h 0.293681 265785 48510 1070190
6d3d 0.293681 265785 48510 1070190
6c2c 0.279098 250182 48506 1070190
6d2d 0.279019 250182 48421 1070190
6h2h 0.279019 250182 48421 1070190
6h5d 0.266052 234026 50700.5 1070190
6d5h 0.266052 234026 50700.5 1070190
6c5d 0.266052 234026 50700.5 1070190
6c5h 0.266052 234026 50700.5 1070190
6d5c 0.26605 234026 50698.5 1070190
6h5c 0.26605 234026 50698.5 1070190
6s5h 0.265668 233731 50584 1070190
6s5d 0.265668 233731 50584 1070190
6s5c 0.265666 233731 50582 1070190
6h5s 0.26557 233568 50642 1070190
6c5s 0.26557 233568 50642 1070190
6d5s 0.26557 233568 50642 1070190
6s5s 0.265185 233273 50525.5 1070190
6h4d 0.264188 231936 50795.5 1070190
6c4h 0.264188 231936 50795.5 1070190
6c4d 0.264188 231936 50795.5 1070190
6d4h 0.264188 231936 50795.5 1070190
6h4c 0.264186 231936 50793.5 1070190
6d4c 0.264186 231936 50793.5 1070190
6s4d 0.263805 231643 50678.5 1070190
6s4h 0.263805 231643 50678.5 1070190
6s4c 0.263803 231643 50676.5 1070190
6c4s 0.263706 231478 50737 1070190
6h4s 0.263706 231478 50737 1070190
6d4s 0.263706 231478 50737 1070190
6s4s 0.263322 231185 50620 1070190
6c3d 0.26259 230226 50795.5 1070190
6h3d 0.26259 230226 50795.5 1070190
6d3h 0.26259 230226 50795.5 1070190
6c3h 0.26259 230226 50795.5 1070190
6d3c 0.262588 230226 50793.5 1070190
6h3c 0.262588 230226 50793.5 1070190
6s3h 0.262207 229933 50678.5 1070190
6s3d 0.262207 229933 50678.5 1070190
6s3c 0.262205 229933 50676.5 1070190
6d3s 0.262108 229768 50737 1070190
6h3s 0.262108 229768 50737 1070190
6c3s 0.262108 229768 50737 1070190
6s3s 0.261725 229475 50620 1070190
6h2d 0.247072 213714 50700.5 1070190
6d2h 0.247072 213714 50700.5 1070190
6c2d 0.247072 213714 50700.5 1070190
6c2h 0.247072 213714 50700.5 1070190
6h2c 0.247071 213714 50698.5 1070190
6d2c 0.247071 213714 50698.5 1070190
6s2h 0.246695 213426 50584 1070190
6s2d 0.246695 213426 50584 1070190
6s2c 0.246693 213426 50582 1070190
6h2s 0.246592 213258 50642 1070190
6d2s 0.246592 213258 50642 1070190
6c2s 0.246592 213258 50642 1070190
6s2s 0.246214 212970 50525.5 1070190
5c4c 0.201923 169969 46127.5 1070190
5h4h 0.201801 169915 46050.5 1070190
5d4d 0.201801 169915 46050.5 1070190
5c3c 0.200234 168161 46127.5 1070190
5h3h 0.200136 168133 46050.5 1070190
5d3d 0.200136 168133 46050.5 1070190
4c3c 0.195874 163584 46038.5 1070190
4d3d 0.195777 163557 45961.5 1070190
4h3h 0.195777 163557 45961.5 1070190
5c2c 0.187455 154574 46038.5 1070190
5h2h 0.187383 154574 45961.5 1070190
5d2d 0.187383 154574 45961.5 1070190
4c2c 0.183096 149820 46127.5 1070190
4d2d 0.183024 149820 46050.5 1070190
4h2h 0.183024 149820 46050.5 1070190
3c2c 0.181431 148038 46127.5 1070190
3d2d 0.181359 148038 46050.5 1070190
3h2h 0.181359 148038 46050.5 1070190
5h4d 0.165261 128361 48499.5 1070190
5d4h 0.165261 128361 48499.5 1070190
5c4d 0.165259 128361 48497.5 1070190
5h4c 0.165259 128361 48497.5 1070190
5d4c 0.165259 128361 48497.5 1070190
5c4h 0.165259 128361 48497.5 1070190
5s4h 0.164853 127997 48427 1070190
5s4d 0.164853 127997 48427 1070190
5s4c 0.164851 127997 48425 1070190
5h4s 0.164846 127982 48434.5 1070190
5d4s 0.164846 127982 48434.5 1070190
5c4s 0.164844 127982 48432.5 1070190
5s4s 0.164438 127618 48362 1070190
5h3d 0.163596 126579 48499.5 1070190
5d3h 0.163596 126579 48499.5 1070190
5c3d 0.163594 126579 48497.5 1070190
5h3c 0.163594 126579 48497.5 1070190
5d3c 0.163594 126579 48497.5 1070190
5c3h 0.163594 126579 48497.5 1070190
5s3h 0.163188 126215 48427 1070190
5s3d 0.163188 126215 48427 1070190
5s3c 0.163186 126215 48425 1070190
5h3s 0.163181 126200 48434.5 1070190
5d3s 0.163181 126200 48434.5 1070190
5c3s 0.163179 126200 48432.5 1070190
5s3s 0.162773 125836 48362 1070190
4h3d 0.159089 121851 48404.5 1070190
4d3h 0.159089 121851 48404.5 1070190
4c3d 0.159087 121851 48402.5 1070190
4c3h 0.159087 121851 48402.5 1070190
4h3c 0.159087 121851 48402.5 1070190
4d3c 0.159087 121851 48402.5 1070190
4s3h 0.158685 121487 48336 1070190
4d3s 0.158685 121487 48336 1070190
4s3d 0.158685 121487 48336 1070190
4h3s 0.158685 121487 48336 1070190
4c3s 0.158683 121487 48334 1070190
4s3c 0.158683 121487 48334 1070190
4s3s 0.158281 121123 48267.5 1070190
5h2d 0.150115 112247 48404.5 1070190
5d2h 0.150115 112247 48404.5 1070190
5h2c 0.150113 112247 48402.5 1070190
5d2c 0.150113 112247 48402.5 1070190
5c2h 0.150113 112247 48402.5 1070190
5c2d 0.150113 112247 48402.5 1070190
5s2d 0.149712 111888 48332.5 1070190
5s2h 0.149712 111888 48332.5 1070190
5s2c 0.14971 111888 48330.5 1070190
5d2s 0.149701 111869 48339.5 1070190
5h2s 0.149701 111869 48339.5 1070190
5c2s 0.149699 111869 48337.5 1070190
5s2s 0.149298 111510 48267.5 1070190
4d2h 0.145608 107329 48499.5 1070190
4h2d 0.145608 107329 48499.5 1070190
4c2d 0.145606 107329 48497.5 1070190
4c2h 0.145606 107329 48497.5 1070190
4h2c 0.145606 107329 48497.5 1070190
4d2c 0.145606 107329 48497.5 1070190
4s2h 0.145209 106970 48431 1070190
4s2d 0.145209 106970 48431 1070190
4s2c 0.145207 106970 48429 1070190
4h2s 0.145206 106967 48430.5 1070190
4d2s 0.145206 106967 48430.5 1070190
4c2s 0.145204 106967 48428.5 1070190
4s2s 0.144806 106608 48362 1070190
3d2h 0.143943 105547 48499.5 1070190
3h2d 0.143943 105547 48499.5 1070190
3d2c 0.143941 105547 48497.5 1070190
3c2h 0.143941 105547 48497.5 1070190
3c2d 0.143941 105547 48497.5 1070190
3h2c 0.143941 105547 48497.5 1070190
3s2h 0.143544 105188 48431 1070190
3s2d 0.143544 105188 48431 1070190
3s2c 0.143542 105188 48429 1070190
3d2s 0.14354 105185 48430.5 1070190
3h2s 0.14354 105185 48430.5 1070190
3c2s 0.143539 105185 48428.5 1070190
3s2s 0.143141 104826 48362 1070190
