Jc8c 0.949269 998031 17867 1070190
Jc8d 0.931204 974462 22103.5 1070190
Jc8h 0.930419 973742 21983 1070190
Jc8s 0.930419 973742 21983 1070190
Jd8c 0.929245 972383 22086 1070190
Js8c 0.928501 971711 21962 1070190
Jh8c 0.928501 971711 21962 1070190
8c6c 0.916587 955560 25362.5 1070190
Jd8d 0.915517 958447 21330 1070190
Js8d 0.913689 956238 21583 1070190
Jh8d 0.913689 956238 21583 1070190
Jd8h 0.913648 956190 21586.5 1070190
Jd8s 0.913648 956190 21586.5 1070190
Jh8h 0.912904 955518 21462.5 1070190
Jh8s 0.912904 955518 21462.5 1070190
Js8s 0.912904 955518 21462.5 1070190
Js8h 0.912904 955518 21462.5 1070190
8d6c 0.887785 917317 32781.5 1070190
8c6d 0.887179 916128 33322 1070190
8s6c 0.887159 916813 32615.5 1070190
8h6c 0.887159 916813 32615.5 1070190
8c6s 0.886399 915414 33201.5 1070190
8c6h 0.886399 915414 33201.5 1070190
8d6d 0.875268 904671 32032.5 1070190
9h9c 0.873472 922621 12160.5 1070190
9s9c 0.873472 922621 12160.5 1070190
8s6d 0.872396 900954 32675.5 1070190
8h6d 0.872396 900954 32675.5 1070190
8d6s 0.872242 900744 32721 1070190
8d6h 0.872242 900744 32721 1070190
8s6s 0.871616 900240 32555 1070190
8s6h 0.871616 900240 32555 1070190
8h6s 0.871616 900240 32555 1070190
8h6h 0.871616 900240 32555 1070190
ThTd 0.862309 910251 12584 1070190
TsTd 0.862309 910251 12584 1070190
TsTh 0.861955 909880 12576 1070190
9s9h 0.85709 904609 12640.5 1070190
7h7d 0.851516 898580 12704 1070190
7s7d 0.851516 898580 12704 1070190
7s7h 0.851165 898212 12696 1070190
9c8c 0.820739 854693 23654 1070190
Jc9c 0.819145 862880 13760.5 1070190
Td9c 0.815413 857883 14764 1070190
Ts9c 0.814982 857430 14756 1070190
Th9c 0.814982 857430 14756 1070190
Td9h 0.797614 838311 15287 1070190
Td9s 0.797614 838311 15287 1070190
Ts9s 0.797183 837858 15279 1070190
Ts9h 0.797183 837858 15279 1070190
Th9s 0.797183 837858 15279 1070190
Th9h 0.797183 837858 15279 1070190
JdJc 0.796356 841664 10588.5 1070190
JsJc 0.795732 841058 10526.5 1070190
JhJc 0.795732 841058 10526.5 1070190
Ac9c 0.793247 839045 9880.5 1070190
Td7d 0.79282 831093 17375 1070190
Kc9c 0.790887 835420 10979 1070190
Qc9c 0.788444 835424 8360.5 1070190
9c7d 0.786861 824307 17783.5 1070190
9c7s 0.786473 823900 17775.5 1070190
9c7h 0.786473 823900 17775.5 1070190
Td7s 0.783646 820397 18253 1070190
Td7h 0.783646 820397 18253 1070190
Ts7d 0.783643 820394 18253 1070190
Th7d 0.783643 820394 18253 1070190
Ts7s 0.783312 820069 18223.5 1070190
Ts7h 0.783312 820069 18223.5 1070190
Th7h 0.783312 820069 18223.5 1070190
Th7s 0.783312 820069 18223.5 1070190
JcTd 0.779101 814086 19700 1070190
JcTh 0.778437 813416 19659 1070190
JcTs 0.778437 813416 19659 1070190
Td8c 0.776626 796486 34651 1070190
9c6c 0.776544 809208 21841.5 1070190
Th8c 0.775976 795855 34586.5 1070190
Ts8c 0.775976 795855 34586.5 1070190
JsJd 0.774855 818956 10286.5 1070190
JhJd 0.774855 818956 10286.5 1070190
JsJh 0.774231 818350 10224.5 1070190
9s7d 0.768517 804273 18186.5 1070190
9h7d 0.768517 804273 18186.5 1070190
9s7s 0.768129 803866 18178.5 1070190
9h7s 0.768129 803866 18178.5 1070190
9h7h 0.768129 803866 18178.5 1070190
9s7h 0.768129 803866 18178.5 1070190
Td8d 0.76729 787854 33292.5 1070190
AdAc 0.766752 808009 12561.5 1070190
JdTd 0.766708 801553 18970 1070190
AhAc 0.766001 807213 12553.5 1070190
AsAc 0.766001 807213 12553.5 1070190
Td8h 0.758323 777046 34503.5 1070190
Td8s 0.758323 777046 34503.5 1070190
Th8d 0.758207 776861 34565 1070190
Ts8d 0.758207 776861 34565 1070190
KdKc 0.757889 797939 13146.5 1070190
Ts8h 0.757673 776415 34439 1070190
Ts8s 0.757673 776415 34439 1070190
Th8h 0.757673 776415 34439 1070190
Th8s 0.757673 776415 34439 1070190
KsKc 0.757171 797182 13134.5 1070190
KhKc 0.757171 797182 13134.5 1070190
JhTd 0.75668 790096 19695 1070190
JsTd 0.75668 790096 19695 1070190
JdTs 0.756648 790024 19733.5 1070190
JdTh 0.756648 790024 19733.5 1070190
JsTh 0.756015 789426 19654 1070190
JsTs 0.756015 789426 19654 1070190
JhTs 0.756015 789426 19654 1070190
JhTh 0.756015 789426 19654 1070190
9c5c 0.748901 783507 17959.5 1070190
9c4c 0.748716 783237 18031.5 1070190
9c3c 0.748661 783178 18031.5 1070190
9c2c 0.748504 783010 18031.5 1070190
QdQc 0.747412 792186 7687 1070190
QhQc 0.746693 791428 7675 1070190
QsQc 0.746693 791428 7675 1070190
AsAd 0.738284 777063 13041.5 1070190
AhAd 0.738284 777063 13041.5 1070190
AsAh 0.737533 776267 13033.5 1070190
9c8d 0.737259 755387 33620 1070190
9c8s 0.736722 754925 33508 1070190
9c8h 0.736722 754925 33508 1070190
KcJc 0.734566 772930 13195.5 1070190
KcTd 0.733615 768189 16918 1070190
QcTd 0.733381 772440 12417 1070190
AcTd 0.733044 769176 15320 1070190
KcTs 0.732943 767504 16884.5 1070190
KcTh 0.732943 767504 16884.5 1070190
QcTs 0.732739 771786 12383.5 1070190
QcTh 0.732739 771786 12383.5 1070190
AcTs 0.732342 768455 15290.5 1070190
AcTh 0.732342 768455 15290.5 1070190
9s8c 0.732123 749064 34446.5 1070190
9h8c 0.732123 749064 34446.5 1070190
KsKd 0.731083 768779 13618.5 1070190
KhKd 0.731083 768779 13618.5 1070190
KsKh 0.730364 768022 13606.5 1070190
Jd9c 0.728432 760124 19436.5 1070190
Ac8c 0.728293 753939 25472.5 1070190
Js9c 0.727779 759487 19374.5 1070190
Jh9c 0.727779 759487 19374.5 1070190
Jc9h 0.727155 758272 19922.5 1070190
Jc9s 0.727155 758272 19922.5 1070190
QsQd 0.721812 764565 7911 1070190
QhQd 0.721812 764565 7911 1070190
QsQh 0.721093 763807 7899 1070190
QdTd 0.720336 758781 12115 1070190
KdTd 0.719397 753380 16511.5 1070190
AcJc 0.717753 755320 12812.5 1070190
AdTd 0.7175 752896 14965 1070190
Td6c 0.714238 731777 32593 1070190
9s8d 0.714172 730103 34197 1070190
9h8d 0.714172 730103 34197 1070190
Th6c 0.713693 731288 32499 1070190
Ts6c 0.713693 731288 32499 1070190
9h8h 0.713636 729641 34085 1070190
9s8h 0.713636 729641 34085 1070190
9h8s 0.713636 729641 34085 1070190
9s8s 0.713636 729641 34085 1070190
QcJc 0.713551 758061 5574.5 1070190
QdTh 0.706723 743521 12806.5 1070190
QdTs 0.706723 743521 12806.5 1070190
QsTd 0.706634 743426 12807 1070190
QhTd 0.706634 743426 12807 1070190
Td6d 0.706599 724490 31705 1070190
QhTs 0.705992 742772 12773.5 1070190
QsTs 0.705992 742772 12773.5 1070190
QsTh 0.705992 742772 12773.5 1070190
QhTh 0.705992 742772 12773.5 1070190
KdTh 0.70537 737364 17516 1070190
KdTs 0.70537 737364 17516 1070190
KsTd 0.705312 737301 17516.5 1070190
KhTd 0.705312 737301 17516.5 1070190
Jd9s 0.704997 734745 19735.5 1070190
Jd9h 0.704997 734745 19735.5 1070190
8d8c 0.704706 735049 19120.5 1070190
KhTs 0.70464 736616 17483 1070190
KhTh 0.70464 736616 17483 1070190
KsTs 0.70464 736616 17483 1070190
KsTh 0.70464 736616 17483 1070190
Jh9h 0.704344 734108 19673.5 1070190
Jh9s 0.704344 734108 19673.5 1070190
Js9h 0.704344 734108 19673.5 1070190
Js9s 0.704344 734108 19673.5 1070190
8s8c 0.704203 734623 19008.5 1070190
8h8c 0.704203 734623 19008.5 1070190
AdTs 0.702733 736172 15886 1070190
AdTh 0.702733 736172 15886 1070190
AhTd 0.702671 736106 15886 1070190
AsTd 0.702671 736106 15886 1070190
AsTs 0.70197 735385 15856.5 1070190
AsTh 0.70197 735385 15856.5 1070190
AhTs 0.70197 735385 15856.5 1070190
AhTh 0.70197 735385 15856.5 1070190
Kc8c 0.701026 724884 25347 1070190
Th6d 0.693262 708827 33095 1070190
Ts6d 0.693262 708827 33095 1070190
Td6s 0.69316 708702 33111 1070190
Td6h 0.69316 708702 33111 1070190
Ts6s 0.692615 708213 33017 1070190
Ts6h 0.692615 708213 33017 1070190
Th6h 0.692615 708213 33017 1070190
Th6s 0.692615 708213 33017 1070190
KcQc 0.69132 731503 8341 1070190
8s8d 0.6849 714439 18534.5 1070190
8h8d 0.6849 714439 18534.5 1070190
8s8h 0.684398 714013 18422.5 1070190
Qc8c 0.684032 714318 17726 1070190
8c7d 0.68223 691380 38735.5 1070190
8c7s 0.681609 690804 38647 1070190
8c7h 0.681609 690804 38647 1070190
Td5c 0.675535 695352 27599 1070190
Kc9s 0.675053 705271 17163.5 1070190
Kc9h 0.675053 705271 17163.5 1070190
Ts5c 0.67504 694924 27497.5 1070190
Th5c 0.67504 694924 27497.5 1070190
Qc9s 0.674998 709700 12676 1070190
Qc9h 0.674998 709700 12676 1070190
AcKc 0.674629 710874 11107.5 1070190
8d7d 0.674477 684449 37370 1070190
Td4c 0.673947 693532 27719 1070190
Jc7d 0.673799 700862 20231 1070190
Ac9h 0.673685 705416 15555 1070190
Ac9s 0.673685 705416 15555 1070190
Ts4c 0.673454 693107 27616.5 1070190
Th4c 0.673454 693107 27616.5 1070190
Qd9c 0.67339 707969 12686.5 1070190
Jc7s 0.673137 700194 20190 1070190
Jc7h 0.673137 700194 20190 1070190
AcQc 0.673029 712311 7958 1070190
Qh9c 0.672633 707171 12674.5 1070190
Qs9c 0.672633 707171 12674.5 1070190
Td3c 0.672609 692100 27719 1070190
Kd9c 0.672213 702222 17174 1070190
Ts3c 0.672116 691675 27616.5 1070190
Th3c 0.672116 691675 27616.5 1070190
Ks9c 0.671456 701424 17162 1070190
Kh9c 0.671456 701424 17162 1070190
Td2c 0.671019 690399 27719 1070190
Ts2c 0.670526 689974 27616.5 1070190
Th2c 0.670526 689974 27616.5 1070190
Td5d 0.66939 689253 27122 1070190
Ad9c 0.669145 700554 15558.5 1070190
Td4d 0.669097 688821 27240 1070190
Td3d 0.66903 688749 27240 1070190
Td2d 0.668665 688359 27240 1070190
As9c 0.668354 699715 15550.5 1070190
Ah9c 0.668354 699715 15550.5 1070190
9c6d 0.66464 679115 32176.5 1070190
9c6s 0.663973 678459 32118.5 1070190
9c6h 0.663973 678459 32118.5 1070190
Jd7d 0.663429 690521 19474.5 1070190
8h7d 0.661181 668816 38773 1070190
8s7d 0.661181 668816 38773 1070190
8d7s 0.661068 668658 38810.5 1070190
8d7h 0.661068 668658 38810.5 1070190
8s7h 0.66056 668240 38684.5 1070190
8s7s 0.66056 668240 38684.5 1070190
8h7s 0.66056 668240 38684.5 1070190
8h7h 0.66056 668240 38684.5 1070190
9s6c 0.66046 674602 32215.5 1070190
9h6c 0.66046 674602 32215.5 1070190
Ac6c 0.660266 681827 24783.5 1070190
Ts5d 0.653266 670577 28541.5 1070190
Th5d 0.653266 670577 28541.5 1070190
Td5h 0.653018 670242 28611 1070190
Td5s 0.653018 670242 28611 1070190
Ts4d 0.652965 670130 28666.5 1070190
Th4d 0.652965 670130 28666.5 1070190
Th3d 0.652898 670058 28666.5 1070190
Ts3d 0.652898 670058 28666.5 1070190
Td4h 0.652715 669792 28737 1070190
Td4s 0.652715 669792 28737 1070190
Td3s 0.652648 669720 28737 1070190
Td3h 0.652648 669720 28737 1070190
Ts5s 0.652523 669814 28509.5 1070190
Th5h 0.652523 669814 28509.5 1070190
Th5s 0.652523 669814 28509.5 1070190
Ts5h 0.652523 669814 28509.5 1070190
Ts2d 0.652483 669614 28666.5 1070190
Th2d 0.652483 669614 28666.5 1070190
Td2h 0.652227 669270 28737 1070190
Td2s 0.652227 669270 28737 1070190
Th4s 0.652222 669367 28634.5 1070190
Th4h 0.652222 669367 28634.5 1070190
Ts4h 0.652222 669367 28634.5 1070190
Ts4s 0.652222 669367 28634.5 1070190
Ts3s 0.652155 669295 28634.5 1070190
Th3s 0.652155 669295 28634.5 1070190
Th3h 0.652155 669295 28634.5 1070190
Ts3h 0.652155 669295 28634.5 1070190
Ts2h 0.651734 668845 28634.5 1070190
Ts2s 0.651734 668845 28634.5 1070190
Th2s 0.651734 668845 28634.5 1070190
Th2h 0.651734 668845 28634.5 1070190
Qd9s 0.648458 681150 12823 1070190
Qd9h 0.648458 681150 12823 1070190
Jh7d 0.648108 673399 20199.5 1070190
Js7d 0.648108 673399 20199.5 1070190
Jd7s 0.648051 673300 20238 1070190
Jd7h 0.648051 673300 20238 1070190
Qs9h 0.647701 680352 12811 1070190
Qs9s 0.647701 680352 12811 1070190
Qh9s 0.647701 680352 12811 1070190
Qh9h 0.647701 680352 12811 1070190
Jh7h 0.647445 672731 20158.5 1070190
Jh7s 0.647445 672731 20158.5 1070190
Js7s 0.647445 672731 20158.5 1070190
Js7h 0.647445 672731 20158.5 1070190
Kd9s 0.646847 674706 17543 1070190
Kd9h 0.646847 674706 17543 1070190
Ks9h 0.64609 673908 17531 1070190
Ks9s 0.64609 673908 17531 1070190
Kh9s 0.64609 673908 17531 1070190
Kh9h 0.64609 673908 17531 1070190
Ad9h 0.643308 672541 15921 1070190
Ad9s 0.643308 672541 15921 1070190
As9h 0.642517 671702 15913 1070190
As9s 0.642517 671702 15913 1070190
Ah9h 0.642517 671702 15913 1070190
Ah9s 0.642517 671702 15913 1070190
9s6d 0.640016 652544 32394.5 1070190
9h6d 0.640016 652544 32394.5 1070190
9h6h 0.639349 651888 32336.5 1070190
9h6s 0.639349 651888 32336.5 1070190
9s6s 0.639349 651888 32336.5 1070190
9s6h 0.639349 651888 32336.5 1070190
Kc6c 0.633145 652659 24926.5 1070190
9c5d 0.61925 634991 27724.5 1070190
9c4d 0.618964 634565 27844.5 1070190
9c3d 0.618903 634499 27844.5 1070190
9c2d 0.618502 634070 27844.5 1070190
9c5s 0.618481 634176 27716.5 1070190
9c5h 0.618481 634176 27716.5 1070190
9c4h 0.618195 633750 27836.5 1070190
9c4s 0.618195 633750 27836.5 1070190
9c3s 0.618134 633684 27836.5 1070190
9c3h 0.618134 633684 27836.5 1070190
9c2h 0.617727 633249 27836.5 1070190
9c2s 0.617727 633249 27836.5 1070190
Ac5c 0.615497 637287 21411.5 1070190
9h5c 0.615417 631445 27168 1070190
9s5c 0.615417 631445 27168 1070190
Ac4c 0.614027 635607 21518.5 1070190
9s4c 0.61384 629643 27282 1070190
9h4c 0.61384 629643 27282 1070190
Ac3c 0.612751 634242 21518.5 1070190
9s3c 0.612502 628211 27282 1070190
9h3c 0.612502 628211 27282 1070190
Ac2c 0.611375 632769 21518.5 1070190
9h2c 0.610912 626510 27282 1070190
9s2c 0.610912 626510 27282 1070190
Kc7d 0.610502 635604 17749 1070190
Kc7s 0.609831 634920 17715.5 1070190
Kc7h 0.609831 634920 17715.5 1070190
Ac7d 0.609764 636325 16238 1070190
Qc7d 0.609326 638934 13161 1070190
Ac7h 0.609062 635604 16208.5 1070190
Ac7s 0.609062 635604 16208.5 1070190
Qc7h 0.608686 638282 13127.5 1070190
Qc7s 0.608686 638282 13127.5 1070190
Qc6c 0.606538 627459 21651.5 1070190
7d6c 0.604389 612960 33851.5 1070190
KcJd 0.603865 627586 18664.5 1070190
7h6c 0.603838 612470 33751.5 1070190
7s6c 0.603838 612470 33751.5 1070190
KcJh 0.60323 626987 18584 1070190
KcJs 0.60323 626987 18584 1070190
8c5c 0.602505 614975 29819.5 1070190
8c4c 0.601136 613403 29926.5 1070190
KdJc 0.599808 622738 19170 1070190
8c3c 0.599771 611942 29926.5 1070190
KhJc 0.599081 622003 19128 1070190
KsJc 0.599081 622003 19128 1070190
Kd7d 0.598708 623416 17315.5 1070190
7d6d 0.598704 607794 32933.5 1070190
Qd7d 0.598703 627895 12830.5 1070190
8c2c 0.598562 610649 29926.5 1070190
Ac8d 0.597977 603620 36329 1070190
Ac8h 0.5975 603235 36203 1070190
Ac8s 0.5975 603235 36203 1070190
Ad7d 0.596675 622698 15857.5 1070190
9s5d 0.59364 607592 27715.5 1070190
9h5d 0.59364 607592 27715.5 1070190
9h4d 0.59336 607175 27832.5 1070190
9s4d 0.59336 607175 27832.5 1070190
9s3d 0.593298 607109 27832.5 1070190
9h3d 0.593298 607109 27832.5 1070190
9s2d 0.592889 606671 27832.5 1070190
9h2d 0.592889 606671 27832.5 1070190
9h5h 0.592871 606777 27707.5 1070190
9s5h 0.592871 606777 27707.5 1070190
9h5s 0.592871 606777 27707.5 1070190
9s5s 0.592871 606777 27707.5 1070190
9s4s 0.592591 606360 27824.5 1070190
9s4h 0.592591 606360 27824.5 1070190
9h4s 0.592591 606360 27824.5 1070190
9h4h 0.592591 606360 27824.5 1070190
9h3h 0.592529 606294 27824.5 1070190
9h3s 0.592529 606294 27824.5 1070190
9s3s 0.592529 606294 27824.5 1070190
9s3h 0.592529 606294 27824.5 1070190
KdJd 0.592451 615755 18280.5 1070190
9s2h 0.592114 605850 27824.5 1070190
9h2h 0.592114 605850 27824.5 1070190
9h2s 0.592114 605850 27824.5 1070190
9s2s 0.592114 605850 27824.5 1070190
Jc5c 0.591234 611889 20844 1070190
Jc6c 0.590109 611006 20523 1070190
Jc4c 0.589815 610263 20951 1070190
Jc3c 0.58859 608952 20951 1070190
Jc2c 0.587264 607533 20951 1070190
Ad8c 0.587258 591301 37177 1070190
As8c 0.58656 590617 37114 1070190
Ah8c 0.58656 590617 37114 1070190
Kc5c 0.585245 604769 21554.5 1070190
Kc4c 0.583775 603089 21661.5 1070190
Ad8d 0.583526 588913 35570.5 1070190
Kc3c 0.5825 601724 21661.5 1070190
Kc2c 0.581123 600251 21661.5 1070190
7h6d 0.580187 586545 34365.5 1070190
7s6d 0.580187 586545 34365.5 1070190
7d6h 0.580117 586448 34387.5 1070190
7d6s 0.580117 586448 34387.5 1070190
7s6s 0.579566 585958 34287.5 1070190
7h6h 0.579566 585958 34287.5 1070190
7s6h 0.579566 585958 34287.5 1070190
7h6s 0.579566 585958 34287.5 1070190
Qd7h 0.57863 605722 13522 1070190
Qd7s 0.57863 605722 13522 1070190
Qh7d 0.578572 605660 13522.5 1070190
Qs7d 0.578572 605660 13522.5 1070190
Kd7s 0.578215 600480 18320 1070190
Kd7h 0.578215 600480 18320 1070190
Ks7d 0.578188 600450 18320.5 1070190
Kh7d 0.578188 600450 18320.5 1070190
Qh7h 0.577932 605008 13489 1070190
Qs7s 0.577932 605008 13489 1070190
Qs7h 0.577932 605008 13489 1070190
Qh7s 0.577932 605008 13489 1070190
Ks7h 0.577517 599766 18287 1070190
Ks7s 0.577517 599766 18287 1070190
Kh7h 0.577517 599766 18287 1070190
Kh7s 0.577517 599766 18287 1070190
Ad7h 0.57536 598966 16778.5 1070190
Ad7s 0.57536 598966 16778.5 1070190
Ah7d 0.57533 598934 16778.5 1070190
As7d 0.57533 598934 16778.5 1070190
Ah7s 0.574629 598213 16749 1070190
Ah7h 0.574629 598213 16749 1070190
As7s 0.574629 598213 16749 1070190
As7h 0.574629 598213 16749 1070190
QcJd 0.574229 606727 7807.5 1070190
QcJs 0.573566 606056 7769 1070190
QcJh 0.573566 606056 7769 1070190
KdJs 0.573408 594741 18915 1070190
KdJh 0.573408 594741 18915 1070190
KsJd 0.573317 594605 18953.5 1070190
KhJd 0.573317 594605 18953.5 1070190
KhJs 0.572682 594006 18873 1070190
KsJs 0.572682 594006 18873 1070190
KhJh 0.572682 594006 18873 1070190
KsJh 0.572682 594006 18873 1070190
QdJc 0.572138 604504 7792.5 1070190
AcJd 0.571501 593266 18349 1070190
QsJc 0.571413 603769 7751 1070190
QhJc 0.571413 603769 7751 1070190
AcJh 0.570885 592682 18273 1070190
AcJs 0.570885 592682 18273 1070190
QdJd 0.565333 597589 7425 1070190
AdJc 0.565333 586144 18869.5 1070190
Ad8s 0.565186 567959 36897.5 1070190
Ad8h 0.565186 567959 36897.5 1070190
Ah8d 0.564966 567660 36960.5 1070190
As8d 0.564966 567660 36960.5 1070190
AhJc 0.564602 585396 18835 1070190
AsJc 0.564602 585396 18835 1070190
Ah8h 0.564488 567275 36834.5 1070190
As8h 0.564488 567275 36834.5 1070190
As8s 0.564488 567275 36834.5 1070190
Ah8s 0.564488 567275 36834.5 1070190
Kc8d 0.561794 565041 36185 1070190
Kc8s 0.561332 564669 36062.5 1070190
Kc8h 0.561332 564669 36062.5 1070190
AdJd 0.558872 580143 17956 1070190
Qc5c 0.556311 577079 18279.5 1070190
Qc4c 0.554841 575399 18386.5 1070190
Qc3c 0.553566 574034 18386.5 1070190
Kd8c 0.552973 554786 37000.5 1070190
Kh8c 0.552306 554138 36934.5 1070190
Ks8c 0.552306 554138 36934.5 1070190
Qc2c 0.552189 572561 18386.5 1070190
Kd8d 0.549742 552911 35417.5 1070190
6d6c 0.54638 566425 18305 1070190
7d5c 0.545969 555721 28569.5 1070190
6s6c 0.545801 565866 18245 1070190
6h6c 0.545801 565866 18245 1070190
7s5c 0.545469 555292 28463.5 1070190
7h5c 0.545469 555292 28463.5 1070190
QdJs 0.54484 575419 7663.5 1070190
QdJh 0.54484 575419 7663.5 1070190
QhJd 0.544778 575355 7660.5 1070190
QsJd 0.544778 575355 7660.5 1070190
7d4c 0.54438 553901 28689.5 1070190
QhJs 0.544115 574684 7622 1070190
QsJh 0.544115 574684 7622 1070190
QsJs 0.544115 574684 7622 1070190
QhJh 0.544115 574684 7622 1070190
7h4c 0.543883 553476 28582.5 1070190
7s4c 0.543883 553476 28582.5 1070190
7d3c 0.543042 552469 28689.5 1070190
7h3c 0.542545 552044 28582.5 1070190
7s3c 0.542545 552044 28582.5 1070190
7d5d 0.542191 552192 28055.5 1070190
7d4d 0.54188 551741 28173.5 1070190
7d3d 0.541813 551669 28173.5 1070190
7d2c 0.541453 550768 28689.5 1070190
7d2d 0.541448 551279 28173.5 1070190
7h2c 0.540956 550343 28582.5 1070190
7s2c 0.540956 550343 28582.5 1070190
Qc8d 0.538532 551004 25328 1070190
Qc8s 0.538036 550553 25247.5 1070190
Qc8h 0.538036 550553 25247.5 1070190
AdJh 0.537371 556442 18647 1070190
AdJs 0.537371 556442 18647 1070190
AhJd 0.537256 556278 18688.5 1070190
AsJd 0.537256 556278 18688.5 1070190
AsJs 0.53664 555694 18612.5 1070190
AsJh 0.53664 555694 18612.5 1070190
AhJs 0.53664 555694 18612.5 1070190
AhJh 0.53664 555694 18612.5 1070190
Qd8c 0.531809 543514 25623 1070190
Qs8c 0.531143 542866 25557.5 1070190
Qh8c 0.531143 542866 25557.5 1070190
KcQd 0.530432 554976 12687.5 1070190
Kd8s 0.530312 530793 36742 1070190
Kd8h 0.530312 530793 36742 1070190
Kh8d 0.530107 530517 36798.5 1070190
Ks8d 0.530107 530517 36798.5 1070190
KcQh 0.529708 554235 12653.5 1070190
KcQs 0.529708 554235 12653.5 1070190
Ks8s 0.529645 530145 36676 1070190
Ks8h 0.529645 530145 36676 1070190
Kh8h 0.529645 530145 36676 1070190
Kh8s 0.529645 530145 36676 1070190
KdQc 0.528978 553437 12670 1070190
Qd8d 0.528827 541383 24562 1070190
KhQc 0.528257 552703 12632.5 1070190
KsQc 0.528257 552703 12632.5 1070190
KdQd 0.521514 545949 12170 1070190
6h6d 0.521204 539540 18247 1070190
6s6d 0.521204 539540 18247 1070190
6s6h 0.520625 538981 18187 1070190
7h5d 0.519762 526738 29506.5 1070190
7s5d 0.519762 526738 29506.5 1070190
7d5s 0.51955 526437 29580.5 1070190
7d5h 0.51955 526437 29580.5 1070190
7s4d 0.519461 526291 29631.5 1070190
7h4d 0.519461 526291 29631.5 1070190
7h3d 0.519394 526219 29631.5 1070190
7s3d 0.519394 526219 29631.5 1070190
7d4h 0.519248 525987 29706.5 1070190
7d4s 0.519248 525987 29706.5 1070190
7d3h 0.51918 525915 29706.5 1070190
7d3s 0.51918 525915 29706.5 1070190
7s5h 0.51905 526008 29474.5 1070190
7h5h 0.51905 526008 29474.5 1070190
7h5s 0.51905 526008 29474.5 1070190
7s5s 0.51905 526008 29474.5 1070190
7s2d 0.518979 525775 29631.5 1070190
7h2d 0.518979 525775 29631.5 1070190
7d2h 0.51876 525465 29706.5 1070190
7d2s 0.51876 525465 29706.5 1070190
7h4s 0.51875 525562 29599.5 1070190
7h4h 0.51875 525562 29599.5 1070190
7s4s 0.51875 525562 29599.5 1070190
7s4h 0.51875 525562 29599.5 1070190
7s3h 0.518683 525490 29599.5 1070190
7h3s 0.518683 525490 29599.5 1070190
7h3h 0.518683 525490 29599.5 1070190
7s3s 0.518683 525490 29599.5 1070190
7s2h 0.518263 525040 29599.5 1070190
7h2h 0.518263 525040 29599.5 1070190
7h2s 0.518263 525040 29599.5 1070190
7s2s 0.518263 525040 29599.5 1070190
6c5c 0.512395 515793 32567.5 1070190
6c4c 0.511026 514274 32621 1070190
6c3c 0.509611 512760 32621 1070190
Qd8h 0.508356 518547 25490.5 1070190
Qd8s 0.508356 518547 25490.5 1070190
Qh8d 0.508186 518350 25505.5 1070190
Qs8d 0.508186 518350 25505.5 1070190
Qh8h 0.507689 517899 25425 1070190
Qh8s 0.507689 517899 25425 1070190
Qs8s 0.507689 517899 25425 1070190
Qs8h 0.507689 517899 25425 1070190
6c2c 0.500367 502920 32567.5 1070190
AcKd 0.497416 514762 17567.5 1070190
KhQd 0.497408 519519 12802.5 1070190
KsQd 0.497408 519519 12802.5 1070190
KdQh 0.497405 519512 12806 1070190
KdQs 0.497405 519512 12806 1070190
AcKs 0.496704 514030 17538 1070190
AcKh 0.496704 514030 17538 1070190
KsQh 0.496684 518778 12768.5 1070190
KhQs 0.496684 518778 12768.5 1070190
KhQh 0.496684 518778 12768.5 1070190
KsQs 0.496684 518778 12768.5 1070190
AcQd 0.495782 518209 12372 1070190
AdKc 0.495486 512717 17547.5 1070190
AcQh 0.495071 517477 12342.5 1070190
AcQs 0.495071 517477 12342.5 1070190
AsKc 0.494746 511958 17514 1070190
AhKc 0.494746 511958 17514 1070190
AdQc 0.492495 514694 12369.5 1070190
AhQc 0.491781 513960 12339.5 1070190
AsQc 0.491781 513960 12339.5 1070190
Ac6d 0.487823 485164 36899 1070190
Ac6h 0.487289 484669 36823 1070190
Ac6s 0.487289 484669 36823 1070190
AdKd 0.487276 504563 16915 1070190
AdQd 0.485824 508079 11845.5 1070190
Ad6c 0.477025 473557 36950.5 1070190
Ad6d 0.476441 474263 35619.5 1070190
As6c 0.476419 472999 36860 1070190
Ah6c 0.476419 472999 36860 1070190
AdKs 0.460536 474913 17948.5 1070190
AdKh 0.460536 474913 17948.5 1070190
AhKd 0.460507 474886 17944.5 1070190
AsKd 0.460507 474886 17944.5 1070190
AsKs 0.459796 474154 17915 1070190
AsKh 0.459796 474154 17915 1070190
AhKh 0.459796 474154 17915 1070190
AhKs 0.459796 474154 17915 1070190
AdQs 0.459169 478860 12538 1070190
AdQh 0.459169 478860 12538 1070190
AsQd 0.459167 478858 12537.5 1070190
AhQd 0.459167 478858 12537.5 1070190
AhQh 0.458455 478126 12508 1070190
AsQh 0.458455 478126 12508 1070190
AsQs 0.458455 478126 12508 1070190
AhQs 0.458455 478126 12508 1070190
5d5c 0.45747 474246 15333.5 1070190
5s5c 0.45681 473550 15323 1070190
5h5c 0.45681 473550 15323 1070190
Kc6d 0.452317 446879 37186 1070190
Kc6h 0.451805 446407 37110 1070190
Kc6s 0.451805 446407 37110 1070190
Ad6s 0.451517 445927 37281.5 1070190
Ad6h 0.451517 445927 37281.5 1070190
As6d 0.451444 445864 37267 1070190
Ah6d 0.451444 445864 37267 1070190
5c4c 0.45136 452711 30330 1070190
As6s 0.450911 445369 37191 1070190
As6h 0.450911 445369 37191 1070190
Ah6s 0.450911 445369 37191 1070190
Ah6h 0.450911 445369 37191 1070190
5c3c 0.449935 451186 30330 1070190
4c3c 0.445719 446727 30276.5 1070190
Kd6d 0.443342 438565 35895 1070190
Kd6c 0.443319 437203 37232.5 1070190
Ks6c 0.442734 436668 37141 1070190
Kh6c 0.442734 436668 37141 1070190
5c2c 0.441829 442564 30276.5 1070190
4d4c 0.439488 455002 15333.5 1070190
4h4c 0.438829 454307 15323 1070190
4s4c 0.438829 454307 15323 1070190
4c2c 0.437612 437998 30330 1070190
3c2c 0.435348 435575 30330 1070190
5s5d 0.429453 443796 15800 1070190
5h5d 0.429453 443796 15800 1070190
5s5h 0.428793 443100 15789.5 1070190
8c5d 0.425888 412605 43176.5 1070190
8d5c 0.425515 413434 41948 1070190
8c5h 0.425308 412030 43130 1070190
8c5s 0.425308 412030 43130 1070190
8h5c 0.425139 413187 41792 1070190
8s5c 0.425139 413187 41792 1070190
8d5d 0.424457 413158 41091.5 1070190
8c4d 0.424163 410580 43355.5 1070190
8c4s 0.423583 410005 43309 1070190
8c4h 0.423583 410005 43309 1070190
8c3d 0.422773 409092 43355.5 1070190
8d4d 0.422624 411029 41259.5 1070190
8d4c 0.422362 409886 42122 1070190
8c3s 0.422192 408517 43309 1070190
8c3h 0.422192 408517 43309 1070190
8s4c 0.421988 409642 41965 1070190
8h4c 0.421988 409642 41965 1070190
3d3c 0.421532 435786 15333.5 1070190
8c2d 0.421212 407421 43355.5 1070190
8d3d 0.421156 409457 41259.5 1070190
3s3c 0.420873 435091 15323 1070190
3h3c 0.420873 435091 15323 1070190
8c2h 0.420628 406843 43309 1070190
8c2s 0.420628 406843 43309 1070190
8d3c 0.419561 406888 42122 1070190
8d2d 0.419544 407732 41259.5 1070190
8s3c 0.419186 406644 41965 1070190
8h3c 0.419186 406644 41965 1070190
Kd6s 0.417416 409133 37581 1070190
Kd6h 0.417416 409133 37581 1070190
Ks6d 0.417342 409070 37565.5 1070190
Kh6d 0.417342 409070 37565.5 1070190
Ks6h 0.41683 408598 37489.5 1070190
Kh6h 0.41683 408598 37489.5 1070190
Ks6s 0.41683 408598 37489.5 1070190
Kh6s 0.41683 408598 37489.5 1070190
8d2c 0.416651 403774 42122 1070190
8h2c 0.416277 403530 41965 1070190
8s2c 0.416277 403530 41965 1070190
Qc6d 0.415839 413180 31846.5 1070190
Qc6s 0.415349 412728 31774 1070190
Qc6h 0.415349 412728 31774 1070190
Ac5d 0.414573 410367 33304.5 1070190
Ac5h 0.413967 409748 33275 1070190
Ac5s 0.413967 409748 33275 1070190
Ac4d 0.412724 408210 33483.5 1070190
4h4d 0.412168 425298 15800 1070190
4s4d 0.412168 425298 15800 1070190
Ac4s 0.412118 407591 33454 1070190
Ac4h 0.412118 407591 33454 1070190
4s4h 0.411509 424603 15789.5 1070190
Ac3d 0.411211 406590 33483.5 1070190
Ac3s 0.410605 405971 33454 1070190
Ac3h 0.410605 405971 33454 1070190
Ac2d 0.409358 404607 33483.5 1070190
Qd6d 0.409186 407234 30672.5 1070190
Ac2h 0.408746 403982 33454 1070190
Ac2s 0.408746 403982 33454 1070190
Qd6c 0.408229 405005 31878 1070190
Qh6c 0.407644 404470 31787 1070190
Qs6c 0.407644 404470 31787 1070190
Ad5d 0.405348 402049 31750 1070190
Ad4d 0.40343 399829 31918 1070190
Ad5c 0.403418 398976 32757.5 1070190
2d2c 0.402986 415938 15333.5 1070190
As5c 0.402856 398472 32660 1070190
Ah5c 0.402856 398472 32660 1070190
2h2c 0.402321 415237 15323 1070190
2s2c 0.402321 415237 15323 1070190
Ad3d 0.401832 398119 31918 1070190
8h5d 0.400459 385823 42744 1070190
8s5d 0.400459 385823 42744 1070190
8d5h 0.400255 385495 42853.5 1070190
8d5s 0.400255 385495 42853.5 1070190
Ad4c 0.40013 395284 32931.5 1070190
Ad2d 0.399937 396091 31918 1070190
8s5s 0.399878 385248 42697.5 1070190
8s5h 0.399878 385248 42697.5 1070190
8h5h 0.399878 385248 42697.5 1070190
8h5s 0.399878 385248 42697.5 1070190
As4c 0.39957 394783 32833 1070190
Ah4c 0.39957 394783 32833 1070190
8s4d 0.398655 383714 42923 1070190
8h4d 0.398655 383714 42923 1070190
8d4h 0.398449 383383 43033.5 1070190
8d4s 0.398449 383383 43033.5 1070190
8s4h 0.398075 383139 42876.5 1070190
8s4s 0.398075 383139 42876.5 1070190
8h4s 0.398075 383139 42876.5 1070190
8h4h 0.398075 383139 42876.5 1070190
Ad3c 0.397194 392142 32931.5 1070190
8s3d 0.397186 382142 42923 1070190
8h3d 0.397186 382142 42923 1070190
8d3s 0.39698 381811 43033.5 1070190
8d3h 0.39698 381811 43033.5 1070190
Ah3c 0.396634 391641 32833 1070190
As3c 0.396634 391641 32833 1070190
Jc6d 0.396633 393700 30773 1070190
8s3h 0.396606 381567 42876.5 1070190
8s3s 0.396606 381567 42876.5 1070190
8h3h 0.396606 381567 42876.5 1070190
8h3s 0.396606 381567 42876.5 1070190
Jc6s 0.396115 393176 30742.5 1070190
Jc6h 0.396115 393176 30742.5 1070190
Jc5d 0.395916 392395 31310 1070190
8s2d 0.395544 380384 42923 1070190
8h2d 0.395544 380384 42923 1070190
8d2s 0.395335 380050 43033.5 1070190
8d2h 0.395335 380050 43033.5 1070190
Jc5s 0.395333 391802 31279.5 1070190
Jc5h 0.395333 391802 31279.5 1070190
8s2s 0.39496 379806 42876.5 1070190
8s2h 0.39496 379806 42876.5 1070190
8h2s 0.39496 379806 42876.5 1070190
8h2h 0.39496 379806 42876.5 1070190
3s3d 0.394883 406800 15800 1070190
3h3d 0.394883 406800 15800 1070190
3s3h 0.394224 406105 15789.5 1070190
Jc4d 0.394129 390304 31489 1070190
Ad2c 0.394007 388731 32931.5 1070190
Jc4s 0.393546 389711 31458.5 1070190
Jc4h 0.393546 389711 31458.5 1070190
Ah2c 0.393447 388230 32833 1070190
As2c 0.393447 388230 32833 1070190
Jc3d 0.392677 388750 31489 1070190
Jd6d 0.392211 390571 29169.5 1070190
Jd6c 0.392183 389906 29804 1070190
Jc3s 0.392094 388157 31458.5 1070190
Jc3h 0.392094 388157 31458.5 1070190
Jd5d 0.392007 389848 29673.5 1070190
Js6c 0.391694 389511 29676.5 1070190
Jh6c 0.391694 389511 29676.5 1070190
Jc2d 0.390886 386833 31489 1070190
Jd5c 0.390748 387849 30326 1070190
Jc2h 0.390298 386234 31458.5 1070190
Jc2s 0.390298 386234 31458.5 1070190
Jh5c 0.390266 387463 30195.5 1070190
Js5c 0.390266 387463 30195.5 1070190
Jd4d 0.390154 387697 29841.5 1070190
Jd3d 0.38862 386056 29841.5 1070190
Jd4c 0.387528 384229 30500 1070190
Jh4c 0.387048 383846 30368.5 1070190
Js4c 0.387048 383846 30368.5 1070190
Jd2d 0.38679 384097 29841.5 1070190
Jd3c 0.38466 381159 30500 1070190
Jh3c 0.384179 380776 30368.5 1070190
Js3c 0.384179 380776 30368.5 1070190
Qd6s 0.381859 376647 32015 1070190
Qd6h 0.381859 376647 32015 1070190
Qh6d 0.381764 376564 31996.5 1070190
Qs6d 0.381764 376564 31996.5 1070190
Jd2c 0.38154 377820 30500 1070190
Qs6h 0.381274 376112 31924 1070190
Qh6h 0.381274 376112 31924 1070190
Qs6s 0.381274 376112 31924 1070190
Qh6s 0.381274 376112 31924 1070190
Js2c 0.381059 377437 30368.5 1070190
Jh2c 0.381059 377437 30368.5 1070190
2s2d 0.376898 387552 15800 1070190
2h2d 0.376898 387552 15800 1070190
2s2h 0.376233 386851 15789.5 1070190
Ah5d 0.375929 368832 33483.5 1070190
As5d 0.375929 368832 33483.5 1070190
Ad5h 0.375885 368717 33551.5 1070190
Ad5s 0.375885 368717 33551.5 1070190
Ah5s 0.375323 368213 33454 1070190
Ah5h 0.375323 368213 33454 1070190
As5s 0.375323 368213 33454 1070190
As5h 0.375323 368213 33454 1070190
Kc5d 0.374286 366966 33591.5 1070190
As4d 0.373997 366585 33662.5 1070190
Ah4d 0.373997 366585 33662.5 1070190
Ad4s 0.373951 366467 33731.5 1070190
Ad4h 0.373951 366467 33731.5 1070190
Kc5s 0.373707 366376 33562 1070190
Kc5h 0.373707 366376 33562 1070190
Ah4h 0.373391 365966 33633 1070190
Ah4s 0.373391 365966 33633 1070190
As4s 0.373391 365966 33633 1070190
As4h 0.373391 365966 33633 1070190
Kc4d 0.372438 364809 33770.5 1070190
Ah3d 0.372399 364875 33662.5 1070190
As3d 0.372399 364875 33662.5 1070190
Ad3h 0.372353 364757 33731.5 1070190
Ad3s 0.372353 364757 33731.5 1070190
Kc4s 0.371859 364219 33741 1070190
Kc4h 0.371859 364219 33741 1070190
As3s 0.371793 364256 33633 1070190
Ah3s 0.371793 364256 33633 1070190
Ah3h 0.371793 364256 33633 1070190
As3h 0.371793 364256 33633 1070190
Kc3d 0.370924 363189 33770.5 1070190
As2d 0.370453 362793 33662.5 1070190
Ah2d 0.370453 362793 33662.5 1070190
Ad2s 0.370402 362669 33731.5 1070190
Ad2h 0.370402 362669 33731.5 1070190
Kc3s 0.370345 362599 33741 1070190
Kc3h 0.370345 362599 33741 1070190
As2s 0.369842 362168 33633 1070190
As2h 0.369842 362168 33633 1070190
Ah2s 0.369842 362168 33633 1070190
Ah2h 0.369842 362168 33633 1070190
Kc2d 0.369071 361206 33770.5 1070190
Kc2s 0.368487 360610 33741 1070190
Kc2h 0.368487 360610 33741 1070190
Kd5d 0.367608 361385 32025.5 1070190
Kd4d 0.365691 359165 32193.5 1070190
Js6d 0.364976 360203 30391 1070190
Jh6d 0.364976 360203 30391 1070190
Jd6s 0.364946 360074 30488 1070190
Jd6h 0.364946 360074 30488 1070190
Kd5c 0.364897 357470 33039.5 1070190
Jh6s 0.364458 359679 30360.5 1070190
Jh6h 0.364458 359679 30360.5 1070190
Js6s 0.364458 359679 30360.5 1070190
Js6h 0.364458 359679 30360.5 1070190
Ks5c 0.364356 356989 32941 1070190
Kh5c 0.364356 356989 32941 1070190
Js5d 0.364346 358991 30928 1070190
Jh5d 0.364346 358991 30928 1070190
Jd5h 0.364246 358784 31028 1070190
Jd5s 0.364246 358784 31028 1070190
Kd3d 0.364093 357455 32193.5 1070190
Js5h 0.363763 358398 30897.5 1070190
Jh5s 0.363763 358398 30897.5 1070190
Jh5h 0.363763 358398 30897.5 1070190
Js5s 0.363763 358398 30897.5 1070190
Js4d 0.362478 356813 31107 1070190
Jh4d 0.362478 356813 31107 1070190
Jd4h 0.362376 356603 31208 1070190
Jd4s 0.362376 356603 31208 1070190
Kd2d 0.362198 355427 32193.5 1070190
Jh4s 0.361895 356220 31076.5 1070190
Js4s 0.361895 356220 31076.5 1070190
Js4h 0.361895 356220 31076.5 1070190
Jh4h 0.361895 356220 31076.5 1070190
Kd4c 0.36161 353778 33213.5 1070190
Kh4c 0.36107 353300 33114 1070190
Ks4c 0.36107 353300 33114 1070190
Jh3d 0.360944 355172 31107 1070190
Js3d 0.360944 355172 31107 1070190
Jd3h 0.360842 354962 31208 1070190
Jd3s 0.360842 354962 31208 1070190
Jh3s 0.360362 354579 31076.5 1070190
Jh3h 0.360362 354579 31076.5 1070190
Js3s 0.360362 354579 31076.5 1070190
Js3h 0.360362 354579 31076.5 1070190
Jh2d 0.359063 353159 31107 1070190
Js2d 0.359063 353159 31107 1070190
Jd2h 0.358956 352943 31208 1070190
Jd2s 0.358956 352943 31208 1070190
Kd3c 0.358674 350636 33213.5 1070190
Jh2h 0.358475 352560 31076.5 1070190
Js2h 0.358475 352560 31076.5 1070190
Js2s 0.358475 352560 31076.5 1070190
Jh2s 0.358475 352560 31076.5 1070190
Ks3c 0.358135 350158 33114 1070190
Kh3c 0.358135 350158 33114 1070190
Kd2c 0.355487 347225 33213.5 1070190
Ks2c 0.354947 346747 33114 1070190
Kh2c 0.354947 346747 33114 1070190
Kh5d 0.336923 326790 33782 1070190
Ks5d 0.336923 326790 33782 1070190
Kd5h 0.336886 326681 33851 1070190
Kd5s 0.336886 326681 33851 1070190
Ks5h 0.336344 326200 33752.5 1070190
Ks5s 0.336344 326200 33752.5 1070190
Kh5h 0.336344 326200 33752.5 1070190
Kh5s 0.336344 326200 33752.5 1070190
Kh4d 0.334991 324543 33961 1070190
Ks4d 0.334991 324543 33961 1070190
Kd4h 0.334952 324431 34031 1070190
Kd4s 0.334952 324431 34031 1070190
Kh4s 0.334412 323953 33931.5 1070190
Ks4h 0.334412 323953 33931.5 1070190
Ks4s 0.334412 323953 33931.5 1070190
Kh4h 0.334412 323953 33931.5 1070190
Qc5d 0.334279 329490 28252 1070190
Qc5s 0.333728 328926 28226 1070190
Qc5h 0.333728 328926 28226 1070190
Ks3d 0.333393 322833 33961 1070190
Kh3d 0.333393 322833 33961 1070190
Kd3h 0.333354 322721 34031 1070190
Kd3s 0.333354 322721 34031 1070190
Ks3s 0.332814 322243 33931.5 1070190
Kh3h 0.332814 322243 33931.5 1070190
Kh3s 0.332814 322243 33931.5 1070190
Ks3h 0.332814 322243 33931.5 1070190
Qc4d 0.332431 327333 28431 1070190
Qc4s 0.331879 326769 28405 1070190
Qc4h 0.331879 326769 28405 1070190
Kh2d 0.331448 320751 33961 1070190
Ks2d 0.331448 320751 33961 1070190
Kd2s 0.331403 320633 34031 1070190
Kd2h 0.331403 320633 34031 1070190
Qc3d 0.330917 325713 28431 1070190
Ks2s 0.330863 320155 33931.5 1070190
Ks2h 0.330863 320155 33931.5 1070190
Kh2h 0.330863 320155 33931.5 1070190
Kh2s 0.330863 320155 33931.5 1070190
Qc3h 0.330366 325149 28405 1070190
Qc3s 0.330366 325149 28405 1070190
Qd5d 0.330026 326388 26803 1070190
Qc2d 0.329064 323730 28431 1070190
Qc2s 0.328507 323160 28405 1070190
Qc2h 0.328507 323160 28405 1070190
Qd4d 0.328109 324168 26971 1070190
Qd3d 0.326511 322458 26971 1070190
Qd5c 0.326245 321459 27685 1070190
Qs5c 0.325704 320978 27587 1070190
Qh5c 0.325704 320978 27587 1070190
Qd2d 0.324616 320430 26971 1070190
Qd4c 0.322958 317767 27859 1070190
Qh4c 0.322418 317289 27760 1070190
Qs4c 0.322418 317289 27760 1070190
Qd3c 0.320022 314625 27859 1070190
Qh3c 0.319483 314147 27760 1070190
Qs3c 0.319483 314147 27760 1070190
Qd2c 0.316834 311214 27859 1070190
Qs2c 0.316295 310736 27760 1070190
Qh2c 0.316295 310736 27760 1070190
Qs5d 0.297727 290411 28213 1070190
Qh5d 0.297727 290411 28213 1070190
Qd5s 0.297716 290328 28285 1070190
Qd5h 0.297716 290328 28285 1070190
Qs5h 0.297175 289847 28187 1070190
Qs5s 0.297175 289847 28187 1070190
Qh5s 0.297175 289847 28187 1070190
Qh5h 0.297175 289847 28187 1070190
Qs4d 0.295794 288164 28392 1070190
Qh4d 0.295794 288164 28392 1070190
Qd4h 0.295782 288078 28465 1070190
Qd4s 0.295782 288078 28465 1070190
Qs4s 0.295243 287600 28366 1070190
Qs4h 0.295243 287600 28366 1070190
Qh4s 0.295243 287600 28366 1070190
Qh4h 0.295243 287600 28366 1070190
Qh3d 0.294196 286454 28392 1070190
Qs3d 0.294196 286454 28392 1070190
Qd3s 0.294184 286368 28465 1070190
Qd3h 0.294184 286368 28465 1070190
Qh3s 0.293645 285890 28366 1070190
Qh3h 0.293645 285890 28366 1070190
Qs3s 0.293645 285890 28366 1070190
Qs3h 0.293645 285890 28366 1070190
Qs2d 0.292251 284372 28392 1070190
Qh2d 0.292251 284372 28392 1070190
Qd2h 0.292233 284280 28465 1070190
Qd2s 0.292233 284280 28465 1070190
Qs2h 0.291694 283802 28366 1070190
Qs2s 0.291694 283802 28366 1070190
Qh2s 0.291694 283802 28366 1070190
Qh2h 0.291694 283802 28366 1070190
6d5d 0.287272 260868 46567.5 1070190
6d4d 0.285454 258839 46651.5 1070190
6c5d 0.284862 256310 48546.5 1070190
6d5c 0.284619 256636 47960.5 1070190
6c5h 0.284379 255852 48488 1070190
6c5s 0.284379 255852 48488 1070190
6s5c 0.284235 256341 47844 1070190
6h5c 0.284235 256341 47844 1070190
6d3d 0.283921 257198 46651.5 1070190
6c4d 0.283159 254398 48636 1070190
6c4h 0.282676 253940 48577.5 1070190
6c4s 0.282676 253940 48577.5 1070190
6c3d 0.281707 252844 48636 1070190
6d4c 0.28148 253190 48047.5 1070190
6c3h 0.281224 252386 48577.5 1070190
6c3s 0.281224 252386 48577.5 1070190
6s4c 0.281097 252897 47930.5 1070190
6h4c 0.281097 252897 47930.5 1070190
6d3c 0.278612 250120 48047.5 1070190
6h3c 0.278229 249827 47930.5 1070190
6s3c 0.278229 249827 47930.5 1070190
6d2d 0.269781 242149 46567.5 1070190
6c2d 0.267319 237536 48546.5 1070190
6c2s 0.266839 237080 48488 1070190
6c2h 0.266839 237080 48488 1070190
6d2c 0.262884 233375 47960.5 1070190
6h2c 0.262506 233087 47844 1070190
6s2c 0.262506 233087 47844 1070190
6h5d 0.255764 224986 48730.5 1070190
6s5d 0.255764 224986 48730.5 1070190
6d5s 0.255666 224823 48788.5 1070190
6d5h 0.255666 224823 48788.5 1070190
6s5h 0.255282 224528 48672 1070190
6s5s 0.255282 224528 48672 1070190
6h5s 0.255282 224528 48672 1070190
6h5h 0.255282 224528 48672 1070190
6h4d 0.25398 222987 48820 1070190
6s4d 0.25398 222987 48820 1070190
6d4s 0.253881 222822 48878.5 1070190
6d4h 0.253881 222822 48878.5 1070190
6h4s 0.253498 222529 48761.5 1070190
6s4h 0.253498 222529 48761.5 1070190
6s4s 0.253498 222529 48761.5 1070190
6h4h 0.253498 222529 48761.5 1070190
6h3d 0.252447 221346 48820 1070190
6s3d 0.252447 221346 48820 1070190
6d3h 0.252347 221181 48878.5 1070190
6d3s 0.252347 221181 48878.5 1070190
6s3h 0.251964 220888 48761.5 1070190
6h3s 0.251964 220888 48761.5 1070190
6s3s 0.251964 220888 48761.5 1070190
6h3h 0.251964 220888 48761.5 1070190
6s2d 0.237456 205393 48730.5 1070190
6h2d 0.237456 205393 48730.5 1070190
6d2h 0.237354 205225 48788.5 1070190
6d2s 0.237354 205225 48788.5 1070190
6s2h 0.236976 204937 48672 1070190
6s2s 0.236976 204937 48672 1070190
6h2s 0.236976 204937 48672 1070190
6h2h 0.236976 204937 48672 1070190
5d4d 0.194721 164057 44332 1070190
5d3d 0.193124 162347 44332 1070190
5c4d 0.189246 156475 46054 1070190
4d3d 0.188964 157979 44248 1070190
5c4h 0.188831 156096 45989 1070190
5c4s 0.188831 156096 45989 1070190
5d4c 0.187958 155133 46017.5 1070190
5c3d 0.187732 154855 46054 1070190
5s4c 0.18755 154769 45945 1070190
5h4c 0.18755 154769 45945 1070190
5c3h 0.187317 154476 45989 1070190
5c3s 0.187317 154476 45989 1070190
5d3c 0.185022 151991 46017.5 1070190
5h3c 0.184614 151627 45945 1070190
5s3c 0.184614 151627 45945 1070190
4c3d 0.182118 148953 45947.5 1070190
4c3h 0.181714 148589 45879 1070190
4c3s 0.181714 148589 45879 1070190
4d3c 0.180822 147566 45947.5 1070190
5d2d 0.180818 149262 44248 1070190
4s3c 0.180417 147202 45879 1070190
4h3c 0.180417 147202 45879 1070190
4d2d 0.176658 144726 44332 1070190
5c2d 0.175228 141563 45964.5 1070190
3d2d 0.175061 143016 44332 1070190
5c2h 0.174814 141185 45899.5 1070190
5c2s 0.174814 141185 45899.5 1070190
5d2c 0.171177 137261 45930.5 1070190
5s2c 0.170774 136902 45858.5 1070190
5h2c 0.170774 136902 45858.5 1070190
4c2d 0.169616 135487 46034.5 1070190
4c2s 0.169213 135125 45965.5 1070190
4c2h 0.169213 135125 45965.5 1070190
4d2c 0.166974 132657 46037 1070190
3c2d 0.16668 132345 46034.5 1070190
4h2c 0.166575 132298 45968.5 1070190
4s2c 0.166575 132298 45968.5 1070190
3c2s 0.166277 131983 45965.5 1070190
3c2h 0.166277 131983 45965.5 1070190
3d2c 0.16546 131037 46037 1070190
3s2c 0.165061 130678 45968.5 1070190
3h2c 0.165061 130678 45968.5 1070190
5h4d 0.157773 122139 46708.5 1070190
5s4d 0.157773 122139 46708.5 1070190
5d4h 0.157766 122124 46716 1070190
5d4s 0.157766 122124 46716 1070190
5h4s 0.157359 121760 46643.5 1070190
5h4h 0.157359 121760 46643.5 1070190
5s4s 0.157359 121760 46643.5 1070190
5s4h 0.157359 121760 46643.5 1070190
5h3d 0.156176 120429 46708.5 1070190
5s3d 0.156176 120429 46708.5 1070190
5d3h 0.156169 120414 46716 1070190
5d3s 0.156169 120414 46716 1070190
5s3s 0.155761 120050 46643.5 1070190
5h3s 0.155761 120050 46643.5 1070190
5h3h 0.155761 120050 46643.5 1070190
5s3h 0.155761 120050 46643.5 1070190
4s3d 0.151872 115909 46622.5 1070190
4d3h 0.151872 115909 46622.5 1070190
4d3s 0.151872 115909 46622.5 1070190
4h3d 0.151872 115909 46622.5 1070190
4s3s 0.151467 115545 46554 1070190
4s3h 0.151467 115545 46554 1070190
4h3h 0.151467 115545 46554 1070190
4h3s 0.151467 115545 46554 1070190
5h2d 0.143147 106576 46619 1070190
5s2d 0.143147 106576 46619 1070190
5d2s 0.143136 106557 46626 1070190
5d2h 0.143136 106557 46626 1070190
5h2h 0.142734 106198 46554 1070190
5s2s 0.142734 106198 46554 1070190
5s2h 0.142734 106198 46554 1070190
5h2s 0.142734 106198 46554 1070190
4s2d 0.138843 101876 46712.5 1070190
4h2d 0.138843 101876 46712.5 1070190
4d2s 0.13884 101873 46712 1070190
4d2h 0.13884 101873 46712 1070190
4s2s 0.13844 101514 46643.5 1070190
4s2h 0.13844 101514 46643.5 1070190
4h2s 0.13844 101514 46643.5 1070190
4h2h 0.13844 101514 46643.5 1070190
3h2d 0.137245 100166 46712.5 1070190
3s2d 0.137245 100166 46712.5 1070190
3d2h 0.137242 100163 46712 1070190
3d2s 0.137242 100163 46712 1070190
3h2h 0.136843 99804 46643.5 1070190
3h2s 0.136843 99804 46643.5 1070190
3s2s 0.136843 99804 46643.5 1070190
3s2h 0.136843 99804 46643.5 1070190
