KdKc 0.955 1022031 0 1070190
KsKd 0.95463 1021635 0 1070190
KsKc 0.954624 1021629 0 1070190
JhJc 0.949532 1016115 64.5 1070190
JsJh 0.949159 1015716 64.5 1070190
JsJc 0.949156 1015713 64.5 1070190
7h7d 0.942208 1008222 120 1070190
7s7d 0.941838 1007826 120 1070190
7s7h 0.941836 1007823 120 1070190
KcJc 0.923975 986313 2516 1070190
KdJh 0.920108 982107 2583.5 1070190
KdJc 0.92 981969 2606 1070190
KcJh 0.919997 981966 2606 1070190
KdJs 0.919648 981615 2583.5 1070190
KsJh 0.919648 981615 2583.5 1070190
KsJc 0.91954 981477 2606 1070190
KcJs 0.919538 981474 2606 1070190
KsJs 0.919189 981123 2583.5 1070190
Kd7d 0.909978 967809 6040.5 1070190
Kd7h 0.905574 963006 6130.5 1070190
Kc7h 0.905573 963000 6135.5 1070190
Kc7d 0.905471 962868 6158 1070190
Ks7h 0.90522 962649 6108 1070190
Kd7s 0.90512 962520 6130.5 1070190
Kc7s 0.905119 962514 6135.5 1070190
Ks7d 0.905117 962517 6130.5 1070190
Ks7s 0.904766 962163 6108 1070190
Jh7h 0.884412 940273 6216 1070190
AdKd 0.879306 936827 4197.5 1070190
AcKc 0.87922 936735 4197.5 1070190
Jc7d 0.879126 934521 6311 1070190
Jh7d 0.879124 934524 6306 1070190
Jc7h 0.87906 934428 6333.5 1070190
Js7d 0.87877 934167 6283.5 1070190
Jc7s 0.878711 934077 6311 1070190
Jh7s 0.878709 934080 6306 1070190
Js7h 0.878704 934074 6306 1070190
Js7s 0.878355 933723 6283.5 1070190
AhKd 0.872766 929631 4394.5 1070190
AhKc 0.872765 929630 4394.5 1070190
AdKc 0.872696 929534 4416.5 1070190
AcKd 0.872696 929534 4416.5 1070190
AhKs 0.871992 928825 4372 1070190
AdKs 0.871923 928729 4394 1070190
AcKs 0.871922 928728 4394 1070190
AsKd 0.871893 928701 4390 1070190
AsKc 0.871892 928700 4390 1070190
AsKs 0.871119 927895 4367.5 1070190
AhAd 0.865545 925119 1178.5 1070190
AdAc 0.865544 925118 1178.5 1070190
AhAc 0.865544 925118 1178.5 1070190
KdQd 0.865009 919934 5790.5 1070190
KcQc 0.864913 919834 5787.5 1070190
AsAd 0.864753 924276 1174 1070190
AsAh 0.864753 924276 1174 1070190
AsAc 0.864752 924275 1174 1070190
KdQh 0.858166 912325 6075.5 1070190
KcQh 0.858164 912323 6075.5 1070190
KdQc 0.858097 912230 6097 1070190
KcQd 0.858097 912230 6097 1070190
KdTd 0.858082 907054 11256.5 1070190
KcTc 0.857836 906631 11416 1070190
KsQh 0.857424 911558 6049 1070190
KsQd 0.857358 911465 6070.5 1070190
KsQc 0.857356 911463 6070.5 1070190
KdQs 0.857328 911437 6067 1070190
KcQs 0.857326 911435 6067 1070190
KsQs 0.856587 910670 6040.5 1070190
KcTh 0.851247 899205 11791 1070190
KdTh 0.851243 899183 11808.5 1070190
KcTd 0.851182 899114 11812 1070190
KdTc 0.851162 899072 11833 1070190
KsTh 0.850553 898496 11757.5 1070190
KsTd 0.850488 898405 11778.5 1070190
KsTc 0.850472 898385 11782 1070190
KcTs 0.85045 898365 11778.5 1070190
KdTs 0.850446 898343 11796 1070190
KsTs 0.849757 897656 11745 1070190
Kd9d 0.847071 895053 11474 1070190
Kc9c 0.846895 894733 11606 1070190
Kd9h 0.839371 886274 12012 1070190
Kc9h 0.839367 886285 11997 1070190
Kc9d 0.839299 886191 12018.5 1070190
Kd9c 0.839288 886161 12036.5 1070190
Ks9h 0.838715 885629 11955 1070190
Ks9d 0.838647 885535 11976.5 1070190
Ks9c 0.838632 885516 11979.5 1070190
Kd9s 0.838539 885392 12004 1070190
Kc9s 0.838535 885403 11989 1070190
Ks9s 0.837883 884747 11947 1070190
Kd8d 0.837863 884777 11895.5 1070190
Kc8c 0.837755 884553 12003.5 1070190
Kd8h 0.829446 875227 12437.5 1070190
Kc8h 0.829435 875229 12424.5 1070190
Kc8d 0.829365 875132 12446.5 1070190
Kd8c 0.829361 875112 12462 1070190
Ks8h 0.828823 874625 12373 1070190
Ks8d 0.828753 874528 12395 1070190
Ks8c 0.828738 874510 12397.5 1070190
Kd8s 0.828584 874309 12433.5 1070190
Kc8s 0.828574 874311 12420.5 1070190
Ks8s 0.827961 873707 12369 1070190
Kc6c 0.823353 863577 17567 1070190
Kd6d 0.823333 863571 17552 1070190
Kc5c 0.822613 862428 17924 1070190
Kd5d 0.822599 862428 17909 1070190
Kc4c 0.822015 861669 18043 1070190
Kd4d 0.822006 861675 18028 1070190
Kc3c 0.821639 861267 18043 1070190
Kd3d 0.821636 861279 18028 1070190
Kd2d 0.821266 860883 18028 1070190
Kc2c 0.821264 860865 18043 1070190
Kd6h 0.813975 852753 18355 1070190
Kc6h 0.813967 852753 18346 1070190
Kd6c 0.813889 852636 18379.5 1070190
Kc6d 0.813882 852636 18372 1070190
Ks6h 0.813426 852273 18247 1070190
Ks6d 0.813341 852156 18273 1070190
Ks6c 0.813339 852156 18271.5 1070190
Kd5h 0.813196 851538 18736 1070190
Kc5h 0.813187 851538 18727 1070190
Kd5c 0.813109 851421 18760.5 1070190
Kc5d 0.813102 851421 18753 1070190
Kd6s 0.813084 851799 18355 1070190
Kc6s 0.813075 851799 18346 1070190
Ks5h 0.812652 851067 18625 1070190
Ks5d 0.812567 850950 18651 1070190
Ks5c 0.812566 850950 18649.5 1070190
Kd4h 0.812538 850707 18863 1070190
Ks6s 0.812534 851319 18247 1070190
Kc4h 0.81253 850707 18854 1070190
Kd4c 0.812452 850590 18887.5 1070190
Kc4d 0.812445 850590 18880 1070190
Kd5s 0.812304 850584 18736 1070190
Kc5s 0.812296 850584 18727 1070190
Kd3h 0.812117 850257 18863 1070190
Kc3h 0.812109 850257 18854 1070190
Kd3c 0.812031 850140 18887.5 1070190
Kc3d 0.812024 850140 18880 1070190
Ks4h 0.811996 850239 18751 1070190
Ks4d 0.811911 850122 18777 1070190
Ks4c 0.81191 850122 18775.5 1070190
Ks5s 0.811761 850113 18625 1070190
Kd2h 0.811697 849807 18863 1070190
Kc2h 0.811689 849807 18854 1070190
Kd4s 0.811641 849747 18863 1070190
Kc4s 0.811633 849747 18854 1070190
Kd2c 0.811611 849690 18887.5 1070190
Kc2d 0.811604 849690 18880 1070190
Ks3h 0.811576 849789 18751 1070190
Ks3d 0.81149 849672 18777 1070190
Ks3c 0.811489 849672 18775.5 1070190
Kd3s 0.811215 849291 18863 1070190
Kc3s 0.811206 849291 18854 1070190
Ks2h 0.811155 849339 18751 1070190
Ks4s 0.811099 849279 18751 1070190
Ks2d 0.81107 849222 18777 1070190
Ks2c 0.811069 849222 18775.5 1070190
Kd2s 0.810789 848835 18863 1070190
Kc2s 0.81078 848835 18854 1070190
Ks3s 0.810673 848823 18751 1070190
Ks2s 0.810247 848367 18751 1070190
AhJh 0.801885 853670 4499 1070190
AcJc 0.800587 852281 4499 1070190
QhJh 0.793937 839206 10457 1070190
QcJc 0.792224 837165 10665 1070190
AdJh 0.790458 841244 4696 1070190
AdJc 0.790457 841243 4696 1070190
AhJc 0.790429 841191 4718 1070190
AcJh 0.790396 841156 4718 1070190
AdJs 0.789684 840438 4673.5 1070190
AhJs 0.789656 840386 4695.5 1070190
AsJh 0.789626 840358 4691.5 1070190
AsJc 0.789625 840357 4691.5 1070190
AcJs 0.789622 840350 4695.5 1070190
AsJs 0.788852 839552 4669 1070190
QdJc 0.782821 826814 10953 1070190
QhJc 0.782811 826782 10974.5 1070190
QdJh 0.782805 826769 10981 1070190
QcJh 0.782753 826692 11002.5 1070190
QdJs 0.78209 826058 10926.5 1070190
QhJs 0.78208 826026 10948 1070190
QsJc 0.78204 825987 10944.5 1070190
QcJs 0.782038 825981 10948 1070190
QsJh 0.782024 825942 10972.5 1070190
JhTh 0.781448 824575 11723 1070190
QsJs 0.781309 825231 10918 1070190
JcTc 0.779872 822704 11907 1070190
QhQd 0.779541 832458 1798.5 1070190
QhQc 0.779539 832456 1798.5 1070190
QdQc 0.779499 832413 1798.5 1070190
QsQh 0.778822 831697 1790 1070190
QsQd 0.778781 831654 1790 1070190
QsQc 0.778779 831652 1790 1070190
JcTd 0.770157 811932 12282 1070190
JhTd 0.770155 811909 12303 1070190
JcTh 0.770147 811901 12303 1070190
JhTc 0.7701 811826 12327.5 1070190
JsTd 0.769462 811222 12248.5 1070190
JsTh 0.769453 811191 12269.5 1070190
JcTs 0.769416 811152 12269.5 1070190
JhTs 0.769414 811129 12290.5 1070190
JsTc 0.769407 811139 12273 1070190
JsTs 0.768721 810442 12236 1070190
Jh9h 0.76843 810426 11940.5 1070190
Jc9c 0.766918 808651 12097 1070190
Jh8h 0.757634 798450 12362 1070190
Jc8c 0.756184 796766 12494.5 1070190
Jh9d 0.75614 796707 12506.5 1070190
Jc9d 0.756134 796719 12488 1070190
Jc9h 0.756123 796686 12509.5 1070190
Jh9c 0.756083 796622 12531 1070190
Js9d 0.755481 796062 12446 1070190
Js9h 0.75547 796029 12467.5 1070190
Js9c 0.755424 795977 12470.5 1070190
Jh9s 0.755365 795886 12498.5 1070190
Jc9s 0.755359 795898 12480 1070190
Js9s 0.754706 795241 12438 1070190
Jh8d 0.744519 783845 12932 1070190
Jc8d 0.744507 783848 12915.5 1070190
Jc8h 0.744494 783813 12937.5 1070190
Jh8c 0.744461 783758 12956.5 1070190
Js8d 0.743893 783243 12864 1070190
Js8h 0.743881 783208 12886 1070190
Js8c 0.743835 783156 12888.5 1070190
Jh8s 0.743716 782989 12928 1070190
Jc8s 0.743703 782992 12911.5 1070190
Js8s 0.74309 782387 12860 1070190
Jh6h 0.742527 776590 18054.5 1070190
Jh5h 0.741792 775447 18411.5 1070190
Jh4h 0.7412 774694 18530.5 1070190
Jc6c 0.741177 775107 18093.5 1070190
Jh3h 0.74083 774298 18530.5 1070190
Jh2h 0.74046 773902 18530.5 1070190
Jc5c 0.740437 773958 18450.5 1070190
Jc4c 0.739839 773199 18569.5 1070190
Jc3c 0.739464 772797 18569.5 1070190
Jc2c 0.739088 772395 18569.5 1070190
Jh6d 0.728417 760659 18885.5 1070190
Jc6d 0.728405 760659 18872.5 1070190
Jc6h 0.728379 760605 18899 1070190
Jh6c 0.728356 760569 18910 1070190
Js6d 0.727864 760179 18773.5 1070190
Js6h 0.727838 760125 18800 1070190
Js6c 0.727803 760089 18798 1070190
Jh5d 0.727638 759444 19266.5 1070190
Jc5d 0.727625 759444 19253.5 1070190
Jc5h 0.7276 759390 19280 1070190
Jh6s 0.727584 759768 18885.5 1070190
Jh5c 0.727576 759354 19291 1070190
Jc6s 0.727572 759768 18872.5 1070190
Js5d 0.72709 758973 19151.5 1070190
Js5h 0.727064 758919 19178 1070190
Js6s 0.727031 759288 18773.5 1070190
Js5c 0.727029 758883 19176 1070190
Jh4d 0.72698 758613 19393.5 1070190
Jc4d 0.726968 758613 19380.5 1070190
Jc4h 0.726942 758559 19407 1070190
Jh4c 0.726919 758523 19418 1070190
Jh5s 0.726805 758553 19266.5 1070190
Jc5s 0.726793 758553 19253.5 1070190
Jh3d 0.726559 758163 19393.5 1070190
Jc3d 0.726547 758163 19380.5 1070190
Jc3h 0.726521 758109 19407 1070190
Jh3c 0.726498 758073 19418 1070190
Js4d 0.726434 758145 19277.5 1070190
Js4h 0.726408 758091 19304 1070190
Js4c 0.726373 758055 19302 1070190
Js5s 0.726257 758082 19151.5 1070190
Jh4s 0.726142 757716 19393.5 1070190
Jh2d 0.726139 757713 19393.5 1070190
Jc4s 0.726129 757716 19380.5 1070190
Jc2d 0.726127 757713 19380.5 1070190
Jc2h 0.726101 757659 19407 1070190
Jh2c 0.726078 757623 19418 1070190
Js3d 0.726014 757695 19277.5 1070190
Js3h 0.725988 757641 19304 1070190
Js3c 0.725952 757605 19302 1070190
Jh3s 0.725716 757260 19393.5 1070190
Jc3s 0.725703 757260 19380.5 1070190
Js4s 0.725596 757248 19277.5 1070190
Js2d 0.725593 757245 19277.5 1070190
Js2h 0.725567 757191 19304 1070190
Js2c 0.725532 757155 19302 1070190
Jh2s 0.725289 756804 19393.5 1070190
Jc2s 0.725277 756804 19380.5 1070190
Js3s 0.72517 756792 19277.5 1070190
Js2s 0.724744 756336 19277.5 1070190
ThTd 0.69418 740211 2694 1070190
TdTc 0.694135 740159 2697.5 1070190
ThTc 0.694134 740158 2697.5 1070190
TsTd 0.6935 739495 2681.5 1070190
TsTh 0.693499 739494 2681.5 1070190
TsTc 0.693453 739442 2685 1070190
Ah7h 0.691565 734815 5291 1070190
Ad7d 0.691559 734809 5291 1070190
Qh7h 0.685041 722072 11051.5 1070190
Qd7d 0.684626 721417 11262.5 1070190
Td7d 0.676721 704490 19730.5 1070190
Th7h 0.676681 704471 19706 1070190
Ac7h 0.674606 716464 5492.5 1070190
Ac7d 0.674606 716464 5492.5 1070190
Ah7d 0.67459 716429 5510 1070190
Ad7h 0.67459 716429 5510 1070190
Ac7s 0.673833 715659 5470 1070190
As7d 0.673819 715631 5483.5 1070190
As7h 0.673819 715631 5483.5 1070190
Ad7s 0.673816 715624 5487.5 1070190
Ah7s 0.673816 715624 5487.5 1070190
As7s 0.673046 714826 5461 1070190
Qh7d 0.668558 703915 11569 1070190
Qc7d 0.668557 703931 11551.5 1070190
Qc7h 0.668539 703884 11579.5 1070190
Qd7h 0.668532 703859 11597 1070190
Qh7s 0.667827 703159 11542.5 1070190
Qc7s 0.667825 703175 11525 1070190
Qs7d 0.667821 703156 11539 1070190
Qd7s 0.667818 703150 11542.5 1070190
Qs7h 0.667803 703109 11567 1070190
Qs7s 0.667089 702400 11512.5 1070190
9h9d 0.664321 708975 1975 1070190
9d9c 0.664276 708923 1978 1070190
9h9c 0.664275 708922 1978 1070190
9s9d 0.663609 708221 1967 1070190
9s9h 0.663608 708220 1967 1070190
9s9c 0.663563 708168 1970 1070190
9d7d 0.663071 689004 20607.5 1070190
9h7h 0.66303 688985 20583 1070190
Td7h 0.660785 686546 20619 1070190
Th7d 0.660781 686546 20615.5 1070190
Tc7h 0.660781 686560 20601.5 1070190
Tc7d 0.660779 686561 20598 1070190
Td7s 0.660138 685948 20525.5 1070190
Th7s 0.660137 685947 20525.5 1070190
Tc7s 0.660135 685962 20508 1070190
Ts7h 0.660094 685840 20585.5 1070190
Ts7d 0.660091 685841 20582 1070190
Ts7s 0.659447 685242 20492 1070190
8d7d 0.651775 676366 21157 1070190
8h7h 0.651735 676348 21132.5 1070190
9d7h 0.646255 670057 21558.5 1070190
9c7h 0.646252 670072 21540 1070190
9h7d 0.646252 670057 21555 1070190
9c7d 0.646249 670073 21536.5 1070190
9d7s 0.645639 669507 21449.5 1070190
9h7s 0.645638 669506 21449.5 1070190
9c7s 0.645636 669522 21431 1070190
9s7h 0.645531 669312 21529 1070190
9s7d 0.645529 669313 21525.5 1070190
9s7s 0.644915 668762 21420 1070190
8h8d 0.634966 678215 1319.5 1070190
8d8c 0.63492 678163 1322 1070190
8h8c 0.634919 678162 1322 1070190
8d7h 0.634231 656599 22148.5 1070190
8s8d 0.634228 677429 1315.5 1070190
8h7d 0.634228 656599 22145 1070190
8c7h 0.634228 656615 22129 1070190
8s8h 0.634227 677428 1315.5 1070190
8c7d 0.634225 656616 22125.5 1070190
8s8c 0.634181 677376 1318 1070190
8d7s 0.633638 656086 22027.5 1070190
8h7s 0.633637 656085 22027.5 1070190
8c7s 0.633635 656102 22008 1070190
8s7h 0.63348 655821 22122.5 1070190
8s7d 0.633477 655822 22119 1070190
8s7s 0.632887 655308 22001.5 1070190
AhQh 0.630077 666465 7837 1070190
AdQd 0.630011 666395 7837 1070190
AcQc 0.629844 666220 7832.5 1070190
7d6d 0.627451 649713 21779 1070190
7h6h 0.627429 649713 21755 1070190
7d5d 0.626717 648570 22136 1070190
7h5h 0.626694 648570 22112 1070190
7d4d 0.626124 647817 22255 1070190
7h4h 0.626102 647817 22231 1070190
7d3d 0.625754 647421 22255 1070190
7h3h 0.625732 647421 22231 1070190
7d2d 0.625384 647025 22255 1070190
7h2h 0.625362 647025 22231 1070190
QhTh 0.623386 651792 15349 1070190
QdTd 0.622937 651101 15560 1070190
QcTc 0.622507 650447 15753.5 1070190
AhTh 0.614522 644278 13377 1070190
AdTd 0.614522 644278 13377 1070190
AcTc 0.614089 643588 13603.5 1070190
AdQh 0.610839 645595 8119 1070190
AcQh 0.610839 645595 8119 1070190
AhQd 0.610787 645539 8119 1070190
AhQc 0.610787 645539 8119 1070190
AcQd 0.610779 645531 8119 1070190
AdQc 0.610779 645531 8119 1070190
AhQs 0.610058 644790 8087.5 1070190
AdQs 0.61005 644782 8087.5 1070190
AcQs 0.61005 644782 8087.5 1070190
AsQh 0.610042 644777 8083.5 1070190
AsQd 0.609982 644713 8083.5 1070190
AsQc 0.609982 644713 8083.5 1070190
AsQs 0.609253 643964 8052 1070190
7h6c 0.608407 628359 22752 1070190
7h6d 0.608404 628332 22776 1070190
7d6c 0.608403 628359 22748 1070190
7d6h 0.608401 628332 22772.5 1070190
7s6c 0.607835 627879 22619.5 1070190
7s6h 0.607832 627852 22644 1070190
7s6d 0.607832 627852 22643.5 1070190
7h6s 0.607631 627531 22750 1070190
7h5c 0.607628 627144 23133 1070190
7d6s 0.607628 627531 22746 1070190
7h5d 0.607625 627117 23157 1070190
7d5c 0.607624 627144 23129 1070190
7d5h 0.607622 627117 23153.5 1070190
7s5c 0.607061 626673 22997.5 1070190
7s6s 0.607059 627051 22617.5 1070190
7s5h 0.607059 626646 23022 1070190
7s5d 0.607058 626646 23021.5 1070190
7h4c 0.60697 626313 23260 1070190
7h4d 0.606967 626286 23284 1070190
7d4c 0.606966 626313 23256 1070190
7d4h 0.606964 626286 23280.5 1070190
7h5s 0.606852 626316 23131 1070190
7d5s 0.606848 626316 23127 1070190
7h3c 0.606549 625863 23260 1070190
7h3d 0.606547 625836 23284 1070190
7d3c 0.606546 625863 23256 1070190
7d3h 0.606543 625836 23280.5 1070190
7s4c 0.606405 625845 23123.5 1070190
7s4h 0.606403 625818 23148 1070190
7s4d 0.606402 625818 23147.5 1070190
7s5s 0.606285 625845 22995.5 1070190
7h4s 0.606189 625479 23258 1070190
7d4s 0.606185 625479 23254 1070190
7h2c 0.606129 625413 23260 1070190
7h2d 0.606126 625386 23284 1070190
7d2c 0.606125 625413 23256 1070190
7d2h 0.606123 625386 23280.5 1070190
7s3c 0.605984 625395 23123.5 1070190
7s3h 0.605982 625368 23148 1070190
7s3d 0.605982 625368 23147.5 1070190
7h3s 0.605763 625023 23258 1070190
7d3s 0.605759 625023 23254 1070190
7s4s 0.605624 625011 23121.5 1070190
QhTd 0.605565 632010 16060 1070190
7s2c 0.605564 624945 23123.5 1070190
7s2h 0.605562 624918 23148 1070190
7s2d 0.605561 624918 23147.5 1070190
QcTh 0.605526 631982 16045.5 1070190
QcTd 0.605521 631981 16042 1070190
QdTh 0.605515 631953 16063.5 1070190
QhTc 0.605513 631954 16060 1070190
QdTc 0.605459 631896 16060 1070190
7h2s 0.605336 624567 23258 1070190
7d2s 0.605333 624567 23254 1070190
7s3s 0.605198 624555 23121.5 1070190
QhTs 0.604876 631312 16020.5 1070190
QcTs 0.604832 631283 16002.5 1070190
QsTh 0.604827 631277 16002.5 1070190
QsTd 0.604823 631276 15999 1070190
QdTs 0.604822 631254 16020.5 1070190
7s2s 0.604772 624099 23121.5 1070190
QsTc 0.60477 631220 15999 1070190
QsTs 0.604133 630578 15959.5 1070190
AcTh 0.595305 623145 13944 1070190
AcTd 0.595305 623145 13944 1070190
AhTd 0.595292 623111 13965 1070190
AdTh 0.595292 623111 13965 1070190
AhTc 0.595234 623049 13965 1070190
AdTc 0.595234 623049 13965 1070190
AcTs 0.594612 622439 13909 1070190
AhTs 0.5946 622405 13930 1070190
AdTs 0.5946 622405 13930 1070190
AsTd 0.594546 622369 13908.5 1070190
AsTh 0.594546 622369 13908.5 1070190
AsTc 0.594488 622307 13908.5 1070190
AsTs 0.593854 621663 13873.5 1070190
Td9d 0.569596 588769 20807 1070190
Th9h 0.569489 588710 20751 1070190
Tc9c 0.568795 587474 21244.5 1070190
Th9d 0.550222 567164 21678.5 1070190
Td9h 0.550222 567164 21678.5 1070190
Tc9h 0.550175 567126 21666 1070190
Tc9d 0.550175 567126 21665.5 1070190
Th9c 0.550168 567112 21672.5 1070190
Td9c 0.550168 567112 21672 1070190
Ts9h 0.549588 566549 21614.5 1070190
Ts9d 0.549587 566549 21614 1070190
Th9s 0.549543 566481 21634 1070190
Td9s 0.549542 566481 21633.5 1070190
Ts9c 0.549533 566497 21608 1070190
Tc9s 0.549495 566443 21621 1070190
Ts9s 0.548908 565866 21569.5 1070190
Qh9h 0.538077 559346 16499 1070190
Qd9d 0.537622 558648 16710 1070190
Qc9c 0.537278 558086 16903.5 1070190
Ah9h 0.528632 550103 15634 1070190
Ad9d 0.528632 550103 15634 1070190
Ac9c 0.528317 549572 15827.5 1070190
6h6d 0.523408 554469 5676.5 1070190
6h6c 0.523406 554469 5675 1070190
6d6c 0.523406 554469 5674.5 1070190
6s6h 0.522689 553704 5673 1070190
6s6d 0.522689 553704 5672.5 1070190
6s6c 0.522688 553704 5671 1070190
Ah8h 0.518981 538407 17001.5 1070190
Ad8d 0.518981 538407 17001.5 1070190
Ac8c 0.518752 537996 17167.5 1070190
Qh9d 0.515669 534531 17333 1070190
Qc9h 0.515617 534490 17318.5 1070190
Qd9h 0.515614 534468 17336.5 1070190
Qc9d 0.515612 534488 17315 1070190
Qh9c 0.515609 534467 17333 1070190
Qd9c 0.515549 534402 17333 1070190
Qs9h 0.514984 533856 17274.5 1070190
Qh9s 0.514981 533825 17302.5 1070190
Qs9d 0.514979 533854 17271 1070190
Qc9s 0.514924 533782 17284.5 1070190
Qd9s 0.51492 533760 17302.5 1070190
Qs9c 0.514919 533790 17271 1070190
Qs9s 0.51429 533148 17240.5 1070190
Ac9d 0.504813 523883 16363 1070190
Ac9h 0.504813 523883 16363 1070190
Ad9h 0.50481 523862 16381 1070190
Ah9d 0.50481 523862 16381 1070190
Ad9c 0.504746 523793 16381 1070190
Ah9c 0.504746 523793 16381 1070190
5h5d 0.504744 534495 5676.5 1070190
5h5c 0.504742 534495 5675 1070190
5d5c 0.504742 534495 5674.5 1070190
Ac9s 0.504133 523181 16337 1070190
Ah9s 0.50413 523160 16355 1070190
Ad9s 0.50413 523160 16355 1070190
As9h 0.504113 523176 16320.5 1070190
As9d 0.504113 523176 16320.5 1070190
As9c 0.504048 523107 16320.5 1070190
5s5h 0.504025 533730 5673 1070190
5s5d 0.504025 533730 5672.5 1070190
5s5c 0.504024 533730 5671 1070190
As9s 0.503433 522474 16294.5 1070190
Ah8d 0.494542 511445 17808.5 1070190
Ad8h 0.494542 511445 17808.5 1070190
Ac8d 0.494537 511456 17793 1070190
Ac8h 0.494537 511456 17793 1070190
Ah8c 0.494475 511374 17808.5 1070190
Ad8c 0.494475 511374 17808.5 1070190
As8d 0.493872 510794 17743 1070190
As8h 0.493872 510794 17743 1070190
Ah8s 0.493836 510716 17782.5 1070190
Ad8s 0.493836 510716 17782.5 1070190
Ac8s 0.493832 510727 17767 1070190
As8c 0.493806 510723 17743 1070190
As8s 0.493167 510065 17717 1070190
Ah6h 0.486181 495460 24846.5 1070190
Ad6d 0.48617 495448 24846.5 1070190
Ac6c 0.486139 495337 24924.5 1070190
4h4d 0.485373 513765 5676.5 1070190
4h4c 0.485372 513765 5675 1070190
4d4c 0.485371 513765 5674.5 1070190
4s4h 0.484649 512994 5673 1070190
4s4d 0.484649 512994 5672.5 1070190
4s4c 0.484648 512994 5671 1070190
Ah5h 0.483518 492076 25380.5 1070190
Ad5d 0.483507 492064 25380.5 1070190
Ac5c 0.483471 491947 25458.5 1070190
Ah4h 0.481218 489436 25558.5 1070190
Ad4d 0.481207 489424 25558.5 1070190
Ac4c 0.481165 489301 25636.5 1070190
Td8d 0.481001 491045 23717.5 1070190
Th8h 0.480894 490986 23661.5 1070190
Tc8c 0.48014 489540 24300.5 1070190
Ah3h 0.47925 487330 25558.5 1070190
Ad3d 0.479239 487318 25558.5 1070190
Ac3c 0.479191 487189 25636.5 1070190
Ah2h 0.477282 485224 25558.5 1070190
Ad2d 0.477271 485212 25558.5 1070190
Ac2c 0.477218 485077 25636.5 1070190
3h3d 0.466003 493035 5676.5 1070190
3h3c 0.466001 493035 5675 1070190
3d3c 0.466001 493035 5674.5 1070190
3s3h 0.465273 492258 5673 1070190
3s3d 0.465273 492258 5672.5 1070190
3s3c 0.465272 492258 5671 1070190
Ah6c 0.460347 466579 26079.5 1070190
Ad6h 0.460347 466579 26079.5 1070190
Ah6d 0.460347 466579 26079.5 1070190
Ad6c 0.460347 466579 26079.5 1070190
Ac6d 0.46034 466579 26072 1070190
Ac6h 0.46034 466579 26072 1070190
As6d 0.459745 466040 25974 1070190
As6h 0.459745 466040 25974 1070190
As6c 0.459745 466040 25974 1070190
Ad6s 0.459684 465892 26057 1070190
Ah6s 0.459684 465892 26057 1070190
Ac6s 0.459677 465892 26049.5 1070190
As6s 0.459082 465353 25951.5 1070190
Ah5c 0.457616 463087 26649.5 1070190
Ah5d 0.457616 463087 26649.5 1070190
Ad5h 0.457616 463087 26649.5 1070190
Ad5c 0.457616 463087 26649.5 1070190
Ac5h 0.457609 463087 26642 1070190
Ac5d 0.457609 463087 26642 1070190
As5c 0.45702 462557 26541 1070190
As5d 0.45702 462557 26541 1070190
As5h 0.45702 462557 26541 1070190
Ah5s 0.456953 462400 26627 1070190
Ad5s 0.456953 462400 26627 1070190
Ac5s 0.456946 462400 26619.5 1070190
Td8h 0.456914 464141 24843.5 1070190
Th8d 0.456914 464141 24843.5 1070190
Tc8h 0.456855 464091 24831 1070190
Tc8d 0.456855 464091 24830.5 1070190
Th8c 0.456854 464086 24834.5 1070190
Td8c 0.456853 464086 24834 1070190
As5s 0.456357 461870 26518.5 1070190
Ts8h 0.456332 463583 24779 1070190
Ts8d 0.456332 463583 24778.5 1070190
Ts8c 0.456272 463528 24769.5 1070190
Th8s 0.456244 463464 24804 1070190
Td8s 0.456244 463464 24803.5 1070190
Tc8s 0.456185 463414 24791 1070190
Ts8s 0.455662 462906 24739 1070190
Ah4c 0.455243 460357 26839.5 1070190
Ah4d 0.455243 460357 26839.5 1070190
Ad4h 0.455243 460357 26839.5 1070190
Ad4c 0.455243 460357 26839.5 1070190
Ac4d 0.455236 460357 26832 1070190
Ac4h 0.455236 460357 26832 1070190
As4h 0.454648 459830 26730 1070190
As4d 0.454648 459830 26730 1070190
As4c 0.454648 459830 26730 1070190
Ad4s 0.454574 459664 26817 1070190
Ah4s 0.454574 459664 26817 1070190
Ac4s 0.454567 459664 26809.5 1070190
As4s 0.45398 459137 26707.5 1070190
Ah3c 0.453225 458197 26839.5 1070190
Ah3d 0.453225 458197 26839.5 1070190
Ad3h 0.453225 458197 26839.5 1070190
Ad3c 0.453225 458197 26839.5 1070190
Ac3h 0.453218 458197 26832 1070190
Ac3d 0.453218 458197 26832 1070190
As3c 0.45263 457670 26730 1070190
As3d 0.45263 457670 26730 1070190
As3h 0.45263 457670 26730 1070190
Ad3s 0.45255 457498 26817 1070190
Ah3s 0.45255 457498 26817 1070190
Ac3s 0.452543 457498 26809.5 1070190
As3s 0.451956 456971 26707.5 1070190
Ah2c 0.451206 456037 26839.5 1070190
Ah2d 0.451206 456037 26839.5 1070190
Ad2h 0.451206 456037 26839.5 1070190
Ad2c 0.451206 456037 26839.5 1070190
Ac2d 0.451199 456037 26832 1070190
Ac2h 0.451199 456037 26832 1070190
As2c 0.450612 455510 26730 1070190
As2d 0.450612 455510 26730 1070190
As2h 0.450612 455510 26730 1070190
Ah2s 0.450527 455332 26817 1070190
Ad2s 0.450527 455332 26817 1070190
Ac2s 0.45052 455332 26809.5 1070190
Qh8h 0.450207 463125 18682 1070190
As2s 0.449932 454805 26707.5 1070190
Qd8d 0.449747 462422 18893 1070190
Qc8c 0.449507 462004 19053.5 1070190
2h2d 0.446632 472305 5676.5 1070190
2h2c 0.446631 472305 5675 1070190
2d2c 0.446631 472305 5674.5 1070190
2s2h 0.445897 471522 5673 1070190
2s2d 0.445897 471522 5672.5 1070190
2s2c 0.445896 471522 5671 1070190
9d8d 0.440016 448400 22501 1070190
9h8h 0.43991 448342 22445 1070190
9c8c 0.439447 447224 23067.5 1070190
Qh6h 0.425786 428737 26935 1070190
Qd6d 0.42531 428018 27144.5 1070190
Qc6c 0.425274 427907 27217 1070190
Qh8d 0.423204 433233 19676 1070190
Qd8h 0.423145 433166 19679.5 1070190
Qc8h 0.423141 433177 19664.5 1070190
Qh8c 0.423138 433162 19676 1070190
Qc8d 0.423135 433174 19661 1070190
Qh5h 0.423123 425353 27469 1070190
Qd8c 0.423073 433092 19676 1070190
Qd5d 0.422647 424634 27678.5 1070190
Qc5c 0.422605 424517 27751 1070190
Qs8h 0.422566 432613 19612.5 1070190
Qs8d 0.42256 432610 19609 1070190
Qh8s 0.422537 432541 19653.5 1070190
Qs8c 0.422493 432539 19609 1070190
Qd8s 0.422471 432471 19653.5 1070190
Qc8s 0.422468 432482 19638.5 1070190
Qs8s 0.421892 431918 19586.5 1070190
Qh4h 0.420822 422713 27647 1070190
Qd4d 0.420346 421994 27856.5 1070190
Qc4c 0.420299 421871 27929 1070190
Qh3h 0.418855 420607 27647 1070190
Qd3d 0.418379 419888 27856.5 1070190
Qc3c 0.418326 419759 27929 1070190
Qh2h 0.416887 418501 27647 1070190
Qd2d 0.416411 417782 27856.5 1070190
Qc2c 0.416352 417647 27929 1070190
9d8h 0.41384 419326 23561 1070190
9h8d 0.41384 419326 23561 1070190
9c8h 0.413781 419274 23550 1070190
9c8d 0.41378 419274 23549.5 1070190
9h8c 0.413777 419268 23552 1070190
9d8c 0.413777 419268 23551.5 1070190
9s8h 0.41324 418744 23501 1070190
9s8d 0.413239 418744 23500.5 1070190
9h8s 0.413199 418680 23521.5 1070190
9d8s 0.413199 418680 23521 1070190
9s8c 0.413177 418686 23491.5 1070190
9c8s 0.41314 418628 23510 1070190
9s8s 0.412599 418098 23461 1070190
Qh6c 0.397905 397450 28383.5 1070190
Qh6d 0.397905 397450 28383.5 1070190
Qd6h 0.397845 397383 28387 1070190
Qd6c 0.397839 397380 28383.5 1070190
Qc6h 0.397839 397383 28380 1070190
Qc6d 0.397833 397380 28376.5 1070190
Qs6h 0.39733 396937 28282 1070190
Qs6d 0.397324 396934 28278.5 1070190
Qs6c 0.397324 396934 28278.5 1070190
Qh6s 0.397281 396805 28361 1070190
Qd6s 0.397215 396735 28361 1070190
Qc6s 0.397209 396735 28354 1070190
Qs6s 0.396701 396289 28256 1070190
Qh5d 0.395174 393958 28953.5 1070190
Qh5c 0.395174 393958 28953.5 1070190
Qd5h 0.395115 393891 28957 1070190
Qd5c 0.395109 393888 28953.5 1070190
Qc5h 0.395108 393891 28950 1070190
Qc5d 0.395102 393888 28946.5 1070190
Qs5h 0.394606 393454 28849 1070190
Qs5c 0.3946 393451 28845.5 1070190
Qs5d 0.3946 393451 28845.5 1070190
Qh5s 0.394551 393313 28931 1070190
Qd5s 0.394485 393243 28931 1070190
Qc5s 0.394479 393243 28924 1070190
Qs5s 0.393976 392806 28823 1070190
Qh4d 0.392801 391228 29143.5 1070190
Qh4c 0.392801 391228 29143.5 1070190
Qd4h 0.392741 391161 29147 1070190
Qd4c 0.392735 391158 29143.5 1070190
Qc4h 0.392735 391161 29140 1070190
Qc4d 0.392729 391158 29136.5 1070190
Qs4h 0.392234 390727 29038 1070190
Qs4d 0.392228 390724 29034.5 1070190
Qs4c 0.392228 390724 29034.5 1070190
Qh4s 0.392171 390577 29121 1070190
Qd4s 0.392106 390507 29121 1070190
Qc4s 0.3921 390507 29114 1070190
Qs4s 0.391599 390073 29012 1070190
Qh3d 0.390782 389068 29143.5 1070190
Qh3c 0.390782 389068 29143.5 1070190
Qd3h 0.390723 389001 29147 1070190
Qd3c 0.390717 388998 29143.5 1070190
Qc3h 0.390717 389001 29140 1070190
Qc3d 0.390711 388998 29136.5 1070190
Qs3h 0.390216 388567 29038 1070190
Qs3c 0.39021 388564 29034.5 1070190
Qs3d 0.39021 388564 29034.5 1070190
Qh3s 0.390148 388411 29121 1070190
Qd3s 0.390082 388341 29121 1070190
Qc3s 0.390076 388341 29114 1070190
Qs3s 0.389575 387907 29012 1070190
Qh2d 0.388764 386908 29143.5 1070190
Qh2c 0.388764 386908 29143.5 1070190
Qd2h 0.388705 386841 29147 1070190
Qd2c 0.388699 386838 29143.5 1070190
Qc2h 0.388698 386841 29140 1070190
Qc2d 0.388692 386838 29136.5 1070190
Qs2h 0.388197 386407 29038 1070190
Qs2d 0.388191 386404 29034.5 1070190
Qs2c 0.388191 386404 29034.5 1070190
Qh2s 0.388124 386245 29121 1070190
Qd2s 0.388058 386175 29121 1070190
Qc2s 0.388052 386175 29114 1070190
Qs2s 0.387551 385741 29012 1070190
Td6d 0.36964 363125 32459.5 1070190
Th6h 0.369587 363125 32403.5 1070190
Tc6c 0.368969 361919 32947.5 1070190
Td5d 0.366976 359741 32993.5 1070190
Th5h 0.366924 359741 32937.5 1070190
Tc5c 0.366285 358513 33481.5 1070190
Td4d 0.364732 357161 33171.5 1070190
Th4h 0.36468 357161 33115.5 1070190
Tc4c 0.364035 355927 33659.5 1070190
Td3d 0.362764 355055 33171.5 1070190
Th3h 0.362712 355055 33115.5 1070190
Tc3c 0.362061 353815 33659.5 1070190
Td2d 0.360796 352949 33171.5 1070190
Th2h 0.360744 352949 33115.5 1070190
Tc2c 0.360088 351703 33659.5 1070190
Th6d 0.340202 329953 34128 1070190
Th6c 0.340202 329962 34119 1070190
Td6h 0.340202 329953 34128 1070190
Td6c 0.340202 329962 34118.5 1070190
Tc6h 0.340136 329886 34124 1070190
Tc6d 0.340135 329886 34123.5 1070190
Ts6h 0.339713 329531 34026.5 1070190
Ts6d 0.339713 329531 34026 1070190
Ts6c 0.339713 329540 34017 1070190
Th6s 0.339616 329357 34096.5 1070190
Td6s 0.339615 329357 34096 1070190
Tc6s 0.339549 329290 34092 1070190
Ts6s 0.339126 328935 33994.5 1070190
Th5c 0.337472 326470 34689 1070190
Td5h 0.337472 326461 34698 1070190
Th5d 0.337472 326461 34698 1070190
Td5c 0.337471 326470 34688.5 1070190
Tc5h 0.337406 326394 34694 1070190
Tc5d 0.337405 326394 34693.5 1070190
Ts5h 0.336988 326048 34593.5 1070190
Ts5d 0.336988 326048 34593 1070190
Ts5c 0.336988 326057 34584 1070190
Th5s 0.336886 325865 34666.5 1070190
Td5s 0.336885 325865 34666 1070190
Tc5s 0.336819 325798 34662 1070190
Ts5s 0.336401 325452 34561.5 1070190
Td4h 0.335157 323794 34888 1070190
Th4c 0.335157 323803 34879 1070190
Th4d 0.335157 323794 34888 1070190
Td4c 0.335157 323803 34878.5 1070190
Tc4h 0.335091 323727 34884 1070190
Tc4d 0.33509 323727 34883.5 1070190
Ts4h 0.334676 323384 34782.5 1070190
Ts4d 0.334675 323384 34782 1070190
Ts4c 0.334675 323393 34773 1070190
Th4s 0.334566 323193 34856.5 1070190
Td4s 0.334566 323193 34856 1070190
Tc4s 0.334499 323126 34852 1070190
Ts4s 0.334084 322783 34750.5 1070190
Th3d 0.333139 321634 34888 1070190
Td3h 0.333139 321634 34888 1070190
Th3c 0.333139 321643 34879 1070190
Td3c 0.333139 321643 34878.5 1070190
Tc3h 0.333073 321567 34884 1070190
Tc3d 0.333072 321567 34883.5 1070190
Ts3h 0.332657 321224 34782.5 1070190
Ts3d 0.332657 321224 34782 1070190
Ts3c 0.332657 321233 34773 1070190
Th3s 0.332542 321027 34856.5 1070190
Td3s 0.332542 321027 34856 1070190
Tc3s 0.332476 320960 34852 1070190
Ts3s 0.33206 320617 34750.5 1070190
Td2h 0.331121 319474 34888 1070190
Th2c 0.331121 319483 34879 1070190
Th2d 0.331121 319474 34888 1070190
Td2c 0.33112 319483 34878.5 1070190
Tc2h 0.331054 319407 34884 1070190
Tc2d 0.331054 319407 34883.5 1070190
Ts2h 0.330639 319064 34782.5 1070190
Ts2d 0.330638 319064 34782 1070190
Ts2c 0.330638 319073 34773 1070190
9d6d 0.330584 321268 32520 1070190
9h6h 0.330532 321268 32464 1070190
Th2s 0.330518 318861 34856.5 1070190
Td2s 0.330518 318861 34856 1070190
Tc2s 0.330452 318794 34852 1070190
9c6c 0.330113 320184 33099.5 1070190
Ts2s 0.330036 318451 34750.5 1070190
9d5d 0.327921 317884 33054 1070190
9h5h 0.327869 317884 32998 1070190
9c5c 0.327429 316778 33633.5 1070190
9d4d 0.313636 302329 33321 1070190
9h4h 0.313584 302329 33265 1070190
9c4c 0.313121 301198 33900.5 1070190
9d3d 0.311668 300223 33321 1070190
9h3h 0.311616 300223 33265 1070190
9c3c 0.311147 299086 33900.5 1070190
9d2d 0.3097 298117 33321 1070190
9h2h 0.309648 298117 33265 1070190
9c2c 0.309174 296974 33900.5 1070190
8d6d 0.300536 289482 32148.5 1070190
8h6h 0.300484 289482 32092.5 1070190
8c6c 0.300327 288619 32787.5 1070190
9h6d 0.299192 285977 34215.5 1070190
9d6h 0.299192 285977 34215.5 1070190
9h6c 0.299192 285988 34204 1070190
9d6c 0.299191 285988 34203.5 1070190
9c6h 0.299125 285908 34212.5 1070190
9c6d 0.299124 285908 34212 1070190
9s6h 0.298684 285529 34119.5 1070190
9s6d 0.298683 285529 34119 1070190
9s6c 0.298683 285540 34107.5 1070190
9h6s 0.298634 285414 34181.5 1070190
9d6s 0.298634 285414 34181 1070190
9c6s 0.298567 285345 34178 1070190
9s6s 0.298126 284966 34085 1070190
8d5d 0.298039 286454 32504.5 1070190
8h5h 0.297987 286454 32448.5 1070190
8c5c 0.297809 285569 33143.5 1070190
9d5h 0.296462 282485 34785.5 1070190
9h5d 0.296462 282485 34785.5 1070190
9h5c 0.296461 282496 34774 1070190
9d5c 0.296461 282496 34773.5 1070190
9c5h 0.296395 282416 34782.5 1070190
9c5d 0.296394 282416 34782 1070190
9s5h 0.295959 282046 34686.5 1070190
9s5d 0.295959 282046 34686 1070190
9s5c 0.295958 282057 34674.5 1070190
9h5s 0.295904 281922 34751.5 1070190
9d5s 0.295904 281922 34751 1070190
9c5s 0.295836 281853 34748 1070190
9s5s 0.295401 281483 34652 1070190
8d4d 0.283976 271137 32771.5 1070190
8h4h 0.283924 271137 32715.5 1070190
8c4c 0.283723 270227 33410.5 1070190
9h4d 0.28135 266027 35070.5 1070190
9d4h 0.28135 266027 35070.5 1070190
9h4c 0.281349 266038 35059 1070190
9d4c 0.281349 266038 35058.5 1070190
9c4h 0.281282 265958 35067.5 1070190
9c4d 0.281282 265958 35067 1070190
9s4h 0.280853 265596 34970 1070190
9s4d 0.280852 265596 34969.5 1070190
9s4c 0.280852 265607 34958 1070190
9h4s 0.280793 265465 35036.5 1070190
9d4s 0.280792 265465 35036 1070190
9c4s 0.280725 265396 35033 1070190
9s4s 0.280296 265034 34935.5 1070190
9h3d 0.279331 263867 35070.5 1070190
9d3h 0.279331 263867 35070.5 1070190
9h3c 0.279331 263878 35059 1070190
9d3c 0.27933 263878 35058.5 1070190
9c3h 0.279264 263798 35067.5 1070190
9c3d 0.279263 263798 35067 1070190
9s3h 0.278835 263436 34970 1070190
9s3d 0.278834 263436 34969.5 1070190
9s3c 0.278834 263447 34958 1070190
9h3s 0.278769 263299 35036.5 1070190
9d3s 0.278768 263299 35036 1070190
9c3s 0.278701 263230 35033 1070190
9s3s 0.278272 262868 34935.5 1070190
9h2d 0.277313 261707 35070.5 1070190
9d2h 0.277313 261707 35070.5 1070190
9h2c 0.277312 261718 35059 1070190
9d2c 0.277312 261718 35058.5 1070190
9c2h 0.277246 261638 35067.5 1070190
9c2d 0.277245 261638 35067 1070190
9s2h 0.276816 261276 34970 1070190
9s2d 0.276816 261276 34969.5 1070190
9s2c 0.276815 261287 34958 1070190
9h2s 0.276745 261133 35036.5 1070190
9d2s 0.276744 261133 35036 1070190
9c2s 0.276677 261064 35033 1070190
9s2s 0.276248 260702 34935.5 1070190
8d3d 0.269329 255462 32771.5 1070190
8h3h 0.269277 255462 32715.5 1070190
8c3c 0.269051 254525 33410.5 1070190
8d6h 0.26772 252672 33839.5 1070190
8h6d 0.26772 252672 33839.5 1070190
8h6c 0.267718 252683 33826 1070190
8d6c 0.267717 252683 33825.5 1070190
8c6h 0.267651 252601 33836.5 1070190
8c6d 0.267651 252601 33836 1070190
8d2d 0.267361 253356 32771.5 1070190
8h2h 0.267309 253356 32715.5 1070190
8s6h 0.267196 252202 33748 1070190
8s6d 0.267195 252202 33747.5 1070190
8s6c 0.267193 252213 33734 1070190
8h6s 0.267189 252139 33803.5 1070190
8d6s 0.267188 252139 33803 1070190
8c6s 0.267119 252068 33800 1070190
8c2c 0.267077 252413 33410.5 1070190
8s6s 0.266663 251669 33711.5 1070190
8h5d 0.265167 249560 34219.5 1070190
8d5h 0.265167 249560 34219.5 1070190
8h5c 0.265165 249571 34206 1070190
8d5c 0.265165 249571 34205.5 1070190
8c5h 0.265098 249489 34216.5 1070190
8c5d 0.265098 249489 34216 1070190
8s5h 0.264647 249097 34126 1070190
8s5d 0.264647 249097 34125.5 1070190
8s5c 0.264645 249108 34112 1070190
8h5s 0.264636 249027 34183.5 1070190
8d5s 0.264635 249027 34183 1070190
8c5s 0.264566 248956 34180 1070190
8s5s 0.264115 248564 34089.5 1070190
6c5c 0.250549 225100 43035.5 1070190
8h4d 0.250292 233355 34504.5 1070190
8d4h 0.250292 233355 34504.5 1070190
8h4c 0.250289 233366 34491 1070190
8d4c 0.250289 233366 34490.5 1070190
8c4h 0.250222 233284 34501.5 1070190
8c4d 0.250222 233284 34501 1070190
6d5d 0.250069 225021 42600.5 1070190
6h5h 0.250017 225021 42544.5 1070190
8s4h 0.249779 232901 34409.5 1070190
8s4d 0.249778 232901 34409 1070190
8s4c 0.249776 232912 34395.5 1070190
8h4s 0.24976 232822 34468.5 1070190
8d4s 0.249759 232822 34468 1070190
8c4s 0.24969 232751 34465 1070190
8s4s 0.249246 232368 34373 1070190
6c4c 0.238025 210805 43926.5 1070190
6d4d 0.237567 210750 43491.5 1070190
6h4h 0.237514 210750 43435.5 1070190
8d3h 0.234795 216771 34504.5 1070190
8h3d 0.234795 216771 34504.5 1070190
8h3c 0.234793 216782 34491 1070190
8d3c 0.234792 216782 34490.5 1070190
8c3h 0.234726 216700 34501.5 1070190
8c3d 0.234726 216700 34501 1070190
8s3h 0.234287 216322 34409.5 1070190
8s3d 0.234286 216322 34409 1070190
8s3c 0.234284 216333 34395.5 1070190
8h3s 0.234265 216240 34468.5 1070190
8d3s 0.234265 216240 34468 1070190
8c3s 0.234196 216169 34465 1070190
8s3s 0.233757 215791 34373 1070190
8h2d 0.232777 214611 34504.5 1070190
8d2h 0.232777 214611 34504.5 1070190
8h2c 0.232775 214622 34491 1070190
8d2c 0.232774 214622 34490.5 1070190
8c2h 0.232708 214540 34501.5 1070190
8c2d 0.232707 214540 34501 1070190
8s2h 0.232269 214162 34409.5 1070190
8s2d 0.232268 214162 34409 1070190
8s2c 0.232266 214173 34395.5 1070190
8h2s 0.232241 214074 34468.5 1070190
8d2s 0.232241 214074 34468 1070190
8c2s 0.232172 214003 34465 1070190
8s2s 0.231733 213625 34373 1070190
5c4c 0.22754 199016 44494.5 1070190
5d4d 0.227083 198962 44059.5 1070190
5h4h 0.22703 198962 44003.5 1070190
6c3c 0.223575 195341 43926.5 1070190
6d3d 0.223142 195313 43491.5 1070190
6h3h 0.22309 195313 43435.5 1070190
6h5d 0.215543 185950 44722 1070190
6d5h 0.215543 185950 44722 1070190
6c5h 0.215537 185950 44716 1070190
6h5c 0.215537 185950 44716 1070190
6d5c 0.215537 185950 44715.5 1070190
6c5d 0.215537 185950 44715.5 1070190
6s5h 0.215084 185537 44643.5 1070190
6s5d 0.215083 185537 44643 1070190
6s5c 0.215078 185537 44637 1070190
6h5s 0.215065 185497 44663.5 1070190
6d5s 0.215065 185497 44663 1070190
6c5s 0.215059 185497 44657 1070190
6s5s 0.214605 185084 44584.5 1070190
5c3c 0.212896 182959 44880.5 1070190
5d3d 0.212464 182931 44445.5 1070190
5h3h 0.212411 182931 44389.5 1070190
4c3c 0.208819 178714 44761.5 1070190
6c2c 0.208596 179400 43837.5 1070190
4d3d 0.208387 178687 44326.5 1070190
4h3h 0.208335 178687 44270.5 1070190
6d2d 0.20819 179400 43402.5 1070190
6h2h 0.208137 179400 43346.5 1070190
6h4d 0.202328 170858 45671.5 1070190
6d4h 0.202328 170858 45671.5 1070190
6c4h 0.202322 170858 45665.5 1070190
6h4c 0.202322 170858 45665.5 1070190
6c4d 0.202322 170858 45665 1070190
6d4c 0.202322 170858 45665 1070190
6s4h 0.201875 170453 45591.5 1070190
6s4d 0.201874 170453 45591 1070190
6s4c 0.201869 170453 45585 1070190
6h4s 0.201851 170407 45611.5 1070190
6d4s 0.20185 170407 45611 1070190
6c4s 0.201845 170407 45605 1070190
6s4s 0.201397 170002 45531 1070190
5c2c 0.197918 167018 44791.5 1070190
5d2d 0.197511 167018 44356.5 1070190
5h2h 0.197459 167018 44300.5 1070190
4c2c 0.194063 162834 44850.5 1070190
4d2d 0.193657 162834 44415.5 1070190
4h2h 0.193604 162834 44359.5 1070190
3c2c 0.192903 161622 44820.5 1070190
3d2d 0.192496 161622 44385.5 1070190
3h2h 0.192444 161622 44329.5 1070190
5d4h 0.191344 158502 46272.5 1070190
5h4d 0.191344 158502 46272.5 1070190
5c4h 0.191338 158502 46266.5 1070190
5h4c 0.191338 158502 46266.5 1070190
5c4d 0.191338 158502 46266 1070190
5d4c 0.191338 158502 46266 1070190
5s4h 0.190897 158097 46199.5 1070190
5s4d 0.190897 158097 46199 1070190
5s4c 0.190891 158097 46193 1070190
5h4s 0.190886 158078 46206.5 1070190
5d4s 0.190886 158078 46206 1070190
5c4s 0.19088 158078 46200 1070190
5s4s 0.190439 157673 46133 1070190
6d3h 0.187068 154527 45671.5 1070190
6h3d 0.187068 154527 45671.5 1070190
6c3h 0.187063 154527 45665.5 1070190
6h3c 0.187063 154527 45665.5 1070190
6c3d 0.187062 154527 45665 1070190
6d3c 0.187062 154527 45665 1070190
6s3h 0.186621 154128 45591.5 1070190
6s3d 0.18662 154128 45591 1070190
6s3c 0.186615 154128 45585 1070190
6h3s 0.186592 154077 45611.5 1070190
6d3s 0.186591 154077 45611 1070190
6c3s 0.186586 154077 45605 1070190
6s3s 0.186144 153678 45531 1070190
5d3h 0.175877 141538 46684 1070190
5h3d 0.175877 141538 46684 1070190
5h3c 0.175872 141538 46678 1070190
5c3h 0.175872 141538 46678 1070190
5d3c 0.175871 141538 46677.5 1070190
5c3d 0.175871 141538 46677.5 1070190
5s3h 0.175436 141139 46610.5 1070190
5s3d 0.175435 141139 46610 1070190
5s3c 0.17543 141139 46604 1070190
5h3s 0.175421 141117 46617 1070190
5d3s 0.175421 141117 46616.5 1070190
5c3s 0.175415 141117 46610.5 1070190
5s3s 0.174979 140718 46543 1070190
4d3h 0.171637 137127 46557.5 1070190
4h3d 0.171637 137127 46557.5 1070190
4c3h 0.171632 137127 46551.5 1070190
4h3c 0.171632 137127 46551.5 1070190
4c3d 0.171631 137127 46551 1070190
4d3c 0.171631 137127 46551 1070190
6d2h 0.171247 137690 45576.5 1070190
6h2d 0.171247 137690 45576.5 1070190
6c2h 0.171241 137690 45570.5 1070190
6h2c 0.171241 137690 45570.5 1070190
6c2d 0.171241 137690 45570 1070190
6d2c 0.171241 137690 45570 1070190
4s3h 0.171196 136725 46487.5 1070190
4s3d 0.171196 136725 46487 1070190
4h3s 0.171192 136721 46487 1070190
4d3s 0.171192 136721 46486.5 1070190
4s3c 0.17119 136725 46481 1070190
4c3s 0.171186 136721 46480.5 1070190
6s2h 0.170804 137296 45497 1070190
6s2d 0.170804 137296 45496.5 1070190
6s2c 0.170798 137296 45490.5 1070190
6h2s 0.170772 137242 45516.5 1070190
6d2s 0.170772 137242 45516 1070190
6c2s 0.170766 137242 45510 1070190
4s3s 0.170751 136319 46416.5 1070190
6s2s 0.170329 136848 45436.5 1070190
5h2d 0.160056 124701 46589 1070190
5d2h 0.160056 124701 46589 1070190
5h2c 0.16005 124701 46583 1070190
5c2h 0.16005 124701 46583 1070190
5c2d 0.16005 124701 46582.5 1070190
5d2c 0.16005 124701 46582.5 1070190
5s2h 0.159619 124307 46516 1070190
5s2d 0.159619 124307 46515.5 1070190
5s2c 0.159613 124307 46509.5 1070190
5h2s 0.159602 124282 46522 1070190
5d2s 0.159601 124282 46521.5 1070190
5c2s 0.159595 124282 46515.5 1070190
5s2s 0.159165 123888 46448.5 1070190
4d2h 0.156052 120353 46652.5 1070190
4h2d 0.156052 120353 46652.5 1070190
4h2c 0.156047 120353 46646.5 1070190
4c2h 0.156047 120353 46646.5 1070190
4d2c 0.156046 120353 46646 1070190
4c2d 0.156046 120353 46646 1070190
4s2h 0.155616 119956 46582.5 1070190
4s2d 0.155615 119956 46582 1070190
4s2c 0.15561 119956 46576 1070190
4h2s 0.155609 119950 46581.5 1070190
4d2s 0.155609 119950 46581 1070190
4c2s 0.155603 119950 46575 1070190
4s2s 0.155172 119553 46511 1070190
3d2h 0.15489 119141 46621 1070190
3h2d 0.15489 119141 46621 1070190
3c2h 0.154885 119141 46615 1070190
3h2c 0.154885 119141 46615 1070190
3d2c 0.154884 119141 46614.5 1070190
3c2d 0.154884 119141 46614.5 1070190
3s2h 0.154451 118741 46550.5 1070190
3s2d 0.15445 118741 46550 1070190
3h2s 0.154447 118738 46550 1070190
3d2s 0.154447 118738 46549.5 1070190
3s2c 0.154445 118741 46544 1070190
3c2s 0.154441 118738 46543.5 1070190
3s2s 0.154007 118338 46479 1070190
