KsKc 0.942758 1008930 0 1070190
KhKc 0.942758 1008930 0 1070190
KsKh 0.942385 1008531 0 1070190
7s7d 0.941287 1007236 120 1070190
7h7d 0.941287 1007236 120 1070190
QsQc 0.937854 1003617 64.5 1070190
QhQc 0.937854 1003617 64.5 1070190
QsQh 0.937481 1003218 64.5 1070190
7s7h 0.929597 994725 120 1070190
KcQc 0.908218 969636 2330 1070190
Kc7d 0.905161 962512 6182 1070190
Kh7d 0.904804 962158 6154.5 1070190
Ks7d 0.904804 962158 6154.5 1070190
KcQh 0.90442 965481 2420 1070190
KcQs 0.90442 965481 2420 1070190
KsQc 0.90442 965481 2420 1070190
KhQc 0.90442 965481 2420 1070190
KsQs 0.904068 965127 2397.5 1070190
KhQh 0.904068 965127 2397.5 1070190
KhQs 0.904068 965127 2397.5 1070190
KsQh 0.904068 965127 2397.5 1070190
Kc7h 0.892226 948624 6227 1070190
Kc7s 0.892226 948624 6227 1070190
Ks7h 0.891869 948270 6199.5 1070190
Ks7s 0.891869 948270 6199.5 1070190
Kh7s 0.891869 948270 6199.5 1070190
Kh7h 0.891869 948270 6199.5 1070190
Qc7d 0.883703 939451 6279.5 1070190
Qs7d 0.883347 939097 6252 1070190
Qh7d 0.883347 939097 6252 1070190
AdKc 0.881724 939388 4224.5 1070190
AdKh 0.880945 938577 4202 1070190
AdKs 0.880945 938577 4202 1070190
AdAc 0.87454 934806 1117.5 1070190
AhAd 0.873743 933958 1113 1070190
AsAd 0.873743 933958 1113 1070190
Qc7s 0.869961 924699 6324.5 1070190
Qc7h 0.869961 924699 6324.5 1070190
Qs7h 0.869604 924345 6297 1070190
Qs7s 0.869604 924345 6297 1070190
Qh7s 0.869604 924345 6297 1070190
Qh7h 0.869604 924345 6297 1070190
AcKc 0.86263 919050 4127.5 1070190
KcJd 0.859189 908972 10523.5 1070190
KhJd 0.858458 908220 10493 1070190
KsJd 0.858458 908220 10493 1070190
AcKh 0.855914 911667 4324 1070190
AcKs 0.855914 911667 4324 1070190
AhKc 0.855884 911639 4320 1070190
AsKc 0.855884 911639 4320 1070190
AsKs 0.855106 910828 4297.5 1070190
AsKh 0.855106 910828 4297.5 1070190
AhKs 0.855106 910828 4297.5 1070190
AhKh 0.855106 910828 4297.5 1070190
KcTd 0.853164 902040 11007.5 1070190
KsTd 0.852469 901330 10974 1070190
KhTd 0.852469 901330 10974 1070190
AhAc 0.848981 907463 1108 1070190
AsAc 0.848981 907463 1108 1070190
AsAh 0.848184 906615 1103.5 1070190
KcJc 0.84149 890002 10552 1070190
Kc9d 0.841067 888873 11229 1070190
Ks9d 0.840414 888216 11187 1070190
Kh9d 0.840414 888216 11187 1070190
KcTc 0.837086 884839 11002 1070190
KhJc 0.834414 882147 10835 1070190
KsJc 0.834414 882147 10835 1070190
KcJh 0.83439 882124 10831.5 1070190
KcJs 0.83439 882124 10831.5 1070190
KsJs 0.833659 881372 10801 1070190
KhJh 0.833659 881372 10801 1070190
KhJs 0.833659 881372 10801 1070190
KsJh 0.833659 881372 10801 1070190
Kc8d 0.83042 876751 11956 1070190
Kh8d 0.829808 876150 11902 1070190
Ks8d 0.829808 876150 11902 1070190
KhTc 0.829784 876711 11315.5 1070190
KsTc 0.829784 876711 11315.5 1070190
KcTs 0.829729 876652 11315.5 1070190
KcTh 0.829729 876652 11315.5 1070190
KhTh 0.829034 875942 11282 1070190
KhTs 0.829034 875942 11282 1070190
KsTh 0.829034 875942 11282 1070190
KsTs 0.829034 875942 11282 1070190
Kc9c 0.826538 873319 11233.5 1070190
AdQc 0.818562 871455 4562 1070190
Ks9c 0.81835 864235 11554.5 1070190
Kh9c 0.81835 864235 11554.5 1070190
Kc9s 0.81822 864083 11567.5 1070190
Kc9h 0.81822 864083 11567.5 1070190
Kc6d 0.818189 857337 18281 1070190
AdQs 0.817783 870644 4539.5 1070190
AdQh 0.817783 870644 4539.5 1070190
Kh6d 0.817645 856854 18181.5 1070190
Ks6d 0.817645 856854 18181.5 1070190
Kh9s 0.817567 863426 11525.5 1070190
Kh9h 0.817567 863426 11525.5 1070190
Ks9s 0.817567 863426 11525.5 1070190
Ks9h 0.817567 863426 11525.5 1070190
Kc8c 0.817357 862766 11961 1070190
Kc5d 0.815849 854472 18641 1070190
Ks5d 0.81531 853998 18538.5 1070190
Kh5d 0.81531 853998 18538.5 1070190
Kc4d 0.813983 852355 18761 1070190
Ks4d 0.813446 851884 18657.5 1070190
Kh4d 0.813446 851884 18657.5 1070190
Kc3d 0.812367 850626 18761 1070190
Kh3d 0.81183 850155 18657.5 1070190
Ks3d 0.81183 850155 18657.5 1070190
Kc2d 0.810778 848925 18761 1070190
Kh2d 0.810241 848454 18657.5 1070190
Ks2d 0.810241 848454 18657.5 1070190
Ks8c 0.808406 852828 12320 1070190
Kh8c 0.808406 852828 12320 1070190
Kc8h 0.808207 852586 12349 1070190
Kc8s 0.808207 852586 12349 1070190
Kc6c 0.808124 846741 18105 1070190
Ks8s 0.807595 851985 12295 1070190
Ks8h 0.807595 851985 12295 1070190
Kh8h 0.807595 851985 12295 1070190
Kh8s 0.807595 851985 12295 1070190
Kc5c 0.807092 845283 18459 1070190
Kc4c 0.806502 844533 18577 1070190
Kc3c 0.806132 844137 18577 1070190
Kc2c 0.805762 843741 18577 1070190
Ad7d 0.805344 857832 4039.5 1070190
AcQc 0.799255 850890 4465 1070190
Kh6c 0.798725 835971 18816 1070190
Ks6c 0.798725 835971 18816 1070190
Kc6h 0.798464 835617 18891 1070190
Kc6s 0.798464 835617 18891 1070190
Kh6h 0.79792 835134 18791.5 1070190
Ks6s 0.79792 835134 18791.5 1070190
Kh6s 0.79792 835134 18791.5 1070190
Ks6h 0.79792 835134 18791.5 1070190
Kh5c 0.797609 834402 19191 1070190
Ks5c 0.797609 834402 19191 1070190
Kc5h 0.797337 834033 19269 1070190
Kc5s 0.797337 834033 19269 1070190
Kh4c 0.79696 833583 19316 1070190
Ks4c 0.79696 833583 19316 1070190
Ks5s 0.796798 833559 19166.5 1070190
Kh5s 0.796798 833559 19166.5 1070190
Ks5h 0.796798 833559 19166.5 1070190
Kh5h 0.796798 833559 19166.5 1070190
Kc4h 0.796681 833205 19395 1070190
Kc4s 0.796681 833205 19395 1070190
Ks3c 0.796545 833139 19316 1070190
Kh3c 0.796545 833139 19316 1070190
Kc3h 0.79626 832755 19395 1070190
Kc3s 0.79626 832755 19395 1070190
Ks4s 0.796144 832734 19291.5 1070190
Ks4h 0.796144 832734 19291.5 1070190
Kh4s 0.796144 832734 19291.5 1070190
Kh4h 0.796144 832734 19291.5 1070190
Kh2c 0.796131 832695 19316 1070190
Ks2c 0.796131 832695 19316 1070190
Kc2s 0.79584 832305 19395 1070190
Kc2h 0.79584 832305 19395 1070190
Ks3h 0.795724 832284 19291.5 1070190
Ks3s 0.795724 832284 19291.5 1070190
Kh3h 0.795724 832284 19291.5 1070190
Kh3s 0.795724 832284 19291.5 1070190
Kh2s 0.795303 831834 19291.5 1070190
Ks2h 0.795303 831834 19291.5 1070190
Ks2s 0.795303 831834 19291.5 1070190
Kh2h 0.795303 831834 19291.5 1070190
QcJd 0.794768 840061 10492 1070190
QsJd 0.794037 839309 10461.5 1070190
QhJd 0.794037 839309 10461.5 1070190
AhQc 0.789751 840526 4657.5 1070190
AsQc 0.789751 840526 4657.5 1070190
AcQs 0.789748 840519 4661.5 1070190
AcQh 0.789748 840519 4661.5 1070190
AhQh 0.788972 839715 4635 1070190
AhQs 0.788972 839715 4635 1070190
AsQs 0.788972 839715 4635 1070190
AsQh 0.788972 839715 4635 1070190
Jd7d 0.788773 831563 12574 1070190
QcTd 0.788743 833129 10976 1070190
QsTd 0.788048 832419 10942.5 1070190
QhTd 0.788048 832419 10942.5 1070190
Td7d 0.781991 823062 13816.5 1070190
QcJc 0.776695 820691 10520.5 1070190
Qc9d 0.775685 818933 11197.5 1070190
Qh9d 0.775032 818276 11155.5 1070190
Qs9d 0.775032 818276 11155.5 1070190
QcTc 0.772291 815528 10970.5 1070190
9d7d 0.771325 810990 14474 1070190
QcJh 0.767104 810147 10800 1070190
QcJs 0.767104 810147 10800 1070190
QhJc 0.767097 810136 10803.5 1070190
QsJc 0.767097 810136 10803.5 1070190
QsJs 0.766373 809395 10769.5 1070190
QhJs 0.766373 809395 10769.5 1070190
QhJh 0.766373 809395 10769.5 1070190
QsJh 0.766373 809395 10769.5 1070190
Qc8d 0.764411 806140 11924.5 1070190
Qs8d 0.763798 805539 11870.5 1070190
Qh8d 0.763798 805539 11870.5 1070190
8d7d 0.762931 801692 14789 1070190
QsTc 0.762466 804700 11284 1070190
QhTc 0.762466 804700 11284 1070190
QcTh 0.762443 804675 11284 1070190
QcTs 0.762443 804675 11284 1070190
QsTh 0.761748 803965 11250.5 1070190
QsTs 0.761748 803965 11250.5 1070190
QhTs 0.761748 803965 11250.5 1070190
QhTh 0.761748 803965 11250.5 1070190
Qc9c 0.760793 802991 11202 1070190
Qc6d 0.75218 786726 18249.5 1070190
Qs6d 0.751636 786243 18150 1070190
Qh6d 0.751636 786243 18150 1070190
Qc8c 0.750992 791775 11929.5 1070190
Qs9c 0.750022 791143 11523 1070190
Qh9c 0.750022 791143 11523 1070190
Qc9h 0.749925 791026 11536 1070190
Qc9s 0.749925 791026 11536 1070190
Qc5d 0.749839 783861 18609.5 1070190
7d6d 0.749613 786434 15794.5 1070190
Qh5d 0.749301 783387 18507 1070190
Qs5d 0.749301 783387 18507 1070190
Qs9s 0.749272 790369 11494 1070190
Qh9s 0.749272 790369 11494 1070190
Qs9h 0.749272 790369 11494 1070190
Qh9h 0.749272 790369 11494 1070190
7d5d 0.749058 785624 16010.5 1070190
7d4d 0.748772 785246 16082.5 1070190
7d3d 0.748621 785084 16082.5 1070190
7d2d 0.748469 784922 16082.5 1070190
AdJd 0.748108 791784 8834 1070190
Qc4d 0.747973 781744 18729.5 1070190
Qh4d 0.747436 781273 18626 1070190
Qs4d 0.747436 781273 18626 1070190
Qc3d 0.746358 780015 18729.5 1070190
Qh3d 0.745821 779544 18626 1070190
Qs3d 0.745821 779544 18626 1070190
Qc2d 0.744768 778314 18729.5 1070190
Qh2d 0.744231 777843 18626 1070190
Qs2d 0.744231 777843 18626 1070190
AdTd 0.743401 786746 8834 1070190
Qc6c 0.741759 775750 18073.5 1070190
Qc5c 0.740728 774292 18427.5 1070190
Qc4c 0.740137 773542 18545.5 1070190
Qc3c 0.739767 773146 18545.5 1070190
Qh8c 0.73942 779031 12288.5 1070190
Qs8c 0.73942 779031 12288.5 1070190
Qc2c 0.739397 772750 18545.5 1070190
Qc8h 0.739254 778825 12317.5 1070190
Qc8s 0.739254 778825 12317.5 1070190
Qs8s 0.738642 778224 12263.5 1070190
Qs8h 0.738642 778224 12263.5 1070190
Qh8h 0.738642 778224 12263.5 1070190
Qh8s 0.738642 778224 12263.5 1070190
JdTd 0.737753 777018 12518 1070190
Qs6c 0.729738 762174 18784.5 1070190
Qh6c 0.729738 762174 18784.5 1070190
Qc6s 0.729511 761856 18859.5 1070190
Qc6h 0.729511 761856 18859.5 1070190
Qs6s 0.728967 761373 18760 1070190
Qs6h 0.728967 761373 18760 1070190
Qh6h 0.728967 761373 18760 1070190
Qh6s 0.728967 761373 18760 1070190
Qh5c 0.728622 760605 19159.5 1070190
Qs5c 0.728622 760605 19159.5 1070190
Qc5s 0.728384 760272 19237.5 1070190
Qc5h 0.728384 760272 19237.5 1070190
Qs4c 0.727974 759786 19284.5 1070190
Qh4c 0.727974 759786 19284.5 1070190
Qs5s 0.727846 759798 19135 1070190
Qs5h 0.727846 759798 19135 1070190
Qh5h 0.727846 759798 19135 1070190
Qh5s 0.727846 759798 19135 1070190
Qc4s 0.727728 759444 19363.5 1070190
Qc4h 0.727728 759444 19363.5 1070190
Qs3c 0.727559 759342 19284.5 1070190
Qh3c 0.727559 759342 19284.5 1070190
Qc3h 0.727308 758994 19363.5 1070190
Qc3s 0.727308 758994 19363.5 1070190
Qs4s 0.727191 758973 19260 1070190
Qs4h 0.727191 758973 19260 1070190
Qh4h 0.727191 758973 19260 1070190
Qh4s 0.727191 758973 19260 1070190
Qs2c 0.727144 758898 19284.5 1070190
Qh2c 0.727144 758898 19284.5 1070190
Qc2h 0.726887 758544 19363.5 1070190
Qc2s 0.726887 758544 19363.5 1070190
Qh3s 0.726771 758523 19260 1070190
Qs3s 0.726771 758523 19260 1070190
Qs3h 0.726771 758523 19260 1070190
Qh3h 0.726771 758523 19260 1070190
Qh2h 0.72635 758073 19260 1070190
Qs2s 0.72635 758073 19260 1070190
Qs2h 0.72635 758073 19260 1070190
Qh2s 0.72635 758073 19260 1070190
JdJc 0.715121 763298 2017.5 1070190
JsJd 0.714449 762591 2005 1070190
JhJd 0.714449 762591 2005 1070190
TdTc 0.697612 744596 1981.5 1070190
TsTd 0.696946 743895 1969.5 1070190
ThTd 0.696946 743895 1969.5 1070190
Ad7h 0.689037 732033 5367 1070190
Ad7s 0.689037 732033 5367 1070190
Ad9d 0.688598 726673 10258 1070190
JhJc 0.685346 731450 2000 1070190
JsJc 0.685346 731450 2000 1070190
JsJh 0.684673 730743 1987.5 1070190
Ac7d 0.683203 725809 5347.5 1070190
Ad8d 0.682518 718916 11508 1070190
Ah7d 0.68241 724970 5338.5 1070190
As7d 0.68241 724970 5338.5 1070190
Jd9d 0.681543 714730 14650 1070190
Jd7h 0.671762 701447 17465.5 1070190
Jd7s 0.671762 701447 17465.5 1070190
ThTc 0.668845 713827 1964 1070190
TsTc 0.668845 713827 1964 1070190
TsTh 0.668179 713126 1952 1070190
9d9c 0.667302 712839 1300.5 1070190
Jc7d 0.667285 696098 18023.5 1070190
9h9d 0.666605 712100 1293.5 1070190
9s9d 0.666605 712100 1293.5 1070190
Js7d 0.666557 695332 18011 1070190
Jh7d 0.666557 695332 18011 1070190
Ad6d 0.665135 694815 17006 1070190
Td7s 0.664942 692150 19464 1070190
Td7h 0.664942 692150 19464 1070190
Ad5d 0.663164 692385 17327 1070190
Tc7d 0.661767 688087 20129.5 1070190
Ad4d 0.661594 690597 17434 1070190
Ts7d 0.661046 687327 20117.5 1070190
Th7d 0.661046 687327 20117.5 1070190
Ad3d 0.660223 689130 17434 1070190
Ad2d 0.658852 687663 17434 1070190
Ac7h 0.658346 699296 5259.5 1070190
Ac7s 0.658346 699296 5259.5 1070190
Ah7s 0.657554 698457 5250.5 1070190
Ah7h 0.657554 698457 5250.5 1070190
As7h 0.657554 698457 5250.5 1070190
As7s 0.657554 698457 5250.5 1070190
Td9d 0.652369 683922 14236.5 1070190
9d7s 0.650232 675384 20487.5 1070190
9d7h 0.650232 675384 20487.5 1070190
9c7d 0.647883 672081 21277 1070190
9h7d 0.647129 671281 21270 1070190
9s7d 0.647129 671281 21270 1070190
Jc7s 0.642972 670562 17540.5 1070190
Jc7h 0.642972 670562 17540.5 1070190
Jh7s 0.642245 669796 17528 1070190
Jh7h 0.642245 669796 17528 1070190
Js7h 0.642245 669796 17528 1070190
Js7s 0.642245 669796 17528 1070190
8d7s 0.638808 662672 20973.5 1070190
8d7h 0.638808 662672 20973.5 1070190
9s9c 0.638551 682078 1292.5 1070190
9h9c 0.638551 682078 1292.5 1070190
8d8c 0.638038 682142 679.5 1070190
9s9h 0.637854 681339 1285.5 1070190
Tc7h 0.637564 662722 19592.5 1070190
Tc7s 0.637564 662722 19592.5 1070190
8c7d 0.637342 660225 21851.5 1070190
8h8d 0.637315 681371 677 1070190
8s8d 0.637315 681371 677 1070190
Th7s 0.636843 661962 19580.5 1070190
Th7h 0.636843 661962 19580.5 1070190
Ts7h 0.636843 661962 19580.5 1070190
Ts7s 0.636843 661962 19580.5 1070190
8s7d 0.63656 659391 21849 1070190
8h7d 0.63656 659391 21849 1070190
Jd8d 0.625619 653476 16055 1070190
9c7s 0.623435 646540 20654 1070190
9c7h 0.623435 646540 20654 1070190
9s7s 0.622681 645740 20647 1070190
9h7h 0.622681 645740 20647 1070190
9s7h 0.622681 645740 20647 1070190
9h7s 0.622681 645740 20647 1070190
7d6c 0.620658 641095 23126.5 1070190
7d6h 0.619882 640267 23124.5 1070190
7d6s 0.619882 640267 23124.5 1070190
7d5c 0.619584 639586 23486.5 1070190
7s6d 0.619371 640632 22213 1070190
7h6d 0.619371 640632 22213 1070190
7d4c 0.618959 638797 23606.5 1070190
7d5h 0.618803 638752 23484.5 1070190
7d5s 0.618803 638752 23484.5 1070190
7d3c 0.618558 638368 23606.5 1070190
7d4s 0.618172 637957 23604.5 1070190
7d4h 0.618172 637957 23604.5 1070190
7d2c 0.618157 637939 23606.5 1070190
7d3h 0.617766 637522 23604.5 1070190
7d3s 0.617766 637522 23604.5 1070190
7d2h 0.617359 637087 23604.5 1070190
7d2s 0.617359 637087 23604.5 1070190
7s5d 0.617064 637821 22555 1070190
7h5d 0.617064 637821 22555 1070190
7h4d 0.615209 635722 22669 1070190
7s4d 0.615209 635722 22669 1070190
7s3d 0.613594 633993 22669 1070190
7h3d 0.613594 633993 22669 1070190
AdJc 0.612711 642293 13424 1070190
8c7s 0.612701 634544 21162 1070190
8c7h 0.612701 634544 21162 1070190
AdJs 0.612041 641608 13392.5 1070190
AdJh 0.612041 641608 13392.5 1070190
7h2d 0.612004 632292 22669 1070190
7s2d 0.612004 632292 22669 1070190
8h7s 0.611919 633710 21159.5 1070190
8s7s 0.611919 633710 21159.5 1070190
8h7h 0.611919 633710 21159.5 1070190
8s7h 0.611919 633710 21159.5 1070190
AcJd 0.60999 639645 13160 1070190
8h8c 0.60933 651419 679.5 1070190
8s8c 0.60933 651419 679.5 1070190
AhJd 0.609197 638832 13124.5 1070190
AsJd 0.609197 638832 13124.5 1070190
8s8h 0.608607 650648 677 1070190
Jd6d 0.608303 629519 21481 1070190
JdTc 0.606881 631072 18406 1070190
Jd5d 0.606366 627125 21802 1070190
JdTs 0.606235 630420 18366.5 1070190
JdTh 0.606235 630420 18366.5 1070190
AdTc 0.60587 634972 13424 1070190
JcTd 0.605502 629737 18265.5 1070190
AdTh 0.605206 634293 13392.5 1070190
AdTs 0.605206 634293 13392.5 1070190
JsTd 0.604857 629089 18222.5 1070190
JhTd 0.604857 629089 18222.5 1070190
Jd4d 0.604795 625337 21909 1070190
Jd3d 0.603425 623870 21909 1070190
Jd2d 0.602054 622403 21909 1070190
AcTd 0.601784 630863 13160 1070190
AsTd 0.601024 630085 13124.5 1070190
AhTd 0.601024 630085 13124.5 1070190
AcJc 0.598223 627245 12967.5 1070190
7s6c 0.59552 614925 22395 1070190
7h6c 0.59552 614925 22395 1070190
Td8d 0.594889 619797 16847.5 1070190
7s6s 0.594745 614097 22393 1070190
7h6h 0.594745 614097 22393 1070190
7h6s 0.594745 614097 22393 1070190
7s6h 0.594745 614097 22393 1070190
7s5c 0.594455 613434 22746 1070190
7h5c 0.594455 613434 22746 1070190
JcTc 0.593936 617655 17969.5 1070190
7s4c 0.593827 612645 22863 1070190
7h4c 0.593827 612645 22863 1070190
7h5s 0.593674 612600 22744 1070190
7s5h 0.593674 612600 22744 1070190
7s5s 0.593674 612600 22744 1070190
7h5h 0.593674 612600 22744 1070190
7h3c 0.593418 612207 22863 1070190
7s3c 0.593418 612207 22863 1070190
7h4s 0.59304 611805 22861 1070190
7s4h 0.59304 611805 22861 1070190
7h4h 0.59304 611805 22861 1070190
7s4s 0.59304 611805 22861 1070190
7h2c 0.593009 611769 22863 1070190
7s2c 0.593009 611769 22863 1070190
7s3h 0.592626 611361 22861 1070190
7s3s 0.592626 611361 22861 1070190
7h3h 0.592626 611361 22861 1070190
7h3s 0.592626 611361 22861 1070190
7h2h 0.592211 610917 22861 1070190
7h2s 0.592211 610917 22861 1070190
7s2h 0.592211 610917 22861 1070190
7s2s 0.592211 610917 22861 1070190
AcTc 0.591768 620337 12967.5 1070190
AcJs 0.578715 606112 13222.5 1070190
AcJh 0.578715 606112 13222.5 1070190
AsJc 0.578591 605984 13218.5 1070190
AhJc 0.578591 605984 13218.5 1070190
AhJs 0.577922 605299 13187 1070190
AsJh 0.577922 605299 13187 1070190
AhJh 0.577922 605299 13187 1070190
AsJs 0.577922 605299 13187 1070190
Td6d 0.577774 596268 22059.5 1070190
JsTc 0.57648 598727 18216.5 1070190
JhTc 0.57648 598727 18216.5 1070190
JcTs 0.57648 598723 18220 1070190
JcTh 0.57648 598723 18220 1070190
JhTh 0.575834 598075 18177 1070190
JhTs 0.575834 598075 18177 1070190
JsTh 0.575834 598075 18177 1070190
JsTs 0.575834 598075 18177 1070190
AcTh 0.571876 598793 13222.5 1070190
AcTs 0.571876 598793 13222.5 1070190
AsTc 0.571779 598694 13218.5 1070190
AhTc 0.571779 598694 13218.5 1070190
AhTs 0.571115 598015 13187 1070190
AsTs 0.571115 598015 13187 1070190
AhTh 0.571115 598015 13187 1070190
AsTh 0.571115 598015 13187 1070190
Td5d 0.569179 586589 22541 1070190
Td4d 0.567609 584801 22648 1070190
9d8d 0.566831 589658 16958.5 1070190
Td3d 0.566238 583334 22648 1070190
Td2d 0.564867 581867 22648 1070190
9d6d 0.549731 566307 22010 1070190
9d5d 0.541271 556771 22491.5 1070190
6d6c 0.540088 571860 6136.5 1070190
6s6d 0.539371 571095 6134.5 1070190
6h6d 0.539371 571095 6134.5 1070190
9d4d 0.532476 547198 22652 1070190
9d3d 0.531105 545731 22652 1070190
9d2d 0.529734 544264 22652 1070190
8d6d 0.527366 542828 21554 1070190
5d5c 0.520633 551040 6136.5 1070190
Ad9c 0.520573 541392 15719.5 1070190
8d5d 0.520193 534777 21928.5 1070190
Ad9h 0.519927 540724 15697 1070190
Ad9s 0.519927 540724 15697 1070190
5s5d 0.519911 550269 6134.5 1070190
5h5d 0.519911 550269 6134.5 1070190
Jd9c 0.518853 533073 22198.5 1070190
Jd9h 0.518215 532420 22168 1070190
Jd9s 0.518215 532420 22168 1070190
Jc9d 0.516553 530785 22024.5 1070190
Jh9d 0.515979 530215 21980.5 1070190
Js9d 0.515979 530215 21980.5 1070190
Ac9d 0.515126 535951 15331.5 1070190
As9d 0.514423 535241 15289 1070190
Ah9d 0.514423 535241 15289 1070190
6h6c 0.512425 542280 6112.5 1070190
6s6c 0.512425 542280 6112.5 1070190
6s6h 0.511709 541515 6110.5 1070190
8d4d 0.511532 525347 22089 1070190
Ad8c 0.511039 529339 17569.5 1070190
Ad8s 0.51037 528646 17547 1070190
Ad8h 0.51037 528646 17547 1070190
Ac9c 0.508313 528945 15046 1070190
Jc9c 0.507773 521637 21776.5 1070190
Ac8d 0.504566 522860 17121.5 1070190
Ah8d 0.5039 522200 17069 1070190
As8d 0.5039 522200 17069 1070190
8d3d 0.502519 515702 22089 1070190
4d4c 0.501205 530248 6136.5 1070190
8d2d 0.501148 514235 22089 1070190
4h4d 0.500477 529471 6134.5 1070190
4s4d 0.500477 529471 6134.5 1070190
Ac8c 0.499406 517698 16761 1070190
5s5c 0.493571 522102 6112.5 1070190
5h5c 0.493571 522102 6112.5 1070190
5s5h 0.492848 521331 6110.5 1070190
Ad6c 0.488244 496518 25995.5 1070190
Ad6s 0.487581 495831 25973 1070190
Ad6h 0.487581 495831 25973 1070190
6d5d 0.486928 491904 29201.5 1070190
Jh9c 0.485712 497659 22145.5 1070190
Js9c 0.485712 497659 22145.5 1070190
Jc9s 0.485647 497576 22159 1070190
Jc9h 0.485647 497576 22159 1070190
Ad5c 0.485387 492924 26532.5 1070190
Js9h 0.485074 497006 22115 1070190
Jh9s 0.485074 497006 22115 1070190
Js9s 0.485074 497006 22115 1070190
Jh9h 0.485074 497006 22115 1070190
Ad5s 0.484719 492231 26510 1070190
Ad5h 0.484719 492231 26510 1070190
Ac9s 0.483737 502186 15505 1070190
Ac9h 0.483737 502186 15505 1070190
Ah9c 0.48368 502144 15485 1070190
As9c 0.48368 502144 15485 1070190
Ad4c 0.4832 490404 26711.5 1070190
As9s 0.483034 501476 15462.5 1070190
Ah9s 0.483034 501476 15462.5 1070190
Ah9h 0.483034 501476 15462.5 1070190
As9h 0.483034 501476 15462.5 1070190
Ad4h 0.482526 489705 26689 1070190
Ad4s 0.482526 489705 26689 1070190
3d3c 0.481803 509484 6136.5 1070190
Ad3c 0.481347 488421 26711.5 1070190
3h3d 0.481069 508701 6134.5 1070190
3s3d 0.481069 508701 6134.5 1070190
Ad3h 0.480667 487716 26689 1070190
Ad3s 0.480667 487716 26689 1070190
Ad2c 0.479494 486438 26711.5 1070190
Ad2s 0.478808 485727 26689 1070190
Ad2h 0.478808 485727 26689 1070190
Td9c 0.478569 490663 21497 1070190
Ac6d 0.478392 486685 25285.5 1070190
6d4d 0.478016 481831 29737 1070190
Td9s 0.477961 490043 21466.5 1070190
Td9h 0.477961 490043 21466.5 1070190
As6d 0.477794 486143 25187 1070190
Ah6d 0.477794 486143 25187 1070190
Tc9d 0.477598 489774 21346.5 1070190
Ac6c 0.47704 485922 24601 1070190
Th9d 0.477026 489205 21303 1070190
Ts9d 0.477026 489205 21303 1070190
4s4c 0.474716 501924 6112.5 1070190
4h4c 0.474716 501924 6112.5 1070190
Ac5c 0.474197 482376 25105 1070190
Ac5d 0.474151 481624 25807.5 1070190
Ah8c 0.474129 490098 17310 1070190
As8c 0.474129 490098 17310 1070190
Ac8h 0.474126 490065 17340 1070190
Ac8s 0.474126 490065 17340 1070190
4s4h 0.473988 501147 6110.5 1070190
Ah5d 0.473558 481091 25706 1070190
As5d 0.473558 481091 25706 1070190
Ah8s 0.47346 489405 17287.5 1070190
As8h 0.47346 489405 17287.5 1070190
As8s 0.47346 489405 17287.5 1070190
Ah8h 0.47346 489405 17287.5 1070190
Ac4c 0.471983 479838 25273 1070190
Ac4d 0.470586 477635 25981.5 1070190
Tc9c 0.470194 482110 21086.5 1070190
Ac3c 0.470082 477804 25273 1070190
Ah4d 0.469995 477105 25879 1070190
As4d 0.469995 477105 25879 1070190
5d4d 0.469918 472795 30107 1070190
6d3d 0.469004 472186 29737 1070190
Ac2c 0.468181 475770 25273 1070190
Ac3d 0.467373 474196 25981.5 1070190
As3d 0.466782 473666 25879 1070190
Ah3d 0.466782 473666 25879 1070190
Ac2d 0.464185 470785 25981.5 1070190
As2d 0.463594 470255 25879 1070190
Ah2d 0.463594 470255 25879 1070190
2d2c 0.462427 488748 6136.5 1070190
2h2d 0.461688 487959 6134.5 1070190
2s2d 0.461688 487959 6134.5 1070190
5d3d 0.460923 462936 30339 1070190
6d2d 0.459808 462398 29683.5 1070190
4d3d 0.456957 458763 30267.5 1070190
3h3c 0.455862 481746 6112.5 1070190
3s3c 0.455862 481746 6112.5 1070190
3s3h 0.455128 480963 6110.5 1070190
5d2d 0.451727 453148 30285.5 1070190
As6c 0.451073 457078 25656 1070190
Ah6c 0.451073 457078 25656 1070190
Ac6h 0.451009 456933 25732 1070190
Ac6s 0.451009 456933 25732 1070190
As6s 0.45041 456391 25633.5 1070190
Ah6h 0.45041 456391 25633.5 1070190
Ah6s 0.45041 456391 25633.5 1070190
As6h 0.45041 456391 25633.5 1070190
As5c 0.448124 453385 26193 1070190
Ah5c 0.448124 453385 26193 1070190
Ac5s 0.448048 453225 26272 1070190
Ac5h 0.448048 453225 26272 1070190
4d2d 0.447894 449011 30321 1070190
As5h 0.447456 452692 26170.5 1070190
As5s 0.447456 452692 26170.5 1070190
Ah5s 0.447456 452692 26170.5 1070190
Ah5h 0.447456 452692 26170.5 1070190
Th9c 0.446238 456109 21450 1070190
Ts9c 0.446238 456109 21450 1070190
Tc9s 0.446202 456058 21463 1070190
Tc9h 0.446202 456058 21463 1070190
3d2d 0.446014 447017 30303 1070190
Ah4c 0.445844 450766 26372 1070190
As4c 0.445844 450766 26372 1070190
Ac4h 0.445761 450597 26452 1070190
Ac4s 0.445761 450597 26452 1070190
Th9s 0.44563 455489 21419.5 1070190
Ts9s 0.44563 455489 21419.5 1070190
Th9h 0.44563 455489 21419.5 1070190
Ts9h 0.44563 455489 21419.5 1070190
As4h 0.44517 450067 26349.5 1070190
As4s 0.44517 450067 26349.5 1070190
Ah4s 0.44517 450067 26349.5 1070190
Ah4h 0.44517 450067 26349.5 1070190
As3c 0.443899 448684 26372 1070190
Ah3c 0.443899 448684 26372 1070190
Ac3h 0.44381 448509 26452 1070190
Ac3s 0.44381 448509 26452 1070190
As3s 0.443219 447979 26349.5 1070190
Ah3h 0.443219 447979 26349.5 1070190
Ah3s 0.443219 447979 26349.5 1070190
As3h 0.443219 447979 26349.5 1070190
Ah2c 0.441953 446602 26372 1070190
As2c 0.441953 446602 26372 1070190
Ac2s 0.441859 446421 26452 1070190
Ac2h 0.441859 446421 26452 1070190
Ah2h 0.441268 445891 26349.5 1070190
Ah2s 0.441268 445891 26349.5 1070190
As2h 0.441268 445891 26349.5 1070190
As2s 0.441268 445891 26349.5 1070190
2s2c 0.437007 461568 6112.5 1070190
2h2c 0.437007 461568 6112.5 1070190
2s2h 0.436268 460779 6110.5 1070190
Jd8c 0.432913 438795 24504.5 1070190
Jd8s 0.432292 438153 24482 1070190
Jd8h 0.432292 438153 24482 1070190
Jc8d 0.429419 435345 24214.5 1070190
Jh8d 0.428907 434850 24162.5 1070190
Js8d 0.428907 434850 24162.5 1070190
Jc8c 0.423771 429642 23873 1070190
Jd6c 0.410194 406136 32849.5 1070190
Jd6s 0.409579 405500 32827 1070190
Jd6h 0.409579 405500 32827 1070190
Jd5c 0.407393 402601 33386.5 1070190
Jd5h 0.406773 401960 33364 1070190
Jd5s 0.406773 401960 33364 1070190
Jd4c 0.405205 400081 33565.5 1070190
Jd4s 0.40458 399434 33543 1070190
Jd4h 0.40458 399434 33543 1070190
Jd3c 0.403352 398098 33565.5 1070190
Jc6d 0.40332 399332 32297.5 1070190
Jh6d 0.402877 398955 32199.5 1070190
Js6d 0.402877 398955 32199.5 1070190
Jd3h 0.402721 397445 33543 1070190
Jd3s 0.402721 397445 33543 1070190
Jd2c 0.401499 396115 33565.5 1070190
Jc6c 0.401469 398016 31632 1070190
Jd2s 0.400862 395456 33543 1070190
Jd2h 0.400862 395456 33543 1070190
Jc5d 0.39913 394325 32819.5 1070190
Js5d 0.398691 393957 32718.5 1070190
Jh5d 0.398691 393957 32718.5 1070190
Jc5c 0.398682 394529 32136 1070190
Jh8c 0.397127 400571 24430 1070190
Js8c 0.397127 400571 24430 1070190
Jc8h 0.397017 400424 24459.5 1070190
Jc8s 0.397017 400424 24459.5 1070190
Js8s 0.396506 399929 24407.5 1070190
Js8h 0.396506 399929 24407.5 1070190
Jh8s 0.396506 399929 24407.5 1070190
Jh8h 0.396506 399929 24407.5 1070190
Jc4c 0.396467 391991 32304 1070190
Jc4d 0.395565 390336 32993.5 1070190
Js4d 0.395128 389971 32891.5 1070190
Jh4d 0.395128 389971 32891.5 1070190
Jc3c 0.394566 389957 32304 1070190
Jc2c 0.392666 387923 32304 1070190
Jc3d 0.392351 386897 32993.5 1070190
Jh3d 0.391915 386532 32891.5 1070190
Js3d 0.391915 386532 32891.5 1070190
Td8c 0.39016 391719 25826.5 1070190
Td8s 0.389568 391108 25804 1070190
Td8h 0.389568 391108 25804 1070190
Jc2d 0.389164 383486 32993.5 1070190
Js2d 0.388728 383121 32891.5 1070190
Jh2d 0.388728 383121 32891.5 1070190
Tc8d 0.388047 389683 25601 1070190
Ts8d 0.387538 389190 25549.5 1070190
Th8d 0.387538 389190 25549.5 1070190
Tc8c 0.383673 385294 25309 1070190
Js6c 0.374147 367713 32695 1070190
Jh6c 0.374147 367713 32695 1070190
Jc6h 0.373975 367454 32770.5 1070190
Jc6s 0.373975 367454 32770.5 1070190
Jh6s 0.373531 367077 32672.5 1070190
Js6h 0.373531 367077 32672.5 1070190
Js6s 0.373531 367077 32672.5 1070190
Jh6h 0.373531 367077 32672.5 1070190
Js5c 0.371256 364082 33232 1070190
Jh5c 0.371256 364082 33232 1070190
Jc5s 0.371074 363809 33310.5 1070190
Jc5h 0.371074 363809 33310.5 1070190
Jh5s 0.370636 363441 33209.5 1070190
Js5s 0.370636 363441 33209.5 1070190
Js5h 0.370636 363441 33209.5 1070190
Jh5h 0.370636 363441 33209.5 1070190
Js4c 0.368976 361463 33411 1070190
Jh4c 0.368976 361463 33411 1070190
Jc4h 0.368786 361181 33490.5 1070190
Jc4s 0.368786 361181 33490.5 1070190
Jh4s 0.36835 360816 33388.5 1070190
Jh4h 0.36835 360816 33388.5 1070190
Js4s 0.36835 360816 33388.5 1070190
Js4h 0.36835 360816 33388.5 1070190
Td6c 0.367775 359776 33813.5 1070190
Td6h 0.367189 359171 33791 1070190
Td6s 0.367189 359171 33791 1070190
Js3c 0.36703 359381 33411 1070190
Jh3c 0.36703 359381 33411 1070190
Jc3h 0.366835 359093 33490.5 1070190
Jc3s 0.366835 359093 33490.5 1070190
Jh3h 0.366399 358728 33388.5 1070190
Js3s 0.366399 358728 33388.5 1070190
Jh3s 0.366399 358728 33388.5 1070190
Js3h 0.366399 358728 33388.5 1070190
Jh2c 0.365085 357299 33411 1070190
Js2c 0.365085 357299 33411 1070190
Jc2s 0.364884 357005 33490.5 1070190
Jc2h 0.364884 357005 33490.5 1070190
Js2s 0.364448 356640 33388.5 1070190
Jh2s 0.364448 356640 33388.5 1070190
Js2h 0.364448 356640 33388.5 1070190
Jh2h 0.364448 356640 33388.5 1070190
Tc6d 0.362274 354366 33336 1070190
Th6d 0.361831 353987 33240.5 1070190
Ts6d 0.361831 353987 33240.5 1070190
Tc6c 0.361685 354340 32732 1070190
Ts8c 0.355122 354187 25860.5 1070190
Th8c 0.355122 354187 25860.5 1070190
Tc8h 0.355038 354069 25889.5 1070190
Tc8s 0.355038 354069 25889.5 1070190
Th8h 0.35453 353576 25838 1070190
Ts8h 0.35453 353576 25838 1070190
Ts8s 0.35453 353576 25838 1070190
Th8s 0.35453 353576 25838 1070190
Td5c 0.354071 344304 34619 1070190
Td5s 0.353484 343699 34596.5 1070190
Td5h 0.353484 343699 34596.5 1070190
Td4c 0.351883 341784 34798 1070190
Td4s 0.351291 341173 34775.5 1070190
Td4h 0.351291 341173 34775.5 1070190
Td3c 0.35003 339801 34798 1070190
9d8c 0.349938 348485 26015.5 1070190
Td3h 0.349433 339184 34775.5 1070190
Td3s 0.349433 339184 34775.5 1070190
9d8s 0.349375 347905 25993 1070190
9d8h 0.349375 347905 25993 1070190
9c8d 0.348913 347553 25850.5 1070190
9s8d 0.348387 347038 25802 1070190
9h8d 0.348387 347038 25802 1070190
Tc5c 0.348206 339159 33488 1070190
Td2c 0.348177 337818 34798 1070190
Td2h 0.347574 337195 34775.5 1070190
Td2s 0.347574 337195 34775.5 1070190
Tc5d 0.347173 337422 34119 1070190
Th5d 0.346738 337057 34019 1070190
Ts5d 0.346738 337057 34019 1070190
9c8c 0.346002 344675 25613 1070190
Tc4c 0.345992 336621 33656 1070190
Tc3c 0.344091 334587 33656 1070190
Tc4d 0.343608 333433 34293 1070190
Ts4d 0.343176 333071 34192 1070190
Th4d 0.343176 333071 34192 1070190
Tc2c 0.342191 332553 33656 1070190
Tc3d 0.340395 329994 34293 1070190
Th3d 0.339962 329632 34192 1070190
Ts3d 0.339962 329632 34192 1070190
Tc2d 0.337207 326583 34293 1070190
Ts2d 0.336775 326221 34192 1070190
Th2d 0.336775 326221 34192 1070190
Th6c 0.332476 322045 33767.5 1070190
Ts6c 0.332476 322045 33767.5 1070190
Tc6s 0.332333 321819 33840.5 1070190
Tc6h 0.332333 321819 33840.5 1070190
Ts6h 0.33189 321440 33745 1070190
Th6h 0.33189 321440 33745 1070190
Th6s 0.33189 321440 33745 1070190
Ts6s 0.33189 321440 33745 1070190
9d6c 0.327587 316846 33734 1070190
9d6s 0.327029 316272 33711.5 1070190
9d6h 0.327029 316272 33711.5 1070190
9c6c 0.324037 313997 32784 1070190
9c6d 0.323166 312525 33324.5 1070190
9s6d 0.322704 312121 33233.5 1070190
9h6d 0.322704 312121 33233.5 1070190
Th5c 0.318219 305982 34573 1070190
Ts5c 0.318219 305982 34573 1070190
Tc5s 0.318067 305742 34650.5 1070190
Tc5h 0.318067 305742 34650.5 1070190
Th5s 0.317633 305377 34550.5 1070190
Th5h 0.317633 305377 34550.5 1070190
Ts5s 0.317633 305377 34550.5 1070190
Ts5h 0.317633 305377 34550.5 1070190
Ts4c 0.315939 303363 34752 1070190
Th4c 0.315939 303363 34752 1070190
Tc4s 0.31578 303114 34830.5 1070190
Tc4h 0.31578 303114 34830.5 1070190
Ts4h 0.315347 302752 34729.5 1070190
Ts4s 0.315347 302752 34729.5 1070190
Th4s 0.315347 302752 34729.5 1070190
Th4h 0.315347 302752 34729.5 1070190
9h8c 0.315285 311295 26119.5 1070190
9s8c 0.315285 311295 26119.5 1070190
9c8h 0.315248 311230 26145.5 1070190
9c8s 0.315248 311230 26145.5 1070190
9h8h 0.314722 310715 26097 1070190
9h8s 0.314722 310715 26097 1070190
9s8h 0.314722 310715 26097 1070190
9s8s 0.314722 310715 26097 1070190
9d5c 0.314095 301602 34539.5 1070190
Ts3c 0.313994 301281 34752 1070190
Th3c 0.313994 301281 34752 1070190
Tc3s 0.313829 301026 34830.5 1070190
Tc3h 0.313829 301026 34830.5 1070190
9d5s 0.313537 301027 34517 1070190
9d5h 0.313537 301027 34517 1070190
Th3h 0.313396 300664 34729.5 1070190
Ts3h 0.313396 300664 34729.5 1070190
Ts3s 0.313396 300664 34729.5 1070190
Th3s 0.313396 300664 34729.5 1070190
Ts2c 0.312048 299199 34752 1070190
Th2c 0.312048 299199 34752 1070190
Tc2s 0.311878 298938 34830.5 1070190
Tc2h 0.311878 298938 34830.5 1070190
Th2h 0.311445 298576 34729.5 1070190
Th2s 0.311445 298576 34729.5 1070190
Ts2h 0.311445 298576 34729.5 1070190
Ts2s 0.311445 298576 34729.5 1070190
9c5c 0.31077 299043 33540 1070190
9c5d 0.308288 295819 34107.5 1070190
9h5d 0.307835 295430 34012 1070190
9s5d 0.307835 295430 34012 1070190
9d4c 0.300077 286331 34808 1070190
9d4s 0.299519 285757 34785.5 1070190
9d4h 0.299519 285757 34785.5 1070190
9d3c 0.298224 284348 34808 1070190
9d3h 0.297661 283768 34785.5 1070190
9d3s 0.297661 283768 34785.5 1070190
9c4c 0.296966 284018 33792 1070190
9d2c 0.296371 282365 34808 1070190
8d6c 0.295989 283725 33039.5 1070190
9d2h 0.295802 281779 34785.5 1070190
9d2s 0.295802 281779 34785.5 1070190
8d6h 0.29546 283181 33017 1070190
8d6s 0.29546 283181 33017 1070190
9c3c 0.295065 281984 33792 1070190
8c6c 0.294809 283280 32221.5 1070190
9c2c 0.293165 279950 33792 1070190
9c4d 0.29288 279069 34368.5 1070190
8c6d 0.292685 280538 32691 1070190
9h6c 0.292664 279448 33758 1070190
9s6c 0.292664 279448 33758 1070190
9c6h 0.292569 279278 33826.5 1070190
9c6s 0.292569 279278 33826.5 1070190
9h4d 0.292434 278688 34271.5 1070190
9s4d 0.292434 278688 34271.5 1070190
8h6d 0.29221 280114 32606 1070190
8s6d 0.29221 280114 32606 1070190
9h6s 0.292107 278874 33735.5 1070190
9s6h 0.292107 278874 33735.5 1070190
9h6h 0.292107 278874 33735.5 1070190
9s6s 0.292107 278874 33735.5 1070190
9c3d 0.289667 275630 34368.5 1070190
9s3d 0.28922 275249 34271.5 1070190
9h3d 0.28922 275249 34271.5 1070190
9c2d 0.28648 272219 34368.5 1070190
9s2d 0.286033 271838 34271.5 1070190
9h2d 0.286033 271838 34271.5 1070190
8d5c 0.28461 270921 33666 1070190
8d5s 0.284079 270375 33643.5 1070190
8d5h 0.284079 270375 33643.5 1070190
8c5c 0.283599 270695 32809.5 1070190
8c5d 0.279919 266267 33300 1070190
8s5d 0.279453 265856 33211.5 1070190
8h5d 0.279453 265856 33211.5 1070190
9s5c 0.278634 263628 34563.5 1070190
9h5c 0.278634 263628 34563.5 1070190
9c5h 0.278529 263442 34636.5 1070190
9c5s 0.278529 263442 34636.5 1070190
9h5h 0.278076 263053 34541 1070190
9h5s 0.278076 263053 34541 1070190
9s5h 0.278076 263053 34541 1070190
9s5s 0.278076 263053 34541 1070190
8d4c 0.270805 255878 33934.5 1070190
8d4h 0.270274 255332 33912 1070190
8d4s 0.270274 255332 33912 1070190
8c4c 0.270007 255897 33061.5 1070190
8c4d 0.264734 249755 33561 1070190
8h4d 0.264275 249353 33471 1070190
8s4d 0.264275 249353 33471 1070190
9h4c 0.264033 247733 34832 1070190
9s4c 0.264033 247733 34832 1070190
9c4h 0.263922 247540 34906.5 1070190
9c4s 0.263922 247540 34906.5 1070190
9h4h 0.263475 247159 34809.5 1070190
9h4s 0.263475 247159 34809.5 1070190
9s4h 0.263475 247159 34809.5 1070190
9s4s 0.263475 247159 34809.5 1070190
9h3c 0.262087 245651 34832 1070190
9s3c 0.262087 245651 34832 1070190
9c3s 0.261971 245452 34906.5 1070190
9c3h 0.261971 245452 34906.5 1070190
8s6c 0.261717 246969 33117.5 1070190
8h6c 0.261717 246969 33117.5 1070190
8c6s 0.261663 246849 33180 1070190
8c6h 0.261663 246849 33180 1070190
9s3s 0.261524 245071 34809.5 1070190
9s3h 0.261524 245071 34809.5 1070190
9h3s 0.261524 245071 34809.5 1070190
9h3h 0.261524 245071 34809.5 1070190
8s6h 0.261187 246425 33095 1070190
8s6s 0.261187 246425 33095 1070190
8h6s 0.261187 246425 33095 1070190
8h6h 0.261187 246425 33095 1070190
9h2c 0.260142 243569 34832 1070190
9s2c 0.260142 243569 34832 1070190
9c2h 0.26002 243364 34906.5 1070190
9c2s 0.26002 243364 34906.5 1070190
9h2s 0.259573 242983 34809.5 1070190
9h2h 0.259573 242983 34809.5 1070190
9s2h 0.259573 242983 34809.5 1070190
9s2s 0.259573 242983 34809.5 1070190
8d3c 0.256439 240504 33934.5 1070190
8d3s 0.25591 239960 33912 1070190
8d3h 0.25591 239960 33912 1070190
8c3c 0.255855 240752 33061.5 1070190
8d2c 0.254586 238521 33934.5 1070190
8d2s 0.254051 237971 33912 1070190
8d2h 0.254051 237971 33912 1070190
8c2c 0.253954 238718 33061.5 1070190
8h5c 0.249881 233676 33744 1070190
8s5c 0.249881 233676 33744 1070190
8c5s 0.249816 233541 33810 1070190
8c5h 0.249816 233541 33810 1070190
8h5h 0.24935 233130 33721.5 1070190
8s5h 0.24935 233130 33721.5 1070190
8s5s 0.24935 233130 33721.5 1070190
8h5s 0.24935 233130 33721.5 1070190
8c3d 0.248994 232910 33561 1070190
8h3d 0.248539 232513 33471 1070190
8s3d 0.248539 232513 33471 1070190
8c2d 0.245807 229499 33561 1070190
6c5c 0.245455 219789 42894 1070190
8s2d 0.245352 229102 33471 1070190
8h2d 0.245352 229102 33471 1070190
6d5c 0.241727 214564 44129.5 1070190
6d5s 0.241251 214107 44077 1070190
6d5h 0.241251 214107 44077 1070190
6c5d 0.240521 213371 44032.5 1070190
6s5d 0.240068 212958 43960 1070190
6h5d 0.240068 212958 43960 1070190
8s4c 0.235506 218024 34012.5 1070190
8h4c 0.235506 218024 34012.5 1070190
8c4s 0.235435 217880 34080 1070190
8c4h 0.235435 217880 34080 1070190
8h4h 0.234975 217478 33990 1070190
8h4s 0.234975 217478 33990 1070190
8s4h 0.234975 217478 33990 1070190
8s4s 0.234975 217478 33990 1070190
6c4c 0.231467 203975 43738.5 1070190
6d4c 0.227518 198479 45008.5 1070190
6d4h 0.227043 198025 44954.5 1070190
6d4s 0.227043 198025 44954.5 1070190
6c4d 0.224921 195797 44911.5 1070190
6h4d 0.224474 195392 44837.5 1070190
6s4d 0.224474 195392 44837.5 1070190
5c4c 0.221733 193009 44287.5 1070190
8h3c 0.220535 202002 34012.5 1070190
8s3c 0.220535 202002 34012.5 1070190
8c3s 0.220461 201855 34080 1070190
8c3h 0.220461 201855 34080 1070190
8h3s 0.220006 201458 33990 1070190
8s3s 0.220006 201458 33990 1070190
8s3h 0.220006 201458 33990 1070190
8h3h 0.220006 201458 33990 1070190
8s2c 0.21859 199920 34012.5 1070190
8h2c 0.21859 199920 34012.5 1070190
8c2h 0.21851 199767 34080 1070190
8c2s 0.21851 199767 34080 1070190
8s2s 0.218055 199370 33990 1070190
8s2h 0.218055 199370 33990 1070190
8h2s 0.218055 199370 33990 1070190
8h2h 0.218055 199370 33990 1070190
6c3c 0.217315 188830 43738.5 1070190
5d4c 0.216136 185767 45540 1070190
5d4h 0.215681 185340 45480 1070190
5d4s 0.215681 185340 45480 1070190
5c4d 0.214903 184481 45506 1070190
5h4d 0.214459 184073 45439 1070190
5s4d 0.214459 184073 45439 1070190
6d3c 0.213148 183100 45008.5 1070190
6d3s 0.212674 182647 44954.5 1070190
6d3h 0.212674 182647 44954.5 1070190
6s5c 0.210124 180377 44495.5 1070190
6h5c 0.210124 180377 44495.5 1070190
6c5s 0.210101 180333 44515.5 1070190
6c5h 0.210101 180333 44515.5 1070190
6s5h 0.209648 179920 44443 1070190
6s5s 0.209648 179920 44443 1070190
6h5s 0.209648 179920 44443 1070190
6h5h 0.209648 179920 44443 1070190
6c3d 0.209186 178957 44911.5 1070190
6s3d 0.208744 178558 44837.5 1070190
6h3d 0.208744 178558 44837.5 1070190
5c3c 0.20761 177529 44653 1070190
4c3c 0.203714 173473 44539.5 1070190
6c2c 0.202872 173457 43654.5 1070190
5d3c 0.201796 170040 45920 1070190
5d3h 0.201343 169616 45859 1070190
5d3s 0.201343 169616 45859 1070190
5c3d 0.19919 167283 45888.5 1070190
5s3d 0.198752 166881 45821 1070190
5h3d 0.198752 166881 45821 1070190
6d2c 0.198481 167493 44919 1070190
6d2h 0.198009 167042 44865 1070190
6d2s 0.198009 167042 44865 1070190
4d3c 0.196466 164469 45786.5 1070190
4d3s 0.196023 164060 45722 1070190
4d3h 0.196023 164060 45722 1070190
6h4c 0.195325 163638 45397 1070190
6s4c 0.195325 163638 45397 1070190
6c4s 0.195298 163589 45417 1070190
6c4h 0.195298 163589 45417 1070190
4c3d 0.195224 163138 45789 1070190
6s4s 0.19485 163184 45343 1070190
6s4h 0.19485 163184 45343 1070190
6h4h 0.19485 163184 45343 1070190
6h4s 0.19485 163184 45343 1070190
4s3d 0.194786 162733 45725 1070190
4h3d 0.194786 162733 45725 1070190
6c2d 0.193173 161907 44824.5 1070190
5c2c 0.193167 162156 44569 1070190
6h2d 0.192736 161513 44751 1070190
6s2d 0.192736 161513 44751 1070190
4c2c 0.189484 158160 44623.5 1070190
3c2c 0.188363 156990 44594 1070190
5d2c 0.187129 154433 45830.5 1070190
5d2s 0.186678 154011 45769.5 1070190
5d2h 0.186678 154011 45769.5 1070190
5s4c 0.185082 152087 45986 1070190
5h4c 0.185082 152087 45986 1070190
5c4s 0.185071 152068 45993 1070190
5c4h 0.185071 152068 45993 1070190
5s4s 0.184627 151660 45926 1070190
5s4h 0.184627 151660 45926 1070190
5h4h 0.184627 151660 45926 1070190
5h4s 0.184627 151660 45926 1070190
5c2d 0.183177 150233 45801.5 1070190
5h2d 0.182744 149836 45734.5 1070190
5s2d 0.182744 149836 45734.5 1070190
4d2c 0.182019 148921 45873.5 1070190
4d2h 0.181579 148515 45808.5 1070190
4d2s 0.181579 148515 45808.5 1070190
6s3c 0.180355 147617 45397 1070190
6h3c 0.180355 147617 45397 1070190
6c3h 0.180323 147563 45417 1070190
6c3s 0.180323 147563 45417 1070190
6s3s 0.179881 147164 45343 1070190
6s3h 0.179881 147164 45343 1070190
6h3h 0.179881 147164 45343 1070190
6h3s 0.179881 147164 45343 1070190
3d2c 0.179584 146343 45846.5 1070190
4c2d 0.179427 146142 45878.5 1070190
3d2h 0.179144 145937 45781.5 1070190
3d2s 0.179144 145937 45781.5 1070190
4s2d 0.178993 145742 45814.5 1070190
4h2d 0.178993 145742 45814.5 1070190
3c2d 0.178365 145035 45849 1070190
3s2d 0.177928 144632 45784.5 1070190
3h2d 0.177928 144632 45784.5 1070190
5h3c 0.17014 135706 46376.5 1070190
5s3c 0.17014 135706 46376.5 1070190
5c3s 0.170126 135684 46383 1070190
5c3h 0.170126 135684 46383 1070190
5h3h 0.169687 135282 46315.5 1070190
5s3s 0.169687 135282 46315.5 1070190
5s3h 0.169687 135282 46315.5 1070190
5h3s 0.169687 135282 46315.5 1070190
4h3c 0.166083 131481 46259 1070190
4s3c 0.166083 131481 46259 1070190
4c3h 0.166078 131477 46258.5 1070190
4c3s 0.166078 131477 46258.5 1070190
4s3s 0.16564 131072 46194.5 1070190
4h3h 0.16564 131072 46194.5 1070190
4h3s 0.16564 131072 46194.5 1070190
4s3h 0.16564 131072 46194.5 1070190
6h2c 0.165074 131353 45307.5 1070190
6s2c 0.165074 131353 45307.5 1070190
6c2s 0.165039 131296 45327 1070190
6c2h 0.165039 131296 45327 1070190
6h2s 0.164602 130902 45253.5 1070190
6s2h 0.164602 130902 45253.5 1070190
6s2s 0.164602 130902 45253.5 1070190
6h2h 0.164602 130902 45253.5 1070190
5h2c 0.154859 119442 46287 1070190
5s2c 0.154859 119442 46287 1070190
5c2h 0.154842 119417 46293 1070190
5c2s 0.154842 119417 46293 1070190
5s2h 0.154408 119020 46226 1070190
5s2s 0.154408 119020 46226 1070190
5h2s 0.154408 119020 46226 1070190
5h2h 0.154408 119020 46226 1070190
4s2c 0.151027 115279 46349 1070190
4h2c 0.151027 115279 46349 1070190
4c2h 0.151021 115273 46348 1070190
4c2s 0.151021 115273 46348 1070190
4h2h 0.150587 114873 46284 1070190
4s2s 0.150587 114873 46284 1070190
4s2h 0.150587 114873 46284 1070190
4h2s 0.150587 114873 46284 1070190
3h2c 0.149902 114106 46317.5 1070190
3s2c 0.149902 114106 46317.5 1070190
3c2s 0.149899 114103 46317 1070190
3c2h 0.149899 114103 46317 1070190
3h2h 0.149462 113700 46252.5 1070190
3h2s 0.149462 113700 46252.5 1070190
3s2h 0.149462 113700 46252.5 1070190
3s2s 0.149462 113700 46252.5 1070190
