TsTc 0.94041 1006353 64.5 1070190
ThTc 0.94041 1006353 64.5 1070190
AsAd 0.932697 998163 0 1070190
AhAd 0.932697 998163 0 1070190
AsAh 0.932324 997764 0 1070190
TsTh 0.925738 990651 64.5 1070190
7s7d 0.919446 983862 120 1070190
7h7d 0.919446 983862 120 1070190
7s7h 0.91907 983460 120 1070190
AdTc 0.91501 976581 2654 1070190
AhTc 0.914553 976092 2654 1070190
AsTc 0.914553 976092 2654 1070190
AdTh 0.899422 959853 2699 1070190
AdTs 0.899422 959853 2699 1070190
AsTs 0.898965 959364 2699 1070190
AsTh 0.898965 959364 2699 1070190
AhTh 0.898965 959364 2699 1070190
AhTs 0.898965 959364 2699 1070190
Ad7d 0.887726 944136 5899 1070190
Ah7d 0.882755 938727 5989 1070190
As7d 0.882755 938727 5989 1070190
Ad7s 0.882753 938724 5989 1070190
Ad7h 0.882753 938724 5989 1070190
As7h 0.882401 938370 5966.5 1070190
Ah7h 0.882401 938370 5966.5 1070190
Ah7s 0.882401 938370 5966.5 1070190
As7s 0.882401 938370 5966.5 1070190
AdKc 0.870493 927368 4224.5 1070190
AhKc 0.869719 926563 4202 1070190
AsKc 0.869719 926563 4202 1070190
Tc7d 0.867556 922146 6303.5 1070190
Tc7s 0.867138 921699 6303.5 1070190
Tc7h 0.867138 921699 6303.5 1070190
AdQc 0.863046 918630 4993.5 1070190
AdJc 0.86275 916807 6499.5 1070190
AhQc 0.86231 917869 4967 1070190
AsQc 0.86231 917869 4967 1070190
AhJc 0.862045 916082 6469.5 1070190
AsJc 0.862045 916082 6469.5 1070190
KcTc 0.85225 905267 6802.5 1070190
AdKd 0.851755 907412 4127.5 1070190
Ts7d 0.850868 904392 6198.5 1070190
Th7d 0.850868 904392 6198.5 1070190
Th7h 0.85045 903945 6198.5 1070190
Ts7h 0.85045 903945 6198.5 1070190
Th7s 0.85045 903945 6198.5 1070190
Ts7s 0.85045 903945 6198.5 1070190
Ad9c 0.848001 896018 11504 1070190
Ah9c 0.847349 895377 11447 1070190
As9c 0.847349 895377 11447 1070190
AdJd 0.84713 900243 6347 1070190
AdQd 0.845865 900345 4891.5 1070190
QcTc 0.845831 897986 7213.5 1070190
AsKd 0.844341 899281 4324 1070190
AhKd 0.844341 899281 4324 1070190
AdKs 0.844315 899258 4320 1070190
AdKh 0.844315 899258 4320 1070190
JcTc 0.843796 894950 8072 1070190
AsKh 0.843542 898453 4297.5 1070190
AsKs 0.843542 898453 4297.5 1070190
AhKh 0.843542 898453 4297.5 1070190
AhKs 0.843542 898453 4297.5 1070190
Ad8c 0.842256 888940 12434 1070190
Ah8c 0.841632 888334 12372 1070190
As8c 0.841632 888334 12372 1070190
AsJd 0.839868 892167 6651.5 1070190
AhJd 0.839868 892167 6651.5 1070190
AdJs 0.839809 892104 6651.5 1070190
AdJh 0.839809 892104 6651.5 1070190
AhJs 0.839104 891379 6621.5 1070190
AhJh 0.839104 891379 6621.5 1070190
AsJh 0.839104 891379 6621.5 1070190
AsJs 0.839104 891379 6621.5 1070190
AsQd 0.838185 891901 5116 1070190
AhQd 0.838185 891901 5116 1070190
AdQs 0.838122 891834 5116 1070190
AdQh 0.838122 891834 5116 1070190
AhQs 0.837386 891073 5089.5 1070190
AhQh 0.837386 891073 5089.5 1070190
AsQs 0.837386 891073 5089.5 1070190
AsQh 0.837386 891073 5089.5 1070190
Ad9d 0.835476 882923 11195 1070190
Ad8d 0.83113 877330 12137 1070190
Tc9c 0.827855 877017 8945.5 1070190
Ah9d 0.827703 874102 11697.5 1070190
As9d 0.827703 874102 11697.5 1070190
Ad9h 0.827592 873956 11725 1070190
Ad9s 0.827592 873956 11725 1070190
Ah9h 0.82694 873315 11668 1070190
Ah9s 0.82694 873315 11668 1070190
As9s 0.82694 873315 11668 1070190
As9h 0.82694 873315 11668 1070190
Ad6c 0.826374 866616 17761 1070190
As6c 0.825823 866130 17658 1070190
Ah6c 0.825823 866130 17658 1070190
Tc8c 0.824934 873273 9563.5 1070190
Ah8d 0.823203 868309 12674.5 1070190
As8d 0.823203 868309 12674.5 1070190
Ad8s 0.82307 868134 12707 1070190
Ad8h 0.82307 868134 12707 1070190
Ah8s 0.822446 867528 12645 1070190
Ah8h 0.822446 867528 12645 1070190
As8s 0.822446 867528 12645 1070190
As8h 0.822446 867528 12645 1070190
Ad5c 0.819735 859800 17472 1070190
As5c 0.819194 859329 17364.5 1070190
Ah5c 0.819194 859329 17364.5 1070190
Ad4c 0.818146 857980 17592 1070190
As4c 0.817608 857512 17483.5 1070190
Ah4c 0.817608 857512 17483.5 1070190
Ad3c 0.816531 856251 17592 1070190
Ad6d 0.816515 856310 17516.5 1070190
Ah3c 0.815992 855783 17483.5 1070190
As3c 0.815992 855783 17483.5 1070190
Ad2c 0.814941 854550 17592 1070190
Tc6c 0.814756 858688 13256 1070190
As2c 0.814403 854082 17483.5 1070190
Ah2c 0.814403 854082 17483.5 1070190
Tc5c 0.811383 855249 13084.5 1070190
Tc4c 0.811192 854973 13156.5 1070190
Ad5d 0.811134 850803 17265 1070190
Tc3c 0.811035 854805 13156.5 1070190
Tc2c 0.810878 854637 13156.5 1070190
Ad4d 0.810847 850377 17383 1070190
Ad3d 0.810482 849987 17383 1070190
Ad2d 0.810118 849597 17383 1070190
Ah6d 0.807661 846089 18261.5 1070190
As6d 0.807661 846089 18261.5 1070190
Ad6h 0.807434 845772 18335.5 1070190
Ad6s 0.807434 845772 18335.5 1070190
Ah6s 0.806883 845286 18232.5 1070190
Ah6h 0.806883 845286 18232.5 1070190
As6s 0.806883 845286 18232.5 1070190
As6h 0.806883 845286 18232.5 1070190
Ah5d 0.80175 840039 17986 1070190
As5d 0.80175 840039 17986 1070190
Ad5h 0.801485 839673 18068 1070190
Ad5s 0.801485 839673 18068 1070190
Ah4d 0.801449 839592 18111 1070190
As4d 0.801449 839592 18111 1070190
Ad4h 0.801182 839223 18194 1070190
Ad4s 0.801182 839223 18194 1070190
As3d 0.801034 839148 18111 1070190
Ah3d 0.801034 839148 18111 1070190
Ah5s 0.800944 839202 17960.5 1070190
Ah5h 0.800944 839202 17960.5 1070190
As5s 0.800944 839202 17960.5 1070190
As5h 0.800944 839202 17960.5 1070190
Ad3h 0.800762 838773 18194 1070190
Ad3s 0.800762 838773 18194 1070190
As4s 0.800643 838755 18085.5 1070190
Ah4s 0.800643 838755 18085.5 1070190
Ah4h 0.800643 838755 18085.5 1070190
As4h 0.800643 838755 18085.5 1070190
As2d 0.80062 838704 18111 1070190
Ah2d 0.80062 838704 18111 1070190
Ad2h 0.800341 838323 18194 1070190
Ad2s 0.800341 838323 18194 1070190
Ah3h 0.800223 838305 18085.5 1070190
Ah3s 0.800223 838305 18085.5 1070190
As3s 0.800223 838305 18085.5 1070190
As3h 0.800223 838305 18085.5 1070190
Ah2s 0.799802 837855 18085.5 1070190
As2h 0.799802 837855 18085.5 1070190
As2s 0.799802 837855 18085.5 1070190
Ah2h 0.799802 837855 18085.5 1070190
KdKc 0.787393 841543 1117.5 1070190
KsKc 0.786648 840750 1113 1070190
KhKc 0.786648 840750 1113 1070190
QdQc 0.769094 821959 1117.5 1070190
QhQc 0.768349 821166 1113 1070190
QsQc 0.768349 821166 1113 1070190
KcTh 0.764844 808805 9723 1070190
KcTs 0.764844 808805 9723 1070190
KdTc 0.761672 805219 9915 1070190
JdJc 0.761309 813043 1702.5 1070190
KsTc 0.760863 804357 9910.5 1070190
KhTc 0.760863 804357 9910.5 1070190
JhJc 0.760596 812288 1694 1070190
JsJc 0.760596 812288 1694 1070190
JcTh 0.759953 801771 11523.5 1070190
JcTs 0.759953 801771 11523.5 1070190
JdTc 0.75975 801318 11758.5 1070190
JhTc 0.758975 800497 11750 1070190
JsTc 0.758975 800497 11750 1070190
QcTs 0.758665 801677 10239 1070190
QcTh 0.758665 801677 10239 1070190
KhKd 0.758515 810647 1108 1070190
KsKd 0.758515 810647 1108 1070190
KsKh 0.75777 809854 1103.5 1070190
QdTc 0.756741 799394 10463 1070190
QhTc 0.755932 798532 10458.5 1070190
QsTc 0.755932 798532 10458.5 1070190
KcQc 0.742363 786618 7851.5 1070190
QhQd 0.741107 792017 1108 1070190
QsQd 0.741107 792017 1108 1070190
KcJc 0.740608 784257 8334 1070190
QsQh 0.740362 791224 1103.5 1070190
Tc9d 0.738773 777492 13135.5 1070190
Tc9s 0.737998 776671 13127.5 1070190
Tc9h 0.737998 776671 13127.5 1070190
KdTs 0.737147 779276 9611 1070190
KdTh 0.737147 779276 9611 1070190
Th9c 0.736358 775223 12820 1070190
Ts9c 0.736358 775223 12820 1070190
KsTh 0.736337 778414 9606.5 1070190
KhTs 0.736337 778414 9606.5 1070190
KsTs 0.736337 778414 9606.5 1070190
KhTh 0.736337 778414 9606.5 1070190
JdTh 0.735698 775889 11447.5 1070190
JdTs 0.735698 775889 11447.5 1070190
JhJd 0.735013 784919 1685 1070190
JsJd 0.735013 784919 1685 1070190
JhTs 0.734923 775068 11439 1070190
JsTh 0.734923 775068 11439 1070190
JsTs 0.734923 775068 11439 1070190
JhTh 0.734923 775068 11439 1070190
Tc8d 0.734404 771860 14091.5 1070190
JsJh 0.7343 784164 1676.5 1070190
Tc8s 0.733635 771045 14083.5 1070190
Tc8h 0.733635 771045 14083.5 1070190
QdTh 0.732342 773606 10139 1070190
QdTs 0.732342 773606 10139 1070190
QsTh 0.731532 772744 10134.5 1070190
QhTs 0.731532 772744 10134.5 1070190
QhTh 0.731532 772744 10134.5 1070190
QsTs 0.731532 772744 10134.5 1070190
Th8c 0.730776 768343 13726 1070190
Ts8c 0.730776 768343 13726 1070190
Tc6d 0.717352 748065 19638 1070190
Tc6s 0.716548 747209 19634 1070190
Tc6h 0.716548 747209 19634 1070190
Ts9d 0.714223 751584 12770.5 1070190
Th9d 0.714223 751584 12770.5 1070190
Th9s 0.713449 750763 12762.5 1070190
Ts9h 0.713449 750763 12762.5 1070190
Ts9s 0.713449 750763 12762.5 1070190
Th9h 0.713449 750763 12762.5 1070190
Th6c 0.71323 744328 18963.5 1070190
Ts6c 0.71323 744328 18963.5 1070190
Tc5d 0.71083 741357 19366.5 1070190
Tc4d 0.710544 740931 19486.5 1070190
Tc3d 0.710144 740502 19486.5 1070190
Tc5s 0.709998 740466 19366.5 1070190
Tc5h 0.709998 740466 19366.5 1070190
Th8d 0.709974 746107 13700.5 1070190
Ts8d 0.709974 746107 13700.5 1070190
Tc2d 0.709743 740073 19486.5 1070190
Tc4h 0.709712 740040 19486.5 1070190
Tc4s 0.709712 740040 19486.5 1070190
Tc3s 0.709305 739605 19486.5 1070190
Tc3h 0.709305 739605 19486.5 1070190
Ts8s 0.709205 745292 13692.5 1070190
Th8h 0.709205 745292 13692.5 1070190
Ts8h 0.709205 745292 13692.5 1070190
Th8s 0.709205 745292 13692.5 1070190
Tc2h 0.708899 739170 19486.5 1070190
Tc2s 0.708899 739170 19486.5 1070190
Ts5c 0.705842 736737 18648 1070190
Th5c 0.705842 736737 18648 1070190
Ts4c 0.704265 734935 18762 1070190
Th4c 0.704265 734935 18762 1070190
Th3c 0.702649 733206 18762 1070190
Ts3c 0.702649 733206 18762 1070190
Ts2c 0.70106 731505 18762 1070190
Th2c 0.70106 731505 18762 1070190
QcJc 0.700191 741599 7738 1070190
Ts6d 0.692897 722481 19050.5 1070190
Th6d 0.692897 722481 19050.5 1070190
Ts6s 0.692093 721625 19046.5 1070190
Th6h 0.692093 721625 19046.5 1070190
Th6s 0.692093 721625 19046.5 1070190
Ts6h 0.692093 721625 19046.5 1070190
Th5d 0.686228 715659 18735 1070190
Ts5d 0.686228 715659 18735 1070190
Ts4d 0.685947 715242 18852 1070190
Th4d 0.685947 715242 18852 1070190
Ts3d 0.685538 714804 18852 1070190
Th3d 0.685538 714804 18852 1070190
Ts5s 0.685395 714768 18735 1070190
Ts5h 0.685395 714768 18735 1070190
Th5h 0.685395 714768 18735 1070190
Th5s 0.685395 714768 18735 1070190
Th2d 0.685129 714366 18852 1070190
Ts2d 0.685129 714366 18852 1070190
Ts4s 0.685115 714351 18852 1070190
Ts4h 0.685115 714351 18852 1070190
Th4s 0.685115 714351 18852 1070190
Th4h 0.685115 714351 18852 1070190
Ts3s 0.6847 713907 18852 1070190
Th3s 0.6847 713907 18852 1070190
Ts3h 0.6847 713907 18852 1070190
Th3h 0.6847 713907 18852 1070190
Th2h 0.684285 713463 18852 1070190
Ts2s 0.684285 713463 18852 1070190
Ts2h 0.684285 713463 18852 1070190
Th2s 0.684285 713463 18852 1070190
Kc9c 0.68087 715483 13177.5 1070190
Kc8c 0.675867 709234 14072.5 1070190
Kc7d 0.674435 711426 10347.5 1070190
Kc7h 0.673671 710631 10325 1070190
Kc7s 0.673671 710631 10325 1070190
9c8c 0.67184 702874 16122 1070190
Jc7d 0.66909 704025 12028.5 1070190
Jc7s 0.668393 703309 11998.5 1070190
Jc7h 0.668393 703309 11998.5 1070190
Qc7d 0.666939 702946 10805.5 1070190
Qc7h 0.666213 702195 10779 1070190
Qc7s 0.666213 702195 10779 1070190
9d9c 0.664582 709344 1885.5 1070190
9s9c 0.663869 708589 1877.5 1070190
9h9c 0.663869 708589 1877.5 1070190
Jc9c 0.66092 694691 12619 1070190
Kd7d 0.659104 694917 10450 1070190
Jc8c 0.657016 690513 12619 1070190
Jd7d 0.656587 690645 12027.5 1070190
Kc6c 0.653612 680708 18781 1070190
Qd7d 0.653037 687996 10877.5 1070190
9c7d 0.649369 674449 20499.5 1070190
9c7s 0.648763 673900 20400 1070190
9c7h 0.648763 673900 20400 1070190
8d8c 0.647443 691037 1849.5 1070190
8h8c 0.646735 690288 1841.5 1070190
8s8c 0.646735 690288 1841.5 1070190
Kc5c 0.646654 673263 18780 1070190
Kc4c 0.645179 671577 18887 1070190
8c7d 0.645046 668916 21405.5 1070190
8c7s 0.644457 668393 21298 1070190
8c7h 0.644457 668393 21298 1070190
Kc3c 0.643803 670104 18887 1070190
Kc2c 0.642426 668631 18887 1070190
Ks7d 0.64146 675842 10642.5 1070190
Kh7d 0.64146 675842 10642.5 1070190
Kd7s 0.641453 675830 10646.5 1070190
Kd7h 0.641453 675830 10646.5 1070190
Kh7s 0.640697 675047 10620 1070190
Kh7h 0.640697 675047 10620 1070190
Ks7h 0.640697 675047 10620 1070190
Ks7s 0.640697 675047 10620 1070190
Qc9c 0.640323 672686 12581.5 1070190
9d7d 0.640016 664695 20243.5 1070190
Jd7h 0.63963 672194 12332 1070190
Jd7s 0.63963 672194 12332 1070190
Jh7d 0.639603 672165 12332 1070190
Js7d 0.639603 672165 12332 1070190
9s9d 0.63931 682323 1860.5 1070190
9h9d 0.63931 682323 1860.5 1070190
Js7s 0.638906 671449 12302 1070190
Jh7h 0.638906 671449 12302 1070190
Jh7s 0.638906 671449 12302 1070190
Js7h 0.638906 671449 12302 1070190
9s9h 0.638597 681568 1852.5 1070190
8d7d 0.636993 660569 21135 1070190
Qd7s 0.635327 668819 11102 1070190
Qd7h 0.635327 668819 11102 1070190
Qc8c 0.63532 666437 13476.5 1070190
Qh7d 0.635297 668787 11102 1070190
Qs7d 0.635297 668787 11102 1070190
Qh7h 0.634571 668036 11075.5 1070190
Qs7s 0.634571 668036 11075.5 1070190
Qs7h 0.634571 668036 11075.5 1070190
Qh7s 0.634571 668036 11075.5 1070190
8s8d 0.623087 664996 1826 1070190
8h8d 0.623087 664996 1826 1070190
9d7s 0.622403 645046 21043.5 1070190
9d7h 0.622403 645046 21043.5 1070190
8s8h 0.62238 664247 1818 1070190
9h7d 0.622284 644849 21113.5 1070190
9s7d 0.622284 644849 21113.5 1070190
9h7h 0.621678 644300 21014 1070190
9h7s 0.621678 644300 21014 1070190
9s7s 0.621678 644300 21014 1070190
9s7h 0.621678 644300 21014 1070190
8d7s 0.619431 640918 21991 1070190
8d7h 0.619431 640918 21991 1070190
8s7d 0.619301 640701 22069 1070190
8h7d 0.619301 640701 22069 1070190
7d6c 0.619111 640538 22028.5 1070190
8h7h 0.618712 640178 21961.5 1070190
8s7s 0.618712 640178 21961.5 1070190
8s7h 0.618712 640178 21961.5 1070190
8h7s 0.618712 640178 21961.5 1070190
7h6c 0.618546 640051 21910.5 1070190
7s6c 0.618546 640051 21910.5 1070190
7d6d 0.612532 633726 21800 1070190
Qc6c 0.612013 636303 18667.5 1070190
7d5c 0.6096 630708 21679.5 1070190
7h5c 0.609046 630237 21557.5 1070190
7s5c 0.609046 630237 21557.5 1070190
7d4c 0.608011 628888 21799.5 1070190
7h4c 0.607459 628420 21676.5 1070190
7s4c 0.607459 628420 21676.5 1070190
7d3c 0.606396 627159 21799.5 1070190
7s3c 0.605843 626691 21676.5 1070190
7h3c 0.605843 626691 21676.5 1070190
Qc5c 0.604822 628608 18666.5 1070190
7d2c 0.604806 625458 21799.5 1070190
KcQd 0.604469 635916 10981 1070190
7d5d 0.604334 625263 21489.5 1070190
7h2c 0.604254 624990 21676.5 1070190
7s2c 0.604254 624990 21676.5 1070190
7d4d 0.604046 624837 21607.5 1070190
KcQs 0.603735 635162 10949.5 1070190
KcQh 0.603735 635162 10949.5 1070190
KcJd 0.603695 634298 11770 1070190
7d3d 0.603682 624447 21607.5 1070190
Qc4c 0.603347 626922 18773.5 1070190
7d2d 0.603318 624057 21607.5 1070190
KcJh 0.602992 633581 11735 1070190
KcJs 0.602992 633581 11735 1070190
KdQc 0.602982 634340 10965 1070190
KhQc 0.602251 633594 10929.5 1070190
KsQc 0.602251 633594 10929.5 1070190
Qc3c 0.60197 625449 18773.5 1070190
Qc2c 0.600594 623976 18773.5 1070190
KdJc 0.600522 630901 11771.5 1070190
KsJc 0.599822 630188 11736 1070190
KhJc 0.599822 630188 11736 1070190
9c6c 0.596269 616765 21356.5 1070190
7h6d 0.59341 612411 22650 1070190
7s6d 0.59341 612411 22650 1070190
7d6h 0.593229 612129 22739 1070190
7d6s 0.593229 612129 22739 1070190
7h6h 0.592664 611642 22621 1070190
7s6s 0.592664 611642 22621 1070190
7s6h 0.592664 611642 22621 1070190
7h6s 0.592664 611642 22621 1070190
KdQd 0.590875 621744 10605 1070190
KdJd 0.590123 620174 11369.5 1070190
7s5d 0.584505 603219 22312 1070190
7h5d 0.584505 603219 22312 1070190
7d5h 0.584286 602889 22408.5 1070190
7d5s 0.584286 602889 22408.5 1070190
7h4d 0.584204 602772 22437 1070190
7s4d 0.584204 602772 22437 1070190
7d4h 0.583984 602439 22534.5 1070190
7d4s 0.583984 602439 22534.5 1070190
7s3d 0.583789 602328 22437 1070190
7h3d 0.583789 602328 22437 1070190
7h5h 0.583732 602418 22286.5 1070190
7s5h 0.583732 602418 22286.5 1070190
7h5s 0.583732 602418 22286.5 1070190
7s5s 0.583732 602418 22286.5 1070190
7d3s 0.583563 601989 22534.5 1070190
7d3h 0.583563 601989 22534.5 1070190
7h4h 0.583431 601971 22411.5 1070190
7s4s 0.583431 601971 22411.5 1070190
7s4h 0.583431 601971 22411.5 1070190
7h4s 0.583431 601971 22411.5 1070190
7s2d 0.583374 601884 22437 1070190
7h2d 0.583374 601884 22437 1070190
7d2s 0.583143 601539 22534.5 1070190
7d2h 0.583143 601539 22534.5 1070190
7s3s 0.583011 601521 22411.5 1070190
7h3s 0.583011 601521 22411.5 1070190
7h3h 0.583011 601521 22411.5 1070190
7s3h 0.583011 601521 22411.5 1070190
7h2s 0.58259 601071 22411.5 1070190
7h2h 0.58259 601071 22411.5 1070190
7s2h 0.58259 601071 22411.5 1070190
7s2s 0.58259 601071 22411.5 1070190
8c6c 0.580088 600062 20742 1070190
Jc6c 0.577085 599359 18232 1070190
Jc5c 0.575447 597285 18553 1070190
Jc4c 0.573972 595599 18660 1070190
Jc3c 0.572596 594126 18660 1070190
Jc2c 0.571219 592653 18660 1070190
KhQd 0.570729 599937 10851.5 1070190
KsQd 0.570729 599937 10851.5 1070190
KdQh 0.570725 599929 10855.5 1070190
KdQs 0.570725 599929 10855.5 1070190
KhJd 0.570305 598665 11670 1070190
KsJd 0.570305 598665 11670 1070190
KdJs 0.570302 598661 11670.5 1070190
KdJh 0.570302 598661 11670.5 1070190
KsQs 0.569995 599183 10820 1070190
KsQh 0.569995 599183 10820 1070190
KhQh 0.569995 599183 10820 1070190
KhQs 0.569995 599183 10820 1070190
KsJh 0.569603 597948 11635 1070190
KhJh 0.569603 597948 11635 1070190
KsJs 0.569603 597948 11635 1070190
KhJs 0.569603 597948 11635 1070190
QcJd 0.5457 573165 10837.5 1070190
QcJh 0.545026 572475 10806 1070190
QcJs 0.545026 572475 10806 1070190
QdJc 0.543834 571182 10823.5 1070190
QhJc 0.543135 570469 10788.5 1070190
QsJc 0.543135 570469 10788.5 1070190
6d6c 0.540027 571590 6342 1070190
6s6c 0.539335 570856 6335 1070190
6h6c 0.539335 570856 6335 1070190
QdJd 0.535087 562175 10469.5 1070190
9c5c 0.532635 547690 22330.5 1070190
9c4c 0.531006 545840 22437.5 1070190
9c3c 0.529663 544403 22437.5 1070190
9c2c 0.528287 542930 22437.5 1070190
9c8d 0.521218 535982 21820 1070190
9c8h 0.520564 535328 21774 1070190
9c8s 0.520564 535328 21774 1070190
9d8c 0.519899 534686 21705 1070190
9h8c 0.519257 534060 21643.5 1070190
9s8c 0.519257 534060 21643.5 1070190
9d8d 0.51613 531543 20814 1070190
8c5c 0.515354 529059 22467.5 1070190
Kc9d 0.514971 531909 19207.5 1070190
Kc9s 0.5143 531221 19178 1070190
Kc9h 0.5143 531221 19178 1070190
8c4c 0.513725 527209 22574.5 1070190
6h6d 0.512794 542472 6314.5 1070190
6s6d 0.512794 542472 6314.5 1070190
QdJs 0.512505 537764 10714 1070190
QdJh 0.512505 537764 10714 1070190
QsJd 0.51248 537741 10710.5 1070190
QhJd 0.51248 537741 10710.5 1070190
6s6h 0.512101 541738 6307.5 1070190
QsJs 0.511806 537051 10679 1070190
QsJh 0.511806 537051 10679 1070190
QhJs 0.511806 537051 10679 1070190
QhJh 0.511806 537051 10679 1070190
5d5c 0.511263 541392 5757 1070190
5s5c 0.510546 540627 5754 1070190
5h5c 0.510546 540627 5754 1070190
Kd9c 0.508284 524961 18999.5 1070190
Kh9c 0.507658 524348 18942 1070190
Ks9c 0.507658 524348 18942 1070190
Kc8d 0.507579 522624 20582.5 1070190
Kc8s 0.506915 521942 20553 1070190
Kc8h 0.506915 521942 20553 1070190
8c3c 0.504516 517354 22574.5 1070190
8c2c 0.50314 515881 22574.5 1070190
Kd9d 0.502856 519848 18303.5 1070190
Kd8c 0.499573 514319 20319.5 1070190
Kh8c 0.498975 513741 20257 1070190
Ks8c 0.498975 513741 20257 1070190
Kd8d 0.495711 510896 19608.5 1070190
9h8d 0.494344 507442 21599.5 1070190
9s8d 0.494344 507442 21599.5 1070190
9d8h 0.494332 507414 21615 1070190
9d8s 0.494332 507414 21615 1070190
Jc9d 0.494086 510695 18071 1070190
9h8h 0.493689 506788 21553.5 1070190
9h8s 0.493689 506788 21553.5 1070190
9s8s 0.493689 506788 21553.5 1070190
9s8h 0.493689 506788 21553.5 1070190
Jc9h 0.493421 510014 18040.5 1070190
Jc9s 0.493421 510014 18040.5 1070190
4d4c 0.492452 521260 5757 1070190
4h4c 0.491734 520495 5754 1070190
4s4c 0.491734 520495 5754 1070190
Jd9c 0.490805 507410 17844.5 1070190
Jh9c 0.49017 506793 17782.5 1070190
Js9c 0.49017 506793 17782.5 1070190
Jc8d 0.488178 504372 18071 1070190
Jc8h 0.487519 503697 18040.5 1070190
Jc8s 0.487519 503697 18040.5 1070190
Jd9d 0.486091 502959 17250.5 1070190
5s5d 0.483961 512193 5737.5 1070190
5h5d 0.483961 512193 5737.5 1070190
Jd8c 0.483599 499698 17844.5 1070190
5s5h 0.483244 511428 5734.5 1070190
Js8c 0.482988 499106 17782.5 1070190
Jh8c 0.482988 499106 17782.5 1070190
6c5c 0.482507 487257 29117.5 1070190
6c4c 0.48093 485515 29171 1070190
Jd8d 0.480416 496886 17250.5 1070190
Ks9d 0.47907 493685 19011 1070190
Kh9d 0.47907 493685 19011 1070190
Kd9h 0.479026 493610 19039 1070190
Kd9s 0.479026 493610 19039 1070190
Ks9s 0.4784 492997 18981.5 1070190
Ks9h 0.4784 492997 18981.5 1070190
Kh9s 0.4784 492997 18981.5 1070190
Kh9h 0.4784 492997 18981.5 1070190
5c4c 0.475872 479911 29362 1070190
Kc6d 0.47398 479155 28094 1070190
Kc6h 0.473351 478508 28068 1070190
Kc6s 0.473351 478508 28068 1070190
3d3c 0.47305 500496 5757 1070190
3s3c 0.472326 499725 5754 1070190
3h3c 0.472326 499725 5754 1070190
6c3c 0.471855 475803 29171 1070190
Ks8d 0.471659 484394 20371 1070190
Kh8d 0.471659 484394 20371 1070190
Kd8h 0.471593 484290 20404 1070190
Kd8s 0.471593 484290 20404 1070190
Ks8h 0.470994 483712 20341.5 1070190
Kh8s 0.470994 483712 20341.5 1070190
Kh8h 0.470994 483712 20341.5 1070190
Ks8s 0.470994 483712 20341.5 1070190
5c3c 0.467868 471114 29594 1070190
4h4d 0.465807 492765 5737.5 1070190
4s4d 0.465807 492765 5737.5 1070190
4s4h 0.46509 492000 5734.5 1070190
Kd6c 0.464573 469657 27524.5 1070190
Ks6c 0.464041 469188 27424 1070190
Kh6c 0.464041 469188 27424 1070190
4c3c 0.463651 466654 29540.5 1070190
Kd6d 0.462578 468371 26675.5 1070190
6c2c 0.462326 465659 29117.5 1070190
Kc5d 0.462224 466557 28110.5 1070190
Jh9d 0.462042 476661 17811.5 1070190
Js9d 0.462042 476661 17811.5 1070190
Jd9h 0.462011 476597 17843 1070190
Jd9s 0.462011 476597 17843 1070190
Kc5s 0.461571 465881 28088 1070190
Kc5h 0.461571 465881 28088 1070190
Js9h 0.461377 475980 17781 1070190
Jh9s 0.461377 475980 17781 1070190
Jh9h 0.461377 475980 17781 1070190
Js9s 0.461377 475980 17781 1070190
Kc4d 0.460376 464400 28289.5 1070190
Kc4h 0.459723 463724 28267 1070190
Kc4s 0.459723 463724 28267 1070190
Kc3d 0.458523 462417 28289.5 1070190
5c2c 0.458473 461113 29540.5 1070190
Kc3s 0.457864 461735 28267 1070190
Kc3h 0.457864 461735 28267 1070190
Qc9d 0.456951 470749 18275 1070190
Kc2d 0.45667 460434 28289.5 1070190
Qc9s 0.456308 470087 18249 1070190
Qc9h 0.456308 470087 18249 1070190
Js8d 0.456125 470329 17811.5 1070190
Jh8d 0.456125 470329 17811.5 1070190
Jd8s 0.456077 470246 17843 1070190
Jd8h 0.456077 470246 17843 1070190
Kc2h 0.456006 459746 28267 1070190
Kc2s 0.456006 459746 28267 1070190
Jh8s 0.455466 469654 17781 1070190
Jh8h 0.455466 469654 17781 1070190
Js8s 0.455466 469654 17781 1070190
Js8h 0.455466 469654 17781 1070190
4c2c 0.454257 456547 29594 1070190
2d2c 0.453674 479760 5757 1070190
2h2c 0.452945 478983 5754 1070190
2s2c 0.452945 478983 5754 1070190
3c2c 0.452242 454409 29576 1070190
Kd5c 0.451681 455883 27501 1070190
Qd9c 0.451662 465313 18051.5 1070190
Ks5c 0.451157 455428 27396 1070190
Kh5c 0.451157 455428 27396 1070190
Kd5d 0.451154 456153 26667 1070190
Qh9c 0.451036 464700 17994.5 1070190
Qs9c 0.451036 464700 17994.5 1070190
Qc8d 0.449559 461464 19650 1070190
Kd4d 0.449242 453939 26835 1070190
Qc8s 0.448922 460808 19624 1070190
Qc8h 0.448922 460808 19624 1070190
Kd4c 0.448393 452191 27675 1070190
Kh4c 0.447872 451739 27569 1070190
Ks4c 0.447872 451739 27569 1070190
Qd9d 0.447808 461836 17403.5 1070190
Kd3d 0.447347 451911 26835 1070190
3h3d 0.446953 472587 5737.5 1070190
3s3d 0.446953 472587 5737.5 1070190
3s3h 0.44623 471816 5734.5 1070190
Kd2d 0.445452 449883 26835 1070190
Kd3c 0.44518 448752 27675 1070190
Kh3c 0.444658 448300 27569 1070190
Ks3c 0.444658 448300 27569 1070190
Qd8c 0.442952 454671 19371.5 1070190
Qs8c 0.442354 454093 19309.5 1070190
Qh8c 0.442354 454093 19309.5 1070190
Kd2c 0.441993 445341 27675 1070190
Kh2c 0.441471 444889 27569 1070190
Ks2c 0.441471 444889 27569 1070190
Qd8d 0.440662 452884 18708.5 1070190
Ks6d 0.437053 439928 27802 1070190
Kh6d 0.437053 439928 27802 1070190
Kd6h 0.436957 439750 27876.5 1070190
Kd6s 0.436957 439750 27876.5 1070190
Kh6s 0.436424 439281 27776 1070190
Kh6h 0.436424 439281 27776 1070190
Ks6s 0.436424 439281 27776 1070190
Ks6h 0.436424 439281 27776 1070190
2h2d 0.428098 452409 5737.5 1070190
2s2d 0.428098 452409 5737.5 1070190
2s2h 0.427369 451632 5734.5 1070190
Ks5d 0.424859 426891 27789 1070190
Kh5d 0.424859 426891 27789 1070190
Kd5h 0.42473 426670 27871.5 1070190
Kd5s 0.42473 426670 27871.5 1070190
Ks5s 0.424206 426215 27766.5 1070190
Kh5s 0.424206 426215 27766.5 1070190
Ks5h 0.424206 426215 27766.5 1070190
Kh5h 0.424206 426215 27766.5 1070190
Ks4d 0.422927 424644 27968 1070190
Kh4d 0.422927 424644 27968 1070190
Kd4h 0.422795 424420 28051.5 1070190
Kd4s 0.422795 424420 28051.5 1070190
Ks4s 0.422274 423968 27945.5 1070190
Ks4h 0.422274 423968 27945.5 1070190
Kh4s 0.422274 423968 27945.5 1070190
Kh4h 0.422274 423968 27945.5 1070190
Qh9d 0.421287 432806 18051.5 1070190
Qs9d 0.421287 432806 18051.5 1070190
Qd9s 0.421271 432757 18082.5 1070190
Qd9h 0.421271 432757 18082.5 1070190
Ks3d 0.420981 422562 27968 1070190
Kh3d 0.420981 422562 27968 1070190
Kd3h 0.420844 422332 28051.5 1070190
Kd3s 0.420844 422332 28051.5 1070190
Qs9h 0.420644 432144 18025.5 1070190
Qh9h 0.420644 432144 18025.5 1070190
Qh9s 0.420644 432144 18025.5 1070190
Qs9s 0.420644 432144 18025.5 1070190
Kh3s 0.420323 421880 27945.5 1070190
Kh3h 0.420323 421880 27945.5 1070190
Ks3s 0.420323 421880 27945.5 1070190
Ks3h 0.420323 421880 27945.5 1070190
Kh2d 0.419036 420480 27968 1070190
Ks2d 0.419036 420480 27968 1070190
Kd2s 0.418893 420244 28051.5 1070190
Kd2h 0.418893 420244 28051.5 1070190
Ks2s 0.418372 419792 27945.5 1070190
Ks2h 0.418372 419792 27945.5 1070190
Kh2h 0.418372 419792 27945.5 1070190
Kh2s 0.418372 419792 27945.5 1070190
Qc6d 0.414245 415370 27950.5 1070190
Qh8d 0.413877 423515 19411.5 1070190
Qs8d 0.413877 423515 19411.5 1070190
Qd8h 0.413837 423437 19447.5 1070190
Qd8s 0.413837 423437 19447.5 1070190
Qc6s 0.413649 414758 27924.5 1070190
Qc6h 0.413649 414758 27924.5 1070190
Qs8h 0.413239 422859 19385.5 1070190
Qh8h 0.413239 422859 19385.5 1070190
Qh8s 0.413239 422859 19385.5 1070190
Qs8s 0.413239 422859 19385.5 1070190
Qd6c 0.40621 407339 27383 1070190
Qd6d 0.405859 407806 26540 1070190
Qs6c 0.405678 406870 27283 1070190
Qh6c 0.405678 406870 27283 1070190
9c6d 0.405305 403627 30126 1070190
9c6h 0.404723 403045 30085.5 1070190
9c6s 0.404723 403045 30085.5 1070190
9d6c 0.402712 401214 29764.5 1070190
9d6d 0.402491 402143 28598.5 1070190
9s6c 0.402168 400721 29675.5 1070190
9h6c 0.402168 400721 29675.5 1070190
Qc5d 0.402108 402365 27967 1070190
Qc5h 0.401489 401725 27944.5 1070190
Qc5s 0.401489 401725 27944.5 1070190
Qc4d 0.40026 400208 28146 1070190
Qc4h 0.399641 399568 28123.5 1070190
Qc4s 0.399641 399568 28123.5 1070190
Qc3d 0.398407 398225 28146 1070190
Qc3h 0.397782 397579 28123.5 1070190
Qc3s 0.397782 397579 28123.5 1070190
Qc2d 0.396554 396242 28146 1070190
Qc2h 0.395924 395590 28123.5 1070190
Qc2s 0.395924 395590 28123.5 1070190
Qd5d 0.394065 395193 26531.5 1070190
Qd5c 0.392933 393153 27359.5 1070190
Qs5c 0.39241 392698 27255 1070190
Qh5c 0.39241 392698 27255 1070190
Qd4d 0.392153 392979 26699.5 1070190
Qd3d 0.390258 390951 26699.5 1070190
Qd4c 0.389645 389461 27533.5 1070190
Qs4c 0.389124 389009 27428 1070190
Qh4c 0.389124 389009 27428 1070190
Qd2d 0.388363 388923 26699.5 1070190
Qd3c 0.386432 386022 27533.5 1070190
Qs3c 0.385911 385570 27428 1070190
Qh3c 0.385911 385570 27428 1070190
Qd2c 0.383245 382611 27533.5 1070190
Qh2c 0.382724 382159 27428 1070190
Qs2c 0.382724 382159 27428 1070190
8c6d 0.382376 380045 29169.5 1070190
8c6h 0.381819 379490 29129 1070190
8c6s 0.381819 379490 29129 1070190
8d6d 0.381408 380479 27700 1070190
8d6c 0.381044 378956 28833 1070190
8s6c 0.380502 378462 28747.5 1070190
8h6c 0.380502 378462 28747.5 1070190
Qs6d 0.377491 376326 27661 1070190
Qh6d 0.377491 376326 27661 1070190
Qd6s 0.377426 376183 27735 1070190
Qd6h 0.377426 376183 27735 1070190
Qs6h 0.376895 375714 27635 1070190
Qh6s 0.376895 375714 27635 1070190
Qh6h 0.376895 375714 27635 1070190
Qs6s 0.376895 375714 27635 1070190
9h6d 0.375006 371438 29890 1070190
9s6d 0.375006 371438 29890 1070190
9d6s 0.374968 371349 29938.5 1070190
9d6h 0.374968 371349 29938.5 1070190
9s6s 0.374425 370856 29849.5 1070190
9s6h 0.374425 370856 29849.5 1070190
9h6s 0.374425 370856 29849.5 1070190
9h6h 0.374425 370856 29849.5 1070190
Jc6d 0.365399 363712 27334.5 1070190
Qh5d 0.364902 362867 27648 1070190
Qs5d 0.364902 362867 27648 1070190
Jc6s 0.364831 363127 27312 1070190
Jc6h 0.364831 363127 27312 1070190
Qd5h 0.364806 362682 27730 1070190
Qd5s 0.364806 362682 27730 1070190
Qh5s 0.364283 362227 27625.5 1070190
Qh5h 0.364283 362227 27625.5 1070190
Qs5h 0.364283 362227 27625.5 1070190
Qs5s 0.364283 362227 27625.5 1070190
Qs4d 0.36297 360620 27827 1070190
Qh4d 0.36297 360620 27827 1070190
Qd4s 0.362872 360432 27910 1070190
Qd4h 0.362872 360432 27910 1070190
Jc5d 0.362354 359916 27871.5 1070190
Qh4h 0.362351 359980 27804.5 1070190
Qh4s 0.362351 359980 27804.5 1070190
Qs4s 0.362351 359980 27804.5 1070190
Qs4h 0.362351 359980 27804.5 1070190
Jc5s 0.361763 359306 27849 1070190
Jc5h 0.361763 359306 27849 1070190
Qs3d 0.361025 358538 27827 1070190
Qh3d 0.361025 358538 27827 1070190
Qd3s 0.360921 358344 27910 1070190
Qd3h 0.360921 358344 27910 1070190
Jc4d 0.360506 357759 28050.5 1070190
Qh3h 0.3604 357892 27804.5 1070190
Qh3s 0.3604 357892 27804.5 1070190
Qs3h 0.3604 357892 27804.5 1070190
Qs3s 0.3604 357892 27804.5 1070190
Jc4s 0.359915 357149 28028 1070190
Jc4h 0.359915 357149 28028 1070190
Jd6d 0.359797 359106 25945.5 1070190
Jd6c 0.359104 357559 26750 1070190
Qs2d 0.359079 356456 27827 1070190
Qh2d 0.359079 356456 27827 1070190
Qd2h 0.35897 356256 27910 1070190
Qd2s 0.35897 356256 27910 1070190
Jc3d 0.358653 355776 28050.5 1070190
Jh6c 0.358595 357116 26649 1070190
Js6c 0.358595 357116 26649 1070190
Qh2h 0.358449 355804 27804.5 1070190
Qh2s 0.358449 355804 27804.5 1070190
Qs2h 0.358449 355804 27804.5 1070190
Qs2s 0.358449 355804 27804.5 1070190
Jc3s 0.358056 355160 28028 1070190
Jc3h 0.358056 355160 28028 1070190
Jd5d 0.356915 355517 26449.5 1070190
Jc2d 0.3568 353793 28050.5 1070190
Jc2s 0.356197 353171 28028 1070190
Jc2h 0.356197 353171 28028 1070190
Jd4d 0.355003 353303 26617.5 1070190
Jd5c 0.354903 352542 27272 1070190
Jh5c 0.354401 352108 27168 1070190
Js5c 0.354401 352108 27168 1070190
8s6d 0.353177 349013 28953 1070190
8h6d 0.353177 349013 28953 1070190
8d6s 0.353162 348952 28998 1070190
8d6h 0.353162 348952 28998 1070190
Jd3d 0.353108 351275 26617.5 1070190
8h6s 0.35262 348458 28912.5 1070190
8h6h 0.35262 348458 28912.5 1070190
8s6s 0.35262 348458 28912.5 1070190
8s6h 0.35262 348458 28912.5 1070190
Jd4c 0.351616 348850 27446 1070190
Jd2d 0.351213 349247 26617.5 1070190
Js4c 0.351115 348419 27341 1070190
Jh4c 0.351115 348419 27341 1070190
Jd3c 0.348403 345411 27446 1070190
Jh3c 0.347902 344980 27341 1070190
Js3c 0.347902 344980 27341 1070190
Jd2c 0.345215 342000 27446 1070190
Jh2c 0.344714 341569 27341 1070190
Js2c 0.344714 341569 27341 1070190
Jh6d 0.329445 325533 27035.5 1070190
Js6d 0.329445 325533 27035.5 1070190
Jd6h 0.329385 325391 27114 1070190
Jd6s 0.329385 325391 27114 1070190
Jh6s 0.328877 324948 27013 1070190
Js6h 0.328877 324948 27013 1070190
Js6s 0.328877 324948 27013 1070190
Jh6h 0.328877 324948 27013 1070190
Js5d 0.326335 321668 27572.5 1070190
Jh5d 0.326335 321668 27572.5 1070190
Jd5h 0.326247 321492 27654 1070190
Jd5s 0.326247 321492 27654 1070190
Js5h 0.325744 321058 27550 1070190
Js5s 0.325744 321058 27550 1070190
Jh5s 0.325744 321058 27550 1070190
Jh5h 0.325744 321058 27550 1070190
Js4d 0.324403 319421 27751.5 1070190
Jh4d 0.324403 319421 27751.5 1070190
Jd4s 0.324313 319242 27834 1070190
Jd4h 0.324313 319242 27834 1070190
Jh4s 0.323812 318811 27729 1070190
Jh4h 0.323812 318811 27729 1070190
Js4s 0.323812 318811 27729 1070190
Js4h 0.323812 318811 27729 1070190
Jh3d 0.322457 317339 27751.5 1070190
Js3d 0.322457 317339 27751.5 1070190
Jd3h 0.322361 317154 27834 1070190
Jd3s 0.322361 317154 27834 1070190
Jh3s 0.321861 316723 27729 1070190
Jh3h 0.321861 316723 27729 1070190
Js3h 0.321861 316723 27729 1070190
Js3s 0.321861 316723 27729 1070190
Js2d 0.320512 315257 27751.5 1070190
Jh2d 0.320512 315257 27751.5 1070190
Jd2s 0.32041 315066 27834 1070190
Jd2h 0.32041 315066 27834 1070190
Js2h 0.31991 314635 27729 1070190
Js2s 0.31991 314635 27729 1070190
Jh2h 0.31991 314635 27729 1070190
Jh2s 0.31991 314635 27729 1070190
9c5d 0.306285 295734 32049 1070190
9c5s 0.305731 295174 32016.5 1070190
9c5h 0.305731 295174 32016.5 1070190
9d5d 0.305579 296666 30362 1070190
9c4d 0.304437 293577 32228 1070190
9c4s 0.303883 293017 32195.5 1070190
9c4h 0.303883 293017 32195.5 1070190
9d4d 0.303668 294452 30530 1070190
9c3d 0.302639 291653 32228 1070190
9d5c 0.302348 291975 31594.5 1070190
9c3s 0.30208 291088 32195.5 1070190
9c3h 0.30208 291088 32195.5 1070190
9s5c 0.301852 291541 31498.5 1070190
9h5c 0.301852 291541 31498.5 1070190
9d3d 0.301828 292483 30530 1070190
9c2d 0.300786 289670 32228 1070190
9c2s 0.300222 289099 32195.5 1070190
9c2h 0.300222 289099 32195.5 1070190
9d2d 0.299933 290455 30530 1070190
9d4c 0.29906 288283 31768.5 1070190
9h4c 0.298567 287852 31671.5 1070190
9s4c 0.298567 287852 31671.5 1070190
9d3c 0.295897 284898 31768.5 1070190
9s3c 0.295404 284467 31671.5 1070190
9h3c 0.295404 284467 31671.5 1070190
9d2c 0.29271 281487 31768.5 1070190
9s2c 0.292217 281056 31671.5 1070190
9h2c 0.292217 281056 31671.5 1070190
8d5d 0.283129 272646 30355.5 1070190
8c5d 0.281903 269651 32039 1070190
8c5s 0.281375 269120 32004.5 1070190
8c5h 0.281375 269120 32004.5 1070190
8d4d 0.281217 270432 30523.5 1070190
8c4d 0.280055 267494 32218 1070190
8c4h 0.279527 266963 32183.5 1070190
8c4s 0.279527 266963 32183.5 1070190
8d5c 0.279295 267263 31636 1070190
8h5c 0.278802 266827 31544 1070190
8s5c 0.278802 266827 31544 1070190
8d4c 0.276008 263571 31810 1070190
8h4c 0.275516 263138 31717 1070190
8s4c 0.275516 263138 31717 1070190
9s5d 0.272898 260222 31830.5 1070190
9h5d 0.272898 260222 31830.5 1070190
9d5s 0.272839 260096 31894 1070190
9d5h 0.272839 260096 31894 1070190
9s5s 0.272344 259662 31798 1070190
9s5h 0.272344 259662 31798 1070190
9h5h 0.272344 259662 31798 1070190
9h5s 0.272344 259662 31798 1070190
9h4d 0.270965 257975 32009.5 1070190
9s4d 0.270965 257975 32009.5 1070190
9d4h 0.270905 257846 32074 1070190
9d4s 0.270905 257846 32074 1070190
9h4h 0.270412 257415 31977 1070190
9h4s 0.270412 257415 31977 1070190
9s4s 0.270412 257415 31977 1070190
9s4h 0.270412 257415 31977 1070190
9s3d 0.269078 255955 32009.5 1070190
9h3d 0.269078 255955 32009.5 1070190
9d3h 0.269013 255821 32074 1070190
9d3s 0.269013 255821 32074 1070190
9s3h 0.26852 255390 31977 1070190
9h3h 0.26852 255390 31977 1070190
9h3s 0.26852 255390 31977 1070190
9s3s 0.26852 255390 31977 1070190
9h2d 0.267132 253873 32009.5 1070190
9s2d 0.267132 253873 32009.5 1070190
8d3d 0.26709 255314 30523.5 1070190
9d2s 0.267062 253733 32074 1070190
9d2h 0.267062 253733 32074 1070190
9h2h 0.266569 253302 31977 1070190
9h2s 0.266569 253302 31977 1070190
9s2s 0.266569 253302 31977 1070190
9s2h 0.266569 253302 31977 1070190
8c3d 0.265689 252120 32218 1070190
8d2d 0.265195 253286 30523.5 1070190
8c3s 0.265163 251591 32183.5 1070190
8c3h 0.265163 251591 32183.5 1070190
8c2d 0.263836 250137 32218 1070190
8c2s 0.263304 249602 32183.5 1070190
8c2h 0.263304 249602 32183.5 1070190
8d3c 0.260268 246726 31810 1070190
8h3c 0.259781 246298 31717 1070190
8s3c 0.259781 246298 31717 1070190
8d2c 0.257081 243315 31810 1070190
8s2c 0.256594 242887 31717 1070190
8h2c 0.256594 242887 31717 1070190
8h5d 0.249638 235311 31849 1070190
8s5d 0.249638 235311 31849 1070190
8d5s 0.249603 235216 31906.5 1070190
8d5h 0.249603 235216 31906.5 1070190
8s5s 0.24911 234780 31814.5 1070190
8h5s 0.24911 234780 31814.5 1070190
8h5h 0.24911 234780 31814.5 1070190
8s5h 0.24911 234780 31814.5 1070190
8s4d 0.247706 233064 32028 1070190
8h4d 0.247706 233064 32028 1070190
8d4h 0.247669 232966 32086.5 1070190
8d4s 0.247669 232966 32086.5 1070190
8h4s 0.247177 232533 31993.5 1070190
8s4s 0.247177 232533 31993.5 1070190
8h4h 0.247177 232533 31993.5 1070190
8s4h 0.247177 232533 31993.5 1070190
6d5d 0.236322 212256 40653 1070190
6d4d 0.234488 210210 40737 1070190
6c5d 0.232942 206859 42433 1070190
8s3d 0.232734 217042 32028 1070190
8h3d 0.232734 217042 32028 1070190
8d3h 0.232695 216941 32086.5 1070190
8d3s 0.232695 216941 32086.5 1070190
6c5h 0.232467 206408 42376 1070190
6c5s 0.232467 206408 42376 1070190
8h3h 0.232208 216513 31993.5 1070190
8h3s 0.232208 216513 31993.5 1070190
8s3s 0.232208 216513 31993.5 1070190
8s3h 0.232208 216513 31993.5 1070190
6d5c 0.231919 205873 42324.5 1070190
6s5c 0.231479 205482 42244.5 1070190
6h5c 0.231479 205482 42244.5 1070190
6c4d 0.231177 204881 42522.5 1070190
8h2d 0.230789 214960 32028 1070190
8s2d 0.230789 214960 32028 1070190
8d2s 0.230744 214853 32086.5 1070190
8d2h 0.230744 214853 32086.5 1070190
6c4h 0.230702 204430 42465.5 1070190
6c4s 0.230702 204430 42465.5 1070190
8h2s 0.230257 214425 31993.5 1070190
8s2s 0.230257 214425 31993.5 1070190
8s2h 0.230257 214425 31993.5 1070190
8h2h 0.230257 214425 31993.5 1070190
6d4c 0.228713 202355 42411.5 1070190
5d4d 0.22854 203586 40995 1070190
6h4c 0.228274 201966 42331 1070190
6s4c 0.228274 201966 42331 1070190
5c4d 0.223752 196715 42742.5 1070190
5c4h 0.223294 196289 42678.5 1070190
5c4s 0.223294 196289 42678.5 1070190
5d4c 0.222464 195373 42706 1070190
5s4c 0.222013 194962 42634.5 1070190
5h4c 0.222013 194962 42634.5 1070190
6d3d 0.220574 195319 40737 1070190
6c3d 0.217025 189735 42522.5 1070190
6c3s 0.216551 189285 42465.5 1070190
6c3h 0.216551 189285 42465.5 1070190
5d3d 0.216341 190165 41360.5 1070190
6d3c 0.213195 185748 42411.5 1070190
6s3c 0.212762 185365 42331 1070190
6h3c 0.212762 185365 42331 1070190
4d3d 0.212181 185797 41276.5 1070190
5c3d 0.211357 183070 43122.5 1070190
5c3h 0.2109 182646 43057.5 1070190
5c3s 0.2109 182646 43057.5 1070190
5d3c 0.208702 180262 43088.5 1070190
5h3c 0.208256 179857 43016.5 1070190
5s3c 0.208256 179857 43016.5 1070190
6d2d 0.206 179806 40653 1070190
4c3d 0.205743 177168 43016 1070190
4c3s 0.205297 176759 42947.5 1070190
4c3h 0.205297 176759 42947.5 1070190
4d3c 0.204502 175837 43018.5 1070190
4h3c 0.20406 175432 42950.5 1070190
4s3c 0.20406 175432 42950.5 1070190
6c2d 0.202195 173954 42433 1070190
5d2d 0.201979 174879 41276.5 1070190
6c2h 0.201724 173507 42376 1070190
6c2s 0.201724 173507 42376 1070190
6h5d 0.201133 172650 42601 1070190
6s5d 0.201133 172650 42601 1070190
6d5h 0.201099 172590 42624 1070190
6d5s 0.201099 172590 42624 1070190
6h5h 0.200659 172199 42544 1070190
6h5s 0.200659 172199 42544 1070190
6s5s 0.200659 172199 42544 1070190
6s5h 0.200659 172199 42544 1070190
6h4d 0.199285 170582 42690.5 1070190
6s4d 0.199285 170582 42690.5 1070190
6d4h 0.199249 170520 42714 1070190
6d4s 0.199249 170520 42714 1070190
6h4s 0.19881 170131 42633.5 1070190
6s4s 0.19881 170131 42633.5 1070190
6s4h 0.19881 170131 42633.5 1070190
6h4h 0.19881 170131 42633.5 1070190
4d2d 0.197819 170343 41360.5 1070190
6d2c 0.197015 168519 42324.5 1070190
5c2d 0.196741 167517 43033 1070190
6s2c 0.196587 168141 42244.5 1070190
6h2c 0.196587 168141 42244.5 1070190
3d2d 0.196486 168946 41331 1070190
5c2h 0.196286 167095 42968 1070190
5c2s 0.196286 167095 42968 1070190
5s4d 0.192936 163512 42966.5 1070190
5h4d 0.192936 163512 42966.5 1070190
5d4h 0.192929 163497 42974 1070190
5d4s 0.192929 163497 42974 1070190
5d2c 0.192744 163271 43001.5 1070190
5h4h 0.192478 163086 42902.5 1070190
5s4h 0.192478 163086 42902.5 1070190
5h4s 0.192478 163086 42902.5 1070190
5s4s 0.192478 163086 42902.5 1070190
5h2c 0.192304 162872 42930 1070190
5s2c 0.192304 162872 42930 1070190
4c2d 0.191129 161441 43103 1070190
4c2h 0.190685 161035 43034 1070190
4c2s 0.190685 161035 43034 1070190
4d2c 0.188541 158667 43108 1070190
3c2d 0.188477 158630 43076 1070190
4h2c 0.188105 158268 43040 1070190
4s2c 0.188105 158268 43040 1070190
3c2h 0.188033 158224 43007 1070190
3c2s 0.188033 158224 43007 1070190
3d2c 0.187262 157327 43078.5 1070190
3s2c 0.186822 156925 43010 1070190
3h2c 0.186822 156925 43010 1070190
6h3d 0.184541 154803 42690.5 1070190
6s3d 0.184541 154803 42690.5 1070190
6d3h 0.1845 154736 42714 1070190
6d3s 0.1845 154736 42714 1070190
6h3s 0.184067 154353 42633.5 1070190
6s3s 0.184067 154353 42633.5 1070190
6s3h 0.184067 154353 42633.5 1070190
6h3h 0.184067 154353 42633.5 1070190
5h3d 0.180021 149300 43357 1070190
5s3d 0.180021 149300 43357 1070190
5d3h 0.18001 149281 43364 1070190
5d3s 0.18001 149281 43364 1070190
5s3h 0.179564 148876 43292 1070190
5h3h 0.179564 148876 43292 1070190
5s3s 0.179564 148876 43292 1070190
5h3s 0.179564 148876 43292 1070190
4h3d 0.175717 144780 43271 1070190
4s3d 0.175717 144780 43271 1070190
4d3s 0.175713 144776 43270.5 1070190
4d3h 0.175713 144776 43270.5 1070190
4s3s 0.175271 144371 43202.5 1070190
4h3h 0.175271 144371 43202.5 1070190
4h3s 0.175271 144371 43202.5 1070190
4s3h 0.175271 144371 43202.5 1070190
6s2d 0.169091 138359 42601 1070190
6h2d 0.169091 138359 42601 1070190
6d2s 0.169048 138290 42624 1070190
6d2h 0.169048 138290 42624 1070190
6s2s 0.168621 137912 42544 1070190
6s2h 0.168621 137912 42544 1070190
6h2s 0.168621 137912 42544 1070190
6h2h 0.168621 137912 42544 1070190
5s2d 0.164799 133099 43267.5 1070190
5h2d 0.164799 133099 43267.5 1070190
5d2s 0.164784 133076 43274 1070190
5d2h 0.164784 133076 43274 1070190
5s2s 0.164344 132677 43202.5 1070190
5h2s 0.164344 132677 43202.5 1070190
5h2h 0.164344 132677 43202.5 1070190
5s2h 0.164344 132677 43202.5 1070190
4h2d 0.160495 128399 43361 1070190
4s2d 0.160495 128399 43361 1070190
4d2h 0.160487 128392 43360 1070190
4d2s 0.160487 128392 43360 1070190
4h2s 0.160051 127993 43292 1070190
4h2h 0.160051 127993 43292 1070190
4s2h 0.160051 127993 43292 1070190
4s2s 0.160051 127993 43292 1070190
3h2d 0.159143 126984 43329.5 1070190
3s2d 0.159143 126984 43329.5 1070190
3d2h 0.159139 126980 43329 1070190
3d2s 0.159139 126980 43329 1070190
3h2h 0.158699 126578 43260.5 1070190
3h2s 0.158699 126578 43260.5 1070190
3s2h 0.158699 126578 43260.5 1070190
3s2s 0.158699 126578 43260.5 1070190
