8s8h 0.999658 1069824 0 1070190
KsKd 0.993874 1063224 410 1070190
KsKc 0.993874 1063224 410 1070190
KdKc 0.993874 1063224 410 1070190
Ks8s 0.991002 1057618 2942 1070190
Ks8h 0.991002 1057618 2942 1070190
Kd8s 0.991002 1057618 2942 1070190
Kd8h 0.991002 1057618 2942 1070190
Kc8s 0.991002 1057618 2942 1070190
Kc8h 0.991002 1057618 2942 1070190
Ah8h 0.957291 1018176 6307.5 1070190
Ad8h 0.955642 1016343 6375 1070190
Ac8h 0.955642 1016343 6375 1070190
Ad8s 0.955284 1015983 6352.5 1070190
Ac8s 0.955284 1015983 6352.5 1070190
Ah8s 0.955266 1015941 6375 1070190
As8h 0.955266 1015941 6375 1070190
As8s 0.954908 1015581 6352.5 1070190
Qh8h 0.953299 1011573 8638.5 1070190
Qd8h 0.951661 1009608 8850 1070190
Qc8h 0.951661 1009608 8850 1070190
Qc8s 0.951371 1009356 8791.5 1070190
Qd8s 0.951371 1009356 8791.5 1070190
Qh8s 0.951353 1009314 8814 1070190
Qs8h 0.951285 1009206 8850 1070190
Qs8s 0.950995 1008954 8791.5 1070190
Jh8h 0.950747 1007161 10318.5 1070190
Jd8h 0.949161 1005141 10642 1070190
Jc8h 0.949161 1005141 10642 1070190
Th8h 0.949005 1004037 11578.5 1070190
Jd8s 0.948924 1004973 10555.5 1070190
Jc8s 0.948924 1004973 10555.5 1070190
Jh8s 0.948903 1004928 10578 1070190
Js8h 0.948786 1004739 10642 1070190
Js8s 0.948548 1004571 10555.5 1070190
Td8h 0.947499 1002018 11986 1070190
Tc8h 0.947499 1002018 11986 1070190
Td8s 0.9473 1001913 11878.5 1070190
Tc8s 0.9473 1001913 11878.5 1070190
Th8s 0.947277 1001865 11901 1070190
9h8h 0.947127 1001127 12478.5 1070190
Ts8h 0.947123 1001616 11986 1070190
Ts8s 0.946925 1001511 11878.5 1070190
9d8h 0.945671 999102 12946 1070190
9c8h 0.945671 999102 12946 1070190
9d8s 0.945501 999042 12823.5 1070190
9c8s 0.945501 999042 12823.5 1070190
9h8s 0.945471 998988 12846 1070190
8h7h 0.945413 998704 13068 1070190
9s8h 0.945293 998697 12946 1070190
9s8s 0.945122 998637 12823.5 1070190
8h7d 0.944017 996702 13575.5 1070190
8h7c 0.944017 996702 13575.5 1070190
8h6h 0.943877 996700 13428 1070190
8s7d 0.943865 996672 13443 1070190
8s7c 0.943865 996672 13443 1070190
8s7h 0.943833 996615 13465.5 1070190
8h7s 0.943639 996297 13575.5 1070190
8s7s 0.943487 996267 13443 1070190
8h5h 0.942677 995236 13608 1070190
8h6c 0.942383 994569 13959.5 1070190
8h6d 0.942383 994569 13959.5 1070190
8s6c 0.942242 994557 13821 1070190
8s6d 0.942242 994557 13821 1070190
8s6h 0.942213 994503 13843.5 1070190
8h6s 0.942004 994164 13959.5 1070190
8s6s 0.941864 994152 13821 1070190
8h4h 0.941702 994132 13668 1070190
8h5c 0.941107 993012 14151.5 1070190
8h5d 0.941107 993012 14151.5 1070190
8s5d 0.940972 993009 14010 1070190
8s5c 0.940972 993009 14010 1070190
8s5h 0.940946 992958 14032.5 1070190
8h3h 0.940839 993208 13668 1070190
8h2h 0.940805 993172 13668 1070190
8h5s 0.940729 992607 14151.5 1070190
8s5s 0.940594 992604 14010 1070190
8h4d 0.940071 991839 14215.5 1070190
8h4c 0.940071 991839 14215.5 1070190
8s4c 0.939938 991839 14073 1070190
8s4d 0.939938 991839 14073 1070190
8s4h 0.939914 991791 14095.5 1070190
8h4s 0.939692 991434 14215.5 1070190
8s4s 0.939559 991434 14073 1070190
8h3c 0.939154 990858 14215.5 1070190
8h3d 0.939154 990858 14215.5 1070190
8h2d 0.939121 990822 14215.5 1070190
8h2c 0.939121 990822 14215.5 1070190
8s3c 0.939021 990858 14073 1070190
8s3d 0.939021 990858 14073 1070190
8s3h 0.939 990813 14095.5 1070190
8s2c 0.938987 990822 14073 1070190
8s2d 0.938987 990822 14073 1070190
8s2h 0.938966 990777 14095.5 1070190
8h3s 0.938776 990453 14215.5 1070190
8h2s 0.938742 990417 14215.5 1070190
8s3s 0.938643 990453 14073 1070190
8s2s 0.938609 990417 14073 1070190
AdKd 0.891151 945795 7906 1070190
AcKc 0.891151 945795 7906 1070190
AdAc 0.888445 950267 538 1070190
AhAd 0.888322 950135 538 1070190
AhAc 0.888322 950135 538 1070190
AsAd 0.887985 949775 538 1070190
AsAc 0.887985 949775 538 1070190
AsAh 0.887862 949643 538 1070190
AcKd 0.886255 940398 8063.5 1070190
AdKc 0.886255 940398 8063.5 1070190
AhKd 0.88615 940308 8041 1070190
AhKc 0.88615 940308 8041 1070190
AdKs 0.885814 939948 8041 1070190
AcKs 0.885814 939948 8041 1070190
AhKs 0.885709 939858 8018.5 1070190
AsKc 0.885483 939594 8041 1070190
AsKd 0.885483 939594 8041 1070190
AsKs 0.885041 939144 8018.5 1070190
KcQc 0.863349 911166 12781.5 1070190
KdQd 0.863349 911166 12781.5 1070190
KcQd 0.857144 904062 13245 1070190
KdQc 0.857144 904062 13245 1070190
KcQh 0.857039 903972 13222.5 1070190
KdQh 0.857039 903972 13222.5 1070190
KsQd 0.85677 903720 13186.5 1070190
KsQc 0.85677 903720 13186.5 1070190
KdJd 0.856707 900456 16383.5 1070190
KcJc 0.856707 900456 16383.5 1070190
KsQh 0.856665 903630 13164 1070190
KcQs 0.856377 903264 13222.5 1070190
KdQs 0.856377 903264 13222.5 1070190
KsQs 0.856003 902922 13164 1070190
KcTc 0.851622 892245 19152.5 1070190
KdTd 0.851622 892245 19152.5 1070190
KcJd 0.850112 892692 17089 1070190
KdJc 0.850112 892692 17089 1070190
KcJh 0.850007 892602 17066.5 1070190
KdJh 0.850007 892602 17066.5 1070190
KsJd 0.84979 892434 17002.5 1070190
KsJc 0.84979 892434 17002.5 1070190
KsJh 0.849685 892344 16980 1070190
KcJs 0.849351 891900 17066.5 1070190
KdJs 0.849351 891900 17066.5 1070190
KsJs 0.849029 891642 16980 1070190
Kc9c 0.847569 885852 21207.5 1070190
Kd9d 0.847569 885852 21207.5 1070190
KdTc 0.844741 883989 20044 1070190
KcTd 0.844741 883989 20044 1070190
KcTh 0.844636 883899 20021.5 1070190
KdTh 0.844636 883899 20021.5 1070190
KsTd 0.844458 883794 19936.5 1070190
KsTc 0.844458 883794 19936.5 1070190
KsTh 0.844353 883704 19914 1070190
KdTs 0.843985 883203 20021.5 1070190
KcTs 0.843985 883203 20021.5 1070190
KsTs 0.843703 883008 19914 1070190
Kd9c 0.84044 877194 22237 1070190
Kc9d 0.84044 877194 22237 1070190
Kd9h 0.840335 877104 22214.5 1070190
Kc9h 0.840335 877104 22214.5 1070190
Ks9d 0.840186 877044 22114.5 1070190
Ks9c 0.840186 877044 22114.5 1070190
Ks9h 0.840081 876954 22092 1070190
Kd9s 0.839685 876408 22214.5 1070190
Kc9s 0.839685 876408 22214.5 1070190
Ks9s 0.83943 876258 22092 1070190
Kc7c 0.837411 870240 25949 1070190
Kd7d 0.837411 870240 25949 1070190
Kc6c 0.834985 866664 26929 1070190
Kd6d 0.834985 866664 26929 1070190
Kd5d 0.833423 864435 27485.5 1070190
Kc5c 0.833423 864435 27485.5 1070190
Kd4d 0.8325 863196 27737.5 1070190
Kc4c 0.8325 863196 27737.5 1070190
Kd3d 0.831996 862590 27804 1070190
Kc2c 0.831996 862590 27804 1070190
Kc3c 0.831996 862590 27804 1070190
Kd2d 0.831996 862590 27804 1070190
Kc7d 0.830022 861192 27089 1070190
Kd7c 0.830022 861192 27089 1070190
Kd7h 0.829975 861192 27039 1070190
Kc7h 0.829975 861192 27039 1070190
Ks7d 0.829844 861162 26929 1070190
Ks7c 0.829844 861162 26929 1070190
Ks7h 0.829798 861162 26879 1070190
Kc7s 0.829325 860496 27039 1070190
Kd7s 0.829325 860496 27039 1070190
Ks7s 0.829147 860466 26879 1070190
Kc6d 0.827437 857376 28139 1070190
Kd6c 0.827437 857376 28139 1070190
Kd6h 0.827392 857376 28091 1070190
Kc6h 0.827392 857376 28091 1070190
Ks6c 0.827273 857364 27975 1070190
Ks6d 0.827273 857364 27975 1070190
Ks6h 0.827228 857364 27927 1070190
Kd6s 0.826736 856674 28091 1070190
Kc6s 0.826736 856674 28091 1070190
Ks6s 0.826572 856662 27927 1070190
Kd5c 0.825766 854991 28736 1070190
Kc5d 0.825766 854991 28736 1070190
Kd5h 0.825723 854991 28689.5 1070190
Kc5h 0.825723 854991 28689.5 1070190
Ks5d 0.825609 854988 28570.5 1070190
Ks5c 0.825609 854988 28570.5 1070190
Ks5h 0.825566 854988 28524 1070190
Kd5s 0.825061 854283 28689.5 1070190
Kc5s 0.825061 854283 28689.5 1070190
Ks5s 0.824904 854280 28524 1070190
Kd4c 0.824772 853656 29007 1070190
Kc4d 0.824772 853656 29007 1070190
Kc4h 0.82473 853656 28961.5 1070190
Kd4h 0.82473 853656 28961.5 1070190
Ks4c 0.824618 853656 28841.5 1070190
Ks4d 0.824618 853656 28841.5 1070190
Ks4h 0.824575 853656 28796 1070190
Kd2c 0.824217 852990 29079 1070190
Kd3c 0.824217 852990 29079 1070190
Kc2d 0.824217 852990 29079 1070190
Kc3d 0.824217 852990 29079 1070190
Kc2h 0.824175 852990 29034 1070190
Kc3h 0.824175 852990 29034 1070190
Kd2h 0.824175 852990 29034 1070190
Kd3h 0.824175 852990 29034 1070190
Ks3c 0.824063 852990 28914 1070190
Ks2c 0.824063 852990 28914 1070190
Ks2d 0.824063 852990 28914 1070190
Ks3d 0.824063 852990 28914 1070190
Kd4s 0.824063 852942 28961.5 1070190
Kc4s 0.824063 852942 28961.5 1070190
Ks3h 0.824021 852990 28869 1070190
Ks2h 0.824021 852990 28869 1070190
Ks4s 0.823908 852942 28796 1070190
Kc3s 0.823502 852270 29034 1070190
Kd2s 0.823502 852270 29034 1070190
Kd3s 0.823502 852270 29034 1070190
Kc2s 0.823502 852270 29034 1070190
Ks2s 0.823348 852270 28869 1070190
Ks3s 0.823348 852270 28869 1070190
QdQc 0.768565 819044 3466.5 1070190
QhQd 0.768484 818957 3466.5 1070190
QhQc 0.768484 818957 3466.5 1070190
QsQc 0.768147 818597 3466.5 1070190
QsQd 0.768147 818597 3466.5 1070190
QsQh 0.768066 818510 3466.5 1070190
JdJc 0.748115 797159 3466.5 1070190
JhJc 0.748031 797069 3466.5 1070190
JhJd 0.748031 797069 3466.5 1070190
JsJc 0.747698 796712 3466.5 1070190
JsJd 0.747698 796712 3466.5 1070190
JsJh 0.747614 796622 3466.5 1070190
TdTc 0.7278 775418 3466.5 1070190
ThTd 0.727713 775325 3466.5 1070190
ThTc 0.727713 775325 3466.5 1070190
TsTd 0.727383 774971 3466.5 1070190
TsTc 0.727383 774971 3466.5 1070190
TsTh 0.727296 774878 3466.5 1070190
9d9c 0.70656 752687 3466.5 1070190
9h9c 0.706468 752588 3466.5 1070190
9h9d 0.706468 752588 3466.5 1070190
9s9d 0.70614 752237 3466.5 1070190
9s9c 0.70614 752237 3466.5 1070190
9s9h 0.706047 752138 3466.5 1070190
AcQc 0.631075 651927 23443.5 1070190
AdQd 0.631075 651927 23443.5 1070190
AhQh 0.630426 651205 23470.5 1070190
AdJd 0.620562 636315 27804.5 1070190
AcJc 0.620562 636315 27804.5 1070190
AhJh 0.619907 635587 27831.5 1070190
AcQd 0.614216 633200 24127.5 1070190
AdQc 0.614216 633200 24127.5 1070190
AdQh 0.614148 633128 24127.5 1070190
AcQh 0.614148 633128 24127.5 1070190
AhQc 0.614081 633056 24127.5 1070190
AhQd 0.614081 633056 24127.5 1070190
AdQs 0.613429 632381 24105 1070190
AcQs 0.613429 632381 24105 1070190
AsQc 0.613391 632376 24069 1070190
AsQd 0.613391 632376 24069 1070190
AsQh 0.613324 632304 24069 1070190
AhQs 0.613295 632237 24105 1070190
AsQs 0.612605 631557 24046.5 1070190
7d7c 0.612167 627509 27625.5 1070190
7h7c 0.61213 627497 27598 1070190
7h7d 0.61213 627497 27598 1070190
AdTd 0.612018 623433 31542.5 1070190
AcTc 0.612018 623433 31542.5 1070190
7s7c 0.611804 627149 27598 1070190
7s7d 0.611804 627149 27598 1070190
7s7h 0.611768 627137 27570.5 1070190
AhTh 0.611357 622699 31569.5 1070190
AdJc 0.603145 616697 28782.5 1070190
AcJd 0.603145 616697 28782.5 1070190
AdJh 0.603077 616625 28782.5 1070190
AcJh 0.603077 616625 28782.5 1070190
AhJd 0.60301 616553 28782.5 1070190
AhJc 0.60301 616553 28782.5 1070190
AsJd 0.602369 615950 28699.5 1070190
AsJc 0.602369 615950 28699.5 1070190
AcJs 0.602364 615884 28760 1070190
AdJs 0.602364 615884 28760 1070190
AsJh 0.602302 615878 28699.5 1070190
AhJs 0.60223 615740 28760 1070190
AsJs 0.601589 615137 28677 1070190
Ac9c 0.598409 605754 34657.5 1070190
Ad9d 0.598409 605754 34657.5 1070190
Ah9h 0.597717 604986 34684.5 1070190
AcTd 0.594174 603107 32772.5 1070190
AdTc 0.594174 603107 32772.5 1070190
AcTh 0.594107 603035 32772.5 1070190
AdTh 0.594107 603035 32772.5 1070190
AhTc 0.59404 602963 32772.5 1070190
AhTd 0.59404 602963 32772.5 1070190
AsTc 0.593438 602423 32668.5 1070190
AsTd 0.593438 602423 32668.5 1070190
AdTs 0.593399 602300 32750 1070190
AcTs 0.593399 602300 32750 1070190
AsTh 0.593371 602351 32668.5 1070190
AhTs 0.593265 602156 32750 1070190
AsTs 0.592663 601616 32646 1070190
Ac7c 0.590579 594699 37333 1070190
Ad7d 0.590579 594699 37333 1070190
Ah7h 0.589763 593808 37351 1070190
Ac6c 0.586475 589239 38401 1070190
Ad6d 0.586475 589239 38401 1070190
6d6c 0.585836 596912 30043.5 1070190
6h6c 0.585803 596903 30018 1070190
6h6d 0.585803 596903 30018 1070190
Ah6h 0.585665 588354 38419 1070190
6s6c 0.585475 596552 30018 1070190
6s6d 0.585475 596552 30018 1070190
6s6h 0.585443 596543 29992.5 1070190
Ac5c 0.583369 585381 38935 1070190
Ad5d 0.583369 585381 38935 1070190
Ah5h 0.582565 584502 38953 1070190
Ad4d 0.580929 582591 39113 1070190
Ac4c 0.580929 582591 39113 1070190
Ah4h 0.58013 581718 39131 1070190
Ad9c 0.579804 584403 36097.5 1070190
Ac9d 0.579804 584403 36097.5 1070190
Ac9h 0.579737 584331 36097.5 1070190
Ad9h 0.579737 584331 36097.5 1070190
Ah9c 0.579669 584259 36097.5 1070190
Ah9d 0.579669 584259 36097.5 1070190
As9c 0.579099 583770 35976 1070190
As9d 0.579099 583770 35976 1070190
As9h 0.579032 583698 35976 1070190
Ad9s 0.579032 583599 36075 1070190
Ac9s 0.579032 583599 36075 1070190
Ah9s 0.578897 583455 36075 1070190
Ac3c 0.578821 580335 39113 1070190
Ad3d 0.578821 580335 39113 1070190
As9s 0.578327 582966 35953.5 1070190
Ah3h 0.578027 579468 39131 1070190
Ad2d 0.577021 578409 39113 1070190
Ac2c 0.577021 578409 39113 1070190
Ah2h 0.576228 577542 39131 1070190
Ac7d 0.571624 572853 38893 1070190
Ad7c 0.571624 572853 38893 1070190
Ad7h 0.571561 572790 38888.5 1070190
Ac7h 0.571561 572790 38888.5 1070190
Ah7c 0.571493 572718 38888.5 1070190
Ah7d 0.571493 572718 38888.5 1070190
As7c 0.570942 572259 38757 1070190
As7d 0.570942 572259 38757 1070190
As7h 0.570879 572196 38752.5 1070190
Ac7s 0.570856 572058 38866 1070190
Ad7s 0.570856 572058 38866 1070190
Ah7s 0.570725 571923 38861.5 1070190
As7s 0.570174 571464 38730 1070190
Ac6d 0.56734 567129 40033 1070190
Ad6c 0.56734 567129 40033 1070190
Ac6h 0.567277 567066 40028.5 1070190
Ad6h 0.567277 567066 40028.5 1070190
Ah6c 0.56721 566994 40028.5 1070190
Ah6d 0.56721 566994 40028.5 1070190
As6c 0.566669 566553 39891 1070190
As6d 0.566669 566553 39891 1070190
As6h 0.566606 566490 39886.5 1070190
Ad6s 0.566567 566328 40006 1070190
Ac6s 0.566567 566328 40006 1070190
Ah6s 0.566436 566193 40001.5 1070190
As6s 0.565896 565752 39864 1070190
Ac5d 0.564122 563115 40603 1070190
Ad5c 0.564122 563115 40603 1070190
Ad5h 0.564059 563052 40598.5 1070190
Ac5h 0.564059 563052 40598.5 1070190
Ah5d 0.563992 562980 40598.5 1070190
Ah5c 0.563992 562980 40598.5 1070190
As5d 0.563457 562548 40458 1070190
As5c 0.563457 562548 40458 1070190
As5h 0.563394 562485 40453.5 1070190
Ad5s 0.563343 562308 40576 1070190
Ac5s 0.563343 562308 40576 1070190
Ah5s 0.563213 562173 40571.5 1070190
As5s 0.562678 561741 40431 1070190
Ad4c 0.561614 560241 40793 1070190
Ac4d 0.561614 560241 40793 1070190
Ac4h 0.561551 560178 40788.5 1070190
Ad4h 0.561551 560178 40788.5 1070190
Ah4c 0.561484 560106 40788.5 1070190
Ah4d 0.561484 560106 40788.5 1070190
5d5c 0.561369 568673 32098.5 1070190
5h5c 0.561341 568667 32074.5 1070190
5h5d 0.561341 568667 32074.5 1070190
5s5d 0.56101 568313 32074.5 1070190
5s5c 0.56101 568313 32074.5 1070190
5s5h 0.560982 568307 32050.5 1070190
As4c 0.560951 559677 40647 1070190
As4d 0.560951 559677 40647 1070190
As4h 0.560888 559614 40642.5 1070190
Ad4s 0.560829 559428 40766 1070190
Ac4s 0.560829 559428 40766 1070190
Ah4s 0.560699 559293 40761.5 1070190
As4s 0.560166 558864 40620 1070190
Ac3d 0.559461 557937 40793 1070190
Ad3c 0.559461 557937 40793 1070190
Ac3h 0.559398 557874 40788.5 1070190
Ad3h 0.559398 557874 40788.5 1070190
Ah3c 0.559331 557802 40788.5 1070190
Ah3d 0.559331 557802 40788.5 1070190
As3c 0.558798 557373 40647 1070190
As3d 0.558798 557373 40647 1070190
As3h 0.558735 557310 40642.5 1070190
Ad3s 0.558671 557118 40766 1070190
Ac3s 0.558671 557118 40766 1070190
Ah3s 0.558541 556983 40761.5 1070190
As3s 0.558007 556554 40620 1070190
Ac2d 0.557662 556011 40793 1070190
Ad2c 0.557662 556011 40793 1070190
Ac2h 0.557599 555948 40788.5 1070190
Ad2h 0.557599 555948 40788.5 1070190
Ah2c 0.557531 555876 40788.5 1070190
Ah2d 0.557531 555876 40788.5 1070190
As2d 0.556998 555447 40647 1070190
As2c 0.556998 555447 40647 1070190
As2h 0.556935 555384 40642.5 1070190
Ac2s 0.556871 555192 40766 1070190
Ad2s 0.556871 555192 40766 1070190
Ah2s 0.556741 555057 40761.5 1070190
As2s 0.556208 554628 40620 1070190
4d4c 0.538323 542222 33885.5 1070190
4h4d 0.538298 542219 33862.5 1070190
4h4c 0.538298 542219 33862.5 1070190
4s4d 0.537965 541862 33862.5 1070190
4s4c 0.537965 541862 33862.5 1070190
4s4h 0.53794 541859 33839.5 1070190
QcJc 0.525668 515094 47471 1070190
QdJd 0.525668 515094 47471 1070190
QhJh 0.525216 514565 47516 1070190
QdTd 0.5174 503041 50675 1070190
QcTc 0.5174 503041 50675 1070190
QhTh 0.516943 502507 50720 1070190
3d3c 0.516253 516989 35499.5 1070190
3h3d 0.516232 516989 35477 1070190
3h3c 0.516232 516989 35477 1070190
3s3d 0.515895 516629 35477 1070190
3s3c 0.515895 516629 35477 1070190
3s3h 0.515874 516629 35454.5 1070190
QdJc 0.505289 492078 48677 1070190
QcJd 0.505289 492078 48677 1070190
QhJc 0.505238 492024 48677 1070190
QhJd 0.505238 492024 48677 1070190
QdJh 0.505238 492024 48677 1070190
QcJh 0.505238 492024 48677 1070190
QsJd 0.504604 491424 48598 1070190
QsJc 0.504604 491424 48598 1070190
QdJs 0.504559 491324 48650.5 1070190
QcJs 0.504559 491324 48650.5 1070190
QsJh 0.504553 491370 48598 1070190
QhJs 0.504509 491270 48650.5 1070190
QsJs 0.503875 490670 48571.5 1070190
Qd9d 0.503791 485362 53790 1070190
Qc9c 0.503791 485362 53790 1070190
Qh9h 0.503302 484794 53835 1070190
QdTc 0.496615 479375 52097 1070190
QcTd 0.496615 479375 52097 1070190
QhTd 0.496564 479321 52097 1070190
QcTh 0.496564 479321 52097 1070190
QdTh 0.496564 479321 52097 1070190
QhTc 0.496564 479321 52097 1070190
QsTc 0.495966 478778 52000 1070190
QsTd 0.495966 478778 52000 1070190
QsTh 0.495916 478724 52000 1070190
QcTs 0.495891 478627 52070.5 1070190
QdTs 0.495891 478627 52070.5 1070190
QhTs 0.49584 478573 52070.5 1070190
2d2c 0.495778 493541 37035.5 1070190
2h2c 0.495757 493541 37013 1070190
2h2d 0.495757 493541 37013 1070190
2s2c 0.49542 493181 37013 1070190
2s2d 0.49542 493181 37013 1070190
2s2h 0.495399 493181 36990.5 1070190
QsTs 0.495242 478030 51973.5 1070190
Qc7c 0.48679 464296 56661.5 1070190
Qd7d 0.48679 464296 56661.5 1070190
Qh7h 0.486204 463634 56696.5 1070190
Qd6d 0.482711 458890 57702.5 1070190
Qc6c 0.482711 458890 57702.5 1070190
Qd9c 0.482244 460671 55422 1070190
Qc9d 0.482244 460671 55422 1070190
Qd9h 0.482194 460617 55422 1070190
Qc9h 0.482194 460617 55422 1070190
Qh9d 0.482194 460617 55422 1070190
Qh9c 0.482194 460617 55422 1070190
Qh6h 0.482131 458234 57737.5 1070190
Qs9c 0.481628 460126 55307.5 1070190
Qs9d 0.481628 460126 55307.5 1070190
Qs9h 0.481578 460072 55307.5 1070190
Qc9s 0.481522 459925 55395.5 1070190
Qd9s 0.481522 459925 55395.5 1070190
Qh9s 0.481472 459871 55395.5 1070190
Qs9s 0.480906 459380 55281 1070190
Qc5c 0.47963 455086 58209.5 1070190
Qd5d 0.47963 455086 58209.5 1070190
Qh5h 0.479056 454436 58244.5 1070190
Qc4c 0.477215 452350 58360.5 1070190
Qd4d 0.477215 452350 58360.5 1070190
Qh4h 0.476646 451706 58395.5 1070190
Qd3d 0.475132 450148 58333.5 1070190
Qc3c 0.475132 450148 58333.5 1070190
Qh3h 0.474569 449510 58368.5 1070190
Qd2d 0.473358 448276 58306.5 1070190
Qc2c 0.473358 448276 58306.5 1070190
Qh2h 0.472794 447638 58341.5 1070190
JcTc 0.468694 448171 53421 1070190
JdTd 0.468694 448171 53421 1070190
JhTh 0.468083 447454 53484 1070190
Qc7d 0.464428 438591 58435.5 1070190
Qd7c 0.464428 438591 58435.5 1070190
Qc7h 0.46439 438554 58431.5 1070190
Qd7h 0.46439 438554 58431.5 1070190
Qh7c 0.464382 438546 58431.5 1070190
Qh7d 0.464382 438546 58431.5 1070190
Qs7d 0.463838 438090 58305 1070190
Qs7c 0.463838 438090 58305 1070190
Qs7h 0.4638 438053 58301 1070190
Qc7s 0.463722 437866 58405 1070190
Qd7s 0.463722 437866 58405 1070190
Qh7s 0.463677 437821 58401 1070190
Qs7s 0.463132 437365 58274.5 1070190
Qc6d 0.46017 432921 59548.5 1070190
Qd6c 0.46017 432921 59548.5 1070190
Qc6h 0.460132 432884 59544.5 1070190
Qd6h 0.460132 432884 59544.5 1070190
Qh6d 0.460124 432876 59544.5 1070190
Qh6c 0.460124 432876 59544.5 1070190
Qs6d 0.459591 432438 59412 1070190
Qs6c 0.459591 432438 59412 1070190
Qs6h 0.459553 432401 59408 1070190
Qd6s 0.459459 432190 59518 1070190
Qc6s 0.459459 432190 59518 1070190
Qh6s 0.459413 432145 59514 1070190
Qs6s 0.45888 431707 59381.5 1070190
Qc5d 0.456977 428961 60091.5 1070190
Qd5c 0.456977 428961 60091.5 1070190
Qd5h 0.456939 428924 60087.5 1070190
Qc5h 0.456939 428924 60087.5 1070190
Qh5d 0.456931 428916 60087.5 1070190
Qh5c 0.456931 428916 60087.5 1070190
Qs5d 0.456404 428487 59952 1070190
Qs5c 0.456404 428487 59952 1070190
Qs5h 0.456366 428450 59948 1070190
Qd5s 0.45626 428224 60061 1070190
Qc5s 0.45626 428224 60061 1070190
Qh5s 0.456214 428179 60057 1070190
Qs5s 0.455687 427750 59921.5 1070190
Qd4c 0.454495 426141 60254.5 1070190
Qc4d 0.454495 426141 60254.5 1070190
Qd4h 0.454456 426104 60250.5 1070190
Qc4h 0.454456 426104 60250.5 1070190
Qh4c 0.454449 426096 60250.5 1070190
Qh4d 0.454449 426096 60250.5 1070190
Qs4d 0.453923 425670 60114 1070190
Qs4c 0.453923 425670 60114 1070190
Qs4h 0.453885 425633 60110 1070190
Qc4s 0.453772 425398 60224 1070190
Qd4s 0.453772 425398 60224 1070190
Qh4s 0.453726 425353 60220 1070190
Qs4s 0.4532 424927 60083.5 1070190
Jc9c 0.452444 424899 59302 1070190
Jd9d 0.452444 424899 59302 1070190
Qd3c 0.452367 423891 60227.5 1070190
Qc3d 0.452367 423891 60227.5 1070190
Qc3h 0.452329 423854 60223.5 1070190
Qd3h 0.452329 423854 60223.5 1070190
Qh3c 0.452321 423846 60223.5 1070190
Qh3d 0.452321 423846 60223.5 1070190
Jh9h 0.451802 424149 59365 1070190
Qs3c 0.451795 423420 60087 1070190
Qs3d 0.451795 423420 60087 1070190
Qs3h 0.451757 423383 60083 1070190
Qd3s 0.451638 423142 60197 1070190
Qc3s 0.451638 423142 60197 1070190
Qh3s 0.451593 423097 60193 1070190
Qs3s 0.451067 422671 60056.5 1070190
Qc2d 0.450592 422019 60200.5 1070190
Qd2c 0.450592 422019 60200.5 1070190
Qd2h 0.450554 421982 60196.5 1070190
Qc2h 0.450554 421982 60196.5 1070190
Qh2c 0.450547 421974 60196.5 1070190
Qh2d 0.450547 421974 60196.5 1070190
Qs2c 0.450021 421548 60060 1070190
Qs2d 0.450021 421548 60060 1070190
Qs2h 0.449983 421511 60056 1070190
Qd2s 0.449864 421270 60170 1070190
Qc2s 0.449864 421270 60170 1070190
Qh2s 0.449818 421225 60166 1070190
Qs2s 0.449293 420799 60029.5 1070190
JcTd 0.445313 421593 54976.5 1070190
JdTc 0.445313 421593 54976.5 1070190
JcTh 0.445263 421539 54976.5 1070190
JhTd 0.445263 421539 54976.5 1070190
JdTh 0.445263 421539 54976.5 1070190
JhTc 0.445263 421539 54976.5 1070190
JsTd 0.444673 420998 54886.5 1070190
JsTc 0.444673 420998 54886.5 1070190
JsTh 0.444622 420944 54886.5 1070190
JcTs 0.444622 420883 54946.5 1070190
JdTs 0.444622 420883 54946.5 1070190
JhTs 0.444571 420829 54946.5 1070190
JsTs 0.443981 420288 54856.5 1070190
Jc7c 0.434596 402997 62103.5 1070190
Jd7d 0.434596 402997 62103.5 1070190
Jh7h 0.433877 402175 62155.5 1070190
Jc9d 0.428135 396943 61243 1070190
Jd9c 0.428135 396943 61243 1070190
Jh9d 0.428085 396889 61243 1070190
Jh9c 0.428085 396889 61243 1070190
Jc9h 0.428085 396889 61243 1070190
Jd9h 0.428085 396889 61243 1070190
Js9c 0.427525 396395 61137.5 1070190
Js9d 0.427525 396395 61137.5 1070190
Js9h 0.427474 396341 61137.5 1070190
Jd9s 0.427449 396242 61209.5 1070190
Jc9s 0.427449 396242 61209.5 1070190
Jh9s 0.427398 396188 61209.5 1070190
Js9s 0.426838 395694 61104 1070190
Jc6c 0.420943 387078 63411.5 1070190
Jd6d 0.420943 387078 63411.5 1070190
Jh6h 0.420267 386302 63463.5 1070190
Jd5d 0.417863 383274 63918.5 1070190
Jc5c 0.417863 383274 63918.5 1070190
Jh5h 0.417192 382504 63970.5 1070190
Jd4d 0.415447 380538 64069.5 1070190
Jc4c 0.415447 380538 64069.5 1070190
Jh4h 0.414782 379774 64121.5 1070190
Jd3d 0.413364 378336 64042.5 1070190
Jc3c 0.413364 378336 64042.5 1070190
Tc9c 0.413234 379223 63016 1070190
Td9d 0.413234 379223 63016 1070190
Jh3h 0.412705 377578 64094.5 1070190
Th9h 0.412434 378286 63097 1070190
Jd2d 0.41159 376464 64015.5 1070190
Jc2c 0.41159 376464 64015.5 1070190
Jh2h 0.41093 375706 64067.5 1070190
Jd7c 0.409485 374042 64184.5 1070190
Jc7d 0.409485 374042 64184.5 1070190
Jd7h 0.409453 374012 64181 1070190
Jc7h 0.409453 374012 64181 1070190
Jh7c 0.409439 373997 64181 1070190
Jh7d 0.409439 373997 64181 1070190
Js7c 0.408902 373539 64063.5 1070190
Js7d 0.408902 373539 64063.5 1070190
Js7h 0.40887 373509 64060 1070190
Jd7s 0.40882 373368 64147.5 1070190
Jc7s 0.40882 373368 64147.5 1070190
Jh7s 0.408775 373323 64144 1070190
Js7s 0.408237 372865 64026.5 1070190
Jc6d 0.395094 357243 65582.5 1070190
Jd6c 0.395094 357243 65582.5 1070190
Jc6h 0.395063 357213 65579 1070190
Jd6h 0.395063 357213 65579 1070190
Jh6c 0.395049 357198 65579 1070190
Jh6d 0.395049 357198 65579 1070190
Js6d 0.394525 356763 65454 1070190
Js6c 0.394525 356763 65454 1070190
Js6h 0.394494 356733 65450.5 1070190
Jc6s 0.394429 356568 65545.5 1070190
Jd6s 0.394429 356568 65545.5 1070190
Jh6s 0.394383 356523 65542 1070190
Js6s 0.39386 356088 65417 1070190
Tc7c 0.392699 352463 67799.5 1070190
Td7d 0.392699 352463 67799.5 1070190
Jc5d 0.391901 353283 66125.5 1070190
Jd5c 0.391901 353283 66125.5 1070190
Jd5h 0.39187 353253 66122 1070190
Jc5h 0.39187 353253 66122 1070190
Jh5d 0.391856 353238 66122 1070190
Jh5c 0.391856 353238 66122 1070190
Th7h 0.391841 351476 67868.5 1070190
Js5c 0.391338 352812 65994 1070190
Js5d 0.391338 352812 65994 1070190
Js5h 0.391307 352782 65990.5 1070190
Jc5s 0.39123 352602 66088.5 1070190
Jd5s 0.39123 352602 66088.5 1070190
Jh5s 0.391185 352557 66085 1070190
Js5s 0.390667 352131 65957 1070190
Jc4d 0.389418 350463 66288.5 1070190
Jd4c 0.389418 350463 66288.5 1070190
Jd4h 0.389387 350433 66285 1070190
Jc4h 0.389387 350433 66285 1070190
Jh4c 0.389373 350418 66285 1070190
Jh4d 0.389373 350418 66285 1070190
Js4c 0.388857 349995 66156 1070190
Js4d 0.388857 349995 66156 1070190
Js4h 0.388826 349965 66152.5 1070190
Jc4s 0.388742 349776 66251.5 1070190
Jd4s 0.388742 349776 66251.5 1070190
Jh4s 0.388696 349731 66248 1070190
Js4s 0.388181 349308 66119 1070190
Jd3c 0.387291 348213 66261.5 1070190
Jc3d 0.387291 348213 66261.5 1070190
Jd3h 0.387259 348183 66258 1070190
Jc3h 0.387259 348183 66258 1070190
Jh3d 0.387245 348168 66258 1070190
Jh3c 0.387245 348168 66258 1070190
Tc9d 0.386833 348821 65164 1070190
Td9c 0.386833 348821 65164 1070190
Th9d 0.386783 348767 65164 1070190
Th9c 0.386783 348767 65164 1070190
Td9h 0.386783 348767 65164 1070190
Tc9h 0.386783 348767 65164 1070190
Js3c 0.386729 347745 66129 1070190
Js3d 0.386729 347745 66129 1070190
Js3h 0.386698 347715 66125.5 1070190
Jc3s 0.386608 347520 66224.5 1070190
Jd3s 0.386608 347520 66224.5 1070190
Jh3s 0.386563 347475 66221 1070190
Ts9c 0.386232 348274 65067.5 1070190
Ts9d 0.386232 348274 65067.5 1070190
Ts9h 0.386181 348220 65067.5 1070190
Td9s 0.386179 348160 65124.5 1070190
Tc9s 0.386179 348160 65124.5 1070190
Th9s 0.386128 348106 65124.5 1070190
Js3s 0.386047 347052 66092 1070190
Ts9s 0.385577 347613 65028 1070190
Jd2c 0.385516 346341 66234.5 1070190
Jc2d 0.385516 346341 66234.5 1070190
Jd2h 0.385485 346311 66231 1070190
Jc2h 0.385485 346311 66231 1070190
Jh2c 0.385471 346296 66231 1070190
Jh2d 0.385471 346296 66231 1070190
Js2d 0.384955 345873 66102 1070190
Js2c 0.384955 345873 66102 1070190
Js2h 0.384924 345843 66098.5 1070190
Jd2s 0.384834 345648 66197.5 1070190
Jc2s 0.384834 345648 66197.5 1070190
Jh2s 0.384789 345603 66194 1070190
Js2s 0.384273 345180 66065 1070190
Td6d 0.379046 336544 69107.5 1070190
Tc6c 0.379046 336544 69107.5 1070190
Th6h 0.378231 335603 69176.5 1070190
Tc7d 0.365384 320814 70216 1070190
Td7c 0.365384 320814 70216 1070190
Td7h 0.365358 320790 70213 1070190
Tc7h 0.365358 320790 70213 1070190
Th7c 0.365339 320769 70213 1070190
Th7d 0.365339 320769 70213 1070190
Tc5c 0.365249 321093 69792.5 1070190
Td5d 0.365249 321093 69792.5 1070190
Ts7c 0.364808 320308 70106 1070190
Ts7d 0.364808 320308 70106 1070190
Ts7h 0.364783 320284 70103 1070190
Tc7s 0.36476 320192 70170.5 1070190
Td7s 0.36476 320192 70170.5 1070190
Th7s 0.364715 320147 70167.5 1070190
Th5h 0.364481 320202 69861.5 1070190
Ts7s 0.364184 319686 70060.5 1070190
9c7c 0.363813 318007 71342.5 1070190
9d7d 0.363813 318007 71342.5 1070190
Tc4c 0.362833 318357 69943.5 1070190
Td4d 0.362833 318357 69943.5 1070190
9h7h 0.362814 316851 71428.5 1070190
Th4h 0.362071 317472 70012.5 1070190
Tc3c 0.36075 316155 69916.5 1070190
Td3d 0.36075 316155 69916.5 1070190
Th3h 0.359994 315276 69985.5 1070190
Td2d 0.358976 314283 69889.5 1070190
Tc2c 0.358976 314283 69889.5 1070190
Th2h 0.358219 313404 69958.5 1070190
Tc6d 0.350993 304015 71614 1070190
Td6c 0.350993 304015 71614 1070190
Td6h 0.350968 303991 71611 1070190
Tc6h 0.350968 303991 71611 1070190
Th6d 0.350948 303970 71611 1070190
Th6c 0.350948 303970 71611 1070190
Ts6d 0.350433 303533 71496.5 1070190
Ts6c 0.350433 303533 71496.5 1070190
Ts6h 0.350407 303509 71493.5 1070190
Td6s 0.350367 303391 71568.5 1070190
Tc6s 0.350367 303391 71568.5 1070190
Th6s 0.350322 303346 71565.5 1070190
Ts6s 0.349807 302909 71451 1070190
9d6d 0.349188 299590 74107.5 1070190
9c6c 0.349188 299590 74107.5 1070190
9h6h 0.348231 298480 74193.5 1070190
Td5c 0.336455 287724 72347 1070190
Tc5d 0.336455 287724 72347 1070190
Td5h 0.33643 287700 72344 1070190
Tc5h 0.33643 287700 72344 1070190
Th5c 0.33641 287679 72344 1070190
Th5d 0.33641 287679 72344 1070190
Ts5d 0.335904 287256 72225.5 1070190
Ts5c 0.335904 287256 72225.5 1070190
Ts5h 0.335879 287232 72222.5 1070190
Tc5s 0.33583 287100 72301.5 1070190
Td5s 0.33583 287100 72301.5 1070190
Th5s 0.335785 287055 72298.5 1070190
9c5c 0.33539 284139 74792.5 1070190
9d5d 0.33539 284139 74792.5 1070190
Ts5s 0.335279 286632 72180 1070190
9d7c 0.334991 284536 73968.5 1070190
9c7d 0.334991 284536 73968.5 1070190
9d7h 0.334971 284517 73966 1070190
9c7h 0.334971 284517 73966 1070190
9h7d 0.334947 284491 73966 1070190
9h7c 0.334947 284491 73966 1070190
9h5h 0.33448 283079 74878.5 1070190
9s7c 0.334422 284027 73868.5 1070190
9s7d 0.334422 284027 73868.5 1070190
9d7s 0.334402 283958 73916 1070190
9c7s 0.334402 283958 73916 1070190
9s7h 0.334402 284008 73866 1070190
9h7s 0.334358 283913 73913.5 1070190
Tc4d 0.333972 284904 72510 1070190
Td4c 0.333972 284904 72510 1070190
Tc4h 0.333947 284880 72507 1070190
Td4h 0.333947 284880 72507 1070190
Th4d 0.333928 284859 72507 1070190
Th4c 0.333928 284859 72507 1070190
9s7s 0.333833 283449 73816 1070190
Ts4c 0.333424 284439 72387.5 1070190
Ts4d 0.333424 284439 72387.5 1070190
Ts4h 0.333398 284415 72384.5 1070190
Tc4s 0.333341 284274 72464.5 1070190
Td4s 0.333341 284274 72464.5 1070190
Th4s 0.333296 284229 72461.5 1070190
Ts4s 0.332792 283809 72342 1070190
Tc3d 0.331845 282654 72483 1070190
Td3c 0.331845 282654 72483 1070190
Tc3h 0.33182 282630 72480 1070190
Td3h 0.33182 282630 72480 1070190
Th3c 0.3318 282609 72480 1070190
Th3d 0.3318 282609 72480 1070190
Ts3d 0.331296 282189 72360.5 1070190
Ts3c 0.331296 282189 72360.5 1070190
Ts3h 0.331271 282165 72357.5 1070190
Tc3s 0.331208 282018 72437.5 1070190
Td3s 0.331208 282018 72437.5 1070190
Th3s 0.331163 281973 72434.5 1070190
Ts3s 0.330659 281553 72315 1070190
Tc2d 0.33007 280782 72456 1070190
Td2c 0.33007 280782 72456 1070190
Td2h 0.330045 280758 72453 1070190
Tc2h 0.330045 280758 72453 1070190
Th2c 0.330026 280737 72453 1070190
Th2d 0.330026 280737 72453 1070190
Ts2c 0.329521 280317 72333.5 1070190
Ts2d 0.329521 280317 72333.5 1070190
Ts2h 0.329496 280293 72330.5 1070190
Td2s 0.329434 280146 72410.5 1070190
Tc2s 0.329434 280146 72410.5 1070190
Th2s 0.329389 280101 72407.5 1070190
Ts2s 0.328885 279681 72288 1070190
7d6d 0.32516 270477 77506 1070190
7c6c 0.32516 270477 77506 1070190
7h6h 0.323928 269066 77598 1070190
9d4d 0.321339 268861 75032.5 1070190
9c4c 0.321339 268861 75032.5 1070190
9h4h 0.320478 267854 75118.5 1070190
9d6c 0.319566 265080 76916.5 1070190
9c6d 0.319566 265080 76916.5 1070190
9c6h 0.319546 265061 76914 1070190
9d6h 0.319546 265061 76914 1070190
9h6c 0.319522 265035 76914 1070190
9h6d 0.319522 265035 76914 1070190
9c3c 0.319256 266659 75005.5 1070190
9d3d 0.319256 266659 75005.5 1070190
9s6c 0.319011 264592 76810 1070190
9s6d 0.319011 264592 76810 1070190
9s6h 0.318991 264573 76807.5 1070190
9d6s 0.318977 264505 76861.5 1070190
9c6s 0.318977 264505 76861.5 1070190
9h6s 0.318933 264460 76859 1070190
9s6s 0.318422 264017 76755 1070190
9h3h 0.318401 265658 75091.5 1070190
9c2c 0.317481 264787 74978.5 1070190
9d2d 0.317481 264787 74978.5 1070190
9h2h 0.316626 263786 75064.5 1070190
7d5d 0.310835 253481 79172 1070190
7c5c 0.310835 253481 79172 1070190
7h5h 0.309649 252119 79264 1070190
9c5d 0.305029 248789 77649.5 1070190
9d5c 0.305029 248789 77649.5 1070190
9c5h 0.305008 248770 77647 1070190
9d5h 0.305008 248770 77647 1070190
9h5c 0.304984 248744 77647 1070190
9h5d 0.304984 248744 77647 1070190
9s5c 0.304483 248316 77539 1070190
9s5d 0.304483 248316 77539 1070190
9s5h 0.304463 248297 77536.5 1070190
9d5s 0.304439 248213 77594.5 1070190
9c5s 0.304439 248213 77594.5 1070190
9h5s 0.304395 248168 77592 1070190
9s5s 0.303894 247740 77484 1070190
7c4c 0.296784 238203 79412 1070190
7d4d 0.296784 238203 79412 1070190
7h4h 0.295647 236894 79504 1070190
7c6d 0.294586 234782 80481.5 1070190
7d6c 0.294586 234782 80481.5 1070190
7h6d 0.29458 234782 80474.5 1070190
7h6c 0.29458 234782 80474.5 1070190
7c6h 0.294577 234776 80477.5 1070190
7d6h 0.294577 234776 80477.5 1070190
7s6d 0.294074 234335 80380 1070190
7s6c 0.294074 234335 80380 1070190
7s6h 0.294065 234329 80376 1070190
7c6s 0.294035 234256 80417 1070190
7d6s 0.294035 234256 80417 1070190
7h6s 0.294028 234256 80410 1070190
7s6s 0.293522 233809 80315.5 1070190
9c4d 0.290226 232689 77907.5 1070190
9d4c 0.290226 232689 77907.5 1070190
9c4h 0.290205 232670 77905 1070190
9d4h 0.290205 232670 77905 1070190
9h4c 0.290181 232644 77905 1070190
9h4d 0.290181 232644 77905 1070190
6d5d 0.290145 229803 80707.5 1070190
6c5c 0.290145 229803 80707.5 1070190
9s4d 0.289686 232224 77795.5 1070190
9s4c 0.289686 232224 77795.5 1070190
9s4h 0.289666 232205 77793 1070190
9c4s 0.289637 232114 77852.5 1070190
9d4s 0.289637 232114 77852.5 1070190
9h4s 0.289593 232069 77850 1070190
9s4s 0.289098 231649 77740.5 1070190
6h5h 0.288883 228325 80835 1070190
9d3c 0.288098 230439 77880.5 1070190
9c3d 0.288098 230439 77880.5 1070190
9d3h 0.288078 230420 77878 1070190
9c3h 0.288078 230420 77878 1070190
9h3c 0.288054 230394 77878 1070190
9h3d 0.288054 230394 77878 1070190
9s3d 0.287559 229974 77768.5 1070190
9s3c 0.287559 229974 77768.5 1070190
9s3h 0.287539 229955 77766 1070190
9c3s 0.287504 229858 77825.5 1070190
9d3s 0.287504 229858 77825.5 1070190
9h3s 0.287459 229813 77823 1070190
9s3s 0.286964 229393 77713.5 1070190
9c2d 0.286323 228567 77853.5 1070190
9d2c 0.286323 228567 77853.5 1070190
9d2h 0.286303 228548 77851 1070190
9c2h 0.286303 228548 77851 1070190
9h2c 0.286279 228522 77851 1070190
9h2d 0.286279 228522 77851 1070190
9s2d 0.285784 228102 77741.5 1070190
9s2c 0.285784 228102 77741.5 1070190
9s2h 0.285764 228083 77739 1070190
9c2s 0.285729 227986 77798.5 1070190
9d2s 0.285729 227986 77798.5 1070190
9h2s 0.285685 227941 77796 1070190
9s2s 0.28519 227521 77686.5 1070190
7c3c 0.282535 222981 79385 1070190
7d3d 0.282535 222981 79385 1070190
7h3h 0.281449 221727 79477 1070190
7d2d 0.28076 221109 79358 1070190
7c2c 0.28076 221109 79358 1070190
7h2h 0.279675 219855 79450 1070190
7d5c 0.279487 216846 82258.5 1070190
7c5d 0.279487 216846 82258.5 1070190
7h5c 0.279481 216846 82251.5 1070190
7h5d 0.279481 216846 82251.5 1070190
7d5h 0.279478 216840 82254.5 1070190
7c5h 0.279478 216840 82254.5 1070190
7s5d 0.278984 216412 82153.5 1070190
7s5c 0.278984 216412 82153.5 1070190
7s5h 0.278974 216406 82149.5 1070190
7c5s 0.278936 216323 82192 1070190
7d5s 0.278936 216323 82192 1070190
7h5s 0.27893 216323 82185 1070190
7s5s 0.278433 215889 82087 1070190
6d4d 0.275817 213516 81660.5 1070190
6c4c 0.275817 213516 81660.5 1070190
6h4h 0.274604 212090 81788 1070190
7c4d 0.264684 200746 82516.5 1070190
7d4c 0.264684 200746 82516.5 1070190
7h4c 0.264678 200746 82509.5 1070190
7h4d 0.264678 200746 82509.5 1070190
7d4h 0.264675 200740 82512.5 1070190
7c4h 0.264675 200740 82512.5 1070190
7s4c 0.264188 200321 82410 1070190
7s4d 0.264188 200321 82410 1070190
7s4h 0.264178 200315 82406 1070190
5c4c 0.26416 200579 82122.5 1070190
5d4d 0.26416 200579 82122.5 1070190
7d4s 0.264133 200223 82450 1070190
7c4s 0.264133 200223 82450 1070190
7h4s 0.264127 200223 82443 1070190
7s4s 0.263637 199798 82343.5 1070190
5h4h 0.262895 199072 82276 1070190
6d3d 0.261568 198294 81633.5 1070190
6c3c 0.261568 198294 81633.5 1070190
6h3h 0.260406 196923 81761 1070190
6d2d 0.259794 196422 81606.5 1070190
6c2c 0.259794 196422 81606.5 1070190
6h2h 0.258632 195051 81734 1070190
6d5c 0.257707 191876 83919 1070190
6c5d 0.257707 191876 83919 1070190
6h5d 0.257702 191876 83914.5 1070190
6h5c 0.257702 191876 83914.5 1070190
6c5h 0.257701 191873 83916 1070190
6d5h 0.257701 191873 83916 1070190
6s5d 0.25721 191439 83825 1070190
6s5c 0.25721 191439 83825 1070190
6s5h 0.257205 191436 83822 1070190
6d5s 0.257186 191392 83846 1070190
6c5s 0.257186 191392 83846 1070190
6h5s 0.257182 191392 83841.5 1070190
6s5s 0.25669 190955 83752 1070190
5c3c 0.24994 185002 82481.5 1070190
5d3d 0.24994 185002 82481.5 1070190
7c3d 0.249675 184710 82489.5 1070190
7d3c 0.249675 184710 82489.5 1070190
7h3c 0.249668 184710 82482.5 1070190
7h3d 0.249668 184710 82482.5 1070190
7d3h 0.249665 184704 82485.5 1070190
7c3h 0.249665 184704 82485.5 1070190
7s3d 0.249183 184290 82383 1070190
7s3c 0.249183 184290 82383 1070190
7s3h 0.249174 184284 82379 1070190
7d3s 0.249125 184188 82423 1070190
7c3s 0.249125 184188 82423 1070190
7h3s 0.249118 184188 82416 1070190
5h3h 0.248726 183549 82635 1070190
7s3s 0.248633 183768 82316.5 1070190
5d2d 0.248166 183130 82454.5 1070190
5c2c 0.248166 183130 82454.5 1070190
7c2d 0.2479 182838 82462.5 1070190
7d2c 0.2479 182838 82462.5 1070190
7h2d 0.247894 182838 82455.5 1070190
7h2c 0.247894 182838 82455.5 1070190
7d2h 0.247891 182832 82458.5 1070190
7c2h 0.247891 182832 82458.5 1070190
7s2c 0.247408 182418 82356 1070190
7s2d 0.247408 182418 82356 1070190
7s2h 0.247399 182412 82352 1070190
7c2s 0.24735 182316 82396 1070190
7d2s 0.24735 182316 82396 1070190
7h2s 0.247344 182316 82389 1070190
5h2h 0.246951 181677 82608 1070190
7s2s 0.246859 181896 82289.5 1070190
4c3c 0.245027 179877 82348 1070190
4d3d 0.245027 179877 82348 1070190
4h3h 0.243784 178377 82518 1070190
4c2c 0.243252 178005 82321 1070190
4d2d 0.243252 178005 82321 1070190
6d4c 0.242608 174700 84936.5 1070190
6c4d 0.242608 174700 84936.5 1070190
6h4c 0.242604 174700 84932 1070190
6h4d 0.242604 174700 84932 1070190
6c4h 0.242602 174697 84933.5 1070190
6d4h 0.242602 174697 84933.5 1070190
6s4c 0.242118 174272 84840.5 1070190
6s4d 0.242118 174272 84840.5 1070190
6s4h 0.242113 174269 84837.5 1070190
6c4s 0.242089 174219 84862 1070190
6d4s 0.242089 174219 84862 1070190
6h4s 0.242085 174219 84857.5 1070190
4h2h 0.242009 176505 82491 1070190
6s4s 0.241599 173791 84766 1070190
3d2d 0.241594 176391 82160 1070190
3c2c 0.241594 176391 82160 1070190
3h2h 0.240346 174879 82337 1070190
5d4c 0.23038 161097 85453 1070190
5c4d 0.23038 161097 85453 1070190
5h4d 0.230377 161097 85450.5 1070190
5h4c 0.230377 161097 85450.5 1070190
5d4h 0.230377 161096 85451 1070190
5c4h 0.230377 161096 85451 1070190
5s4c 0.229895 160666 85365.5 1070190
5s4d 0.229895 160666 85365.5 1070190
5s4h 0.229892 160665 85363.5 1070190
5c4s 0.229883 160645 85373.5 1070190
5d4s 0.229883 160645 85373.5 1070190
5h4s 0.229881 160645 85371 1070190
5s4s 0.229399 160214 85286 1070190
6d3c 0.227598 158664 84909.5 1070190
6c3d 0.227598 158664 84909.5 1070190
6h3d 0.227594 158664 84905 1070190
6h3c 0.227594 158664 84905 1070190
6c3h 0.227593 158661 84906.5 1070190
6d3h 0.227593 158661 84906.5 1070190
6s3c 0.227113 158241 84813.5 1070190
6s3d 0.227113 158241 84813.5 1070190
6s3h 0.227108 158238 84810.5 1070190
6c3s 0.22708 158184 84835 1070190
6d3s 0.22708 158184 84835 1070190
6h3s 0.227076 158184 84830.5 1070190
6s3s 0.226595 157761 84739 1070190
6d2c 0.225824 156792 84882.5 1070190
6c2d 0.225824 156792 84882.5 1070190
6h2d 0.22582 156792 84878 1070190
6h2c 0.22582 156792 84878 1070190
6c2h 0.225818 156789 84879.5 1070190
6d2h 0.225818 156789 84879.5 1070190
6s2d 0.225339 156369 84786.5 1070190
6s2c 0.225339 156369 84786.5 1070190
6s2h 0.225333 156366 84783.5 1070190
6c2s 0.225306 156312 84808 1070190
6d2s 0.225306 156312 84808 1070190
6h2s 0.225302 156312 84803.5 1070190
6s2s 0.224821 155889 84712 1070190
5d3c 0.2154 144681 85837.5 1070190
5c3d 0.2154 144681 85837.5 1070190
5h3c 0.215397 144681 85835 1070190
5h3d 0.215397 144681 85835 1070190
5d3h 0.215397 144680 85835.5 1070190
5c3h 0.215397 144680 85835.5 1070190
5s3d 0.214919 144255 85749.5 1070190
5s3c 0.214919 144255 85749.5 1070190
5s3h 0.214917 144254 85747.5 1070190
5d3s 0.214905 144232 85757 1070190
5c3s 0.214905 144232 85757 1070190
5h3s 0.214902 144232 85754.5 1070190
5s3s 0.214425 143806 85669 1070190
5c2d 0.213625 142809 85810.5 1070190
5d2c 0.213625 142809 85810.5 1070190
5h2d 0.213623 142809 85808 1070190
5h2c 0.213623 142809 85808 1070190
5d2h 0.213622 142808 85808.5 1070190
5c2h 0.213622 142808 85808.5 1070190
5s2c 0.213145 142383 85722.5 1070190
5s2d 0.213145 142383 85722.5 1070190
5s2h 0.213142 142382 85720.5 1070190
5c2s 0.21313 142360 85730 1070190
5d2s 0.21313 142360 85730 1070190
5h2s 0.213128 142360 85727.5 1070190
5s2s 0.21265 141934 85642 1070190
4c3d 0.2103 139344 85716.5 1070190
4d3c 0.2103 139344 85716.5 1070190
4h3d 0.210299 139344 85715.5 1070190
4h3c 0.210299 139344 85715.5 1070190
4c3h 0.210299 139344 85715.5 1070190
4d3h 0.210299 139344 85715.5 1070190
4s3d 0.209821 138915 85633.5 1070190
4s3c 0.209821 138915 85633.5 1070190
4s3h 0.20982 138915 85632.5 1070190
4c3s 0.209818 138912 85633 1070190
4d3s 0.209818 138912 85633 1070190
4h3s 0.209817 138912 85632 1070190
4s3s 0.209339 138483 85550 1070190
4d2c 0.208525 137472 85689.5 1070190
4c2d 0.208525 137472 85689.5 1070190
4d2h 0.208524 137472 85688.5 1070190
4h2d 0.208524 137472 85688.5 1070190
4h2c 0.208524 137472 85688.5 1070190
4c2h 0.208524 137472 85688.5 1070190
4s2d 0.208047 137043 85606.5 1070190
4s2c 0.208047 137043 85606.5 1070190
4s2h 0.208046 137043 85605.5 1070190
4d2s 0.208043 137040 85606 1070190
4c2s 0.208043 137040 85606 1070190
4h2s 0.208042 137040 85605 1070190
4s2s 0.207565 136611 85523 1070190
3c2h 0.206859 135846 85532 1070190
3c2d 0.206859 135846 85532 1070190
3h2d 0.206859 135846 85532 1070190
3d2c 0.206859 135846 85532 1070190
3d2h 0.206859 135846 85532 1070190
3h2c 0.206859 135846 85532 1070190
3c2s 0.206378 135414 85449.5 1070190
3s2c 0.206378 135414 85449.5 1070190
3s2d 0.206378 135414 85449.5 1070190
3s2h 0.206378 135414 85449.5 1070190
3d2s 0.206378 135414 85449.5 1070190
3h2s 0.206378 135414 85449.5 1070190
3s2s 0.205897 134982 85367 1070190
