QcJc 0.957265 1007071 17384.5 1070190
QcJd 0.941169 985933 21297 1070190
QcJh 0.940384 985213 21176.5 1070190
QcJs 0.940384 985213 21176.5 1070190
QdJc 0.940026 984709 21297 1070190
QhJc 0.93924 983989 21176.5 1070190
QsJc 0.93924 983989 21176.5 1070190
Jc7c 0.928078 967857 25362.5 1070190
QdJd 0.924092 968389 20565.5 1070190
QdJh 0.922296 966264 20768 1070190
QhJd 0.922296 966264 20768 1070190
QdJs 0.922296 966264 20768 1070190
QsJd 0.922296 966264 20768 1070190
QsJs 0.921511 965544 20647.5 1070190
QhJs 0.921511 965544 20647.5 1070190
QhJh 0.921511 965544 20647.5 1070190
QsJh 0.921511 965544 20647.5 1070190
Jc7d 0.901689 931657 33322 1070190
Jd7c 0.901567 932066 32781.5 1070190
Jh7c 0.90094 931562 32615.5 1070190
Js7c 0.90094 931562 32615.5 1070190
Jc7h 0.900904 930937 33201.5 1070190
Jc7s 0.900904 930937 33201.5 1070190
7c6c 0.889502 923424 28512 1070190
Jd7d 0.88726 917504 32032.5 1070190
Js7d 0.88487 914304 32675.5 1070190
Jh7d 0.88487 914304 32675.5 1070190
Jd7s 0.884711 914088 32721 1070190
Jd7h 0.884711 914088 32721 1070190
Js7h 0.884085 913584 32555 1070190
Js7s 0.884085 913584 32555 1070190
Jh7s 0.884085 913584 32555 1070190
Jh7h 0.884085 913584 32555 1070190
JcTc 0.853608 892288 21234.5 1070190
TsTc 0.850044 891565 18144 1070190
ThTc 0.850044 891565 18144 1070190
7d6c 0.84277 863947 37977 1070190
7c6d 0.8426 863242 38500 1070190
7s6c 0.842144 863443 37811 1070190
7h6c 0.842144 863443 37811 1070190
7c6h 0.841856 862570 38376 1070190
7c6s 0.841856 862570 38376 1070190
QcTc 0.834575 876896 16257.5 1070190
TsTh 0.832565 872139 18864 1070190
7d6d 0.831234 852476 37102 1070190
9h9d 0.828166 867354 18940.5 1070190
9s9d 0.828166 867354 18940.5 1070190
9s9h 0.827824 867000 18928.5 1070190
7h6d 0.826124 846024 38086 1070190
7s6d 0.826124 846024 38086 1070190
7d6h 0.826007 845856 38128 1070190
7d6s 0.826007 845856 38128 1070190
7h6s 0.825381 845352 37962 1070190
7h6h 0.825381 845352 37962 1070190
7s6s 0.825381 845352 37962 1070190
7s6h 0.825381 845352 37962 1070190
8s8d 0.822695 861444 18996 1070190
8h8d 0.822695 861444 18996 1070190
8s8h 0.822356 861093 18984 1070190
Tc7c 0.818267 845893 29808 1070190
JdJc 0.811236 849227 18949.5 1070190
JhJc 0.810708 848774 18837.5 1070190
JsJc 0.810708 848774 18837.5 1070190
AcTc 0.807031 850380 13296 1070190
KcTc 0.80423 849929 10749.5 1070190
JsJd 0.791627 828822 18369.5 1070190
JhJd 0.791627 828822 18369.5 1070190
JsJh 0.791099 828369 18257.5 1070190
Tc6c 0.78989 819352 25980 1070190
JdTc 0.786457 811658 30000.5 1070190
JsTc 0.785881 811154 29888.5 1070190
JhTc 0.785881 811154 29888.5 1070190
JcTs 0.783912 807937 30998 1070190
JcTh 0.783912 807937 30998 1070190
Tc9d 0.782746 816901 20786 1070190
Tc9h 0.782331 816469 20774 1070190
Tc9s 0.782331 816469 20774 1070190
Tc8d 0.772736 803164 23810 1070190
Tc8h 0.772324 802735 23798 1070190
Tc8s 0.772324 802735 23798 1070190
Tc5c 0.76617 797951 21996 1070190
QdQc 0.766139 803866 16048 1070190
Tc4c 0.765787 797470 22068 1070190
Tc3c 0.765737 797416 22068 1070190
Tc2c 0.765686 797362 22068 1070190
QhQc 0.765515 803261 15986 1070190
QsQc 0.765515 803261 15986 1070190
JdTs 0.764981 787965 30709.5 1070190
JdTh 0.764981 787965 30709.5 1070190
JhTh 0.764405 787461 30597.5 1070190
JhTs 0.764405 787461 30597.5 1070190
JsTs 0.764405 787461 30597.5 1070190
JsTh 0.764405 787461 30597.5 1070190
Th9d 0.763853 795954 21513.5 1070190
Ts9d 0.763853 795954 21513.5 1070190
Ts9s 0.763438 795522 21501.5 1070190
Ts9h 0.763438 795522 21501.5 1070190
Th9s 0.763438 795522 21501.5 1070190
Th9h 0.763438 795522 21501.5 1070190
Ts8d 0.753882 782343 24453.5 1070190
Th8d 0.753882 782343 24453.5 1070190
Ts8s 0.753469 781914 24441.5 1070190
Ts8h 0.753469 781914 24441.5 1070190
Th8s 0.753469 781914 24441.5 1070190
Th8h 0.753469 781914 24441.5 1070190
QcTh 0.750287 778640 24309.5 1070190
QcTs 0.750287 778640 24309.5 1070190
QdTc 0.750103 778926 23826.5 1070190
QhTc 0.749417 778254 23764.5 1070190
QsTc 0.749417 778254 23764.5 1070190
9d8d 0.745813 774832 23329.5 1070190
Jc9d 0.74511 766225 31184.5 1070190
Jc9s 0.74444 765554 31138.5 1070190
Jc9h 0.74444 765554 31138.5 1070190
QhQd 0.742457 778576 15994 1070190
QsQd 0.742457 778576 15994 1070190
QsQh 0.741834 777971 15932 1070190
AcJc 0.740843 772026 20816.5 1070190
Jd9d 0.735096 756778 29914 1070190
9d8h 0.734232 761166 24601.5 1070190
9d8s 0.734232 761166 24601.5 1070190
9h8d 0.734229 761163 24601.5 1070190
9s8d 0.734229 761163 24601.5 1070190
Tc7d 0.734147 742374 43303 1070190
9s8h 0.733909 760854 24568.5 1070190
9s8s 0.733909 760854 24568.5 1070190
9h8h 0.733909 760854 24568.5 1070190
9h8s 0.733909 760854 24568.5 1070190
Tc7h 0.733572 741870 43191 1070190
Tc7s 0.733572 741870 43191 1070190
Th7c 0.729877 737204 43903.5 1070190
Ts7c 0.729877 737204 43903.5 1070190
AdAc 0.728798 761346 18606 1070190
AsAc 0.72808 760590 18594 1070190
AhAc 0.72808 760590 18594 1070190
QdTh 0.727632 754349 24355 1070190
QdTs 0.727632 754349 24355 1070190
QsTh 0.726946 753677 24293 1070190
QhTs 0.726946 753677 24293 1070190
QsTs 0.726946 753677 24293 1070190
QhTh 0.726946 753677 24293 1070190
Js9d 0.723939 743787 30965 1070190
Jh9d 0.723939 743787 30965 1070190
Jd9s 0.723803 743562 31045 1070190
Jd9h 0.723803 743562 31045 1070190
Jh9h 0.723269 743116 30919 1070190
Jh9s 0.723269 743116 30919 1070190
Js9s 0.723269 743116 30919 1070190
Js9h 0.723269 743116 30919 1070190
KcJc 0.721596 759049 13195.5 1070190
KdKc 0.717638 754863 13146.5 1070190
KsKc 0.71692 754106 13134.5 1070190
KhKc 0.71692 754106 13134.5 1070190
Th7d 0.711668 717643 43976.5 1070190
Ts7d 0.711668 717643 43976.5 1070190
Th7h 0.711092 717139 43864.5 1070190
Th7s 0.711092 717139 43864.5 1070190
Ts7h 0.711092 717139 43864.5 1070190
Ts7s 0.711092 717139 43864.5 1070190
Qc9d 0.704411 729331 24522.5 1070190
Qc9s 0.703754 728669 24481 1070190
Qc9h 0.703754 728669 24481 1070190
Jc8d 0.701656 719350 31555 1070190
AcQc 0.701226 734483 15962 1070190
Jc8s 0.700987 718680 31509 1070190
Jc8h 0.700987 718680 31509 1070190
AsAd 0.699779 729570 19326 1070190
AhAd 0.699779 729570 19326 1070190
AsAh 0.699061 728814 19314 1070190
AcTh 0.69828 725964 21328.5 1070190
AcTs 0.69828 725964 21328.5 1070190
KcTh 0.698051 730113 16934 1070190
KcTs 0.698051 730113 16934 1070190
Ac7c 0.695378 711854 32333 1070190
KdTc 0.694985 726822 16944.5 1070190
KhTc 0.694189 725982 16932.5 1070190
KsTc 0.694189 725982 16932.5 1070190
AdTc 0.693966 721339 21336 1070190
Qd9d 0.693787 718809 23675 1070190
AhTc 0.693169 720499 21324 1070190
AsTc 0.693169 720499 21324 1070190
Jd8d 0.691373 709629 30271 1070190
KhKd 0.689815 724615 13618.5 1070190
KsKd 0.689815 724615 13618.5 1070190
9d7c 0.689483 693780 44097.5 1070190
KsKh 0.689097 723858 13606.5 1070190
9s7c 0.688896 693246 44004 1070190
9h7c 0.688896 693246 44004 1070190
Tc6d 0.687493 696803 38945 1070190
Tc6s 0.686807 696131 38883 1070190
Tc6h 0.686807 696131 38883 1070190
Ts6c 0.683548 692583 38943 1070190
Th6c 0.683548 692583 38943 1070190
9d7d 0.682586 687841 42655.5 1070190
Qh9d 0.679145 702097 24717 1070190
Qs9d 0.679145 702097 24717 1070190
Qd9s 0.67912 702032 24755 1070190
Qd9h 0.67912 702032 24755 1070190
Js8d 0.678616 694926 31322 1070190
Jh8d 0.678616 694926 31322 1070190
Qs9h 0.678487 701435 24675.5 1070190
Qh9h 0.678487 701435 24675.5 1070190
Qh9s 0.678487 701435 24675.5 1070190
Qs9s 0.678487 701435 24675.5 1070190
Jd8s 0.678461 694680 31402 1070190
Jd8h 0.678461 694680 31402 1070190
Js8s 0.677947 694256 31276 1070190
Jh8h 0.677947 694256 31276 1070190
Jh8s 0.677947 694256 31276 1070190
Js8h 0.677947 694256 31276 1070190
KcQc 0.677911 717153 8341 1070190
Kc7c 0.671208 689262 29058 1070190
KdTs 0.670956 700737 17313.5 1070190
KdTh 0.670956 700737 17313.5 1070190
KhTh 0.67016 699897 17301.5 1070190
KsTs 0.67016 699897 17301.5 1070190
KsTh 0.67016 699897 17301.5 1070190
KhTs 0.67016 699897 17301.5 1070190
AdTs 0.669497 694548 21940.5 1070190
AdTh 0.669497 694548 21940.5 1070190
9d7s 0.668795 671342 44395.5 1070190
9d7h 0.668795 671342 44395.5 1070190
9h7d 0.668731 671239 44430 1070190
9s7d 0.668731 671239 44430 1070190
AhTs 0.6687 693708 21928.5 1070190
AsTh 0.6687 693708 21928.5 1070190
AsTs 0.6687 693708 21928.5 1070190
AhTh 0.6687 693708 21928.5 1070190
9h7s 0.668208 670808 44302 1070190
9s7s 0.668208 670808 44302 1070190
9s7h 0.668208 670808 44302 1070190
9h7h 0.668208 670808 44302 1070190
Ts6d 0.664027 671249 39386 1070190
Th6d 0.664027 671249 39386 1070190
Th6s 0.663341 670577 39324 1070190
Ts6s 0.663341 670577 39324 1070190
Ts6h 0.663341 670577 39324 1070190
Th6h 0.663341 670577 39324 1070190
Qc7c 0.658556 675973 28807 1070190
AcKc 0.656837 691833 11107.5 1070190
Qc8d 0.654386 675334 24983 1070190
Qc8h 0.653729 674673 24941.5 1070190
Qc8s 0.653729 674673 24941.5 1070190
Qc6c 0.653075 670107 28807 1070190
Tc5d 0.648351 659556 34303 1070190
Tc4d 0.648069 659134 34423 1070190
Tc3d 0.648007 659068 34423 1070190
Tc2d 0.647946 659002 34423 1070190
Tc5s 0.647555 658716 34291 1070190
Tc5h 0.647555 658716 34291 1070190
Ac6c 0.647436 663757 29122.5 1070190
Tc4h 0.647273 658294 34411 1070190
Tc4s 0.647273 658294 34411 1070190
Tc3h 0.647211 658228 34411 1070190
Tc3s 0.647211 658228 34411 1070190
Tc2s 0.64715 658162 34411 1070190
Tc2h 0.64715 658162 34411 1070190
Ac9d 0.646782 670623 21556.5 1070190
Kc9d 0.646382 674604 17147.5 1070190
Ac9s 0.646112 669939 21523.5 1070190
Ac9h 0.646112 669939 21523.5 1070190
Kc9h 0.645741 673952 17114 1070190
Kc9s 0.645741 673952 17114 1070190
Ts5c 0.644739 656275 33718.5 1070190
Th5c 0.644739 656275 33718.5 1070190
8d7c 0.644034 644397 44841.5 1070190
Qd8d 0.643492 664538 24120.5 1070190
8h7c 0.643447 643863 44748 1070190
8s7c 0.643447 643863 44748 1070190
Ts4c 0.643007 654307 33832.5 1070190
Th4c 0.643007 654307 33832.5 1070190
Ts3c 0.641669 652875 33832.5 1070190
Th3c 0.641669 652875 33832.5 1070190
Ts2c 0.640357 651471 33832.5 1070190
Th2c 0.640357 651471 33832.5 1070190
8d7d 0.636786 638110 43372.5 1070190
9d6c 0.635842 641293 39178.5 1070190
Kd9d 0.635465 663339 16729 1070190
9h6c 0.635309 640824 39077.5 1070190
9s6c 0.635309 640824 39077.5 1070190
Ad9d 0.634703 658218 21034.5 1070190
Jc5c 0.634191 651510 27195 1070190
Jc6c 0.633117 650681 26874 1070190
Jc4c 0.632472 649563 27302 1070190
Jc3c 0.631303 648312 27302 1070190
9d6d 0.630916 637059 38140.5 1070190
Jc2c 0.630134 647061 27302 1070190
Qs8d 0.626897 645736 25162.5 1070190
Qh8d 0.626897 645736 25162.5 1070190
Qd8s 0.626846 645644 25200.5 1070190
Qd8h 0.626846 645644 25200.5 1070190
Qs8h 0.62624 645075 25121 1070190
Qs8s 0.62624 645075 25121 1070190
Qh8s 0.62624 645075 25121 1070190
Qh8h 0.62624 645075 25121 1070190
Ts5d 0.624163 633450 34522.5 1070190
Th5d 0.624163 633450 34522.5 1070190
Th4d 0.623885 633036 34639.5 1070190
Ts4d 0.623885 633036 34639.5 1070190
Th3d 0.623823 632970 34639.5 1070190
Ts3d 0.623823 632970 34639.5 1070190
Th2d 0.623762 632904 34639.5 1070190
Ts2d 0.623762 632904 34639.5 1070190
Th5s 0.623366 632610 34510.5 1070190
Ts5s 0.623366 632610 34510.5 1070190
Ts5h 0.623366 632610 34510.5 1070190
Th5h 0.623366 632610 34510.5 1070190
Ts4s 0.623089 632196 34627.5 1070190
Ts4h 0.623089 632196 34627.5 1070190
Th4s 0.623089 632196 34627.5 1070190
Th4h 0.623089 632196 34627.5 1070190
Th3s 0.623027 632130 34627.5 1070190
Ts3s 0.623027 632130 34627.5 1070190
Ts3h 0.623027 632130 34627.5 1070190
Th3h 0.623027 632130 34627.5 1070190
Th2h 0.622966 632064 34627.5 1070190
Ts2h 0.622966 632064 34627.5 1070190
Ts2s 0.622966 632064 34627.5 1070190
Th2s 0.622966 632064 34627.5 1070190
8d7s 0.621521 620033 45112.5 1070190
8d7h 0.621521 620033 45112.5 1070190
8h7d 0.621437 619909 45147 1070190
8s7d 0.621437 619909 45147 1070190
8s7s 0.620935 619499 45019 1070190
8h7h 0.620935 619499 45019 1070190
8h7s 0.620935 619499 45019 1070190
8s7h 0.620935 619499 45019 1070190
Kc6c 0.619198 636812 25847.5 1070190
Kd9h 0.616422 641955 17733.5 1070190
Kd9s 0.616422 641955 17733.5 1070190
Ks9d 0.616333 641859 17734 1070190
Kh9d 0.616333 641859 17734 1070190
Kh9s 0.615692 641207 17700.5 1070190
Kh9h 0.615692 641207 17700.5 1070190
Ks9s 0.615692 641207 17700.5 1070190
Ks9h 0.615692 641207 17700.5 1070190
Ad9h 0.615217 636051 22348.5 1070190
Ad9s 0.615217 636051 22348.5 1070190
As9d 0.615159 635988 22348.5 1070190
Ah9d 0.615159 635988 22348.5 1070190
As9s 0.614489 635304 22315.5 1070190
Ah9h 0.614489 635304 22315.5 1070190
Ah9s 0.614489 635304 22315.5 1070190
As9h 0.614489 635304 22315.5 1070190
AcJd 0.614168 627755 29521.5 1070190
AcJh 0.613646 627319 29399 1070190
AcJs 0.613646 627319 29399 1070190
9h6d 0.61337 616474 39948 1070190
9s6d 0.61337 616474 39948 1070190
9d6s 0.613284 616363 39967.5 1070190
9d6h 0.613284 616363 39967.5 1070190
9h6h 0.612751 615894 39866.5 1070190
9h6s 0.612751 615894 39866.5 1070190
9s6s 0.612751 615894 39866.5 1070190
9s6h 0.612751 615894 39866.5 1070190
AdJc 0.607112 619178 30547.5 1070190
7d7c 0.607006 621944 27668 1070190
7s7c 0.606536 621555 27554 1070190
7h7c 0.606536 621555 27554 1070190
AhJc 0.606386 618443 30505 1070190
AsJc 0.606386 618443 30505 1070190
Qc5c 0.602679 619779 25202.5 1070190
Ac5c 0.602449 619217 25518 1070190
Qc4c 0.600945 617816 25309.5 1070190
Ac4c 0.600738 617279 25625 1070190
AdJd 0.600221 613214 29136 1070190
Qc3c 0.599726 616511 25309.5 1070190
Ac3c 0.599468 615920 25625 1070190
Qc2c 0.598506 615206 25309.5 1070190
Ac2c 0.598198 614561 25625 1070190
Ac8d 0.59263 611982 22245 1070190
Ac8h 0.59196 611298 22212 1070190
Ac8s 0.59196 611298 22212 1070190
Kc8d 0.591157 614901 17749 1070190
9d5c 0.590612 598069 33998.5 1070190
Kc8s 0.590517 614250 17715.5 1070190
Kc8h 0.590517 614250 17715.5 1070190
9s5c 0.590131 597661 33891.5 1070190
9h5c 0.590131 597661 33891.5 1070190
9d4c 0.588869 596083 34118.5 1070190
9s4c 0.588389 595678 34010.5 1070190
9h4c 0.588389 595678 34010.5 1070190
KcJd 0.587992 610599 18664.5 1070190
9d3c 0.587531 594651 34118.5 1070190
9d5d 0.587506 595376 33367.5 1070190
KcJs 0.587436 610084 18584 1070190
KcJh 0.587436 610084 18584 1070190
9d4d 0.587222 594954 33485.5 1070190
9d3d 0.587155 594882 33485.5 1070190
9d2d 0.587088 594810 33485.5 1070190
9h3c 0.587051 594246 34010.5 1070190
9s3c 0.587051 594246 34010.5 1070190
9d2c 0.586219 593247 34118.5 1070190
9s2c 0.585739 592842 34010.5 1070190
9h2c 0.585739 592842 34010.5 1070190
7h7d 0.583885 597544 27324 1070190
7s7d 0.583885 597544 27324 1070190
7s7h 0.583415 597155 27210 1070190
8d6c 0.583152 584212 39871.5 1070190
KdJc 0.583068 604824 19170 1070190
8s6c 0.582619 583743 39770.5 1070190
8h6c 0.582619 583743 39770.5 1070190
KhJc 0.582342 604089 19128 1070190
KsJc 0.582342 604089 19128 1070190
AdJh 0.582162 592857 30166.5 1070190
AdJs 0.582162 592857 30166.5 1070190
AsJd 0.581957 592558 30246.5 1070190
AhJd 0.581957 592558 30246.5 1070190
AsJh 0.581435 592122 30124 1070190
AsJs 0.581435 592122 30124 1070190
AhJs 0.581435 592122 30124 1070190
AhJh 0.581435 592122 30124 1070190
Ad8d 0.580278 599298 21709.5 1070190
Kd8d 0.579969 603362 17315.5 1070190
8d6d 0.57789 579649 38803.5 1070190
KdJd 0.576469 598651 18280.5 1070190
7c5c 0.575898 575898 40422.5 1070190
7c4c 0.572328 571970 40529.5 1070190
7c3c 0.571159 570719 40529.5 1070190
Kc5c 0.57108 588921 22243 1070190
7c2c 0.56999 569468 40529.5 1070190
Kc4c 0.569332 586943 22350 1070190
Kc3c 0.568062 585584 22350 1070190
Kc2c 0.566792 584225 22350 1070190
9s5d 0.566773 571358 35197 1070190
9h5d 0.566773 571358 35197 1070190
9d5s 0.56654 571037 35268.5 1070190
9d5h 0.56654 571037 35268.5 1070190
9s4d 0.566476 570915 35322 1070190
9h4d 0.566476 570915 35322 1070190
9h3d 0.566409 570843 35322 1070190
9s3d 0.566409 570843 35322 1070190
9s2d 0.566341 570771 35322 1070190
9h2d 0.566341 570771 35322 1070190
9d4h 0.566241 570591 35394.5 1070190
9d4s 0.566241 570591 35394.5 1070190
9d3s 0.566174 570519 35394.5 1070190
9d3h 0.566174 570519 35394.5 1070190
9d2s 0.566106 570447 35394.5 1070190
9d2h 0.566106 570447 35394.5 1070190
9s5h 0.566059 570629 35161.5 1070190
9s5s 0.566059 570629 35161.5 1070190
9h5s 0.566059 570629 35161.5 1070190
9h5h 0.566059 570629 35161.5 1070190
9h4h 0.565762 570186 35286.5 1070190
9h4s 0.565762 570186 35286.5 1070190
9s4h 0.565762 570186 35286.5 1070190
9s4s 0.565762 570186 35286.5 1070190
9s3s 0.565694 570114 35286.5 1070190
9s3h 0.565694 570114 35286.5 1070190
9h3h 0.565694 570114 35286.5 1070190
9h3s 0.565694 570114 35286.5 1070190
9s2s 0.565627 570042 35286.5 1070190
9s2h 0.565627 570042 35286.5 1070190
9h2h 0.565627 570042 35286.5 1070190
9h2s 0.565627 570042 35286.5 1070190
Kd8h 0.558651 579543 18320 1070190
Kd8s 0.558651 579543 18320 1070190
Ks8d 0.558593 579480 18320.5 1070190
Kh8d 0.558593 579480 18320.5 1070190
Ad8s 0.558516 574695 23023.5 1070190
Ad8h 0.558516 574695 23023.5 1070190
8h6d 0.558491 557080 40611 1070190
8s6d 0.558491 557080 40611 1070190
Ah8d 0.558488 574665 23023.5 1070190
As8d 0.558488 574665 23023.5 1070190
8d6s 0.55843 556996 40630.5 1070190
8d6h 0.55843 556996 40630.5 1070190
Kh8h 0.557953 578829 18287 1070190
Ks8s 0.557953 578829 18287 1070190
Kh8s 0.557953 578829 18287 1070190
Ks8h 0.557953 578829 18287 1070190
8s6h 0.557898 556527 40529.5 1070190
8s6s 0.557898 556527 40529.5 1070190
8h6h 0.557898 556527 40529.5 1070190
8h6s 0.557898 556527 40529.5 1070190
Ah8h 0.557818 573981 22990.5 1070190
Ah8s 0.557818 573981 22990.5 1070190
As8h 0.557818 573981 22990.5 1070190
As8s 0.557818 573981 22990.5 1070190
KdJs 0.557275 577475 18915 1070190
KdJh 0.557275 577475 18915 1070190
KhJd 0.557105 577255 18953.5 1070190
KsJd 0.557105 577255 18953.5 1070190
KhJh 0.556549 576740 18873 1070190
KhJs 0.556549 576740 18873 1070190
KsJh 0.556549 576740 18873 1070190
KsJs 0.556549 576740 18873 1070190
Ac7d 0.54884 540007 47356.5 1070190
Ac7s 0.548403 539665 47230.5 1070190
Ac7h 0.548403 539665 47230.5 1070190
AcQd 0.546469 561281 23544.5 1070190
AcQs 0.545852 560697 23468.5 1070190
AcQh 0.545852 560697 23468.5 1070190
AdQc 0.542046 556045 24047.5 1070190
AhQc 0.541325 555311 24009.5 1070190
AsQc 0.541325 555311 24009.5 1070190
Ad7c 0.538736 528582 47968 1070190
As7c 0.538097 527989 47877.5 1070190
Ah7c 0.538097 527989 47877.5 1070190
Ad7d 0.535695 527135 46160 1070190
AdQd 0.534814 549327 23025.5 1070190
8d5c 0.531684 534361 34642 1070190
8s5c 0.531203 533953 34535 1070190
8h5c 0.531203 533953 34535 1070190
8d4c 0.52994 532375 34762 1070190
8h4c 0.529461 531970 34654 1070190
8s4c 0.529461 531970 34654 1070190
8d3c 0.528602 530943 34762 1070190
8d5d 0.528244 531345 33976.5 1070190
8h3c 0.528123 530538 34654 1070190
8s3c 0.528123 530538 34654 1070190
8d4d 0.52796 530923 34094.5 1070190
8d3d 0.527893 530851 34094.5 1070190
8d2d 0.527825 530779 34094.5 1070190
8d2c 0.52729 529539 34762 1070190
8s2c 0.526811 529134 34654 1070190
8h2c 0.526811 529134 34654 1070190
6d6c 0.524681 536742 24766.5 1070190
6h6c 0.52413 536216 24702.5 1070190
6s6c 0.52413 536216 24702.5 1070190
Kc7d 0.516663 510911 42017 1070190
Kc7h 0.516242 510582 41894.5 1070190
Kc7s 0.516242 510582 41894.5 1070190
Ad7h 0.515176 503220 48116 1070190
Ad7s 0.515176 503220 48116 1070190
As7d 0.514974 502969 48151.5 1070190
Ah7d 0.514974 502969 48151.5 1070190
As7h 0.514537 502627 48025.5 1070190
As7s 0.514537 502627 48025.5 1070190
Ah7s 0.514537 502627 48025.5 1070190
Ah7h 0.514537 502627 48025.5 1070190
KcQd 0.514044 537437 12687.5 1070190
KcQh 0.513398 536780 12653.5 1070190
KcQs 0.513398 536780 12653.5 1070190
AdQs 0.512032 523914 24057.5 1070190
AdQh 0.512032 523914 24057.5 1070190
AhQd 0.511927 523764 24095.5 1070190
AsQd 0.511927 523764 24095.5 1070190
KdQc 0.511719 534967 12670 1070190
AsQh 0.511311 523180 24019.5 1070190
AsQs 0.511311 523180 24019.5 1070190
AhQs 0.511311 523180 24019.5 1070190
AhQh 0.511311 523180 24019.5 1070190
KhQc 0.510999 534233 12632.5 1070190
KsQc 0.510999 534233 12632.5 1070190
6c5c 0.508311 505202 38787 1070190
Kd7c 0.508026 501071 42613.5 1070190
Ks7c 0.507388 500478 42523.5 1070190
Kh7c 0.507388 500478 42523.5 1070190
Kd7d 0.505716 500275 40937.5 1070190
8s5d 0.50536 505025 35806 1070190
8h5d 0.50536 505025 35806 1070190
8d5s 0.505157 504737 35877.5 1070190
8d5h 0.505157 504737 35877.5 1070190
8s4d 0.505063 504582 35931 1070190
8h4d 0.505063 504582 35931 1070190
KdQd 0.504996 528272 12170 1070190
8s3d 0.504995 504510 35931 1070190
8h3d 0.504995 504510 35931 1070190
8s2d 0.504928 504438 35931 1070190
8h2d 0.504928 504438 35931 1070190
8d4s 0.504858 504291 36003.5 1070190
8d4h 0.504858 504291 36003.5 1070190
8d3h 0.504791 504219 36003.5 1070190
8d3s 0.504791 504219 36003.5 1070190
6c4c 0.504769 501305 38894 1070190
8d2h 0.504724 504147 36003.5 1070190
8d2s 0.504724 504147 36003.5 1070190
8h5h 0.504676 504329 35770.5 1070190
8h5s 0.504676 504329 35770.5 1070190
8s5h 0.504676 504329 35770.5 1070190
8s5s 0.504676 504329 35770.5 1070190
8h4h 0.504379 503886 35895.5 1070190
8h4s 0.504379 503886 35895.5 1070190
8s4s 0.504379 503886 35895.5 1070190
8s4h 0.504379 503886 35895.5 1070190
8h3h 0.504312 503814 35895.5 1070190
8h3s 0.504312 503814 35895.5 1070190
8s3h 0.504312 503814 35895.5 1070190
8s3s 0.504312 503814 35895.5 1070190
8s2s 0.504245 503742 35895.5 1070190
8h2h 0.504245 503742 35895.5 1070190
8h2s 0.504245 503742 35895.5 1070190
8s2h 0.504245 503742 35895.5 1070190
Qc7d 0.503831 496978 42217 1070190
6c3c 0.50355 500000 38894 1070190
Qc7h 0.503375 496570 42136.5 1070190
Qc7s 0.503375 496570 42136.5 1070190
6c2c 0.50233 498695 38894 1070190
6s6d 0.499018 509096 24948.5 1070190
6h6d 0.499018 509096 24948.5 1070190
Qd7c 0.498487 491703 41772.5 1070190
6s6h 0.498467 508570 24884.5 1070190
Qh7c 0.497948 491257 41641.5 1070190
Qs7c 0.497948 491257 41641.5 1070190
Qd7d 0.494987 489099 40631.5 1070190
Qc6d 0.492078 484400 42217 1070190
Qc6s 0.491556 483922 42136.5 1070190
Qc6h 0.491556 483922 42136.5 1070190
Qd6c 0.486138 478488 41772.5 1070190
Qh6c 0.485605 478048 41641.5 1070190
Qs6c 0.485605 478048 41641.5 1070190
Qd6d 0.484136 477486 40631.5 1070190
Kd7h 0.484106 475535 42550 1070190
Kd7s 0.484106 475535 42550 1070190
Kh7d 0.483889 475271 42582.5 1070190
Ks7d 0.483889 475271 42582.5 1070190
Ks7h 0.483467 474942 42460 1070190
Kh7s 0.483467 474942 42460 1070190
Kh7h 0.483467 474942 42460 1070190
Ks7s 0.483467 474942 42460 1070190
KdQh 0.480736 501673 12806 1070190
KdQs 0.480736 501673 12806 1070190
KhQd 0.480661 501596 12802.5 1070190
KsQd 0.480661 501596 12802.5 1070190
KhQs 0.480015 500939 12768.5 1070190
KsQh 0.480015 500939 12768.5 1070190
KsQs 0.480015 500939 12768.5 1070190
KhQh 0.480015 500939 12768.5 1070190
Qd7h 0.473877 464864 42274 1070190
Qd7s 0.473877 464864 42274 1070190
Qs7d 0.473794 464826 42223.5 1070190
Qh7d 0.473794 464826 42223.5 1070190
Qs7h 0.473337 464418 42143 1070190
Qs7s 0.473337 464418 42143 1070190
Qh7h 0.473337 464418 42143 1070190
Qh7s 0.473337 464418 42143 1070190
AcKd 0.471125 486626 17567.5 1070190
AcKs 0.470414 485894 17538 1070190
AcKh 0.470414 485894 17538 1070190
Ac6d 0.469968 458972 43983.5 1070190
AdKc 0.46965 485067 17547.5 1070190
Ac6s 0.469459 458506 43904 1070190
Ac6h 0.469459 458506 43904 1070190
AhKc 0.468942 484343 17514 1070190
AsKc 0.468942 484343 17514 1070190
Jc6d 0.467011 459944 39847 1070190
Jc5d 0.466501 458861 40384 1070190
Jc6s 0.466462 459394 39808.5 1070190
Jc6h 0.466462 459394 39808.5 1070190
Jc5h 0.465897 458253 40345.5 1070190
Jc5s 0.465897 458253 40345.5 1070190
Jc4d 0.464776 456836 40563 1070190
Jd6c 0.464202 458331 38453.5 1070190
Jc4h 0.464172 456228 40524.5 1070190
Jc4s 0.464172 456228 40524.5 1070190
Js6c 0.46377 458031 38291.5 1070190
Jh6c 0.46377 458031 38291.5 1070190
Jc3d 0.463386 455348 40563 1070190
Jd5c 0.462822 456332 38975.5 1070190
Jc3h 0.462782 454740 40524.5 1070190
Jc3s 0.462782 454740 40524.5 1070190
Js5c 0.462396 456041 38810.5 1070190
Jh5c 0.462396 456041 38810.5 1070190
AdKd 0.462136 477658 16915 1070190
Jc2d 0.461996 453860 40563 1070190
Qd6h 0.461781 451919 42274 1070190
Qd6s 0.461781 451919 42274 1070190
Qs6d 0.461769 451957 42223.5 1070190
Qh6d 0.461769 451957 42223.5 1070190
Jd6d 0.461519 456011 37901.5 1070190
Jd5d 0.461457 455441 38405.5 1070190
Jc2h 0.461391 453252 40524.5 1070190
Jc2s 0.461391 453252 40524.5 1070190
Qh6h 0.461247 451479 42143 1070190
Qh6s 0.461247 451479 42143 1070190
Qs6s 0.461247 451479 42143 1070190
Qs6h 0.461247 451479 42143 1070190
Jd4d 0.459674 453365 38573.5 1070190
Ad6c 0.459651 447926 43988 1070190
Jd4c 0.459514 452618 39149.5 1070190
Ad6d 0.459249 448986 42497.5 1070190
Jh4c 0.45909 452330 38983.5 1070190
Js4c 0.45909 452330 38983.5 1070190
As6c 0.45906 447391 43890 1070190
Ah6c 0.45906 447391 43890 1070190
Jd3d 0.458205 451793 38573.5 1070190
Jd2d 0.456736 450221 38573.5 1070190
Jd3c 0.456713 449620 39149.5 1070190
Js3c 0.456289 449332 38983.5 1070190
Jh3c 0.456289 449332 38983.5 1070190
Jd2c 0.453938 446650 39149.5 1070190
Js2c 0.453513 446362 38983.5 1070190
Jh2c 0.453513 446362 38983.5 1070190
5c4c 0.446082 441014 36379 1070190
5c3c 0.444813 439655 36379 1070190
5c2c 0.443543 438296 36379 1070190
4c3c 0.440391 434923 36379 1070190
4c2c 0.439121 433564 36379 1070190
Jh6d 0.438945 430424 39330.5 1070190
Js6d 0.438945 430424 39330.5 1070190
Jd6s 0.438827 430174 39454 1070190
Jd6h 0.438827 430174 39454 1070190
Js5d 0.438516 429428 39867.5 1070190
Jh5d 0.438516 429428 39867.5 1070190
Js6s 0.438395 429874 39292 1070190
Js6h 0.438395 429874 39292 1070190
Jh6s 0.438395 429874 39292 1070190
Jh6h 0.438395 429874 39292 1070190
Jd5h 0.438338 429111 39994 1070190
Jd5s 0.438338 429111 39994 1070190
Jh5h 0.437912 428820 39829 1070190
Jh5s 0.437912 428820 39829 1070190
Js5h 0.437912 428820 39829 1070190
Js5s 0.437912 428820 39829 1070190
3c2c 0.436857 431141 36379 1070190
Js4d 0.436713 427319 40046.5 1070190
Jh4d 0.436713 427319 40046.5 1070190
Jd4h 0.436533 426999 40174 1070190
Jd4s 0.436533 426999 40174 1070190
5d5c 0.436114 444964 21760.5 1070190
Js4s 0.436109 426711 40008 1070190
Js4h 0.436109 426711 40008 1070190
Jh4h 0.436109 426711 40008 1070190
Jh4s 0.436109 426711 40008 1070190
5s5c 0.435481 444301 21746 1070190
5h5c 0.435481 444301 21746 1070190
Js3d 0.435244 425747 40046.5 1070190
Jh3d 0.435244 425747 40046.5 1070190
Jd3s 0.435064 425427 40174 1070190
Jd3h 0.435064 425427 40174 1070190
Jh3s 0.43464 425139 40008 1070190
Jh3h 0.43464 425139 40008 1070190
Js3s 0.43464 425139 40008 1070190
Js3h 0.43464 425139 40008 1070190
AhKd 0.434191 446722 17944.5 1070190
AsKd 0.434191 446722 17944.5 1070190
AdKh 0.434187 446714 17948.5 1070190
AdKs 0.434187 446714 17948.5 1070190
Js2d 0.433775 424175 40046.5 1070190
Jh2d 0.433775 424175 40046.5 1070190
Ad6s 0.433762 419609 44599 1070190
Ad6h 0.433762 419609 44599 1070190
Ah6d 0.43368 419540 44580.5 1070190
As6d 0.43368 419540 44580.5 1070190
Jd2h 0.433595 423855 40174 1070190
Jd2s 0.433595 423855 40174 1070190
AhKs 0.433479 445990 17915 1070190
AsKh 0.433479 445990 17915 1070190
AsKs 0.433479 445990 17915 1070190
AhKh 0.433479 445990 17915 1070190
Jh2h 0.433171 423567 40008 1070190
Ah6s 0.433171 419074 44501 1070190
As6h 0.433171 419074 44501 1070190
Ah6h 0.433171 419074 44501 1070190
As6s 0.433171 419074 44501 1070190
Js2h 0.433171 423567 40008 1070190
Js2s 0.433171 423567 40008 1070190
Jh2s 0.433171 423567 40008 1070190
Kc6d 0.431542 423188 38644 1070190
Kc6s 0.431053 422741 38568 1070190
Kc6h 0.431053 422741 38568 1070190
Kd6d 0.423203 415633 37275 1070190
Kd6c 0.422658 413691 38633.5 1070190
Ks6c 0.422067 413156 38536 1070190
Kh6c 0.422067 413156 38536 1070190
4d4c 0.418392 425998 21760.5 1070190
4h4c 0.417759 425335 21746 1070190
4s4c 0.417759 425335 21746 1070190
Qc5d 0.410239 400776 38258 1070190
Qc5h 0.409656 400186 38224 1070190
Qc5s 0.409656 400186 38224 1070190
Qc4d 0.408453 398685 38437 1070190
Qc4s 0.40787 398095 38403 1070190
Qc4h 0.40787 398095 38403 1070190
5s5d 0.407668 413817 22465.5 1070190
5h5d 0.407668 413817 22465.5 1070190
5s5h 0.407035 413154 22451 1070190
Qc3d 0.407001 397131 38437 1070190
Qc3s 0.406418 396541 38403 1070190
Qc3h 0.406418 396541 38403 1070190
Qc2d 0.405549 395577 38437 1070190
Qc2s 0.404965 394987 38403 1070190
Qc2h 0.404965 394987 38403 1070190
Qd5d 0.404719 396709 36417 1070190
Qd5c 0.403853 394971 37228.5 1070190
Qs5c 0.403365 394585 37092 1070190
Qh5c 0.403365 394585 37092 1070190
Qd4d 0.402871 394564 36585 1070190
Qd3d 0.401338 392923 36585 1070190
3d3c 0.400851 407226 21760.5 1070190
Qd4c 0.400478 391185 37402.5 1070190
3h3c 0.400218 406563 21746 1070190
3s3c 0.400218 406563 21746 1070190
Qh4c 0.399992 390802 37265 1070190
Qs4c 0.399992 390802 37265 1070190
Qd2d 0.399805 391282 36585 1070190
Qd3c 0.397609 388115 37402.5 1070190
Qs3c 0.397123 387732 37265 1070190
Qh3c 0.397123 387732 37265 1070190
Ac5d 0.396378 384175 40024.5 1070190
Kd6s 0.396283 385065 39033 1070190
Kd6h 0.396283 385065 39033 1070190
Ks6d 0.396181 384977 39011.5 1070190
Kh6d 0.396181 384977 39011.5 1070190
Ac5h 0.395796 383585 39991.5 1070190
Ac5s 0.395796 383585 39991.5 1070190
Kh6h 0.395692 384530 38935.5 1070190
Kh6s 0.395692 384530 38935.5 1070190
Ks6h 0.395692 384530 38935.5 1070190
Ks6s 0.395692 384530 38935.5 1070190
Qd2c 0.394767 385073 37402.5 1070190
Ac4d 0.394529 382018 40203.5 1070190
Qh2c 0.39428 384690 37265 1070190
Qs2c 0.39428 384690 37265 1070190
Ac4h 0.393947 381428 40170.5 1070190
Ac4s 0.393947 381428 40170.5 1070190
Ac3d 0.393016 380398 40203.5 1070190
Ac3h 0.392434 379808 40170.5 1070190
Ac3s 0.392434 379808 40170.5 1070190
Ac2d 0.391502 378778 40203.5 1070190
Ac2s 0.39092 378188 40170.5 1070190
Ac2h 0.39092 378188 40170.5 1070190
4s4d 0.390826 395793 22465.5 1070190
4h4d 0.390826 395793 22465.5 1070190
4s4h 0.390193 395130 22451 1070190
Ad5d 0.387833 376772 38283 1070190
Ad4d 0.385921 374558 38451 1070190
Ad5c 0.385675 373302 39444 1070190
Ah5c 0.385129 372821 39340.5 1070190
As5c 0.385129 372821 39340.5 1070190
Ad3d 0.384323 372848 38451 1070190
2d2c 0.383336 388482 21760.5 1070190
Ad2d 0.382725 371138 38451 1070190
7c5d 0.382713 349468 60107.5 1070190
2h2c 0.382703 387819 21746 1070190
2s2c 0.382703 387819 21746 1070190
7d5c 0.382276 350050 59058 1070190
Ad4c 0.382233 369444 39618 1070190
7c5h 0.382176 348955 60045.5 1070190
7c5s 0.382176 348955 60045.5 1070190
7s5c 0.38194 349846 58902 1070190
7h5c 0.38194 349846 58902 1070190
As4c 0.381689 368966 39513.5 1070190
Ah4c 0.381689 368966 39513.5 1070190
7d5d 0.381623 350650 57759.5 1070190
7c4d 0.380988 347443 60286.5 1070190
7c4s 0.380451 346930 60224.5 1070190
7c4h 0.380451 346930 60224.5 1070190
7d4d 0.37984 348574 57927.5 1070190
7c3d 0.379598 345955 60286.5 1070190
Ad3c 0.379297 366302 39618 1070190
7c3h 0.37906 345442 60224.5 1070190
7c3s 0.37906 345442 60224.5 1070190
7d4c 0.378968 346336 59232 1070190
Ah3c 0.378753 365824 39513.5 1070190
As3c 0.378753 365824 39513.5 1070190
7s4c 0.378634 346135 59075 1070190
7h4c 0.378634 346135 59075 1070190
7d3d 0.378372 347002 57927.5 1070190
7c2d 0.378207 344467 60286.5 1070190
7c2h 0.37767 343954 60224.5 1070190
7c2s 0.37767 343954 60224.5 1070190
Qs5d 0.377458 365873 38078.5 1070190
Qh5d 0.377458 365873 38078.5 1070190
Qd5h 0.377363 365669 38181 1070190
Qd5s 0.377363 365669 38181 1070190
7d2d 0.376903 345430 57927.5 1070190
Qs5s 0.376875 365283 38044.5 1070190
Qh5h 0.376875 365283 38044.5 1070190
Qh5s 0.376875 365283 38044.5 1070190
Qs5h 0.376875 365283 38044.5 1070190
Ad2c 0.376387 363188 39618 1070190
7d3c 0.376167 343338 59232 1070190
Ah2c 0.375843 362710 39513.5 1070190
As2c 0.375843 362710 39513.5 1070190
7h3c 0.375832 343137 59075 1070190
7s3c 0.375832 343137 59075 1070190
Qh4d 0.37559 363695 38257.5 1070190
Qs4d 0.37559 363695 38257.5 1070190
Qd4h 0.375493 363488 38361 1070190
Qd4s 0.375493 363488 38361 1070190
Qs4s 0.375007 363105 38223.5 1070190
Qs4h 0.375007 363105 38223.5 1070190
Qh4h 0.375007 363105 38223.5 1070190
Qh4s 0.375007 363105 38223.5 1070190
Qs3d 0.374056 362054 38257.5 1070190
Qh3d 0.374056 362054 38257.5 1070190
3h3d 0.373976 377760 22465.5 1070190
3s3d 0.373976 377760 22465.5 1070190
Qd3s 0.37396 361847 38361 1070190
Qd3h 0.37396 361847 38361 1070190
Qh3s 0.373473 361464 38223.5 1070190
Qh3h 0.373473 361464 38223.5 1070190
Qs3h 0.373473 361464 38223.5 1070190
Qs3s 0.373473 361464 38223.5 1070190
7d2c 0.373392 340368 59232 1070190
3s3h 0.373343 377097 22451 1070190
7h2c 0.373057 340167 59075 1070190
7s2c 0.373057 340167 59075 1070190
Qh2d 0.372523 360413 38257.5 1070190
Qs2d 0.372523 360413 38257.5 1070190
Qd2h 0.372426 360206 38361 1070190
Qd2s 0.372426 360206 38361 1070190
Qs2h 0.37194 359823 38223.5 1070190
Qh2h 0.37194 359823 38223.5 1070190
Qs2s 0.37194 359823 38223.5 1070190
Qh2s 0.37194 359823 38223.5 1070190
Ah5d 0.357828 342508 40435.5 1070190
As5d 0.357828 342508 40435.5 1070190
Ad5s 0.357792 342399 40506 1070190
Ad5h 0.357792 342399 40506 1070190
Ah5s 0.357245 341918 40402.5 1070190
As5s 0.357245 341918 40402.5 1070190
As5h 0.357245 341918 40402.5 1070190
Ah5h 0.357245 341918 40402.5 1070190
2h2d 0.357126 359727 22465.5 1070190
2s2d 0.357126 359727 22465.5 1070190
2s2h 0.356493 359064 22451 1070190
7s5d 0.356019 320840 60168.5 1070190
7h5d 0.356019 320840 60168.5 1070190
Ah4d 0.355895 340261 40614.5 1070190
As4d 0.355895 340261 40614.5 1070190
Ad4s 0.355857 340149 40686 1070190
Ad4h 0.355857 340149 40686 1070190
7d5h 0.355819 320531 60262.5 1070190
7d5s 0.355819 320531 60262.5 1070190
7h5s 0.355482 320327 60106.5 1070190
7h5h 0.355482 320327 60106.5 1070190
7s5h 0.355482 320327 60106.5 1070190
7s5s 0.355482 320327 60106.5 1070190
Ah4s 0.355313 339671 40581.5 1070190
Ah4h 0.355313 339671 40581.5 1070190
As4h 0.355313 339671 40581.5 1070190
As4s 0.355313 339671 40581.5 1070190
Ah3d 0.354297 338551 40614.5 1070190
As3d 0.354297 338551 40614.5 1070190
Ad3h 0.35426 338439 40686 1070190
Ad3s 0.35426 338439 40686 1070190
7h4d 0.354216 318731 60347.5 1070190
7s4d 0.354216 318731 60347.5 1070190
7d4s 0.354013 318419 60442.5 1070190
7d4h 0.354013 318419 60442.5 1070190
Ah3h 0.353715 337961 40581.5 1070190
Ah3s 0.353715 337961 40581.5 1070190
As3s 0.353715 337961 40581.5 1070190
As3h 0.353715 337961 40581.5 1070190
7s4s 0.353679 318218 60285.5 1070190
7s4h 0.353679 318218 60285.5 1070190
7h4h 0.353679 318218 60285.5 1070190
7h4s 0.353679 318218 60285.5 1070190
Kc5d 0.353171 343275 34685 1070190
7h3d 0.352747 317159 60347.5 1070190
7s3d 0.352747 317159 60347.5 1070190
Ah2d 0.3527 336841 40614.5 1070190
As2d 0.3527 336841 40614.5 1070190
Ad2s 0.352662 336729 40686 1070190
Ad2h 0.352662 336729 40686 1070190
Kc5s 0.352615 342710 34655.5 1070190
Kc5h 0.352615 342710 34655.5 1070190
7d3s 0.352544 316847 60442.5 1070190
7d3h 0.352544 316847 60442.5 1070190
7h3s 0.35221 316646 60285.5 1070190
7s3h 0.35221 316646 60285.5 1070190
7s3s 0.35221 316646 60285.5 1070190
7h3h 0.35221 316646 60285.5 1070190
Ah2h 0.352117 336251 40581.5 1070190
As2s 0.352117 336251 40581.5 1070190
As2h 0.352117 336251 40581.5 1070190
Ah2s 0.352117 336251 40581.5 1070190
Kc4d 0.351323 341118 34864 1070190
7s2d 0.351278 315587 60347.5 1070190
7h2d 0.351278 315587 60347.5 1070190
7d2h 0.351076 315275 60442.5 1070190
7d2s 0.351076 315275 60442.5 1070190
Kc4s 0.350767 340553 34834.5 1070190
Kc4h 0.350767 340553 34834.5 1070190
7h2s 0.350741 315074 60285.5 1070190
7s2h 0.350741 315074 60285.5 1070190
7h2h 0.350741 315074 60285.5 1070190
7s2s 0.350741 315074 60285.5 1070190
Kc3d 0.349809 339498 34864 1070190
Kc3s 0.349253 338933 34834.5 1070190
Kc3h 0.349253 338933 34834.5 1070190
Kc2d 0.348295 337878 34864 1070190
Kc2s 0.34774 337313 34834.5 1070190
Kc2h 0.34774 337313 34834.5 1070190
Kd5d 0.347147 338453 33060.5 1070190
Kd4d 0.345235 336239 33228.5 1070190
Kd5c 0.343868 333915 34089.5 1070190
Kd3d 0.343638 334529 33228.5 1070190
Kh5c 0.343323 333434 33986.5 1070190
Ks5c 0.343323 333434 33986.5 1070190
Kd2d 0.34204 332819 33228.5 1070190
Kd4c 0.340426 330057 34263.5 1070190
Ks4c 0.339882 329579 34159.5 1070190
Kh4c 0.339882 329579 34159.5 1070190
Kd3c 0.33749 326915 34263.5 1070190
Kh3c 0.336946 326437 34159.5 1070190
Ks3c 0.336946 326437 34159.5 1070190
Kd2c 0.33458 323801 34263.5 1070190
Kh2c 0.334036 323323 34159.5 1070190
Ks2c 0.334036 323323 34159.5 1070190
Ks5d 0.315424 302697 34866.5 1070190
Kh5d 0.315424 302697 34866.5 1070190
Kd5s 0.315414 302613 34940 1070190
Kd5h 0.315414 302613 34940 1070190
Kh5s 0.314868 302132 34837 1070190
Kh5h 0.314868 302132 34837 1070190
Ks5s 0.314868 302132 34837 1070190
Ks5h 0.314868 302132 34837 1070190
Ks4d 0.313492 300450 35045.5 1070190
Kh4d 0.313492 300450 35045.5 1070190
Kd4s 0.31348 300363 35120 1070190
Kd4h 0.31348 300363 35120 1070190
Kh4s 0.312936 299885 35016 1070190
Ks4h 0.312936 299885 35016 1070190
Ks4s 0.312936 299885 35016 1070190
Kh4h 0.312936 299885 35016 1070190
Kh3d 0.311894 298740 35045.5 1070190
Ks3d 0.311894 298740 35045.5 1070190
Kd3h 0.311882 298653 35120 1070190
Kd3s 0.311882 298653 35120 1070190
Ks3s 0.311338 298175 35016 1070190
Ks3h 0.311338 298175 35016 1070190
Kh3h 0.311338 298175 35016 1070190
Kh3s 0.311338 298175 35016 1070190
Ks2d 0.310296 297030 35045.5 1070190
Kh2d 0.310296 297030 35045.5 1070190
Kd2s 0.310284 296943 35120 1070190
Kd2h 0.310284 296943 35120 1070190
Kh2s 0.30974 296465 35016 1070190
Ks2h 0.30974 296465 35016 1070190
Ks2s 0.30974 296465 35016 1070190
Kh2h 0.30974 296465 35016 1070190
6d5d 0.279049 242209 56426.5 1070190
6d4d 0.277202 240064 56594.5 1070190
6c5d 0.276749 237586 58587.5 1070190
6d5c 0.276502 237864 58046 1070190
6c5h 0.276281 237149 58524 1070190
6c5s 0.276281 237149 58524 1070190
6h5c 0.276135 237589 57927.5 1070190
6s5c 0.276135 237589 57927.5 1070190
6d3d 0.275668 238423 56594.5 1070190
6c4d 0.274962 235495 58766.5 1070190
6c4h 0.274494 235058 58703 1070190
6c4s 0.274494 235058 58703 1070190
6d2d 0.274135 236782 56594.5 1070190
6c3d 0.27351 233941 58766.5 1070190
6d4c 0.273127 234078 58220 1070190
6c3s 0.273042 233504 58703 1070190
6c3h 0.273042 233504 58703 1070190
6s4c 0.272761 233806 58100.5 1070190
6h4c 0.272761 233806 58100.5 1070190
6c2d 0.272058 232387 58766.5 1070190
6c2h 0.27159 231950 58703 1070190
6c2s 0.27159 231950 58703 1070190
6d3c 0.270259 231008 58220 1070190
6s3c 0.269893 230736 58100.5 1070190
6h3c 0.269893 230736 58100.5 1070190
6d2c 0.267416 227966 58220 1070190
6h2c 0.26705 227694 58100.5 1070190
6s2c 0.26705 227694 58100.5 1070190
6s5d 0.247241 205497 59098 1070190
6h5d 0.247241 205497 59098 1070190
6d5s 0.247141 205335 59153 1070190
6d5h 0.247141 205335 59153 1070190
6h5s 0.246773 205060 59034.5 1070190
6h5h 0.246773 205060 59034.5 1070190
6s5s 0.246773 205060 59034.5 1070190
6s5h 0.246773 205060 59034.5 1070190
6s4d 0.245373 203319 59277 1070190
6h4d 0.245373 203319 59277 1070190
6d4h 0.245271 203154 59333 1070190
6d4s 0.245271 203154 59333 1070190
6h4s 0.244906 202882 59213.5 1070190
6s4h 0.244906 202882 59213.5 1070190
6h4h 0.244906 202882 59213.5 1070190
6s4s 0.244906 202882 59213.5 1070190
6h3d 0.24384 201678 59277 1070190
6s3d 0.24384 201678 59277 1070190
6d3s 0.243738 201513 59333 1070190
6d3h 0.243738 201513 59333 1070190
6s3h 0.243372 201241 59213.5 1070190
6s3s 0.243372 201241 59213.5 1070190
6h3s 0.243372 201241 59213.5 1070190
6h3h 0.243372 201241 59213.5 1070190
6h2d 0.242307 200037 59277 1070190
6s2d 0.242307 200037 59277 1070190
6d2h 0.242205 199872 59333 1070190
6d2s 0.242205 199872 59333 1070190
6h2s 0.241839 199600 59213.5 1070190
6h2h 0.241839 199600 59213.5 1070190
6s2h 0.241839 199600 59213.5 1070190
6s2s 0.241839 199600 59213.5 1070190
5d4d 0.187998 147315 53878.5 1070190
5d3d 0.1864 145605 53878.5 1070190
5d2d 0.184802 143895 53878.5 1070190
5c4d 0.182616 139611 55823 1070190
5c4h 0.182215 139252 55753 1070190
5c4s 0.182215 139252 55753 1070190
4d3d 0.182162 141069 53878.5 1070190
5d4c 0.181175 138108 55784 1070190
5c3d 0.181102 137991 55823 1070190
5h4c 0.180782 137765 55706 1070190
5s4c 0.180782 137765 55706 1070190
5c3s 0.180702 137632 55753 1070190
5c3h 0.180702 137632 55753 1070190
4d2d 0.180564 139359 53878.5 1070190
5c2d 0.179589 136371 55823 1070190
5c2h 0.179188 136012 55753 1070190
5c2s 0.179188 136012 55753 1070190
3d2d 0.178966 137649 53878.5 1070190
5d3c 0.178239 134966 55784 1070190
5h3c 0.177846 134623 55706 1070190
5s3c 0.177846 134623 55706 1070190
5d2c 0.17533 131852 55784 1070190
4c3d 0.175252 131749 55803.5 1070190
5s2c 0.174936 131509 55706 1070190
5h2c 0.174936 131509 55706 1070190
4c3s 0.174862 131406 55729.5 1070190
4c3h 0.174862 131406 55729.5 1070190
4d3c 0.173956 130362 55803.5 1070190
4c2d 0.173738 130129 55803.5 1070190
4s3c 0.173566 130019 55729.5 1070190
4h3c 0.173566 130019 55729.5 1070190
4c2h 0.173348 129786 55729.5 1070190
4c2s 0.173348 129786 55729.5 1070190
4d2c 0.171046 127248 55803.5 1070190
3c2d 0.170802 126987 55803.5 1070190
4s2c 0.170656 126905 55729.5 1070190
4h2c 0.170656 126905 55729.5 1070190
3c2h 0.170412 126644 55729.5 1070190
3c2s 0.170412 126644 55729.5 1070190
3d2c 0.169532 125628 55803.5 1070190
3h2c 0.169142 125285 55729.5 1070190
3s2c 0.169142 125285 55729.5 1070190
5s4d 0.150812 104640 56757 1070190
5h4d 0.150812 104640 56757 1070190
5d4h 0.150804 104624 56765 1070190
5d4s 0.150804 104624 56765 1070190
5h4h 0.150411 104281 56687 1070190
5h4s 0.150411 104281 56687 1070190
5s4h 0.150411 104281 56687 1070190
5s4s 0.150411 104281 56687 1070190
5h3d 0.149214 102930 56757 1070190
5s3d 0.149214 102930 56757 1070190
5d3s 0.149206 102914 56765 1070190
5d3h 0.149206 102914 56765 1070190
5s3s 0.148813 102571 56687 1070190
5h3s 0.148813 102571 56687 1070190
5h3h 0.148813 102571 56687 1070190
5s3h 0.148813 102571 56687 1070190
5s2d 0.147616 101220 56757 1070190
5h2d 0.147616 101220 56757 1070190
5d2h 0.147608 101204 56765 1070190
5d2s 0.147608 101204 56765 1070190
5s2h 0.147215 100861 56687 1070190
5s2s 0.147215 100861 56687 1070190
5h2s 0.147215 100861 56687 1070190
5h2h 0.147215 100861 56687 1070190
4d3h 0.144826 98230 56761 1070190
4d3s 0.144826 98230 56761 1070190
4s3d 0.144826 98230 56761 1070190
4h3d 0.144826 98230 56761 1070190
4h3h 0.144436 97887 56687 1070190
4s3s 0.144436 97887 56687 1070190
4s3h 0.144436 97887 56687 1070190
4h3s 0.144436 97887 56687 1070190
4d2h 0.143228 96520 56761 1070190
4s2d 0.143228 96520 56761 1070190
4h2d 0.143228 96520 56761 1070190
4d2s 0.143228 96520 56761 1070190
4s2h 0.142838 96177 56687 1070190
4s2s 0.142838 96177 56687 1070190
4h2s 0.142838 96177 56687 1070190
4h2h 0.142838 96177 56687 1070190
3h2d 0.14163 94810 56761 1070190
3d2s 0.14163 94810 56761 1070190
3d2h 0.14163 94810 56761 1070190
3s2d 0.14163 94810 56761 1070190
3h2h 0.14124 94467 56687 1070190
3h2s 0.14124 94467 56687 1070190
3s2h 0.14124 94467 56687 1070190
3s2s 0.14124 94467 56687 1070190
