KcTc 0.982963 1051957 0 1070190
KcQc 0.982839 1051824 0 1070190
Kc9c 0.982654 1051626 0 1070190
Kc7c 0.982454 1051412 0 1070190
Kc5c 0.982218 1051160 0 1070190
Kc6c 0.982213 1051154 0 1070190
Kc4c 0.982213 1051154 0 1070190
Kc2c 0.982207 1051148 0 1070190
Kc3c 0.982207 1051148 0 1070190
QcTc 0.968194 1036152 0 1070190
Qc9c 0.967883 1035819 0 1070190
Qc7c 0.965766 1033553 0 1070190
Qc5c 0.965569 1033342 0 1070190
Qc6c 0.965563 1033336 0 1070190
Qc4c 0.965563 1033336 0 1070190
Qc2c 0.965558 1033330 0 1070190
Qc3c 0.965558 1033330 0 1070190
Tc9c 0.955809 1022897 0 1070190
Tc7c 0.953689 1020628 0 1070190
Tc5c 0.949843 1016513 0 1070190
Tc4c 0.949839 1016508 0 1070190
Tc6c 0.949838 1016507 0 1070190
Tc2c 0.949833 1016502 0 1070190
Tc3c 0.949833 1016502 0 1070190
9c7c 0.938602 1004482 0 1070190
9c5c 0.934838 1000454 0 1070190
9c6c 0.934832 1000448 0 1070190
9c4c 0.934717 1000325 0 1070190
9c3c 0.934712 1000319 0 1070190
9c2c 0.934712 1000319 0 1070190
7c5c 0.918687 980912 2257.5 1070190
7c6c 0.918682 980907 2257.5 1070190
7c4c 0.918567 980784 2257.5 1070190
7c3c 0.918408 980614 2257.5 1070190
7c2c 0.918408 980614 2257.5 1070190
6c5c 0.903959 963428 3979.5 1070190
6c4c 0.903477 962482 4410 1070190
6c3c 0.903319 962313 4410 1070190
6c2c 0.903319 962313 4410 1070190
AhKc 0.901996 962393 2914.5 1070190
AdKc 0.901996 962393 2914.5 1070190
AsKc 0.901996 962393 2914.5 1070190
5c4c 0.890251 946688 6050 1070190
5c3c 0.88971 945699 6460 1070190
5c2c 0.88971 945699 6460 1070190
AdQc 0.886931 945168 4017 1070190
AsQc 0.886931 945168 4017 1070190
AhQc 0.886931 945168 4017 1070190
4c3c 0.8767 929436 8799.5 1070190
4c2c 0.8767 929436 8799.5 1070190
AsTc 0.867742 920763 7885.5 1070190
AdTc 0.867742 920763 7885.5 1070190
AhTc 0.867742 920763 7885.5 1070190
3c2c 0.864928 914615 11022 1070190
As9c 0.849145 900677 8070 1070190
Ad9c 0.849145 900677 8070 1070190
Ah9c 0.849145 900677 8070 1070190
KsKc 0.845549 904196 702 1070190
KhKc 0.845549 904196 702 1070190
KdKc 0.845549 904196 702 1070190
KcJd 0.845106 897563 6861 1070190
KcJh 0.845106 897563 6861 1070190
KcJs 0.845106 897563 6861 1070190
AsAh 0.836444 877953 17201 1070190
AhAd 0.836444 877953 17201 1070190
AsAd 0.836444 877953 17201 1070190
QcJs 0.831173 881742 7771.5 1070190
QcJd 0.831173 881742 7771.5 1070190
QcJh 0.831173 881742 7771.5 1070190
JsJd 0.830702 871743 17265.5 1070190
JhJd 0.830702 871743 17265.5 1070190
JsJh 0.830702 871743 17265.5 1070190
QdQc 0.82653 883491 1053 1070190
QsQc 0.82653 883491 1053 1070190
QhQc 0.82653 883491 1053 1070190
As7c 0.824256 866961 15150 1070190
Ah7c 0.824256 866961 15150 1070190
Ad7c 0.824256 866961 15150 1070190
8s8h 0.824244 864777 17321 1070190
8h8d 0.824244 864777 17321 1070190
8s8d 0.824244 864777 17321 1070190
JhTc 0.809481 857700 8598 1070190
JdTc 0.809481 857700 8598 1070190
JsTc 0.809481 857700 8598 1070190
As6c 0.806792 846042 17379 1070190
Ad6c 0.806792 846042 17379 1070190
Ah6c 0.806792 846042 17379 1070190
Ad5c 0.792578 828564 19645 1070190
Ah5c 0.792578 828564 19645 1070190
As5c 0.792578 828564 19645 1070190
Js9c 0.789186 835796 8782.5 1070190
Jh9c 0.789186 835796 8782.5 1070190
Jd9c 0.789186 835796 8782.5 1070190
Kc8s 0.786242 833798 7630.5 1070190
Kc8d 0.786242 833798 7630.5 1070190
Kc8h 0.786242 833798 7630.5 1070190
AhJs 0.784953 820380 19669 1070190
AhJh 0.784953 820380 19669 1070190
AhJd 0.784953 820380 19669 1070190
AdJd 0.784953 820380 19669 1070190
AsJs 0.784953 820380 19669 1070190
AsJh 0.784953 820380 19669 1070190
AdJh 0.784953 820380 19669 1070190
AdJs 0.784953 820380 19669 1070190
AsJd 0.784953 820380 19669 1070190
Ah4c 0.77865 811247 22056.5 1070190
As4c 0.77865 811247 22056.5 1070190
Ad4c 0.77865 811247 22056.5 1070190
Qc8s 0.772688 818463 8460 1070190
Qc8h 0.772688 818463 8460 1070190
Qc8d 0.772688 818463 8460 1070190
Ah8s 0.772599 803757 23071 1070190
As8s 0.772599 803757 23071 1070190
Ad8d 0.772599 803757 23071 1070190
Ad8h 0.772599 803757 23071 1070190
Ad8s 0.772599 803757 23071 1070190
As8h 0.772599 803757 23071 1070190
As8d 0.772599 803757 23071 1070190
Ah8d 0.772599 803757 23071 1070190
Ah8h 0.772599 803757 23071 1070190
Ad3c 0.765093 794145 24649.5 1070190
As3c 0.765093 794145 24649.5 1070190
Ah3c 0.765093 794145 24649.5 1070190
Js7c 0.763439 801090 15934.5 1070190
Jh7c 0.763439 801090 15934.5 1070190
Jd7c 0.763439 801090 15934.5 1070190
TdTc 0.758167 809700 1683 1070190
ThTc 0.758167 809700 1683 1070190
TsTc 0.758167 809700 1683 1070190
Ah2c 0.751904 777219 27461.5 1070190
Ad2c 0.751904 777219 27461.5 1070190
As2c 0.751904 777219 27461.5 1070190
Tc8h 0.751594 790170 14178 1070190
Tc8s 0.751594 790170 14178 1070190
Tc8d 0.751594 790170 14178 1070190
Js6c 0.745546 779712 18163.5 1070190
Jh6c 0.745546 779712 18163.5 1070190
Jd6c 0.745546 779712 18163.5 1070190
Jd8h 0.744602 773589 23276.5 1070190
Jh8h 0.744602 773589 23276.5 1070190
Jh8d 0.744602 773589 23276.5 1070190
Jd8s 0.744602 773589 23276.5 1070190
Js8d 0.744602 773589 23276.5 1070190
Js8h 0.744602 773589 23276.5 1070190
Js8s 0.744602 773589 23276.5 1070190
Jd8d 0.744602 773589 23276.5 1070190
Jh8s 0.744602 773589 23276.5 1070190
Jh5c 0.731331 762234 20429.5 1070190
Jd5c 0.731331 762234 20429.5 1070190
Js5c 0.731331 762234 20429.5 1070190
9c8d 0.730887 767501 14686.5 1070190
9c8h 0.730887 767501 14686.5 1070190
9c8s 0.730887 767501 14686.5 1070190
9d9c 0.727989 777827 1260 1070190
9h9c 0.727989 777827 1260 1070190
9s9c 0.727989 777827 1260 1070190
KcQs 0.723619 765605 8805 1070190
KcQh 0.723619 765605 8805 1070190
KcQd 0.723619 765605 8805 1070190
AsKh 0.722903 752744 20900 1070190
AdKh 0.722903 752744 20900 1070190
AdKd 0.722903 752744 20900 1070190
AdKs 0.722903 752744 20900 1070190
AhKd 0.722903 752744 20900 1070190
AsKs 0.722903 752744 20900 1070190
AhKs 0.722903 752744 20900 1070190
AsKd 0.722903 752744 20900 1070190
AhKh 0.722903 752744 20900 1070190
AdQh 0.722248 750646 22296.5 1070190
AhQs 0.722248 750646 22296.5 1070190
AsQh 0.722248 750646 22296.5 1070190
AsQd 0.722248 750646 22296.5 1070190
AhQh 0.722248 750646 22296.5 1070190
AhQd 0.722248 750646 22296.5 1070190
AsQs 0.722248 750646 22296.5 1070190
AdQd 0.722248 750646 22296.5 1070190
AdQs 0.722248 750646 22296.5 1070190
Jd4c 0.717403 744917 22841 1070190
Js4c 0.717403 744917 22841 1070190
Jh4c 0.717403 744917 22841 1070190
AhTh 0.715896 738702 27443 1070190
AsTs 0.715896 738702 27443 1070190
AdTd 0.715896 738702 27443 1070190
AdTh 0.715896 738702 27443 1070190
AdTs 0.715896 738702 27443 1070190
AsTh 0.715896 738702 27443 1070190
AhTd 0.715896 738702 27443 1070190
AsTd 0.715896 738702 27443 1070190
AhTs 0.715896 738702 27443 1070190
KcTh 0.713994 751352 12757.5 1070190
KcTs 0.713994 751352 12757.5 1070190
KcTd 0.713994 751352 12757.5 1070190
QcTs 0.711835 749271 12528 1070190
QcTh 0.711835 749271 12528 1070190
QcTd 0.711835 749271 12528 1070190
KsQc 0.709472 750561 8709 1070190
KhQc 0.709472 750561 8709 1070190
KdQc 0.709472 750561 8709 1070190
As9d 0.70659 728404 27782 1070190
Ad9h 0.70659 728404 27782 1070190
Ad9d 0.70659 728404 27782 1070190
Ad9s 0.70659 728404 27782 1070190
As9h 0.70659 728404 27782 1070190
Ah9d 0.70659 728404 27782 1070190
Ah9h 0.70659 728404 27782 1070190
As9s 0.70659 728404 27782 1070190
Ah9s 0.70659 728404 27782 1070190
Jd3c 0.703846 727815 25434 1070190
Jh3c 0.703846 727815 25434 1070190
Js3c 0.703846 727815 25434 1070190
8h7c 0.700985 731997 18190.5 1070190
8s7c 0.700985 731997 18190.5 1070190
8d7c 0.700985 731997 18190.5 1070190
QdTc 0.696106 732903 12063 1070190
QsTc 0.696106 732903 12063 1070190
QhTc 0.696106 732903 12063 1070190
Ad7s 0.691447 705416 34563.5 1070190
As7s 0.691447 705416 34563.5 1070190
Ah7s 0.691447 705416 34563.5 1070190
Ah7h 0.691447 705416 34563.5 1070190
Ah7d 0.691447 705416 34563.5 1070190
Ad7d 0.691447 705416 34563.5 1070190
Ad7h 0.691447 705416 34563.5 1070190
As7h 0.691447 705416 34563.5 1070190
As7d 0.691447 705416 34563.5 1070190
Jd2c 0.690658 710889 28246 1070190
Js2c 0.690658 710889 28246 1070190
Jh2c 0.690658 710889 28246 1070190
Ah6h 0.685473 698799 34787 1070190
Ah6s 0.685473 698799 34787 1070190
Ah6d 0.685473 698799 34787 1070190
As6s 0.685473 698799 34787 1070190
As6h 0.685473 698799 34787 1070190
As6d 0.685473 698799 34787 1070190
Ad6s 0.685473 698799 34787 1070190
Ad6h 0.685473 698799 34787 1070190
Ad6d 0.685473 698799 34787 1070190
Ah5h 0.685114 698091 35111 1070190
As5s 0.685114 698091 35111 1070190
As5h 0.685114 698091 35111 1070190
Ah5d 0.685114 698091 35111 1070190
Ad5d 0.685114 698091 35111 1070190
Ad5h 0.685114 698091 35111 1070190
Ad5s 0.685114 698091 35111 1070190
Ah5s 0.685114 698091 35111 1070190
As5d 0.685114 698091 35111 1070190
As4s 0.684553 697383 35219 1070190
Ad4d 0.684553 697383 35219 1070190
As4h 0.684553 697383 35219 1070190
As4d 0.684553 697383 35219 1070190
Ah4d 0.684553 697383 35219 1070190
Ah4s 0.684553 697383 35219 1070190
Ad4h 0.684553 697383 35219 1070190
Ah4h 0.684553 697383 35219 1070190
Ad4s 0.684553 697383 35219 1070190
Ah3s 0.684194 696999 35219 1070190
Ah3h 0.684194 696999 35219 1070190
As3s 0.684194 696999 35219 1070190
Ah3d 0.684194 696999 35219 1070190
As3h 0.684194 696999 35219 1070190
Ad3s 0.684194 696999 35219 1070190
Ad3d 0.684194 696999 35219 1070190
As3d 0.684194 696999 35219 1070190
Ad3h 0.684194 696999 35219 1070190
Ad2d 0.684138 696939 35219 1070190
Ad2h 0.684138 696939 35219 1070190
Ah2d 0.684138 696939 35219 1070190
Ah2h 0.684138 696939 35219 1070190
Ah2s 0.684138 696939 35219 1070190
Ad2s 0.684138 696939 35219 1070190
As2d 0.684138 696939 35219 1070190
As2h 0.684138 696939 35219 1070190
As2s 0.684138 696939 35219 1070190
KhTc 0.683901 719628 12276 1070190
KsTc 0.683901 719628 12276 1070190
KdTc 0.683901 719628 12276 1070190
8h6c 0.68189 709368 20383.5 1070190
8s6c 0.68189 709368 20383.5 1070190
8d6c 0.68189 709368 20383.5 1070190
8s5c 0.667675 691890 22649.5 1070190
8d5c 0.667675 691890 22649.5 1070190
8h5c 0.667675 691890 22649.5 1070190
Tc9d 0.660047 689610 16765.5 1070190
Tc9h 0.660047 689610 16765.5 1070190
Tc9s 0.660047 689610 16765.5 1070190
Kc9s 0.659467 691184 14571 1070190
Kc9h 0.659467 691184 14571 1070190
Kc9d 0.659467 691184 14571 1070190
Qc9s 0.657888 690588 13477.5 1070190
Qc9h 0.657888 690588 13477.5 1070190
Qc9d 0.657888 690588 13477.5 1070190
8s4c 0.653747 674573 25061 1070190
8h4c 0.653747 674573 25061 1070190
8d4c 0.653747 674573 25061 1070190
Ts9c 0.648211 677237 16471.5 1070190
Th9c 0.648211 677237 16471.5 1070190
Td9c 0.648211 677237 16471.5 1070190
KhKd 0.646385 673787 17967.5 1070190
KsKd 0.646385 673787 17967.5 1070190
KsKh 0.646385 673787 17967.5 1070190
QdJd 0.64426 662149 27332 1070190
QdJh 0.64426 662149 27332 1070190
QhJs 0.64426 662149 27332 1070190
QdJs 0.64426 662149 27332 1070190
QhJd 0.64426 662149 27332 1070190
QhJh 0.64426 662149 27332 1070190
QsJd 0.64426 662149 27332 1070190
QsJh 0.64426 662149 27332 1070190
QsJs 0.64426 662149 27332 1070190
KsJd 0.643262 662237 26175.5 1070190
KdJh 0.643262 662237 26175.5 1070190
KhJs 0.643262 662237 26175.5 1070190
KhJh 0.643262 662237 26175.5 1070190
KhJd 0.643262 662237 26175.5 1070190
KdJs 0.643262 662237 26175.5 1070190
KdJd 0.643262 662237 26175.5 1070190
KsJh 0.643262 662237 26175.5 1070190
KsJs 0.643262 662237 26175.5 1070190
7s7c 0.643153 679392 8904 1070190
7h7c 0.643153 679392 8904 1070190
7d7c 0.643153 679392 8904 1070190
Kc7h 0.641957 665366 21649.5 1070190
Kc7d 0.641957 665366 21649.5 1070190
Kc7s 0.641957 665366 21649.5 1070190
QhQd 0.640564 667147 18378.5 1070190
QsQd 0.640564 667147 18378.5 1070190
QsQh 0.640564 667147 18378.5 1070190
8s3c 0.64019 657471 27654 1070190
8h3c 0.64019 657471 27654 1070190
8d3c 0.64019 657471 27654 1070190
JsTs 0.634284 650385 28419.5 1070190
JhTs 0.634284 650385 28419.5 1070190
JdTs 0.634284 650385 28419.5 1070190
JdTh 0.634284 650385 28419.5 1070190
JdTd 0.634284 650385 28419.5 1070190
JsTd 0.634284 650385 28419.5 1070190
JsTh 0.634284 650385 28419.5 1070190
JhTh 0.634284 650385 28419.5 1070190
JhTd 0.634284 650385 28419.5 1070190
Kc6s 0.634047 656492 22059 1070190
Kc6h 0.634047 656492 22059 1070190
Kc6d 0.634047 656492 22059 1070190
Kc5h 0.63285 654887 22383 1070190
Kc5d 0.63285 654887 22383 1070190
Kc5s 0.63285 654887 22383 1070190
Kc4s 0.631603 653444 22491 1070190
Kc4h 0.631603 653444 22491 1070190
Kc4d 0.631603 653444 22491 1070190
Kc3s 0.630557 652325 22491 1070190
Kc3h 0.630557 652325 22491 1070190
Kc3d 0.630557 652325 22491 1070190
Qd9c 0.63034 661787 12796.5 1070190
Qs9c 0.63034 661787 12796.5 1070190
Qh9c 0.63034 661787 12796.5 1070190
Kc2s 0.629739 651449 22491 1070190
Kc2h 0.629739 651449 22491 1070190
Kc2d 0.629739 651449 22491 1070190
8s2c 0.627002 640545 30466 1070190
8d2c 0.627002 640545 30466 1070190
8h2c 0.627002 640545 30466 1070190
Jh9s 0.622509 637444 28758.5 1070190
Jd9s 0.622509 637444 28758.5 1070190
Jd9h 0.622509 637444 28758.5 1070190
Jh9d 0.622509 637444 28758.5 1070190
Jh9h 0.622509 637444 28758.5 1070190
Jd9d 0.622509 637444 28758.5 1070190
Js9d 0.622509 637444 28758.5 1070190
Js9h 0.622509 637444 28758.5 1070190
Js9s 0.622509 637444 28758.5 1070190
Kd9c 0.616842 646409 13729.5 1070190
Kh9c 0.616842 646409 13729.5 1070190
Ks9c 0.616842 646409 13729.5 1070190
6s6c 0.612072 644328 10705.5 1070190
6h6c 0.612072 644328 10705.5 1070190
6d6c 0.612072 644328 10705.5 1070190
Jd7d 0.606078 613013 35606 1070190
Jh7s 0.606078 613013 35606 1070190
Jh7h 0.606078 613013 35606 1070190
Jh7d 0.606078 613013 35606 1070190
Js7d 0.606078 613013 35606 1070190
Js7h 0.606078 613013 35606 1070190
Js7s 0.606078 613013 35606 1070190
Jd7h 0.606078 613013 35606 1070190
Jd7s 0.606078 613013 35606 1070190
Js6d 0.599473 605721 35829.5 1070190
Jd6s 0.599473 605721 35829.5 1070190
Jd6d 0.599473 605721 35829.5 1070190
Js6s 0.599473 605721 35829.5 1070190
Jh6s 0.599473 605721 35829.5 1070190
Jh6h 0.599473 605721 35829.5 1070190
Js6h 0.599473 605721 35829.5 1070190
Jh6d 0.599473 605721 35829.5 1070190
Jd6h 0.599473 605721 35829.5 1070190
Js5s 0.599115 605013 36153.5 1070190
Js5d 0.599115 605013 36153.5 1070190
Js5h 0.599115 605013 36153.5 1070190
Jd5s 0.599115 605013 36153.5 1070190
Jd5h 0.599115 605013 36153.5 1070190
Jh5s 0.599115 605013 36153.5 1070190
Jh5h 0.599115 605013 36153.5 1070190
Jh5d 0.599115 605013 36153.5 1070190
Jd5d 0.599115 605013 36153.5 1070190
Js4h 0.598554 604305 36261.5 1070190
Jh4d 0.598554 604305 36261.5 1070190
Js4d 0.598554 604305 36261.5 1070190
Jd4d 0.598554 604305 36261.5 1070190
Jd4h 0.598554 604305 36261.5 1070190
Jh4h 0.598554 604305 36261.5 1070190
Jh4s 0.598554 604305 36261.5 1070190
Jd4s 0.598554 604305 36261.5 1070190
Js4s 0.598554 604305 36261.5 1070190
Js3s 0.598195 603921 36261.5 1070190
Js3h 0.598195 603921 36261.5 1070190
Js3d 0.598195 603921 36261.5 1070190
Jh3d 0.598195 603921 36261.5 1070190
Jd3d 0.598195 603921 36261.5 1070190
Jd3s 0.598195 603921 36261.5 1070190
Jh3h 0.598195 603921 36261.5 1070190
Jh3s 0.598195 603921 36261.5 1070190
Jd3h 0.598195 603921 36261.5 1070190
Jd2s 0.598139 603861 36261.5 1070190
Jh2d 0.598139 603861 36261.5 1070190
Jh2h 0.598139 603861 36261.5 1070190
Jh2s 0.598139 603861 36261.5 1070190
Js2s 0.598139 603861 36261.5 1070190
Js2h 0.598139 603861 36261.5 1070190
Js2d 0.598139 603861 36261.5 1070190
Jd2d 0.598139 603861 36261.5 1070190
Jd2h 0.598139 603861 36261.5 1070190
Tc7h 0.594038 611790 23943 1070190
Tc7s 0.594038 611790 23943 1070190
Tc7d 0.594038 611790 23943 1070190
Qc7d 0.591498 611766 21249 1070190
Qc7h 0.591498 611766 21249 1070190
Qc7s 0.591498 611766 21249 1070190
Qc6d 0.588487 607896 21897 1070190
Qc6s 0.588487 607896 21897 1070190
Qc6h 0.588487 607896 21897 1070190
5s5c 0.587758 616257 12755.5 1070190
5h5c 0.587758 616257 12755.5 1070190
5d5c 0.587758 616257 12755.5 1070190
Qc5d 0.58729 606291 22221 1070190
Qc5h 0.58729 606291 22221 1070190
Qc5s 0.58729 606291 22221 1070190
Qc4s 0.586043 604848 22329 1070190
Qc4h 0.586043 604848 22329 1070190
Qc4d 0.586043 604848 22329 1070190
Qc3s 0.584997 603729 22329 1070190
Qc3d 0.584997 603729 22329 1070190
Qc3h 0.584997 603729 22329 1070190
Qc2d 0.584179 602853 22329 1070190
Qc2h 0.584179 602853 22329 1070190
Qc2s 0.584179 602853 22329 1070190
Ks7c 0.583481 602271 22164 1070190
Kh7c 0.583481 602271 22164 1070190
Kd7c 0.583481 602271 22164 1070190
TsTh 0.566523 587250 19037 1070190
ThTd 0.566523 587250 19037 1070190
TsTd 0.566523 587250 19037 1070190
Th7c 0.566448 581043 25164 1070190
Td7c 0.566448 581043 25164 1070190
Ts7c 0.566448 581043 25164 1070190
4d4c 0.563007 587429 15095 1070190
4h4c 0.563007 587429 15095 1070190
4s4c 0.563007 587429 15095 1070190
Qd8h 0.562303 573877 27894.5 1070190
Qd8s 0.562303 573877 27894.5 1070190
Qh8d 0.562303 573877 27894.5 1070190
Qh8h 0.562303 573877 27894.5 1070190
Qh8s 0.562303 573877 27894.5 1070190
Qs8d 0.562303 573877 27894.5 1070190
Qs8h 0.562303 573877 27894.5 1070190
Qs8s 0.562303 573877 27894.5 1070190
Qd8d 0.562303 573877 27894.5 1070190
Kd6c 0.561849 576663 24622.5 1070190
Ks6c 0.561849 576663 24622.5 1070190
Kh6c 0.561849 576663 24622.5 1070190
Kd8d 0.560278 572780 26823.5 1070190
Kd8h 0.560278 572780 26823.5 1070190
Kd8s 0.560278 572780 26823.5 1070190
Ks8s 0.560278 572780 26823.5 1070190
Kh8d 0.560278 572780 26823.5 1070190
Kh8h 0.560278 572780 26823.5 1070190
Kh8s 0.560278 572780 26823.5 1070190
Ks8h 0.560278 572780 26823.5 1070190
Ks8d 0.560278 572780 26823.5 1070190
9c7s 0.554898 570749 23097 1070190
9c7h 0.554898 570749 23097 1070190
9c7d 0.554898 570749 23097 1070190
Th8h 0.554287 557382 35810 1070190
Ts8s 0.554287 557382 35810 1070190
Ts8h 0.554287 557382 35810 1070190
Ts8d 0.554287 557382 35810 1070190
Th8s 0.554287 557382 35810 1070190
Td8s 0.554287 557382 35810 1070190
Th8d 0.554287 557382 35810 1070190
Td8d 0.554287 557382 35810 1070190
Td8h 0.554287 557382 35810 1070190
Qs7c 0.547244 563907 21748.5 1070190
Qh7c 0.547244 563907 21748.5 1070190
Qd7c 0.547244 563907 21748.5 1070190
Kh5c 0.546315 557691 26969.5 1070190
Ks5c 0.546315 557691 26969.5 1070190
Kd5c 0.546315 557691 26969.5 1070190
9s9h 0.542225 561730 18554 1070190
9s9d 0.542225 561730 18554 1070190
9h9d 0.542225 561730 18554 1070190
9h8s 0.542171 543499 36726.5 1070190
9s8s 0.542171 543499 36726.5 1070190
9s8h 0.542171 543499 36726.5 1070190
9s8d 0.542171 543499 36726.5 1070190
9h8h 0.542171 543499 36726.5 1070190
9h8d 0.542171 543499 36726.5 1070190
9d8s 0.542171 543499 36726.5 1070190
9d8h 0.542171 543499 36726.5 1070190
9d8d 0.542171 543499 36726.5 1070190
9s7c 0.539247 552717 24379.5 1070190
9h7c 0.539247 552717 24379.5 1070190
9d7c 0.539247 552717 24379.5 1070190
3s3c 0.538491 558600 17688 1070190
3d3c 0.538491 558600 17688 1070190
3h3c 0.538491 558600 17688 1070190
Tc6d 0.534855 546465 25932 1070190
Tc6h 0.534855 546465 25932 1070190
Tc6s 0.534855 546465 25932 1070190
Tc5d 0.533659 544860 26256 1070190
Tc5h 0.533659 544860 26256 1070190
Tc5s 0.533659 544860 26256 1070190
Tc4d 0.532445 543453 26364 1070190
Tc4h 0.532445 543453 26364 1070190
Tc4s 0.532445 543453 26364 1070190
Tc3d 0.531399 542334 26364 1070190
Tc3h 0.531399 542334 26364 1070190
Tc3s 0.531399 542334 26364 1070190
Kd4c 0.531167 539042 29408 1070190
Kh4c 0.531167 539042 29408 1070190
Ks4c 0.531167 539042 29408 1070190
Tc2s 0.530581 541458 26364 1070190
Tc2h 0.530581 541458 26364 1070190
Tc2d 0.530581 541458 26364 1070190
Qs6c 0.530474 543213 24495 1070190
Qd6c 0.530474 543213 24495 1070190
Qh6c 0.530474 543213 24495 1070190
8s7h 0.520357 518582 38298.5 1070190
8d7d 0.520357 518582 38298.5 1070190
8d7h 0.520357 518582 38298.5 1070190
8d7s 0.520357 518582 38298.5 1070190
8h7d 0.520357 518582 38298.5 1070190
8h7h 0.520357 518582 38298.5 1070190
8h7s 0.520357 518582 38298.5 1070190
8s7s 0.520357 518582 38298.5 1070190
8s7d 0.520357 518582 38298.5 1070190
Kd3c 0.516441 520689 32001 1070190
Ks3c 0.516441 520689 32001 1070190
Kh3c 0.516441 520689 32001 1070190
Qs5c 0.514939 524241 26842 1070190
Qd5c 0.514939 524241 26842 1070190
Qh5c 0.514939 524241 26842 1070190
2d2c 0.514572 530190 20500 1070190
2h2c 0.514572 530190 20500 1070190
2s2c 0.514572 530190 20500 1070190
8s6h 0.512005 509475 38468 1070190
8d6s 0.512005 509475 38468 1070190
8s6d 0.512005 509475 38468 1070190
8d6h 0.512005 509475 38468 1070190
8d6d 0.512005 509475 38468 1070190
8s6s 0.512005 509475 38468 1070190
8h6s 0.512005 509475 38468 1070190
8h6h 0.512005 509475 38468 1070190
8h6d 0.512005 509475 38468 1070190
8s5h 0.511647 508767 38792 1070190
8h5s 0.511647 508767 38792 1070190
8s5d 0.511647 508767 38792 1070190
8h5h 0.511647 508767 38792 1070190
8d5d 0.511647 508767 38792 1070190
8h5d 0.511647 508767 38792 1070190
8d5h 0.511647 508767 38792 1070190
8s5s 0.511647 508767 38792 1070190
8d5s 0.511647 508767 38792 1070190
8s4s 0.511086 508059 38900 1070190
8s4h 0.511086 508059 38900 1070190
8s4d 0.511086 508059 38900 1070190
8d4s 0.511086 508059 38900 1070190
8d4h 0.511086 508059 38900 1070190
8d4d 0.511086 508059 38900 1070190
8h4s 0.511086 508059 38900 1070190
8h4h 0.511086 508059 38900 1070190
8h4d 0.511086 508059 38900 1070190
8d3d 0.510727 507675 38900 1070190
8h3d 0.510727 507675 38900 1070190
8h3h 0.510727 507675 38900 1070190
8h3s 0.510727 507675 38900 1070190
8d3s 0.510727 507675 38900 1070190
8d3h 0.510727 507675 38900 1070190
8s3d 0.510727 507675 38900 1070190
8s3h 0.510727 507675 38900 1070190
8s3s 0.510727 507675 38900 1070190
8d2h 0.510671 507615 38900 1070190
8s2d 0.510671 507615 38900 1070190
8s2h 0.510671 507615 38900 1070190
8s2s 0.510671 507615 38900 1070190
8h2s 0.510671 507615 38900 1070190
8h2h 0.510671 507615 38900 1070190
8h2d 0.510671 507615 38900 1070190
8d2s 0.510671 507615 38900 1070190
8d2d 0.510671 507615 38900 1070190
Kh2c 0.502084 502512 34813 1070190
Ks2c 0.502084 502512 34813 1070190
Kd2c 0.502084 502512 34813 1070190
Qh4c 0.499792 505592 29280.5 1070190
Qd4c 0.499792 505592 29280.5 1070190
Qs4c 0.499792 505592 29280.5 1070190
9c6d 0.496757 505601 26023.5 1070190
9c6h 0.496757 505601 26023.5 1070190
9c6s 0.496757 505601 26023.5 1070190
9c5s 0.49556 503996 26347.5 1070190
9c5h 0.49556 503996 26347.5 1070190
9c5d 0.49556 503996 26347.5 1070190
QsTh 0.494401 498553 30550.5 1070190
QdTd 0.494401 498553 30550.5 1070190
QdTh 0.494401 498553 30550.5 1070190
QdTs 0.494401 498553 30550.5 1070190
QsTd 0.494401 498553 30550.5 1070190
QsTs 0.494401 498553 30550.5 1070190
QhTh 0.494401 498553 30550.5 1070190
QhTs 0.494401 498553 30550.5 1070190
QhTd 0.494401 498553 30550.5 1070190
Ts6c 0.493059 498633 29034 1070190
Th6c 0.493059 498633 29034 1070190
Td6c 0.493059 498633 29034 1070190
9c4s 0.487333 495029 26509.5 1070190
9c4h 0.487333 495029 26509.5 1070190
9c4d 0.487333 495029 26509.5 1070190
9c3d 0.486287 493910 26509.5 1070190
9c3h 0.486287 493910 26509.5 1070190
9c3s 0.486287 493910 26509.5 1070190
9c2h 0.485468 493034 26509.5 1070190
9c2d 0.485468 493034 26509.5 1070190
9c2s 0.485468 493034 26509.5 1070190
KdQs 0.48526 492996 26324.5 1070190
KhQs 0.48526 492996 26324.5 1070190
KhQh 0.48526 492996 26324.5 1070190
KhQd 0.48526 492996 26324.5 1070190
KsQh 0.48526 492996 26324.5 1070190
KsQd 0.48526 492996 26324.5 1070190
KdQh 0.48526 492996 26324.5 1070190
KdQd 0.48526 492996 26324.5 1070190
KsQs 0.48526 492996 26324.5 1070190
Qd3c 0.485066 487239 31873.5 1070190
Qs3c 0.485066 487239 31873.5 1070190
Qh3c 0.485066 487239 31873.5 1070190
Ts5c 0.477525 479661 31381 1070190
Th5c 0.477525 479661 31381 1070190
Td5c 0.477525 479661 31381 1070190
KsTs 0.473429 475764 30895 1070190
KdTd 0.473429 475764 30895 1070190
KdTh 0.473429 475764 30895 1070190
KhTs 0.473429 475764 30895 1070190
KhTh 0.473429 475764 30895 1070190
KhTd 0.473429 475764 30895 1070190
KdTs 0.473429 475764 30895 1070190
KsTh 0.473429 475764 30895 1070190
KsTd 0.473429 475764 30895 1070190
Qd2c 0.470708 469062 34685.5 1070190
Qs2c 0.470708 469062 34685.5 1070190
Qh2c 0.470708 469062 34685.5 1070190
9s6c 0.467011 470499 29292 1070190
9h6c 0.467011 470499 29292 1070190
9d6c 0.467011 470499 29292 1070190
Td4c 0.462402 461039 33819.5 1070190
Th4c 0.462402 461039 33819.5 1070190
Ts4c 0.462402 461039 33819.5 1070190
9d5c 0.451477 451527 31639 1070190
9h5c 0.451477 451527 31639 1070190
9s5c 0.451477 451527 31639 1070190
Th9h 0.449778 446005 35343 1070190
Ts9s 0.449778 446005 35343 1070190
Th9s 0.449778 446005 35343 1070190
Th9d 0.449778 446005 35343 1070190
Td9d 0.449778 446005 35343 1070190
Ts9h 0.449778 446005 35343 1070190
Td9h 0.449778 446005 35343 1070190
Td9s 0.449778 446005 35343 1070190
Ts9d 0.449778 446005 35343 1070190
Td3c 0.447676 442686 36412.5 1070190
Th3c 0.447676 442686 36412.5 1070190
Ts3c 0.447676 442686 36412.5 1070190
7s7h 0.446781 454328 23813 1070190
7h7d 0.446781 454328 23813 1070190
7s7d 0.446781 454328 23813 1070190
7c6s 0.443659 437106 37693.5 1070190
7c6h 0.443659 437106 37693.5 1070190
7c6d 0.443659 437106 37693.5 1070190
7c5h 0.442437 435582 37909.5 1070190
7c5d 0.442437 435582 37909.5 1070190
7c5s 0.442437 435582 37909.5 1070190
7c4s 0.434327 426741 38071.5 1070190
7c4h 0.434327 426741 38071.5 1070190
7c4d 0.434327 426741 38071.5 1070190
Td2c 0.433319 424509 39224.5 1070190
Th2c 0.433319 424509 39224.5 1070190
Ts2c 0.433319 424509 39224.5 1070190
7d6c 0.430316 421050 39469.5 1070190
7s6c 0.430316 421050 39469.5 1070190
7h6c 0.430316 421050 39469.5 1070190
9d4c 0.429328 425336 34127 1070190
9s4c 0.429328 425336 34127 1070190
9h4c 0.429328 425336 34127 1070190
7c3h 0.425999 417828 38071.5 1070190
7c3d 0.425999 417828 38071.5 1070190
7c3s 0.425999 417828 38071.5 1070190
7c2s 0.42518 416952 38071.5 1070190
7c2h 0.42518 416952 38071.5 1070190
7c2d 0.42518 416952 38071.5 1070190
6h6d 0.422565 428823 23402 1070190
6s6d 0.422565 428823 23402 1070190
6s6h 0.422565 428823 23402 1070190
Qh9s 0.420373 418245 31634.5 1070190
Qs9d 0.420373 418245 31634.5 1070190
Qs9h 0.420373 418245 31634.5 1070190
Qh9d 0.420373 418245 31634.5 1070190
Qh9h 0.420373 418245 31634.5 1070190
Qs9s 0.420373 418245 31634.5 1070190
Qd9s 0.420373 418245 31634.5 1070190
Qd9h 0.420373 418245 31634.5 1070190
Qd9d 0.420373 418245 31634.5 1070190
7s5c 0.414747 402141 41717.5 1070190
7h5c 0.414747 402141 41717.5 1070190
7d5c 0.414747 402141 41717.5 1070190
9h3c 0.414602 406983 36720 1070190
9d3c 0.414602 406983 36720 1070190
9s3c 0.414602 406983 36720 1070190
6c5s 0.411055 398823 41083.5 1070190
6c5h 0.411055 398823 41083.5 1070190
6c5d 0.411055 398823 41083.5 1070190
5s5h 0.408647 413928 23402 1070190
5s5d 0.408647 413928 23402 1070190
5h5d 0.408647 413928 23402 1070190
6c4s 0.403803 390495 41650.5 1070190
6c4d 0.403803 390495 41650.5 1070190
6c4h 0.403803 390495 41650.5 1070190
9h2c 0.400245 388806 39532 1070190
9d2c 0.400245 388806 39532 1070190
9s2c 0.400245 388806 39532 1070190
Ks9s 0.398378 393461 32879 1070190
Ks9d 0.398378 393461 32879 1070190
Kd9d 0.398378 393461 32879 1070190
Kh9s 0.398378 393461 32879 1070190
Kd9h 0.398378 393461 32879 1070190
Kd9s 0.398378 393461 32879 1070190
Ks9h 0.398378 393461 32879 1070190
Kh9d 0.398378 393461 32879 1070190
Kh9h 0.398378 393461 32879 1070190
6h5c 0.397168 382119 42926.5 1070190
6s5c 0.397168 382119 42926.5 1070190
6d5c 0.397168 382119 42926.5 1070190
6c3s 0.3956 381717 41650.5 1070190
6c3h 0.3956 381717 41650.5 1070190
6c3d 0.3956 381717 41650.5 1070190
6c2d 0.394782 380841 41650.5 1070190
6c2s 0.394782 380841 41650.5 1070190
6c2h 0.394782 380841 41650.5 1070190
4s4d 0.393518 397737 23402 1070190
4h4d 0.393518 397737 23402 1070190
4s4h 0.393518 397737 23402 1070190
7h4c 0.392734 376094 44205.5 1070190
7s4c 0.392734 376094 44205.5 1070190
7d4c 0.392734 376094 44205.5 1070190
5c4d 0.391333 374799 44002 1070190
5c4h 0.391333 374799 44002 1070190
5c4s 0.391333 374799 44002 1070190
5c3d 0.383026 365688 44222.5 1070190
5c3h 0.383026 365688 44222.5 1070190
5c3s 0.383026 365688 44222.5 1070190
5c2d 0.382207 364812 44222.5 1070190
5c2h 0.382207 364812 44222.5 1070190
5c2s 0.382207 364812 44222.5 1070190
3s3d 0.378389 381546 23402 1070190
3h3d 0.378389 381546 23402 1070190
3s3h 0.378389 381546 23402 1070190
5s4c 0.377788 358040 46265 1070190
5h4c 0.377788 358040 46265 1070190
5d4c 0.377788 358040 46265 1070190
6h4c 0.376004 356567 45828.5 1070190
6d4c 0.376004 356567 45828.5 1070190
6s4c 0.376004 356567 45828.5 1070190
Kh7h 0.375638 361028 40976 1070190
Ks7s 0.375638 361028 40976 1070190
Kd7s 0.375638 361028 40976 1070190
Kh7s 0.375638 361028 40976 1070190
Ks7h 0.375638 361028 40976 1070190
Kh7d 0.375638 361028 40976 1070190
Kd7h 0.375638 361028 40976 1070190
Kd7d 0.375638 361028 40976 1070190
Ks7d 0.375638 361028 40976 1070190
7s3c 0.370708 349929 46798.5 1070190
7h3c 0.370708 349929 46798.5 1070190
7d3c 0.370708 349929 46798.5 1070190
4c3s 0.366802 346040 46508 1070190
4c3h 0.366802 346040 46508 1070190
4c3d 0.366802 346040 46508 1070190
4c2h 0.365984 345164 46508 1070190
4c2s 0.365984 345164 46508 1070190
4c2d 0.365984 345164 46508 1070190
Kd6h 0.364603 348770 41424.5 1070190
Kd6d 0.364603 348770 41424.5 1070190
Ks6h 0.364603 348770 41424.5 1070190
Ks6d 0.364603 348770 41424.5 1070190
Kd6s 0.364603 348770 41424.5 1070190
Kh6s 0.364603 348770 41424.5 1070190
Kh6d 0.364603 348770 41424.5 1070190
Kh6h 0.364603 348770 41424.5 1070190
Ks6s 0.364603 348770 41424.5 1070190
2s2h 0.363865 366003 23402 1070190
2s2d 0.363865 366003 23402 1070190
2h2d 0.363865 366003 23402 1070190
Kh5d 0.362955 346601 41829.5 1070190
Ks5s 0.362955 346601 41829.5 1070190
Kh5h 0.362955 346601 41829.5 1070190
Kh5s 0.362955 346601 41829.5 1070190
Ks5h 0.362955 346601 41829.5 1070190
Ks5d 0.362955 346601 41829.5 1070190
Kd5h 0.362955 346601 41829.5 1070190
Kd5d 0.362955 346601 41829.5 1070190
Kd5s 0.362955 346601 41829.5 1070190
Kd4d 0.361205 344594 41964.5 1070190
Kd4h 0.361205 344594 41964.5 1070190
Kd4s 0.361205 344594 41964.5 1070190
Kh4s 0.361205 344594 41964.5 1070190
Kh4h 0.361205 344594 41964.5 1070190
Kh4d 0.361205 344594 41964.5 1070190
Ks4s 0.361205 344594 41964.5 1070190
Ks4h 0.361205 344594 41964.5 1070190
Ks4d 0.361205 344594 41964.5 1070190
Ts7d 0.360325 342012 43604.5 1070190
Th7s 0.360325 342012 43604.5 1070190
Th7h 0.360325 342012 43604.5 1070190
Th7d 0.360325 342012 43604.5 1070190
Ts7h 0.360325 342012 43604.5 1070190
Ts7s 0.360325 342012 43604.5 1070190
Td7s 0.360325 342012 43604.5 1070190
Td7d 0.360325 342012 43604.5 1070190
Td7h 0.360325 342012 43604.5 1070190
Kh3d 0.359709 342992 41964.5 1070190
Kd3s 0.359709 342992 41964.5 1070190
Kh3h 0.359709 342992 41964.5 1070190
Kh3s 0.359709 342992 41964.5 1070190
Ks3d 0.359709 342992 41964.5 1070190
Kd3h 0.359709 342992 41964.5 1070190
Kd3d 0.359709 342992 41964.5 1070190
Ks3s 0.359709 342992 41964.5 1070190
Ks3h 0.359709 342992 41964.5 1070190
Kd2s 0.358514 341714 41964.5 1070190
Ks2h 0.358514 341714 41964.5 1070190
Kd2h 0.358514 341714 41964.5 1070190
Kd2d 0.358514 341714 41964.5 1070190
Ks2d 0.358514 341714 41964.5 1070190
Kh2h 0.358514 341714 41964.5 1070190
Kh2d 0.358514 341714 41964.5 1070190
Kh2s 0.358514 341714 41964.5 1070190
Ks2s 0.358514 341714 41964.5 1070190
7h2c 0.35635 331752 49610.5 1070190
7s2c 0.35635 331752 49610.5 1070190
7d2c 0.35635 331752 49610.5 1070190
5s3c 0.35577 331659 49083 1070190
5d3c 0.35577 331659 49083 1070190
5h3c 0.35577 331659 49083 1070190
6s3c 0.354104 330537 48421.5 1070190
6h3c 0.354104 330537 48421.5 1070190
6d3c 0.354104 330537 48421.5 1070190
4d3c 0.353409 329109 49105.5 1070190
4h3c 0.353409 329109 49105.5 1070190
4s3c 0.353409 329109 49105.5 1070190
3c2h 0.351573 327162 49087.5 1070190
3c2d 0.351573 327162 49087.5 1070190
3c2s 0.351573 327162 49087.5 1070190
5d2c 0.341413 313482 51895 1070190
5h2c 0.341413 313482 51895 1070190
5s2c 0.341413 313482 51895 1070190
6h2c 0.339747 312360 51233.5 1070190
6s2c 0.339747 312360 51233.5 1070190
6d2c 0.339747 312360 51233.5 1070190
4s2c 0.339051 310932 51917.5 1070190
4h2c 0.339051 310932 51917.5 1070190
4d2c 0.339051 310932 51917.5 1070190
3s2c 0.338342 310191 51899.5 1070190
3h2c 0.338342 310191 51899.5 1070190
3d2c 0.338342 310191 51899.5 1070190
Qd7s 0.329853 312479 40526 1070190
Qs7h 0.329853 312479 40526 1070190
Qs7s 0.329853 312479 40526 1070190
Qh7s 0.329853 312479 40526 1070190
Qs7d 0.329853 312479 40526 1070190
Qd7h 0.329853 312479 40526 1070190
Qh7h 0.329853 312479 40526 1070190
Qh7d 0.329853 312479 40526 1070190
Qd7d 0.329853 312479 40526 1070190
Qd6s 0.325956 307499 41336 1070190
Qh6d 0.325956 307499 41336 1070190
Qd6h 0.325956 307499 41336 1070190
Qh6h 0.325956 307499 41336 1070190
Qs6d 0.325956 307499 41336 1070190
Qs6h 0.325956 307499 41336 1070190
Qh6s 0.325956 307499 41336 1070190
Qd6d 0.325956 307499 41336 1070190
Qs6s 0.325956 307499 41336 1070190
9h7h 0.325892 306168 42598 1070190
9h7d 0.325892 306168 42598 1070190
9h7s 0.325892 306168 42598 1070190
9d7s 0.325892 306168 42598 1070190
9d7h 0.325892 306168 42598 1070190
9d7d 0.325892 306168 42598 1070190
9s7d 0.325892 306168 42598 1070190
9s7h 0.325892 306168 42598 1070190
9s7s 0.325892 306168 42598 1070190
Qs5s 0.324308 305330 41741 1070190
Qs5d 0.324308 305330 41741 1070190
Qs5h 0.324308 305330 41741 1070190
Qh5s 0.324308 305330 41741 1070190
Qh5h 0.324308 305330 41741 1070190
Qd5s 0.324308 305330 41741 1070190
Qd5h 0.324308 305330 41741 1070190
Qd5d 0.324308 305330 41741 1070190
Qh5d 0.324308 305330 41741 1070190
Qh4h 0.322559 303323 41876 1070190
Qd4s 0.322559 303323 41876 1070190
Qh4d 0.322559 303323 41876 1070190
Qh4s 0.322559 303323 41876 1070190
Qd4d 0.322559 303323 41876 1070190
Qd4h 0.322559 303323 41876 1070190
Qs4d 0.322559 303323 41876 1070190
Qs4h 0.322559 303323 41876 1070190
Qs4s 0.322559 303323 41876 1070190
Qh3h 0.321062 301721 41876 1070190
Qh3d 0.321062 301721 41876 1070190
Qh3s 0.321062 301721 41876 1070190
Qs3d 0.321062 301721 41876 1070190
Qs3h 0.321062 301721 41876 1070190
Qs3s 0.321062 301721 41876 1070190
Qd3s 0.321062 301721 41876 1070190
Qd3h 0.321062 301721 41876 1070190
Qd3d 0.321062 301721 41876 1070190
Qd2d 0.319868 300443 41876 1070190
Qd2h 0.319868 300443 41876 1070190
Qd2s 0.319868 300443 41876 1070190
Qs2s 0.319868 300443 41876 1070190
Qs2h 0.319868 300443 41876 1070190
Qs2d 0.319868 300443 41876 1070190
Qh2d 0.319868 300443 41876 1070190
Qh2h 0.319868 300443 41876 1070190
Qh2s 0.319868 300443 41876 1070190
Ts6s 0.279209 252752 46055 1070190
Td6d 0.279209 252752 46055 1070190
Td6h 0.279209 252752 46055 1070190
Td6s 0.279209 252752 46055 1070190
Th6d 0.279209 252752 46055 1070190
Th6h 0.279209 252752 46055 1070190
Th6s 0.279209 252752 46055 1070190
Ts6h 0.279209 252752 46055 1070190
Ts6d 0.279209 252752 46055 1070190
Th5d 0.277561 250583 46460 1070190
Th5h 0.277561 250583 46460 1070190
Th5s 0.277561 250583 46460 1070190
Td5d 0.277561 250583 46460 1070190
Td5h 0.277561 250583 46460 1070190
Td5s 0.277561 250583 46460 1070190
Ts5s 0.277561 250583 46460 1070190
Ts5h 0.277561 250583 46460 1070190
Ts5d 0.277561 250583 46460 1070190
Th4d 0.275862 248630 46595 1070190
Th4h 0.275862 248630 46595 1070190
Th4s 0.275862 248630 46595 1070190
Ts4s 0.275862 248630 46595 1070190
Ts4h 0.275862 248630 46595 1070190
Td4s 0.275862 248630 46595 1070190
Td4h 0.275862 248630 46595 1070190
Td4d 0.275862 248630 46595 1070190
Ts4d 0.275862 248630 46595 1070190
Th3d 0.274365 247028 46595 1070190
Th3h 0.274365 247028 46595 1070190
Th3s 0.274365 247028 46595 1070190
Td3s 0.274365 247028 46595 1070190
Td3h 0.274365 247028 46595 1070190
Td3d 0.274365 247028 46595 1070190
Ts3s 0.274365 247028 46595 1070190
Ts3d 0.274365 247028 46595 1070190
Ts3h 0.274365 247028 46595 1070190
Ts2h 0.273171 245750 46595 1070190
Ts2s 0.273171 245750 46595 1070190
Td2d 0.273171 245750 46595 1070190
Ts2d 0.273171 245750 46595 1070190
Th2s 0.273171 245750 46595 1070190
Th2h 0.273171 245750 46595 1070190
Th2d 0.273171 245750 46595 1070190
Td2h 0.273171 245750 46595 1070190
Td2s 0.273171 245750 46595 1070190
9d6d 0.246517 217622 46197.5 1070190
9h6d 0.246517 217622 46197.5 1070190
9s6d 0.246517 217622 46197.5 1070190
9h6s 0.246517 217622 46197.5 1070190
9h6h 0.246517 217622 46197.5 1070190
9d6h 0.246517 217622 46197.5 1070190
9d6s 0.246517 217622 46197.5 1070190
9s6s 0.246517 217622 46197.5 1070190
9s6h 0.246517 217622 46197.5 1070190
9s5h 0.244868 215453 46602.5 1070190
9h5s 0.244868 215453 46602.5 1070190
9h5h 0.244868 215453 46602.5 1070190
9h5d 0.244868 215453 46602.5 1070190
9s5d 0.244868 215453 46602.5 1070190
9s5s 0.244868 215453 46602.5 1070190
9d5d 0.244868 215453 46602.5 1070190
9d5h 0.244868 215453 46602.5 1070190
9d5s 0.244868 215453 46602.5 1070190
9s4s 0.233074 202628 46805 1070190
9s4h 0.233074 202628 46805 1070190
9s4d 0.233074 202628 46805 1070190
9h4d 0.233074 202628 46805 1070190
9h4h 0.233074 202628 46805 1070190
9d4s 0.233074 202628 46805 1070190
9d4h 0.233074 202628 46805 1070190
9d4d 0.233074 202628 46805 1070190
9h4s 0.233074 202628 46805 1070190
9d3s 0.231577 201026 46805 1070190
9s3d 0.231577 201026 46805 1070190
9s3h 0.231577 201026 46805 1070190
9s3s 0.231577 201026 46805 1070190
9d3d 0.231577 201026 46805 1070190
9d3h 0.231577 201026 46805 1070190
9h3d 0.231577 201026 46805 1070190
9h3h 0.231577 201026 46805 1070190
9h3s 0.231577 201026 46805 1070190
9d2h 0.230382 199748 46805 1070190
9s2s 0.230382 199748 46805 1070190
9s2h 0.230382 199748 46805 1070190
9s2d 0.230382 199748 46805 1070190
9d2s 0.230382 199748 46805 1070190
9h2s 0.230382 199748 46805 1070190
9h2h 0.230382 199748 46805 1070190
9h2d 0.230382 199748 46805 1070190
9d2d 0.230382 199748 46805 1070190
7s6s 0.199366 154919 58440.5 1070190
7d6d 0.199366 154919 58440.5 1070190
7h6d 0.199366 154919 58440.5 1070190
7h6h 0.199366 154919 58440.5 1070190
7h6s 0.199366 154919 58440.5 1070190
7d6h 0.199366 154919 58440.5 1070190
7d6s 0.199366 154919 58440.5 1070190
7s6d 0.199366 154919 58440.5 1070190
7s6h 0.199366 154919 58440.5 1070190
7d5s 0.197667 152831 58710.5 1070190
7d5d 0.197667 152831 58710.5 1070190
7d5h 0.197667 152831 58710.5 1070190
7s5d 0.197667 152831 58710.5 1070190
7h5s 0.197667 152831 58710.5 1070190
7s5h 0.197667 152831 58710.5 1070190
7h5d 0.197667 152831 58710.5 1070190
7s5s 0.197667 152831 58710.5 1070190
7h5h 0.197667 152831 58710.5 1070190
7h4s 0.186049 140195 58913 1070190
7s4h 0.186049 140195 58913 1070190
7s4s 0.186049 140195 58913 1070190
7s4d 0.186049 140195 58913 1070190
7d4d 0.186049 140195 58913 1070190
7d4h 0.186049 140195 58913 1070190
7d4s 0.186049 140195 58913 1070190
7h4h 0.186049 140195 58913 1070190
7h4d 0.186049 140195 58913 1070190
6h5d 0.174242 126317 60155 1070190
6s5s 0.174242 126317 60155 1070190
6s5h 0.174242 126317 60155 1070190
6s5d 0.174242 126317 60155 1070190
6d5d 0.174242 126317 60155 1070190
6d5h 0.174242 126317 60155 1070190
6d5s 0.174242 126317 60155 1070190
6h5h 0.174242 126317 60155 1070190
6h5s 0.174242 126317 60155 1070190
7s3s 0.174091 127397 58913 1070190
7s3h 0.174091 127397 58913 1070190
7d3s 0.174091 127397 58913 1070190
7h3h 0.174091 127397 58913 1070190
7d3d 0.174091 127397 58913 1070190
7h3d 0.174091 127397 58913 1070190
7d3h 0.174091 127397 58913 1070190
7s3d 0.174091 127397 58913 1070190
7h3s 0.174091 127397 58913 1070190
7d2s 0.172896 126119 58913 1070190
7s2d 0.172896 126119 58913 1070190
7s2h 0.172896 126119 58913 1070190
7s2s 0.172896 126119 58913 1070190
7h2s 0.172896 126119 58913 1070190
7h2h 0.172896 126119 58913 1070190
7h2d 0.172896 126119 58913 1070190
7d2d 0.172896 126119 58913 1070190
7d2h 0.172896 126119 58913 1070190
5d4s 0.16727 117614 61397 1070190
5d4h 0.16727 117614 61397 1070190
5d4d 0.16727 117614 61397 1070190
5h4s 0.16727 117614 61397 1070190
5h4h 0.16727 117614 61397 1070190
5s4s 0.16727 117614 61397 1070190
5h4d 0.16727 117614 61397 1070190
5s4h 0.16727 117614 61397 1070190
5s4d 0.16727 117614 61397 1070190
6d4h 0.163856 114446 60911 1070190
6s4s 0.163856 114446 60911 1070190
6s4h 0.163856 114446 60911 1070190
6d4d 0.163856 114446 60911 1070190
6s4d 0.163856 114446 60911 1070190
6d4s 0.163856 114446 60911 1070190
6h4d 0.163856 114446 60911 1070190
6h4s 0.163856 114446 60911 1070190
6h4h 0.163856 114446 60911 1070190
5h3s 0.155337 104546 61694 1070190
5d3d 0.155337 104546 61694 1070190
5s3d 0.155337 104546 61694 1070190
5s3h 0.155337 104546 61694 1070190
5d3h 0.155337 104546 61694 1070190
5d3s 0.155337 104546 61694 1070190
5h3d 0.155337 104546 61694 1070190
5h3h 0.155337 104546 61694 1070190
5s3s 0.155337 104546 61694 1070190
5s2s 0.154143 103268 61694 1070190
5s2h 0.154143 103268 61694 1070190
5s2d 0.154143 103268 61694 1070190
5h2h 0.154143 103268 61694 1070190
5d2d 0.154143 103268 61694 1070190
5d2h 0.154143 103268 61694 1070190
5d2s 0.154143 103268 61694 1070190
5h2s 0.154143 103268 61694 1070190
5h2d 0.154143 103268 61694 1070190
4h3d 0.152326 101351 61667 1070190
4s3s 0.152326 101351 61667 1070190
4s3h 0.152326 101351 61667 1070190
4s3d 0.152326 101351 61667 1070190
4d3d 0.152326 101351 61667 1070190
4d3h 0.152326 101351 61667 1070190
4d3s 0.152326 101351 61667 1070190
4h3s 0.152326 101351 61667 1070190
4h3h 0.152326 101351 61667 1070190
6d3s 0.152074 101837 60911 1070190
6h3h 0.152074 101837 60911 1070190
6d3h 0.152074 101837 60911 1070190
6d3d 0.152074 101837 60911 1070190
6s3s 0.152074 101837 60911 1070190
6s3h 0.152074 101837 60911 1070190
6s3d 0.152074 101837 60911 1070190
6h3d 0.152074 101837 60911 1070190
6h3s 0.152074 101837 60911 1070190
4h2s 0.151132 100073 61667 1070190
4s2s 0.151132 100073 61667 1070190
4s2h 0.151132 100073 61667 1070190
4d2d 0.151132 100073 61667 1070190
4d2h 0.151132 100073 61667 1070190
4d2s 0.151132 100073 61667 1070190
4s2d 0.151132 100073 61667 1070190
4h2d 0.151132 100073 61667 1070190
4h2h 0.151132 100073 61667 1070190
6s2s 0.15088 100559 60911 1070190
6d2h 0.15088 100559 60911 1070190
6d2d 0.15088 100559 60911 1070190
6h2d 0.15088 100559 60911 1070190
6h2h 0.15088 100559 60911 1070190
6h2s 0.15088 100559 60911 1070190
6s2d 0.15088 100559 60911 1070190
6s2h 0.15088 100559 60911 1070190
6d2s 0.15088 100559 60911 1070190
3s2s 0.150114 99011 61640 1070190
3h2d 0.150114 99011 61640 1070190
3s2h 0.150114 99011 61640 1070190
3s2d 0.150114 99011 61640 1070190
3d2d 0.150114 99011 61640 1070190
3d2h 0.150114 99011 61640 1070190
3d2s 0.150114 99011 61640 1070190
3h2s 0.150114 99011 61640 1070190
3h2h 0.150114 99011 61640 1070190
