AsAc 0.94333 1009542 0 1070190
AhAc 0.94333 1009542 0 1070190
8s8d 0.94324 1009326 120 1070190
8h8d 0.94324 1009326 120 1070190
AsAh 0.942957 1009143 0 1070190
QsQc 0.937879 1003644 64.5 1070190
QhQc 0.937879 1003644 64.5 1070190
QsQh 0.937503 1003242 64.5 1070190
8s8h 0.930202 995373 120 1070190
AcQc 0.91362 975417 2330 1070190
Ac8d 0.913068 970926 6230 1070190
As8d 0.912709 970572 6200 1070190
Ah8d 0.912709 970572 6200 1070190
AhQc 0.909782 971220 2420 1070190
AsQc 0.909782 971220 2420 1070190
AcQh 0.90978 971217 2420 1070190
AcQs 0.90978 971217 2420 1070190
AhQh 0.909428 970863 2397.5 1070190
AhQs 0.909428 970863 2397.5 1070190
AsQh 0.909428 970863 2397.5 1070190
AsQs 0.909428 970863 2397.5 1070190
Ac8s 0.898962 955785 6275 1070190
Ac8h 0.898962 955785 6275 1070190
As8h 0.898603 955431 6245 1070190
As8s 0.898603 955431 6245 1070190
Ah8h 0.898603 955431 6245 1070190
Ah8s 0.898603 955431 6245 1070190
Qc8d 0.886402 942219 6399.5 1070190
Qh8d 0.88604 941862 6369.5 1070190
Qs8d 0.88604 941862 6369.5 1070190
AcKd 0.884092 941922 4224.5 1070190
AsKd 0.883313 941111 4202 1070190
AhKd 0.883313 941111 4202 1070190
AcJd 0.874597 925446 10538.5 1070190
AhJd 0.873865 924694 10508 1070190
AsJd 0.873865 924694 10508 1070190
Qc8s 0.871337 926052 6444.5 1070190
Qc8h 0.871337 926052 6444.5 1070190
Qs8h 0.870976 925695 6414.5 1070190
Qs8s 0.870976 925695 6414.5 1070190
Qh8h 0.870976 925695 6414.5 1070190
Qh8s 0.870976 925695 6414.5 1070190
AcTd 0.868571 918514 11022.5 1070190
AsTd 0.867877 917804 10989 1070190
AhTd 0.867877 917804 10989 1070190
AcKc 0.864829 921404 4127.5 1070190
AhKc 0.858237 914153 4324 1070190
AsKc 0.858237 914153 4324 1070190
AcKs 0.858207 914125 4320 1070190
AcKh 0.858207 914125 4320 1070190
Ac9d 0.857469 906411 11244 1070190
AhKs 0.857429 913314 4297.5 1070190
AhKh 0.857429 913314 4297.5 1070190
AsKs 0.857429 913314 4297.5 1070190
AsKh 0.857429 913314 4297.5 1070190
AcJc 0.856881 906455 10570 1070190
As9d 0.856816 905754 11202 1070190
Ah9d 0.856816 905754 11202 1070190
AcTc 0.852477 901292 11020 1070190
AsJc 0.850475 899317 10853 1070190
AhJc 0.850475 899317 10853 1070190
AcJh 0.85045 899294 10849.5 1070190
AcJs 0.85045 899294 10849.5 1070190
AhJh 0.849719 898542 10819 1070190
AhJs 0.849719 898542 10819 1070190
AsJs 0.849719 898542 10819 1070190
AsJh 0.849719 898542 10819 1070190
AsTc 0.845845 893881 11333.5 1070190
AhTc 0.845845 893881 11333.5 1070190
AcTh 0.84579 893822 11333.5 1070190
AcTs 0.84579 893822 11333.5 1070190
AsTs 0.845095 893112 11300 1070190
AsTh 0.845095 893112 11300 1070190
AhTh 0.845095 893112 11300 1070190
AhTs 0.845095 893112 11300 1070190
Ac9c 0.842862 890771 11251.5 1070190
Ac7d 0.838279 878254 18864 1070190
Ah7d 0.837714 877753 18760 1070190
As7d 0.837714 877753 18760 1070190
Ac6d 0.835517 874578 19584 1070190
Ah9c 0.835408 882473 11572.5 1070190
As9c 0.835408 882473 11572.5 1070190
Ac9s 0.835278 882321 11585.5 1070190
Ac9h 0.835278 882321 11585.5 1070190
As6d 0.834963 874095 19474 1070190
Ah6d 0.834963 874095 19474 1070190
Ah9h 0.834625 881664 11543.5 1070190
Ah9s 0.834625 881664 11543.5 1070190
As9s 0.834625 881664 11543.5 1070190
As9h 0.834625 881664 11543.5 1070190
Ac5d 0.833459 872016 19944 1070190
Ah5d 0.832911 871542 19831 1070190
As5d 0.832911 871542 19831 1070190
Ac4d 0.831593 869899 20064 1070190
As4d 0.831047 869428 19950 1070190
Ah4d 0.831047 869428 19950 1070190
Ac3d 0.829978 868170 20064 1070190
Ah3d 0.829431 867699 19950 1070190
As3d 0.829431 867699 19950 1070190
Ac2d 0.828666 866766 20064 1070190
As2d 0.828119 866295 19950 1070190
Ah2d 0.828119 866295 19950 1070190
Ac7c 0.826706 866061 18671 1070190
Ac6c 0.82531 863859 19379 1070190
Ac5c 0.824575 862719 19733 1070190
Ac4c 0.823985 861969 19851 1070190
Ac3c 0.823614 861573 19851 1070190
Ac2c 0.823547 861501 19851 1070190
As7c 0.81814 856155 19410 1070190
Ah7c 0.81814 856155 19410 1070190
Ac7s 0.817894 855813 19489 1070190
Ac7h 0.817894 855813 19489 1070190
As7h 0.817329 855312 19385 1070190
As7s 0.817329 855312 19385 1070190
Ah7s 0.817329 855312 19385 1070190
Ah7h 0.817329 855312 19385 1070190
As6c 0.816671 853833 20160 1070190
Ah6c 0.816671 853833 20160 1070190
Ac6s 0.816414 853473 20245 1070190
Ac6h 0.816414 853473 20245 1070190
Ah5c 0.815903 852636 20535 1070190
As5c 0.815903 852636 20535 1070190
Ah6h 0.81586 852990 20135 1070190
As6h 0.81586 852990 20135 1070190
As6s 0.81586 852990 20135 1070190
Ah6s 0.81586 852990 20135 1070190
Ac5s 0.81564 852267 20623 1070190
Ac5h 0.81564 852267 20623 1070190
As4c 0.815254 851817 20660 1070190
Ah4c 0.815254 851817 20660 1070190
As5h 0.815092 851793 20510 1070190
As5s 0.815092 851793 20510 1070190
Ah5h 0.815092 851793 20510 1070190
Ah5s 0.815092 851793 20510 1070190
Ac4s 0.814984 851439 20749 1070190
Ac4h 0.814984 851439 20749 1070190
As3c 0.814839 851373 20660 1070190
Ah3c 0.814839 851373 20660 1070190
As2c 0.814772 851301 20660 1070190
Ah2c 0.814772 851301 20660 1070190
Ac3h 0.814564 850989 20749 1070190
Ac3s 0.814564 850989 20749 1070190
Ac2s 0.814496 850917 20749 1070190
Ac2h 0.814496 850917 20749 1070190
Ah4s 0.814438 850968 20635 1070190
Ah4h 0.814438 850968 20635 1070190
As4s 0.814438 850968 20635 1070190
As4h 0.814438 850968 20635 1070190
Ah3s 0.814017 850518 20635 1070190
Ah3h 0.814017 850518 20635 1070190
As3s 0.814017 850518 20635 1070190
As3h 0.814017 850518 20635 1070190
Ah2h 0.81395 850446 20635 1070190
As2s 0.81395 850446 20635 1070190
Ah2s 0.81395 850446 20635 1070190
As2h 0.81395 850446 20635 1070190
KdQc 0.810465 857642 9710 1070190
Kd8d 0.809892 859081 7657.5 1070190
KdQh 0.809695 856840 9687.5 1070190
KdQs 0.809695 856840 9687.5 1070190
KdKc 0.799883 854909 1117.5 1070190
Jd8d 0.799571 842645 13048 1070190
KsKd 0.799127 854105 1113 1070190
KhKd 0.799127 854105 1113 1070190
QcJd 0.795244 840011 11051 1070190
QsJd 0.794512 839258 11020.5 1070190
QhJd 0.794512 839258 11020.5 1070190
Td8d 0.792789 834144 14290.5 1070190
KcQc 0.790675 836325 9847 1070190
QcTd 0.789219 833079 11535 1070190
QsTd 0.788523 832368 11501.5 1070190
QhTd 0.788523 832368 11501.5 1070190
9d8d 0.782173 822126 14948 1070190
KhQc 0.7814 826207 10039.5 1070190
KsQc 0.7814 826207 10039.5 1070190
KcQs 0.781397 826200 10043.5 1070190
KcQh 0.781397 826200 10043.5 1070190
KsQh 0.78063 825405 10017 1070190
KsQs 0.78063 825405 10017 1070190
KhQh 0.78063 825405 10017 1070190
KhQs 0.78063 825405 10017 1070190
QcJc 0.777265 820715 11106.5 1070190
Qc9d 0.776202 818927 11756.5 1070190
Qs9d 0.775548 818269 11714.5 1070190
Qh9d 0.775548 818269 11714.5 1070190
QcTc 0.77286 815551 11556.5 1070190
KsKc 0.771309 824339 1108 1070190
KhKc 0.771309 824339 1108 1070190
KsKh 0.770553 823535 1103.5 1070190
QcJh 0.767655 810151 11386 1070190
QcJs 0.767655 810151 11386 1070190
QhJc 0.767648 810140 11389.5 1070190
QsJc 0.767648 810140 11389.5 1070190
QsJs 0.766923 809398 11355.5 1070190
QhJh 0.766923 809398 11355.5 1070190
QhJs 0.766923 809398 11355.5 1070190
QsJh 0.766923 809398 11355.5 1070190
8d7d 0.763813 801186 16239 1070190
QhTc 0.763018 804704 11870 1070190
QsTc 0.763018 804704 11870 1070190
QcTs 0.762994 804679 11870 1070190
QcTh 0.762994 804679 11870 1070190
8d6d 0.762955 799836 16671 1070190
8d5d 0.762507 799140 16887 1070190
QsTs 0.762299 803968 11836.5 1070190
QsTh 0.762299 803968 11836.5 1070190
QhTs 0.762299 803968 11836.5 1070190
QhTh 0.762299 803968 11836.5 1070190
8d4d 0.762221 798762 16959 1070190
8d3d 0.762069 798600 16959 1070190
8d2d 0.762019 798546 16959 1070190
Qc9c 0.761362 803014 11788 1070190
Qc7d 0.756418 790099 19412.5 1070190
Qs7d 0.755853 789598 19308.5 1070190
Qh7d 0.755853 789598 19308.5 1070190
Qc6d 0.753656 786423 20132.5 1070190
Qh6d 0.753102 785940 20022.5 1070190
Qs6d 0.753102 785940 20022.5 1070190
Qc5d 0.751599 783861 20492.5 1070190
Qs5d 0.75105 783387 20379.5 1070190
Qh5d 0.75105 783387 20379.5 1070190
Qh9c 0.750573 791147 12109 1070190
Qs9c 0.750573 791147 12109 1070190
Qc9h 0.750476 791030 12122 1070190
Qc9s 0.750476 791030 12122 1070190
Qs9h 0.749822 790372 12080 1070190
Qs9s 0.749822 790372 12080 1070190
Qh9s 0.749822 790372 12080 1070190
Qh9h 0.749822 790372 12080 1070190
Qc4d 0.749733 781744 20612.5 1070190
Qh4d 0.749186 781273 20498.5 1070190
Qs4d 0.749186 781273 20498.5 1070190
Qc3d 0.748117 780015 20612.5 1070190
Qs3d 0.747571 779544 20498.5 1070190
Qh3d 0.747571 779544 20498.5 1070190
Qc2d 0.746805 778611 20612.5 1070190
Qh2d 0.746259 778140 20498.5 1070190
Qs2d 0.746259 778140 20498.5 1070190
Qc7c 0.744612 777634 19242.5 1070190
Qc6c 0.743216 775432 19950.5 1070190
Qc5c 0.742482 774292 20304.5 1070190
Qc4c 0.741891 773542 20422.5 1070190
Qc3c 0.741521 773146 20422.5 1070190
Qc2c 0.741454 773074 20422.5 1070190
KdJd 0.738858 779637 11081 1070190
JdTd 0.737491 776174 13082 1070190
KdTd 0.73415 774599 11081 1070190
Qh7c 0.732679 764124 19981.5 1070190
Qs7c 0.732679 764124 19981.5 1070190
Qc7h 0.732467 763818 20060.5 1070190
Qc7s 0.732467 763818 20060.5 1070190
Qs7h 0.731901 763317 19956.5 1070190
Qs7s 0.731901 763317 19956.5 1070190
Qh7h 0.731901 763317 19956.5 1070190
Qh7s 0.731901 763317 19956.5 1070190
Qh6c 0.73121 761802 20731.5 1070190
Qs6c 0.73121 761802 20731.5 1070190
Qc6s 0.730987 761478 20816.5 1070190
Qc6h 0.730987 761478 20816.5 1070190
Qs5c 0.730442 760605 21106.5 1070190
Qh5c 0.730442 760605 21106.5 1070190
Qh6s 0.730432 760995 20706.5 1070190
Qh6h 0.730432 760995 20706.5 1070190
Qs6s 0.730432 760995 20706.5 1070190
Qs6h 0.730432 760995 20706.5 1070190
Qc5s 0.730213 760272 21194.5 1070190
Qc5h 0.730213 760272 21194.5 1070190
Qs4c 0.729793 759786 21231.5 1070190
Qh4c 0.729793 759786 21231.5 1070190
Qs5s 0.729664 759798 21081.5 1070190
Qh5h 0.729664 759798 21081.5 1070190
Qh5s 0.729664 759798 21081.5 1070190
Qs5h 0.729664 759798 21081.5 1070190
Qc4s 0.729557 759444 21320.5 1070190
Qc4h 0.729557 759444 21320.5 1070190
Qh3c 0.729378 759342 21231.5 1070190
Qs3c 0.729378 759342 21231.5 1070190
Qh2c 0.729311 759270 21231.5 1070190
Qs2c 0.729311 759270 21231.5 1070190
Qc3h 0.729136 758994 21320.5 1070190
Qc3s 0.729136 758994 21320.5 1070190
Qc2h 0.729069 758922 21320.5 1070190
Qc2s 0.729069 758922 21320.5 1070190
Qs4h 0.72901 758973 21206.5 1070190
Qh4h 0.72901 758973 21206.5 1070190
Qh4s 0.72901 758973 21206.5 1070190
Qs4s 0.72901 758973 21206.5 1070190
Qs3s 0.72859 758523 21206.5 1070190
Qs3h 0.72859 758523 21206.5 1070190
Qh3s 0.72859 758523 21206.5 1070190
Qh3h 0.72859 758523 21206.5 1070190
Qs2h 0.728523 758451 21206.5 1070190
Qs2s 0.728523 758451 21206.5 1070190
Qh2s 0.728523 758451 21206.5 1070190
Qh2h 0.728523 758451 21206.5 1070190
JdJc 0.715074 763248 2017.5 1070190
JhJd 0.714401 762540 2005 1070190
JsJd 0.714401 762540 2005 1070190
TdTc 0.697565 744546 1981.5 1070190
Kd8h 0.697372 735770 10551 1070190
Kd8s 0.697372 735770 10551 1070190
ThTd 0.696898 743844 1969.5 1070190
TsTd 0.696898 743844 1969.5 1070190
Kc8d 0.692772 730650 10747.5 1070190
Kh8d 0.691996 729829 10738.5 1070190
Ks8d 0.691996 729829 10738.5 1070190
Jd8s 0.68859 718797 18125.5 1070190
Jd8h 0.68859 718797 18125.5 1070190
Jc8d 0.685528 714938 18707.5 1070190
JsJc 0.685354 731459 2000 1070190
JhJc 0.685354 731459 2000 1070190
Jh8d 0.684801 714172 18695 1070190
Js8d 0.684801 714172 18695 1070190
JsJh 0.684681 730751 1987.5 1070190
Td8s 0.681771 709500 20124 1070190
Td8h 0.681771 709500 20124 1070190
Jd9d 0.681281 713886 15214 1070190
Tc8d 0.680011 706927 20813.5 1070190
Ts8d 0.679289 706167 20801.5 1070190
Th8d 0.679289 706167 20801.5 1070190
Kd9d 0.678773 713911 12505 1070190
TsTc 0.668853 713836 1964 1070190
ThTc 0.668853 713836 1964 1070190
TsTh 0.668186 713134 1952 1070190
9d9c 0.667296 712833 1300.5 1070190
9d8s 0.667186 692868 21147.5 1070190
9d8h 0.667186 692868 21147.5 1070190
Kc8s 0.667168 703553 10443.5 1070190
Kc8h 0.667168 703553 10443.5 1070190
9h9d 0.666598 712093 1293.5 1070190
9s9d 0.666598 712093 1293.5 1070190
Kh8s 0.666392 702732 10434.5 1070190
Kh8h 0.666392 702732 10434.5 1070190
Ks8h 0.666392 702732 10434.5 1070190
Ks8s 0.666392 702732 10434.5 1070190
9c8d 0.666211 691011 21961 1070190
9h8d 0.665457 690211 21954 1070190
9s8d 0.665457 690211 21954 1070190
Jc8h 0.660417 688571 18200.5 1070190
Jc8s 0.660417 688571 18200.5 1070190
Jh8h 0.659689 687805 18188 1070190
Jh8s 0.659689 687805 18188 1070190
Js8h 0.659689 687805 18188 1070190
Js8s 0.659689 687805 18188 1070190
Kd7d 0.659047 685517 19789 1070190
Kd6d 0.656578 682232 20431 1070190
Tc8h 0.655008 680731 20252.5 1070190
Tc8s 0.655008 680731 20252.5 1070190
Kd5d 0.654714 679916 20752 1070190
Th8h 0.654287 679971 20240.5 1070190
Th8s 0.654287 679971 20240.5 1070190
Ts8h 0.654287 679971 20240.5 1070190
Ts8s 0.654287 679971 20240.5 1070190
Kd4d 0.653143 678128 20859 1070190
Td9d 0.652107 683078 14800.5 1070190
Kd3d 0.651772 676661 20859 1070190
Kd2d 0.650502 675302 20859 1070190
9c8s 0.640967 664642 21314 1070190
9c8h 0.640967 664642 21314 1070190
8d7c 0.640611 662082 23493.5 1070190
9h8h 0.640212 663842 21307 1070190
9h8s 0.640212 663842 21307 1070190
9s8h 0.640212 663842 21307 1070190
9s8s 0.640212 663842 21307 1070190
8d7h 0.639829 661248 23491 1070190
8d7s 0.639829 661248 23491 1070190
8h7d 0.639304 661585 22591.5 1070190
8s7d 0.639304 661585 22591.5 1070190
8d6c 0.639204 659856 24213.5 1070190
9s9c 0.638559 682087 1292.5 1070190
9h9c 0.638559 682087 1292.5 1070190
8d5c 0.638469 658710 24573.5 1070190
8d6h 0.638422 659022 24211 1070190
8d6s 0.638422 659022 24211 1070190
9s9h 0.637861 681347 1285.5 1070190
8d4c 0.637844 657921 24693.5 1070190
8d5s 0.637688 657876 24571 1070190
8d5h 0.637688 657876 24571 1070190
8d3c 0.637443 657492 24693.5 1070190
8d2c 0.637382 657426 24693.5 1070190
8d4s 0.637057 657081 24691 1070190
8d4h 0.637057 657081 24691 1070190
8d3h 0.636651 656646 24691 1070190
8d3s 0.636651 656646 24691 1070190
8h6d 0.636609 658017 23275.5 1070190
8s6d 0.636609 658017 23275.5 1070190
8d2s 0.636589 656580 24691 1070190
8d2h 0.636589 656580 24691 1070190
8s5d 0.634585 655509 23617.5 1070190
8h5d 0.634585 655509 23617.5 1070190
8s4d 0.63273 653410 23731.5 1070190
8h4d 0.63273 653410 23731.5 1070190
8s3d 0.631115 651681 23731.5 1070190
8h3d 0.631115 651681 23731.5 1070190
8s2d 0.629803 650277 23731.5 1070190
8h2d 0.629803 650277 23731.5 1070190
8s7c 0.614638 635025 22754.5 1070190
8h7c 0.614638 635025 22754.5 1070190
8s7s 0.613856 634191 22752 1070190
8s7h 0.613856 634191 22752 1070190
8h7h 0.613856 634191 22752 1070190
8h7s 0.613856 634191 22752 1070190
8s6c 0.613264 632853 23456.5 1070190
8h6c 0.613264 632853 23456.5 1070190
8h5c 0.612547 631734 23807.5 1070190
8s5c 0.612547 631734 23807.5 1070190
8s6s 0.612483 632019 23454 1070190
8s6h 0.612483 632019 23454 1070190
8h6s 0.612483 632019 23454 1070190
8h6h 0.612483 632019 23454 1070190
Jd7d 0.612287 632646 22617 1070190
8h4c 0.611919 630945 23924.5 1070190
8s4c 0.611919 630945 23924.5 1070190
8h5s 0.611765 630900 23805 1070190
8s5h 0.611765 630900 23805 1070190
8s5s 0.611765 630900 23805 1070190
8h5h 0.611765 630900 23805 1070190
8h3c 0.61151 630507 23924.5 1070190
8s3c 0.61151 630507 23924.5 1070190
8h2c 0.611448 630441 23924.5 1070190
8s2c 0.611448 630441 23924.5 1070190
8s4h 0.611132 630105 23922 1070190
8s4s 0.611132 630105 23922 1070190
8h4s 0.611132 630105 23922 1070190
8h4h 0.611132 630105 23922 1070190
8h3h 0.610717 629661 23922 1070190
8s3h 0.610717 629661 23922 1070190
8h3s 0.610717 629661 23922 1070190
8s3s 0.610717 629661 23922 1070190
8s2h 0.610655 629595 23922 1070190
8h2s 0.610655 629595 23922 1070190
8s2s 0.610655 629595 23922 1070190
8h2h 0.610655 629595 23922 1070190
Jd6d 0.609817 629361 23259 1070190
Jd5d 0.607986 627081 23580 1070190
JdTc 0.607575 631022 19199 1070190
JdTs 0.606929 630370 19159.5 1070190
JdTh 0.606929 630370 19159.5 1070190
Jd4d 0.606416 625293 23687 1070190
JcTd 0.606197 629687 19058.5 1070190
JhTd 0.605551 629039 19015.5 1070190
JsTd 0.605551 629039 19015.5 1070190
Jd3d 0.605045 623826 23687 1070190
Jd2d 0.603775 622467 23687 1070190
KdJc 0.600623 626238 16543 1070190
KdJs 0.599962 625562 16511.5 1070190
KdJh 0.599962 625562 16511.5 1070190
KcJd 0.598377 624046 16331 1070190
KsJd 0.597646 623299 16295.5 1070190
KhJd 0.597646 623299 16295.5 1070190
JcTc 0.594721 617702 18762 1070190
KdTc 0.593782 618917 16543 1070190
KdTs 0.593127 618247 16511.5 1070190
KdTh 0.593127 618247 16511.5 1070190
KcTd 0.590171 615264 16331 1070190
KhTd 0.589472 614552 16295.5 1070190
KsTd 0.589472 614552 16295.5 1070190
KcJc 0.585924 610939 16110.5 1070190
Td7d 0.581757 599395 23195.5 1070190
KcTc 0.579469 604031 16110.5 1070190
Td6d 0.579287 596110 23837.5 1070190
JsTc 0.577221 598727 19009 1070190
JhTc 0.577221 598727 19009 1070190
JcTh 0.57722 598723 19012.5 1070190
JcTs 0.57722 598723 19012.5 1070190
JhTs 0.576575 598075 18969.5 1070190
JhTh 0.576575 598075 18969.5 1070190
JsTh 0.576575 598075 18969.5 1070190
JsTs 0.576575 598075 18969.5 1070190
Td5d 0.57075 586545 24265.5 1070190
Td4d 0.569179 584757 24372.5 1070190
Td3d 0.567808 583290 24372.5 1070190
KcJh 0.566645 590052 16365.5 1070190
KcJs 0.566645 590052 16365.5 1070190
KsJc 0.566575 589981 16361.5 1070190
KhJc 0.566575 589981 16361.5 1070190
Td2d 0.566538 581931 24372.5 1070190
KhJs 0.565914 589305 16330 1070190
KsJs 0.565914 589305 16330 1070190
KsJh 0.565914 589305 16330 1070190
KhJh 0.565914 589305 16330 1070190
KcTh 0.559806 582733 16365.5 1070190
KcTs 0.559806 582733 16365.5 1070190
KhTc 0.559763 582691 16361.5 1070190
KsTc 0.559763 582691 16361.5 1070190
7d7c 0.559317 591382 7193.5 1070190
KsTh 0.559107 582021 16330 1070190
KhTh 0.559107 582021 16330 1070190
KhTs 0.559107 582021 16330 1070190
KsTs 0.559107 582021 16330 1070190
7s7d 0.558594 590611 7191 1070190
7h7d 0.558594 590611 7191 1070190
9d7d 0.553606 569157 23306.5 1070190
9d6d 0.551286 566193 23788 1070190
9d5d 0.542882 556771 24216 1070190
6d6c 0.540453 571194 7193.5 1070190
6h6d 0.53973 570423 7191 1070190
6s6d 0.53973 570423 7191 1070190
9d4d 0.534087 547198 24376.5 1070190
9d3d 0.532716 545731 24376.5 1070190
9d2d 0.531446 544372 24376.5 1070190
7h7c 0.530865 560958 7168 1070190
7s7c 0.530865 560958 7168 1070190
7s7h 0.530142 560187 7165.5 1070190
5d5c 0.521621 551040 7193.5 1070190
5s5d 0.520898 550269 7191 1070190
5h5d 0.520898 550269 7191 1070190
Jd9c 0.519547 533023 22991.5 1070190
Jd9h 0.518909 532370 22961 1070190
Jd9s 0.518909 532370 22961 1070190
Jc9d 0.517288 530779 22817.5 1070190
Jh9d 0.516714 530209 22773.5 1070190
Js9d 0.516714 530209 22773.5 1070190
6s6c 0.512711 541530 7168 1070190
6h6c 0.512711 541530 7168 1070190
6s6h 0.511988 540759 7165.5 1070190
Jc9c 0.508557 521684 22569 1070190
Kd9c 0.507716 524514 18838.5 1070190
Kd9s 0.50708 523856 18816 1070190
Kd9h 0.50708 523856 18816 1070190
7d6d 0.506762 508674 33658 1070190
Kc9d 0.502845 519637 18502.5 1070190
Kh9d 0.502209 518999 18460 1070190
Ks9d 0.502209 518999 18460 1070190
4d4c 0.502193 530248 7193.5 1070190
4h4d 0.501464 529471 7191 1070190
4s4d 0.501464 529471 7191 1070190
7d5d 0.498961 499308 34675.5 1070190
Kc9c 0.495256 511829 18189 1070190
5s5c 0.494557 522102 7168 1070190
5h5c 0.494557 522102 7168 1070190
5s5h 0.493834 521331 7165.5 1070190
7d4d 0.4903 489878 34836 1070190
Jh9c 0.486453 497659 22938 1070190
Js9c 0.486453 497659 22938 1070190
Jc9h 0.486388 497576 22951.5 1070190
Jc9s 0.486388 497576 22951.5 1070190
Js9h 0.485814 497006 22907.5 1070190
Jh9h 0.485814 497006 22907.5 1070190
Jh9s 0.485814 497006 22907.5 1070190
Js9s 0.485814 497006 22907.5 1070190
6d5d 0.484854 483154 35731.5 1070190
3d3c 0.48279 509484 7193.5 1070190
3s3d 0.482056 508701 7191 1070190
3h3d 0.482056 508701 7191 1070190
7d3d 0.481387 480340 34836 1070190
Kd7c 0.480324 484200 29838 1070190
7d2d 0.480118 478981 34836 1070190
Kd7h 0.479665 483517 29815.5 1070190
Kd7s 0.479665 483517 29815.5 1070190
Td9c 0.479263 490613 22290 1070190
Td9h 0.478656 489993 22259.5 1070190
Td9s 0.478656 489993 22259.5 1070190
Tc9d 0.478333 489768 22139.5 1070190
Ts9d 0.477761 489199 22096 1070190
Th9d 0.477761 489199 22096 1070190
Kd6c 0.476803 479358 30912 1070190
5d4d 0.476421 473189 36672.5 1070190
Kd6h 0.476144 478675 30889.5 1070190
Kd6s 0.476144 478675 30889.5 1070190
6d4d 0.475892 472974 36320.5 1070190
4s4c 0.475702 501924 7168 1070190
4h4c 0.475702 501924 7168 1070190
4s4h 0.474974 501147 7165.5 1070190
Kd5c 0.474286 476127 31449 1070190
Kd5h 0.473627 475444 31426.5 1070190
Kd5s 0.473627 475444 31426.5 1070190
Kc7d 0.4725 476513 29152 1070190
Kd4c 0.472098 473607 31628 1070190
Kh7d 0.471948 476025 29049.5 1070190
Ks7d 0.471948 476025 29049.5 1070190
Kd4s 0.471434 472918 31605.5 1070190
Kd4h 0.471434 472918 31605.5 1070190
Tc9c 0.470978 482157 21879 1070190
Kc9s 0.470911 485316 18648 1070190
Kc9h 0.470911 485316 18648 1070190
Ks9c 0.470911 485336 18628 1070190
Kh9c 0.470911 485336 18628 1070190
Kh9s 0.470275 484678 18605.5 1070190
Ks9s 0.470275 484678 18605.5 1070190
Ks9h 0.470275 484678 18605.5 1070190
Kh9h 0.470275 484678 18605.5 1070190
Kd3c 0.470245 471624 31628 1070190
Kd3s 0.469575 470929 31605.5 1070190
Kd3h 0.469575 470929 31605.5 1070190
Kc7c 0.468796 473297 28403.5 1070190
Kd2c 0.468732 470004 31628 1070190
Kd2h 0.468061 469309 31605.5 1070190
Kd2s 0.468061 469309 31605.5 1070190
Kc6d 0.467535 470155 30196 1070190
5d3d 0.467526 463437 36904.5 1070190
Ks6d 0.466994 469685 30087.5 1070190
Kh6d 0.466994 469685 30087.5 1070190
6d3d 0.466979 463436 36320.5 1070190
5d2d 0.466256 462078 36904.5 1070190
6d2d 0.465709 462077 36320.5 1070190
Kc6c 0.465308 468557 29411.5 1070190
2d2c 0.464031 489408 7193.5 1070190
4d3d 0.463643 459300 36886.5 1070190
Kc5d 0.463577 465397 30718 1070190
2h2d 0.463297 488625 7191 1070190
2s2d 0.463297 488625 7191 1070190
Kh5d 0.463042 464936 30606.5 1070190
Ks5d 0.463042 464936 30606.5 1070190
Kc5c 0.462763 465329 29915.5 1070190
4d2d 0.462374 457941 36886.5 1070190
Kc4c 0.460549 462791 30083.5 1070190
3d2d 0.46036 455804 36868.5 1070190
Kc4d 0.460012 461408 30892 1070190
Kh4d 0.459479 460950 30779.5 1070190
Ks4d 0.459479 460950 30779.5 1070190
Kc3c 0.458648 460757 30083.5 1070190
Kc2c 0.45705 459047 30083.5 1070190
3h3c 0.456848 481746 7168 1070190
3s3c 0.456848 481746 7168 1070190
Kc3d 0.456798 457969 30892 1070190
Kh3d 0.456265 457511 30779.5 1070190
Ks3d 0.456265 457511 30779.5 1070190
3s3h 0.456114 480963 7165.5 1070190
Kc2d 0.453889 454855 30892 1070190
Kh2d 0.453355 454397 30779.5 1070190
Ks2d 0.453355 454397 30779.5 1070190
Ts9c 0.446978 456109 22242.5 1070190
Th9c 0.446978 456109 22242.5 1070190
Tc9s 0.446943 456058 22255.5 1070190
Tc9h 0.446943 456058 22255.5 1070190
Th9s 0.44637 455489 22212 1070190
Ts9s 0.44637 455489 22212 1070190
Ts9h 0.44637 455489 22212 1070190
Th9h 0.44637 455489 22212 1070190
Kh7c 0.443298 444911 29502.5 1070190
Ks7c 0.443298 444911 29502.5 1070190
Kc7s 0.443191 444716 29582.5 1070190
Kc7h 0.443191 444716 29582.5 1070190
Kh7h 0.442639 444228 29480 1070190
Kh7s 0.442639 444228 29480 1070190
Ks7s 0.442639 444228 29480 1070190
Ks7h 0.442639 444228 29480 1070190
Kh6c 0.439693 439979 30576.5 1070190
Ks6c 0.439693 439979 30576.5 1070190
Kc6h 0.439575 439766 30662.5 1070190
Kc6s 0.439575 439766 30662.5 1070190
Kh6h 0.439034 439296 30554 1070190
Kh6s 0.439034 439296 30554 1070190
Ks6s 0.439034 439296 30554 1070190
Ks6h 0.439034 439296 30554 1070190
2s2c 0.438694 462318 7168 1070190
2h2c 0.438694 462318 7168 1070190
2s2h 0.43796 461535 7165.5 1070190
Kh5c 0.437092 436658 31113.5 1070190
Ks5c 0.437092 436658 31113.5 1070190
Kc5h 0.436968 436436 31202.5 1070190
Kc5s 0.436968 436436 31202.5 1070190
Ks5s 0.436433 435975 31091 1070190
Kh5h 0.436433 435975 31091 1070190
Kh5s 0.436433 435975 31091 1070190
Ks5h 0.436433 435975 31091 1070190
Ks4c 0.434812 434039 31292.5 1070190
Kh4c 0.434812 434039 31292.5 1070190
Kc4h 0.43468 433808 31382.5 1070190
Kc4s 0.43468 433808 31382.5 1070190
Ks4h 0.434147 433350 31270 1070190
Ks4s 0.434147 433350 31270 1070190
Kh4s 0.434147 433350 31270 1070190
Kh4h 0.434147 433350 31270 1070190
Ks3c 0.432867 431957 31292.5 1070190
Kh3c 0.432867 431957 31292.5 1070190
Kc3h 0.432729 431720 31382.5 1070190
Kc3s 0.432729 431720 31382.5 1070190
Ks3s 0.432196 431262 31270 1070190
Kh3h 0.432196 431262 31270 1070190
Kh3s 0.432196 431262 31270 1070190
Ks3h 0.432196 431262 31270 1070190
Kh2c 0.431269 430247 31292.5 1070190
Ks2c 0.431269 430247 31292.5 1070190
Kc2s 0.431131 430010 31382.5 1070190
Kc2h 0.431131 430010 31382.5 1070190
Ks2s 0.430598 429552 31270 1070190
Ks2h 0.430598 429552 31270 1070190
Kh2s 0.430598 429552 31270 1070190
Kh2h 0.430598 429552 31270 1070190
Jd7c 0.415787 410565 34406.5 1070190
Jd7s 0.415166 409923 34384 1070190
Jd7h 0.415166 409923 34384 1070190
Jd6c 0.412267 405723 35480.5 1070190
Jd6s 0.411646 405081 35458 1070190
Jd6h 0.411646 405081 35458 1070190
Jc7d 0.410407 405387 33826.5 1070190
Jh7d 0.409943 404992 33724.5 1070190
Js7d 0.409943 404992 33724.5 1070190
Jd5c 0.409804 402551 36017.5 1070190
Jd5s 0.409184 401910 35995 1070190
Jd5h 0.409184 401910 35995 1070190
Jd4c 0.407617 400031 36196.5 1070190
Jc7c 0.407007 402450 33124.5 1070190
Jd4h 0.406991 399384 36174 1070190
Jd4s 0.406991 399384 36174 1070190
Jd3c 0.405764 398048 36196.5 1070190
Jc6d 0.405442 399029 34870.5 1070190
Jd3s 0.405133 397395 36174 1070190
Jd3h 0.405133 397395 36174 1070190
Js6d 0.404988 398652 34762.5 1070190
Jh6d 0.404988 398652 34762.5 1070190
Jd2c 0.40425 396428 36196.5 1070190
Jd2s 0.403619 395775 36174 1070190
Jd2h 0.403619 395775 36174 1070190
Jc6c 0.403508 397698 34132.5 1070190
Jc5d 0.401534 394325 35392.5 1070190
Jh5d 0.401086 393957 35281.5 1070190
Js5d 0.401086 393957 35281.5 1070190
Jc5c 0.401018 394529 34636.5 1070190
Jc4c 0.398803 391991 34804.5 1070190
Jc4d 0.397969 390336 35566.5 1070190
Jh4d 0.397523 389971 35454.5 1070190
Js4d 0.397523 389971 35454.5 1070190
Jc3c 0.396903 389957 34804.5 1070190
Jc2c 0.395305 388247 34804.5 1070190
Jc3d 0.394756 386897 35566.5 1070190
Jh3d 0.39431 386532 35454.5 1070190
Js3d 0.39431 386532 35454.5 1070190
Jc2d 0.391846 383783 35566.5 1070190
Js2d 0.3914 383418 35454.5 1070190
Jh2d 0.3914 383418 35454.5 1070190
Jh7c 0.379843 372273 34231.5 1070190
Js7c 0.379843 372273 34231.5 1070190
Jc7h 0.379687 372026 34311 1070190
Jc7s 0.379687 372026 34311 1070190
Js7h 0.379222 371631 34209 1070190
Js7s 0.379222 371631 34209 1070190
Jh7h 0.379222 371631 34209 1070190
Jh7s 0.379222 371631 34209 1070190
Js6c 0.376238 367341 35305.5 1070190
Jh6c 0.376238 367341 35305.5 1070190
Jc6h 0.376071 367076 35391 1070190
Jc6s 0.376071 367076 35391 1070190
Jh6s 0.375617 366699 35283 1070190
Jh6h 0.375617 366699 35283 1070190
Js6s 0.375617 366699 35283 1070190
Js6h 0.375617 366699 35283 1070190
Js5c 0.373695 364082 35842.5 1070190
Jh5c 0.373695 364082 35842.5 1070190
Jc5h 0.373522 363809 35931 1070190
Jc5s 0.373522 363809 35931 1070190
Td7c 0.373369 364205 35370.5 1070190
Jh5s 0.373075 363441 35820 1070190
Jh5h 0.373075 363441 35820 1070190
Js5s 0.373075 363441 35820 1070190
Js5h 0.373075 363441 35820 1070190
Td7s 0.372777 363594 35348 1070190
Td7h 0.372777 363594 35348 1070190
Jh4c 0.371415 361463 36021.5 1070190
Js4c 0.371415 361463 36021.5 1070190
Jc4s 0.371235 361181 36111 1070190
Jc4h 0.371235 361181 36111 1070190
Jh4h 0.370789 360816 35999 1070190
Js4h 0.370789 360816 35999 1070190
Jh4s 0.370789 360816 35999 1070190
Js4s 0.370789 360816 35999 1070190
Td6c 0.369848 359363 36444.5 1070190
Jh3c 0.369469 359381 36021.5 1070190
Js3c 0.369469 359381 36021.5 1070190
Tc7d 0.369361 360421 34865 1070190
Jc3s 0.369284 359093 36111 1070190
Jc3h 0.369284 359093 36111 1070190
Td6h 0.369256 358752 36422 1070190
Td6s 0.369256 358752 36422 1070190
Ts7d 0.368897 360024 34765.5 1070190
Th7d 0.368897 360024 34765.5 1070190
Jh3s 0.368838 358728 35999 1070190
Js3s 0.368838 358728 35999 1070190
Jh3h 0.368838 358728 35999 1070190
Js3h 0.368838 358728 35999 1070190
Js2c 0.367872 357671 36021.5 1070190
Jh2c 0.367872 357671 36021.5 1070190
Jc2h 0.367686 357383 36111 1070190
Jc2s 0.367686 357383 36111 1070190
Js2h 0.36724 357018 35999 1070190
Jh2s 0.36724 357018 35999 1070190
Jh2h 0.36724 357018 35999 1070190
Js2s 0.36724 357018 35999 1070190
Tc7c 0.367223 358774 34224.5 1070190
Tc6d 0.364395 354063 35909 1070190
Ts6d 0.363942 353684 35803.5 1070190
Th6d 0.363942 353684 35803.5 1070190
Tc6c 0.363725 354022 35232.5 1070190
Td5c 0.356399 344254 37160.5 1070190
Td5h 0.355813 343649 37138 1070190
Td5s 0.355813 343649 37138 1070190
Td4c 0.354211 341734 37339.5 1070190
Td4s 0.353619 341123 37317 1070190
Td4h 0.353619 341123 37317 1070190
Td3c 0.352358 339751 37339.5 1070190
Td3s 0.351761 339134 37317 1070190
Td3h 0.351761 339134 37317 1070190
Td2c 0.350845 338131 37339.5 1070190
Tc5c 0.350464 339159 35904.5 1070190
Td2h 0.350247 337514 37317 1070190
Td2s 0.350247 337514 37317 1070190
Tc5d 0.349496 337422 36605 1070190
Ts5d 0.349053 337057 36495.5 1070190
Th5d 0.349053 337057 36495.5 1070190
Tc4c 0.34825 336621 36072.5 1070190
Tc3c 0.346349 334587 36072.5 1070190
Tc4d 0.345931 333433 36779 1070190
Th4d 0.34549 333071 36668.5 1070190
Ts4d 0.34549 333071 36668.5 1070190
Tc2c 0.344751 332877 36072.5 1070190
Tc3d 0.342718 329994 36779 1070190
Ts3d 0.342276 329632 36668.5 1070190
Th3d 0.342276 329632 36668.5 1070190
Tc2d 0.339808 326880 36779 1070190
Ts2d 0.339366 326518 36668.5 1070190
Th2d 0.339366 326518 36668.5 1070190
Ts7c 0.338173 326605 35304 1070190
Th7c 0.338173 326605 35304 1070190
Tc7s 0.338045 326391 35381 1070190
Tc7h 0.338045 326391 35381 1070190
Th7s 0.337581 325994 35281.5 1070190
Th7h 0.337581 325994 35281.5 1070190
Ts7s 0.337581 325994 35281.5 1070190
Ts7h 0.337581 325994 35281.5 1070190
Th6c 0.334568 321673 36378 1070190
Ts6c 0.334568 321673 36378 1070190
Tc6s 0.334428 321441 36461 1070190
Tc6h 0.334428 321441 36461 1070190
Ts6h 0.333976 321062 36355.5 1070190
Ts6s 0.333976 321062 36355.5 1070190
Th6s 0.333976 321062 36355.5 1070190
Th6h 0.333976 321062 36355.5 1070190
9d7c 0.33297 320782 35559.5 1070190
9d7s 0.332407 320202 35537 1070190
9d7h 0.332407 320202 35537 1070190
9c7d 0.330009 318058 35114.5 1070190
9d6c 0.3297 316477 36365 1070190
9h7d 0.329527 317639 35018 1070190
9s7d 0.329527 317639 35018 1070190
9c7c 0.329339 317927 34528.5 1070190
9d6h 0.329137 315897 36342.5 1070190
9d6s 0.329137 315897 36342.5 1070190
9c6c 0.326076 313679 35284.5 1070190
9c6d 0.325288 312222 35897.5 1070190
9s6d 0.324816 311818 35796.5 1070190
9h6d 0.324816 311818 35796.5 1070190
Th5c 0.320575 305982 37094 1070190
Ts5c 0.320575 305982 37094 1070190
Tc5s 0.320432 305742 37181 1070190
Tc5h 0.320432 305742 37181 1070190
Th5s 0.319989 305377 37071.5 1070190
Ts5s 0.319989 305377 37071.5 1070190
Ts5h 0.319989 305377 37071.5 1070190
Th5h 0.319989 305377 37071.5 1070190
Th4c 0.318295 303363 37273 1070190
Ts4c 0.318295 303363 37273 1070190
Tc4h 0.318144 303114 37361 1070190
Tc4s 0.318144 303114 37361 1070190
Ts4h 0.317703 302752 37250.5 1070190
Th4h 0.317703 302752 37250.5 1070190
Ts4s 0.317703 302752 37250.5 1070190
Th4s 0.317703 302752 37250.5 1070190
9d5c 0.316464 301596 37081 1070190
Th3c 0.316349 301281 37273 1070190
Ts3c 0.316349 301281 37273 1070190
Tc3s 0.316193 301026 37361 1070190
Tc3h 0.316193 301026 37361 1070190
9d5s 0.315906 301021 37058.5 1070190
9d5h 0.315906 301021 37058.5 1070190
Th3s 0.315752 300664 37250.5 1070190
Th3h 0.315752 300664 37250.5 1070190
Ts3s 0.315752 300664 37250.5 1070190
Ts3h 0.315752 300664 37250.5 1070190
Ts2c 0.314752 299571 37273 1070190
Th2c 0.314752 299571 37273 1070190
Tc2s 0.314596 299316 37361 1070190
Tc2h 0.314596 299316 37361 1070190
Ts2s 0.314154 298954 37250.5 1070190
Ts2h 0.314154 298954 37250.5 1070190
Th2h 0.314154 298954 37250.5 1070190
Th2s 0.314154 298954 37250.5 1070190
9c5c 0.313028 299043 35956.5 1070190
9c5d 0.310611 295819 36593.5 1070190
9s5d 0.310149 295430 36488.5 1070190
9h5d 0.310149 295430 36488.5 1070190
9d4c 0.302446 286325 37349.5 1070190
9d4s 0.301888 285751 37327 1070190
9d4h 0.301888 285751 37327 1070190
9d3c 0.300593 284342 37349.5 1070190
9d3s 0.30003 283762 37327 1070190
9d3h 0.30003 283762 37327 1070190
9c4c 0.299224 284018 36208.5 1070190
9d2c 0.299079 282722 37349.5 1070190
9d2s 0.298516 282142 37327 1070190
9d2h 0.298516 282142 37327 1070190
9h7c 0.29811 283471 35563 1070190
9s7c 0.29811 283471 35563 1070190
9c7s 0.298028 283310 35637 1070190
9c7h 0.298028 283310 35637 1070190
9s7h 0.297547 282891 35540.5 1070190
9h7s 0.297547 282891 35540.5 1070190
9s7s 0.297547 282891 35540.5 1070190
9h7h 0.297547 282891 35540.5 1070190
9c3c 0.297323 281984 36208.5 1070190
9c2c 0.295726 280274 36208.5 1070190
9c4d 0.295203 279069 36854.5 1070190
9h6c 0.294756 279076 36368.5 1070190
9s6c 0.294756 279076 36368.5 1070190
9h4d 0.294748 278688 36748 1070190
9s4d 0.294748 278688 36748 1070190
9c6s 0.294664 278900 36447 1070190
9c6h 0.294664 278900 36447 1070190
9h6h 0.294193 278496 36346 1070190
9h6s 0.294193 278496 36346 1070190
9s6s 0.294193 278496 36346 1070190
9s6h 0.294193 278496 36346 1070190
9c3d 0.29199 275630 36854.5 1070190
9s3d 0.291534 275249 36748 1070190
9h3d 0.291534 275249 36748 1070190
9c2d 0.28908 272516 36854.5 1070190
9h2d 0.288624 272135 36748 1070190
9s2d 0.288624 272135 36748 1070190
9h5c 0.28099 263628 37084.5 1070190
9s5c 0.28099 263628 37084.5 1070190
9c5h 0.280893 263442 37167 1070190
9c5s 0.280893 263442 37167 1070190
9s5h 0.280432 263053 37062 1070190
9h5s 0.280432 263053 37062 1070190
9h5h 0.280432 263053 37062 1070190
9s5s 0.280432 263053 37062 1070190
7c6c 0.270978 241228 48770 1070190
7d6c 0.269485 238035 50365.5 1070190
7d6h 0.268977 237542 50315 1070190
7d6s 0.268977 237542 50315 1070190
7c6d 0.268266 236897 50199 1070190
7h6d 0.267791 236473 50114 1070190
7s6d 0.267791 236473 50114 1070190
9s4c 0.266388 247733 37353 1070190
9h4c 0.266388 247733 37353 1070190
9c4h 0.266286 247540 37437 1070190
9c4s 0.266286 247540 37437 1070190
9h4s 0.265831 247159 37330.5 1070190
9h4h 0.265831 247159 37330.5 1070190
9s4s 0.265831 247159 37330.5 1070190
9s4h 0.265831 247159 37330.5 1070190
9h3c 0.264443 245651 37353 1070190
9s3c 0.264443 245651 37353 1070190
9c3s 0.264335 245452 37437 1070190
9c3h 0.264335 245452 37437 1070190
9s3h 0.26388 245071 37330.5 1070190
9s3s 0.26388 245071 37330.5 1070190
9h3s 0.26388 245071 37330.5 1070190
9h3h 0.26388 245071 37330.5 1070190
9s2c 0.262845 243941 37353 1070190
9h2c 0.262845 243941 37353 1070190
9c2h 0.262737 243742 37437 1070190
9c2s 0.262737 243742 37437 1070190
9s2s 0.262282 243361 37330.5 1070190
9s2h 0.262282 243361 37330.5 1070190
9h2s 0.262282 243361 37330.5 1070190
9h2h 0.262282 243361 37330.5 1070190
7c5c 0.258904 226701 50375 1070190
7d5c 0.25725 223267 52039 1070190
7d5s 0.256747 222782 51986.5 1070190
7d5h 0.256747 222782 51986.5 1070190
7c5d 0.254578 220582 51865 1070190
7h5d 0.254111 220171 51776.5 1070190
7s5d 0.254111 220171 51776.5 1070190
7c4c 0.245312 211903 50627 1070190
7d4c 0.243444 208224 52307.5 1070190
7d4h 0.242942 207739 52255 1070190
7d4s 0.242942 207739 52255 1070190
6c5c 0.240663 205622 51933.5 1070190
7c4d 0.239393 204070 52126 1070190
7s4d 0.238933 203668 52036 1070190
7h4d 0.238933 203668 52036 1070190
6d5c 0.237064 200100 53603.5 1070190
7s6c 0.236897 202851 50674 1070190
7h6c 0.236897 202851 50674 1070190
7c6h 0.236865 202782 50708.5 1070190
7c6s 0.236865 202782 50708.5 1070190
6d5s 0.236588 199651 53543.5 1070190
6d5h 0.236588 199651 53543.5 1070190
7s6s 0.236389 202358 50623.5 1070190
7s6h 0.236389 202358 50623.5 1070190
7h6h 0.236389 202358 50623.5 1070190
7h6s 0.236389 202358 50623.5 1070190
6c5d 0.235805 198847 53509 1070190
6h5d 0.235347 198436 53429.5 1070190
6s5d 0.235347 198436 53429.5 1070190
7c3c 0.231317 196926 50627 1070190
5c4c 0.230361 193149 53381.5 1070190
7c2c 0.229719 195216 50627 1070190
7d3c 0.229241 193024 52307.5 1070190
7d3h 0.22874 192540 52255 1070190
7d3s 0.22874 192540 52255 1070190
7d2c 0.227727 191404 52307.5 1070190
7d2h 0.227226 190920 52255 1070190
7d2s 0.227226 190920 52255 1070190
6c4c 0.226597 189640 52862 1070190
5d4c 0.22521 185941 55076.5 1070190
5d4s 0.224747 185513 55009 1070190
5d4h 0.224747 185513 55009 1070190
7s5c 0.224168 187516 52386.5 1070190
7h5c 0.224168 187516 52386.5 1070190
7c5s 0.224133 187442 52422.5 1070190
7c5h 0.224133 187442 52422.5 1070190
5c4d 0.223979 184660 55040 1070190
7c3d 0.22382 187404 52126 1070190
7s5h 0.223666 187031 52334 1070190
7s5s 0.223666 187031 52334 1070190
7h5s 0.223666 187031 52334 1070190
7h5h 0.223666 187031 52334 1070190
5s4d 0.223528 184252 54965 1070190
5h4d 0.223528 184252 54965 1070190
7s3d 0.223365 187007 52036 1070190
7h3d 0.223365 187007 52036 1070190
6d4c 0.222772 183836 54572 1070190
6d4h 0.222297 183390 54510.5 1070190
6d4s 0.222297 183390 54510.5 1070190
7c2d 0.22091 184290 52126 1070190
7h2d 0.220455 183893 52036 1070190
7s2d 0.220455 183893 52036 1070190
6c4d 0.220124 181099 54475 1070190
6h4d 0.219672 180697 54393.5 1070190
6s4d 0.219672 180697 54393.5 1070190
5c3c 0.216395 177837 53747 1070190
5c2c 0.214797 176127 53747 1070190
4c3c 0.212634 173841 53717.5 1070190
6c3c 0.212602 174663 52862 1070190
5d3c 0.211037 170393 55456.5 1070190
4c2c 0.211036 172131 53717.5 1070190
6c2c 0.211005 172953 52862 1070190
5d3s 0.210576 169968 55388 1070190
5d3h 0.210576 169968 55388 1070190
7h4c 0.209794 171864 52655 1070190
7s4c 0.209794 171864 52655 1070190
7c4s 0.209751 171781 52692.5 1070190
7c4h 0.209751 171781 52692.5 1070190
3c2c 0.209703 170734 53688 1070190
5d2c 0.209523 168773 55456.5 1070190
7s4h 0.209291 171379 52602.5 1070190
7s4s 0.209291 171379 52602.5 1070190
7h4h 0.209291 171379 52602.5 1070190
7h4s 0.209291 171379 52602.5 1070190
5d2h 0.209062 168348 55388 1070190
5d2s 0.209062 168348 55388 1070190
6d3c 0.208569 168636 54572 1070190
5c3d 0.208429 167636 55422.5 1070190
6d3h 0.208095 168191 54510.5 1070190
6d3s 0.208095 168191 54510.5 1070190
5s3d 0.207982 167233 55347 1070190
5h3d 0.207982 167233 55347 1070190
6d2c 0.207055 167016 54572 1070190
6d2h 0.206582 166571 54510.5 1070190
6d2s 0.206582 166571 54510.5 1070190
4d3c 0.205843 164881 55410 1070190
5c2d 0.205519 164522 55422.5 1070190
4d3s 0.205393 164472 55337.5 1070190
4d3h 0.205393 164472 55337.5 1070190
5h2d 0.205072 164119 55347 1070190
5s2d 0.205072 164119 55347 1070190
6s5c 0.204944 165280 54048.5 1070190
6h5c 0.204944 165280 54048.5 1070190
6c5h 0.204926 165242 54068 1070190
6c5s 0.204926 165242 54068 1070190
4c3d 0.204597 163545 55412.5 1070190
6c3d 0.204551 164433 54475 1070190
6h5h 0.204468 164831 53988.5 1070190
6h5s 0.204468 164831 53988.5 1070190
6s5h 0.204468 164831 53988.5 1070190
6s5s 0.204468 164831 53988.5 1070190
4d2c 0.204329 163261 55410 1070190
4h3d 0.20415 163139 55340.5 1070190
4s3d 0.20415 163139 55340.5 1070190
6h3d 0.204103 164036 54393.5 1070190
6s3d 0.204103 164036 54393.5 1070190
4d2h 0.203879 162852 55337.5 1070190
4d2s 0.203879 162852 55337.5 1070190
4c2d 0.201687 160431 55412.5 1070190
3d2c 0.201677 160450 55383 1070190
6c2d 0.201641 161319 54475 1070190
4s2d 0.20124 160025 55340.5 1070190
4h2d 0.20124 160025 55340.5 1070190
3d2h 0.201227 160041 55310.5 1070190
3d2s 0.201227 160041 55310.5 1070190
6s2d 0.201194 160922 54393.5 1070190
6h2d 0.201194 160922 54393.5 1070190
3c2d 0.200407 159091 55383 1070190
3s2d 0.199957 158682 55310.5 1070190
3h2d 0.199957 158682 55310.5 1070190
7s3c 0.194991 156022 52655 1070190
7h3c 0.194991 156022 52655 1070190
7c3h 0.194944 155935 52692.5 1070190
7c3s 0.194944 155935 52692.5 1070190
7s3s 0.194489 155538 52602.5 1070190
7h3s 0.194489 155538 52602.5 1070190
7s3h 0.194489 155538 52602.5 1070190
7h3h 0.194489 155538 52602.5 1070190
5h4c 0.194231 152267 55597 1070190
5s4c 0.194231 152267 55597 1070190
5c4s 0.194219 152247 55604.5 1070190
5c4h 0.194219 152247 55604.5 1070190
5s4h 0.193768 151839 55529.5 1070190
5s4s 0.193768 151839 55529.5 1070190
5h4s 0.193768 151839 55529.5 1070190
5h4h 0.193768 151839 55529.5 1070190
7s2c 0.193393 154312 52655 1070190
7h2c 0.193393 154312 52655 1070190
7c2s 0.193347 154225 52692.5 1070190
7c2h 0.193347 154225 52692.5 1070190
7h2s 0.192891 153828 52602.5 1070190
7h2h 0.192891 153828 52602.5 1070190
7s2s 0.192891 153828 52602.5 1070190
7s2h 0.192891 153828 52602.5 1070190
6s4c 0.190061 148362 55039.5 1070190
6h4c 0.190061 148362 55039.5 1070190
6c4h 0.190039 148318 55059.5 1070190
6c4s 0.190039 148318 55059.5 1070190
6s4s 0.189587 147916 54978 1070190
6s4h 0.189587 147916 54978 1070190
6h4s 0.189587 147916 54978 1070190
6h4h 0.189587 147916 54978 1070190
5s3c 0.179456 136065 55987.5 1070190
5h3c 0.179456 136065 55987.5 1070190
5c3s 0.179442 136043 55994.5 1070190
5c3h 0.179442 136043 55994.5 1070190
5h3h 0.178995 135640 55919 1070190
5h3s 0.178995 135640 55919 1070190
5s3s 0.178995 135640 55919 1070190
5s3h 0.178995 135640 55919 1070190
5h2c 0.177859 134355 55987.5 1070190
5s2c 0.177859 134355 55987.5 1070190
5c2s 0.177845 134333 55994.5 1070190
5c2h 0.177845 134333 55994.5 1070190
5s2s 0.177397 133930 55919 1070190
5s2h 0.177397 133930 55919 1070190
5h2h 0.177397 133930 55919 1070190
5h2s 0.177397 133930 55919 1070190
4h3c 0.175541 131902 55960 1070190
4s3c 0.175541 131902 55960 1070190
4c3s 0.175538 131899 55959.5 1070190
4c3h 0.175538 131899 55959.5 1070190
6h3c 0.175258 132520 55039.5 1070190
6s3c 0.175258 132520 55039.5 1070190
6c3s 0.175232 132472 55059.5 1070190
6c3h 0.175232 132472 55059.5 1070190
4h3h 0.175091 131493 55887.5 1070190
4h3s 0.175091 131493 55887.5 1070190
4s3h 0.175091 131493 55887.5 1070190
4s3s 0.175091 131493 55887.5 1070190
6s3s 0.174785 132075 54978 1070190
6s3h 0.174785 132075 54978 1070190
6h3s 0.174785 132075 54978 1070190
6h3h 0.174785 132075 54978 1070190
4h2c 0.173943 130192 55960 1070190
4s2c 0.173943 130192 55960 1070190
4c2s 0.17394 130189 55959.5 1070190
4c2h 0.17394 130189 55959.5 1070190
6h2c 0.17366 130810 55039.5 1070190
6s2c 0.17366 130810 55039.5 1070190
6c2h 0.173634 130762 55059.5 1070190
6c2s 0.173634 130762 55059.5 1070190
4h2h 0.173493 129783 55887.5 1070190
4h2s 0.173493 129783 55887.5 1070190
4s2h 0.173493 129783 55887.5 1070190
4s2s 0.173493 129783 55887.5 1070190
6s2h 0.173187 130365 54978 1070190
6s2s 0.173187 130365 54978 1070190
6h2h 0.173187 130365 54978 1070190
6h2s 0.173187 130365 54978 1070190
3h2c 0.172591 128777 55928.5 1070190
3c2s 0.172591 128777 55928.5 1070190
3c2h 0.172591 128777 55928.5 1070190
3s2c 0.172591 128777 55928.5 1070190
3h2h 0.172141 128368 55856 1070190
3h2s 0.172141 128368 55856 1070190
3s2s 0.172141 128368 55856 1070190
3s2h 0.172141 128368 55856 1070190
