QcTc 0.958502 1008288 17491.5 1070190
QcTd 0.941597 986254 21433.5 1070190
QcTs 0.940811 985534 21312 1070190
QcTh 0.940811 985534 21312 1070190
QdTc 0.940388 984960 21433.5 1070190
QsTc 0.939601 984240 21312 1070190
QhTc 0.939601 984240 21312 1070190
QdTd 0.924419 968605 20698.5 1070190
KhKc 0.923305 982064 6048 1070190
KsKc 0.923305 982064 6048 1070190
QhTd 0.92242 966264 20901 1070190
QdTh 0.92242 966264 20901 1070190
QdTs 0.92242 966264 20901 1070190
QsTd 0.92242 966264 20901 1070190
QhTh 0.921634 965544 20779.5 1070190
QhTs 0.921634 965544 20779.5 1070190
QsTh 0.921634 965544 20779.5 1070190
QsTs 0.921634 965544 20779.5 1070190
KsKh 0.904983 962216 6288 1070190
KcQc 0.900191 951240 12135 1070190
JsJd 0.900048 956866 6356.5 1070190
JhJd 0.900048 956866 6356.5 1070190
JsJh 0.899685 956481 6352.5 1070190
AcKc 0.895048 954961 2910 1070190
9h9d 0.893983 950320 6412 1070190
9s9d 0.893983 950320 6412 1070190
9s9h 0.893623 949938 6408 1070190
KcTc 0.892964 940341 15300.5 1070190
KcJd 0.882384 935805 8514 1070190
KcJs 0.881941 935334 8510 1070190
KcJh 0.881941 935334 8510 1070190
Kc9d 0.871197 920136 12210 1070190
Kc9h 0.870756 919668 12206 1070190
Kc9s 0.870756 919668 12206 1070190
KsJd 0.862978 914775 8775.5 1070190
KhJd 0.862978 914775 8775.5 1070190
Kc8c 0.862711 906857 16407.5 1070190
KhJs 0.862534 914304 8771.5 1070190
KhJh 0.862534 914304 8771.5 1070190
KsJs 0.862534 914304 8771.5 1070190
KsJh 0.862534 914304 8771.5 1070190
Kc7c 0.86111 904424 17127.5 1070190
Kc6c 0.857494 900509 17172 1070190
Kc5c 0.857039 899807 17388 1070190
Kc4c 0.856748 899423 17460 1070190
Kc3c 0.856697 899369 17460 1070190
Kc2c 0.856647 899315 17460 1070190
Ks9d 0.851835 899262 12363.5 1070190
Kh9d 0.851835 899262 12363.5 1070190
Kh9s 0.851394 898794 12359.5 1070190
Kh9h 0.851394 898794 12359.5 1070190
Ks9h 0.851394 898794 12359.5 1070190
Ks9s 0.851394 898794 12359.5 1070190
KcQd 0.850144 892617 17198.5 1070190
KcQs 0.849416 891897 17140 1070190
KcQh 0.849416 891897 17140 1070190
KhQc 0.846351 888047 17709 1070190
KsQc 0.846351 888047 17709 1070190
KcTd 0.840655 877780 21881 1070190
KcTh 0.839969 877108 21818.5 1070190
KcTs 0.839969 877108 21818.5 1070190
KsTc 0.835491 871880 22254.5 1070190
KhTc 0.835491 871880 22254.5 1070190
AcKh 0.83294 887167 4237.5 1070190
AcKs 0.83294 887167 4237.5 1070190
AdKc 0.832294 886499 4213.5 1070190
AhKc 0.831421 885569 4209 1070190
AsKc 0.831421 885569 4209 1070190
Jd9d 0.831063 877303 12092.5 1070190
KhQd 0.825964 866429 17509 1070190
KsQd 0.825964 866429 17509 1070190
KhQh 0.825236 865709 17450.5 1070190
KhQs 0.825236 865709 17450.5 1070190
KsQs 0.825236 865709 17450.5 1070190
KsQh 0.825236 865709 17450.5 1070190
AdAc 0.824756 881528 1117.5 1070190
AsAc 0.823964 880685 1113 1070190
AhAc 0.823964 880685 1113 1070190
Jd9s 0.823765 869009 12576.5 1070190
Jd9h 0.823765 869009 12576.5 1070190
Js9d 0.823763 869006 12576.5 1070190
Jh9d 0.823763 869006 12576.5 1070190
Js9s 0.823422 868668 12550.5 1070190
Js9h 0.823422 868668 12550.5 1070190
Jh9s 0.823422 868668 12550.5 1070190
Jh9h 0.823422 868668 12550.5 1070190
KhTd 0.8167 851956 22068 1070190
KsTd 0.8167 851956 22068 1070190
KsTs 0.816014 851284 22005.5 1070190
KhTh 0.816014 851284 22005.5 1070190
KhTs 0.816014 851284 22005.5 1070190
KsTh 0.816014 851284 22005.5 1070190
AdKh 0.807722 860290 4125.5 1070190
AdKs 0.807722 860290 4125.5 1070190
AhKs 0.806848 859360 4121 1070190
AsKs 0.806848 859360 4121 1070190
AsKh 0.806848 859360 4121 1070190
AhKh 0.806848 859360 4121 1070190
AsAd 0.797967 852868 1108 1070190
AhAd 0.797967 852868 1108 1070190
AsAh 0.797175 852025 1103.5 1070190
QdQc 0.793248 838863 10063.5 1070190
QhQc 0.792585 838212 10005 1070190
QsQc 0.792585 838212 10005 1070190
Kc8d 0.788895 819529 24738.5 1070190
Kc8h 0.788063 818647 24730.5 1070190
Kc8s 0.788063 818647 24730.5 1070190
QcJd 0.78714 820307 22082 1070190
Kc7d 0.786594 815867 25938.5 1070190
QcJs 0.786424 819600 22023 1070190
QcJh 0.786424 819600 22023 1070190
Kc7s 0.785763 814985 25930.5 1070190
Kc7h 0.785763 814985 25930.5 1070190
Kh8c 0.78492 815913 24101 1070190
Ks8c 0.78492 815913 24101 1070190
Kh7c 0.781267 810863 25241 1070190
Ks7c 0.781267 810863 25241 1070190
JdTc 0.780579 812457 22911 1070190
JhTc 0.779888 811776 22852 1070190
JsTc 0.779888 811776 22852 1070190
Kc6d 0.779776 808482 26027 1070190
Kc5d 0.779042 807336 26387 1070190
Kc6h 0.778909 807558 26023 1070190
Kc6s 0.778909 807558 26023 1070190
Kc4d 0.778417 806547 26507 1070190
Kc3d 0.778355 806481 26507 1070190
Kc2d 0.778294 806415 26507 1070190
Kc5h 0.778175 806412 26383 1070190
Kc5s 0.778175 806412 26383 1070190
Kc4h 0.777544 805617 26503 1070190
Kc4s 0.777544 805617 26503 1070190
Kc3h 0.777483 805551 26503 1070190
Kc3s 0.777483 805551 26503 1070190
Kc2s 0.777421 805485 26503 1070190
Kc2h 0.777421 805485 26503 1070190
QdJd 0.774857 808075 21169 1070190
Ks6c 0.773562 802591 25267.5 1070190
Kh6c 0.773562 802591 25267.5 1070190
Ks5c 0.771533 800077 25609.5 1070190
Kh5c 0.771533 800077 25609.5 1070190
QhQd 0.770807 815142 9768 1070190
QsQd 0.770807 815142 9768 1070190
QsQh 0.770144 814491 9709.5 1070190
Ks4c 0.769678 797978 25723.5 1070190
Kh4c 0.769678 797978 25723.5 1070190
JdTd 0.769521 801575 21958.5 1070190
Kh3c 0.76834 796546 25723.5 1070190
Ks3c 0.76834 796546 25723.5 1070190
Kh2c 0.767028 795142 25723.5 1070190
Ks2c 0.767028 795142 25723.5 1070190
Kh8d 0.764384 793602 24434 1070190
Ks8d 0.764384 793602 24434 1070190
QsJd 0.764224 795852 22012.5 1070190
QhJd 0.764224 795852 22012.5 1070190
QdJh 0.76418 795788 22030 1070190
QdJs 0.76418 795788 22030 1070190
Ks8s 0.763552 792720 24426 1070190
Kh8s 0.763552 792720 24426 1070190
Kh8h 0.763552 792720 24426 1070190
Ks8h 0.763552 792720 24426 1070190
QsJh 0.763508 795145 21953.5 1070190
QhJs 0.763508 795145 21953.5 1070190
QhJh 0.763508 795145 21953.5 1070190
QsJs 0.763508 795145 21953.5 1070190
Kh7d 0.762138 790029 25604 1070190
Ks7d 0.762138 790029 25604 1070190
AcJd 0.761535 810461 4526 1070190
Kh7s 0.761307 789147 25596 1070190
Kh7h 0.761307 789147 25596 1070190
Ks7s 0.761307 789147 25596 1070190
Ks7h 0.761307 789147 25596 1070190
AcJh 0.760792 809688 4503.5 1070190
AcJs 0.760792 809688 4503.5 1070190
JdTh 0.759152 789583 22854 1070190
JdTs 0.759152 789583 22854 1070190
JsTd 0.759093 789499 22875 1070190
JhTd 0.759093 789499 22875 1070190
JsTs 0.758461 788902 22795 1070190
JsTh 0.758461 788902 22795 1070190
JhTh 0.758461 788902 22795 1070190
JhTs 0.758461 788902 22795 1070190
Kh6d 0.755214 782583 25639.5 1070190
Ks6d 0.755214 782583 25639.5 1070190
Ks5d 0.754496 781464 25990.5 1070190
Kh5d 0.754496 781464 25990.5 1070190
Kh6s 0.754347 781659 25635.5 1070190
Kh6h 0.754347 781659 25635.5 1070190
Ks6s 0.754347 781659 25635.5 1070190
Ks6h 0.754347 781659 25635.5 1070190
Kh4d 0.753868 780675 26107.5 1070190
Ks4d 0.753868 780675 26107.5 1070190
Ks3d 0.753807 780609 26107.5 1070190
Kh3d 0.753807 780609 26107.5 1070190
Kh2d 0.753745 780543 26107.5 1070190
Ks2d 0.753745 780543 26107.5 1070190
Kh5h 0.753629 780540 25986.5 1070190
Kh5s 0.753629 780540 25986.5 1070190
Ks5h 0.753629 780540 25986.5 1070190
Ks5s 0.753629 780540 25986.5 1070190
Kh4s 0.752996 779745 26103.5 1070190
Ks4h 0.752996 779745 26103.5 1070190
Ks4s 0.752996 779745 26103.5 1070190
Kh4h 0.752996 779745 26103.5 1070190
Kh3h 0.752934 779679 26103.5 1070190
Ks3s 0.752934 779679 26103.5 1070190
Ks3h 0.752934 779679 26103.5 1070190
Kh3s 0.752934 779679 26103.5 1070190
Ks2s 0.752872 779613 26103.5 1070190
Ks2h 0.752872 779613 26103.5 1070190
Kh2h 0.752872 779613 26103.5 1070190
Kh2s 0.752872 779613 26103.5 1070190
AdJd 0.746797 794802 4413 1070190
AcQc 0.742206 788469 5832.5 1070190
AdJs 0.732995 779834 4609.5 1070190
AdJh 0.732995 779834 4609.5 1070190
AhJd 0.732934 779773 4605.5 1070190
AsJd 0.732934 779773 4605.5 1070190
AsJh 0.732191 779000 4583 1070190
AsJs 0.732191 779000 4583 1070190
AhJs 0.732191 779000 4583 1070190
AhJh 0.732191 779000 4583 1070190
AcTc 0.731207 772924 9606 1070190
Qc9d 0.729732 758304 22647.5 1070190
Qc9s 0.729017 757598 22588.5 1070190
Qc9h 0.729017 757598 22588.5 1070190
TdTc 0.728232 768419 10927.5 1070190
TsTc 0.727641 767849 10865 1070190
ThTc 0.727641 767849 10865 1070190
Tc9d 0.718087 739755 28734 1070190
Tc9h 0.717423 739125 28654 1070190
Tc9s 0.717423 739125 28654 1070190
Qd9d 0.717292 745918 21721 1070190
Jd8c 0.711547 736533 24957.5 1070190
Jh8c 0.710964 736019 24848 1070190
Js8c 0.710964 736019 24848 1070190
Jd7c 0.707781 731303 26157.5 1070190
Js7c 0.707217 730819 26038 1070190
Jh7c 0.707217 730819 26038 1070190
Td9d 0.706575 728304 27866 1070190
TsTd 0.705149 744030 10613.5 1070190
ThTd 0.705149 744030 10613.5 1070190
TsTh 0.704558 743460 10551 1070190
Qh9d 0.704249 731116 22564.5 1070190
Qs9d 0.704249 731116 22564.5 1070190
Qd9s 0.70418 731024 22582 1070190
Qd9h 0.70418 731024 22582 1070190
Qh9h 0.703534 730410 22505.5 1070190
Qh9s 0.703534 730410 22505.5 1070190
Qs9s 0.703534 730410 22505.5 1070190
Qs9h 0.703534 730410 22505.5 1070190
Jd8d 0.702349 727107 24540 1070190
Jd7d 0.70008 723499 25720 1070190
Jd6c 0.699383 722244 26228.5 1070190
Jh6c 0.698834 721784 26101.5 1070190
Js6c 0.698834 721784 26101.5 1070190
Jd5c 0.69732 719676 26588.5 1070190
Jh5c 0.696777 719225 26458.5 1070190
Js5c 0.696777 719225 26458.5 1070190
Jd4c 0.695454 717559 26708.5 1070190
Jh4c 0.694913 717111 26577.5 1070190
Js4c 0.694913 717111 26577.5 1070190
Jd3c 0.694116 716127 26708.5 1070190
Th9d 0.69399 713772 28929.5 1070190
Ts9d 0.69399 713772 28929.5 1070190
Td9h 0.693926 713703 28929.5 1070190
Td9s 0.693926 713703 28929.5 1070190
Js3c 0.693575 715679 26577.5 1070190
Jh3c 0.693575 715679 26577.5 1070190
Th9h 0.693327 713142 28849.5 1070190
Th9s 0.693327 713142 28849.5 1070190
Ts9h 0.693327 713142 28849.5 1070190
Ts9s 0.693327 713142 28849.5 1070190
Jd6d 0.693082 715907 25822.5 1070190
Jd2c 0.692804 714723 26708.5 1070190
Jd5d 0.692353 714773 26176.5 1070190
Jh2c 0.692263 714275 26577.5 1070190
Js2c 0.692263 714275 26577.5 1070190
Jd4d 0.691768 714029 26294.5 1070190
Jd3d 0.691701 713957 26294.5 1070190
Jd2d 0.691634 713885 26294.5 1070190
Ac9d 0.68834 731332 5322.5 1070190
Ac9s 0.687598 730560 5300 1070190
Ac9h 0.687598 730560 5300 1070190
Js8d 0.687282 709824 25698 1070190
Jh8d 0.687282 709824 25698 1070190
Jd8s 0.687114 709569 25774 1070190
Jd8h 0.687114 709569 25774 1070190
Js8s 0.686532 709055 25664.5 1070190
Js8h 0.686532 709055 25664.5 1070190
Jh8h 0.686532 709055 25664.5 1070190
Jh8s 0.686532 709055 25664.5 1070190
Js7d 0.684882 706006 26948 1070190
Jh7d 0.684882 706006 26948 1070190
Jd7h 0.684696 705721 27034 1070190
Jd7s 0.684696 705721 27034 1070190
Jh7s 0.684132 705237 26914.5 1070190
Jh7h 0.684132 705237 26914.5 1070190
Js7s 0.684132 705237 26914.5 1070190
Js7h 0.684132 705237 26914.5 1070190
Js6d 0.677211 697697 27047.5 1070190
Jh6d 0.677211 697697 27047.5 1070190
Jd6s 0.676976 697348 27144.5 1070190
Jd6h 0.676976 697348 27144.5 1070190
Jh5d 0.676443 696500 27422.5 1070190
Js5d 0.676443 696500 27422.5 1070190
Js6s 0.676427 696888 27017.5 1070190
Js6h 0.676427 696888 27017.5 1070190
Jh6s 0.676427 696888 27017.5 1070190
Jh6h 0.676427 696888 27017.5 1070190
Jd5s 0.676202 696142 27522.5 1070190
Jd5h 0.676202 696142 27522.5 1070190
Jh4d 0.675794 695681 27547.5 1070190
Js4d 0.675794 695681 27547.5 1070190
Jh3d 0.675727 695609 27547.5 1070190
Js3d 0.675727 695609 27547.5 1070190
Jh2d 0.67566 695537 27547.5 1070190
Js2d 0.67566 695537 27547.5 1070190
Jh5s 0.675659 695691 27392.5 1070190
Js5s 0.675659 695691 27392.5 1070190
Js5h 0.675659 695691 27392.5 1070190
Jh5h 0.675659 695691 27392.5 1070190
Jd4h 0.675546 695314 27648.5 1070190
Jd4s 0.675546 695314 27648.5 1070190
Jd3s 0.675479 695242 27648.5 1070190
Jd3h 0.675479 695242 27648.5 1070190
Jd2s 0.675411 695170 27648.5 1070190
Jd2h 0.675411 695170 27648.5 1070190
Tc8c 0.675042 694589 27834.5 1070190
Js4s 0.675005 694866 27517.5 1070190
Js4h 0.675005 694866 27517.5 1070190
Jh4h 0.675005 694866 27517.5 1070190
Jh4s 0.675005 694866 27517.5 1070190
Js3h 0.674938 694794 27517.5 1070190
Js3s 0.674938 694794 27517.5 1070190
Jh3h 0.674938 694794 27517.5 1070190
Jh3s 0.674938 694794 27517.5 1070190
Js2s 0.67487 694722 27517.5 1070190
Js2h 0.67487 694722 27517.5 1070190
Jh2s 0.67487 694722 27517.5 1070190
Jh2h 0.67487 694722 27517.5 1070190
Ad9d 0.673596 715680 5196 1070190
Tc7c 0.672408 691770 27834.5 1070190
Qc8c 0.657365 678711 24794.5 1070190
Ac8c 0.656899 685320 17686.5 1070190
Ad9h 0.65641 697091 5392.5 1070190
Ad9s 0.65641 697091 5392.5 1070190
Ah9d 0.656382 697065 5388.5 1070190
As9d 0.656382 697065 5388.5 1070190
Ah9h 0.65564 696293 5366 1070190
As9s 0.65564 696293 5366 1070190
Ah9s 0.65564 696293 5366 1070190
As9h 0.65564 696293 5366 1070190
Ac7c 0.65354 680655 18756.5 1070190
Qc7c 0.65305 673023 25864.5 1070190
Qc6c 0.650362 669504 26506.5 1070190
Qc5c 0.648542 667236 26827.5 1070190
Qc4c 0.647016 665496 26934.5 1070190
Qc3c 0.645797 664191 26934.5 1070190
Ac6c 0.64564 671881 19076.5 1070190
Qc2c 0.644578 662886 26934.5 1070190
Ac5c 0.64377 669559 19397.5 1070190
Ac4c 0.642194 667765 19504.5 1070190
Ac3c 0.640924 666406 19504.5 1070190
Ac2c 0.639654 665047 19504.5 1070190
9d8c 0.635329 653077 26846 1070190
9s8c 0.634744 652563 26733.5 1070190
9h8c 0.634744 652563 26733.5 1070190
9d7c 0.631564 647847 28046 1070190
9s7c 0.630997 647363 27923.5 1070190
9h7c 0.630997 647363 27923.5 1070190
9d8d 0.625843 643370 26400.5 1070190
9d7d 0.623574 639762 27580.5 1070190
9d6c 0.621834 637364 28117 1070190
9s6c 0.621283 636904 27987 1070190
9h6c 0.621283 636904 27987 1070190
9d5c 0.619771 634796 28477 1070190
9s5c 0.619226 634345 28344 1070190
9h5c 0.619226 634345 28344 1070190
9d4c 0.617905 632679 28597 1070190
9h4c 0.617361 632231 28463 1070190
9s4c 0.617361 632231 28463 1070190
9d3c 0.616567 631247 28597 1070190
9h3c 0.616023 630799 28463 1070190
9s3c 0.616023 630799 28463 1070190
9d6d 0.615266 630769 27683 1070190
9d2c 0.615255 629843 28597 1070190
9h2c 0.614711 629395 28463 1070190
9s2c 0.614711 629395 28463 1070190
9d5d 0.614538 629635 28037 1070190
9d4d 0.613953 628891 28155 1070190
9d3d 0.613885 628819 28155 1070190
9d2d 0.613818 628747 28155 1070190
Tc6c 0.610829 624342 29361.5 1070190
Tc5c 0.60901 622074 29682.5 1070190
AcQd 0.60784 642612 7892 1070190
9s8d 0.607838 622923 27579.5 1070190
9h8d 0.607838 622923 27579.5 1070190
9d8h 0.607706 622702 27658.5 1070190
9d8s 0.607706 622702 27658.5 1070190
Tc4c 0.607519 620371 29789.5 1070190
AcQh 0.607129 641883 7860.5 1070190
AcQs 0.607129 641883 7860.5 1070190
9h8s 0.60712 622188 27546 1070190
9h8h 0.60712 622188 27546 1070190
9s8s 0.60712 622188 27546 1070190
9s8h 0.60712 622188 27546 1070190
Tc3c 0.606299 619066 29789.5 1070190
9h7d 0.605439 619105 28829.5 1070190
9s7d 0.605439 619105 28829.5 1070190
9d7s 0.605287 618854 28918.5 1070190
9d7h 0.605287 618854 28918.5 1070190
Tc2c 0.60508 617761 29789.5 1070190
9s7h 0.604721 618370 28796 1070190
9h7h 0.604721 618370 28796 1070190
9h7s 0.604721 618370 28796 1070190
9s7s 0.604721 618370 28796 1070190
AdQc 0.603298 637771 7872 1070190
AhQc 0.602493 636945 7836.5 1070190
AsQc 0.602493 636945 7836.5 1070190
9h6d 0.596372 609302 28929 1070190
9s6d 0.596372 609302 28929 1070190
9d6s 0.596172 608988 29029 1070190
9d6h 0.596172 608988 29029 1070190
9h6h 0.59562 608528 28899 1070190
9h6s 0.59562 608528 28899 1070190
9s6h 0.59562 608528 28899 1070190
9s6s 0.59562 608528 28899 1070190
9h5d 0.595604 608105 29304 1070190
9s5d 0.595604 608105 29304 1070190
9d5s 0.595398 607782 29407 1070190
9d5h 0.595398 607782 29407 1070190
9s4d 0.594955 607286 29429 1070190
9h4d 0.594955 607286 29429 1070190
9s3d 0.594888 607214 29429 1070190
9h3d 0.594888 607214 29429 1070190
9s5s 0.594852 607331 29274 1070190
9s5h 0.594852 607331 29274 1070190
9h5h 0.594852 607331 29274 1070190
9h5s 0.594852 607331 29274 1070190
9h2d 0.594821 607142 29429 1070190
9s2d 0.594821 607142 29429 1070190
9d4h 0.594742 606954 29533 1070190
9d4s 0.594742 606954 29533 1070190
9d3h 0.594675 606882 29533 1070190
9d3s 0.594675 606882 29533 1070190
9d2h 0.594607 606810 29533 1070190
9d2s 0.594607 606810 29533 1070190
AcTd 0.594373 622422 13670 1070190
AdQd 0.594294 628494 7513 1070190
9h4s 0.594198 606506 29399 1070190
9h4h 0.594198 606506 29399 1070190
9s4h 0.594198 606506 29399 1070190
9s4s 0.594198 606506 29399 1070190
9s3h 0.594131 606434 29399 1070190
9s3s 0.594131 606434 29399 1070190
9h3s 0.594131 606434 29399 1070190
9h3h 0.594131 606434 29399 1070190
9s2h 0.594064 606362 29399 1070190
9s2s 0.594064 606362 29399 1070190
9h2h 0.594064 606362 29399 1070190
9h2s 0.594064 606362 29399 1070190
AcTh 0.593753 621793 13635 1070190
AcTs 0.593753 621793 13635 1070190
AdTc 0.587968 615723 13514.5 1070190
AhTc 0.587222 614981 13458 1070190
AsTc 0.587222 614981 13458 1070190
AdTd 0.580773 608649 12888.5 1070190
AdQs 0.574218 606759 7763.5 1070190
AdQh 0.574218 606759 7763.5 1070190
8c7c 0.574208 581883 32629 1070190
AsQd 0.574124 606662 7759.5 1070190
AhQd 0.574124 606662 7759.5 1070190
AhQs 0.573413 605933 7728 1070190
AsQh 0.573413 605933 7728 1070190
AsQs 0.573413 605933 7728 1070190
AhQh 0.573413 605933 7728 1070190
AdTs 0.560789 586709 13441.5 1070190
AdTh 0.560789 586709 13441.5 1070190
AsTd 0.560663 586596 13420 1070190
AhTd 0.560663 586596 13420 1070190
AhTs 0.560043 585967 13385 1070190
AhTh 0.560043 585967 13385 1070190
AsTh 0.560043 585967 13385 1070190
AsTs 0.560043 585967 13385 1070190
8d8c 0.557012 582945 13163.5 1070190
8s8c 0.556346 582244 13151.5 1070190
8h8c 0.556346 582244 13151.5 1070190
7d7c 0.539533 564239 13163.5 1070190
7h7c 0.538866 563538 13151.5 1070190
7s7c 0.538866 563538 13151.5 1070190
8h8d 0.527874 551550 13376 1070190
8s8d 0.527874 551550 13376 1070190
8s8h 0.527208 550849 13364 1070190
Tc8d 0.524228 521818 39206 1070190
Td8c 0.524215 522733 38277 1070190
Th8c 0.523703 522316 38146 1070190
Ts8c 0.523703 522316 38146 1070190
Tc8h 0.523601 521192 39161 1070190
Tc8s 0.523601 521192 39161 1070190
Tc7d 0.52204 519476 39206 1070190
Tc7s 0.521413 518850 39161 1070190
Tc7h 0.521413 518850 39161 1070190
Td7c 0.520579 518841 38277 1070190
Ts7c 0.520076 518434 38146 1070190
Th7c 0.520076 518434 38146 1070190
8c6c 0.519423 517518 38363.5 1070190
8c5c 0.517553 515196 38684.5 1070190
Td8d 0.517272 516333 37246 1070190
Td7d 0.515166 514080 37246 1070190
7s7d 0.511291 533802 13376 1070190
7h7d 0.511291 533802 13376 1070190
7s7h 0.510624 533101 13364 1070190
6d6c 0.51054 533796 12578.5 1070190
6h6c 0.509842 533057 12570.5 1070190
6s6c 0.509842 533057 12570.5 1070190
8c4c 0.508833 505703 38845 1070190
8c3c 0.507563 504344 38845 1070190
8c2c 0.506293 502985 38845 1070190
7c6c 0.498849 493496 40367.5 1070190
7c5c 0.49698 491174 40688.5 1070190
Th8d 0.496882 492985 38773.5 1070190
Ts8d 0.496882 492985 38773.5 1070190
Td8h 0.496767 492776 38859.5 1070190
Td8s 0.496767 492776 38859.5 1070190
Ts8s 0.496255 492359 38728.5 1070190
Ts8h 0.496255 492359 38728.5 1070190
Th8s 0.496255 492359 38728.5 1070190
Th8h 0.496255 492359 38728.5 1070190
Ts7d 0.494674 490622 38773.5 1070190
Th7d 0.494674 490622 38773.5 1070190
Td7s 0.49455 490403 38859.5 1070190
Td7h 0.49455 490403 38859.5 1070190
Ts7s 0.494047 489996 38728.5 1070190
Ts7h 0.494047 489996 38728.5 1070190
Th7s 0.494047 489996 38728.5 1070190
Th7h 0.494047 489996 38728.5 1070190
5d5c 0.492117 514080 12578.5 1070190
Qc8d 0.491918 490909 35537 1070190
5s5c 0.491419 513341 12570.5 1070190
5h5c 0.491419 513341 12570.5 1070190
Qc8s 0.491285 490265 35503 1070190
Qc8h 0.491285 490265 35503 1070190
Qd8c 0.490045 489979 34462.5 1070190
Qh8c 0.489485 489510 34332 1070190
Qs8c 0.489485 489510 34332 1070190
7c4c 0.48826 481682 40849 1070190
Qc7d 0.487242 484114 37327 1070190
7c3c 0.48699 480323 40849 1070190
Qc7s 0.486608 483470 37293 1070190
Qc7h 0.486608 483470 37293 1070190
7c2c 0.48572 478964 40849 1070190
Qd8d 0.484426 484827 33601 1070190
Qd7c 0.483874 481635 36202.5 1070190
Qs7c 0.483333 481196 36062 1070190
Qh7c 0.483333 481196 36062 1070190
Qc6d 0.482898 478392 38401 1070190
6s6d 0.482287 503340 12799 1070190
6h6d 0.482287 503340 12799 1070190
Qc6h 0.482247 477729 38367 1070190
Qc6s 0.482247 477729 38367 1070190
6s6h 0.481589 502601 12791 1070190
Qc5d 0.480443 475227 38938 1070190
Qd7d 0.479882 478284 35281 1070190
Qc5h 0.479791 474564 38904 1070190
Qc5s 0.479791 474564 38904 1070190
Qc4d 0.478317 472773 39117 1070190
Qd6c 0.478237 474558 37246.5 1070190
6c5c 0.477832 469610 41761.5 1070190
Qh6c 0.477707 474137 37100 1070190
Qs6c 0.477707 474137 37100 1070190
Qc4s 0.47766 472104 39083 1070190
Qc4h 0.47766 472104 39083 1070190
Ac8d 0.477034 483995 26522 1070190
Qc3d 0.476865 471219 39117 1070190
Ac8s 0.476418 483362 26496 1070190
Ac8h 0.476418 483362 26496 1070190
Qc3s 0.476208 470550 39083 1070190
Qc3h 0.476208 470550 39083 1070190
Qd6d 0.475752 472856 36289 1070190
Qc2d 0.475413 469665 39117 1070190
Qc2h 0.474756 468996 39083 1070190
Qc2s 0.474756 468996 39083 1070190
Qd5c 0.474341 469866 37768.5 1070190
Qs5c 0.473816 469454 37619 1070190
Qh5c 0.473816 469454 37619 1070190
Qd5d 0.473277 469703 36793 1070190
4d4c 0.473103 493732 12578.5 1070190
4s4c 0.4724 492987 12570.5 1070190
4h4c 0.4724 492987 12570.5 1070190
Ac7d 0.472357 477200 28312 1070190
Ac7h 0.471741 476567 28286 1070190
Ac7s 0.471741 476567 28286 1070190
Qd4d 0.471132 467240 36961 1070190
Qd4c 0.470843 465949 37942.5 1070190
Qh4c 0.47032 465540 37792 1070190
Qs4c 0.47032 465540 37792 1070190
6c4c 0.47004 460682 42350.5 1070190
Ad8c 0.469904 477050 25837 1070190
Qd3d 0.469599 465599 36961 1070190
Ah8c 0.469255 476458 25734 1070190
As8c 0.469255 476458 25734 1070190
6c3c 0.46877 459323 42350.5 1070190
Qd2d 0.468065 463958 36961 1070190
Qd3c 0.467974 462879 37942.5 1070190
6c2c 0.467501 457964 42350.5 1070190
Qh3c 0.467452 462470 37792 1070190
Qs3c 0.467452 462470 37792 1070190
Ad8d 0.466185 473897 25010 1070190
Qd2c 0.465132 459837 37942.5 1070190
Qs2c 0.464609 459428 37792 1070190
Qh2c 0.464609 459428 37792 1070190
5s5d 0.464568 484377 12799 1070190
5h5d 0.464568 484377 12799 1070190
5s5h 0.46387 483638 12791 1070190
Ad7c 0.463734 468706 27577 1070190
As7c 0.463103 468144 27464 1070190
Ah7c 0.463103 468144 27464 1070190
Ad7d 0.461641 467354 26690 1070190
5c4c 0.461509 451003 42899 1070190
Qh8d 0.460881 458168 35062.5 1070190
Qs8d 0.460881 458168 35062.5 1070190
Qd8h 0.460808 457993 35159 1070190
Qd8s 0.460808 457993 35159 1070190
Qh8h 0.460248 457524 35028.5 1070190
Qh8s 0.460248 457524 35028.5 1070190
Qs8s 0.460248 457524 35028.5 1070190
Qs8h 0.460248 457524 35028.5 1070190
5c3c 0.460239 449644 42899 1070190
Ac6d 0.459258 462628 28865.5 1070190
5c2c 0.458969 448285 42899 1070190
Ac6s 0.458613 461960 28843 1070190
Ac6h 0.458613 461960 28843 1070190
Ac5d 0.456741 459397 29402.5 1070190
4c3c 0.456356 445507 42881 1070190
Qh7d 0.456132 451295 36852.5 1070190
Qs7d 0.456132 451295 36852.5 1070190
Ac5h 0.456096 458729 29380 1070190
Ac5s 0.456096 458729 29380 1070190
Qd7h 0.45604 451090 36959 1070190
Qd7s 0.45604 451090 36959 1070190
Qh7s 0.455498 450651 36818.5 1070190
Qh7h 0.455498 450651 36818.5 1070190
Qs7h 0.455498 450651 36818.5 1070190
Qs7s 0.455498 450651 36818.5 1070190
4c2c 0.455086 444148 42881 1070190
3d3c 0.454733 474072 12578.5 1070190
Ac4d 0.454553 456877 29581.5 1070190
3s3c 0.454029 473327 12570.5 1070190
3h3c 0.454029 473327 12570.5 1070190
Ac4h 0.453903 456203 29559 1070190
Ac4s 0.453903 456203 29559 1070190
Ac3d 0.45304 455257 29581.5 1070190
3c2c 0.452822 441725 42881 1070190
Ac3h 0.452389 454583 29559 1070190
Ac3s 0.452389 454583 29559 1070190
Qh6d 0.451704 445483 37926.5 1070190
Qs6d 0.451704 445483 37926.5 1070190
Qd6h 0.451583 445241 38039 1070190
Qd6s 0.451583 445241 38039 1070190
Ac2d 0.451526 453637 29581.5 1070190
Qs6s 0.451053 444820 37892.5 1070190
Qs6h 0.451053 444820 37892.5 1070190
Qh6h 0.451053 444820 37892.5 1070190
Qh6s 0.451053 444820 37892.5 1070190
Ac2h 0.450875 452963 29559 1070190
Ac2s 0.450875 452963 29559 1070190
Ad6c 0.449477 452950 28075.5 1070190
Qs5d 0.449167 442231 38463.5 1070190
Qh5d 0.449167 442231 38463.5 1070190
Qd5h 0.449041 441980 38579 1070190
Qd5s 0.449041 441980 38579 1070190
Ad6d 0.448983 453312 27185.5 1070190
Ah6c 0.44886 452411 27955 1070190
As6c 0.44886 452411 27955 1070190
Qh5s 0.448516 441568 38429.5 1070190
Qs5s 0.448516 441568 38429.5 1070190
Qs5h 0.448516 441568 38429.5 1070190
Qh5h 0.448516 441568 38429.5 1070190
Qh4d 0.446952 439681 38642.5 1070190
Qs4d 0.446952 439681 38642.5 1070190
Qd4h 0.446818 439421 38759 1070190
Qd4s 0.446818 439421 38759 1070190
Ad5d 0.446444 450090 27689.5 1070190
Qs4h 0.446295 439012 38608.5 1070190
Qs4s 0.446295 439012 38608.5 1070190
Qh4s 0.446295 439012 38608.5 1070190
Qh4h 0.446295 439012 38608.5 1070190
4h4d 0.446148 464664 12799 1070190
4s4d 0.446148 464664 12799 1070190
Ad5c 0.445513 448186 28597.5 1070190
4s4h 0.445444 463919 12791 1070190
Qh3d 0.445419 438040 38642.5 1070190
Qs3d 0.445419 438040 38642.5 1070190
Qd3s 0.445284 437780 38759 1070190
Qd3h 0.445284 437780 38759 1070190
As5c 0.444902 447656 28474 1070190
Ah5c 0.444902 447656 28474 1070190
Qs3h 0.444762 437371 38608.5 1070190
Qh3h 0.444762 437371 38608.5 1070190
Qh3s 0.444762 437371 38608.5 1070190
Qs3s 0.444762 437371 38608.5 1070190
Ad4d 0.444235 447558 27857.5 1070190
Qh2d 0.443885 436399 38642.5 1070190
Qs2d 0.443885 436399 38642.5 1070190
Qd2h 0.443751 436139 38759 1070190
Qd2s 0.443751 436139 38759 1070190
Qh2s 0.443228 435730 38608.5 1070190
Qh2h 0.443228 435730 38608.5 1070190
Qs2h 0.443228 435730 38608.5 1070190
Qs2s 0.443228 435730 38608.5 1070190
Ad3d 0.442637 445848 27857.5 1070190
Ad4c 0.441948 444197 28771.5 1070190
As4c 0.441339 443670 28647 1070190
Ah4c 0.441339 443670 28647 1070190
Ad2d 0.441039 444138 27857.5 1070190
Ad8s 0.439815 444445 26241 1070190
Ad8h 0.439815 444445 26241 1070190
As8d 0.439782 444486 26164 1070190
Ah8d 0.439782 444486 26164 1070190
Ah8s 0.439166 443853 26138 1070190
Ah8h 0.439166 443853 26138 1070190
As8h 0.439166 443853 26138 1070190
As8s 0.439166 443853 26138 1070190
Ad3c 0.439012 441055 28771.5 1070190
As3c 0.438403 440528 28647 1070190
Ah3c 0.438403 440528 28647 1070190
2d2c 0.436388 454440 12578.5 1070190
Ad2c 0.436102 437941 28771.5 1070190
2h2c 0.435685 453695 12570.5 1070190
2s2c 0.435685 453695 12570.5 1070190
As2c 0.435494 437414 28647 1070190
Ah2c 0.435494 437414 28647 1070190
Ad7h 0.435047 437542 28041 1070190
Ad7s 0.435047 437542 28041 1070190
Ah7d 0.435032 437613 27954 1070190
As7d 0.435032 437613 27954 1070190
Ah7h 0.434416 436980 27928 1070190
Ah7s 0.434416 436980 27928 1070190
As7s 0.434416 436980 27928 1070190
As7h 0.434416 436980 27928 1070190
3h3d 0.428429 445701 12799 1070190
3s3d 0.428429 445701 12799 1070190
Tc6d 0.428184 416196 42042 1070190
3s3h 0.427725 444956 12791 1070190
Tc6h 0.427574 415580 42005 1070190
Tc6s 0.427574 415580 42005 1070190
Tc5d 0.425728 413031 42579 1070190
Td6c 0.425392 414255 40995 1070190
Tc5s 0.425118 412415 42542 1070190
Tc5h 0.425118 412415 42542 1070190
Th6c 0.424941 413916 40852 1070190
Ts6c 0.424941 413916 40852 1070190
Tc4d 0.423657 410636 42758 1070190
Td6d 0.423375 413227 39864.5 1070190
Tc4s 0.423043 410015 42721 1070190
Tc4h 0.423043 410015 42721 1070190
Tc3d 0.422205 409082 42758 1070190
Tc3h 0.421591 408461 42721 1070190
Tc3s 0.421591 408461 42721 1070190
Td5c 0.421495 409563 41517 1070190
As6d 0.421487 422593 28478 1070190
Ah6d 0.421487 422593 28478 1070190
Ad6s 0.421458 422464 28576 1070190
Ad6h 0.421458 422464 28576 1070190
Ts5c 0.42105 409233 41371 1070190
Th5c 0.42105 409233 41371 1070190
Td5d 0.4209 410074 40368.5 1070190
As6s 0.420842 421925 28455.5 1070190
As6h 0.420842 421925 28455.5 1070190
Ah6s 0.420842 421925 28455.5 1070190
Ah6h 0.420842 421925 28455.5 1070190
Tc2d 0.420753 407528 42758 1070190
Tc2s 0.420138 406907 42721 1070190
Tc2h 0.420138 406907 42721 1070190
As5d 0.418885 419272 29015 1070190
Ah5d 0.418885 419272 29015 1070190
Ad5s 0.418851 419134 29116 1070190
Ad5h 0.418851 419134 29116 1070190
Td4d 0.41881 407670 40536.5 1070190
Ah5h 0.41824 418604 28992.5 1070190
Ah5s 0.41824 418604 28992.5 1070190
As5h 0.41824 418604 28992.5 1070190
As5s 0.41824 418604 28992.5 1070190
Td4c 0.418048 405700 41691 1070190
Th4c 0.417605 405373 41544 1070190
Ts4c 0.417605 405373 41544 1070190
Td3d 0.417277 406029 40536.5 1070190
Ah4d 0.416605 416653 29194 1070190
As4d 0.416605 416653 29194 1070190
Ad4h 0.416563 416506 29296 1070190
Ad4s 0.416563 416506 29296 1070190
Ah4h 0.415955 415979 29171.5 1070190
As4s 0.415955 415979 29171.5 1070190
As4h 0.415955 415979 29171.5 1070190
Ah4s 0.415955 415979 29171.5 1070190
Td2d 0.415743 404388 40536.5 1070190
Td3c 0.41518 402630 41691 1070190
As3d 0.415008 414943 29194 1070190
Ah3d 0.415008 414943 29194 1070190
Ad3s 0.414966 414796 29296 1070190
Ad3h 0.414966 414796 29296 1070190
Th3c 0.414737 402303 41544 1070190
Ts3c 0.414737 402303 41544 1070190
As3h 0.414357 414269 29171.5 1070190
As3s 0.414357 414269 29171.5 1070190
Ah3s 0.414357 414269 29171.5 1070190
Ah3h 0.414357 414269 29171.5 1070190
Ah2d 0.41341 413233 29194 1070190
As2d 0.41341 413233 29194 1070190
Ad2s 0.413368 413086 29296 1070190
Ad2h 0.413368 413086 29296 1070190
As2h 0.412759 412559 29171.5 1070190
As2s 0.412759 412559 29171.5 1070190
Ah2s 0.412759 412559 29171.5 1070190
Ah2h 0.412759 412559 29171.5 1070190
Td2c 0.412337 399588 41691 1070190
Th2c 0.411894 399261 41544 1070190
Ts2c 0.411894 399261 41544 1070190
2s2d 0.410709 426738 12799 1070190
2h2d 0.410709 426738 12799 1070190
2s2h 0.410006 425993 12791 1070190
Ts6d 0.397881 384184 41624 1070190
Th6d 0.397881 384184 41624 1070190
Td6h 0.397721 383907 41730 1070190
Td6s 0.397721 383907 41730 1070190
Ts6h 0.397271 383568 41587 1070190
Th6s 0.397271 383568 41587 1070190
Th6h 0.397271 383568 41587 1070190
Ts6s 0.397271 383568 41587 1070190
Th5d 0.395344 380932 42161 1070190
Ts5d 0.395344 380932 42161 1070190
Td5s 0.395178 380646 42270 1070190
Td5h 0.395178 380646 42270 1070190
Ts5h 0.394734 380316 42124 1070190
Th5s 0.394734 380316 42124 1070190
Th5h 0.394734 380316 42124 1070190
Ts5s 0.394734 380316 42124 1070190
Ts4d 0.393186 378444 42340 1070190
Th4d 0.393186 378444 42340 1070190
Td4s 0.393014 378150 42450 1070190
Td4h 0.393014 378150 42450 1070190
Th4h 0.392571 377823 42303 1070190
Ts4s 0.392571 377823 42303 1070190
Ts4h 0.392571 377823 42303 1070190
Th4s 0.392571 377823 42303 1070190
Th3d 0.391653 376803 42340 1070190
Ts3d 0.391653 376803 42340 1070190
Td3s 0.391481 376509 42450 1070190
Td3h 0.391481 376509 42450 1070190
Th3h 0.391038 376182 42303 1070190
Th3s 0.391038 376182 42303 1070190
Ts3h 0.391038 376182 42303 1070190
Ts3s 0.391038 376182 42303 1070190
Ts2d 0.39012 375162 42340 1070190
Th2d 0.39012 375162 42340 1070190
Td2s 0.389948 374868 42450 1070190
Td2h 0.389948 374868 42450 1070190
Th2s 0.389505 374541 42303 1070190
Th2h 0.389505 374541 42303 1070190
Ts2s 0.389505 374541 42303 1070190
Ts2h 0.389505 374541 42303 1070190
8c7d 0.369775 348091 47638.5 1070190
8c7h 0.369233 347561 47588 1070190
8c7s 0.369233 347561 47588 1070190
8d7c 0.368474 346889 47448.5 1070190
8h7c 0.367969 346439 47358 1070190
8s7c 0.367969 346439 47358 1070190
8d7d 0.366829 346722 45854.5 1070190
8h7d 0.338565 314480 47848.5 1070190
8s7d 0.338565 314480 47848.5 1070190
8d7h 0.338527 314400 47888.5 1070190
8d7s 0.338527 314400 47888.5 1070190
8s7h 0.338022 313950 47798 1070190
8h7s 0.338022 313950 47798 1070190
8s7s 0.338022 313950 47798 1070190
8h7h 0.338022 313950 47798 1070190
8c6d 0.286855 250191 56798.5 1070190
8c6s 0.286327 249676 56748.5 1070190
8c6h 0.286327 249676 56748.5 1070190
8d6d 0.285746 251192 54611 1070190
8d6c 0.28438 247789 56552 1070190
8c5d 0.284338 246960 57335.5 1070190
8s6c 0.28393 247410 56449.5 1070190
8h6c 0.28393 247410 56449.5 1070190
8c5h 0.28381 246445 57285.5 1070190
8c5s 0.28381 246445 57285.5 1070190
8d5d 0.283207 247970 55115 1070190
8d5c 0.280417 243025 57074 1070190
8s5c 0.279972 242655 56968.5 1070190
8h5c 0.279972 242655 56968.5 1070190
8c4d 0.2707 232096 57604 1070190
8c4s 0.270172 231581 57554 1070190
8c4h 0.270172 231581 57554 1070190
8d4d 0.269795 233365 55367 1070190
8c3d 0.269186 230476 57604 1070190
8c3h 0.268658 229961 57554 1070190
8c3s 0.268658 229961 57554 1070190
8d3d 0.268197 231655 55367 1070190
8c2d 0.267672 228856 57604 1070190
8c2s 0.267144 228341 57554 1070190
8c2h 0.267144 228341 57554 1070190
8d2d 0.266599 229945 55367 1070190
8d4c 0.265394 226687 57335 1070190
8s4c 0.264956 226325 57228 1070190
8h4c 0.264956 226325 57228 1070190
8d3c 0.262458 223545 57335 1070190
8s3c 0.26202 223183 57228 1070190
8h3c 0.26202 223183 57228 1070190
8d2c 0.259548 220431 57335 1070190
8s2c 0.25911 220069 57228 1070190
8h2c 0.25911 220069 57228 1070190
7d6d 0.258406 218993 57551 1070190
7c6d 0.257192 215445 59799.5 1070190
7c6h 0.256696 214972 59741.5 1070190
7c6s 0.256696 214972 59741.5 1070190
7d6c 0.256187 214540 59629 1070190
7d5d 0.255867 215771 58055 1070190
7s6c 0.255745 214161 59534.5 1070190
7h6c 0.255745 214161 59534.5 1070190
7c5d 0.254675 212214 60336.5 1070190
7c5s 0.254179 211741 60278.5 1070190
7c5h 0.254179 211741 60278.5 1070190
8h6d 0.253209 213830 57152 1070190
8s6d 0.253209 213830 57152 1070190
8d6h 0.253131 213694 57204.5 1070190
8d6s 0.253131 213694 57204.5 1070190
8s6s 0.252681 213315 57102 1070190
8h6s 0.252681 213315 57102 1070190
8s6h 0.252681 213315 57102 1070190
8h6h 0.252681 213315 57102 1070190
7d5c 0.252223 209776 60151 1070190
7s5c 0.251787 209406 60053.5 1070190
7h5c 0.251787 209406 60053.5 1070190
8s5d 0.250608 210509 57689 1070190
8h5d 0.250608 210509 57689 1070190
8d5h 0.250524 210364 57744.5 1070190
8d5s 0.250524 210364 57744.5 1070190
8s5s 0.25008 209994 57639 1070190
8h5h 0.25008 209994 57639 1070190
8h5s 0.25008 209994 57639 1070190
8s5h 0.25008 209994 57639 1070190
7d4d 0.242455 201166 58307 1070190
7c4d 0.241037 197350 60605 1070190
7d3d 0.240857 199456 58307 1070190
7c4h 0.24054 196877 60547 1070190
7c4s 0.24054 196877 60547 1070190
7c3d 0.239523 195730 60605 1070190
7d2d 0.239259 197746 58307 1070190
7c3s 0.239027 195257 60547 1070190
7c3h 0.239027 195257 60547 1070190
7c2d 0.238009 194110 60605 1070190
7c2s 0.237513 193637 60547 1070190
7c2h 0.237513 193637 60547 1070190
7d4c 0.237201 193438 60412 1070190
7s4c 0.23677 193076 60313 1070190
7h4c 0.23677 193076 60313 1070190
8s4d 0.236401 195036 57957.5 1070190
8h4d 0.236401 195036 57957.5 1070190
8d4s 0.236311 194883 58014.5 1070190
8d4h 0.236311 194883 58014.5 1070190
8s4h 0.235873 194521 57907.5 1070190
8s4s 0.235873 194521 57907.5 1070190
8h4s 0.235873 194521 57907.5 1070190
8h4h 0.235873 194521 57907.5 1070190
8s3d 0.234803 193326 57957.5 1070190
8h3d 0.234803 193326 57957.5 1070190
8d3s 0.234713 193173 58014.5 1070190
8d3h 0.234713 193173 58014.5 1070190
8h3h 0.234275 192811 57907.5 1070190
8s3h 0.234275 192811 57907.5 1070190
8h3s 0.234275 192811 57907.5 1070190
8s3s 0.234275 192811 57907.5 1070190
7d3c 0.234265 190296 60412 1070190
7s3c 0.233834 189934 60313 1070190
7h3c 0.233834 189934 60313 1070190
8h2d 0.233205 191616 57957.5 1070190
8s2d 0.233205 191616 57957.5 1070190
8d2s 0.233115 191463 58014.5 1070190
8d2h 0.233115 191463 58014.5 1070190
8s2s 0.232677 191101 57907.5 1070190
8h2s 0.232677 191101 57907.5 1070190
8s2h 0.232677 191101 57907.5 1070190
8h2h 0.232677 191101 57907.5 1070190
7d2c 0.231355 187182 60412 1070190
7h2c 0.230924 186820 60313 1070190
7s2c 0.230924 186820 60313 1070190
6d5d 0.228836 185267 59630.5 1070190
6c5d 0.225519 179429 61919.5 1070190
6c5h 0.225054 178998 61852.5 1070190
6c5s 0.225054 178998 61852.5 1070190
7s6d 0.224333 179799 60280 1070190
7h6d 0.224333 179799 60280 1070190
7d6h 0.224279 179705 60316.5 1070190
7d6s 0.224279 179705 60316.5 1070190
6d5c 0.224266 178190 61817.5 1070190
7s6s 0.223837 179326 60222 1070190
7s6h 0.223837 179326 60222 1070190
7h6s 0.223837 179326 60222 1070190
7h6h 0.223837 179326 60222 1070190
6s5c 0.223821 177801 61729.5 1070190
6h5c 0.223821 177801 61729.5 1070190
7s5d 0.221732 176478 60817 1070190
7h5d 0.221732 176478 60817 1070190
7d5s 0.221672 176375 60856.5 1070190
7d5h 0.221672 176375 60856.5 1070190
7s5h 0.221235 176005 60759 1070190
7s5s 0.221235 176005 60759 1070190
7h5h 0.221235 176005 60759 1070190
7h5s 0.221235 176005 60759 1070190
6d4d 0.216848 171510 60559 1070190
6d3d 0.215251 169800 60559 1070190
6d2d 0.213653 168090 60559 1070190
6c4d 0.21334 165426 62888 1070190
6c4s 0.212875 164997 62819.5 1070190
6c4h 0.212875 164997 62819.5 1070190
6c3d 0.211826 163806 62888 1070190
6c3h 0.211361 163377 62819.5 1070190
6c3s 0.211361 163377 62819.5 1070190
6d4c 0.210698 162703 62783.5 1070190
6c2d 0.210312 162186 62888 1070190
6s4c 0.210258 162322 62693.5 1070190
6h4c 0.210258 162322 62693.5 1070190
6c2h 0.209847 161757 62819.5 1070190
6c2s 0.209847 161757 62819.5 1070190
6d3c 0.207762 159561 62783.5 1070190
7h4d 0.207524 161005 61085.5 1070190
7s4d 0.207524 161005 61085.5 1070190
7d4s 0.207459 160894 61126.5 1070190
7d4h 0.207459 160894 61126.5 1070190
6h3c 0.207322 159180 62693.5 1070190
6s3c 0.207322 159180 62693.5 1070190
7h4s 0.207028 160532 61027.5 1070190
7h4h 0.207028 160532 61027.5 1070190
7s4h 0.207028 160532 61027.5 1070190
7s4s 0.207028 160532 61027.5 1070190
5d4d 0.20656 159669 61389.5 1070190
7s3d 0.205927 159295 61085.5 1070190
7h3d 0.205927 159295 61085.5 1070190
7d3h 0.205861 159184 61126.5 1070190
7d3s 0.205861 159184 61126.5 1070190
7s3s 0.20543 158822 61027.5 1070190
7h3s 0.20543 158822 61027.5 1070190
7h3h 0.20543 158822 61027.5 1070190
7s3h 0.20543 158822 61027.5 1070190
5d3d 0.204962 157959 61389.5 1070190
6d2c 0.204852 156447 62783.5 1070190
6s2c 0.204412 156066 62693.5 1070190
6h2c 0.204412 156066 62693.5 1070190
7s2d 0.204329 157585 61085.5 1070190
7h2d 0.204329 157585 61085.5 1070190
7d2h 0.204263 157474 61126.5 1070190
7d2s 0.204263 157474 61126.5 1070190
7h2h 0.203832 157112 61027.5 1070190
7h2s 0.203832 157112 61027.5 1070190
7s2h 0.203832 157112 61027.5 1070190
7s2s 0.203832 157112 61027.5 1070190
5d2d 0.203364 156249 61389.5 1070190
5c4d 0.201377 151802 63710 1070190
4d3d 0.201201 153963 61360 1070190
5c4s 0.200933 151402 63634.5 1070190
5c4h 0.200933 151402 63634.5 1070190
5d4c 0.200142 150516 63673.5 1070190
5c3d 0.199864 150182 63710 1070190
5h4c 0.199708 150135 63590.5 1070190
5s4c 0.199708 150135 63590.5 1070190
4d2d 0.199603 152253 61360 1070190
5c3h 0.199419 149782 63634.5 1070190
5c3s 0.199419 149782 63634.5 1070190
5c2d 0.19835 148562 63710 1070190
3d2d 0.198005 150543 61360 1070190
5c2h 0.197906 148162 63634.5 1070190
5c2s 0.197906 148162 63634.5 1070190
5d3c 0.197206 147374 63673.5 1070190
5s3c 0.196772 146993 63590.5 1070190
5h3c 0.196772 146993 63590.5 1070190
4c3d 0.19467 144670 63663.5 1070190
5d2c 0.194296 144260 63673.5 1070190
4c3s 0.194237 144286 63584 1070190
4c3h 0.194237 144286 63584 1070190
5h2c 0.193862 143879 63590.5 1070190
5s2c 0.193862 143879 63590.5 1070190
4d3c 0.193374 143283 63663.5 1070190
4c2d 0.193156 143050 63663.5 1070190
4s3c 0.192941 142899 63584 1070190
4h3c 0.192941 142899 63584 1070190
6h5d 0.192938 143984 62496.5 1070190
6s5d 0.192938 143984 62496.5 1070190
6d5s 0.192919 143942 62517.5 1070190
6d5h 0.192919 143942 62517.5 1070190
4c2s 0.192723 142666 63584 1070190
4c2h 0.192723 142666 63584 1070190
6h5h 0.192473 143553 62429.5 1070190
6s5s 0.192473 143553 62429.5 1070190
6h5s 0.192473 143553 62429.5 1070190
6s5h 0.192473 143553 62429.5 1070190
4d2c 0.190464 140169 63663.5 1070190
3c2d 0.19022 139908 63663.5 1070190
4h2c 0.190031 139785 63584 1070190
4s2c 0.190031 139785 63584 1070190
3c2s 0.189787 139524 63584 1070190
3c2h 0.189787 139524 63584 1070190
3d2c 0.18895 138549 63663.5 1070190
3h2c 0.188517 138165 63584 1070190
3s2c 0.188517 138165 63584 1070190
6h4d 0.18025 129414 63487.5 1070190
6s4d 0.18025 129414 63487.5 1070190
6d4s 0.180225 129366 63509 1070190
6d4h 0.180225 129366 63509 1070190
6h4h 0.179785 128985 63419 1070190
6h4s 0.179785 128985 63419 1070190
6s4s 0.179785 128985 63419 1070190
6s4h 0.179785 128985 63419 1070190
6h3d 0.178652 127704 63487.5 1070190
6s3d 0.178652 127704 63487.5 1070190
6d3s 0.178627 127656 63509 1070190
6d3h 0.178627 127656 63509 1070190
6h3h 0.178187 127275 63419 1070190
6s3h 0.178187 127275 63419 1070190
6s3s 0.178187 127275 63419 1070190
6h3s 0.178187 127275 63419 1070190
6s2d 0.177054 125994 63487.5 1070190
6h2d 0.177054 125994 63487.5 1070190
6d2h 0.177029 125946 63509 1070190
6d2s 0.177029 125946 63509 1070190
6h2s 0.176589 125565 63419 1070190
6s2s 0.176589 125565 63419 1070190
6h2h 0.176589 125565 63419 1070190
6s2h 0.176589 125565 63419 1070190
5s4d 0.16945 116966 64377.5 1070190
5h4d 0.16945 116966 64377.5 1070190
5d4h 0.169439 116947 64385 1070190
5d4s 0.169439 116947 64385 1070190
5s4s 0.169006 116566 64302 1070190
5h4s 0.169006 116566 64302 1070190
5h4h 0.169006 116566 64302 1070190
5s4h 0.169006 116566 64302 1070190
5h3d 0.167852 115256 64377.5 1070190
5s3d 0.167852 115256 64377.5 1070190
5d3s 0.167841 115237 64385 1070190
5d3h 0.167841 115237 64385 1070190
5h3s 0.167408 114856 64302 1070190
5h3h 0.167408 114856 64302 1070190
5s3h 0.167408 114856 64302 1070190
5s3s 0.167408 114856 64302 1070190
5s2d 0.166254 113546 64377.5 1070190
5h2d 0.166254 113546 64377.5 1070190
5d2s 0.166243 113527 64385 1070190
5d2h 0.166243 113527 64385 1070190
5s2s 0.16581 113146 64302 1070190
5s2h 0.16581 113146 64302 1070190
5h2h 0.16581 113146 64302 1070190
5h2s 0.16581 113146 64302 1070190
4h3d 0.163936 111093 64350 1070190
4s3d 0.163936 111093 64350 1070190
4d3h 0.163936 111093 64350 1070190
4d3s 0.163936 111093 64350 1070190
4h3s 0.163503 110709 64270.5 1070190
4h3h 0.163503 110709 64270.5 1070190
4s3h 0.163503 110709 64270.5 1070190
4s3s 0.163503 110709 64270.5 1070190
4h2d 0.162338 109383 64350 1070190
4s2d 0.162338 109383 64350 1070190
4d2h 0.162338 109383 64350 1070190
4d2s 0.162338 109383 64350 1070190
4s2s 0.161905 108999 64270.5 1070190
4s2h 0.161905 108999 64270.5 1070190
4h2s 0.161905 108999 64270.5 1070190
4h2h 0.161905 108999 64270.5 1070190
3h2d 0.160741 107673 64350 1070190
3d2s 0.160741 107673 64350 1070190
3d2h 0.160741 107673 64350 1070190
3s2d 0.160741 107673 64350 1070190
3h2h 0.160308 107289 64270.5 1070190
3h2s 0.160308 107289 64270.5 1070190
3s2h 0.160308 107289 64270.5 1070190
3s2s 0.160308 107289 64270.5 1070190
