KdTd 0.952748 997801 21820.5 1070190
KhTh 0.952748 997801 21820.5 1070190
KcTc 0.952716 997767 21820.5 1070190
KhTd 0.951536 996180 22144.5 1070190
KhTc 0.951536 996180 22144.5 1070190
KcTh 0.951536 996180 22144.5 1070190
KcTd 0.951536 996180 22144.5 1070190
KdTc 0.951536 996180 22144.5 1070190
KdTh 0.951536 996180 22144.5 1070190
KhTs 0.95075 995460 22023 1070190
KdTs 0.95075 995460 22023 1070190
KcTs 0.95075 995460 22023 1070190
KsTc 0.95075 995460 22023 1070190
KsTd 0.95075 995460 22023 1070190
KsTh 0.95075 995460 22023 1070190
KsTs 0.949964 994740 21901.5 1070190
Td8d 0.914097 944533 33724.5 1070190
Th8h 0.914054 944487 33724.5 1070190
Tc8c 0.913961 944387 33724.5 1070190
Tc8h 0.912301 941796 34539.5 1070190
Tc8d 0.912301 941796 34539.5 1070190
Td8c 0.912301 941796 34539.5 1070190
Th8d 0.912301 941796 34539.5 1070190
Th8c 0.912301 941796 34539.5 1070190
Td8h 0.912301 941796 34539.5 1070190
Ts8h 0.911675 941292 34373 1070190
Ts8d 0.911675 941292 34373 1070190
Ts8c 0.911675 941292 34373 1070190
Tc8s 0.911516 941076 34419 1070190
Th8s 0.911516 941076 34419 1070190
Td8s 0.911516 941076 34419 1070190
Ts8s 0.910889 940572 34252.5 1070190
QdQc 0.893533 943222 13028 1070190
QsQd 0.893182 942854 13020 1070190
QsQc 0.893179 942851 13020 1070190
JhJc 0.888704 937990 13092.5 1070190
JsJc 0.88835 937619 13084.5 1070190
JsJh 0.88835 937619 13084.5 1070190
9h9d 0.882729 931540 13148 1070190
9s9d 0.882378 931172 13140 1070190
9s9h 0.882375 931169 13140 1070190
QcJc 0.850534 895573 14660 1070190
QdJh 0.842986 886631 15524.5 1070190
QdJc 0.84289 886506 15546 1070190
QcJh 0.842887 886503 15546 1070190
QdJs 0.842556 886178 15516.5 1070190
QsJh 0.842556 886178 15516.5 1070190
QsJc 0.842459 886053 15538 1070190
QcJs 0.842456 886050 15538 1070190
QsJs 0.842125 885725 15508.5 1070190
Qd9d 0.839778 880470 18252 1070190
QdTd 0.835751 860875 33537.5 1070190
QcTc 0.835563 860530 33681.5 1070190
KhKd 0.834493 882656 10410.5 1070190
KhKc 0.834492 882655 10410.5 1070190
KdKc 0.834492 882655 10410.5 1070190
KsKh 0.83383 882005 10352 1070190
KsKd 0.83383 882005 10352 1070190
KsKc 0.83383 882004 10352 1070190
KdQd 0.833618 874479 17650.5 1070190
KcQc 0.833564 874424 17647.5 1070190
Qc9h 0.831841 871079 19148.5 1070190
Qd9h 0.831837 871086 19138 1070190
Qc9d 0.831747 870957 19170 1070190
Qs9h 0.831503 870758 19108.5 1070190
Qc9s 0.831413 870629 19140.5 1070190
Qd9s 0.831409 870636 19130 1070190
Qs9d 0.831409 870636 19130 1070190
Qs9s 0.831075 870308 19100.5 1070190
QcTh 0.829547 852947 34825.5 1070190
QdTh 0.829541 852926 34840.5 1070190
QcTd 0.829506 852889 34839.5 1070190
QdTc 0.829489 852853 34857.5 1070190
QcTs 0.828971 852443 34713 1070190
QdTs 0.828965 852422 34728 1070190
QsTh 0.828848 852245 34780 1070190
QsTd 0.828807 852187 34794 1070190
QsTc 0.828796 852172 34797 1070190
QsTs 0.828272 851741 34667.5 1070190
KhQd 0.82602 865663 18335.5 1070190
KhQc 0.826019 865662 18335.5 1070190
KcQd 0.825964 865585 18353.5 1070190
KdQc 0.825964 865585 18353.5 1070190
KhQs 0.825299 864926 18301 1070190
KsQd 0.825293 864943 18277 1070190
KsQc 0.825292 864942 18277 1070190
KdQs 0.825244 864849 18319 1070190
KcQs 0.825243 864848 18319 1070190
KsQs 0.824572 864206 18242.5 1070190
Jh9h 0.820289 859534 18331.5 1070190
Jc9d 0.811499 849230 19228 1070190
Jh9d 0.811493 849234 19217.5 1070190
Jc9h 0.81144 849145 19249.5 1070190
Js9d 0.811159 848906 19188 1070190
Jc9s 0.811108 848820 19220 1070190
Jh9s 0.811102 848824 19209.5 1070190
Js9h 0.811099 848821 19209.5 1070190
Js9s 0.810768 848496 19180 1070190
JhTh 0.792769 814907 33506 1070190
JcTc 0.791522 813429 33650 1070190
AdQd 0.789206 834333 10267 1070190
AcQc 0.789137 834260 10267 1070190
JcTd 0.783964 804196 34794 1070190
JcTh 0.783962 804180 34808 1070190
JhTd 0.783957 804174 34809 1070190
JhTc 0.783925 804123 34826 1070190
JcTs 0.783427 803734 34681.5 1070190
JhTs 0.78342 803712 34696.5 1070190
JsTd 0.783264 803493 34748.5 1070190
JsTh 0.783262 803477 34762.5 1070190
JsTc 0.783232 803442 34765.5 1070190
KhJh 0.782766 819792 17916 1070190
JsTs 0.782727 803031 34636 1070190
AhAd 0.782652 829902 7684.5 1070190
AhAc 0.782651 829901 7684.5 1070190
AdAc 0.782651 829901 7684.5 1070190
AsAd 0.781894 829099 7676 1070190
AsAh 0.781894 829099 7676 1070190
AsAc 0.781893 829098 7676 1070190
KcJc 0.781676 818629 17913 1070190
AhQd 0.778164 821922 10861 1070190
AhQc 0.778163 821921 10861 1070190
AcQd 0.778095 821827 10882.5 1070190
AdQc 0.778095 821827 10882.5 1070190
AhQs 0.777452 821186 10835 1070190
AdQs 0.777384 821092 10856.5 1070190
AcQs 0.777383 821091 10856.5 1070190
AsQd 0.777326 821034 10852.5 1070190
AsQc 0.777325 821033 10852.5 1070190
AsQs 0.776614 820298 10826.5 1070190
Qd8d 0.775398 796258 33565 1070190
Qc8c 0.775395 796258 33562 1070190
KdJh 0.771942 807524 18601 1070190
KdJc 0.771941 807523 18601 1070190
KhJc 0.77192 807482 18619 1070190
KcJh 0.771894 807454 18619 1070190
KsJh 0.771249 806840 18542.5 1070190
KsJc 0.771248 806839 18542.5 1070190
KdJs 0.771221 806787 18566.5 1070190
KhJs 0.7712 806746 18584.5 1070190
KcJs 0.771173 806717 18584.5 1070190
KsJs 0.770528 806103 18508 1070190
Qd8h 0.764989 783649 35035 1070190
Qc8h 0.764987 783649 35032 1070190
Qd8c 0.764921 783555 35056 1070190
Qc8d 0.764918 783555 35053 1070190
Qs8h 0.764396 783109 34940 1070190
Qs8d 0.764328 783015 34961 1070190
Qs8c 0.764328 783015 34961 1070190
Qd8s 0.764268 782935 34977 1070190
Qc8s 0.764265 782935 34974 1070190
Qs8s 0.763675 782395 34882 1070190
ThTd 0.750403 783191 19882.5 1070190
TdTc 0.750373 783156 19885.5 1070190
ThTc 0.750372 783155 19885.5 1070190
TsTd 0.7499 782766 19770 1070190
TsTh 0.7499 782765 19770 1070190
TsTc 0.74987 782730 19773 1070190
Td9d 0.740312 753666 38609 1070190
Th9h 0.740295 753647 38609 1070190
Qd7d 0.739417 760974 30342.5 1070190
Qc7c 0.739405 760974 30329.5 1070190
Qd6d 0.73801 758754 31056.5 1070190
Qc6c 0.737997 758754 31043.5 1070190
Qd5d 0.737275 757611 31413.5 1070190
Qc5c 0.737257 757605 31400.5 1070190
Qd4d 0.736683 756858 31532.5 1070190
Qc4c 0.736659 756846 31519.5 1070190
Qd3d 0.736615 756786 31532.5 1070190
Qc3c 0.736592 756774 31519.5 1070190
Qd2d 0.736548 756714 31532.5 1070190
Qc2c 0.736525 756702 31519.5 1070190
AhJh 0.732283 773113 10568.5 1070190
AcJc 0.731078 771824 10568.5 1070190
Td9h 0.729757 740909 40070 1070190
Th9d 0.729757 740909 40070 1070190
Tc9d 0.72975 740912 40059 1070190
Tc9h 0.729749 740911 40059 1070190
Ts9d 0.729249 740492 39943.5 1070190
Ts9h 0.729249 740491 39943.5 1070190
Td9s 0.729089 740272 39991.5 1070190
Th9s 0.729088 740271 39991.5 1070190
Tc9s 0.72908 740274 39980.5 1070190
Ts9s 0.72858 739854 39865 1070190
Kd9d 0.726383 758875 18493 1070190
Kh9h 0.726383 758875 18493 1070190
Qd7h 0.72629 745319 31949.5 1070190
Qc7h 0.726287 745319 31946.5 1070190
Qd7c 0.726207 745206 31974 1070190
Qc7d 0.726205 745206 31971.5 1070190
Qs7h 0.725754 744861 31834 1070190
Qs7d 0.725672 744748 31859 1070190
Qs7c 0.725672 744748 31858.5 1070190
Qd7s 0.725459 744437 31941.5 1070190
Qc7s 0.725456 744437 31938.5 1070190
Qs7s 0.724923 743979 31826 1070190
Qd6h 0.724799 742961 32711.5 1070190
Qc6h 0.724796 742961 32708.5 1070190
Qd6c 0.724716 742848 32736 1070190
Qc6d 0.724714 742848 32733.5 1070190
Qs6h 0.724274 742521 32590 1070190
Qs6d 0.724192 742408 32615 1070190
Qs6c 0.724191 742408 32614.5 1070190
Qd5h 0.72402 741746 33092.5 1070190
Qc5h 0.724017 741746 33089.5 1070190
Qd6s 0.723967 742079 32703.5 1070190
Qc6s 0.723964 742079 32700.5 1070190
Qd5c 0.723937 741633 33117 1070190
Qc5d 0.723935 741633 33114.5 1070190
Qs5h 0.7235 741315 32968 1070190
Qs6s 0.723443 741639 32582 1070190
Qs5d 0.723418 741202 32993 1070190
Qs5c 0.723418 741202 32992.5 1070190
Qd4h 0.723362 740915 33219.5 1070190
Qc4h 0.723359 740915 33216.5 1070190
Qd3h 0.723294 740843 33219.5 1070190
Qc3h 0.723292 740843 33216.5 1070190
Qd4c 0.723279 740802 33244 1070190
Qc4d 0.723277 740802 33241.5 1070190
Qd2h 0.723227 740771 33219.5 1070190
Qc2h 0.723224 740771 33216.5 1070190
Qd3c 0.723212 740730 33244 1070190
Qc3d 0.723209 740730 33241.5 1070190
Qd5s 0.723188 740864 33084.5 1070190
Qc5s 0.723185 740864 33081.5 1070190
Qd2c 0.723144 740658 33244 1070190
Qc2d 0.723142 740658 33241.5 1070190
Qs4h 0.722845 740487 33094 1070190
Qs3h 0.722777 740415 33094 1070190
Qs4d 0.722762 740374 33119 1070190
Qs4c 0.722762 740374 33118.5 1070190
Jh8h 0.722755 739970 33515.5 1070190
Qs2h 0.72271 740343 33094 1070190
Qs3d 0.722695 740302 33119 1070190
Qs3c 0.722695 740302 33118.5 1070190
Qs5s 0.722669 740433 32960 1070190
Qs2d 0.722628 740230 33119 1070190
Qs2c 0.722627 740230 33118.5 1070190
Qd4s 0.722525 740027 33211.5 1070190
Qc4s 0.722522 740027 33208.5 1070190
Qd3s 0.722457 739955 33211.5 1070190
Qc3s 0.722454 739955 33208.5 1070190
Qd2s 0.72239 739883 33211.5 1070190
Qc2s 0.722387 739883 33208.5 1070190
Qs4s 0.722007 739599 33086 1070190
Qs3s 0.72194 739527 33086 1070190
Qs2s 0.721873 739455 33086 1070190
Jc8c 0.72156 738694 33512.5 1070190
AdJh 0.717615 756822 11162.5 1070190
AdJc 0.717614 756821 11162.5 1070190
AhJc 0.717587 756770 11184 1070190
AcJh 0.717555 756736 11184 1070190
AdJs 0.716903 756086 11136.5 1070190
AhJs 0.716876 756035 11158 1070190
AcJs 0.716843 756000 11158 1070190
AsJh 0.716818 755977 11154 1070190
AsJc 0.716817 755976 11154 1070190
AsJs 0.716106 755241 11128 1070190
Kc9d 0.713213 744092 19181.5 1070190
Kc9h 0.713213 744092 19181.5 1070190
Kd9h 0.713202 744066 19196 1070190
Kh9d 0.713202 744066 19196 1070190
Ks9d 0.712557 743452 19119.5 1070190
Ks9h 0.712557 743452 19119.5 1070190
Kc9s 0.712493 743356 19147 1070190
Kd9s 0.712482 743330 19161.5 1070190
Kh9s 0.712482 743330 19161.5 1070190
Ks9s 0.711837 742716 19085 1070190
Jh8d 0.709119 723907 34985.5 1070190
Jc8d 0.709118 723908 34982.5 1070190
Jc8h 0.709098 723866 35003.5 1070190
Jh8c 0.709075 723838 35006.5 1070190
Js8d 0.708526 723367 34890.5 1070190
Js8h 0.708506 723325 34911.5 1070190
Js8c 0.708481 723298 34911.5 1070190
Jh8s 0.708447 723245 34927.5 1070190
Jc8s 0.708445 723246 34924.5 1070190
Js8s 0.707853 722705 34832.5 1070190
Jh7h 0.680435 697902 30293 1070190
Jc7c 0.67913 696518 30280 1070190
Jh6h 0.679035 695689 31007 1070190
Jh5h 0.6783 694546 31364 1070190
Jc6c 0.677711 694286 30994 1070190
Jh4h 0.677708 693793 31483 1070190
Jh3h 0.67764 693721 31483 1070190
Jh2h 0.677573 693649 31483 1070190
Jc5c 0.676971 693137 31351 1070190
Jc4c 0.676373 692378 31470 1070190
Jc3c 0.676306 692306 31470 1070190
Jc2c 0.676239 692234 31470 1070190
Ah9h 0.663701 698962 11324.5 1070190
Ad9d 0.663701 698962 11324.5 1070190
Jh7d 0.66368 678364 31900 1070190
Jc7d 0.663678 678365 31897 1070190
Jc7h 0.663653 678313 31922 1070190
Jh7c 0.663624 678279 31924.5 1070190
Js7d 0.663144 677906 31784.5 1070190
Js7h 0.663119 677854 31809.5 1070190
Js7c 0.663088 677821 31809 1070190
9d8d 0.663027 674107 35458 1070190
9h8h 0.663009 674088 35458 1070190
Jh7s 0.662906 677543 31892 1070190
Jc7s 0.662904 677544 31889 1070190
Js7s 0.66237 677085 31776.5 1070190
Jh6d 0.66219 676007 32662 1070190
Jc6d 0.662187 676007 32659 1070190
Jc6h 0.662162 675955 32684 1070190
Jh6c 0.662132 675921 32686.5 1070190
Js6d 0.661665 675567 32540.5 1070190
Js6h 0.66164 675515 32565.5 1070190
Js6c 0.661608 675481 32565 1070190
Jh6s 0.661415 675186 32654 1070190
Jc6s 0.661412 675186 32651 1070190
Jh5d 0.661411 674792 33043 1070190
Jc5d 0.661408 674792 33040 1070190
Jc5h 0.661383 674740 33065 1070190
Jh5c 0.661353 674706 33067.5 1070190
Js5d 0.660892 674361 32918.5 1070190
Js6s 0.660891 674746 32532.5 1070190
Js5h 0.660866 674309 32943.5 1070190
Js5c 0.660834 674275 32943 1070190
Jh4d 0.660753 673961 33170 1070190
Jc4d 0.66075 673961 33167 1070190
Jc4h 0.660725 673909 33192 1070190
Jh4c 0.660695 673875 33194.5 1070190
Jh3d 0.660685 673889 33170 1070190
Jc3d 0.660683 673889 33167 1070190
Jc3h 0.660657 673837 33192 1070190
Jh5s 0.660636 673971 33035 1070190
Jc5s 0.660633 673971 33032 1070190
Jh3c 0.660628 673803 33194.5 1070190
Jh2d 0.660618 673817 33170 1070190
Jc2d 0.660615 673817 33167 1070190
Jc2h 0.66059 673765 33192 1070190
Jh2c 0.660561 673731 33194.5 1070190
Js4d 0.660236 673533 33044.5 1070190
Js4h 0.66021 673481 33069.5 1070190
Js4c 0.660178 673447 33069 1070190
Js3d 0.660168 673461 33044.5 1070190
Js3h 0.660143 673409 33069.5 1070190
Js5s 0.660117 673540 32910.5 1070190
Js3c 0.660111 673375 33069 1070190
Js2d 0.660101 673389 33044.5 1070190
Js2h 0.660076 673337 33069.5 1070190
Js2c 0.660044 673303 33069 1070190
Jh4s 0.659973 673134 33162 1070190
Jc4s 0.65997 673134 33159 1070190
Jh3s 0.659905 673062 33162 1070190
Jc3s 0.659902 673062 33159 1070190
Jh2s 0.659838 672990 33162 1070190
Jc2s 0.659835 672990 33159 1070190
Js4s 0.659455 672706 33036.5 1070190
Js3s 0.659388 672634 33036.5 1070190
Js2s 0.659321 672562 33036.5 1070190
9d8h 0.647383 655850 36973 1070190
9h8d 0.647383 655850 36973 1070190
9d8c 0.647383 655868 36955 1070190
9h8c 0.647382 655867 36955 1070190
9s8d 0.646787 655310 36875 1070190
9s8h 0.646786 655309 36875 1070190
9s8c 0.646786 655327 36857 1070190
9d8s 0.646756 655258 36894 1070190
9h8s 0.646755 655257 36894 1070190
9s8s 0.646159 654717 36796 1070190
Ac9h 0.645966 679383 11923 1070190
Ac9d 0.645966 679383 11923 1070190
Ah9d 0.64595 679349 11940 1070190
Ad9h 0.64595 679349 11940 1070190
Ac9s 0.645255 678648 11897 1070190
Ah9s 0.645239 678614 11914 1070190
Ad9s 0.645239 678614 11914 1070190
As9d 0.645213 678590 11910 1070190
As9h 0.645213 678590 11910 1070190
As9s 0.644501 677855 11884 1070190
AhTh 0.64168 662392 24327 1070190
AdTd 0.64168 662392 24327 1070190
AcTc 0.641317 661811 24520.5 1070190
AcTd 0.625486 644142 25247 1070190
AcTh 0.625486 644142 25247 1070190
AhTd 0.625476 644113 25265 1070190
AdTh 0.625476 644113 25265 1070190
AhTc 0.625436 644070 25265 1070190
AdTc 0.625436 644070 25265 1070190
AcTs 0.624949 643649 25165.5 1070190
AhTs 0.624939 643620 25183.5 1070190
AdTs 0.624939 643620 25183.5 1070190
AsTh 0.624733 643379 25203.5 1070190
AsTd 0.624733 643379 25203.5 1070190
AsTc 0.624692 643336 25203.5 1070190
AsTs 0.624196 642886 25122 1070190
9d7d 0.607242 617806 32058 1070190
9h7h 0.607224 617787 32058 1070190
AhKh 0.606672 642308 6946 1070190
AdKd 0.606666 642302 6946 1070190
AcKc 0.60652 642150 6941.5 1070190
9h6h 0.605823 615574 32772 1070190
9d6d 0.605823 615574 32772 1070190
9h5h 0.605089 614431 33129 1070190
9d5d 0.605089 614431 33129 1070190
9h4h 0.604496 613678 33248 1070190
9d4d 0.604496 613678 33248 1070190
9h3h 0.604429 613606 33248 1070190
9d3d 0.604429 613606 33248 1070190
9h2h 0.604362 613534 33248 1070190
9d2d 0.604362 613534 33248 1070190
9d7c 0.587751 595317 33688 1070190
9h7c 0.58775 595316 33688 1070190
9h7d 0.587748 595292 33710 1070190
9d7h 0.587748 595292 33710 1070190
9s7c 0.587212 594858 33570 1070190
9s7d 0.58721 594834 33592 1070190
9s7h 0.587209 594833 33592 1070190
9d7s 0.58703 594557 33677 1070190
9h7s 0.587029 594556 33677 1070190
AdKh 0.586518 620458 7228 1070190
AdKc 0.586518 620458 7228 1070190
AhKc 0.586518 620458 7228 1070190
AcKd 0.586518 620458 7228 1070190
AcKh 0.586518 620458 7228 1070190
AhKd 0.586518 620458 7228 1070190
9s7s 0.586491 594098 33559 1070190
9h6c 0.586259 592959 34450 1070190
9d6c 0.586259 592959 34450 1070190
9h6d 0.586257 592934 34472 1070190
9d6h 0.586257 592934 34472 1070190
AcKs 0.585808 619729 7196.5 1070190
AdKs 0.585808 619729 7196.5 1070190
AhKs 0.585808 619729 7196.5 1070190
AsKh 0.585733 619653 7192.5 1070190
AsKd 0.585733 619653 7192.5 1070190
AsKc 0.585733 619653 7192.5 1070190
9s6c 0.585732 592519 34326 1070190
9s6h 0.58573 592494 34348 1070190
9s6d 0.58573 592494 34348 1070190
9h6s 0.585539 592199 34439 1070190
9d6s 0.585539 592199 34439 1070190
9h5c 0.58548 591744 34831 1070190
9d5c 0.58548 591744 34831 1070190
9h5d 0.585477 591719 34853 1070190
9d5h 0.585477 591719 34853 1070190
8d8c 0.585064 604339 21790.5 1070190
8h8d 0.585063 604338 21790.5 1070190
8h8c 0.585063 604338 21790.5 1070190
AsKs 0.585022 618924 7161 1070190
9s6s 0.585012 591759 34315 1070190
9s5c 0.584959 591313 34704 1070190
9s5h 0.584956 591288 34726 1070190
9s5d 0.584956 591288 34726 1070190
9d4c 0.584822 590913 34958 1070190
9h4c 0.584822 590913 34958 1070190
9d4h 0.58482 590888 34980 1070190
9h4d 0.58482 590888 34980 1070190
9h5s 0.58476 590984 34820 1070190
9d5s 0.58476 590984 34820 1070190
9h3c 0.584755 590841 34958 1070190
9d3c 0.584755 590841 34958 1070190
9h3d 0.584752 590816 34980 1070190
9d3h 0.584752 590816 34980 1070190
9d2c 0.584688 590769 34958 1070190
9h2c 0.584688 590769 34958 1070190
9d2h 0.584685 590744 34980 1070190
9h2d 0.584685 590744 34980 1070190
8s8d 0.584479 603774 21729.5 1070190
8s8c 0.584479 603774 21729.5 1070190
8s8h 0.584478 603773 21729.5 1070190
9s4c 0.584303 590485 34830 1070190
9s4h 0.5843 590460 34852 1070190
9s4d 0.5843 590460 34852 1070190
9s5s 0.584238 590553 34693 1070190
9s3c 0.584236 590413 34830 1070190
9s3h 0.584233 590388 34852 1070190
9s3d 0.584233 590388 34852 1070190
9s2c 0.584168 590341 34830 1070190
9s2d 0.584165 590316 34852 1070190
9s2h 0.584165 590316 34852 1070190
9h4s 0.584096 590147 34947 1070190
9d4s 0.584096 590147 34947 1070190
9h3s 0.584029 590075 34947 1070190
9d3s 0.584029 590075 34947 1070190
9d2s 0.583962 590003 34947 1070190
9h2s 0.583962 590003 34947 1070190
9s4s 0.583577 589719 34819 1070190
9s3s 0.583509 589647 34819 1070190
9s2s 0.583442 589575 34819 1070190
Ad8d 0.521472 524392 33682 1070190
Ah8h 0.521472 524392 33682 1070190
Ac8c 0.521395 524281 33710.5 1070190
Td7d 0.50918 498108 46811 1070190
Th7h 0.509137 498062 46811 1070190
Tc7c 0.508632 497217 47115.5 1070190
Th6h 0.50561 493220 47879 1070190
Td6d 0.50561 493220 47879 1070190
Tc6c 0.505062 492329 48183.5 1070190
Th5h 0.503082 489980 48413 1070190
Td5d 0.503082 489980 48413 1070190
Tc5c 0.502513 489067 48717.5 1070190
Th4h 0.501073 487652 48591 1070190
Td4d 0.501073 487652 48591 1070190
Tc4c 0.500499 486733 48895.5 1070190
Th3h 0.499542 486014 48591 1070190
Td3d 0.499542 486014 48591 1070190
Tc3c 0.498968 485095 48895.5 1070190
Ah8d 0.498555 498446 35103 1070190
Ad8h 0.498555 498446 35103 1070190
Ad8c 0.498555 498446 35103 1070190
Ah8c 0.498555 498446 35103 1070190
Ac8d 0.498553 498446 35100 1070190
Ac8h 0.498553 498446 35100 1070190
Ah8s 0.498012 497937 35030.5 1070190
Ad8s 0.498012 497937 35030.5 1070190
Th2h 0.498012 484376 48591 1070190
Td2d 0.498012 484376 48591 1070190
Ac8s 0.498009 497937 35027.5 1070190
As8c 0.4979 497837 35010.5 1070190
As8d 0.4979 497837 35010.5 1070190
As8h 0.4979 497837 35010.5 1070190
Tc2c 0.497437 483457 48895.5 1070190
As8s 0.497357 497328 34938 1070190
Kd8d 0.496647 498912 32595 1070190
Kh8h 0.496647 498912 32595 1070190
Kc8c 0.496551 498813 32590.5 1070190
7d7c 0.49432 510023 18993 1070190
7h7d 0.494319 510022 18993.5 1070190
7h7c 0.494319 510022 18993 1070190
7s7d 0.493653 509321 18982 1070190
7s7c 0.493653 509321 18981.5 1070190
7s7h 0.493653 509320 18982 1070190
Kh7h 0.490989 491076 34375 1070190
Kd7d 0.490989 491076 34375 1070190
Kc7c 0.490892 490977 34370.5 1070190
Th7d 0.488595 474147 48742.5 1070190
Td7h 0.488595 474147 48742.5 1070190
Th7c 0.488594 474152 48736.5 1070190
Td7c 0.488594 474152 48736.5 1070190
Tc7h 0.488555 474104 48742.5 1070190
Tc7d 0.488555 474104 48742.5 1070190
Ts7d 0.488186 473873 48578.5 1070190
Ts7h 0.488186 473873 48578.5 1070190
Ts7c 0.488185 473878 48572.5 1070190
Td7s 0.487968 473521 48698 1070190
Th7s 0.487968 473521 48698 1070190
Tc7s 0.487928 473478 48698 1070190
Ts7s 0.487559 473247 48534 1070190
Kh6h 0.487395 486162 35443 1070190
Kd6d 0.487389 486156 35443 1070190
Kc6c 0.487292 486057 35438.5 1070190
Td6h 0.484934 469089 49882.5 1070190
Th6d 0.484934 469089 49882.5 1070190
Th6c 0.484933 469094 49876.5 1070190
Td6c 0.484933 469094 49876.5 1070190
Tc6d 0.484894 469046 49882.5 1070190
Tc6h 0.484894 469046 49882.5 1070190
Kh5h 0.484799 482850 35977 1070190
Kd5d 0.484793 482844 35977 1070190
Kc5c 0.484691 482739 35972.5 1070190
Ts6h 0.484536 468833 49712.5 1070190
Ts6d 0.484536 468833 49712.5 1070190
Ts6c 0.484535 468838 49706.5 1070190
Td6s 0.484307 468463 49838 1070190
Th6s 0.484307 468463 49838 1070190
Tc6s 0.484267 468420 49838 1070190
Ts6s 0.483909 468207 49668 1070190
Kh4h 0.482566 480282 36155 1070190
Kd4d 0.48256 480276 36155 1070190
Kc4c 0.482452 480165 36150.5 1070190
Th5d 0.482338 465741 50452.5 1070190
Td5h 0.482338 465741 50452.5 1070190
Th5c 0.482337 465746 50446.5 1070190
Td5c 0.482337 465746 50446.5 1070190
Tc5d 0.482298 465698 50452.5 1070190
Tc5h 0.482298 465698 50452.5 1070190
Ts5h 0.481946 465494 50279.5 1070190
Ts5d 0.481946 465494 50279.5 1070190
Ts5c 0.481945 465499 50273.5 1070190
Th5s 0.481712 465115 50408 1070190
Td5s 0.481712 465115 50408 1070190
Tc5s 0.481671 465072 50408 1070190
Ts5s 0.481319 464868 50235 1070190
Kh3h 0.480968 478572 36155 1070190
Kd3d 0.480962 478566 36155 1070190
Kc3c 0.480854 478455 36150.5 1070190
Th4d 0.480276 463344 50642.5 1070190
Td4h 0.480276 463344 50642.5 1070190
Th4c 0.480275 463349 50636.5 1070190
Td4c 0.480275 463349 50636.5 1070190
Tc4h 0.480236 463301 50642.5 1070190
Tc4d 0.480236 463301 50642.5 1070190
Ts4d 0.479885 463100 50468.5 1070190
Ts4h 0.479885 463100 50468.5 1070190
Ts4c 0.479884 463105 50462.5 1070190
Th4s 0.479647 462715 50598 1070190
Td4s 0.479647 462715 50598 1070190
Tc4s 0.479606 462672 50598 1070190
Kh2h 0.47937 476862 36155 1070190
Kd2d 0.479364 476856 36155 1070190
Kc2c 0.479256 476745 36150.5 1070190
Ts4s 0.479256 462471 50424 1070190
Th3d 0.478745 461706 50642.5 1070190
Td3h 0.478745 461706 50642.5 1070190
Td3c 0.478744 461711 50636.5 1070190
Th3c 0.478744 461711 50636.5 1070190
Tc3d 0.478705 461663 50642.5 1070190
Tc3h 0.478705 461663 50642.5 1070190
Ts3d 0.478355 461462 50468.5 1070190
Ts3h 0.478355 461462 50468.5 1070190
Ts3c 0.478354 461467 50462.5 1070190
Th3s 0.478116 461077 50598 1070190
Td3s 0.478116 461077 50598 1070190
Tc3s 0.478076 461034 50598 1070190
Ts3s 0.477725 460833 50424 1070190
Th2d 0.477215 460068 50642.5 1070190
Td2h 0.477215 460068 50642.5 1070190
Td2c 0.477214 460073 50636.5 1070190
Th2c 0.477214 460073 50636.5 1070190
Tc2h 0.477175 460025 50642.5 1070190
Tc2d 0.477175 460025 50642.5 1070190
Ts2h 0.476824 459824 50468.5 1070190
Ts2d 0.476824 459824 50468.5 1070190
Ts2c 0.476823 459829 50462.5 1070190
Th2s 0.476585 459439 50598 1070190
Td2s 0.476585 459439 50598 1070190
6h6d 0.476553 491009 18993.5 1070190
6d6c 0.476553 491009 18993 1070190
6h6c 0.476553 491009 18993 1070190
Tc2s 0.476545 459396 50598 1070190
Ts2s 0.476195 459195 50424 1070190
6s6h 0.475887 490308 18982 1070190
6s6d 0.475887 490308 18982 1070190
6s6c 0.475887 490308 18981.5 1070190
Kc8h 0.473553 472824 33968 1070190
Kd8h 0.473553 472824 33968 1070190
Kc8d 0.473553 472824 33968 1070190
Kh8d 0.473553 472824 33968 1070190
Kh8c 0.473553 472824 33968 1070190
Kd8c 0.473553 472824 33968 1070190
Ks8h 0.472993 472355 33837.5 1070190
Ks8c 0.472993 472355 33837.5 1070190
Ks8d 0.472993 472355 33837.5 1070190
Kc8s 0.472982 472243 33937.5 1070190
Kd8s 0.472982 472243 33937.5 1070190
Kh8s 0.472982 472243 33937.5 1070190
Ks8s 0.472422 471774 33807 1070190
Kh7d 0.467107 464025 35868 1070190
Kh7c 0.467107 464025 35868 1070190
Kc7d 0.467107 464025 35868 1070190
Kc7h 0.467107 464025 35868 1070190
Kd7h 0.467107 464025 35868 1070190
Kd7c 0.467107 464025 35868 1070190
Ks7c 0.466565 463586 35727.5 1070190
Ks7d 0.466565 463586 35727.5 1070190
Ks7h 0.466565 463586 35727.5 1070190
Kd7s 0.46647 463374 35837.5 1070190
Kc7s 0.46647 463374 35837.5 1070190
Kh7s 0.46647 463374 35837.5 1070190
Ks7s 0.465928 462935 35697 1070190
Kc6d 0.463378 458895 37008 1070190
Kc6h 0.463378 458895 37008 1070190
Kh6d 0.463378 458895 37008 1070190
Kh6c 0.463378 458895 37008 1070190
Kd6c 0.463378 458895 37008 1070190
Kd6h 0.463378 458895 37008 1070190
Ks6d 0.462848 458474 36861.5 1070190
Ks6h 0.462848 458474 36861.5 1070190
Ks6c 0.462848 458474 36861.5 1070190
Kh6s 0.462742 458244 36977.5 1070190
Kc6s 0.462742 458244 36977.5 1070190
Kd6s 0.462742 458244 36977.5 1070190
Ks6s 0.462211 457823 36831 1070190
Kh5c 0.460715 455475 37578 1070190
Kc5d 0.460715 455475 37578 1070190
Kc5h 0.460715 455475 37578 1070190
Kd5c 0.460715 455475 37578 1070190
Kh5d 0.460715 455475 37578 1070190
Kd5h 0.460715 455475 37578 1070190
Ks5d 0.460191 455063 37428.5 1070190
Ks5c 0.460191 455063 37428.5 1070190
Ks5h 0.460191 455063 37428.5 1070190
Kc5s 0.460079 454824 37547.5 1070190
Kh5s 0.460079 454824 37547.5 1070190
Kd5s 0.460079 454824 37547.5 1070190
Ks5s 0.459554 454412 37398 1070190
5h5d 0.458786 471995 18993.5 1070190
5h5c 0.458786 471995 18993 1070190
5d5c 0.458786 471995 18993 1070190
Kd4c 0.458409 452817 37768 1070190
Kh4d 0.458409 452817 37768 1070190
Kh4c 0.458409 452817 37768 1070190
Kc4d 0.458409 452817 37768 1070190
Kc4h 0.458409 452817 37768 1070190
Kd4h 0.458409 452817 37768 1070190
5s5d 0.458121 471294 18982 1070190
5s5h 0.458121 471294 18982 1070190
5s5c 0.45812 471294 18981.5 1070190
Ks4c 0.457886 452408 37617.5 1070190
Ks4h 0.457886 452408 37617.5 1070190
Ks4d 0.457886 452408 37617.5 1070190
Kh4s 0.457767 452160 37737.5 1070190
Kd4s 0.457767 452160 37737.5 1070190
Kc4s 0.457767 452160 37737.5 1070190
Ks4s 0.457244 451751 37587 1070190
Kc3d 0.456811 451107 37768 1070190
Kc3h 0.456811 451107 37768 1070190
Kd3h 0.456811 451107 37768 1070190
Kd3c 0.456811 451107 37768 1070190
Kh3d 0.456811 451107 37768 1070190
Kh3c 0.456811 451107 37768 1070190
Ks3c 0.456289 450698 37617.5 1070190
Ks3h 0.456289 450698 37617.5 1070190
Ks3d 0.456289 450698 37617.5 1070190
Kc3s 0.456169 450450 37737.5 1070190
Kh3s 0.456169 450450 37737.5 1070190
Kd3s 0.456169 450450 37737.5 1070190
Ks3s 0.455646 450041 37587 1070190
Kh2d 0.455214 449397 37768 1070190
Kh2c 0.455214 449397 37768 1070190
Kc2d 0.455214 449397 37768 1070190
Kc2h 0.455214 449397 37768 1070190
Kd2c 0.455214 449397 37768 1070190
Kd2h 0.455214 449397 37768 1070190
Ks2d 0.454691 448988 37617.5 1070190
Ks2c 0.454691 448988 37617.5 1070190
Ks2h 0.454691 448988 37617.5 1070190
Kd2s 0.454571 448740 37737.5 1070190
Kc2s 0.454571 448740 37737.5 1070190
Kh2s 0.454571 448740 37737.5 1070190
Ks2s 0.454048 448331 37587 1070190
Ad7d 0.447775 447056 32148 1070190
Ah7h 0.447775 447056 32148 1070190
Ac7c 0.447692 446945 32171 1070190
Ah6h 0.444114 442070 33216 1070190
Ad6d 0.444108 442064 33216 1070190
Ac6c 0.444026 441953 33239 1070190
Ah5h 0.441451 438686 33750 1070190
Ad5d 0.441445 438680 33750 1070190
Ac5c 0.441357 438563 33773 1070190
4h4d 0.440313 452225 18993.5 1070190
4d4c 0.440312 452225 18993 1070190
4h4c 0.440312 452225 18993 1070190
4s4d 0.439642 451518 18982 1070190
4s4h 0.439642 451518 18982 1070190
4s4c 0.439641 451518 18981.5 1070190
Ah4h 0.43915 436046 33928 1070190
Ad4d 0.439144 436040 33928 1070190
Ac4c 0.439051 435917 33951 1070190
Ah3h 0.437485 434264 33928 1070190
Ad3d 0.437479 434258 33928 1070190
Ac3c 0.437386 434135 33951 1070190
Ah2h 0.43582 432482 33928 1070190
Ad2d 0.435814 432476 33928 1070190
Ac2c 0.435721 432353 33951 1070190
3h3d 0.422546 433211 18993.5 1070190
3h3c 0.422546 433211 18993 1070190
3d3c 0.422546 433211 18993 1070190
3s3d 0.421875 432504 18982 1070190
3s3h 0.421875 432504 18982 1070190
3s3c 0.421874 432504 18981.5 1070190
Ad7h 0.420303 415986 33818 1070190
Ad7c 0.420303 415986 33818 1070190
Ah7c 0.420303 415986 33818 1070190
Ah7d 0.420303 415986 33818 1070190
Ac7h 0.420301 415986 33815.5 1070190
Ac7d 0.420301 415986 33815.5 1070190
As7h 0.419699 415452 33705.5 1070190
As7d 0.419699 415452 33705.5 1070190
As7c 0.419699 415452 33705.5 1070190
Ad7s 0.419687 415353 33792 1070190
Ah7s 0.419687 415353 33792 1070190
Ac7s 0.419685 415353 33789.5 1070190
As7s 0.419083 414819 33679.5 1070190
Ah6d 0.416507 410784 34958 1070190
Ad6c 0.416507 410784 34958 1070190
Ad6h 0.416507 410784 34958 1070190
Ah6c 0.416507 410784 34958 1070190
Ac6d 0.416505 410784 34955.5 1070190
Ac6h 0.416505 410784 34955.5 1070190
As6d 0.415914 410268 34839.5 1070190
As6c 0.415914 410268 34839.5 1070190
As6h 0.415914 410268 34839.5 1070190
Ad6s 0.415892 410151 34932 1070190
Ah6s 0.415892 410151 34932 1070190
Ac6s 0.415889 410151 34929.5 1070190
As6s 0.415299 409635 34813.5 1070190
Ad5h 0.413777 407292 35528 1070190
Ad5c 0.413777 407292 35528 1070190
Ah5d 0.413777 407292 35528 1070190
Ah5c 0.413777 407292 35528 1070190
Ac5h 0.413775 407292 35525.5 1070190
Ac5d 0.413775 407292 35525.5 1070190
As5h 0.41319 406785 35406.5 1070190
As5c 0.41319 406785 35406.5 1070190
As5d 0.41319 406785 35406.5 1070190
Ah5s 0.413161 406659 35502 1070190
Ad5s 0.413161 406659 35502 1070190
Ac5s 0.413159 406659 35499.5 1070190
As5s 0.412574 406152 35380.5 1070190
Ah4d 0.411404 404562 35718 1070190
Ah4c 0.411404 404562 35718 1070190
Ad4c 0.411404 404562 35718 1070190
Ad4h 0.411404 404562 35718 1070190
Ac4h 0.411401 404562 35715.5 1070190
Ac4d 0.411401 404562 35715.5 1070190
As4h 0.410818 404058 35595.5 1070190
As4d 0.410818 404058 35595.5 1070190
As4c 0.410818 404058 35595.5 1070190
Ah4s 0.410782 403923 35692 1070190
Ad4s 0.410782 403923 35692 1070190
Ac4s 0.41078 403923 35689.5 1070190
As4s 0.410197 403419 35569.5 1070190
Ad3c 0.409738 402780 35718 1070190
Ah3c 0.409738 402780 35718 1070190
Ad3h 0.409738 402780 35718 1070190
Ah3d 0.409738 402780 35718 1070190
Ac3d 0.409736 402780 35715.5 1070190
Ac3h 0.409736 402780 35715.5 1070190
As3d 0.409153 402276 35595.5 1070190
As3c 0.409153 402276 35595.5 1070190
As3h 0.409153 402276 35595.5 1070190
Ad3s 0.409117 402141 35692 1070190
Ah3s 0.409117 402141 35692 1070190
Ac3s 0.409115 402141 35689.5 1070190
As3s 0.408532 401637 35569.5 1070190
Ad2h 0.408073 400998 35718 1070190
Ad2c 0.408073 400998 35718 1070190
Ah2c 0.408073 400998 35718 1070190
Ah2d 0.408073 400998 35718 1070190
Ac2d 0.408071 400998 35715.5 1070190
Ac2h 0.408071 400998 35715.5 1070190
As2c 0.407488 400494 35595.5 1070190
As2d 0.407488 400494 35595.5 1070190
As2h 0.407488 400494 35595.5 1070190
Ah2s 0.407452 400359 35692 1070190
Ad2s 0.407452 400359 35692 1070190
Ac2s 0.40745 400359 35689.5 1070190
As2s 0.406867 399855 35569.5 1070190
2h2d 0.404779 414197 18993.5 1070190
2h2c 0.404779 414197 18993 1070190
2d2c 0.404779 414197 18993 1070190
2s2h 0.404108 413490 18982 1070190
2s2d 0.404108 413490 18982 1070190
2s2c 0.404107 413490 18981.5 1070190
8c7c 0.359869 327375 57753 1070190
8d7d 0.359781 327328 57706 1070190
8h7h 0.359739 327283 57706 1070190
8c6c 0.356482 322950 58554 1070190
8d6d 0.356395 322903 58507 1070190
8h6h 0.356395 322903 58507 1070190
8c5c 0.353866 319616 59088 1070190
8h5h 0.353799 319591 59041 1070190
8d5d 0.353799 319591 59041 1070190
8c4c 0.340013 304524 59355 1070190
8d4d 0.33997 304524 59308 1070190
8h4h 0.33997 304524 59308 1070190
8c3c 0.338416 302814 59355 1070190
8d3d 0.338372 302814 59308 1070190
8h3h 0.338372 302814 59308 1070190
8c2c 0.336818 301104 59355 1070190
8d2d 0.336774 301104 59308 1070190
8h2h 0.336774 301104 59308 1070190
8d7h 0.331507 294615 60161 1070190
8c7h 0.331507 294615 60161 1070190
8c7d 0.331507 294615 60161 1070190
8h7d 0.331507 294615 60161 1070190
8d7c 0.331507 294615 60160 1070190
8h7c 0.331507 294615 60160 1070190
8s7d 0.331083 294292 60030 1070190
8s7h 0.331083 294292 60030 1070190
8s7c 0.331082 294292 60029 1070190
8h7s 0.330966 294085 60111 1070190
8c7s 0.330966 294085 60111 1070190
8d7s 0.330966 294085 60111 1070190
8s7s 0.330541 293762 59980 1070190
8c6d 0.328045 290055 61016 1070190
8c6h 0.328045 290055 61016 1070190
8h6d 0.328045 290055 61016 1070190
8d6h 0.328045 290055 61016 1070190
8h6c 0.328045 290055 61015 1070190
8d6c 0.328045 290055 61015 1070190
8s6d 0.327631 289747 60880.5 1070190
8s6h 0.327631 289747 60880.5 1070190
8s6c 0.32763 289747 60879.5 1070190
8c6s 0.327504 289525 60966 1070190
8h6s 0.327504 289525 60966 1070190
8d6s 0.327504 289525 60966 1070190
8s6s 0.327089 289217 60830.5 1070190
8d5h 0.325382 286635 61586 1070190
8c5h 0.325382 286635 61586 1070190
8c5d 0.325382 286635 61586 1070190
8h5d 0.325382 286635 61586 1070190
8h5c 0.325381 286635 61585 1070190
8d5c 0.325381 286635 61585 1070190
8s5d 0.324974 286336 61447.5 1070190
8s5h 0.324974 286336 61447.5 1070190
8s5c 0.324973 286336 61446.5 1070190
8h5s 0.32484 286105 61536 1070190
8d5s 0.32484 286105 61536 1070190
8c5s 0.32484 286105 61536 1070190
8s5s 0.324432 285806 61397.5 1070190
8c4d 0.310751 270692 61871 1070190
8d4h 0.310751 270692 61871 1070190
8h4d 0.310751 270692 61871 1070190
8c4h 0.310751 270692 61871 1070190
8h4c 0.31075 270692 61870 1070190
8d4c 0.31075 270692 61870 1070190
8s4h 0.310349 270401 61731 1070190
8s4d 0.310349 270401 61731 1070190
8s4c 0.310348 270401 61730 1070190
8d4s 0.310209 270162 61821 1070190
8h4s 0.310209 270162 61821 1070190
8c4s 0.310209 270162 61821 1070190
8s4s 0.309807 269871 61681 1070190
8c3d 0.309154 268982 61871 1070190
8d3h 0.309154 268982 61871 1070190
8h3d 0.309154 268982 61871 1070190
8c3h 0.309154 268982 61871 1070190
8h3c 0.309153 268982 61870 1070190
8d3c 0.309153 268982 61870 1070190
8s3h 0.308751 268691 61731 1070190
8s3d 0.308751 268691 61731 1070190
8s3c 0.30875 268691 61730 1070190
8h3s 0.308612 268452 61821 1070190
8c3s 0.308612 268452 61821 1070190
8d3s 0.308612 268452 61821 1070190
8s3s 0.308209 268161 61681 1070190
8h2d 0.307556 267272 61871 1070190
8c2h 0.307556 267272 61871 1070190
8c2d 0.307556 267272 61871 1070190
8d2h 0.307556 267272 61871 1070190
8d2c 0.307555 267272 61870 1070190
8h2c 0.307555 267272 61870 1070190
8s2h 0.307153 266981 61731 1070190
8s2d 0.307153 266981 61731 1070190
8s2c 0.307152 266981 61730 1070190
8c2s 0.307014 266742 61821 1070190
8h2s 0.307014 266742 61821 1070190
8d2s 0.307014 266742 61821 1070190
8s2s 0.306611 266451 61681 1070190
7c6c 0.255391 211351 61965.5 1070190
7d6d 0.255307 211305 61922.5 1070190
7h6h 0.255307 211305 61922.5 1070190
7c5c 0.252708 207946 62499.5 1070190
7d5d 0.252644 207921 62456.5 1070190
7h5h 0.252644 207921 62456.5 1070190
7c4c 0.240765 194898 62766.5 1070190
7d4d 0.240725 194898 62723.5 1070190
7h4h 0.240725 194898 62723.5 1070190
7c3c 0.2391 193116 62766.5 1070190
7h3h 0.23906 193116 62723.5 1070190
7d3d 0.23906 193116 62723.5 1070190
7c2c 0.237435 191334 62766.5 1070190
7h2h 0.237395 191334 62723.5 1070190
7d2d 0.237395 191334 62723.5 1070190
6c5c 0.233667 185955 64113.5 1070190
6h5h 0.233605 185931 64070.5 1070190
6d5d 0.233605 185931 64070.5 1070190
6c4c 0.221226 171660 65093.5 1070190
6h4h 0.221185 171660 65050.5 1070190
6d4d 0.221185 171660 65050.5 1070190
7h6d 0.22107 171672 64914.5 1070190
7d6h 0.22107 171672 64914.5 1070190
7h6c 0.221069 171672 64913.5 1070190
7c6d 0.221069 171672 64913.5 1070190
7c6h 0.221069 171672 64913.5 1070190
7d6c 0.221069 171672 64913.5 1070190
7s6h 0.220628 171293 64820.5 1070190
7s6d 0.220628 171293 64820.5 1070190
7s6c 0.220627 171293 64819.5 1070190
7d6s 0.220595 171224 64855 1070190
7h6s 0.220595 171224 64855 1070190
7c6s 0.220594 171224 64854 1070190
7s6s 0.220153 170845 64761 1070190
6c3c 0.219561 169878 65093.5 1070190
6h3h 0.21952 169878 65050.5 1070190
6d3d 0.21952 169878 65050.5 1070190
7d5h 0.218339 168180 65484.5 1070190
7h5d 0.218339 168180 65484.5 1070190
7d5c 0.218338 168180 65483.5 1070190
7c5h 0.218338 168180 65483.5 1070190
7c5d 0.218338 168180 65483.5 1070190
7h5c 0.218338 168180 65483.5 1070190
7s5d 0.217903 167810 65387.5 1070190
7s5h 0.217903 167810 65387.5 1070190
7s5c 0.217902 167810 65386.5 1070190
6c2c 0.217895 168096 65093.5 1070190
7h5s 0.217865 167732 65425 1070190
7d5s 0.217865 167732 65425 1070190
7c5s 0.217864 167732 65424 1070190
6d2d 0.217855 168096 65050.5 1070190
6h2h 0.217855 168096 65050.5 1070190
7s5s 0.217429 167362 65328 1070190
5c4c 0.210464 159278 65958.5 1070190
5d4d 0.210424 159278 65915.5 1070190
5h4h 0.210424 159278 65915.5 1070190
5c3c 0.208799 157496 65958.5 1070190
5h3h 0.208759 157496 65915.5 1070190
5d3d 0.208759 157496 65915.5 1070190
5c2c 0.207134 155714 65958.5 1070190
5h2h 0.207094 155714 65915.5 1070190
5d2d 0.207094 155714 65915.5 1070190
7d4h 0.205745 154417 65769.5 1070190
7h4d 0.205745 154417 65769.5 1070190
7d4c 0.205744 154417 65768.5 1070190
7c4h 0.205744 154417 65768.5 1070190
7c4d 0.205744 154417 65768.5 1070190
7h4c 0.205744 154417 65768.5 1070190
7s4d 0.205315 154055 65671 1070190
7s4h 0.205315 154055 65671 1070190
7s4c 0.205314 154055 65670 1070190
7h4s 0.20527 153968 65710 1070190
7d4s 0.20527 153968 65710 1070190
7c4s 0.205269 153968 65709 1070190
4c3c 0.204861 153312 65928.5 1070190
7s4s 0.20484 153606 65611.5 1070190
4d3d 0.204821 153312 65885.5 1070190
4h3h 0.204821 153312 65885.5 1070190
7h3d 0.20408 152635 65769.5 1070190
7d3h 0.20408 152635 65769.5 1070190
7c3d 0.204079 152635 65768.5 1070190
7h3c 0.204079 152635 65768.5 1070190
7c3h 0.204079 152635 65768.5 1070190
7d3c 0.204079 152635 65768.5 1070190
7s3d 0.20365 152273 65671 1070190
7s3h 0.20365 152273 65671 1070190
7s3c 0.203649 152273 65670 1070190
7d3s 0.203605 152186 65710 1070190
7h3s 0.203605 152186 65710 1070190
7c3s 0.203604 152186 65709 1070190
4c2c 0.203196 151530 65928.5 1070190
7s3s 0.203175 151824 65611.5 1070190
4h2h 0.203156 151530 65885.5 1070190
4d2d 0.203156 151530 65885.5 1070190
7h2d 0.202415 150853 65769.5 1070190
7d2h 0.202415 150853 65769.5 1070190
7c2d 0.202414 150853 65768.5 1070190
7c2h 0.202414 150853 65768.5 1070190
7d2c 0.202414 150853 65768.5 1070190
7h2c 0.202414 150853 65768.5 1070190
7s2h 0.201985 150491 65671 1070190
7s2d 0.201985 150491 65671 1070190
7s2c 0.201984 150491 65670 1070190
7d2s 0.20194 150404 65710 1070190
7h2s 0.20194 150404 65710 1070190
7c2s 0.201939 150404 65709 1070190
3c2c 0.201531 149748 65928.5 1070190
7s2s 0.20151 150042 65611.5 1070190
3h2h 0.201491 149748 65885.5 1070190
3d2d 0.201491 149748 65885.5 1070190
6h5d 0.198306 145032 67193 1070190
6d5h 0.198306 145032 67193 1070190
6c5d 0.198305 145032 67192 1070190
6h5c 0.198305 145032 67192 1070190
6c5h 0.198305 145032 67192 1070190
6d5c 0.198305 145032 67192 1070190
6s5d 0.197878 144662 67105 1070190
6s5h 0.197878 144662 67105 1070190
6s5c 0.197877 144662 67104 1070190
6h5s 0.197858 144620 67126 1070190
6d5s 0.197858 144620 67126 1070190
6c5s 0.197857 144620 67125 1070190
6s5s 0.19743 144250 67038 1070190
6h4d 0.18518 129940 68237.5 1070190
6d4h 0.18518 129940 68237.5 1070190
6c4d 0.185179 129940 68236.5 1070190
6c4h 0.185179 129940 68236.5 1070190
6d4c 0.185179 129940 68236.5 1070190
6h4c 0.185179 129940 68236.5 1070190
6s4h 0.184757 129578 68147.5 1070190
6s4d 0.184757 129578 68147.5 1070190
6s4c 0.184756 129578 68146.5 1070190
6d4s 0.184733 129530 68169 1070190
6h4s 0.184733 129530 68169 1070190
6c4s 0.184732 129530 68168 1070190
6s4s 0.18431 129168 68079 1070190
6d3h 0.183515 128158 68237.5 1070190
6h3d 0.183515 128158 68237.5 1070190
6c3d 0.183514 128158 68236.5 1070190
6d3c 0.183514 128158 68236.5 1070190
6c3h 0.183514 128158 68236.5 1070190
6h3c 0.183514 128158 68236.5 1070190
6s3h 0.183092 127796 68147.5 1070190
6s3d 0.183092 127796 68147.5 1070190
6s3c 0.183091 127796 68146.5 1070190
6h3s 0.183067 127748 68169 1070190
6d3s 0.183067 127748 68169 1070190
6c3s 0.183067 127748 68168 1070190
6s3s 0.182645 127386 68079 1070190
6d2h 0.181849 126376 68237.5 1070190
6h2d 0.181849 126376 68237.5 1070190
6c2h 0.181849 126376 68236.5 1070190
6c2d 0.181849 126376 68236.5 1070190
6d2c 0.181849 126376 68236.5 1070190
6h2c 0.181849 126376 68236.5 1070190
6s2h 0.181427 126014 68147.5 1070190
6s2d 0.181427 126014 68147.5 1070190
6s2c 0.181426 126014 68146.5 1070190
6h2s 0.181402 125966 68169 1070190
6d2s 0.181402 125966 68169 1070190
6c2s 0.181401 125966 68168 1070190
6s2s 0.18098 125604 68079 1070190
5h4d 0.1739 116951 69155 1070190
5d4h 0.1739 116951 69155 1070190
5c4h 0.173899 116951 69154 1070190
5c4d 0.173899 116951 69154 1070190
5d4c 0.173899 116951 69154 1070190
5h4c 0.173899 116951 69154 1070190
5s4d 0.173484 116589 69072 1070190
5s4h 0.173484 116589 69072 1070190
5s4c 0.173483 116589 69071 1070190
5d4s 0.173473 116570 69079.5 1070190
5h4s 0.173473 116570 69079.5 1070190
5c4s 0.173472 116570 69078.5 1070190
5s4s 0.173058 116208 68996.5 1070190
5h3d 0.172235 115169 69155 1070190
5d3h 0.172235 115169 69155 1070190
5c3d 0.172234 115169 69154 1070190
5h3c 0.172234 115169 69154 1070190
5c3h 0.172234 115169 69154 1070190
5d3c 0.172234 115169 69154 1070190
5s3d 0.171819 114807 69072 1070190
5s3h 0.171819 114807 69072 1070190
5s3c 0.171818 114807 69071 1070190
5h3s 0.171808 114788 69079.5 1070190
5d3s 0.171808 114788 69079.5 1070190
5c3s 0.171807 114788 69078.5 1070190
5s3s 0.171392 114426 68996.5 1070190
5d2h 0.17057 113387 69155 1070190
5h2d 0.17057 113387 69155 1070190
5c2d 0.170569 113387 69154 1070190
5h2c 0.170569 113387 69154 1070190
5d2c 0.170569 113387 69154 1070190
5c2h 0.170569 113387 69154 1070190
5s2d 0.170154 113025 69072 1070190
5s2h 0.170154 113025 69072 1070190
5s2c 0.170153 113025 69071 1070190
5h2s 0.170143 113006 69079.5 1070190
5d2s 0.170143 113006 69079.5 1070190
5c2s 0.170142 113006 69078.5 1070190
5s2s 0.169727 112644 68996.5 1070190
4d3h 0.168143 110821 69123.5 1070190
4h3d 0.168143 110821 69123.5 1070190
4d3c 0.168142 110821 69122.5 1070190
4c3h 0.168142 110821 69122.5 1070190
4c3d 0.168142 110821 69122.5 1070190
4h3c 0.168142 110821 69122.5 1070190
4d3s 0.167727 110456 69044 1070190
4s3h 0.167727 110456 69044 1070190
4s3d 0.167727 110456 69044 1070190
4h3s 0.167727 110456 69044 1070190
4s3c 0.167726 110456 69043 1070190
4c3s 0.167726 110456 69043 1070190
4s3s 0.167312 110091 68964.5 1070190
4d2h 0.166477 109039 69123.5 1070190
4h2d 0.166477 109039 69123.5 1070190
4c2h 0.166477 109039 69122.5 1070190
4h2c 0.166477 109039 69122.5 1070190
4d2c 0.166477 109039 69122.5 1070190
4c2d 0.166477 109039 69122.5 1070190
4s2d 0.166062 108674 69044 1070190
4d2s 0.166062 108674 69044 1070190
4h2s 0.166062 108674 69044 1070190
4s2h 0.166062 108674 69044 1070190
4s2c 0.166061 108674 69043 1070190
4c2s 0.166061 108674 69043 1070190
4s2s 0.165647 108309 68964.5 1070190
3d2h 0.164812 107257 69123.5 1070190
3h2d 0.164812 107257 69123.5 1070190
3c2h 0.164811 107257 69122.5 1070190
3c2d 0.164811 107257 69122.5 1070190
3d2c 0.164811 107257 69122.5 1070190
3h2c 0.164811 107257 69122.5 1070190
3s2d 0.164397 106892 69044 1070190
3s2h 0.164397 106892 69044 1070190
3d2s 0.164397 106892 69044 1070190
3h2s 0.164397 106892 69044 1070190
3c2s 0.164396 106892 69043 1070190
3s2c 0.164396 106892 69043 1070190
3s2s 0.163982 106527 68964.5 1070190
