KsKc 0.966901 1034703 64.5 1070190
KhKc 0.966901 1034703 64.5 1070190
AsAd 0.95401 1020972 0 1070190
AhAd 0.95401 1020972 0 1070190
AsAh 0.953632 1020567 0 1070190
KsKh 0.948744 1015272 64.5 1070190
AdKc 0.944854 1009077 2096 1070190
AhKc 0.944391 1008582 2096 1070190
AsKc 0.944391 1008582 2096 1070190
9h9d 0.941922 1007916 120 1070190
9s9d 0.941922 1007916 120 1070190
9s9h 0.941544 1007511 120 1070190
AdKh 0.925856 988701 2141 1070190
AdKs 0.925856 988701 2141 1070190
AsKh 0.925394 988206 2141 1070190
AsKs 0.925394 988206 2141 1070190
AhKs 0.925394 988206 2141 1070190
AhKh 0.925394 988206 2141 1070190
Ad9d 0.912053 969744 6326 1070190
Kc9d 0.908646 965916 6507.5 1070190
Ad9h 0.908501 965853 6416 1070190
Ad9s 0.908501 965853 6416 1070190
As9d 0.908501 965853 6416 1070190
Ah9d 0.908501 965853 6416 1070190
Kc9h 0.908225 965466 6507.5 1070190
Kc9s 0.908225 965466 6507.5 1070190
As9h 0.908144 965493 6393.5 1070190
As9s 0.908144 965493 6393.5 1070190
Ah9h 0.908144 965493 6393.5 1070190
Ah9s 0.908144 965493 6393.5 1070190
Ks9d 0.88871 944676 6413 1070190
Kh9d 0.88871 944676 6413 1070190
Ks9s 0.88829 944226 6413 1070190
Ks9h 0.88829 944226 6413 1070190
Kh9h 0.88829 944226 6413 1070190
Kh9s 0.88829 944226 6413 1070190
KcQc 0.887617 943008 6910.5 1070190
AdQc 0.886527 938705 10047.5 1070190
AhQc 0.885776 937960 9989 1070190
AsQc 0.885776 937960 9989 1070190
KcJc 0.884427 939192 7312.5 1070190
KcTc 0.881506 935712 7666.5 1070190
AdJc 0.880424 931663 10557.5 1070190
AhJc 0.879699 930946 10499 1070190
AsJc 0.879699 930946 10499 1070190
AdTc 0.874732 925122 11007.5 1070190
AsTc 0.874034 924433 10949 1070190
AhTc 0.874034 924433 10949 1070190
Kc8c 0.869684 917130 13597.5 1070190
AdQd 0.869005 920368 9632.5 1070190
Kc7c 0.868283 914910 14317.5 1070190
Kc6c 0.867318 913446 14749.5 1070190
Kc5c 0.866864 912744 14965.5 1070190
Kc4c 0.866573 912360 15037.5 1070190
Kc3c 0.866522 912306 15037.5 1070190
Kc2c 0.866472 912252 15037.5 1070190
AdJd 0.864355 914851 10173.5 1070190
AsQd 0.862654 913102 10102 1070190
AhQd 0.862654 913102 10102 1070190
AdQs 0.862595 913007 10134 1070190
AdQh 0.862595 913007 10134 1070190
AhQh 0.861845 912262 10075.5 1070190
AhQs 0.861845 912262 10075.5 1070190
AsQs 0.861845 912262 10075.5 1070190
AsQh 0.861845 912262 10075.5 1070190
AdTd 0.860094 909813 10651.5 1070190
AhJd 0.857858 907428 10643 1070190
AsJd 0.857858 907428 10643 1070190
AdJs 0.857779 907311 10675 1070190
AdJh 0.857779 907311 10675 1070190
AsJs 0.857054 906594 10616.5 1070190
AhJh 0.857054 906594 10616.5 1070190
AhJs 0.857054 906594 10616.5 1070190
AsJh 0.857054 906594 10616.5 1070190
Ad8c 0.85526 895614 19677 1070190
As8c 0.854652 895080 19560 1070190
Ah8c 0.854652 895080 19560 1070190
AsTd 0.853464 902248 11121 1070190
AhTd 0.853464 902248 11121 1070190
AdTs 0.853364 902109 11153 1070190
AdTh 0.853364 902109 11153 1070190
AsTs 0.852666 901420 11094.5 1070190
AsTh 0.852666 901420 11094.5 1070190
AhTh 0.852666 901420 11094.5 1070190
AhTs 0.852666 901420 11094.5 1070190
Ad7c 0.851575 890470 20877 1070190
Ah7c 0.850985 889966 20750 1070190
As7c 0.850985 889966 20750 1070190
Ad6c 0.848535 886497 21597 1070190
As6c 0.847957 886011 21464 1070190
Ah6c 0.847957 886011 21464 1070190
Ad5c 0.846478 883935 21957 1070190
As5c 0.845905 883458 21821 1070190
Ah5c 0.845905 883458 21821 1070190
Ad4c 0.844612 881818 22077 1070190
Ah4c 0.844041 881344 21940 1070190
As4c 0.844041 881344 21940 1070190
Ad3c 0.843274 880386 22077 1070190
As3c 0.842703 879912 21940 1070190
Ah3c 0.842703 879912 21940 1070190
Ad2c 0.841962 878982 22077 1070190
Ad8d 0.841908 881583 19419 1070190
As2c 0.841391 878508 21940 1070190
Ah2c 0.841391 878508 21940 1070190
Ad7d 0.839636 877971 20599 1070190
Ad6d 0.837948 875457 21307 1070190
Ad5d 0.83722 874323 21661 1070190
Ad4d 0.836635 873579 21779 1070190
Ad3d 0.836567 873507 21779 1070190
Ad2d 0.8365 873435 21779 1070190
As8d 0.834222 872574 20202 1070190
Ah8d 0.834222 872574 20202 1070190
Ad8s 0.834012 872259 20292 1070190
Ad8h 0.834012 872259 20292 1070190
As8h 0.833403 871725 20175 1070190
As8s 0.833403 871725 20175 1070190
Ah8h 0.833403 871725 20175 1070190
Ah8s 0.833403 871725 20175 1070190
Ah7d 0.831819 868752 21452 1070190
As7d 0.831819 868752 21452 1070190
Ad7h 0.83159 868407 21552 1070190
Ad7s 0.83159 868407 21552 1070190
Ah7h 0.831 867903 21425 1070190
Ah7s 0.831 867903 21425 1070190
As7h 0.831 867903 21425 1070190
As7s 0.831 867903 21425 1070190
Ah6d 0.830002 866058 22202 1070190
As6d 0.830002 866058 22202 1070190
Ad6h 0.829756 865689 22308 1070190
Ad6s 0.829756 865689 22308 1070190
Ah5d 0.829234 864861 22577 1070190
As5d 0.829234 864861 22577 1070190
Ah6s 0.829178 865203 22175 1070190
As6s 0.829178 865203 22175 1070190
As6h 0.829178 865203 22175 1070190
Ah6h 0.829178 865203 22175 1070190
Ad5s 0.828983 864483 22686 1070190
Ad5h 0.828983 864483 22686 1070190
As4d 0.828586 864042 22702 1070190
Ah4d 0.828586 864042 22702 1070190
Ah3d 0.828518 863970 22702 1070190
As3d 0.828518 863970 22702 1070190
As2d 0.828451 863898 22702 1070190
Ah2d 0.828451 863898 22702 1070190
Ah5s 0.82841 864006 22550 1070190
Ah5h 0.82841 864006 22550 1070190
As5s 0.82841 864006 22550 1070190
As5h 0.82841 864006 22550 1070190
Ad4h 0.828327 863655 22812 1070190
Ad4s 0.828327 863655 22812 1070190
Ad3h 0.828259 863583 22812 1070190
Ad3s 0.828259 863583 22812 1070190
Ad2h 0.828192 863511 22812 1070190
Ad2s 0.828192 863511 22812 1070190
Ah4h 0.827756 863181 22675 1070190
Ah4s 0.827756 863181 22675 1070190
As4h 0.827756 863181 22675 1070190
As4s 0.827756 863181 22675 1070190
Ah3s 0.827689 863109 22675 1070190
As3s 0.827689 863109 22675 1070190
Ah3h 0.827689 863109 22675 1070190
As3h 0.827689 863109 22675 1070190
As2h 0.827621 863037 22675 1070190
As2s 0.827621 863037 22675 1070190
Ah2h 0.827621 863037 22675 1070190
Ah2s 0.827621 863037 22675 1070190
KcQd 0.82116 868774 10023 1070190
KcQs 0.820339 867900 10018.5 1070190
KcQh 0.820339 867900 10018.5 1070190
KhQc 0.818545 866168 9831 1070190
KsQc 0.818545 866168 9831 1070190
KcJd 0.816477 863214 10571 1070190
KcJs 0.815661 862346 10566.5 1070190
KcJh 0.815661 862346 10566.5 1070190
KsJc 0.812593 859282 10347 1070190
KhJc 0.812593 859282 10347 1070190
KcTd 0.81219 858143 11055 1070190
KcTs 0.811381 857281 11050.5 1070190
KcTh 0.811381 857281 11050.5 1070190
KsTc 0.807053 852897 10803 1070190
KhTc 0.807053 852897 10803 1070190
KhQd 0.794064 840094 9705.5 1070190
KsQd 0.794064 840094 9705.5 1070190
KsQs 0.793243 839220 9701 1070190
KhQh 0.793243 839220 9701 1070190
KhQs 0.793243 839220 9701 1070190
KsQh 0.793243 839220 9701 1070190
Kc8d 0.792688 828396 19930.5 1070190
Kc8h 0.791844 827493 19930.5 1070190
Kc8s 0.791844 827493 19930.5 1070190
Kc7d 0.790383 824730 21130.5 1070190
Kc7h 0.78954 823827 21130.5 1070190
Kc7s 0.78954 823827 21130.5 1070190
KsJd 0.789517 834698 10235 1070190
KhJd 0.789517 834698 10235 1070190
KsJs 0.788702 833830 10230.5 1070190
KhJh 0.788702 833830 10230.5 1070190
KhJs 0.788702 833830 10230.5 1070190
KsJh 0.788702 833830 10230.5 1070190
Kc6d 0.788637 822141 21850.5 1070190
Kc5d 0.787903 820995 22210.5 1070190
Kc6s 0.787788 821232 21850.5 1070190
Kc6h 0.787788 821232 21850.5 1070190
Kc4d 0.787277 820206 22330.5 1070190
Kc3d 0.787216 820140 22330.5 1070190
Kh8c 0.787195 823257 19191 1070190
Ks8c 0.787195 823257 19191 1070190
Kc2d 0.787154 820074 22330.5 1070190
Kc5h 0.787053 820086 22210.5 1070190
Kc5s 0.787053 820086 22210.5 1070190
Kc4h 0.786423 819291 22330.5 1070190
Kc4s 0.786423 819291 22330.5 1070190
Kc3h 0.786361 819225 22330.5 1070190
Kc3s 0.786361 819225 22330.5 1070190
Kc2h 0.786299 819159 22330.5 1070190
Kc2s 0.786299 819159 22330.5 1070190
KsTd 0.785368 829790 10703 1070190
KhTd 0.785368 829790 10703 1070190
KsTs 0.784558 828928 10698.5 1070190
KsTh 0.784558 828928 10698.5 1070190
KhTs 0.784558 828928 10698.5 1070190
KhTh 0.784558 828928 10698.5 1070190
Kh7c 0.783622 818293 20331 1070190
Ks7c 0.783622 818293 20331 1070190
Kh6c 0.780649 814428 21015 1070190
Ks6c 0.780649 814428 21015 1070190
Kh5c 0.778625 811920 21357 1070190
Ks5c 0.778625 811920 21357 1070190
Ks4c 0.77677 809821 21471 1070190
Kh4c 0.77677 809821 21471 1070190
Kh3c 0.775432 808389 21471 1070190
Ks3c 0.775432 808389 21471 1070190
Kh2c 0.77412 806985 21471 1070190
Ks2c 0.77412 806985 21471 1070190
Ks8d 0.766005 800490 19281 1070190
Kh8d 0.766005 800490 19281 1070190
Kh8h 0.765161 799587 19281 1070190
Ks8h 0.765161 799587 19281 1070190
Kh8s 0.765161 799587 19281 1070190
Ks8s 0.765161 799587 19281 1070190
Kh7d 0.763757 796914 20451 1070190
Ks7d 0.763757 796914 20451 1070190
Ks7s 0.762913 796011 20451 1070190
Ks7h 0.762913 796011 20451 1070190
Kh7h 0.762913 796011 20451 1070190
Kh7s 0.762913 796011 20451 1070190
Kh6d 0.762036 794370 21153 1070190
Ks6d 0.762036 794370 21153 1070190
Ks5d 0.761318 793251 21504 1070190
Kh5d 0.761318 793251 21504 1070190
Ks6h 0.761186 793461 21153 1070190
Kh6h 0.761186 793461 21153 1070190
Ks6s 0.761186 793461 21153 1070190
Kh6s 0.761186 793461 21153 1070190
Kh4d 0.76069 792462 21621 1070190
Ks4d 0.76069 792462 21621 1070190
Kh3d 0.760628 792396 21621 1070190
Ks3d 0.760628 792396 21621 1070190
Kh2d 0.760567 792330 21621 1070190
Ks2d 0.760567 792330 21621 1070190
Kh5s 0.760469 792342 21504 1070190
Ks5h 0.760469 792342 21504 1070190
Kh5h 0.760469 792342 21504 1070190
Ks5s 0.760469 792342 21504 1070190
Kh4s 0.759835 791547 21621 1070190
Ks4s 0.759835 791547 21621 1070190
Ks4h 0.759835 791547 21621 1070190
Kh4h 0.759835 791547 21621 1070190
Kh3h 0.759773 791481 21621 1070190
Ks3h 0.759773 791481 21621 1070190
Kh3s 0.759773 791481 21621 1070190
Ks3s 0.759773 791481 21621 1070190
Kh2h 0.759712 791415 21621 1070190
Kh2s 0.759712 791415 21621 1070190
Ks2h 0.759712 791415 21621 1070190
Ks2s 0.759712 791415 21621 1070190
QdQc 0.735065 785191 1468.5 1070190
QsQc 0.734308 784385 1464 1070190
QhQc 0.734308 784385 1464 1070190
QcJc 0.726658 761957 15705 1070190
QcTc 0.722133 757115 15705 1070190
Qc9d 0.718083 753153 15332 1070190
Qc9s 0.71734 752417 15273.5 1070190
Qc9h 0.71734 752417 15273.5 1070190
JdJc 0.71621 765048 1432.5 1070190
JhJc 0.715458 764248 1428 1070190
JsJc 0.715458 764248 1428 1070190
Jc9d 0.709417 740993 18218 1070190
Jc9h 0.708724 740334 18135 1070190
Jc9s 0.708724 740334 18135 1070190
QsQd 0.707208 755401 1445.5 1070190
QhQd 0.707208 755401 1445.5 1070190
QsQh 0.70645 754595 1441 1070190
Qd9d 0.703457 737701 15131.5 1070190
Tc9d 0.702304 730915 20684 1070190
Tc9h 0.70165 730319 20580 1070190
Tc9s 0.70165 730319 20580 1070190
TdTc 0.69773 745307 1396.5 1070190
ThTc 0.696984 744513 1392 1070190
TsTc 0.696984 744513 1392 1070190
Jd9d 0.696158 727051 17970 1070190
Td9d 0.690386 718449 20395.5 1070190
JhJd 0.689289 736259 1411 1070190
JsJd 0.689289 736259 1411 1070190
Qd9h 0.688582 721313 15601 1070190
Qd9s 0.688582 721313 15601 1070190
Qh9d 0.688556 721253 15633 1070190
Qs9d 0.688556 721253 15633 1070190
JsJh 0.688537 735459 1406.5 1070190
Qs9s 0.687814 720517 15574.5 1070190
Qh9h 0.687814 720517 15574.5 1070190
Qh9s 0.687814 720517 15574.5 1070190
Qs9h 0.687814 720517 15574.5 1070190
JcTc 0.687431 720537 15144.5 1070190
Jd9s 0.681186 710387 18611 1070190
Jd9h 0.681186 710387 18611 1070190
Jh9d 0.681116 710256 18667.5 1070190
Js9d 0.681116 710256 18667.5 1070190
Jh9h 0.680423 709597 18584.5 1070190
Js9s 0.680423 709597 18584.5 1070190
Js9h 0.680423 709597 18584.5 1070190
Jh9s 0.680423 709597 18584.5 1070190
Td9s 0.675373 701594 21183.5 1070190
Td9h 0.675373 701594 21183.5 1070190
Ts9d 0.67527 701406 21261 1070190
Th9d 0.67527 701406 21261 1070190
Th9h 0.674616 700810 21157 1070190
Ts9s 0.674616 700810 21157 1070190
Ts9h 0.674616 700810 21157 1070190
Th9s 0.674616 700810 21157 1070190
9d8c 0.673137 697206 23178 1070190
9s8c 0.67252 696672 23052 1070190
9h8c 0.67252 696672 23052 1070190
TsTd 0.671728 717500 1376.5 1070190
ThTd 0.671728 717500 1376.5 1070190
TsTh 0.670982 716706 1372 1070190
9d7c 0.669451 692062 24378 1070190
9h7c 0.668853 691558 24242 1070190
9s7c 0.668853 691558 24242 1070190
9d6c 0.666412 688089 25098 1070190
9h6c 0.665825 687603 24956 1070190
9s6c 0.665825 687603 24956 1070190
9d5c 0.664354 685527 25458 1070190
9s5c 0.663773 685050 25313 1070190
9h5c 0.663773 685050 25313 1070190
9d8d 0.662739 686340 22917 1070190
9d4c 0.662488 683410 25578 1070190
9s4c 0.661909 682936 25432 1070190
9h4c 0.661909 682936 25432 1070190
9d3c 0.66115 681978 25578 1070190
9s3c 0.660571 681504 25432 1070190
9h3c 0.660571 681504 25432 1070190
9d7d 0.660467 682728 24097 1070190
9d2c 0.659838 680574 25578 1070190
9h2c 0.659259 680100 25432 1070190
9s2c 0.659259 680100 25432 1070190
9d6d 0.658779 680214 24805 1070190
9d5d 0.65805 679080 25159 1070190
9d4d 0.657465 678336 25277 1070190
9d3d 0.657398 678264 25277 1070190
9d2d 0.657331 678192 25277 1070190
Qc8c 0.653985 675974 23914 1070190
Qc7c 0.650674 671361 24984 1070190
Qc6c 0.648132 667998 25626 1070190
Qc5c 0.646262 665676 25947 1070190
9s8d 0.646074 667659 23763 1070190
9h8d 0.646074 667659 23763 1070190
9d8h 0.645906 667380 23862 1070190
9d8s 0.645906 667380 23862 1070190
9s8s 0.645289 666846 23736 1070190
9s8h 0.645289 666846 23736 1070190
9h8s 0.645289 666846 23736 1070190
9h8h 0.645289 666846 23736 1070190
Qc4c 0.644686 663882 26054 1070190
9h7d 0.643671 663837 25013 1070190
9s7d 0.643671 663837 25013 1070190
9d7s 0.643484 663528 25122 1070190
9d7h 0.643484 663528 25122 1070190
Qc3c 0.643416 662523 26054 1070190
9h7s 0.642886 663024 24986 1070190
9h7h 0.642886 663024 24986 1070190
9s7s 0.642886 663024 24986 1070190
9s7h 0.642886 663024 24986 1070190
Qc2c 0.642146 661164 26054 1070190
9s6d 0.641854 661143 25763 1070190
9h6d 0.641854 661143 25763 1070190
9d6s 0.641651 660810 25878 1070190
9d6h 0.641651 660810 25878 1070190
9s5d 0.641086 659946 26138 1070190
9h5d 0.641086 659946 26138 1070190
9s6h 0.641064 660324 25736 1070190
9s6s 0.641064 660324 25736 1070190
9h6s 0.641064 660324 25736 1070190
9h6h 0.641064 660324 25736 1070190
9d5s 0.640877 659604 26256 1070190
9d5h 0.640877 659604 26256 1070190
9h4d 0.640438 659127 26263 1070190
9s4d 0.640438 659127 26263 1070190
9h3d 0.64037 659055 26263 1070190
9s3d 0.64037 659055 26263 1070190
9s2d 0.640303 658983 26263 1070190
9h2d 0.640303 658983 26263 1070190
9s5s 0.640296 659127 26111 1070190
9s5h 0.640296 659127 26111 1070190
9h5s 0.640296 659127 26111 1070190
9h5h 0.640296 659127 26111 1070190
9d4h 0.640221 658776 26382 1070190
9d4s 0.640221 658776 26382 1070190
9d3s 0.640154 658704 26382 1070190
9d3h 0.640154 658704 26382 1070190
9d2h 0.640086 658632 26382 1070190
9d2s 0.640086 658632 26382 1070190
9h4h 0.639642 658302 26236 1070190
9h4s 0.639642 658302 26236 1070190
9s4h 0.639642 658302 26236 1070190
9s4s 0.639642 658302 26236 1070190
9s3h 0.639574 658230 26236 1070190
9s3s 0.639574 658230 26236 1070190
9h3h 0.639574 658230 26236 1070190
9h3s 0.639574 658230 26236 1070190
9s2h 0.639507 658158 26236 1070190
9h2h 0.639507 658158 26236 1070190
9h2s 0.639507 658158 26236 1070190
9s2s 0.639507 658158 26236 1070190
Jc8c 0.616979 634999 25285.5 1070190
Jc7c 0.613668 630386 26355.5 1070190
Jc6c 0.605027 620336 27158 1070190
Jc5c 0.603157 618014 27479 1070190
Jc4c 0.601581 616220 27586 1070190
Jc3c 0.600311 614861 27586 1070190
Jc2c 0.599041 613502 27586 1070190
QcJd 0.591419 612306 20625 1070190
QcJh 0.590683 611554 20589.5 1070190
QcJs 0.590683 611554 20589.5 1070190
QdJc 0.590045 610978 20482.5 1070190
QhJc 0.589329 610272 20422.5 1070190
QsJc 0.589329 610272 20422.5 1070190
8d8c 0.588296 621246 8343 1070190
8h8c 0.587566 620469 8338.5 1070190
8s8c 0.587566 620469 8338.5 1070190
Tc8c 0.586883 601670 26406 1070190
QcTd 0.584589 604996 20625 1070190
QcTh 0.583858 604250 20589.5 1070190
QcTs 0.583858 604250 20589.5 1070190
Tc7c 0.583772 597485 27262 1070190
QdTc 0.581895 602256 20482.5 1070190
QhTc 0.581206 601578 20422.5 1070190
QsTc 0.581206 601578 20422.5 1070190
QdJd 0.579776 600917 19553.5 1070190
Tc6c 0.575131 587435 28064.5 1070190
QdTd 0.573225 593906 19553.5 1070190
7d7c 0.569406 601030 8343 1070190
7h7c 0.568676 600253 8338.5 1070190
7s7c 0.568676 600253 8338.5 1070190
Tc5c 0.566473 577741 28492.5 1070190
Tc4c 0.564896 575947 28599.5 1070190
Tc3c 0.563627 574588 28599.5 1070190
Tc2c 0.562357 573229 28599.5 1070190
QhJd 0.559891 578841 20348.5 1070190
QsJd 0.559891 578841 20348.5 1070190
QdJs 0.559871 578795 20373 1070190
QdJh 0.559871 578795 20373 1070190
8h8d 0.559354 590295 8320.5 1070190
8s8d 0.559354 590295 8320.5 1070190
QsJs 0.559155 578089 20313 1070190
QhJh 0.559155 578089 20313 1070190
QsJh 0.559155 578089 20313 1070190
QhJs 0.559155 578089 20313 1070190
8s8h 0.558624 589518 8316 1070190
QsTd 0.55306 571531 20348.5 1070190
QhTd 0.55306 571531 20348.5 1070190
QdTh 0.55302 571463 20373 1070190
QdTs 0.55302 571463 20373 1070190
QhTh 0.55233 570785 20313 1070190
QsTs 0.55233 570785 20313 1070190
QsTh 0.55233 570785 20313 1070190
QhTs 0.55233 570785 20313 1070190
6d6c 0.549926 580182 8343 1070190
6s6c 0.54919 579399 8338.5 1070190
6h6c 0.54919 579399 8338.5 1070190
7h7d 0.541201 570867 8320.5 1070190
7s7d 0.541201 570867 8320.5 1070190
7s7h 0.54047 570090 8316 1070190
8c7c 0.537106 537406 37400 1070190
JcTd 0.534706 552455 19782.5 1070190
JcTs 0.534007 551742 19747 1070190
JcTh 0.534007 551742 19747 1070190
JdTc 0.533319 551093 19660 1070190
JsTc 0.532635 550417 19603.5 1070190
JhTc 0.532635 550417 19603.5 1070190
5d5c 0.531094 560028 8343 1070190
5h5c 0.530358 559245 8338.5 1070190
5s5c 0.530358 559245 8338.5 1070190
8c6c 0.52907 527127 39078 1070190
JdTd 0.526084 544237 18773 1070190
6s6d 0.522346 550689 8320.5 1070190
6h6d 0.522346 550689 8320.5 1070190
6s6h 0.52161 549906 8316 1070190
8c5c 0.520545 517576 39506 1070190
8c4c 0.511691 507940 39666.5 1070190
4d4c 0.511665 539236 8343 1070190
4s4c 0.510924 538447 8338.5 1070190
4h4c 0.510924 538447 8338.5 1070190
8c3c 0.510421 506581 39666.5 1070190
8c2c 0.509151 505222 39666.5 1070190
7c6c 0.508225 503029 40868 1070190
5h5d 0.504192 531261 8320.5 1070190
5s5d 0.504192 531261 8320.5 1070190
JhTd 0.503723 519550 19529.5 1070190
JsTd 0.503723 519550 19529.5 1070190
JdTs 0.503708 519513 19550.5 1070190
JdTh 0.503708 519513 19550.5 1070190
5s5h 0.503456 530478 8316 1070190
JhTs 0.503024 518837 19494 1070190
JhTh 0.503024 518837 19494 1070190
JsTh 0.503024 518837 19494 1070190
JsTs 0.503024 518837 19494 1070190
7c5c 0.49915 492193 41992.5 1070190
3d3c 0.49288 519132 8343 1070190
3s3c 0.492138 518343 8338.5 1070190
3h3c 0.492138 518343 8338.5 1070190
7c4c 0.490296 482557 42153 1070190
7c3c 0.489026 481198 42153 1070190
7c2c 0.487756 479839 42153 1070190
4h4d 0.485338 511083 8320.5 1070190
4s4d 0.485338 511083 8320.5 1070190
6c5c 0.485292 476324 43030.5 1070190
4s4h 0.484596 510294 8316 1070190
Qc8d 0.480366 480344 33739 1070190
Qc8s 0.479705 479663 33712.5 1070190
Qc8h 0.479705 479663 33712.5 1070190
5c4c 0.476769 466083 44150 1070190
Qd8c 0.476287 476664 33054 1070190
6c4c 0.476272 466082 43619.5 1070190
Qh8c 0.475702 476146 32945.5 1070190
Qs8c 0.475702 476146 32945.5 1070190
Qc7d 0.475507 473354 35529 1070190
5c3c 0.475499 464724 44150 1070190
6c3c 0.475002 464723 43619.5 1070190
Qc7h 0.474846 472673 35502.5 1070190
Qc7s 0.474846 472673 35502.5 1070190
5c2c 0.474229 463365 44150 1070190
2d2c 0.47412 499056 8343 1070190
6c2c 0.473732 463364 43619.5 1070190
2h2c 0.473379 498267 8338.5 1070190
2s2c 0.473379 498267 8338.5 1070190
Qc6d 0.471702 468208 36603 1070190
4c3c 0.471616 460587 44132 1070190
Qc6s 0.471036 467522 36576.5 1070190
Qc6h 0.471036 467522 36576.5 1070190
Qd8d 0.470699 471821 31916.5 1070190
4c2c 0.470346 459228 44132 1070190
Qd7c 0.469995 468190 34794 1070190
Qh7c 0.469428 467702 34675.5 1070190
Qs7c 0.469428 467702 34675.5 1070190
Qc5d 0.469185 464977 37140 1070190
Qc5s 0.468519 464291 37113.5 1070190
Qc5h 0.468519 464291 37113.5 1070190
3c2c 0.468082 456805 44132 1070190
3h3d 0.467184 491655 8320.5 1070190
3s3d 0.467184 491655 8320.5 1070190
Qc4d 0.466997 462457 37319 1070190
3s3h 0.466442 490866 8316 1070190
Qc4s 0.466326 461765 37292.5 1070190
Qc4h 0.466326 461765 37292.5 1070190
Qd7d 0.465962 465071 33596.5 1070190
Qc3d 0.465484 460837 37319 1070190
Qc3s 0.464812 460145 37292.5 1070190
Qc3h 0.464812 460145 37292.5 1070190
Qd6c 0.464803 461589 35838 1070190
Qh6c 0.464247 461119 35713.5 1070190
Qs6c 0.464247 461119 35713.5 1070190
Qc2d 0.46397 459217 37319 1070190
Qc2s 0.463299 458525 37292.5 1070190
Qc2h 0.463299 458525 37292.5 1070190
Qd6d 0.462238 460078 34604.5 1070190
Qd5c 0.460844 456831 36360 1070190
Qh5c 0.460294 456370 36232.5 1070190
Qs5c 0.460294 456370 36232.5 1070190
Qd5d 0.459698 456856 35108.5 1070190
Qd4d 0.457489 454324 35276.5 1070190
Qd4c 0.45728 452842 36534 1070190
Qh4c 0.456732 452384 36405.5 1070190
Qs4c 0.456732 452384 36405.5 1070190
Qd3d 0.455891 452614 35276.5 1070190
Qd3c 0.454344 449700 36534 1070190
Qd2d 0.454294 450904 35276.5 1070190
Qh3c 0.453796 449242 36405.5 1070190
Qs3c 0.453796 449242 36405.5 1070190
Qd2c 0.451434 446586 36534 1070190
Qh2c 0.450886 446128 36405.5 1070190
Qs2c 0.450886 446128 36405.5 1070190
2s2d 0.44903 472227 8320.5 1070190
2h2d 0.44903 472227 8320.5 1070190
2s2h 0.448289 471438 8316 1070190
Qs8d 0.445662 443588 33354.5 1070190
Qh8d 0.445662 443588 33354.5 1070190
Qd8s 0.445586 443425 33436.5 1070190
Qd8h 0.445586 443425 33436.5 1070190
Qh8s 0.445 442907 33328 1070190
Qs8h 0.445 442907 33328 1070190
Qh8h 0.445 442907 33328 1070190
Qs8s 0.445 442907 33328 1070190
Qs7d 0.440718 436508 35144.5 1070190
Qh7d 0.440718 436508 35144.5 1070190
Qd7h 0.440624 436315 35236.5 1070190
Qd7s 0.440624 436315 35236.5 1070190
Qh7h 0.440057 435827 35118 1070190
Qh7s 0.440057 435827 35118 1070190
Qs7s 0.440057 435827 35118 1070190
Qs7h 0.440057 435827 35118 1070190
Qs6d 0.436824 431266 36218.5 1070190
Qh6d 0.436824 431266 36218.5 1070190
Qd6h 0.436714 431050 36316.5 1070190
Qd6s 0.436714 431050 36316.5 1070190
Qs6s 0.436158 430580 36192 1070190
Qs6h 0.436158 430580 36192 1070190
Qh6s 0.436158 430580 36192 1070190
Qh6h 0.436158 430580 36192 1070190
Qh5d 0.434222 427945 36755.5 1070190
Qs5d 0.434222 427945 36755.5 1070190
Qd5h 0.434107 427720 36856.5 1070190
Qd5s 0.434107 427720 36856.5 1070190
Qh5h 0.433557 427259 36729 1070190
Qh5s 0.433557 427259 36729 1070190
Qs5h 0.433557 427259 36729 1070190
Qs5s 0.433557 427259 36729 1070190
Qh4d 0.431942 425326 36934.5 1070190
Qs4d 0.431942 425326 36934.5 1070190
Qd4h 0.431819 425092 37036.5 1070190
Qd4s 0.431819 425092 37036.5 1070190
Qh4s 0.431271 424634 36908 1070190
Qs4s 0.431271 424634 36908 1070190
Qh4h 0.431271 424634 36908 1070190
Qs4h 0.431271 424634 36908 1070190
Qh3d 0.430345 423616 36934.5 1070190
Qs3d 0.430345 423616 36934.5 1070190
Qd3h 0.430221 423382 37036.5 1070190
Qd3s 0.430221 423382 37036.5 1070190
Qh3h 0.429673 422924 36908 1070190
Qs3h 0.429673 422924 36908 1070190
Qh3s 0.429673 422924 36908 1070190
Qs3s 0.429673 422924 36908 1070190
Qs2d 0.428747 421906 36934.5 1070190
Qh2d 0.428747 421906 36934.5 1070190
Qd2h 0.428623 421672 37036.5 1070190
Qd2s 0.428623 421672 37036.5 1070190
Qs2s 0.428075 421214 36908 1070190
Qs2h 0.428075 421214 36908 1070190
Qh2h 0.428075 421214 36908 1070190
Qh2s 0.428075 421214 36908 1070190
Jc8d 0.427512 422194 35325 1070190
Jc8s 0.426883 421551 35295 1070190
Jc8h 0.426883 421551 35295 1070190
Jd8c 0.424798 419903 34712 1070190
Js8c 0.424216 419383 34609 1070190
Jh8c 0.424216 419383 34609 1070190
Jc7d 0.422653 415204 37115 1070190
Jc7s 0.422024 414561 37085 1070190
Jc7h 0.422024 414561 37085 1070190
Jd8d 0.420775 416904 33405 1070190
Jd7c 0.418506 411429 36452 1070190
Jh7c 0.417943 410939 36339 1070190
Js7c 0.417943 410939 36339 1070190
Jd7d 0.416037 410154 35085 1070190
Jc6d 0.408978 399227 38457.5 1070190
Jc6h 0.408349 398583 38427.5 1070190
Jc6s 0.408349 398583 38427.5 1070190
Jc5d 0.406461 395996 38994.5 1070190
Jc5h 0.405831 395352 38964.5 1070190
Jc5s 0.405831 395352 38964.5 1070190
Jc4d 0.404274 393476 39173.5 1070190
Jc4h 0.403638 392826 39143.5 1070190
Jc4s 0.403638 392826 39143.5 1070190
Jd6c 0.403441 394002 37757 1070190
Jh6c 0.402892 393535 37636.5 1070190
Js6c 0.402892 393535 37636.5 1070190
Jc3d 0.40276 391856 39173.5 1070190
Jd6d 0.402643 394559 36345 1070190
Jc3s 0.402124 391206 39143.5 1070190
Jc3h 0.402124 391206 39143.5 1070190
Jc2d 0.401246 390236 39173.5 1070190
Jc2h 0.400611 389586 39143.5 1070190
Jc2s 0.400611 389586 39143.5 1070190
Jd5d 0.400103 391337 36849 1070190
Jd5c 0.399483 389244 38279 1070190
Js5c 0.39894 388786 38155.5 1070190
Jh5c 0.39894 388786 38155.5 1070190
Jd4d 0.397894 388805 37017 1070190
Jd3d 0.396296 387095 37017 1070190
Jd4c 0.395918 385255 38453 1070190
Js4c 0.395377 384800 38328.5 1070190
Jh4c 0.395377 384800 38328.5 1070190
Jd2d 0.394698 385385 37017 1070190
Jh8d 0.393372 386001 34982 1070190
Js8d 0.393372 386001 34982 1070190
Jd8s 0.393325 385878 35055 1070190
Jd8h 0.393325 385878 35055 1070190
Jd3c 0.392983 382113 38453 1070190
Jh8h 0.392743 385358 34952 1070190
Js8h 0.392743 385358 34952 1070190
Js8s 0.392743 385358 34952 1070190
Jh8s 0.392743 385358 34952 1070190
Js3c 0.392441 381658 38328.5 1070190
Jh3c 0.392441 381658 38328.5 1070190
Jd2c 0.390073 378999 38453 1070190
Jh2c 0.389531 378544 38328.5 1070190
Js2c 0.389531 378544 38328.5 1070190
Js7d 0.388429 378921 36772 1070190
Jh7d 0.388429 378921 36772 1070190
Jd7s 0.388364 378768 36855 1070190
Jd7h 0.388364 378768 36855 1070190
Js7s 0.3878 378278 36742 1070190
Js7h 0.3878 378278 36742 1070190
Jh7h 0.3878 378278 36742 1070190
Jh7s 0.3878 378278 36742 1070190
Tc8d 0.384606 374921 36681 1070190
Tc8h 0.384008 374313 36648 1070190
Tc8s 0.384008 374313 36648 1070190
Td8c 0.383256 374035 36121.5 1070190
Ts8c 0.382677 373516 36021.5 1070190
Th8c 0.382677 373516 36021.5 1070190
Td8d 0.38044 372459 34684 1070190
Tc7d 0.380082 368647 38113 1070190
Tc7s 0.379483 368039 38080 1070190
Tc7h 0.379483 368039 38080 1070190
Td7c 0.377289 366257 37513.5 1070190
Th7c 0.376727 365764 37405.5 1070190
Ts7c 0.376727 365764 37405.5 1070190
Td7d 0.376016 366381 36028 1070190
Js6d 0.374241 362395 38114.5 1070190
Jh6d 0.374241 362395 38114.5 1070190
Jd6h 0.374161 362218 38205 1070190
Jd6s 0.374161 362218 38205 1070190
Jh6s 0.373612 361751 38084.5 1070190
Jh6h 0.373612 361751 38084.5 1070190
Js6s 0.373612 361751 38084.5 1070190
Js6h 0.373612 361751 38084.5 1070190
Js5d 0.37164 359074 38651.5 1070190
Jh5d 0.37164 359074 38651.5 1070190
Jd5s 0.371554 358888 38745 1070190
Jd5h 0.371554 358888 38745 1070190
Js5h 0.37101 358430 38621.5 1070190
Js5s 0.37101 358430 38621.5 1070190
Jh5s 0.37101 358430 38621.5 1070190
Jh5h 0.37101 358430 38621.5 1070190
Jh4d 0.36936 356455 38830.5 1070190
Js4d 0.36936 356455 38830.5 1070190
Jd4h 0.369266 356260 38925 1070190
Jd4s 0.369266 356260 38925 1070190
Js4s 0.368725 355805 38800.5 1070190
Js4h 0.368725 355805 38800.5 1070190
Jh4h 0.368725 355805 38800.5 1070190
Jh4s 0.368725 355805 38800.5 1070190
Js3d 0.367762 354745 38830.5 1070190
Jh3d 0.367762 354745 38830.5 1070190
Jd3h 0.367668 354550 38925 1070190
Jd3s 0.367668 354550 38925 1070190
Js3s 0.367127 354095 38800.5 1070190
Js3h 0.367127 354095 38800.5 1070190
Jh3h 0.367127 354095 38800.5 1070190
Jh3s 0.367127 354095 38800.5 1070190
Tc6d 0.366403 352665 39455.5 1070190
Js2d 0.366164 353035 38830.5 1070190
Jh2d 0.366164 353035 38830.5 1070190
Jd2s 0.366071 352840 38925 1070190
Jd2h 0.366071 352840 38925 1070190
Tc6h 0.365802 352055 39422.5 1070190
Tc6s 0.365802 352055 39422.5 1070190
Js2h 0.365529 352385 38800.5 1070190
Jh2h 0.365529 352385 38800.5 1070190
Jh2s 0.365529 352385 38800.5 1070190
Js2s 0.365529 352385 38800.5 1070190
Td6d 0.362622 350786 37288 1070190
Td6c 0.362229 348835 38818.5 1070190
Ts6c 0.361683 348366 38703 1070190
Th6c 0.361683 348366 38703 1070190
Tc5d 0.352954 337556 40171.5 1070190
Tc5s 0.352358 336952 40138.5 1070190
Tc5h 0.352358 336952 40138.5 1070190
Ts8d 0.35123 339506 36376.5 1070190
Th8d 0.35123 339506 36376.5 1070190
Td8h 0.351209 339417 36443.5 1070190
Td8s 0.351209 339417 36443.5 1070190
Tc4d 0.350766 335036 40350.5 1070190
Th8s 0.350631 338898 36343.5 1070190
Th8h 0.350631 338898 36343.5 1070190
Ts8h 0.350631 338898 36343.5 1070190
Ts8s 0.350631 338898 36343.5 1070190
Tc4h 0.350165 334426 40317.5 1070190
Tc4s 0.350165 334426 40317.5 1070190
Td5d 0.349382 335945 37960 1070190
Tc3d 0.349252 333416 40350.5 1070190
Tc3h 0.348652 332806 40317.5 1070190
Tc3s 0.348652 332806 40317.5 1070190
Tc2d 0.347739 331796 40350.5 1070190
Td5c 0.347329 332194 39514.5 1070190
Td4d 0.347173 333413 38128 1070190
Tc2h 0.347138 331186 40317.5 1070190
Tc2s 0.347138 331186 40317.5 1070190
Ts5c 0.346793 331739 39395 1070190
Th5c 0.346793 331739 39395 1070190
Ts7d 0.346621 333142 37808.5 1070190
Th7d 0.346621 333142 37808.5 1070190
Td7s 0.346584 333027 37883.5 1070190
Td7h 0.346584 333027 37883.5 1070190
Th7s 0.346022 332534 37775.5 1070190
Th7h 0.346022 332534 37775.5 1070190
Ts7h 0.346022 332534 37775.5 1070190
Ts7s 0.346022 332534 37775.5 1070190
Td3d 0.345575 331703 38128 1070190
Td2d 0.343977 329993 38128 1070190
Td4c 0.343765 328205 39688.5 1070190
Ts4c 0.34323 327753 39568 1070190
Th4c 0.34323 327753 39568 1070190
Td3c 0.340829 325063 39688.5 1070190
Ts3c 0.340294 324611 39568 1070190
Th3c 0.340294 324611 39568 1070190
Td2c 0.337919 321949 39688.5 1070190
Th2c 0.337384 321497 39568 1070190
Ts2c 0.337384 321497 39568 1070190
Ts6d 0.332434 316617 39151 1070190
Th6d 0.332434 316617 39151 1070190
Td6s 0.33238 316476 39233.5 1070190
Td6h 0.33238 316476 39233.5 1070190
Th6s 0.331834 316007 39118 1070190
Ts6h 0.331834 316007 39118 1070190
Ts6s 0.331834 316007 39118 1070190
Th6h 0.331834 316007 39118 1070190
Ts5d 0.318442 300926 39867 1070190
Th5d 0.318442 300926 39867 1070190
Td5h 0.318383 300777 39953.5 1070190
Td5s 0.318383 300777 39953.5 1070190
Th5s 0.317846 300322 39834 1070190
Th5h 0.317846 300322 39834 1070190
Ts5h 0.317846 300322 39834 1070190
Ts5s 0.317846 300322 39834 1070190
Ts4d 0.316162 298307 40046 1070190
Th4d 0.316162 298307 40046 1070190
Td4s 0.316096 298149 40133.5 1070190
Td4h 0.316096 298149 40133.5 1070190
Th4s 0.315561 297697 40013 1070190
Ts4s 0.315561 297697 40013 1070190
Ts4h 0.315561 297697 40013 1070190
Th4h 0.315561 297697 40013 1070190
Th3d 0.314564 296597 40046 1070190
Ts3d 0.314564 296597 40046 1070190
Td3h 0.314498 296439 40133.5 1070190
Td3s 0.314498 296439 40133.5 1070190
Ts3h 0.313963 295987 40013 1070190
Th3h 0.313963 295987 40013 1070190
Ts3s 0.313963 295987 40013 1070190
Th3s 0.313963 295987 40013 1070190
Ts2d 0.312966 294887 40046 1070190
Th2d 0.312966 294887 40046 1070190
Td2s 0.3129 294729 40133.5 1070190
Td2h 0.3129 294729 40133.5 1070190
Ts2h 0.312365 294277 40013 1070190
Ts2s 0.312365 294277 40013 1070190
Th2h 0.312365 294277 40013 1070190
Th2s 0.312365 294277 40013 1070190
8c7d 0.311013 278999 53843.5 1070190
8c7h 0.310463 278459 53795.5 1070190
8c7s 0.310463 278459 53795.5 1070190
8d7c 0.309827 277960 53613.5 1070190
8d7d 0.309501 279543 51682 1070190
8s7c 0.309322 277516 53517.5 1070190
8h7c 0.309322 277516 53517.5 1070190
8c6d 0.298336 262669 56607 1070190
8c6h 0.297786 262131 56556.5 1070190
8c6s 0.297786 262131 56556.5 1070190
8d6d 0.297079 263602 54329 1070190
8d6c 0.295753 260155 56357 1070190
8s6c 0.295262 259732 56254.5 1070190
8h6c 0.295262 259732 56254.5 1070190
8c5d 0.2851 247788 57323 1070190
8c5h 0.284555 247255 57272.5 1070190
8c5s 0.284555 247255 57272.5 1070190
8d5d 0.284051 248988 55001 1070190
8d5c 0.281076 243752 57053 1070190
8s5c 0.280596 243344 56946.5 1070190
8h5c 0.280596 243344 56946.5 1070190
8h7d 0.277725 243279 53939.5 1070190
8s7d 0.277725 243279 53939.5 1070190
8d7h 0.27768 243183 53987.5 1070190
8d7s 0.27768 243183 53987.5 1070190
8s7s 0.277176 242739 53891.5 1070190
8h7h 0.277176 242739 53891.5 1070190
8h7s 0.277176 242739 53891.5 1070190
8s7h 0.277176 242739 53891.5 1070190
8c4d 0.271244 232691 57591.5 1070190
8c4s 0.270699 232158 57541 1070190
8c4h 0.270699 232158 57541 1070190
8d4d 0.270428 234156 55253 1070190
8c3d 0.26973 231071 57591.5 1070190
7d6d 0.269232 231196 56933 1070190
8c3h 0.269185 230538 57541 1070190
8c3s 0.269185 230538 57541 1070190
8d3d 0.26883 232446 55253 1070190
7c6d 0.268217 227793 59250 1070190
8c2d 0.268216 229451 57591.5 1070190
7c6h 0.267699 227297 59191.5 1070190
7c6s 0.267699 227297 59191.5 1070190
8c2h 0.267671 228918 57541 1070190
8c2s 0.267671 228918 57541 1070190
8d2d 0.267232 230736 55253 1070190
7d6c 0.267053 226711 59086 1070190
7h6c 0.266571 226288 58993.5 1070190
7s6c 0.266571 226288 58993.5 1070190
8d4c 0.265836 227181 57314 1070190
8h4c 0.265361 226781 57206 1070190
8s4c 0.265361 226781 57206 1070190
8s6d 0.264575 226382 56763 1070190
8h6d 0.264575 226382 56763 1070190
8d6s 0.264516 226267 56815 1070190
8d6h 0.264516 226267 56815 1070190
8s6h 0.264025 225844 56712.5 1070190
8s6s 0.264025 225844 56712.5 1070190
8h6h 0.264025 225844 56712.5 1070190
8h6s 0.264025 225844 56712.5 1070190
8d3c 0.2629 224039 57314 1070190
8h3c 0.262425 223639 57206 1070190
8s3c 0.262425 223639 57206 1070190
8d2c 0.25999 220925 57314 1070190
8h2c 0.259516 220525 57206 1070190
8s2c 0.259516 220525 57206 1070190
7d5d 0.255332 214548 58706 1070190
7c5d 0.254086 210818 61102.5 1070190
7c5s 0.253575 210331 61042 1070190
7c5h 0.253575 210331 61042 1070190
7d5c 0.251469 208194 60926 1070190
7s5c 0.250997 207786 60829 1070190
7h5c 0.250997 207786 60829 1070190
8s5d 0.250809 210934 57479 1070190
8h5d 0.250809 210934 57479 1070190
8d5h 0.250744 210809 57535 1070190
8d5s 0.250744 210809 57535 1070190
8s5s 0.250264 210401 57428.5 1070190
8h5h 0.250264 210401 57428.5 1070190
8h5s 0.250264 210401 57428.5 1070190
8s5h 0.250264 210401 57428.5 1070190
7d4d 0.241708 199716 58958 1070190
7c4d 0.24023 195721 61371 1070190
7d3d 0.240111 198006 58958 1070190
7c4s 0.239719 195234 61310.5 1070190
7c4h 0.239719 195234 61310.5 1070190
7c3d 0.238716 194101 61371 1070190
7d2d 0.238513 196296 58958 1070190
7c3s 0.238205 193614 61310.5 1070190
7c3h 0.238205 193614 61310.5 1070190
6d5d 0.237358 193783 60235 1070190
7c2d 0.237203 192481 61371 1070190
7c2s 0.236691 191994 61310.5 1070190
7c2h 0.236691 191994 61310.5 1070190
8h4d 0.236375 195219 57747.5 1070190
8s4d 0.236375 195219 57747.5 1070190
8d4h 0.236305 195086 57805 1070190
8d4s 0.236305 195086 57805 1070190
7d4c 0.236229 191623 61187 1070190
8s4s 0.23583 194686 57697 1070190
8h4h 0.23583 194686 57697 1070190
8h4s 0.23583 194686 57697 1070190
8s4h 0.23583 194686 57697 1070190
7h4c 0.235763 191223 61088.5 1070190
7s4c 0.235763 191223 61088.5 1070190
7s6d 0.23517 192144 59533 1070190
7h6d 0.23517 192144 59533 1070190
7d6h 0.235134 192071 59567 1070190
7d6s 0.235134 192071 59567 1070190
8s3d 0.234777 193509 57747.5 1070190
8h3d 0.234777 193509 57747.5 1070190
8d3h 0.234707 193376 57805 1070190
8d3s 0.234707 193376 57805 1070190
7h6h 0.234652 191648 59474.5 1070190
7h6s 0.234652 191648 59474.5 1070190
7s6h 0.234652 191648 59474.5 1070190
7s6s 0.234652 191648 59474.5 1070190
8h3s 0.234232 192976 57697 1070190
8s3s 0.234232 192976 57697 1070190
8s3h 0.234232 192976 57697 1070190
8h3h 0.234232 192976 57697 1070190
6c5d 0.234185 187982 62640 1070190
6c5h 0.2337 187531 62572 1070190
6c5s 0.2337 187531 62572 1070190
7d3c 0.233293 188481 61187 1070190
8s2d 0.23318 191799 57747.5 1070190
8h2d 0.23318 191799 57747.5 1070190
8d2h 0.233109 191666 57805 1070190
8d2s 0.233109 191666 57805 1070190
6d5c 0.23293 186739 62540.5 1070190
7s3c 0.232827 188081 61088.5 1070190
7h3c 0.232827 188081 61088.5 1070190
8s2h 0.232634 191266 57697 1070190
8h2h 0.232634 191266 57697 1070190
8h2s 0.232634 191266 57697 1070190
8s2s 0.232634 191266 57697 1070190
6s5c 0.232463 186328 62452 1070190
6h5c 0.232463 186328 62452 1070190
7d2c 0.230383 185367 61187 1070190
7s2c 0.229918 184967 61088.5 1070190
7h2c 0.229918 184967 61088.5 1070190
5d4d 0.227185 181167 61964.5 1070190
5d3d 0.225588 179457 61964.5 1070190
5d2d 0.22399 177747 61964.5 1070190
6d4d 0.223471 177993 61163.5 1070190
5c4d 0.222444 173654 64403.5 1070190
5c4h 0.221973 173226 64327 1070190
5c4s 0.221973 173226 64327 1070190
6d3d 0.221873 176283 61163.5 1070190
4d3d 0.221826 175461 61935 1070190
5d4c 0.221208 172368 64367 1070190
5c3d 0.22093 172034 64403.5 1070190
5s4c 0.220748 171959 64283 1070190
5h4c 0.220748 171959 64283 1070190
7h5d 0.220473 174524 61424.5 1070190
7s5d 0.220473 174524 61424.5 1070190
5c3h 0.220459 171606 64327 1070190
5c3s 0.220459 171606 64327 1070190
7d5h 0.220434 174445 61461 1070190
7d5s 0.220434 174445 61461 1070190
6d2d 0.220275 174573 61163.5 1070190
4d2d 0.220228 173751 61935 1070190
6c4d 0.22006 171897 63608.5 1070190
7s5s 0.219962 174037 61364 1070190
7s5h 0.219962 174037 61364 1070190
7h5s 0.219962 174037 61364 1070190
7h5h 0.219962 174037 61364 1070190
6c4s 0.219576 171449 63539 1070190
6c4h 0.219576 171449 63539 1070190
5c2d 0.219417 170414 64403.5 1070190
5c2s 0.218945 169986 64327 1070190
5c2h 0.218945 169986 64327 1070190
3d2d 0.21863 172041 61935 1070190
6c3d 0.218546 170277 63608.5 1070190
5d3c 0.218272 169226 64367 1070190
6c3h 0.218062 169829 63539 1070190
6c3s 0.218062 169829 63539 1070190
5h3c 0.217812 168817 64283 1070190
5s3c 0.217812 168817 64283 1070190
6d4c 0.217411 169165 63506.5 1070190
6c2d 0.217032 168657 63608.5 1070190
6s4c 0.21695 168762 63416 1070190
6h4c 0.21695 168762 63416 1070190
6c2h 0.216548 168209 63539 1070190
6c2s 0.216548 168209 63539 1070190
4c3d 0.215736 166522 64357 1070190
5d2c 0.215363 166112 64367 1070190
4c3h 0.215276 166110 64276.5 1070190
4c3s 0.215276 166110 64276.5 1070190
5s2c 0.214902 165703 64283 1070190
5h2c 0.214902 165703 64283 1070190
6d3c 0.214475 166023 63506.5 1070190
4d3c 0.21444 165135 64357 1070190
4c2d 0.214223 164902 64357 1070190
6s3c 0.214014 165620 63416 1070190
6h3c 0.214014 165620 63416 1070190
4s3c 0.21398 164723 64276.5 1070190
4h3c 0.21398 164723 64276.5 1070190
4c2h 0.213763 164490 64276.5 1070190
4c2s 0.213763 164490 64276.5 1070190
6d2c 0.211566 162909 63506.5 1070190
4d2c 0.211531 162021 64357 1070190
3c2d 0.211287 161760 64357 1070190
6s2c 0.211105 162506 63416 1070190
6h2c 0.211105 162506 63416 1070190
4h2c 0.21107 161609 64276.5 1070190
4s2c 0.21107 161609 64276.5 1070190
3c2h 0.210827 161348 64276.5 1070190
3c2s 0.210827 161348 64276.5 1070190
3d2c 0.210017 160401 64357 1070190
3s2c 0.209557 159989 64276.5 1070190
3h2c 0.209557 159989 64276.5 1070190
7h4d 0.20604 158809 61693 1070190
7s4d 0.20604 158809 61693 1070190
7d4h 0.205994 158722 61731 1070190
7d4s 0.205994 158722 61731 1070190
7s4s 0.205528 158322 61632.5 1070190
7h4s 0.205528 158322 61632.5 1070190
7h4h 0.205528 158322 61632.5 1070190
7s4h 0.205528 158322 61632.5 1070190
7h3d 0.204442 157099 61693 1070190
7s3d 0.204442 157099 61693 1070190
7d3h 0.204396 157012 61731 1070190
7d3s 0.204396 157012 61731 1070190
7h3h 0.203931 156612 61632.5 1070190
7h3s 0.203931 156612 61632.5 1070190
7s3s 0.203931 156612 61632.5 1070190
7s3h 0.203931 156612 61632.5 1070190
7h2d 0.202844 155389 61693 1070190
7s2d 0.202844 155389 61693 1070190
7d2h 0.202799 155302 61731 1070190
7d2s 0.202799 155302 61731 1070190
7s2s 0.202333 154902 61632.5 1070190
7h2s 0.202333 154902 61632.5 1070190
7h2h 0.202333 154902 61632.5 1070190
7s2h 0.202333 154902 61632.5 1070190
6s5d 0.201495 152583 63055 1070190
6h5d 0.201495 152583 63055 1070190
6d5h 0.201477 152543 63075.5 1070190
6d5s 0.201477 152543 63075.5 1070190
6s5h 0.20101 152132 62987 1070190
6h5s 0.20101 152132 62987 1070190
6s5s 0.20101 152132 62987 1070190
6h5h 0.20101 152132 62987 1070190
5h4d 0.190895 139389 64904.5 1070190
5s4d 0.190895 139389 64904.5 1070190
5d4s 0.190884 139370 64912 1070190
5d4h 0.190884 139370 64912 1070190
5s4h 0.190423 138961 64828 1070190
5s4s 0.190423 138961 64828 1070190
5h4h 0.190423 138961 64828 1070190
5h4s 0.190423 138961 64828 1070190
5h3d 0.189297 137679 64904.5 1070190
5s3d 0.189297 137679 64904.5 1070190
5d3s 0.189286 137660 64912 1070190
5d3h 0.189286 137660 64912 1070190
5h3h 0.188825 137251 64828 1070190
5h3s 0.188825 137251 64828 1070190
5s3s 0.188825 137251 64828 1070190
5s3h 0.188825 137251 64828 1070190
5h2d 0.187699 135969 64904.5 1070190
5s2d 0.187699 135969 64904.5 1070190
5d2h 0.187688 135950 64912 1070190
5d2s 0.187688 135950 64912 1070190
5h2h 0.187228 135541 64828 1070190
5s2s 0.187228 135541 64828 1070190
5s2h 0.187228 135541 64828 1070190
5h2s 0.187228 135541 64828 1070190
6h4d 0.18678 135844 64046 1070190
6s4d 0.18678 135844 64046 1070190
6d4h 0.186757 135799 64067 1070190
6d4s 0.186757 135799 64067 1070190
6s4h 0.186296 135396 63976.5 1070190
6s4s 0.186296 135396 63976.5 1070190
6h4s 0.186296 135396 63976.5 1070190
6h4h 0.186296 135396 63976.5 1070190
4d3s 0.185381 133516 64877 1070190
4d3h 0.185381 133516 64877 1070190
4h3d 0.185381 133516 64877 1070190
4s3d 0.185381 133516 64877 1070190
6s3d 0.185182 134134 64046 1070190
6h3d 0.185182 134134 64046 1070190
6d3h 0.18516 134089 64067 1070190
6d3s 0.18516 134089 64067 1070190
4h3s 0.184921 133104 64796.5 1070190
4h3h 0.184921 133104 64796.5 1070190
4s3h 0.184921 133104 64796.5 1070190
4s3s 0.184921 133104 64796.5 1070190
6h3s 0.184699 133686 63976.5 1070190
6h3h 0.184699 133686 63976.5 1070190
6s3s 0.184699 133686 63976.5 1070190
6s3h 0.184699 133686 63976.5 1070190
4d2h 0.183783 131806 64877 1070190
4d2s 0.183783 131806 64877 1070190
4s2d 0.183783 131806 64877 1070190
4h2d 0.183783 131806 64877 1070190
6h2d 0.183584 132424 64046 1070190
6s2d 0.183584 132424 64046 1070190
6d2h 0.183562 132379 64067 1070190
6d2s 0.183562 132379 64067 1070190
4h2s 0.183323 131394 64796.5 1070190
4h2h 0.183323 131394 64796.5 1070190
4s2h 0.183323 131394 64796.5 1070190
4s2s 0.183323 131394 64796.5 1070190
6s2h 0.183101 131976 63976.5 1070190
6h2h 0.183101 131976 63976.5 1070190
6h2s 0.183101 131976 63976.5 1070190
6s2s 0.183101 131976 63976.5 1070190
3s2d 0.182185 130096 64877 1070190
3d2h 0.182185 130096 64877 1070190
3d2s 0.182185 130096 64877 1070190
3h2d 0.182185 130096 64877 1070190
3s2h 0.181725 129684 64796.5 1070190
3s2s 0.181725 129684 64796.5 1070190
3h2s 0.181725 129684 64796.5 1070190
3h2h 0.181725 129684 64796.5 1070190
