JsJh 0.999692 1069860 0 1070190
AdAc 0.994929 1064268 495 1070190
AsAc 0.994923 1064262 495 1070190
AsAd 0.994923 1064262 495 1070190
AdJh 0.994433 1061374 2858 1070190
AcJh 0.994433 1061374 2858 1070190
AcJs 0.994427 1061368 2858 1070190
AdJs 0.994427 1061368 2858 1070190
AsJh 0.994427 1061368 2858 1070190
AsJs 0.994422 1061362 2858 1070190
KhJh 0.958291 1018085 7468.5 1070190
KcJh 0.956612 1016157 7599.5 1070190
KdJh 0.956612 1016157 7599.5 1070190
KcJs 0.95625 1015792 7577 1070190
KdJs 0.95625 1015792 7577 1070190
KsJh 0.956245 1015769 7595 1070190
KhJs 0.956226 1015745 7599 1070190
KsJs 0.955883 1015404 7572.5 1070190
QhJh 0.954817 1012447 9388.5 1070190
QdJh 0.953158 1010413 9647.5 1070190
QcJh 0.953158 1010413 9647.5 1070190
QdJs 0.95286 1010148 9593 1070190
QcJs 0.95286 1010148 9593 1070190
QhJs 0.952834 1010098 9615 1070190
QsJh 0.952792 1010025 9643 1070190
QsJs 0.952493 1009760 9588.5 1070190
JhTh 0.951837 1007588 11058 1070190
JhTd 0.950231 1005499 11429 1070190
JhTc 0.950231 1005499 11429 1070190
JsTc 0.949985 1005318 11346.5 1070190
JsTd 0.949985 1005318 11346.5 1070190
JsTh 0.949956 1005265 11368.5 1070190
JhTs 0.949865 1005111 11424.5 1070190
JsTs 0.949618 1004930 11342 1070190
Jh9h 0.941091 995584 11562 1070190
Jh8h 0.939381 992854 12462 1070190
Jh9c 0.938821 992751 11965.5 1070190
Jh9d 0.938821 992751 11965.5 1070190
Js9c 0.93862 992643 11859 1070190
Js9d 0.93862 992643 11859 1070190
Js9h 0.938591 992589 11881.5 1070190
Jh9s 0.938442 992346 11965.5 1070190
Js9s 0.938242 992238 11859 1070190
Jh7h 0.937396 990130 13062 1070190
Jh8c 0.936996 989838 12925.5 1070190
Jh8d 0.936996 989838 12925.5 1070190
Js8d 0.936823 989775 12804 1070190
Js8c 0.936823 989775 12804 1070190
Js8h 0.936797 989724 12826.5 1070190
Jh8s 0.93662 989436 12925.5 1070190
Js8s 0.936448 989373 12804 1070190
Jh5h 0.936331 988450 13602 1070190
Jh4h 0.936185 988234 13662 1070190
Jh3h 0.936152 988198 13662 1070190
Jh2h 0.936118 988162 13662 1070190
Jh6h 0.93586 988126 13422 1070190
Jh7c 0.934883 986937 13565.5 1070190
Jh7d 0.934883 986937 13565.5 1070190
Js7c 0.934729 986904 13434 1070190
Js7d 0.934729 986904 13434 1070190
Js7h 0.934706 986856 13456.5 1070190
Jh7s 0.934507 986535 13565.5 1070190
Js7s 0.934354 986502 13434 1070190
Jh5d 0.933739 985137 14141.5 1070190
Jh5c 0.933739 985137 14141.5 1070190
Js5d 0.933602 985131 14001 1070190
Js5c 0.933602 985131 14001 1070190
Jh4c 0.933586 984909 14205.5 1070190
Jh4d 0.933586 984909 14205.5 1070190
Js5h 0.933584 985089 14023.5 1070190
Jh3c 0.933552 984873 14205.5 1070190
Jh3d 0.933552 984873 14205.5 1070190
Jh2c 0.933519 984837 14205.5 1070190
Jh2d 0.933519 984837 14205.5 1070190
Js4d 0.933451 984906 14064 1070190
Js4c 0.933451 984906 14064 1070190
Js4h 0.933433 984864 14086.5 1070190
Js3d 0.933417 984870 14064 1070190
Js3c 0.933417 984870 14064 1070190
Js3h 0.933399 984828 14086.5 1070190
Js2d 0.933384 984834 14064 1070190
Js2c 0.933384 984834 14064 1070190
Jh5s 0.933367 984738 14141.5 1070190
Js2h 0.933366 984792 14086.5 1070190
Jh6d 0.933249 984804 13949.5 1070190
Jh6c 0.933249 984804 13949.5 1070190
Js5s 0.93323 984732 14001 1070190
Jh4s 0.933213 984510 14205.5 1070190
Jh3s 0.93318 984474 14205.5 1070190
Jh2s 0.933146 984438 14205.5 1070190
Js6d 0.933106 984789 13812 1070190
Js6c 0.933106 984789 13812 1070190
Js6h 0.933085 984744 13834.5 1070190
Js4s 0.933078 984507 14064 1070190
Js3s 0.933045 984471 14064 1070190
Js2s 0.933011 984435 14064 1070190
Jh6s 0.932873 984402 13949.5 1070190
Js6s 0.932731 984387 13812 1070190
AdKd 0.891751 945056 9286.5 1070190
AcKc 0.891751 945056 9286.5 1070190
AcKd 0.887143 939906 9505.5 1070190
AdKc 0.887143 939906 9505.5 1070190
AdKh 0.88704 939818 9483.5 1070190
AcKh 0.88704 939818 9483.5 1070190
AsKd 0.8867 939455 9483 1070190
AsKc 0.8867 939455 9483 1070190
AsKh 0.886598 939367 9461 1070190
AcKs 0.886405 939143 9479 1070190
AdKs 0.886405 939143 9479 1070190
AsKs 0.885963 938692 9456.5 1070190
AdQd 0.883467 932023 13454.5 1070190
AcQc 0.883467 932023 13454.5 1070190
AcQd 0.87836 926059 13953.5 1070190
AdQc 0.87836 926059 13953.5 1070190
AcQh 0.878258 925971 13931.5 1070190
AdQh 0.878258 925971 13931.5 1070190
AsQc 0.877981 925708 13899 1070190
AsQd 0.877981 925708 13899 1070190
AsQh 0.877879 925620 13877 1070190
AcQs 0.877628 925302 13927 1070190
AdQs 0.877628 925302 13927 1070190
AsQs 0.877249 924951 13872.5 1070190
AcTc 0.870437 910181 21352.5 1070190
AdTd 0.870437 910181 21352.5 1070190
AcTd 0.864841 903409 22135.5 1070190
AdTc 0.864841 903409 22135.5 1070190
AdTh 0.864787 903409 22077.5 1070190
AcTh 0.864787 903409 22077.5 1070190
AsTd 0.864563 903230 22017 1070190
AsTc 0.864563 903230 22017 1070190
AsTh 0.864509 903230 21959 1070190
AdTs 0.864163 902746 22073 1070190
AcTs 0.864163 902746 22073 1070190
AsTs 0.863885 902567 21954.5 1070190
Ac9c 0.859313 895821 23807.5 1070190
Ad9d 0.859313 895821 23807.5 1070190
Ac8c 0.854797 888804 25991.5 1070190
Ad8d 0.854797 888804 25991.5 1070190
Ad9c 0.852797 887895 24760 1070190
Ac9d 0.852797 887895 24760 1070190
Ad9h 0.852745 887895 24704.5 1070190
Ac9h 0.852745 887895 24704.5 1070190
As9c 0.852566 887787 24620.5 1070190
As9d 0.852566 887787 24620.5 1070190
As9h 0.852514 887787 24565 1070190
Ad9s 0.852089 887193 24704.5 1070190
Ac9s 0.852089 887193 24704.5 1070190
As9s 0.851858 887085 24565 1070190
Ac7c 0.851286 883524 27514 1070190
Ad7d 0.851286 883524 27514 1070190
Ac6c 0.84886 879948 28494 1070190
Ad6d 0.84886 879948 28494 1070190
Ad8c 0.848026 880452 27097 1070190
Ac8d 0.848026 880452 27097 1070190
Ad8h 0.847977 880452 27044.5 1070190
Ac8h 0.847977 880452 27044.5 1070190
Ac5c 0.847909 878373 29050.5 1070190
Ad5d 0.847909 878373 29050.5 1070190
As8d 0.847826 880389 26945.5 1070190
As8c 0.847826 880389 26945.5 1070190
As8h 0.847777 880389 26893 1070190
Ac8s 0.847321 879750 27044.5 1070190
Ad8s 0.847321 879750 27044.5 1070190
Ac4c 0.847295 877464 29302.5 1070190
Ad4d 0.847295 877464 29302.5 1070190
As8s 0.847121 879687 26893 1070190
Ac2c 0.847099 877188 29369 1070190
Ac3c 0.847099 877188 29369 1070190
Ad2d 0.847099 877188 29369 1070190
Ad3d 0.847099 877188 29369 1070190
Ac7d 0.84429 874824 28727 1070190
Ad7c 0.84429 874824 28727 1070190
Ac7h 0.844244 874824 28677 1070190
Ad7h 0.844244 874824 28677 1070190
As7d 0.844111 874791 28568 1070190
As7c 0.844111 874791 28568 1070190
As7h 0.844064 874791 28518 1070190
Ad7s 0.843582 874116 28677 1070190
Ac7s 0.843582 874116 28677 1070190
As7s 0.843403 874083 28518 1070190
Ad6c 0.841706 871008 29777 1070190
Ac6d 0.841706 871008 29777 1070190
Ad6h 0.841661 871008 29729 1070190
Ac6h 0.841661 871008 29729 1070190
As6d 0.841539 870993 29614 1070190
As6c 0.841539 870993 29614 1070190
As6h 0.841495 870993 29566 1070190
Ad6s 0.840994 870294 29729 1070190
Ac6s 0.840994 870294 29729 1070190
As6s 0.840827 870279 29566 1070190
Ac5d 0.840741 869379 30374 1070190
Ad5c 0.840741 869379 30374 1070190
Ad5h 0.840698 869379 30327.5 1070190
Ac5h 0.840698 869379 30327.5 1070190
As5d 0.840582 869373 30209.5 1070190
As5c 0.840582 869373 30209.5 1070190
As5h 0.840539 869373 30163 1070190
Ad4c 0.8401 868422 30645 1070190
Ac4d 0.8401 868422 30645 1070190
Ac4h 0.840058 868422 30599.5 1070190
Ad4h 0.840058 868422 30599.5 1070190
Ad5s 0.840036 868671 30327.5 1070190
Ac5s 0.840036 868671 30327.5 1070190
As4c 0.839944 868419 30480.5 1070190
As4d 0.839944 868419 30480.5 1070190
As4h 0.839901 868419 30435 1070190
Ac2d 0.839899 868134 30717 1070190
Ad2c 0.839899 868134 30717 1070190
Ad3c 0.839899 868134 30717 1070190
Ac3d 0.839899 868134 30717 1070190
As5s 0.839877 868665 30163 1070190
Ac3h 0.839856 868134 30672 1070190
Ad2h 0.839856 868134 30672 1070190
Ac2h 0.839856 868134 30672 1070190
Ad3h 0.839856 868134 30672 1070190
As2c 0.839742 868131 30553 1070190
As2d 0.839742 868131 30553 1070190
As3c 0.839742 868131 30553 1070190
As3d 0.839742 868131 30553 1070190
As2h 0.8397 868131 30508 1070190
As3h 0.8397 868131 30508 1070190
Ad4s 0.839396 867714 30599.5 1070190
Ac4s 0.839396 867714 30599.5 1070190
As4s 0.83924 867711 30435 1070190
Ac2s 0.839195 867426 30672 1070190
Ac3s 0.839195 867426 30672 1070190
Ad2s 0.839195 867426 30672 1070190
Ad3s 0.839195 867426 30672 1070190
As3s 0.839039 867423 30508 1070190
As2s 0.839039 867423 30508 1070190
KdKc 0.792724 844112 4253 1070190
KhKd 0.792641 844023 4253 1070190
KhKc 0.792641 844023 4253 1070190
KsKc 0.792318 843682 4248.5 1070190
KsKd 0.792318 843682 4248.5 1070190
KsKh 0.792235 843593 4248.5 1070190
QdQc 0.773563 823606 4253 1070190
QhQd 0.773477 823514 4253 1070190
QhQc 0.773477 823514 4253 1070190
QsQc 0.773157 823176 4248.5 1070190
QsQd 0.773157 823176 4248.5 1070190
QsQh 0.773071 823084 4248.5 1070190
TdTc 0.711334 741004 20259 1070190
ThTc 0.711294 740997 20223 1070190
ThTd 0.711294 740997 20223 1070190
TsTc 0.710977 740662 20218.5 1070190
TsTd 0.710977 740662 20218.5 1070190
TsTh 0.710937 740655 20182.5 1070190
9d9c 0.66434 687053 23917.5 1070190
9h9d 0.664301 687044 23884.5 1070190
9h9c 0.664301 687044 23884.5 1070190
9s9c 0.663973 686693 23884.5 1070190
9s9d 0.663973 686693 23884.5 1070190
9s9h 0.663934 686684 23851.5 1070190
KhQh 0.656943 662153 40901 1070190
KcQc 0.656743 661975 40865 1070190
KdQd 0.656743 661975 40865 1070190
KhTh 0.649789 653501 41896.5 1070190
KcTc 0.649612 653344 41864.5 1070190
KdTd 0.649612 653344 41864.5 1070190
KdQc 0.643459 647104 41519 1070190
KcQd 0.643459 647104 41519 1070190
KcQh 0.643412 647054 41519 1070190
KdQh 0.643412 647054 41519 1070190
KhQc 0.643412 647054 41519 1070190
KhQd 0.643412 647054 41519 1070190
KsQd 0.642727 646384 41455.5 1070190
KsQc 0.642727 646384 41455.5 1070190
KdQs 0.642699 646323 41487.5 1070190
KcQs 0.642699 646323 41487.5 1070190
KsQh 0.64268 646334 41455.5 1070190
KhQs 0.642653 646273 41487.5 1070190
KsQs 0.641967 645603 41424 1070190
KcTd 0.635991 638109 42522.5 1070190
KdTc 0.635991 638109 42522.5 1070190
KhTd 0.635948 638067 42518.5 1070190
KcTh 0.635948 638067 42518.5 1070190
KhTc 0.635948 638067 42518.5 1070190
KdTh 0.635948 638067 42518.5 1070190
KsTd 0.635289 637425 42455 1070190
KsTc 0.635289 637425 42455 1070190
KsTh 0.635246 637383 42451 1070190
KcTs 0.635241 637342 42487 1070190
KdTs 0.635241 637342 42487 1070190
KhTs 0.635198 637300 42483 1070190
KsTs 0.634539 636658 42419.5 1070190
8d8c 0.634393 651167 27754.5 1070190
8h8c 0.63436 651161 27724.5 1070190
8h8d 0.63436 651161 27724.5 1070190
8s8d 0.634032 650810 27724.5 1070190
8s8c 0.634032 650810 27724.5 1070190
8s8h 0.633998 650804 27694.5 1070190
7d7c 0.606136 617642 31038.5 1070190
7h7d 0.606107 617639 31011 1070190
7h7c 0.606107 617639 31011 1070190
7s7c 0.605777 617285 31011 1070190
7s7d 0.605777 617285 31011 1070190
7s7h 0.605748 617282 30983.5 1070190
QhTh 0.594338 595062 40992.5 1070190
QcTc 0.594308 595062 40960.5 1070190
QdTd 0.594308 595062 40960.5 1070190
6d6c 0.580186 587045 33864.5 1070190
6h6d 0.580162 587045 33839 1070190
6h6c 0.580162 587045 33839 1070190
6s6d 0.579829 586688 33839 1070190
6s6c 0.579829 586688 33839 1070190
6s6h 0.579805 586688 33813.5 1070190
Kd9d 0.579542 568032 52188 1070190
Kc9c 0.579542 568032 52188 1070190
Kh9h 0.579451 567903 52219.5 1070190
QcTd 0.577718 576697 41570.5 1070190
QdTc 0.577718 576697 41570.5 1070190
QdTh 0.577682 576663 41566.5 1070190
QcTh 0.577682 576663 41566.5 1070190
QhTd 0.577675 576655 41566.5 1070190
QhTc 0.577675 576655 41566.5 1070190
QsTc 0.577022 576016 41507 1070190
QsTd 0.577022 576016 41507 1070190
QdTs 0.577008 575973 41535 1070190
QcTs 0.577008 575973 41535 1070190
QsTh 0.576986 575982 41503 1070190
QhTs 0.576965 575931 41531 1070190
QsTs 0.576312 575292 41471.5 1070190
Kd8d 0.572745 558115 54831 1070190
Kc8c 0.572745 558115 54831 1070190
Kh8h 0.572687 558021 54862.5 1070190
Kc7c 0.567392 550633 56584 1070190
Kd7d 0.567392 550633 56584 1070190
Kh7h 0.567339 550545 56615.5 1070190
Kc6c 0.563313 545227 57625 1070190
Kd6d 0.563313 545227 57625 1070190
Kh6h 0.563266 545145 57656.5 1070190
Kc9d 0.5622 548223 53437.5 1070190
Kd9c 0.5622 548223 53437.5 1070190
Kh9c 0.562155 548180 53433 1070190
Kh9d 0.562155 548180 53433 1070190
Kc9h 0.562153 548178 53433 1070190
Kd9h 0.562153 548178 53433 1070190
Ks9c 0.56158 547668 53329.5 1070190
Ks9d 0.56158 547668 53329.5 1070190
Ks9h 0.561534 547623 53325 1070190
Kd9s 0.56144 547437 53410.5 1070190
Kc9s 0.56144 547437 53410.5 1070190
Kh9s 0.561396 547394 53406 1070190
Kc5c 0.560843 542077 58132 1070190
Kd5d 0.560843 542077 58132 1070190
Ks9s 0.560821 546882 53302.5 1070190
Kh5h 0.560802 542001 58163.5 1070190
Kd4d 0.558736 539671 58283 1070190
Kc4c 0.558736 539671 58283 1070190
Kh4h 0.558695 539595 58314.5 1070190
5d5c 0.558223 561077 36327.5 1070190
5h5d 0.558203 561080 36303.5 1070190
5h5c 0.558203 561080 36303.5 1070190
5s5d 0.55787 560723 36303.5 1070190
5s5c 0.55787 560723 36303.5 1070190
5s5h 0.55785 560726 36279.5 1070190
Kd3d 0.556962 537799 58256 1070190
Kc3c 0.556962 537799 58256 1070190
Kh3h 0.55692 537723 58287.5 1070190
Kd2d 0.555187 535927 58229 1070190
Kc2c 0.555187 535927 58229 1070190
Kh2h 0.555146 535851 58260.5 1070190
Kd8c 0.555099 537801 56260.5 1070190
Kc8d 0.555099 537801 56260.5 1070190
Kh8c 0.555055 537758 56256 1070190
Kh8d 0.555055 537758 56256 1070190
Kc8h 0.555053 537756 56256 1070190
Kd8h 0.555053 537756 56256 1070190
Ks8c 0.554508 537291 56137.5 1070190
Ks8d 0.554508 537291 56137.5 1070190
Ks8h 0.554461 537246 56133 1070190
Kc8s 0.554339 537015 56233.5 1070190
Kd8s 0.554339 537015 56233.5 1070190
Kh8s 0.554295 536972 56229 1070190
Ks8s 0.553748 536505 56110.5 1070190
Kc7d 0.54948 529914 58133.5 1070190
Kd7c 0.54948 529914 58133.5 1070190
Kh7c 0.549435 529871 58129 1070190
Kh7d 0.549435 529871 58129 1070190
Kc7h 0.549433 529869 58129 1070190
Kd7h 0.549433 529869 58129 1070190
Ks7c 0.548907 529434 58000.5 1070190
Ks7d 0.548907 529434 58000.5 1070190
Ks7h 0.54886 529389 57996 1070190
Kd7s 0.548715 529123 58106.5 1070190
Kc7s 0.548715 529123 58106.5 1070190
Kh7s 0.548671 529080 58102 1070190
Ks7s 0.548142 528643 57973.5 1070190
Kc6d 0.545221 524244 59246.5 1070190
Kd6c 0.545221 524244 59246.5 1070190
Kh6c 0.545177 524201 59242 1070190
Kh6d 0.545177 524201 59242 1070190
Kc6h 0.545175 524199 59242 1070190
Kd6h 0.545175 524199 59242 1070190
Ks6d 0.54466 523782 59107.5 1070190
Ks6c 0.54466 523782 59107.5 1070190
Ks6h 0.544614 523737 59103 1070190
Kc6s 0.544451 523447 59219.5 1070190
Kd6s 0.544451 523447 59219.5 1070190
Kh6s 0.544407 523404 59215 1070190
Ks6s 0.54389 522985 59080.5 1070190
Kc5d 0.542735 521040 59789.5 1070190
Kd5c 0.542735 521040 59789.5 1070190
Kh5d 0.542691 520997 59785 1070190
Kh5c 0.542691 520997 59785 1070190
Kd5h 0.542689 520995 59785 1070190
Kc5h 0.542689 520995 59785 1070190
Ks5c 0.542179 520587 59647.5 1070190
Ks5d 0.542179 520587 59647.5 1070190
Ks5h 0.542133 520542 59643 1070190
Kc5s 0.541971 520249 59762.5 1070190
Kd5s 0.541971 520249 59762.5 1070190
Kh5s 0.541926 520206 59758 1070190
Ks5s 0.541415 519796 59620.5 1070190
Kd4c 0.540605 518598 59952.5 1070190
Kc4d 0.540605 518598 59952.5 1070190
Kh4d 0.540561 518555 59948 1070190
Kh4c 0.540561 518555 59948 1070190
Kc4h 0.540559 518553 59948 1070190
Kd4h 0.540559 518553 59948 1070190
Ks4d 0.540051 518148 59809.5 1070190
Ks4c 0.540051 518148 59809.5 1070190
Ks4h 0.540005 518103 59805 1070190
Kc4s 0.539841 517807 59925.5 1070190
Kd4s 0.539841 517807 59925.5 1070190
Kh4s 0.539797 517764 59921 1070190
Ks4s 0.539287 517357 59782.5 1070190
Kd3c 0.538831 516726 59925.5 1070190
Kc3d 0.538831 516726 59925.5 1070190
Kh3c 0.538787 516683 59921 1070190
Kh3d 0.538787 516683 59921 1070190
Kc3h 0.538785 516681 59921 1070190
Kd3h 0.538785 516681 59921 1070190
Ks3d 0.538277 516276 59782.5 1070190
Ks3c 0.538277 516276 59782.5 1070190
Ks3h 0.538231 516231 59778 1070190
Kc3s 0.538067 515935 59898.5 1070190
Kd3s 0.538067 515935 59898.5 1070190
Kh3s 0.538022 515892 59894 1070190
Ks3s 0.537512 515485 59755.5 1070190
Kd2c 0.537057 514854 59898.5 1070190
Kc2d 0.537057 514854 59898.5 1070190
Kh2c 0.537012 514811 59894 1070190
Kh2d 0.537012 514811 59894 1070190
Kc2h 0.53701 514809 59894 1070190
Kd2h 0.53701 514809 59894 1070190
4d4c 0.53662 535763 38522.5 1070190
4h4d 0.536601 535766 38499.5 1070190
4h4c 0.536601 535766 38499.5 1070190
Ks2d 0.536502 514404 59755.5 1070190
Ks2c 0.536502 514404 59755.5 1070190
Ks2h 0.536456 514359 59751 1070190
Kc2s 0.536292 514063 59871.5 1070190
Kd2s 0.536292 514063 59871.5 1070190
4s4c 0.536268 535409 38499.5 1070190
4s4d 0.536268 535409 38499.5 1070190
4s4h 0.536249 535412 38476.5 1070190
Kh2s 0.536248 514020 59867 1070190
Ks2s 0.535738 513613 59728.5 1070190
Qd9d 0.518886 499085 56222 1070190
Qc9c 0.518886 499085 56222 1070190
Qh9h 0.518625 498748 56279.5 1070190
3d3c 0.515994 511667 40544.5 1070190
3h3d 0.515976 511670 40522 1070190
3h3c 0.515976 511670 40522 1070190
3s3d 0.515642 511313 40522 1070190
3s3c 0.515642 511313 40522 1070190
3s3h 0.515624 511316 40499.5 1070190
Qc8c 0.512089 489168 58865 1070190
Qd8d 0.512089 489168 58865 1070190
Qh8h 0.511861 488866 58922.5 1070190
Qc7c 0.498472 472486 60974 1070190
Qd7d 0.498472 472486 60974 1070190
Qc9d 0.498348 475651 57676.5 1070190
Qd9c 0.498348 475651 57676.5 1070190
Qc9h 0.49831 475614 57672.5 1070190
Qd9h 0.49831 475614 57672.5 1070190
Qh9d 0.498305 475608 57672.5 1070190
Qh9c 0.498305 475608 57672.5 1070190
Qh7h 0.498282 472225 61031.5 1070190
Qs9d 0.497734 475094 57575.5 1070190
Qs9c 0.497734 475094 57575.5 1070190
Qs9h 0.497695 475057 57571.5 1070190
Qc9s 0.497631 474914 57646 1070190
Qd9s 0.497631 474914 57646 1070190
Qh9s 0.497587 474871 57642 1070190
Qs9s 0.497016 474357 57545 1070190
2d2c 0.4959 488219 42488.5 1070190
2h2d 0.495882 488222 42466 1070190
2h2c 0.495882 488222 42466 1070190
2s2c 0.495548 487865 42466 1070190
2s2d 0.495548 487865 42466 1070190
2s2h 0.49553 487868 42443.5 1070190
Qd6d 0.494394 467080 62015 1070190
Qc6c 0.494394 467080 62015 1070190
Qh6h 0.494209 466825 62072.5 1070190
Qd5d 0.491924 463930 62522 1070190
Qc5c 0.491924 463930 62522 1070190
Qh5h 0.491745 463681 62579.5 1070190
Qd8c 0.491248 465229 60499.5 1070190
Qc8d 0.491248 465229 60499.5 1070190
Qd8h 0.49121 465192 60495.5 1070190
Qc8h 0.49121 465192 60495.5 1070190
Qh8d 0.491204 465186 60495.5 1070190
Qh8c 0.491204 465186 60495.5 1070190
Qs8d 0.490661 464717 60383.5 1070190
Qs8c 0.490661 464717 60383.5 1070190
Qs8h 0.490623 464680 60379.5 1070190
Qd8s 0.490531 464492 60469 1070190
Qc8s 0.490531 464492 60469 1070190
Qh8s 0.490487 464449 60465 1070190
Qs8s 0.489944 463980 60353 1070190
Qc4c 0.489817 461524 62673 1070190
Qd4d 0.489817 461524 62673 1070190
Qh4h 0.489638 461275 62730.5 1070190
Qd3d 0.488042 459652 62646 1070190
Qc3c 0.488042 459652 62646 1070190
Qh3h 0.487863 459403 62703.5 1070190
Qd2d 0.486268 457780 62619 1070190
Qc2c 0.486268 457780 62619 1070190
Qh2h 0.486089 457531 62676.5 1070190
Qd7c 0.476885 447605 62752.5 1070190
Qc7d 0.476885 447605 62752.5 1070190
Qc7h 0.476847 447568 62748.5 1070190
Qd7h 0.476847 447568 62748.5 1070190
Qh7d 0.476841 447562 62748.5 1070190
Qh7c 0.476841 447562 62748.5 1070190
Qs7c 0.47632 447128 62624.5 1070190
Qs7d 0.47632 447128 62624.5 1070190
Qs7h 0.476281 447091 62620.5 1070190
Qd7s 0.476166 446866 62722 1070190
Qc7s 0.476166 446866 62722 1070190
Qh7s 0.476122 446823 62718 1070190
Qs7s 0.475601 446389 62594 1070190
Qd6c 0.472627 441935 63865.5 1070190
Qc6d 0.472627 441935 63865.5 1070190
Qc6h 0.472589 441898 63861.5 1070190
Qd6h 0.472589 441898 63861.5 1070190
Qh6c 0.472583 441892 63861.5 1070190
Qh6d 0.472583 441892 63861.5 1070190
Qs6d 0.472073 441476 63731.5 1070190
Qs6c 0.472073 441476 63731.5 1070190
Qs6h 0.472034 441439 63727.5 1070190
Qc6s 0.471902 441190 63835 1070190
Qd6s 0.471902 441190 63835 1070190
Qh6s 0.471858 441147 63831 1070190
Qs6s 0.471348 440731 63701 1070190
Qc5d 0.47014 438731 64408.5 1070190
Qd5c 0.47014 438731 64408.5 1070190
Qd5h 0.470102 438694 64404.5 1070190
Qc5h 0.470102 438694 64404.5 1070190
Qh5d 0.470096 438688 64404.5 1070190
Qh5c 0.470096 438688 64404.5 1070190
Qs5c 0.469592 438281 64271.5 1070190
Qs5d 0.469592 438281 64271.5 1070190
Qs5h 0.469554 438244 64267.5 1070190
Qc5s 0.469421 437992 64378 1070190
Qd5s 0.469421 437992 64378 1070190
Qh5s 0.469377 437949 64374 1070190
Qs5s 0.468873 437542 64241 1070190
Qd4c 0.468011 436289 64571.5 1070190
Qc4d 0.468011 436289 64571.5 1070190
Qc4h 0.467973 436252 64567.5 1070190
Qd4h 0.467973 436252 64567.5 1070190
Qh4d 0.467967 436246 64567.5 1070190
Qh4c 0.467967 436246 64567.5 1070190
Qs4c 0.467464 435842 64433.5 1070190
Qs4d 0.467464 435842 64433.5 1070190
Qs4h 0.467426 435805 64429.5 1070190
Qc4s 0.467292 435550 64541 1070190
Qd4s 0.467292 435550 64541 1070190
Qh4s 0.467248 435507 64537 1070190
Qs4s 0.466745 435103 64403 1070190
Qd3c 0.466236 434417 64544.5 1070190
Qc3d 0.466236 434417 64544.5 1070190
Qd3h 0.466198 434380 64540.5 1070190
Qc3h 0.466198 434380 64540.5 1070190
Qh3c 0.466192 434374 64540.5 1070190
Qh3d 0.466192 434374 64540.5 1070190
Qs3c 0.46569 433970 64406.5 1070190
Qs3d 0.46569 433970 64406.5 1070190
Qs3h 0.465651 433933 64402.5 1070190
Qd3s 0.465517 433678 64514 1070190
Qc3s 0.465517 433678 64514 1070190
Qh3s 0.465473 433635 64510 1070190
Qs3s 0.464971 433231 64376 1070190
Qc2d 0.464462 432545 64517.5 1070190
Qd2c 0.464462 432545 64517.5 1070190
Qc2h 0.464424 432508 64513.5 1070190
Qd2h 0.464424 432508 64513.5 1070190
Qh2d 0.464418 432502 64513.5 1070190
Qh2c 0.464418 432502 64513.5 1070190
Qs2d 0.463915 432098 64379.5 1070190
Qs2c 0.463915 432098 64379.5 1070190
Qs2h 0.463877 432061 64375.5 1070190
Qd2s 0.463743 431806 64487 1070190
Qc2s 0.463743 431806 64487 1070190
Td9d 0.463737 434618 61668.5 1070190
Tc9c 0.463737 434618 61668.5 1070190
Qh2s 0.463699 431763 64483 1070190
Qs2s 0.463196 431359 64349 1070190
Th9h 0.463038 433798 61741 1070190
Tc8c 0.457356 425591 63866.5 1070190
Td8d 0.457356 425591 63866.5 1070190
Th8h 0.45669 424806 63939 1070190
Td7d 0.443738 408909 65975.5 1070190
Tc7c 0.443738 408909 65975.5 1070190
Th7h 0.443111 408165 66048 1070190
Tc9d 0.440476 408081 63312 1070190
Td9c 0.440476 408081 63312 1070190
Th9c 0.440461 408082 63294.5 1070190
Th9d 0.440461 408082 63294.5 1070190
Td9h 0.44045 408060 63305 1070190
Tc9h 0.44045 408060 63305 1070190
Ts9c 0.439895 407570 63201 1070190
Ts9d 0.439895 407570 63201 1070190
Ts9h 0.439869 407549 63194 1070190
Td9s 0.439804 407399 63275 1070190
Tc9s 0.439804 407399 63275 1070190
Th9s 0.439789 407400 63257.5 1070190
Ts9s 0.439223 406888 63164 1070190
Tc8d 0.433819 398609 65660 1070190
Td8c 0.433819 398609 65660 1070190
Th8d 0.433804 398610 65642.5 1070190
Th8c 0.433804 398610 65642.5 1070190
Td8h 0.433793 398588 65653 1070190
Tc8h 0.433793 398588 65653 1070190
Ts8c 0.433264 398138 65536.5 1070190
Ts8d 0.433264 398138 65536.5 1070190
Ts8h 0.433238 398117 65529.5 1070190
Td8s 0.433147 397927 65623 1070190
Tc8s 0.433147 397927 65623 1070190
Th8s 0.433132 397928 65605.5 1070190
Ts8s 0.432592 397456 65499.5 1070190
Td6d 0.430252 393168 67283.5 1070190
Tc6c 0.430252 393168 67283.5 1070190
Th6h 0.429668 392470 67356 1070190
Td5d 0.427782 390018 67790.5 1070190
Tc5c 0.427782 390018 67790.5 1070190
Th5h 0.427204 389326 67863 1070190
Td4d 0.425675 387612 67941.5 1070190
Tc4c 0.425675 387612 67941.5 1070190
Th4h 0.425096 386920 68014 1070190
Td3d 0.423901 385740 67914.5 1070190
Tc3c 0.423901 385740 67914.5 1070190
Th3h 0.423322 385048 67987 1070190
Td2d 0.422126 383868 67887.5 1070190
Tc2c 0.422126 383868 67887.5 1070190
Th2h 0.421548 383176 67960 1070190
Td7c 0.419456 380985 67913 1070190
Tc7d 0.419456 380985 67913 1070190
Th7c 0.419441 380986 67895.5 1070190
Th7d 0.419441 380986 67895.5 1070190
Tc7h 0.41943 380964 67906 1070190
Td7h 0.41943 380964 67906 1070190
Ts7c 0.418923 380550 67777.5 1070190
Ts7d 0.418923 380550 67777.5 1070190
Ts7h 0.418897 380529 67770.5 1070190
Td7s 0.418782 380300 67876 1070190
Tc7s 0.418782 380300 67876 1070190
Th7s 0.418766 380301 67858.5 1070190
Ts7s 0.418249 379865 67740.5 1070190
Tc6d 0.405243 364376 69311 1070190
Td6c 0.405243 364376 69311 1070190
Th6d 0.405228 364377 69293.5 1070190
Th6c 0.405228 364377 69293.5 1070190
Tc6h 0.405217 364355 69304 1070190
Td6h 0.405217 364355 69304 1070190
Ts6d 0.404724 363964 69168 1070190
Ts6c 0.404724 363964 69168 1070190
Ts6h 0.404698 363943 69161 1070190
Td6s 0.404566 363689 69274 1070190
Tc6s 0.404566 363689 69274 1070190
Th6s 0.404551 363690 69256.5 1070190
Ts6s 0.404048 363277 69131 1070190
Td5c 0.402757 361172 69854 1070190
Tc5d 0.402757 361172 69854 1070190
Th5c 0.402741 361173 69836.5 1070190
Th5d 0.402741 361173 69836.5 1070190
Td5h 0.40273 361151 69847 1070190
Tc5h 0.40273 361151 69847 1070190
Ts5c 0.402244 360769 69708 1070190
Ts5d 0.402244 360769 69708 1070190
Ts5h 0.402217 360748 69701 1070190
Tc5s 0.402086 360491 69817 1070190
Td5s 0.402086 360491 69817 1070190
Th5s 0.40207 360492 69799.5 1070190
Ts5s 0.401573 360088 69671 1070190
Td4c 0.400627 358730 70017 1070190
Tc4d 0.400627 358730 70017 1070190
Th4d 0.400612 358731 69999.5 1070190
Th4c 0.400612 358731 69999.5 1070190
Tc4h 0.400601 358709 70010 1070190
Td4h 0.400601 358709 70010 1070190
Ts4c 0.400116 358330 69870 1070190
Ts4d 0.400116 358330 69870 1070190
Ts4h 0.40009 358309 69863 1070190
Td4s 0.399956 358049 69980 1070190
Tc4s 0.399956 358049 69980 1070190
Th4s 0.399941 358050 69962.5 1070190
Ts4s 0.399445 357649 69833 1070190
Td3c 0.398853 356858 69990 1070190
Tc3d 0.398853 356858 69990 1070190
Th3d 0.398837 356859 69972.5 1070190
Th3c 0.398837 356859 69972.5 1070190
Td3h 0.398826 356837 69983 1070190
Tc3h 0.398826 356837 69983 1070190
Ts3c 0.398341 356458 69843 1070190
Ts3d 0.398341 356458 69843 1070190
Ts3h 0.398315 356437 69836 1070190
Tc3s 0.398182 356177 69953 1070190
Td3s 0.398182 356177 69953 1070190
Th3s 0.398166 356178 69935.5 1070190
Ts3s 0.397671 355777 69806 1070190
Td2c 0.397078 354986 69963 1070190
Tc2d 0.397078 354986 69963 1070190
Th2c 0.397063 354987 69945.5 1070190
Th2d 0.397063 354987 69945.5 1070190
Td2h 0.397052 354965 69956 1070190
Tc2h 0.397052 354965 69956 1070190
Ts2c 0.396567 354586 69816 1070190
Ts2d 0.396567 354586 69816 1070190
Ts2h 0.396541 354565 69809 1070190
Td2s 0.396407 354305 69926 1070190
Tc2s 0.396407 354305 69926 1070190
Th2s 0.396392 354306 69908.5 1070190
Ts2s 0.395896 353905 69779 1070190
9d8d 0.395825 354244 69363.5 1070190
9c8c 0.395825 354244 69363.5 1070190
9h8h 0.395011 353237 69500 1070190
9d7d 0.382324 335279 73880.5 1070190
9c7c 0.382324 335279 73880.5 1070190
9h7h 0.381548 334312 74017 1070190
9d6d 0.36906 319776 75188.5 1070190
9c6c 0.36906 319776 75188.5 1070190
9d8c 0.368649 322997 71528 1070190
9c8d 0.368649 322997 71528 1070190
9h8d 0.368637 322997 71514.5 1070190
9h8c 0.368637 322997 71514.5 1070190
9c8h 0.36863 322982 71522 1070190
9d8h 0.36863 322982 71522 1070190
9h6h 0.368327 318855 75325 1070190
9s8c 0.368085 322503 71418 1070190
9s8d 0.368085 322503 71418 1070190
9s8h 0.368065 322488 71412 1070190
9d8s 0.368024 322373 71483 1070190
9c8s 0.368024 322373 71483 1070190
9h8s 0.368012 322373 71469.5 1070190
9s8s 0.36746 321879 71373 1070190
9d5d 0.366591 316626 75695.5 1070190
9c5c 0.366591 316626 75695.5 1070190
9h5h 0.365863 315711 75832 1070190
9c4c 0.364483 314220 75846.5 1070190
9d4d 0.364483 314220 75846.5 1070190
9h4h 0.363756 313305 75983 1070190
9c3c 0.362709 312348 75819.5 1070190
9d3d 0.362709 312348 75819.5 1070190
9h3h 0.361982 311433 75956 1070190
9c2c 0.360935 310476 75792.5 1070190
9d2d 0.360935 310476 75792.5 1070190
9h2h 0.360207 309561 75929 1070190
9d7c 0.35441 302943 76343.5 1070190
9c7d 0.35441 302943 76343.5 1070190
9h7d 0.354398 302943 76330 1070190
9h7c 0.354398 302943 76330 1070190
9d7h 0.354391 302928 76337.5 1070190
9c7h 0.354391 302928 76337.5 1070190
9s7c 0.353868 302485 76221 1070190
9s7d 0.353868 302485 76221 1070190
9s7h 0.353848 302470 76215 1070190
9c7s 0.353784 302321 76295.5 1070190
9d7s 0.353784 302321 76295.5 1070190
9h7s 0.353772 302321 76282 1070190
9s7s 0.353242 301863 76173 1070190
9d6c 0.340433 286587 77741.5 1070190
9c6d 0.340433 286587 77741.5 1070190
9h6c 0.340421 286587 77728 1070190
9h6d 0.340421 286587 77728 1070190
9c6h 0.340414 286572 77735.5 1070190
9d6h 0.340414 286572 77735.5 1070190
8c7c 0.339997 286529 77332 1070190
8d7d 0.339997 286529 77332 1070190
9s6d 0.339906 286152 77611.5 1070190
9s6c 0.339906 286152 77611.5 1070190
9s6h 0.339886 286137 77605.5 1070190
9d6s 0.339806 285963 77693.5 1070190
9c6s 0.339806 285963 77693.5 1070190
9h6s 0.339793 285963 77680 1070190
9s6s 0.339278 285528 77563.5 1070190
8h7h 0.339098 285376 77523 1070190
9c5d 0.337947 283383 78284.5 1070190
9d5c 0.337947 283383 78284.5 1070190
9h5c 0.337934 283383 78271 1070190
9h5d 0.337934 283383 78271 1070190
9c5h 0.337927 283368 78278.5 1070190
9d5h 0.337927 283368 78278.5 1070190
9s5c 0.337425 282957 78151.5 1070190
9s5d 0.337425 282957 78151.5 1070190
9s5h 0.337405 282942 78145.5 1070190
9c5s 0.337325 282765 78236.5 1070190
9d5s 0.337325 282765 78236.5 1070190
9h5s 0.337312 282765 78223 1070190
9s5s 0.336802 282339 78103.5 1070190
9d4c 0.335817 280941 78447.5 1070190
9c4d 0.335817 280941 78447.5 1070190
9h4d 0.335805 280941 78434 1070190
9h4c 0.335805 280941 78434 1070190
9c4h 0.335798 280926 78441.5 1070190
9d4h 0.335798 280926 78441.5 1070190
9s4c 0.335297 280518 78313.5 1070190
9s4d 0.335297 280518 78313.5 1070190
9s4h 0.335277 280503 78307.5 1070190
9c4s 0.335195 280323 78399.5 1070190
9d4s 0.335195 280323 78399.5 1070190
9h4s 0.335183 280323 78386 1070190
9s4s 0.334675 279900 78265.5 1070190
9d3c 0.334043 279069 78420.5 1070190
9c3d 0.334043 279069 78420.5 1070190
9h3c 0.33403 279069 78407 1070190
9h3d 0.33403 279069 78407 1070190
9d3h 0.334023 279054 78414.5 1070190
9c3h 0.334023 279054 78414.5 1070190
9s3c 0.333523 278646 78286.5 1070190
9s3d 0.333523 278646 78286.5 1070190
9s3h 0.333503 278631 78280.5 1070190
9c3s 0.333421 278451 78372.5 1070190
9d3s 0.333421 278451 78372.5 1070190
9h3s 0.333408 278451 78359 1070190
9s3s 0.3329 278028 78238.5 1070190
9d2c 0.332269 277197 78393.5 1070190
9c2d 0.332269 277197 78393.5 1070190
9h2c 0.332256 277197 78380 1070190
9h2d 0.332256 277197 78380 1070190
9d2h 0.332249 277182 78387.5 1070190
9c2h 0.332249 277182 78387.5 1070190
9s2d 0.331748 276774 78259.5 1070190
9s2c 0.331748 276774 78259.5 1070190
9s2h 0.331728 276759 78253.5 1070190
9c2s 0.331646 276579 78345.5 1070190
9d2s 0.331646 276579 78345.5 1070190
9h2s 0.331634 276579 78332 1070190
9s2s 0.331126 276156 78211.5 1070190
8d6d 0.325289 267757 80364 1070190
8c6c 0.325289 267757 80364 1070190
8h6h 0.324432 266649 80555 1070190
8c5c 0.322819 264607 80871 1070190
8d5d 0.322819 264607 80871 1070190
8h5h 0.321968 263505 81062 1070190
8c4c 0.320712 262201 81022 1070190
8d4d 0.320712 262201 81022 1070190
8h4h 0.319861 261099 81213 1070190
8c3c 0.318938 260329 80995 1070190
8d3d 0.318938 260329 80995 1070190
8h3h 0.318087 259227 81186 1070190
8c2c 0.317163 258457 80968 1070190
8d2d 0.317163 258457 80968 1070190
8h2h 0.316312 257355 81159 1070190
8c7d 0.309797 251502 80040 1070190
8d7c 0.309797 251502 80040 1070190
8h7c 0.309788 251502 80030 1070190
8h7d 0.309788 251502 80030 1070190
8d7h 0.309783 251492 80035 1070190
8c7h 0.309783 251492 80035 1070190
8s7d 0.309268 251044 79931 1070190
8s7c 0.309268 251044 79931 1070190
8s7h 0.309253 251034 79926 1070190
8d7s 0.309212 250930 79985.5 1070190
8c7s 0.309212 250930 79985.5 1070190
8h7s 0.309203 250930 79975.5 1070190
8s7s 0.308682 250472 79876.5 1070190
8c6d 0.294283 231666 83273 1070190
8d6c 0.294283 231666 83273 1070190
8h6d 0.294274 231666 83263 1070190
8h6c 0.294274 231666 83263 1070190
8d6h 0.294269 231656 83268 1070190
8c6h 0.294269 231656 83268 1070190
8s6c 0.293767 231231 83156 1070190
8s6d 0.293767 231231 83156 1070190
8s6h 0.293753 231221 83151 1070190
8d6s 0.293698 231097 83216 1070190
8c6s 0.293698 231097 83216 1070190
8h6s 0.293689 231097 83206 1070190
7c6c 0.293359 229875 84075 1070190
7d6d 0.293359 229875 84075 1070190
8s6s 0.293183 230662 83099 1070190
7h6h 0.292402 228615 84311 1070190
8c5d 0.291797 228462 83816 1070190
8d5c 0.291797 228462 83816 1070190
8h5d 0.291787 228462 83806 1070190
8h5c 0.291787 228462 83806 1070190
8c5h 0.291783 228452 83811 1070190
8d5h 0.291783 228452 83811 1070190
8s5c 0.291287 228036 83696 1070190
8s5d 0.291287 228036 83696 1070190
8s5h 0.291273 228026 83691 1070190
8c5s 0.291217 227899 83759 1070190
8d5s 0.291217 227899 83759 1070190
8h5s 0.291208 227899 83749 1070190
7d5d 0.290889 226725 84582 1070190
7c5c 0.290889 226725 84582 1070190
8s5s 0.290707 227473 83639 1070190
7h5h 0.289938 225471 84818 1070190
8c4d 0.289667 226020 83979 1070190
8d4c 0.289667 226020 83979 1070190
8h4c 0.289658 226020 83969 1070190
8h4d 0.289658 226020 83969 1070190
8c4h 0.289653 226010 83974 1070190
8d4h 0.289653 226010 83974 1070190
8s4c 0.289159 225597 83858 1070190
8s4d 0.289159 225597 83858 1070190
8s4h 0.289145 225587 83853 1070190
8c4s 0.289088 225457 83922 1070190
8d4s 0.289088 225457 83922 1070190
8h4s 0.289079 225457 83912 1070190
7d4d 0.288782 224319 84733 1070190
7c4c 0.288782 224319 84733 1070190
8s4s 0.28858 225034 83801 1070190
8c3d 0.287893 224148 83952 1070190
8d3c 0.287893 224148 83952 1070190
8h3c 0.287883 224148 83942 1070190
8h3d 0.287883 224148 83942 1070190
8c3h 0.287879 224138 83947 1070190
8d3h 0.287879 224138 83947 1070190
7h4h 0.287831 223065 84969 1070190
8s3d 0.287384 223725 83831 1070190
8s3c 0.287384 223725 83831 1070190
8s3h 0.28737 223715 83826 1070190
8c3s 0.287313 223585 83895 1070190
8d3s 0.287313 223585 83895 1070190
8h3s 0.287304 223585 83885 1070190
7d3d 0.287008 222447 84706 1070190
7c3c 0.287008 222447 84706 1070190
8s3s 0.286805 223162 83774 1070190
8c2d 0.286118 222276 83925 1070190
8d2c 0.286118 222276 83925 1070190
8h2c 0.286109 222276 83915 1070190
8h2d 0.286109 222276 83915 1070190
8c2h 0.286104 222266 83920 1070190
8d2h 0.286104 222266 83920 1070190
7h3h 0.286057 221193 84942 1070190
8s2d 0.28561 221853 83804 1070190
8s2c 0.28561 221853 83804 1070190
8s2h 0.285596 221843 83799 1070190
8c2s 0.285539 221713 83868 1070190
8d2s 0.285539 221713 83868 1070190
8h2s 0.28553 221713 83858 1070190
7d2d 0.285233 220575 84679 1070190
7c2c 0.285233 220575 84679 1070190
8s2s 0.285031 221290 83747 1070190
7h2h 0.284282 219321 84915 1070190
6c5c 0.269839 202038 86741.5 1070190
6d5d 0.269839 202038 86741.5 1070190
5c4c 0.26916 200371 87681.5 1070190
5d4d 0.26916 200371 87681.5 1070190
6h5h 0.268812 200667 87013 1070190
5h4h 0.268133 198974 87979 1070190
6c4c 0.267732 199632 86892.5 1070190
6d4d 0.267732 199632 86892.5 1070190
5d3d 0.267386 198499 87654.5 1070190
5c3c 0.267386 198499 87654.5 1070190
6h4h 0.266705 198261 87164 1070190
5h3h 0.266358 197102 87952 1070190
6c3c 0.265958 197760 86865.5 1070190
6d3d 0.265958 197760 86865.5 1070190
5d2d 0.265611 196627 87627.5 1070190
5c2c 0.265611 196627 87627.5 1070190
6h3h 0.264931 196389 87137 1070190
5h2h 0.264584 195230 87925 1070190
6d2d 0.264183 195888 86838.5 1070190
6c2c 0.264183 195888 86838.5 1070190
6h2h 0.263156 194517 87110 1070190
4c3c 0.261968 192804 87551 1070190
4d3d 0.261968 192804 87551 1070190
4h3h 0.260912 191360 87865 1070190
7c6d 0.260614 191658 87248.5 1070190
7d6c 0.260614 191658 87248.5 1070190
7h6c 0.260607 191658 87241.5 1070190
7h6d 0.260607 191658 87241.5 1070190
7c6h 0.260605 191652 87244.5 1070190
7d6h 0.260605 191652 87244.5 1070190
4c2c 0.260193 190932 87524 1070190
4d2d 0.260193 190932 87524 1070190
7s6c 0.260107 191220 87144 1070190
7s6d 0.260107 191220 87144 1070190
7s6h 0.260098 191214 87140 1070190
7c6s 0.260067 191139 87182.5 1070190
7d6s 0.260067 191139 87182.5 1070190
7h6s 0.260061 191139 87175.5 1070190
7s6s 0.25956 190701 87078 1070190
4h2h 0.259137 189488 87838 1070190
7c5d 0.258128 188454 87791.5 1070190
7d5c 0.258128 188454 87791.5 1070190
7h5c 0.258121 188454 87784.5 1070190
7h5d 0.258121 188454 87784.5 1070190
7d5h 0.258118 188448 87787.5 1070190
7c5h 0.258118 188448 87787.5 1070190
3d2d 0.25803 188748 87393 1070190
3c2c 0.25803 188748 87393 1070190
7s5d 0.257626 188025 87684 1070190
7s5c 0.257626 188025 87684 1070190
7s5h 0.257617 188019 87680 1070190
7d5s 0.257587 187941 87725.5 1070190
7c5s 0.257587 187941 87725.5 1070190
7h5s 0.25758 187941 87718.5 1070190
7s5s 0.257085 187512 87618 1070190
3h2h 0.256969 187292 87714 1070190
7c4d 0.255998 186012 87954.5 1070190
7d4c 0.255998 186012 87954.5 1070190
7h4c 0.255991 186012 87947.5 1070190
7h4d 0.255991 186012 87947.5 1070190
7c4h 0.255989 186006 87950.5 1070190
7d4h 0.255989 186006 87950.5 1070190
7s4d 0.255499 185586 87846 1070190
7s4c 0.255499 185586 87846 1070190
7s4h 0.255489 185580 87842 1070190
7c4s 0.255457 185499 87888.5 1070190
7d4s 0.255457 185499 87888.5 1070190
7h4s 0.25545 185499 87881.5 1070190
7s4s 0.254958 185073 87780 1070190
7d3c 0.254224 184140 87927.5 1070190
7c3d 0.254224 184140 87927.5 1070190
7h3c 0.254217 184140 87920.5 1070190
7h3d 0.254217 184140 87920.5 1070190
7c3h 0.254214 184134 87923.5 1070190
7d3h 0.254214 184134 87923.5 1070190
7s3c 0.253724 183714 87819 1070190
7s3d 0.253724 183714 87819 1070190
7s3h 0.253715 183708 87815 1070190
7c3s 0.253683 183627 87861.5 1070190
7d3s 0.253683 183627 87861.5 1070190
7h3s 0.253676 183627 87854.5 1070190
7s3s 0.253183 183201 87753 1070190
7d2c 0.252449 182268 87900.5 1070190
7c2d 0.252449 182268 87900.5 1070190
7h2d 0.252443 182268 87893.5 1070190
7h2c 0.252443 182268 87893.5 1070190
7d2h 0.25244 182262 87896.5 1070190
7c2h 0.25244 182262 87896.5 1070190
7s2c 0.25195 181842 87792 1070190
7s2d 0.25195 181842 87792 1070190
7s2h 0.25194 181836 87788 1070190
7d2s 0.251908 181755 87834.5 1070190
7c2s 0.251908 181755 87834.5 1070190
7h2s 0.251902 181755 87827.5 1070190
7s2s 0.251409 181329 87726 1070190
6c5d 0.235962 162408 90116.5 1070190
6d5c 0.235962 162408 90116.5 1070190
6h5c 0.235958 162408 90112 1070190
6h5d 0.235958 162408 90112 1070190
6c5h 0.235957 162405 90113.5 1070190
6d5h 0.235957 162405 90113.5 1070190
5d4c 0.235579 160970 91144 1070190
5c4d 0.235579 160970 91144 1070190
5h4c 0.235576 160970 91141.5 1070190
5h4d 0.235576 160970 91141.5 1070190
5d4h 0.235576 160969 91142 1070190
5c4h 0.235576 160969 91142 1070190
6s5c 0.235468 161976 90020 1070190
6s5d 0.235468 161976 90020 1070190
6s5h 0.235463 161973 90017 1070190
6d5s 0.235453 161937 90042.5 1070190
6c5s 0.235453 161937 90042.5 1070190
6h5s 0.235449 161937 90038 1070190
5s4d 0.235092 160538 91055.5 1070190
5s4c 0.235092 160538 91055.5 1070190
5s4h 0.23509 160537 91053.5 1070190
5c4s 0.235084 160521 91064 1070190
5d4s 0.235084 160521 91064 1070190
5h4s 0.235082 160521 91061.5 1070190
6s5s 0.234959 161505 89946 1070190
5s4s 0.234598 160089 90975.5 1070190
6d4c 0.233833 159966 90279.5 1070190
6c4d 0.233833 159966 90279.5 1070190
6h4c 0.233829 159966 90275 1070190
6h4d 0.233829 159966 90275 1070190
6d4h 0.233827 159963 90276.5 1070190
6c4h 0.233827 159963 90276.5 1070190
5d3c 0.233804 159098 91117 1070190
5c3d 0.233804 159098 91117 1070190
5h3d 0.233802 159098 91114.5 1070190
5h3c 0.233802 159098 91114.5 1070190
5d3h 0.233801 159097 91115 1070190
5c3h 0.233801 159097 91115 1070190
6s4d 0.233341 159537 90182 1070190
6s4c 0.233341 159537 90182 1070190
6s4h 0.233335 159534 90179 1070190
6c4s 0.233324 159495 90205.5 1070190
6d4s 0.233324 159495 90205.5 1070190
6h4s 0.233319 159495 90201 1070190
5s3d 0.233318 158666 91028.5 1070190
5s3c 0.233318 158666 91028.5 1070190
5s3h 0.233315 158665 91026.5 1070190
5c3s 0.23331 158649 91037 1070190
5d3s 0.23331 158649 91037 1070190
5h3s 0.233308 158649 91034.5 1070190
6s4s 0.232832 159066 90108 1070190
5s3s 0.232824 158217 90948.5 1070190
6c3d 0.232058 158094 90252.5 1070190
6d3c 0.232058 158094 90252.5 1070190
6h3c 0.232054 158094 90248 1070190
6h3d 0.232054 158094 90248 1070190
6c3h 0.232053 158091 90249.5 1070190
6d3h 0.232053 158091 90249.5 1070190
5d2c 0.23203 157226 91090 1070190
5c2d 0.23203 157226 91090 1070190
5h2c 0.232027 157226 91087.5 1070190
5h2d 0.232027 157226 91087.5 1070190
5d2h 0.232027 157225 91088 1070190
5c2h 0.232027 157225 91088 1070190
6s3c 0.231566 157665 90155 1070190
6s3d 0.231566 157665 90155 1070190
6s3h 0.231561 157662 90152 1070190
6c3s 0.231549 157623 90178.5 1070190
6d3s 0.231549 157623 90178.5 1070190
6h3s 0.231545 157623 90174 1070190
5s2c 0.231543 156794 91001.5 1070190
5s2d 0.231543 156794 91001.5 1070190
5s2h 0.231541 156793 90999.5 1070190
5c2s 0.231536 156777 91010 1070190
5d2s 0.231536 156777 91010 1070190
5h2s 0.231533 156777 91007.5 1070190
6s3s 0.231057 157194 90081 1070190
5s2s 0.231049 156345 90921.5 1070190
6d2c 0.230284 156222 90225.5 1070190
6c2d 0.230284 156222 90225.5 1070190
6h2d 0.23028 156222 90221 1070190
6h2c 0.23028 156222 90221 1070190
6d2h 0.230278 156219 90222.5 1070190
6c2h 0.230278 156219 90222.5 1070190
6s2d 0.229792 155793 90128 1070190
6s2c 0.229792 155793 90128 1070190
6s2h 0.229786 155790 90125 1070190
6c2s 0.229775 155751 90151.5 1070190
6d2s 0.229775 155751 90151.5 1070190
6h2s 0.22977 155751 90147 1070190
6s2s 0.229283 155322 90054 1070190
4d3c 0.228201 153191 91027.5 1070190
4c3d 0.228201 153191 91027.5 1070190
4d3h 0.2282 153191 91026.5 1070190
4h3d 0.2282 153191 91026.5 1070190
4h3c 0.2282 153191 91026.5 1070190
4c3h 0.2282 153191 91026.5 1070190
4d3s 0.22772 152759 90944.5 1070190
4s3c 0.22772 152759 90944.5 1070190
4s3d 0.22772 152759 90944.5 1070190
4c3s 0.22772 152759 90944.5 1070190
4h3s 0.227719 152759 90943.5 1070190
4s3h 0.227719 152759 90943.5 1070190
4s3s 0.227239 152327 90861.5 1070190
4c2d 0.226427 151319 91000.5 1070190
4d2c 0.226427 151319 91000.5 1070190
4h2c 0.226426 151319 90999.5 1070190
4h2d 0.226426 151319 90999.5 1070190
4c2h 0.226426 151319 90999.5 1070190
4d2h 0.226426 151319 90999.5 1070190
4s2c 0.225945 150887 90917.5 1070190
4d2s 0.225945 150887 90917.5 1070190
4s2d 0.225945 150887 90917.5 1070190
4c2s 0.225945 150887 90917.5 1070190
4h2s 0.225944 150887 90916.5 1070190
4s2h 0.225944 150887 90916.5 1070190
4s2s 0.225464 150455 90834.5 1070190
3d2h 0.224257 149123 90874.5 1070190
3h2c 0.224257 149123 90874.5 1070190
3d2c 0.224257 149123 90874.5 1070190
3c2h 0.224257 149123 90874.5 1070190
3c2d 0.224257 149123 90874.5 1070190
3h2d 0.224257 149123 90874.5 1070190
3d2s 0.223777 148691 90792.5 1070190
3c2s 0.223777 148691 90792.5 1070190
3h2s 0.223777 148691 90792.5 1070190
3s2c 0.223777 148691 90792.5 1070190
3s2d 0.223777 148691 90792.5 1070190
3s2h 0.223777 148691 90792.5 1070190
3s2s 0.223296 148259 90710.5 1070190
