AdTd 0.954919 998018 23926.5 1070190
AhTh 0.954919 998018 23926.5 1070190
AcTc 0.954919 998018 23926.5 1070190
AhTd 0.953517 996180 24264 1070190
AhTc 0.953517 996180 24264 1070190
AdTh 0.953517 996180 24264 1070190
AdTc 0.953517 996180 24264 1070190
AcTd 0.953517 996180 24264 1070190
AcTh 0.953517 996180 24264 1070190
AhTs 0.952718 995460 24129 1070190
AcTs 0.952718 995460 24129 1070190
AsTc 0.952718 995460 24129 1070190
AsTd 0.952718 995460 24129 1070190
AsTh 0.952718 995460 24129 1070190
AdTs 0.952718 995460 24129 1070190
AsTs 0.951919 994740 23994 1070190
Tc9c 0.915836 944540 35578.5 1070190
Td9d 0.915819 944522 35578.5 1070190
Th9h 0.915781 944481 35578.5 1070190
Td9c 0.914079 941796 36442.5 1070190
Tc9d 0.914079 941796 36442.5 1070190
Tc9h 0.914079 941796 36442.5 1070190
Td9h 0.914079 941796 36442.5 1070190
Th9c 0.914079 941796 36442.5 1070190
Th9d 0.914079 941796 36442.5 1070190
Ts9c 0.913444 941292 36267 1070190
Ts9d 0.913444 941292 36267 1070190
Ts9h 0.913444 941292 36267 1070190
Td9s 0.913293 941076 36321 1070190
Th9s 0.913293 941076 36321 1070190
Tc9s 0.913293 941076 36321 1070190
Ts9s 0.912658 940572 36145.5 1070190
KdKc 0.896763 945331 14375.5 1070190
KsKd 0.896411 944963 14367 1070190
KsKc 0.896411 944963 14367 1070190
QhQc 0.891951 940117 14440 1070190
QsQc 0.891599 939749 14431.5 1070190
QsQh 0.891596 939746 14431.5 1070190
JhJd 0.886489 934216 14495.5 1070190
JsJd 0.886137 933848 14487 1070190
JsJh 0.886134 933845 14487 1070190
KcQc 0.859542 904133 15740 1070190
AdKd 0.856647 898039 18736.5 1070190
AcKc 0.856597 897985 18736.5 1070190
AhAc 0.854147 902402 11697.5 1070190
AhAd 0.854147 902402 11697.5 1070190
AdAc 0.854147 902402 11697.5 1070190
AsAh 0.853476 901752 11630 1070190
AsAd 0.853476 901752 11630 1070190
AsAc 0.853476 901752 11630 1070190
KdQh 0.85219 895319 16686 1070190
KdQc 0.852096 895197 16707.5 1070190
KcQh 0.852093 895194 16707.5 1070190
KsQh 0.851761 894869 16677.5 1070190
KdQs 0.851761 894869 16677.5 1070190
KsQc 0.851667 894747 16699 1070190
KcQs 0.851665 894744 16699 1070190
KsQs 0.851333 894419 16669 1070190
KdTd 0.850288 870554 39415.5 1070190
KcTc 0.850268 870554 39394.5 1070190
KdJd 0.850142 889924 19889 1070190
AhKd 0.850056 890283 19438.5 1070190
AhKc 0.850056 890283 19438.5 1070190
AcKd 0.85 890205 19456.5 1070190
AdKc 0.85 890205 19456.5 1070190
AsKc 0.84932 889563 19371 1070190
AsKd 0.84932 889563 19371 1070190
AhKs 0.849305 889511 19407 1070190
AcKs 0.849249 889433 19425 1070190
AdKs 0.849249 889433 19425 1070190
AsKs 0.848569 888791 19339.5 1070190
KcTh 0.844848 863357 40790.5 1070190
KdTh 0.844848 863357 40790.5 1070190
KdTc 0.844796 863284 40808 1070190
KcTd 0.844796 863284 40808 1070190
KcTs 0.844263 862853 40669 1070190
KdTs 0.844263 862853 40669 1070190
KsTh 0.844148 862676 40723 1070190
KsTc 0.844096 862603 40740.5 1070190
KsTd 0.844096 862603 40740.5 1070190
KsTs 0.843564 862172 40601.5 1070190
KcJh 0.84246 880718 20874 1070190
KdJh 0.842447 880722 20856.5 1070190
KcJd 0.842366 880596 20895.5 1070190
KsJh 0.842115 880397 20826.5 1070190
KcJs 0.842031 880268 20865.5 1070190
KsJd 0.842022 880275 20848 1070190
KdJs 0.842019 880272 20848 1070190
KsJs 0.841687 879947 20818 1070190
QhJh 0.829534 867773 19986.5 1070190
QcJd 0.820924 857573 20971.5 1070190
QhJd 0.820908 857574 20954 1070190
QcJh 0.820865 857488 20993 1070190
QsJd 0.820577 857249 20924 1070190
QcJs 0.820533 857163 20963 1070190
QsJh 0.820517 857164 20945.5 1070190
QhJs 0.820517 857164 20945.5 1070190
QsJs 0.820186 856839 20915.5 1070190
QhTh 0.807129 824379 39402 1070190
QcTc 0.80601 823203 39381 1070190
AhQh 0.80577 843289 19038 1070190
AcQc 0.804676 842118 19038 1070190
QcTd 0.79908 814390 40777 1070190
QhTd 0.799079 814389 40777 1070190
QcTh 0.799067 814359 40794.5 1070190
QhTc 0.799047 814338 40794.5 1070190
QcTs 0.798534 813928 40655.5 1070190
QhTs 0.798533 813927 40655.5 1070190
QsTd 0.798379 813708 40709.5 1070190
QsTh 0.798367 813677 40727 1070190
QsTc 0.798348 813657 40727 1070190
QsTs 0.797834 813246 40588 1070190
Kd9d 0.797613 818808 34789.5 1070190
Kc9c 0.797591 818808 34765.5 1070190
AdQc 0.795945 832072 19740 1070190
AdQh 0.795945 832072 19740 1070190
AhQc 0.795922 832030 19758 1070190
AcQh 0.795896 832002 19758 1070190
AsQc 0.795242 831388 19672.5 1070190
AsQh 0.795242 831388 19672.5 1070190
AdQs 0.795194 831300 19708.5 1070190
AhQs 0.795171 831258 19726.5 1070190
AcQs 0.795145 831230 19726.5 1070190
AsQs 0.794492 830616 19641 1070190
Kd9h 0.788243 807298 36272 1070190
Kc9h 0.788243 807298 36272 1070190
Kd9c 0.788175 807204 36293.5 1070190
Kc9d 0.788175 807204 36293.5 1070190
Ks9h 0.787615 806713 36185 1070190
Ks9c 0.787548 806619 36206.5 1070190
Ks9d 0.787548 806619 36206.5 1070190
Kd9s 0.787516 806578 36213.5 1070190
Kc9s 0.787516 806578 36213.5 1070190
Ks9s 0.786888 805993 36126.5 1070190
Kd8d 0.762296 783224 32578 1070190
Kc8c 0.762271 783224 32551 1070190
JdTd 0.760151 771791 41715.5 1070190
JhTh 0.760138 771777 41715.5 1070190
Kd7d 0.76 779576 33768 1070190
Kc7c 0.759974 779576 33741 1070190
Kd6d 0.758598 777362 34482 1070190
Kc6c 0.758567 777356 34455 1070190
Kd5d 0.757864 776219 34839 1070190
Kc5c 0.757833 776213 34812 1070190
Kd4d 0.757574 775790 34958 1070190
Kc4c 0.757543 775784 34931 1070190
Kd3d 0.757507 775718 34958 1070190
Kc3c 0.757476 775712 34931 1070190
Kd2d 0.757439 775646 34958 1070190
Kc2c 0.757408 775640 34931 1070190
AdJd 0.753377 786516 19740.5 1070190
AhJh 0.753377 786516 19740.5 1070190
JhTd 0.750598 760175 43108 1070190
JdTh 0.750598 760175 43108 1070190
JdTc 0.750595 760185 43094 1070190
JhTc 0.750594 760184 43094 1070190
Kc8h 0.75024 768635 34264.5 1070190
Kd8h 0.75024 768635 34264.5 1070190
Kc8d 0.750158 768522 34290 1070190
Kd8c 0.750158 768522 34290 1070190
JdTs 0.750085 759765 42969 1070190
JhTs 0.750085 759764 42969 1070190
JsTd 0.749899 759494 43040.5 1070190
JsTh 0.749898 759493 43040.5 1070190
JsTc 0.749894 759503 43026.5 1070190
Ks8h 0.749676 768147 34149 1070190
Ks8c 0.749594 768034 34174.5 1070190
Ks8d 0.749594 768034 34174.5 1070190
Kc8s 0.749402 767747 34256 1070190
Kd8s 0.749402 767747 34256 1070190
JsTs 0.749385 759083 42901.5 1070190
Ks8s 0.748839 767259 34140.5 1070190
Kd7h 0.747799 764753 35534.5 1070190
Kc7h 0.747799 764753 35534.5 1070190
Kd7c 0.747718 764640 35560 1070190
Kc7d 0.747718 764640 35560 1070190
Ks7h 0.747254 764295 35409 1070190
Ks7d 0.747172 764182 35434.5 1070190
Ks7c 0.747172 764182 35434.5 1070190
Kc7s 0.746962 763865 35526 1070190
Kd7s 0.746962 763865 35526 1070190
Ks7s 0.746417 763407 35400.5 1070190
Kc6h 0.746308 762395 36296.5 1070190
Kd6h 0.746308 762395 36296.5 1070190
Kc6d 0.746226 762282 36322 1070190
Kd6c 0.746226 762282 36322 1070190
Ks6h 0.745774 761955 36165 1070190
Ks6d 0.745692 761842 36190.5 1070190
Ks6c 0.745692 761842 36190.5 1070190
Kd5h 0.745529 761180 36677.5 1070190
Kc5h 0.745529 761180 36677.5 1070190
Kd6s 0.74547 761507 36288 1070190
Kc6s 0.74547 761507 36288 1070190
Kd5c 0.745447 761067 36703 1070190
Kc5d 0.745447 761067 36703 1070190
Kd4h 0.745224 760727 36804.5 1070190
Kc4h 0.745224 760727 36804.5 1070190
Kd3h 0.745157 760655 36804.5 1070190
Kc3h 0.745157 760655 36804.5 1070190
Kc4d 0.745142 760614 36830 1070190
Kd4c 0.745142 760614 36830 1070190
Kd2h 0.74509 760583 36804.5 1070190
Kc2h 0.74509 760583 36804.5 1070190
Kc3d 0.745075 760542 36830 1070190
Kd3c 0.745075 760542 36830 1070190
Kc2d 0.745008 760470 36830 1070190
Kd2c 0.745008 760470 36830 1070190
Ks5h 0.745 760749 36543 1070190
Ks6s 0.744936 761067 36156.5 1070190
Ks5d 0.744919 760636 36568.5 1070190
Ks5c 0.744919 760636 36568.5 1070190
Qh9h 0.744794 762313 34758 1070190
Ks4h 0.744698 760299 36669 1070190
Kd5s 0.744691 760292 36669 1070190
Kc5s 0.744691 760292 36669 1070190
Ks3h 0.74463 760227 36669 1070190
Ks4d 0.744616 760186 36694.5 1070190
Ks4c 0.744616 760186 36694.5 1070190
Ks2h 0.744563 760155 36669 1070190
Ks3d 0.744549 760114 36694.5 1070190
Ks3c 0.744549 760114 36694.5 1070190
Ks2c 0.744481 760042 36694.5 1070190
Ks2d 0.744481 760042 36694.5 1070190
Kd4s 0.744387 759839 36796 1070190
Kc4s 0.744387 759839 36796 1070190
Kc3s 0.744319 759767 36796 1070190
Kd3s 0.744319 759767 36796 1070190
Kc2s 0.744252 759695 36796 1070190
Kd2s 0.744252 759695 36796 1070190
Ks5s 0.744163 759861 36534.5 1070190
Ks4s 0.74386 759411 36660.5 1070190
Ks3s 0.743793 759339 36660.5 1070190
Ks2s 0.743725 759267 36660.5 1070190
Qc9c 0.74354 760995 34734 1070190
AcJh 0.741362 772952 20446.5 1070190
AcJd 0.741362 772952 20446.5 1070190
AhJd 0.741351 772926 20460.5 1070190
AdJh 0.741351 772926 20460.5 1070190
AsJh 0.740697 772312 20375 1070190
AsJd 0.740697 772312 20375 1070190
AcJs 0.740611 772180 20415 1070190
AhJs 0.7406 772154 20429 1070190
AdJs 0.7406 772154 20429 1070190
AsJs 0.739947 771540 20343.5 1070190
Qc9d 0.732189 747341 36240.5 1070190
Qh9d 0.732188 747340 36240.5 1070190
Qc9h 0.73217 747299 36262 1070190
Qh9c 0.732144 747271 36262 1070190
Qs9d 0.73156 746755 36153.5 1070190
Qs9h 0.731541 746713 36175 1070190
Qs9c 0.731516 746686 36175 1070190
Qc9s 0.73151 746673 36182 1070190
Qh9s 0.731509 746672 36182 1070190
Qs9s 0.730881 746087 36095 1070190
TdTc 0.708613 729556 28795 1070190
ThTc 0.708612 729555 28795 1070190
ThTd 0.708612 729555 28795 1070190
TsTc 0.708132 729166 28670 1070190
TsTd 0.708132 729166 28670 1070190
TsTh 0.708131 729165 28670 1070190
Qh8h 0.703138 719945 32546.5 1070190
Qc8c 0.701781 718519 32519.5 1070190
Qh7h 0.700848 716304 33736.5 1070190
Qc7c 0.699477 714864 33709.5 1070190
Qh6h 0.699446 714090 34450.5 1070190
Qh5h 0.698712 712947 34807.5 1070190
Qh4h 0.698422 712518 34926.5 1070190
Qh3h 0.698355 712446 34926.5 1070190
Qh2h 0.698288 712374 34926.5 1070190
Qc6c 0.69807 712644 34423.5 1070190
Qc5c 0.697336 711501 34780.5 1070190
Qc4c 0.697046 711072 34899.5 1070190
Qc3c 0.696979 711000 34899.5 1070190
Qc2c 0.696911 710928 34899.5 1070190
Jd9d 0.688175 699460 37017.5 1070190
Jh9h 0.688161 699446 37017.5 1070190
Qc8d 0.687446 701465 34233 1070190
Qh8d 0.687445 701464 34233 1070190
Qc8h 0.687421 701413 34258.5 1070190
Qh8c 0.68739 701379 34258.5 1070190
Qs8d 0.686881 700976 34117.5 1070190
Qs8h 0.686857 700924 34143 1070190
Qs8c 0.686826 700891 34143 1070190
Qc8s 0.686665 700638 34224.5 1070190
Qh8s 0.686665 700637 34224.5 1070190
Qs8s 0.686101 700149 34109 1070190
Qh7d 0.685005 697583 35503 1070190
Qc7d 0.685005 697583 35503 1070190
Qc7h 0.684981 697531 35528.5 1070190
Qh7c 0.684949 697497 35528.5 1070190
Qs7d 0.68446 697125 35377.5 1070190
Qs7h 0.684435 697073 35403 1070190
Qs7c 0.684404 697039 35403 1070190
Qh7s 0.684225 696756 35494.5 1070190
Qc7s 0.684225 696756 35494.5 1070190
Qs7s 0.68368 696298 35369 1070190
Qh6d 0.683514 695225 36265 1070190
Qc6d 0.683514 695225 36265 1070190
Qc6h 0.683489 695173 36290.5 1070190
Qh6c 0.683458 695139 36290.5 1070190
Qs6d 0.68298 694785 36133.5 1070190
Qs6h 0.682955 694733 36159 1070190
Qs6c 0.682924 694699 36159 1070190
Qc5d 0.682735 694010 36646 1070190
Qh5d 0.682735 694010 36646 1070190
Qc6s 0.682733 694398 36256.5 1070190
Qh6s 0.682733 694398 36256.5 1070190
Qc5h 0.68271 693958 36671.5 1070190
Qh5c 0.682678 693924 36671.5 1070190
Qh4d 0.68243 693557 36773 1070190
Qc4d 0.68243 693557 36773 1070190
Qc4h 0.682405 693505 36798.5 1070190
Qh4c 0.682374 693471 36798.5 1070190
Qh3d 0.682363 693485 36773 1070190
Qc3d 0.682363 693485 36773 1070190
Qc3h 0.682338 693433 36798.5 1070190
Qh3c 0.682306 693399 36798.5 1070190
Qc2d 0.682296 693413 36773 1070190
Qh2d 0.682296 693413 36773 1070190
Qc2h 0.682271 693361 36798.5 1070190
Qh2c 0.682239 693327 36798.5 1070190
Qs5d 0.682206 693579 36511.5 1070190
Qs6s 0.682199 693958 36125 1070190
Qs5h 0.682182 693527 36537 1070190
Qs5c 0.68215 693493 36537 1070190
Qh5s 0.681954 693183 36637.5 1070190
Qc5s 0.681954 693183 36637.5 1070190
Qs4d 0.681904 693129 36637.5 1070190
Qs4h 0.681879 693077 36663 1070190
Qs4c 0.681847 693043 36663 1070190
Qs3d 0.681836 693057 36637.5 1070190
Qs3h 0.681812 693005 36663 1070190
Qs3c 0.68178 692971 36663 1070190
Qs2d 0.681769 692985 36637.5 1070190
Qs2h 0.681744 692933 36663 1070190
Qs2c 0.681713 692899 36663 1070190
Qc4s 0.68165 692730 36764.5 1070190
Qh4s 0.68165 692730 36764.5 1070190
Qh3s 0.681582 692658 36764.5 1070190
Qc3s 0.681582 692658 36764.5 1070190
Qc2s 0.681515 692586 36764.5 1070190
Qh2s 0.681515 692586 36764.5 1070190
Qs5s 0.681426 692752 36503 1070190
Qs4s 0.681123 692302 36629 1070190
Qs3s 0.681056 692230 36629 1070190
Qs2s 0.680988 692158 36629 1070190
Jd9c 0.673569 682343 38503.5 1070190
Jh9d 0.673569 682325 38521.5 1070190
Jd9h 0.673569 682325 38521.5 1070190
Jh9c 0.673568 682342 38503.5 1070190
Js9d 0.672941 681740 38434.5 1070190
Js9h 0.67294 681739 38434.5 1070190
Js9c 0.67294 681757 38416.5 1070190
Jd9s 0.672935 681727 38441.5 1070190
Jh9s 0.672934 681726 38441.5 1070190
Js9s 0.672306 681141 38354.5 1070190
Jd8d 0.640212 650397 34752 1070190
Jh8h 0.640199 650383 34752 1070190
Jd7d 0.637909 646742 35942 1070190
Jh7h 0.637909 646742 35942 1070190
Jh6h 0.636508 644528 36656 1070190
Jd6d 0.636508 644528 36656 1070190
Jd5d 0.635773 643385 37013 1070190
Jh5h 0.635773 643385 37013 1070190
Jd4d 0.635483 642956 37132 1070190
Jh4h 0.635483 642956 37132 1070190
Jd3d 0.635416 642884 37132 1070190
Jh3h 0.635416 642884 37132 1070190
Jh2h 0.635349 642812 37132 1070190
Jd2d 0.635349 642812 37132 1070190
Jd8c 0.62222 629451 36442.5 1070190
Jh8c 0.622219 629450 36442.5 1070190
Jh8d 0.622217 629426 36464 1070190
Jd8h 0.622217 629426 36464 1070190
Js8c 0.621655 628962 36327 1070190
Js8d 0.621653 628938 36348.5 1070190
Js8h 0.621652 628937 36348.5 1070190
Jd8s 0.621492 628685 36430 1070190
Jh8s 0.621492 628684 36430 1070190
Js8s 0.620928 628196 36314.5 1070190
Jd7c 0.619779 625569 37712.5 1070190
Jh7c 0.619779 625569 37712.5 1070190
Jh7d 0.619776 625544 37734 1070190
Jd7h 0.619776 625544 37734 1070190
Js7c 0.619234 625111 37587 1070190
Js7d 0.619231 625086 37608.5 1070190
Js7h 0.619231 625086 37608.5 1070190
Jh7s 0.619052 624803 37700 1070190
Jd7s 0.619052 624803 37700 1070190
Js7s 0.618507 624345 37574.5 1070190
Jh6c 0.618288 623211 38474.5 1070190
Jd6c 0.618288 623211 38474.5 1070190
Jd6h 0.618285 623186 38496 1070190
Jh6d 0.618285 623186 38496 1070190
Js6c 0.617754 622771 38343 1070190
Js6d 0.617751 622746 38364.5 1070190
Js6h 0.617751 622746 38364.5 1070190
Jh6s 0.61756 622445 38462 1070190
Jd6s 0.61756 622445 38462 1070190
Jd5c 0.617509 621996 38855.5 1070190
Jh5c 0.617509 621996 38855.5 1070190
Jh5d 0.617505 621971 38877 1070190
Jd5h 0.617505 621971 38877 1070190
Jh4c 0.617204 621543 38982.5 1070190
Jd4c 0.617204 621543 38982.5 1070190
Jd4h 0.617201 621518 39004 1070190
Jh4d 0.617201 621518 39004 1070190
Jh3c 0.617137 621471 38982.5 1070190
Jd3c 0.617137 621471 38982.5 1070190
Jd3h 0.617133 621446 39004 1070190
Jh3d 0.617133 621446 39004 1070190
Jh2c 0.617069 621399 38982.5 1070190
Jd2c 0.617069 621399 38982.5 1070190
Jd2h 0.617066 621374 39004 1070190
Jh2d 0.617066 621374 39004 1070190
Js6s 0.617026 622005 38330.5 1070190
Js5c 0.61698 621565 38721 1070190
Js5h 0.616977 621540 38742.5 1070190
Js5d 0.616977 621540 38742.5 1070190
Jd5s 0.616781 621230 38843 1070190
Jh5s 0.616781 621230 38843 1070190
Js4c 0.616677 621115 38847 1070190
Js4d 0.616674 621090 38868.5 1070190
Js4h 0.616674 621090 38868.5 1070190
Js3c 0.61661 621043 38847 1070190
Js3h 0.616607 621018 38868.5 1070190
Js3d 0.616607 621018 38868.5 1070190
Js2c 0.616543 620971 38847 1070190
Js2h 0.61654 620946 38868.5 1070190
Js2d 0.61654 620946 38868.5 1070190
Jh4s 0.616477 620777 38970 1070190
Jd4s 0.616477 620777 38970 1070190
Jh3s 0.616409 620705 38970 1070190
Jd3s 0.616409 620705 38970 1070190
Jd2s 0.616342 620633 38970 1070190
Jh2s 0.616342 620633 38970 1070190
Js5s 0.616253 620799 38708.5 1070190
Js4s 0.61595 620349 38834.5 1070190
Js3s 0.615883 620277 38834.5 1070190
Js2s 0.615815 620205 38834.5 1070190
9d9c 0.605467 622519 25446 1070190
9h9c 0.605466 622518 25446 1070190
9h9d 0.605466 622518 25446 1070190
9s9c 0.604876 621948 25384 1070190
9s9d 0.604876 621948 25384 1070190
9s9h 0.604875 621947 25384 1070190
Ad9d 0.557839 563176 33818 1070190
Ah9h 0.557839 563176 33818 1070190
Ac9c 0.557737 563071 33813.5 1070190
Ah8h 0.548946 550988 36488 1070190
Ad8d 0.548946 550988 36488 1070190
Ac8c 0.548843 550883 36483.5 1070190
Ah7h 0.544021 543938 38268 1070190
Ad7d 0.544016 543932 38268 1070190
Ac7c 0.543913 543827 38263.5 1070190
Ah6h 0.540427 539024 39336 1070190
Ad6d 0.540422 539018 39336 1070190
Ac6c 0.540314 538907 39331.5 1070190
Ah5h 0.537832 535712 39870 1070190
Ad5d 0.537826 535706 39870 1070190
Ac5c 0.537718 535595 39865.5 1070190
Ad9h 0.537482 540070 35138 1070190
Ad9c 0.537482 540070 35138 1070190
Ah9c 0.537482 540070 35138 1070190
Ac9d 0.537482 540070 35138 1070190
Ac9h 0.537482 540070 35138 1070190
Ah9d 0.537482 540070 35138 1070190
As9d 0.536879 539556 35007 1070190
As9h 0.536879 539556 35007 1070190
As9c 0.536879 539556 35007 1070190
Ad9s 0.536878 539455 35106.5 1070190
Ac9s 0.536878 539455 35106.5 1070190
Ah9s 0.536878 539455 35106.5 1070190
As9s 0.536275 538941 34975.5 1070190
Ah4h 0.535901 533468 40048 1070190
Ad4d 0.535895 533462 40048 1070190
Ac4c 0.535788 533351 40043.5 1070190
Td8d 0.535541 514172 58958.5 1070190
Tc8c 0.53551 514190 58907.5 1070190
Th8h 0.535503 514131 58958.5 1070190
Ah3h 0.534303 531758 40048 1070190
Ad3d 0.534298 531752 40048 1070190
Ac3c 0.53419 531641 40043.5 1070190
Ah2h 0.532705 530048 40048 1070190
Ad2d 0.5327 530042 40048 1070190
Ac2c 0.532592 529931 40043.5 1070190
Td7d 0.530645 507153 60738.5 1070190
Th7h 0.530645 507153 60738.5 1070190
Tc7c 0.530615 507171 60687.5 1070190
Ah8d 0.52759 526634 37988 1070190
Ah8c 0.52759 526634 37988 1070190
Ac8h 0.52759 526634 37988 1070190
Ac8d 0.52759 526634 37988 1070190
Ad8c 0.52759 526634 37988 1070190
Ad8h 0.52759 526634 37988 1070190
Th6h 0.527119 502311 61806.5 1070190
Td6d 0.527119 502311 61806.5 1070190
Tc6c 0.527071 502311 61755.5 1070190
As8c 0.527016 526165 37842 1070190
As8h 0.527016 526165 37842 1070190
As8d 0.527016 526165 37842 1070190
Ad8s 0.526921 525949 37956.5 1070190
Ac8s 0.526921 525949 37956.5 1070190
Ah8s 0.526921 525949 37956.5 1070190
As8s 0.526346 525480 37810.5 1070190
Th5h 0.52459 499071 62340.5 1070190
Td5d 0.52459 499071 62340.5 1070190
Tc5c 0.524543 499071 62289.5 1070190
Th4h 0.522727 496899 62518.5 1070190
Td4d 0.522727 496899 62518.5 1070190
Tc4c 0.52268 496899 62467.5 1070190
Ac7d 0.522442 519224 39888 1070190
Ac7h 0.522442 519224 39888 1070190
Ad7h 0.522442 519224 39888 1070190
Ad7c 0.522442 519224 39888 1070190
Ah7d 0.522442 519224 39888 1070190
Ah7c 0.522442 519224 39888 1070190
As7h 0.521886 518785 39732 1070190
As7d 0.521886 518785 39732 1070190
As7c 0.521886 518785 39732 1070190
Ah7s 0.521772 518539 39856.5 1070190
Ad7s 0.521772 518539 39856.5 1070190
Ac7s 0.521772 518539 39856.5 1070190
As7s 0.521216 518100 39700.5 1070190
Td3d 0.521197 495261 62518.5 1070190
Th3h 0.521197 495261 62518.5 1070190
Tc3c 0.521149 495261 62467.5 1070190
Td2d 0.519666 493623 62518.5 1070190
Th2h 0.519666 493623 62518.5 1070190
Tc2c 0.519618 493623 62467.5 1070190
Ah6d 0.518713 514094 41028 1070190
Ah6c 0.518713 514094 41028 1070190
Ac6d 0.518713 514094 41028 1070190
Ac6h 0.518713 514094 41028 1070190
Ad6h 0.518713 514094 41028 1070190
Ad6c 0.518713 514094 41028 1070190
As6d 0.518169 513673 40866 1070190
As6c 0.518169 513673 40866 1070190
As6h 0.518169 513673 40866 1070190
Ac6s 0.518044 513409 40996.5 1070190
Ah6s 0.518044 513409 40996.5 1070190
Ad6s 0.518044 513409 40996.5 1070190
As6s 0.517499 512988 40834.5 1070190
Tc8d 0.516974 492468 60792 1070190
Th8d 0.516974 492468 60792 1070190
Th8c 0.516974 492468 60792 1070190
Td8h 0.516974 492468 60792 1070190
Td8c 0.516974 492468 60792 1070190
Tc8h 0.516974 492468 60792 1070190
Ts8d 0.516572 492207 60623.5 1070190
Ts8h 0.516572 492207 60623.5 1070190
Ts8c 0.516572 492207 60623.5 1070190
Tc8s 0.516328 491820 60749 1070190
Td8s 0.516328 491820 60749 1070190
Th8s 0.516328 491820 60749 1070190
8d8c 0.516181 529799 22613 1070190
8h8c 0.51618 529798 22613 1070190
8h8d 0.51618 529798 22613 1070190
Ad5h 0.51605 510674 41598 1070190
Ad5c 0.51605 510674 41598 1070190
Ah5c 0.51605 510674 41598 1070190
Ac5d 0.51605 510674 41598 1070190
Ac5h 0.51605 510674 41598 1070190
Ah5d 0.51605 510674 41598 1070190
Ts8s 0.515927 491559 60580.5 1070190
As5c 0.515511 510262 41433 1070190
As5h 0.515511 510262 41433 1070190
As5d 0.515511 510262 41433 1070190
8s8d 0.515508 529091 22600.5 1070190
8s8c 0.515508 529091 22600.5 1070190
8s8h 0.515507 529090 22600.5 1070190
Ah5s 0.515381 509989 41566.5 1070190
Ac5s 0.515381 509989 41566.5 1070190
Ad5s 0.515381 509989 41566.5 1070190
As5s 0.514842 509577 41401.5 1070190
Ah4c 0.514097 508394 41788 1070190
Ah4d 0.514097 508394 41788 1070190
Ad4h 0.514097 508394 41788 1070190
Ad4c 0.514097 508394 41788 1070190
Ac4h 0.514097 508394 41788 1070190
Ac4d 0.514097 508394 41788 1070190
As4h 0.51356 507985 41622 1070190
As4c 0.51356 507985 41622 1070190
As4d 0.51356 507985 41622 1070190
Ad4s 0.513428 507709 41756.5 1070190
Ah4s 0.513428 507709 41756.5 1070190
Ac4s 0.513428 507709 41756.5 1070190
As4s 0.512891 507300 41590.5 1070190
Ad3c 0.5125 506684 41788 1070190
Ad3h 0.5125 506684 41788 1070190
Ah3c 0.5125 506684 41788 1070190
Ac3d 0.5125 506684 41788 1070190
Ah3d 0.5125 506684 41788 1070190
Ac3h 0.5125 506684 41788 1070190
As3h 0.511962 506275 41622 1070190
As3c 0.511962 506275 41622 1070190
As3d 0.511962 506275 41622 1070190
Td7c 0.511892 485130 62692 1070190
Td7h 0.511892 485130 62692 1070190
Tc7h 0.511892 485130 62692 1070190
Tc7d 0.511892 485130 62692 1070190
Th7c 0.511892 485130 62692 1070190
Th7d 0.511892 485130 62692 1070190
Ad3s 0.51183 505999 41756.5 1070190
Ac3s 0.51183 505999 41756.5 1070190
Ah3s 0.51183 505999 41756.5 1070190
Ts7c 0.51151 484899 62513.5 1070190
Ts7d 0.51151 484899 62513.5 1070190
Ts7h 0.51151 484899 62513.5 1070190
As3s 0.511293 505590 41590.5 1070190
Th7s 0.511247 484482 62649 1070190
Td7s 0.511247 484482 62649 1070190
Tc7s 0.511247 484482 62649 1070190
Ac2d 0.510902 504974 41788 1070190
Ac2h 0.510902 504974 41788 1070190
Ah2d 0.510902 504974 41788 1070190
Ah2c 0.510902 504974 41788 1070190
Ad2h 0.510902 504974 41788 1070190
Ad2c 0.510902 504974 41788 1070190
Ts7s 0.510864 484251 62470.5 1070190
As2h 0.510365 504565 41622 1070190
As2d 0.510365 504565 41622 1070190
As2c 0.510365 504565 41622 1070190
Ad2s 0.510232 504289 41756.5 1070190
Ah2s 0.510232 504289 41756.5 1070190
Ac2s 0.510232 504289 41756.5 1070190
As2s 0.509695 503880 41590.5 1070190
Tc6h 0.508231 480072 63832 1070190
Th6c 0.508231 480072 63832 1070190
Th6d 0.508231 480072 63832 1070190
Td6h 0.508231 480072 63832 1070190
Tc6d 0.508231 480072 63832 1070190
Td6c 0.508231 480072 63832 1070190
Ts6h 0.50786 479859 63647.5 1070190
Ts6c 0.50786 479859 63647.5 1070190
Ts6d 0.50786 479859 63647.5 1070190
Th6s 0.507586 479424 63789 1070190
Td6s 0.507586 479424 63789 1070190
Tc6s 0.507586 479424 63789 1070190
Ts6s 0.507214 479211 63604.5 1070190
Tc5d 0.505635 476724 64402 1070190
Tc5h 0.505635 476724 64402 1070190
Td5c 0.505635 476724 64402 1070190
Td5h 0.505635 476724 64402 1070190
Th5d 0.505635 476724 64402 1070190
Th5c 0.505635 476724 64402 1070190
Ts5h 0.50527 476520 64214.5 1070190
Ts5d 0.50527 476520 64214.5 1070190
Ts5c 0.50527 476520 64214.5 1070190
Tc5s 0.50499 476076 64359 1070190
Td5s 0.50499 476076 64359 1070190
Th5s 0.50499 476076 64359 1070190
Ts5s 0.504624 475872 64171.5 1070190
Th4d 0.50375 474516 64592 1070190
Tc4h 0.50375 474516 64592 1070190
Tc4d 0.50375 474516 64592 1070190
Th4c 0.50375 474516 64592 1070190
Td4c 0.50375 474516 64592 1070190
Td4h 0.50375 474516 64592 1070190
Ts4h 0.503386 474315 64403.5 1070190
Ts4d 0.503386 474315 64403.5 1070190
Ts4c 0.503386 474315 64403.5 1070190
Th4s 0.503104 473868 64549 1070190
Td4s 0.503104 473868 64549 1070190
Tc4s 0.503104 473868 64549 1070190
Ts4s 0.50274 473667 64360.5 1070190
Tc3h 0.502219 472878 64592 1070190
Th3d 0.502219 472878 64592 1070190
Td3h 0.502219 472878 64592 1070190
Td3c 0.502219 472878 64592 1070190
Th3c 0.502219 472878 64592 1070190
Tc3d 0.502219 472878 64592 1070190
Ts3h 0.501855 472677 64403.5 1070190
Ts3d 0.501855 472677 64403.5 1070190
Ts3c 0.501855 472677 64403.5 1070190
Tc3s 0.501574 472230 64549 1070190
Td3s 0.501574 472230 64549 1070190
Th3s 0.501574 472230 64549 1070190
Ts3s 0.50121 472029 64360.5 1070190
Th2d 0.500689 471240 64592 1070190
Tc2h 0.500689 471240 64592 1070190
Td2c 0.500689 471240 64592 1070190
Th2c 0.500689 471240 64592 1070190
Tc2d 0.500689 471240 64592 1070190
Td2h 0.500689 471240 64592 1070190
Ts2c 0.500325 471039 64403.5 1070190
Ts2d 0.500325 471039 64403.5 1070190
Ts2h 0.500325 471039 64403.5 1070190
Tc2s 0.500043 470592 64549 1070190
Th2s 0.500043 470592 64549 1070190
Td2s 0.500043 470592 64549 1070190
Ts2s 0.499679 470391 64360.5 1070190
7h7c 0.498414 510785 22613 1070190
7d7c 0.498414 510785 22613 1070190
7h7d 0.498414 510785 22613 1070190
7s7c 0.497742 510078 22600.5 1070190
7s7d 0.497742 510078 22600.5 1070190
7s7h 0.497742 510078 22600.5 1070190
6d6c 0.480647 491771 22613 1070190
6h6c 0.480647 491771 22613 1070190
6h6d 0.480647 491771 22613 1070190
6s6h 0.479975 491064 22600.5 1070190
6s6d 0.479975 491064 22600.5 1070190
6s6c 0.479975 491064 22600.5 1070190
5d5c 0.46288 472757 22613 1070190
5h5c 0.46288 472757 22613 1070190
5h5d 0.46288 472757 22613 1070190
5s5d 0.462208 472050 22600.5 1070190
5s5c 0.462208 472050 22600.5 1070190
5s5h 0.462208 472050 22600.5 1070190
4h4d 0.445113 453743 22613 1070190
4h4c 0.445113 453743 22613 1070190
4d4c 0.445113 453743 22613 1070190
4s4h 0.444441 453036 22600.5 1070190
4s4d 0.444441 453036 22600.5 1070190
4s4c 0.444441 453036 22600.5 1070190
3d3c 0.427347 434729 22613 1070190
3h3c 0.427347 434729 22613 1070190
3h3d 0.427347 434729 22613 1070190
3s3h 0.426674 434022 22600.5 1070190
3s3c 0.426674 434022 22600.5 1070190
3s3d 0.426674 434022 22600.5 1070190
2h2d 0.40958 415715 22613 1070190
2h2c 0.40958 415715 22613 1070190
2d2c 0.40958 415715 22613 1070190
2s2c 0.408907 415008 22600.5 1070190
2s2d 0.408907 415008 22600.5 1070190
2s2h 0.408907 415008 22600.5 1070190
9d8d 0.396535 362440 61928 1070190
9c8c 0.396504 362458 61877 1070190
9h8h 0.396498 362400 61928 1070190
9d7d 0.391573 355350 63708 1070190
9h7h 0.391573 355350 63708 1070190
9c7c 0.391543 355368 63657 1070190
9d6d 0.38798 350436 64776 1070190
9h6h 0.38798 350436 64776 1070190
9c6c 0.387932 350436 64725 1070190
9d5d 0.385384 347124 65310 1070190
9h5h 0.385384 347124 65310 1070190
9c5c 0.385336 347124 65259 1070190
9h4h 0.383453 344880 65488 1070190
9d4d 0.383453 344880 65488 1070190
9c4c 0.383406 344880 65437 1070190
9d3d 0.381856 343170 65488 1070190
9h3h 0.381856 343170 65488 1070190
9c3c 0.381808 343170 65437 1070190
9d2d 0.380258 341460 65488 1070190
9h2h 0.380258 341460 65488 1070190
9c2c 0.38021 341460 65437 1070190
9d8c 0.369716 331428 64238 1070190
9c8h 0.369716 331428 64238 1070190
9c8d 0.369716 331428 64238 1070190
9h8d 0.369716 331428 64238 1070190
9h8c 0.369716 331428 64238 1070190
9d8h 0.369716 331428 64238 1070190
9s8c 0.369263 331074 64107.5 1070190
9s8d 0.369263 331074 64107.5 1070190
9s8h 0.369263 331074 64107.5 1070190
9h8s 0.369142 330858 64194 1070190
9d8s 0.369142 330858 64194 1070190
9c8s 0.369142 330858 64194 1070190
9s8s 0.368689 330504 64063.5 1070190
9d7c 0.364567 324018 66138 1070190
9h7c 0.364567 324018 66138 1070190
9h7d 0.364567 324018 66138 1070190
9d7h 0.364567 324018 66138 1070190
9c7d 0.364567 324018 66138 1070190
9c7h 0.364567 324018 66138 1070190
9s7c 0.364133 323694 65997.5 1070190
9s7d 0.364133 323694 65997.5 1070190
9s7h 0.364133 323694 65997.5 1070190
9h7s 0.363993 323448 66094 1070190
9d7s 0.363993 323448 66094 1070190
9c7s 0.363993 323448 66094 1070190
9s7s 0.363559 323124 65953.5 1070190
9h6d 0.360839 318888 67278 1070190
9h6c 0.360839 318888 67278 1070190
9d6c 0.360839 318888 67278 1070190
9c6h 0.360839 318888 67278 1070190
9c6d 0.360839 318888 67278 1070190
9d6h 0.360839 318888 67278 1070190
9s6c 0.360416 318582 67131.5 1070190
9s6h 0.360416 318582 67131.5 1070190
9s6d 0.360416 318582 67131.5 1070190
9d6s 0.360265 318318 67234 1070190
9c6s 0.360265 318318 67234 1070190
9h6s 0.360265 318318 67234 1070190
9s6s 0.359842 318012 67087.5 1070190
9d5h 0.358176 315468 67848 1070190
9d5c 0.358176 315468 67848 1070190
9h5d 0.358176 315468 67848 1070190
9c5d 0.358176 315468 67848 1070190
9c5h 0.358176 315468 67848 1070190
9h5c 0.358176 315468 67848 1070190
9s5h 0.357758 315171 67698.5 1070190
9s5c 0.357758 315171 67698.5 1070190
9s5d 0.357758 315171 67698.5 1070190
9h5s 0.357602 314898 67804 1070190
9c5s 0.357602 314898 67804 1070190
9d5s 0.357602 314898 67804 1070190
9s5s 0.357185 314601 67654.5 1070190
9d4h 0.356223 313188 68038 1070190
9c4d 0.356223 313188 68038 1070190
9c4h 0.356223 313188 68038 1070190
9d4c 0.356223 313188 68038 1070190
9h4d 0.356223 313188 68038 1070190
9h4c 0.356223 313188 68038 1070190
9s4c 0.355807 312894 67887.5 1070190
9s4h 0.355807 312894 67887.5 1070190
9s4d 0.355807 312894 67887.5 1070190
9d4s 0.355649 312618 67994 1070190
9h4s 0.355649 312618 67994 1070190
9c4s 0.355649 312618 67994 1070190
9s4s 0.355234 312324 67843.5 1070190
9h3d 0.354625 311478 68038 1070190
9h3c 0.354625 311478 68038 1070190
9d3h 0.354625 311478 68038 1070190
9c3h 0.354625 311478 68038 1070190
9d3c 0.354625 311478 68038 1070190
9c3d 0.354625 311478 68038 1070190
9s3c 0.35421 311184 67887.5 1070190
9s3h 0.35421 311184 67887.5 1070190
9s3d 0.35421 311184 67887.5 1070190
9h3s 0.354051 310908 67994 1070190
9d3s 0.354051 310908 67994 1070190
9c3s 0.354051 310908 67994 1070190
9s3s 0.353636 310614 67843.5 1070190
9c2d 0.353027 309768 68038 1070190
9d2c 0.353027 309768 68038 1070190
9d2h 0.353027 309768 68038 1070190
9h2c 0.353027 309768 68038 1070190
9h2d 0.353027 309768 68038 1070190
9c2h 0.353027 309768 68038 1070190
9s2d 0.352612 309474 67887.5 1070190
9s2c 0.352612 309474 67887.5 1070190
9s2h 0.352612 309474 67887.5 1070190
9h2s 0.352453 309198 67994 1070190
9d2s 0.352453 309198 67994 1070190
9c2s 0.352453 309198 67994 1070190
9s2s 0.352038 308904 67843.5 1070190
8d7d 0.29055 242048 68895.5 1070190
8h7h 0.29055 242048 68895.5 1070190
8c7c 0.290518 242065 68844.5 1070190
8d6d 0.286889 237062 69963.5 1070190
8h6h 0.286889 237062 69963.5 1070190
8c6c 0.286841 237062 69912.5 1070190
8h5h 0.284226 233678 70497.5 1070190
8d5d 0.284226 233678 70497.5 1070190
8c5c 0.284178 233678 70446.5 1070190
8h4h 0.282228 231362 70675.5 1070190
8d4d 0.282228 231362 70675.5 1070190
8c4c 0.28218 231362 70624.5 1070190
8h3h 0.280563 229580 70675.5 1070190
8d3d 0.280563 229580 70675.5 1070190
8c3c 0.280515 229580 70624.5 1070190
8d2d 0.278898 227798 70675.5 1070190
8h2h 0.278898 227798 70675.5 1070190
8c2c 0.27885 227798 70624.5 1070190
8d7c 0.257703 203897 71894 1070190
8h7c 0.257703 203897 71894 1070190
8c7d 0.257703 203897 71894 1070190
8c7h 0.257703 203897 71894 1070190
8d7h 0.257703 203897 71894 1070190
8h7d 0.257703 203897 71894 1070190
8s7c 0.257238 203502 71792 1070190
8s7d 0.257238 203502 71792 1070190
8s7h 0.257238 203502 71792 1070190
8d7s 0.257192 203402 71842 1070190
8h7s 0.257192 203402 71842 1070190
8c7s 0.257192 203402 71842 1070190
7d6d 0.256864 201168 73725.5 1070190
7h6h 0.256864 201168 73725.5 1070190
7c6c 0.256817 201168 73674.5 1070190
8s7s 0.256727 203007 71740 1070190
7d5d 0.254201 197784 74259.5 1070190
7h5h 0.254201 197784 74259.5 1070190
7c5c 0.254153 197784 74208.5 1070190
8d6c 0.253907 198695 73034 1070190
8d6h 0.253907 198695 73034 1070190
8h6c 0.253907 198695 73034 1070190
8h6d 0.253907 198695 73034 1070190
8c6d 0.253907 198695 73034 1070190
8c6h 0.253907 198695 73034 1070190
8s6c 0.253454 198318 72926 1070190
8s6d 0.253454 198318 72926 1070190
8s6h 0.253454 198318 72926 1070190
8h6s 0.253396 198200 72982 1070190
8c6s 0.253396 198200 72982 1070190
8d6s 0.253396 198200 72982 1070190
8s6s 0.252943 197823 72874 1070190
7d4d 0.252203 195468 74437.5 1070190
7h4h 0.252203 195468 74437.5 1070190
7c4c 0.252156 195468 74386.5 1070190
8d5h 0.251177 195203 73604 1070190
8h5c 0.251177 195203 73604 1070190
8c5h 0.251177 195203 73604 1070190
8d5c 0.251177 195203 73604 1070190
8h5d 0.251177 195203 73604 1070190
8c5d 0.251177 195203 73604 1070190
8s5c 0.250729 194835 73493 1070190
8s5d 0.250729 194835 73493 1070190
8s5h 0.250729 194835 73493 1070190
8d5s 0.250666 194708 73552 1070190
8c5s 0.250666 194708 73552 1070190
8h5s 0.250666 194708 73552 1070190
7d3d 0.250538 193686 74437.5 1070190
7h3h 0.250538 193686 74437.5 1070190
7c3c 0.250491 193686 74386.5 1070190
8s5s 0.250218 194340 73441 1070190
8d4c 0.249157 192851 73794 1070190
8d4h 0.249157 192851 73794 1070190
8h4c 0.249157 192851 73794 1070190
8h4d 0.249157 192851 73794 1070190
8c4h 0.249157 192851 73794 1070190
8c4d 0.249157 192851 73794 1070190
7h2h 0.248873 191904 74437.5 1070190
7d2d 0.248873 191904 74437.5 1070190
7c2c 0.248825 191904 74386.5 1070190
8s4d 0.248711 192486 73682 1070190
8s4c 0.248711 192486 73682 1070190
8s4h 0.248711 192486 73682 1070190
8h4s 0.248646 192356 73742 1070190
8c4s 0.248646 192356 73742 1070190
8d4s 0.248646 192356 73742 1070190
8s4s 0.2482 191991 73630 1070190
8d3c 0.247492 191069 73794 1070190
8d3h 0.247492 191069 73794 1070190
8h3c 0.247492 191069 73794 1070190
8h3d 0.247492 191069 73794 1070190
8c3d 0.247492 191069 73794 1070190
8c3h 0.247492 191069 73794 1070190
8s3h 0.247046 190704 73682 1070190
8s3d 0.247046 190704 73682 1070190
8s3c 0.247046 190704 73682 1070190
8h3s 0.24698 190574 73742 1070190
8d3s 0.24698 190574 73742 1070190
8c3s 0.24698 190574 73742 1070190
8s3s 0.246535 190209 73630 1070190
8h2d 0.245826 189287 73794 1070190
8c2d 0.245826 189287 73794 1070190
8c2h 0.245826 189287 73794 1070190
8h2c 0.245826 189287 73794 1070190
8d2c 0.245826 189287 73794 1070190
8d2h 0.245826 189287 73794 1070190
8s2c 0.245381 188922 73682 1070190
8s2h 0.245381 188922 73682 1070190
8s2d 0.245381 188922 73682 1070190
8h2s 0.245315 188792 73742 1070190
8d2s 0.245315 188792 73742 1070190
8c2s 0.245315 188792 73742 1070190
8s2s 0.24487 188427 73630 1070190
6d5d 0.234578 174546 76497.5 1070190
6h5h 0.234578 174546 76497.5 1070190
6c5c 0.234531 174546 76446.5 1070190
6d4d 0.232581 172230 76675.5 1070190
6h4h 0.232581 172230 76675.5 1070190
6c4c 0.232533 172230 76624.5 1070190
6h3h 0.230916 170448 76675.5 1070190
6d3d 0.230916 170448 76675.5 1070190
6c3c 0.230868 170448 76624.5 1070190
6d2d 0.22925 168666 76675.5 1070190
6h2h 0.22925 168666 76675.5 1070190
6c2c 0.229203 168666 76624.5 1070190
7d6h 0.222252 160831 77021 1070190
7h6d 0.222252 160831 77021 1070190
7h6c 0.222252 160831 77021 1070190
7c6h 0.222252 160831 77021 1070190
7c6d 0.222252 160831 77021 1070190
7d6c 0.222252 160831 77021 1070190
5d4d 0.221819 159848 77540.5 1070190
5h4h 0.221819 159848 77540.5 1070190
7s6c 0.221808 160454 76923 1070190
7s6d 0.221808 160454 76923 1070190
7s6h 0.221808 160454 76923 1070190
7d6s 0.221775 160382 76959 1070190
7h6s 0.221775 160382 76959 1070190
7c6s 0.221775 160382 76959 1070190
5c4c 0.221771 159848 77489.5 1070190
7s6s 0.221331 160005 76861 1070190
5d3d 0.220154 158066 77540.5 1070190
5h3h 0.220154 158066 77540.5 1070190
5c3c 0.220106 158066 77489.5 1070190
7h5c 0.219522 157339 77591 1070190
7h5d 0.219522 157339 77591 1070190
7d5h 0.219522 157339 77591 1070190
7d5c 0.219522 157339 77591 1070190
7c5d 0.219522 157339 77591 1070190
7c5h 0.219522 157339 77591 1070190
7s5d 0.219084 156971 77490 1070190
7s5c 0.219084 156971 77490 1070190
7s5h 0.219084 156971 77490 1070190
7h5s 0.219044 156890 77529 1070190
7d5s 0.219044 156890 77529 1070190
7c5s 0.219044 156890 77529 1070190
7s5s 0.218606 156522 77428 1070190
5h2h 0.218489 156284 77540.5 1070190
5d2d 0.218489 156284 77540.5 1070190
5c2c 0.218441 156284 77489.5 1070190
7d4c 0.217502 154987 77781 1070190
7h4c 0.217502 154987 77781 1070190
7h4d 0.217502 154987 77781 1070190
7d4h 0.217502 154987 77781 1070190
7c4h 0.217502 154987 77781 1070190
7c4d 0.217502 154987 77781 1070190
7s4h 0.217065 154622 77679 1070190
7s4d 0.217065 154622 77679 1070190
7s4c 0.217065 154622 77679 1070190
7h4s 0.217024 154538 77719 1070190
7d4s 0.217024 154538 77719 1070190
7c4s 0.217024 154538 77719 1070190
7s4s 0.216588 154173 77617 1070190
7h3d 0.215836 153205 77781 1070190
7c3d 0.215836 153205 77781 1070190
7c3h 0.215836 153205 77781 1070190
7d3c 0.215836 153205 77781 1070190
7d3h 0.215836 153205 77781 1070190
7h3c 0.215836 153205 77781 1070190
4d3d 0.215712 153312 77540.5 1070190
4h3h 0.215712 153312 77540.5 1070190
4c3c 0.215664 153312 77489.5 1070190
7s3c 0.2154 152840 77679 1070190
7s3d 0.2154 152840 77679 1070190
7s3h 0.2154 152840 77679 1070190
7c3s 0.215359 152756 77719 1070190
7d3s 0.215359 152756 77719 1070190
7h3s 0.215359 152756 77719 1070190
7s3s 0.214923 152391 77617 1070190
7d2c 0.214171 151423 77781 1070190
7c2d 0.214171 151423 77781 1070190
7c2h 0.214171 151423 77781 1070190
7d2h 0.214171 151423 77781 1070190
7h2d 0.214171 151423 77781 1070190
7h2c 0.214171 151423 77781 1070190
4h2h 0.214047 151530 77540.5 1070190
4d2d 0.214047 151530 77540.5 1070190
4c2c 0.213999 151530 77489.5 1070190
7s2d 0.213735 151058 77679 1070190
7s2h 0.213735 151058 77679 1070190
7s2c 0.213735 151058 77679 1070190
7c2s 0.213694 150974 77719 1070190
7d2s 0.213694 150974 77719 1070190
7h2s 0.213694 150974 77719 1070190
7s2s 0.213257 150609 77617 1070190
3h2h 0.212381 149748 77540.5 1070190
3d2d 0.212381 149748 77540.5 1070190
3c2c 0.212334 149748 77489.5 1070190
6d5c 0.198867 132862 79964 1070190
6d5h 0.198867 132862 79964 1070190
6c5d 0.198867 132862 79964 1070190
6c5h 0.198867 132862 79964 1070190
6h5c 0.198867 132862 79964 1070190
6h5d 0.198867 132862 79964 1070190
6s5h 0.198438 132494 79872 1070190
6s5d 0.198438 132494 79872 1070190
6s5c 0.198438 132494 79872 1070190
6d5s 0.198418 132452 79893 1070190
6h5s 0.198418 132452 79893 1070190
6c5s 0.198418 132452 79893 1070190
6s5s 0.197988 132084 79801 1070190
6c4h 0.196847 130510 80154 1070190
6h4c 0.196847 130510 80154 1070190
6h4d 0.196847 130510 80154 1070190
6c4d 0.196847 130510 80154 1070190
6d4c 0.196847 130510 80154 1070190
6d4h 0.196847 130510 80154 1070190
6s4d 0.196419 130145 80061 1070190
6s4h 0.196419 130145 80061 1070190
6s4c 0.196419 130145 80061 1070190
6c4s 0.196398 130100 80083 1070190
6h4s 0.196398 130100 80083 1070190
6d4s 0.196398 130100 80083 1070190
6s4s 0.19597 129735 79990 1070190
6c3d 0.195182 128728 80154 1070190
6h3c 0.195182 128728 80154 1070190
6h3d 0.195182 128728 80154 1070190
6c3h 0.195182 128728 80154 1070190
6d3c 0.195182 128728 80154 1070190
6d3h 0.195182 128728 80154 1070190
6s3h 0.194754 128363 80061 1070190
6s3d 0.194754 128363 80061 1070190
6s3c 0.194754 128363 80061 1070190
6h3s 0.194733 128318 80083 1070190
6c3s 0.194733 128318 80083 1070190
6d3s 0.194733 128318 80083 1070190
6s3s 0.194305 127953 79990 1070190
6c2d 0.193517 126946 80154 1070190
6h2c 0.193517 126946 80154 1070190
6h2d 0.193517 126946 80154 1070190
6d2c 0.193517 126946 80154 1070190
6d2h 0.193517 126946 80154 1070190
6c2h 0.193517 126946 80154 1070190
6s2d 0.193089 126581 80061 1070190
6s2h 0.193089 126581 80061 1070190
6s2c 0.193089 126581 80061 1070190
6h2s 0.193068 126536 80083 1070190
6c2s 0.193068 126536 80083 1070190
6d2s 0.193068 126536 80083 1070190
6s2s 0.19264 126171 79990 1070190
5c4d 0.185568 117521 81071.5 1070190
5h4c 0.185568 117521 81071.5 1070190
5h4d 0.185568 117521 81071.5 1070190
5d4h 0.185568 117521 81071.5 1070190
5c4h 0.185568 117521 81071.5 1070190
5d4c 0.185568 117521 81071.5 1070190
5s4c 0.185146 117156 80985.5 1070190
5s4d 0.185146 117156 80985.5 1070190
5s4h 0.185146 117156 80985.5 1070190
5h4s 0.185139 117140 80993.5 1070190
5c4s 0.185139 117140 80993.5 1070190
5d4s 0.185139 117140 80993.5 1070190
5s4s 0.184717 116775 80907.5 1070190
5d3h 0.183902 115739 81071.5 1070190
5h3d 0.183902 115739 81071.5 1070190
5h3c 0.183902 115739 81071.5 1070190
5d3c 0.183902 115739 81071.5 1070190
5c3d 0.183902 115739 81071.5 1070190
5c3h 0.183902 115739 81071.5 1070190
5s3h 0.183481 115374 80985.5 1070190
5s3d 0.183481 115374 80985.5 1070190
5s3c 0.183481 115374 80985.5 1070190
5d3s 0.183473 115358 80993.5 1070190
5c3s 0.183473 115358 80993.5 1070190
5h3s 0.183473 115358 80993.5 1070190
5s3s 0.183052 114993 80907.5 1070190
5d2c 0.182237 113957 81071.5 1070190
5c2h 0.182237 113957 81071.5 1070190
5c2d 0.182237 113957 81071.5 1070190
5h2c 0.182237 113957 81071.5 1070190
5h2d 0.182237 113957 81071.5 1070190
5d2h 0.182237 113957 81071.5 1070190
5s2h 0.181816 113592 80985.5 1070190
5s2d 0.181816 113592 80985.5 1070190
5s2c 0.181816 113592 80985.5 1070190
5h2s 0.181808 113576 80993.5 1070190
5d2s 0.181808 113576 80993.5 1070190
5c2s 0.181808 113576 80993.5 1070190
5s2s 0.181387 113211 80907.5 1070190
4h3c 0.179307 110821 81071.5 1070190
4d3h 0.179307 110821 81071.5 1070190
4h3d 0.179307 110821 81071.5 1070190
4d3c 0.179307 110821 81071.5 1070190
4c3h 0.179307 110821 81071.5 1070190
4c3d 0.179307 110821 81071.5 1070190
4s3d 0.178889 110456 80989.5 1070190
4s3h 0.178889 110456 80989.5 1070190
4s3c 0.178889 110456 80989.5 1070190
4c3s 0.178889 110456 80989.5 1070190
4h3s 0.178889 110456 80989.5 1070190
4d3s 0.178889 110456 80989.5 1070190
4s3s 0.178472 110091 80907.5 1070190
4c2h 0.177642 109039 81071.5 1070190
4h2d 0.177642 109039 81071.5 1070190
4h2c 0.177642 109039 81071.5 1070190
4c2d 0.177642 109039 81071.5 1070190
4d2c 0.177642 109039 81071.5 1070190
4d2h 0.177642 109039 81071.5 1070190
4c2s 0.177224 108674 80989.5 1070190
4s2h 0.177224 108674 80989.5 1070190
4s2d 0.177224 108674 80989.5 1070190
4s2c 0.177224 108674 80989.5 1070190
4h2s 0.177224 108674 80989.5 1070190
4d2s 0.177224 108674 80989.5 1070190
4s2s 0.176806 108309 80907.5 1070190
3h2c 0.175977 107257 81071.5 1070190
3d2h 0.175977 107257 81071.5 1070190
3h2d 0.175977 107257 81071.5 1070190
3d2c 0.175977 107257 81071.5 1070190
3c2h 0.175977 107257 81071.5 1070190
3c2d 0.175977 107257 81071.5 1070190
3d2s 0.175559 106892 80989.5 1070190
3c2s 0.175559 106892 80989.5 1070190
3h2s 0.175559 106892 80989.5 1070190
3s2h 0.175559 106892 80989.5 1070190
3s2c 0.175559 106892 80989.5 1070190
3s2d 0.175559 106892 80989.5 1070190
3s2s 0.175141 106527 80907.5 1070190
