KcQs 0.999955 1070142 0 1070190
QsJh 0.999955 1070142 0 1070190
QsJd 0.999955 1070142 0 1070190
QsJc 0.999955 1070142 0 1070190
KhQs 0.999955 1070142 0 1070190
QsTh 0.999955 1070142 0 1070190
QsTd 0.999955 1070142 0 1070190
QsTc 0.999955 1070142 0 1070190
KdQs 0.999955 1070142 0 1070190
AhQs 0.99995 1070136 0 1070190
AdQs 0.99995 1070136 0 1070190
AcQs 0.99995 1070136 0 1070190
Qs9c 0.99995 1070136 0 1070190
Qs9h 0.99995 1070136 0 1070190
Qs9d 0.99995 1070136 0 1070190
Qs8h 0.999944 1070130 0 1070190
Qs8d 0.999944 1070130 0 1070190
Qs8c 0.999944 1070130 0 1070190
KsQs 0.999944 1070130 0 1070190
AsQs 0.999944 1070130 0 1070190
Qs4h 0.999938 1070124 0 1070190
QsJs 0.999938 1070124 0 1070190
Qs4d 0.999938 1070124 0 1070190
Qs4c 0.999938 1070124 0 1070190
Qs3s 0.999938 1070124 0 1070190
Qs3h 0.999938 1070124 0 1070190
Qs3d 0.999938 1070124 0 1070190
Qs3c 0.999938 1070124 0 1070190
Qs2s 0.999938 1070124 0 1070190
Qs2h 0.999938 1070124 0 1070190
Qs2d 0.999938 1070124 0 1070190
Qs2c 0.999938 1070124 0 1070190
QsTs 0.999938 1070124 0 1070190
Qs5c 0.999938 1070124 0 1070190
Qs8s 0.999938 1070124 0 1070190
Qs7s 0.999938 1070124 0 1070190
Qs7h 0.999938 1070124 0 1070190
Qs7d 0.999938 1070124 0 1070190
Qs7c 0.999938 1070124 0 1070190
Qs9s 0.999938 1070124 0 1070190
Qs6s 0.999938 1070124 0 1070190
Qs6h 0.999938 1070124 0 1070190
Qs6d 0.999938 1070124 0 1070190
Qs6c 0.999938 1070124 0 1070190
Qs5s 0.999938 1070124 0 1070190
Qs5h 0.999938 1070124 0 1070190
Qs5d 0.999938 1070124 0 1070190
Qs4s 0.999938 1070124 0 1070190
AhAd 0.953312 1016848 3377 1070190
AhAc 0.953312 1016848 3377 1070190
AdAc 0.953312 1016848 3377 1070190
AsAh 0.953306 1016842 3377 1070190
AsAd 0.953306 1016842 3377 1070190
AsAc 0.953306 1016842 3377 1070190
KhKc 0.920077 977224 7433 1070190
KdKc 0.920077 977224 7433 1070190
KhKd 0.920077 977224 7433 1070190
KsKh 0.920066 977212 7433 1070190
KsKd 0.920066 977212 7433 1070190
KsKc 0.920066 977212 7433 1070190
JdJc 0.883061 931996 13047 1070190
JhJc 0.883061 931996 13047 1070190
JhJd 0.883061 931996 13047 1070190
JsJd 0.883044 931978 13047 1070190
JsJc 0.883044 931978 13047 1070190
JsJh 0.883044 931978 13047 1070190
ThTc 0.850947 893920 16755 1070190
TdTc 0.850947 893920 16755 1070190
ThTd 0.850947 893920 16755 1070190
TsTh 0.85093 893902 16755 1070190
TsTd 0.85093 893902 16755 1070190
TsTc 0.85093 893902 16755 1070190
9h9d 0.820184 857536 20217 1070190
9h9c 0.820184 857536 20217 1070190
9d9c 0.820184 857536 20217 1070190
9s9h 0.820173 857524 20217 1070190
9s9d 0.820173 857524 20217 1070190
9s9c 0.820173 857524 20217 1070190
8h8d 0.790634 822664 23465 1070190
8h8c 0.790634 822664 23465 1070190
8d8c 0.790634 822664 23465 1070190
8s8h 0.790629 822658 23465 1070190
8s8c 0.790629 822658 23465 1070190
8s8d 0.790629 822658 23465 1070190
7s7c 0.762148 789112 26531 1070190
7h7d 0.762148 789112 26531 1070190
7h7c 0.762148 789112 26531 1070190
7d7c 0.762148 789112 26531 1070190
7s7d 0.762148 789112 26531 1070190
7s7h 0.762148 789112 26531 1070190
6d6c 0.734586 756700 29447 1070190
6h6c 0.734586 756700 29447 1070190
6h6d 0.734586 756700 29447 1070190
6s6c 0.734586 756700 29447 1070190
6s6d 0.734586 756700 29447 1070190
6s6h 0.734586 756700 29447 1070190
AcKc 0.707985 712480 45198 1070190
AhKh 0.707985 712480 45198 1070190
AdKd 0.707985 712480 45198 1070190
5h5d 0.707789 725224 32245 1070190
5d5c 0.707789 725224 32245 1070190
5h5c 0.707789 725224 32245 1070190
5s5h 0.707789 725224 32245 1070190
5s5d 0.707789 725224 32245 1070190
5s5c 0.707789 725224 32245 1070190
AhKc 0.706237 710385 45423 1070190
AcKd 0.706237 710385 45423 1070190
AcKh 0.706237 710385 45423 1070190
AhKd 0.706237 710385 45423 1070190
AdKh 0.706237 710385 45423 1070190
AdKc 0.706237 710385 45423 1070190
AsKh 0.705875 710020 45400.5 1070190
AsKd 0.705875 710020 45400.5 1070190
AsKc 0.705875 710020 45400.5 1070190
AcKs 0.705874 710019 45400.5 1070190
AdKs 0.705874 710019 45400.5 1070190
AhKs 0.705874 710019 45400.5 1070190
AsKs 0.705512 709654 45378 1070190
AdJd 0.693827 690511 52016 1070190
AcJc 0.693827 690511 52016 1070190
AhJh 0.693827 690511 52016 1070190
AdJh 0.691349 687250 52625 1070190
AhJc 0.691349 687250 52625 1070190
AhJd 0.691349 687250 52625 1070190
AcJh 0.691349 687250 52625 1070190
AcJd 0.691349 687250 52625 1070190
AdJc 0.691349 687250 52625 1070190
AsJd 0.691051 686985 52570.5 1070190
AsJh 0.691051 686985 52570.5 1070190
AsJc 0.691051 686985 52570.5 1070190
AhJs 0.690986 686884 52602.5 1070190
AcJs 0.690986 686884 52602.5 1070190
AdJs 0.690986 686884 52602.5 1070190
AsJs 0.690688 686619 52548 1070190
AcTc 0.682528 673471 56964 1070190
AhTh 0.682528 673471 56964 1070190
AdTd 0.682528 673471 56964 1070190
4d4c 0.681607 694492 34957 1070190
4h4c 0.681607 694492 34957 1070190
4h4d 0.681607 694492 34957 1070190
4s4c 0.681607 694492 34957 1070190
4s4d 0.681607 694492 34957 1070190
4s4h 0.681607 694492 34957 1070190
AdTc 0.679422 669202 57909 1070190
AhTd 0.679422 669202 57909 1070190
AdTh 0.679422 669202 57909 1070190
AcTd 0.679422 669202 57909 1070190
AcTh 0.679422 669202 57909 1070190
AhTc 0.679422 669202 57909 1070190
AsTc 0.679176 669021 57826.5 1070190
AsTh 0.679176 669021 57826.5 1070190
AsTd 0.679176 669021 57826.5 1070190
AcTs 0.679059 668836 57886.5 1070190
AhTs 0.679059 668836 57886.5 1070190
AdTs 0.679059 668836 57886.5 1070190
AsTs 0.678813 668655 57804 1070190
Ac9c 0.672245 658230 61200 1070190
Ad9d 0.672245 658230 61200 1070190
Ah9h 0.672245 658230 61200 1070190
Ad9c 0.668915 653433 62433 1070190
Ac9h 0.668915 653433 62433 1070190
Ah9c 0.668915 653433 62433 1070190
Ah9d 0.668915 653433 62433 1070190
Ad9h 0.668915 653433 62433 1070190
Ac9d 0.668915 653433 62433 1070190
As9c 0.668714 653325 62326.5 1070190
As9d 0.668714 653325 62326.5 1070190
As9h 0.668714 653325 62326.5 1070190
Ah9s 0.668557 653073 62410.5 1070190
Ac9s 0.668557 653073 62410.5 1070190
Ad9s 0.668557 653073 62410.5 1070190
As9s 0.668357 652965 62304 1070190
Ad8d 0.664435 647238 63834 1070190
Ac8c 0.664435 647238 63834 1070190
Ah8h 0.664435 647238 63834 1070190
Ah8d 0.660724 641853 65247 1070190
Ah8c 0.660724 641853 65247 1070190
Ad8c 0.660724 641853 65247 1070190
Ad8h 0.660724 641853 65247 1070190
Ac8d 0.660724 641853 65247 1070190
Ac8h 0.660724 641853 65247 1070190
As8h 0.660551 641790 65125.5 1070190
As8d 0.660551 641790 65125.5 1070190
As8c 0.660551 641790 65125.5 1070190
Ac8s 0.660366 641493 65224.5 1070190
Ad8s 0.660366 641493 65224.5 1070190
Ah8s 0.660366 641493 65224.5 1070190
As8s 0.660194 641430 65103 1070190
Ad7d 0.658289 638916 65578 1070190
Ac7c 0.658289 638916 65578 1070190
Ah7h 0.658289 638916 65578 1070190
3d3c 0.65589 664312 37615 1070190
3h3c 0.65589 664312 37615 1070190
3h3d 0.65589 664312 37615 1070190
3s3c 0.65589 664312 37615 1070190
3s3d 0.65589 664312 37615 1070190
3s3h 0.65589 664312 37615 1070190
Ac7d 0.654308 633123 67111 1070190
Ah7c 0.654308 633123 67111 1070190
Ad6d 0.654308 633624 66610 1070190
Ah7d 0.654308 633123 67111 1070190
Ad7h 0.654308 633123 67111 1070190
Ac6c 0.654308 633624 66610 1070190
Ad7c 0.654308 633123 67111 1070190
Ah6h 0.654308 633624 66610 1070190
Ac7h 0.654308 633123 67111 1070190
As7h 0.654154 633090 66979.5 1070190
As7c 0.654154 633090 66979.5 1070190
As7d 0.654154 633090 66979.5 1070190
Ad7s 0.653951 632763 67088.5 1070190
Ah7s 0.653951 632763 67088.5 1070190
Ac7s 0.653951 632763 67088.5 1070190
As7s 0.653797 632730 66957 1070190
Ad5d 0.651325 629934 67108 1070190
Ac5c 0.651325 629934 67108 1070190
Ah5h 0.651325 629934 67108 1070190
Ac6d 0.650193 627615 68215 1070190
Ad6h 0.650193 627615 68215 1070190
Ad6c 0.650193 627615 68215 1070190
Ac6h 0.650193 627615 68215 1070190
Ah6d 0.650193 627615 68215 1070190
Ah6c 0.650193 627615 68215 1070190
As6d 0.65005 627600 68077.5 1070190
As6h 0.65005 627600 68077.5 1070190
As6c 0.65005 627600 68077.5 1070190
Ad6s 0.649836 627255 68192.5 1070190
Ah6s 0.649836 627255 68192.5 1070190
Ac6s 0.649836 627255 68192.5 1070190
As6s 0.649693 627240 68055 1070190
Ad4d 0.649008 627312 67250 1070190
Ac4c 0.649008 627312 67250 1070190
Ah4h 0.649008 627312 67250 1070190
Ad5h 0.647143 623817 68749 1070190
Ah5d 0.647143 623817 68749 1070190
Ad5c 0.647143 623817 68749 1070190
Ac5h 0.647143 623817 68749 1070190
Ac5d 0.647143 623817 68749 1070190
Ah5c 0.647143 623817 68749 1070190
Ah3h 0.647023 625224 67214 1070190
Ad3d 0.647023 625224 67214 1070190
Ac3c 0.647023 625224 67214 1070190
As5c 0.647006 623811 68608.5 1070190
As5d 0.647006 623811 68608.5 1070190
As5h 0.647006 623811 68608.5 1070190
Ah5s 0.646786 623457 68726.5 1070190
Ad5s 0.646786 623457 68726.5 1070190
Ac5s 0.646786 623457 68726.5 1070190
As5s 0.646649 623451 68586 1070190
Ac2c 0.645039 623136 67178 1070190
Ad2d 0.645039 623136 67178 1070190
Ah2h 0.645039 623136 67178 1070190
Ac4d 0.644803 621159 68903 1070190
Ac4h 0.644803 621159 68903 1070190
Ad4c 0.644803 621159 68903 1070190
Ad4h 0.644803 621159 68903 1070190
Ah4c 0.644803 621159 68903 1070190
Ah4d 0.644803 621159 68903 1070190
As4c 0.644668 621156 68761.5 1070190
As4d 0.644668 621156 68761.5 1070190
As4h 0.644668 621156 68761.5 1070190
Ac4s 0.644446 620799 68880.5 1070190
Ah4s 0.644446 620799 68880.5 1070190
Ad4s 0.644446 620799 68880.5 1070190
As4s 0.644311 620796 68739 1070190
Ah3d 0.642819 619071 68867 1070190
Ah3c 0.642819 619071 68867 1070190
Ad3h 0.642819 619071 68867 1070190
Ad3c 0.642819 619071 68867 1070190
Ac3h 0.642819 619071 68867 1070190
Ac3d 0.642819 619071 68867 1070190
As3h 0.642684 619068 68725.5 1070190
As3d 0.642684 619068 68725.5 1070190
As3c 0.642684 619068 68725.5 1070190
Ah3s 0.642461 618711 68844.5 1070190
Ad3s 0.642461 618711 68844.5 1070190
Ac3s 0.642461 618711 68844.5 1070190
As3s 0.642326 618708 68703 1070190
Ac2h 0.640834 616983 68831 1070190
Ac2d 0.640834 616983 68831 1070190
Ad2c 0.640834 616983 68831 1070190
Ad2h 0.640834 616983 68831 1070190
Ah2c 0.640834 616983 68831 1070190
Ah2d 0.640834 616983 68831 1070190
As2c 0.640699 616980 68689.5 1070190
As2d 0.640699 616980 68689.5 1070190
As2h 0.640699 616980 68689.5 1070190
Ad2s 0.640476 616623 68808.5 1070190
Ac2s 0.640476 616623 68808.5 1070190
Ah2s 0.640476 616623 68808.5 1070190
As2s 0.640341 616620 68667 1070190
2d2c 0.630489 634492 40251 1070190
2s2h 0.630489 634492 40251 1070190
2s2d 0.630489 634492 40251 1070190
2s2c 0.630489 634492 40251 1070190
2h2d 0.630489 634492 40251 1070190
2h2c 0.630489 634492 40251 1070190
KcJc 0.624455 615063 53222 1070190
KhJh 0.624455 615063 53222 1070190
KdJd 0.624455 615063 53222 1070190
KhJc 0.61811 607664 53831 1070190
KdJh 0.61811 607664 53831 1070190
KcJd 0.61811 607664 53831 1070190
KcJh 0.61811 607664 53831 1070190
KhJd 0.61811 607664 53831 1070190
KdJc 0.61811 607664 53831 1070190
KsJh 0.617806 607393 53776.5 1070190
KsJd 0.617806 607393 53776.5 1070190
KsJc 0.617806 607393 53776.5 1070190
KdJs 0.617775 607328 53808.5 1070190
KcJs 0.617775 607328 53808.5 1070190
KhJs 0.617775 607328 53808.5 1070190
KsJs 0.617471 607057 53754 1070190
KcTc 0.613738 599269 57547 1070190
KhTh 0.613738 599269 57547 1070190
KdTd 0.613738 599269 57547 1070190
KdTc 0.606804 590946 58450 1070190
KdTh 0.606804 590946 58450 1070190
KhTd 0.606804 590946 58450 1070190
KhTc 0.606804 590946 58450 1070190
KcTd 0.606804 590946 58450 1070190
KcTh 0.606804 590946 58450 1070190
KsTd 0.606549 590752 58371 1070190
KsTh 0.606549 590752 58371 1070190
KsTc 0.606549 590752 58371 1070190
KcTs 0.606469 590610 58427.5 1070190
KdTs 0.606469 590610 58427.5 1070190
KhTs 0.606469 590610 58427.5 1070190
KsTs 0.606214 590416 58348.5 1070190
Kc9c 0.603455 584028 61783 1070190
Kh9h 0.603455 584028 61783 1070190
Kd9d 0.603455 584028 61783 1070190
Kh9c 0.596297 575177 62974 1070190
Kh9d 0.596297 575177 62974 1070190
Kd9c 0.596297 575177 62974 1070190
Kd9h 0.596297 575177 62974 1070190
Kc9d 0.596297 575177 62974 1070190
Kc9h 0.596297 575177 62974 1070190
Ks9d 0.596089 575057 62871 1070190
Ks9c 0.596089 575057 62871 1070190
Ks9h 0.596089 575057 62871 1070190
Kd9s 0.595967 574846 62951.5 1070190
Kh9s 0.595967 574846 62951.5 1070190
Kc9s 0.595967 574846 62951.5 1070190
Ks9s 0.595758 574726 62848.5 1070190
Kc8c 0.593521 570318 64862 1070190
Kh8h 0.593521 570318 64862 1070190
Kd8d 0.593521 570318 64862 1070190
Kh7h 0.587374 561996 66606 1070190
Kc7c 0.587374 561996 66606 1070190
Kd7d 0.587374 561996 66606 1070190
Kh8c 0.586176 561057 66263 1070190
Kd8c 0.586176 561057 66263 1070190
Kh8d 0.586176 561057 66263 1070190
Kd8h 0.586176 561057 66263 1070190
Kc8h 0.586176 561057 66263 1070190
Kc8d 0.586176 561057 66263 1070190
Ks8c 0.586002 560991 66142.5 1070190
Ks8h 0.586002 560991 66142.5 1070190
Ks8d 0.586002 560991 66142.5 1070190
Kh8s 0.585853 560733 66240.5 1070190
Kc8s 0.585853 560733 66240.5 1070190
Kd8s 0.585853 560733 66240.5 1070190
Ks8s 0.585678 560667 66120 1070190
Kh6h 0.583394 556704 67638 1070190
Kd6d 0.583394 556704 67638 1070190
Kc6c 0.583394 556704 67638 1070190
Kh5h 0.580411 553014 68136 1070190
Kc5c 0.580411 553014 68136 1070190
Kd5d 0.580411 553014 68136 1070190
Kd7h 0.579761 552327 68127 1070190
Kh7c 0.579761 552327 68127 1070190
Kh7d 0.579761 552327 68127 1070190
Kc7d 0.579761 552327 68127 1070190
Kc7h 0.579761 552327 68127 1070190
Kd7c 0.579761 552327 68127 1070190
Ks7h 0.579605 552291 67996.5 1070190
Ks7d 0.579605 552291 67996.5 1070190
Ks7c 0.579605 552291 67996.5 1070190
Kc7s 0.579437 552003 68104.5 1070190
Kh7s 0.579437 552003 68104.5 1070190
Kd7s 0.579437 552003 68104.5 1070190
Ks7s 0.579281 551967 67974 1070190
Kc4c 0.578094 550392 68278 1070190
Kd4d 0.578094 550392 68278 1070190
Kh4h 0.578094 550392 68278 1070190
Kd3d 0.576109 548304 68242 1070190
Kc3c 0.576109 548304 68242 1070190
Kh3h 0.576109 548304 68242 1070190
Kh6d 0.575645 546819 69231 1070190
Kd6h 0.575645 546819 69231 1070190
Kd6c 0.575645 546819 69231 1070190
Kc6d 0.575645 546819 69231 1070190
Kc6h 0.575645 546819 69231 1070190
Kh6c 0.575645 546819 69231 1070190
Ks6d 0.575501 546801 69094.5 1070190
Ks6c 0.575501 546801 69094.5 1070190
Ks6h 0.575501 546801 69094.5 1070190
Kc6s 0.575322 546495 69208.5 1070190
Kd6s 0.575322 546495 69208.5 1070190
Kh6s 0.575322 546495 69208.5 1070190
Ks6s 0.575177 546477 69072 1070190
Kc2c 0.574124 546216 68206 1070190
Kh2h 0.574124 546216 68206 1070190
Kd2d 0.574124 546216 68206 1070190
Kc5d 0.572596 543021 69765 1070190
Kh5c 0.572596 543021 69765 1070190
Kc5h 0.572596 543021 69765 1070190
Kh5d 0.572596 543021 69765 1070190
Kd5c 0.572596 543021 69765 1070190
Kd5h 0.572596 543021 69765 1070190
Ks5d 0.572457 543012 69625.5 1070190
Ks5c 0.572457 543012 69625.5 1070190
Ks5h 0.572457 543012 69625.5 1070190
Kh5s 0.572272 542697 69742.5 1070190
Kc5s 0.572272 542697 69742.5 1070190
Kd5s 0.572272 542697 69742.5 1070190
Ks5s 0.572133 542688 69603 1070190
Kc4d 0.570256 540363 69919 1070190
Kc4h 0.570256 540363 69919 1070190
Kd4h 0.570256 540363 69919 1070190
Kd4c 0.570256 540363 69919 1070190
Kh4d 0.570256 540363 69919 1070190
Kh4c 0.570256 540363 69919 1070190
Ks4c 0.570119 540357 69778.5 1070190
Ks4d 0.570119 540357 69778.5 1070190
Ks4h 0.570119 540357 69778.5 1070190
Kc4s 0.569932 540039 69896.5 1070190
Kd4s 0.569932 540039 69896.5 1070190
Kh4s 0.569932 540039 69896.5 1070190
Ks4s 0.569795 540033 69756 1070190
Kd3h 0.568271 538275 69883 1070190
Kc3h 0.568271 538275 69883 1070190
Kd3c 0.568271 538275 69883 1070190
Kc3d 0.568271 538275 69883 1070190
Kh3d 0.568271 538275 69883 1070190
Kh3c 0.568271 538275 69883 1070190
Ks3h 0.568134 538269 69742.5 1070190
Ks3d 0.568134 538269 69742.5 1070190
Ks3c 0.568134 538269 69742.5 1070190
Kc3s 0.567947 537951 69860.5 1070190
Kh3s 0.567947 537951 69860.5 1070190
Kd3s 0.567947 537951 69860.5 1070190
Ks3s 0.56781 537945 69720 1070190
Kd2h 0.566286 536187 69847 1070190
Kc2h 0.566286 536187 69847 1070190
Kc2d 0.566286 536187 69847 1070190
Kd2c 0.566286 536187 69847 1070190
Kh2d 0.566286 536187 69847 1070190
Kh2c 0.566286 536187 69847 1070190
Ks2h 0.566149 536181 69706.5 1070190
Ks2d 0.566149 536181 69706.5 1070190
Ks2c 0.566149 536181 69706.5 1070190
Kh2s 0.565963 535863 69824.5 1070190
Kc2s 0.565963 535863 69824.5 1070190
Kd2s 0.565963 535863 69824.5 1070190
Ks2s 0.565826 535857 69684 1070190
JcTc 0.551422 531204 58922 1070190
JdTd 0.551422 531204 58922 1070190
JhTh 0.551422 531204 58922 1070190
JhTd 0.541033 519231 59777 1070190
JdTc 0.541033 519231 59777 1070190
JdTh 0.541033 519231 59777 1070190
JhTc 0.541033 519231 59777 1070190
JcTd 0.541033 519231 59777 1070190
JcTh 0.541033 519231 59777 1070190
JsTh 0.540775 519030 59702 1070190
JsTc 0.540775 519030 59702 1070190
JsTd 0.540775 519030 59702 1070190
JdTs 0.540726 518925 59754.5 1070190
JhTs 0.540726 518925 59754.5 1070190
JcTs 0.540726 518925 59754.5 1070190
JsTs 0.540468 518724 59679.5 1070190
Jd9d 0.537942 508943 66757 1070190
Jc9c 0.537942 508943 66757 1070190
Jh9h 0.537942 508943 66757 1070190
Jc8c 0.528008 495233 69836 1070190
Jd8d 0.528008 495233 69836 1070190
Jh8h 0.528008 495233 69836 1070190
Jc9h 0.527127 495998 68128 1070190
Jc9d 0.527127 495998 68128 1070190
Jd9h 0.527127 495998 68128 1070190
Jd9c 0.527127 495998 68128 1070190
Jh9c 0.527127 495998 68128 1070190
Jh9d 0.527127 495998 68128 1070190
Js9h 0.526913 495865 68031.5 1070190
Js9d 0.526913 495865 68031.5 1070190
Js9c 0.526913 495865 68031.5 1070190
Jc9s 0.526828 495705 68101.5 1070190
Jh9s 0.526828 495705 68101.5 1070190
Jd9s 0.526828 495705 68101.5 1070190
Js9s 0.526614 495572 68005 1070190
Jc7c 0.518315 482759 71936 1070190
Jd7d 0.518315 482759 71936 1070190
Jh7h 0.518315 482759 71936 1070190
Jc8h 0.517006 481878 71417 1070190
Jh8c 0.517006 481878 71417 1070190
Jh8d 0.517006 481878 71417 1070190
Jc8d 0.517006 481878 71417 1070190
Jd8c 0.517006 481878 71417 1070190
Jd8h 0.517006 481878 71417 1070190
Js8h 0.516827 481800 71303 1070190
Js8c 0.516827 481800 71303 1070190
Js8d 0.516827 481800 71303 1070190
Jc8s 0.516713 481591 71390.5 1070190
Jd8s 0.516713 481591 71390.5 1070190
Jh8s 0.516713 481591 71390.5 1070190
Js8s 0.516534 481513 71276.5 1070190
Jc6c 0.514334 477467 72968 1070190
Jd6d 0.514334 477467 72968 1070190
Jh6h 0.514334 477467 72968 1070190
Jc5c 0.511351 473777 73466 1070190
Jh5h 0.511351 473777 73466 1070190
Jd5d 0.511351 473777 73466 1070190
Jh4h 0.509034 471155 73608 1070190
Jd4d 0.509034 471155 73608 1070190
Jc4c 0.509034 471155 73608 1070190
Jh7c 0.507154 469090 73661 1070190
Jh7d 0.507154 469090 73661 1070190
Jd7c 0.507154 469090 73661 1070190
Jd7h 0.507154 469090 73661 1070190
Jc7d 0.507154 469090 73661 1070190
Jc7h 0.507154 469090 73661 1070190
Jc3c 0.507049 469067 73572 1070190
Jh3h 0.507049 469067 73572 1070190
Jd3d 0.507049 469067 73572 1070190
Js7c 0.507 469051 73535 1070190
Js7d 0.507 469051 73535 1070190
Js7h 0.507 469051 73535 1070190
Jh7s 0.506867 468810 73634.5 1070190
Jd7s 0.506867 468810 73634.5 1070190
Jc7s 0.506867 468810 73634.5 1070190
Js7s 0.506713 468771 73508.5 1070190
Jd2d 0.505065 466979 73536 1070190
Jh2h 0.505065 466979 73536 1070190
Jc2c 0.505065 466979 73536 1070190
Jc6d 0.503039 463582 74765 1070190
Jc6h 0.503039 463582 74765 1070190
Jd6c 0.503039 463582 74765 1070190
Jh6c 0.503039 463582 74765 1070190
Jd6h 0.503039 463582 74765 1070190
Jh6d 0.503039 463582 74765 1070190
Js6d 0.502896 463561 74633 1070190
Js6h 0.502896 463561 74633 1070190
Js6c 0.502896 463561 74633 1070190
Jd6s 0.502752 463302 74738.5 1070190
Jh6s 0.502752 463302 74738.5 1070190
Jc6s 0.502752 463302 74738.5 1070190
Js6s 0.502609 463281 74606.5 1070190
Jc5h 0.499989 459784 75299 1070190
Jh5c 0.499989 459784 75299 1070190
Jh5d 0.499989 459784 75299 1070190
Jd5c 0.499989 459784 75299 1070190
Jd5h 0.499989 459784 75299 1070190
Jc5d 0.499989 459784 75299 1070190
Js5h 0.499851 459772 75164 1070190
Js5d 0.499851 459772 75164 1070190
Js5c 0.499851 459772 75164 1070190
Jc5s 0.499702 459504 75272.5 1070190
Jh5s 0.499702 459504 75272.5 1070190
Jd5s 0.499702 459504 75272.5 1070190
Js5s 0.499565 459492 75137.5 1070190
Jh4c 0.497649 457126 75453 1070190
Jd4h 0.497649 457126 75453 1070190
Jd4c 0.497649 457126 75453 1070190
Jc4d 0.497649 457126 75453 1070190
Jc4h 0.497649 457126 75453 1070190
Jh4d 0.497649 457126 75453 1070190
Js4h 0.497514 457117 75317 1070190
Js4d 0.497514 457117 75317 1070190
Js4c 0.497514 457117 75317 1070190
Jc4s 0.497363 456846 75426.5 1070190
Jd4s 0.497363 456846 75426.5 1070190
Jh4s 0.497363 456846 75426.5 1070190
Js4s 0.497227 456837 75290.5 1070190
Jc3d 0.495664 455038 75417 1070190
Jc3h 0.495664 455038 75417 1070190
Jh3c 0.495664 455038 75417 1070190
Jh3d 0.495664 455038 75417 1070190
Jd3h 0.495664 455038 75417 1070190
Jd3c 0.495664 455038 75417 1070190
Js3c 0.495529 455029 75281 1070190
Js3d 0.495529 455029 75281 1070190
Js3h 0.495529 455029 75281 1070190
Jh3s 0.495378 454758 75390.5 1070190
Jc3s 0.495378 454758 75390.5 1070190
Jd3s 0.495378 454758 75390.5 1070190
Js3s 0.495242 454749 75254.5 1070190
Jd2h 0.49368 452950 75381 1070190
Jd2c 0.49368 452950 75381 1070190
Jh2c 0.49368 452950 75381 1070190
Jh2d 0.49368 452950 75381 1070190
Jc2h 0.49368 452950 75381 1070190
Jc2d 0.49368 452950 75381 1070190
Js2c 0.493544 452941 75245 1070190
Js2d 0.493544 452941 75245 1070190
Js2h 0.493544 452941 75245 1070190
Jd2s 0.493393 452670 75354.5 1070190
Jc2s 0.493393 452670 75354.5 1070190
Jh2s 0.493393 452670 75354.5 1070190
Js2s 0.493258 452661 75218.5 1070190
Tc9c 0.478723 442999 69326 1070190
Td9d 0.478723 442999 69326 1070190
Th9h 0.478723 442999 69326 1070190
Td8d 0.465956 423045 75616 1070190
Th8h 0.465956 423045 75616 1070190
Tc8c 0.465956 423045 75616 1070190
Th9d 0.464785 426596 70812.5 1070190
Td9c 0.464785 426596 70812.5 1070190
Tc9d 0.464785 426596 70812.5 1070190
Td9h 0.464785 426596 70812.5 1070190
Tc9h 0.464785 426596 70812.5 1070190
Th9c 0.464785 426596 70812.5 1070190
Ts9d 0.464577 426463 70723 1070190
Ts9c 0.464577 426463 70723 1070190
Ts9h 0.464577 426463 70723 1070190
Th9s 0.464523 426345 70782.5 1070190
Td9s 0.464523 426345 70782.5 1070190
Tc9s 0.464523 426345 70782.5 1070190
Ts9s 0.464315 426212 70693 1070190
Td7d 0.456262 410571 77716 1070190
Th7h 0.456262 410571 77716 1070190
Tc7c 0.456262 410571 77716 1070190
Th6h 0.452281 405279 78748 1070190
Td6d 0.452281 405279 78748 1070190
Tc6c 0.452281 405279 78748 1070190
Td8c 0.45165 405833 77518 1070190
Td8h 0.45165 405833 77518 1070190
Tc8h 0.45165 405833 77518 1070190
Tc8d 0.45165 405833 77518 1070190
Th8d 0.45165 405833 77518 1070190
Th8c 0.45165 405833 77518 1070190
Ts8c 0.451476 405755 77410.5 1070190
Ts8d 0.451476 405755 77410.5 1070190
Ts8h 0.451476 405755 77410.5 1070190
Tc8s 0.451396 405595 77484.5 1070190
Td8s 0.451396 405595 77484.5 1070190
Th8s 0.451396 405595 77484.5 1070190
Ts8s 0.451223 405517 77377 1070190
Tc5c 0.449299 401589 79246 1070190
Th5h 0.449299 401589 79246 1070190
Td5d 0.449299 401589 79246 1070190
Tc4c 0.446981 398967 79388 1070190
Th4h 0.446981 398967 79388 1070190
Td4d 0.446981 398967 79388 1070190
Td3d 0.444997 396879 79352 1070190
Th3h 0.444997 396879 79352 1070190
Tc3c 0.444997 396879 79352 1070190
Tc2c 0.443012 394791 79316 1070190
Td2d 0.443012 394791 79316 1070190
Th2h 0.443012 394791 79316 1070190
Tc7h 0.441797 393045 79762 1070190
Tc7d 0.441797 393045 79762 1070190
Th7d 0.441797 393045 79762 1070190
Th7c 0.441797 393045 79762 1070190
Td7h 0.441797 393045 79762 1070190
Td7c 0.441797 393045 79762 1070190
Ts7h 0.441649 393006 79642.5 1070190
Ts7d 0.441649 393006 79642.5 1070190
Ts7c 0.441649 393006 79642.5 1070190
Tc7s 0.44155 392814 79728.5 1070190
Td7s 0.44155 392814 79728.5 1070190
Th7s 0.44155 392814 79728.5 1070190
Ts7s 0.441402 392775 79609 1070190
Tc6h 0.437682 387537 80866 1070190
Td6c 0.437682 387537 80866 1070190
Th6c 0.437682 387537 80866 1070190
Th6d 0.437682 387537 80866 1070190
Td6h 0.437682 387537 80866 1070190
Tc6d 0.437682 387537 80866 1070190
Ts6h 0.437545 387516 80740.5 1070190
Ts6d 0.437545 387516 80740.5 1070190
Ts6c 0.437545 387516 80740.5 1070190
Th6s 0.437435 387306 80832.5 1070190
Td6s 0.437435 387306 80832.5 1070190
Tc6s 0.437435 387306 80832.5 1070190
Ts6s 0.437298 387285 80707 1070190
Td5h 0.434632 383739 81400 1070190
Th5c 0.434632 383739 81400 1070190
Th5d 0.434632 383739 81400 1070190
Td5c 0.434632 383739 81400 1070190
Tc5h 0.434632 383739 81400 1070190
Tc5d 0.434632 383739 81400 1070190
Ts5c 0.434501 383727 81271.5 1070190
Ts5d 0.434501 383727 81271.5 1070190
Ts5h 0.434501 383727 81271.5 1070190
Td5s 0.434385 383508 81366.5 1070190
Tc5s 0.434385 383508 81366.5 1070190
Th5s 0.434385 383508 81366.5 1070190
Ts5s 0.434254 383496 81238 1070190
Th4c 0.432292 381081 81554 1070190
Tc4d 0.432292 381081 81554 1070190
Tc4h 0.432292 381081 81554 1070190
Td4h 0.432292 381081 81554 1070190
Th4d 0.432292 381081 81554 1070190
Td4c 0.432292 381081 81554 1070190
Ts4d 0.432163 381072 81424.5 1070190
Ts4h 0.432163 381072 81424.5 1070190
Ts4c 0.432163 381072 81424.5 1070190
Tc4s 0.432045 380850 81520.5 1070190
Th4s 0.432045 380850 81520.5 1070190
Td4s 0.432045 380850 81520.5 1070190
Ts4s 0.431916 380841 81391 1070190
Td3c 0.430308 378993 81518 1070190
Th3c 0.430308 378993 81518 1070190
Th3d 0.430308 378993 81518 1070190
Tc3d 0.430308 378993 81518 1070190
Tc3h 0.430308 378993 81518 1070190
Td3h 0.430308 378993 81518 1070190
Ts3h 0.430178 378984 81388.5 1070190
Ts3d 0.430178 378984 81388.5 1070190
Ts3c 0.430178 378984 81388.5 1070190
Th3s 0.430061 378762 81484.5 1070190
Tc3s 0.430061 378762 81484.5 1070190
Td3s 0.430061 378762 81484.5 1070190
Ts3s 0.429931 378753 81355 1070190
Th2d 0.428323 376905 81482 1070190
Th2c 0.428323 376905 81482 1070190
Td2h 0.428323 376905 81482 1070190
Td2c 0.428323 376905 81482 1070190
Tc2h 0.428323 376905 81482 1070190
Tc2d 0.428323 376905 81482 1070190
Ts2h 0.428194 376896 81352.5 1070190
Ts2c 0.428194 376896 81352.5 1070190
Ts2d 0.428194 376896 81352.5 1070190
Td2s 0.428076 376674 81448.5 1070190
Th2s 0.428076 376674 81448.5 1070190
Tc2s 0.428076 376674 81448.5 1070190
Ts2s 0.427946 376665 81319 1070190
9h8h 0.414929 364942 79111 1070190
9c8c 0.414929 364942 79111 1070190
9d8d 0.414929 364942 79111 1070190
9c7c 0.403375 348069 83619 1070190
9d7d 0.403375 348069 83619 1070190
9h7h 0.403375 348069 83619 1070190
9c6c 0.399395 342777 84651 1070190
9d6d 0.399395 342777 84651 1070190
9h6h 0.399395 342777 84651 1070190
9h8c 0.397915 344644 81200.5 1070190
9h8d 0.397915 344644 81200.5 1070190
9d8c 0.397915 344644 81200.5 1070190
9c8d 0.397915 344644 81200.5 1070190
9c8h 0.397915 344644 81200.5 1070190
9d8h 0.397915 344644 81200.5 1070190
9s8c 0.397752 344569 81101.5 1070190
9s8d 0.397752 344569 81101.5 1070190
9s8h 0.397752 344569 81101.5 1070190
9d8s 0.397698 344451 81161 1070190
9c8s 0.397698 344451 81161 1070190
9h8s 0.397698 344451 81161 1070190
9s8s 0.397535 344376 81062 1070190
9h5h 0.396412 339087 85149 1070190
9c5c 0.396412 339087 85149 1070190
9d5d 0.396412 339087 85149 1070190
9d4d 0.394095 336465 85291 1070190
9c4c 0.394095 336465 85291 1070190
9h4h 0.394095 336465 85291 1070190
9d3d 0.39211 334377 85255 1070190
9c3c 0.39211 334377 85255 1070190
9h3h 0.39211 334377 85255 1070190
9c2c 0.390125 332289 85219 1070190
9h2h 0.390125 332289 85219 1070190
9d2d 0.390125 332289 85219 1070190
9c7h 0.386082 327174 86007 1070190
9c7d 0.386082 327174 86007 1070190
9h7d 0.386082 327174 86007 1070190
9h7c 0.386082 327174 86007 1070190
9d7c 0.386082 327174 86007 1070190
9d7h 0.386082 327174 86007 1070190
9s7c 0.385944 327138 85895.5 1070190
9s7d 0.385944 327138 85895.5 1070190
9s7h 0.385944 327138 85895.5 1070190
9d7s 0.385874 326994 85964.5 1070190
9c7s 0.385874 326994 85964.5 1070190
9h7s 0.385874 326994 85964.5 1070190
9s7s 0.385736 326958 85853 1070190
9c6d 0.381967 321666 87111 1070190
9h6d 0.381967 321666 87111 1070190
9d6h 0.381967 321666 87111 1070190
9h6c 0.381967 321666 87111 1070190
9d6c 0.381967 321666 87111 1070190
9c6h 0.381967 321666 87111 1070190
9s6c 0.38184 321648 86993.5 1070190
9s6h 0.38184 321648 86993.5 1070190
9s6d 0.38184 321648 86993.5 1070190
9c6s 0.381759 321486 87068.5 1070190
9h6s 0.381759 321486 87068.5 1070190
9d6s 0.381759 321486 87068.5 1070190
9s6s 0.381632 321468 86951 1070190
9c5h 0.378917 317868 87645 1070190
9c5d 0.378917 317868 87645 1070190
9h5d 0.378917 317868 87645 1070190
9d5h 0.378917 317868 87645 1070190
9d5c 0.378917 317868 87645 1070190
9h5c 0.378917 317868 87645 1070190
9s5c 0.378796 317859 87524.5 1070190
9s5h 0.378796 317859 87524.5 1070190
9s5d 0.378796 317859 87524.5 1070190
9d5s 0.378709 317688 87602.5 1070190
9c5s 0.378709 317688 87602.5 1070190
9h5s 0.378709 317688 87602.5 1070190
9s5s 0.378588 317679 87482 1070190
9h4c 0.376577 315210 87799 1070190
9d4c 0.376577 315210 87799 1070190
9d4h 0.376577 315210 87799 1070190
9h4d 0.376577 315210 87799 1070190
9c4h 0.376577 315210 87799 1070190
9c4d 0.376577 315210 87799 1070190
9s4h 0.376458 315204 87677.5 1070190
9s4d 0.376458 315204 87677.5 1070190
9s4c 0.376458 315204 87677.5 1070190
9c4s 0.376369 315030 87756.5 1070190
9d4s 0.376369 315030 87756.5 1070190
9h4s 0.376369 315030 87756.5 1070190
9s4s 0.37625 315024 87635 1070190
9h3c 0.374592 313122 87763 1070190
9h3d 0.374592 313122 87763 1070190
9d3c 0.374592 313122 87763 1070190
9c3d 0.374592 313122 87763 1070190
9c3h 0.374592 313122 87763 1070190
9d3h 0.374592 313122 87763 1070190
9s3c 0.374473 313116 87641.5 1070190
9s3d 0.374473 313116 87641.5 1070190
9s3h 0.374473 313116 87641.5 1070190
9h3s 0.374384 312942 87720.5 1070190
9c3s 0.374384 312942 87720.5 1070190
9d3s 0.374384 312942 87720.5 1070190
9s3s 0.374265 312936 87599 1070190
9c2d 0.372608 311034 87727 1070190
9d2h 0.372608 311034 87727 1070190
9h2d 0.372608 311034 87727 1070190
9d2c 0.372608 311034 87727 1070190
9c2h 0.372608 311034 87727 1070190
9h2c 0.372608 311034 87727 1070190
9s2h 0.372489 311028 87605.5 1070190
9s2d 0.372489 311028 87605.5 1070190
9s2c 0.372489 311028 87605.5 1070190
9d2s 0.3724 310854 87684.5 1070190
9h2s 0.3724 310854 87684.5 1070190
9c2s 0.3724 310854 87684.5 1070190
9s2s 0.372281 310848 87563 1070190
8c7c 0.361055 297731 88666 1070190
8h7h 0.361055 297731 88666 1070190
8d7d 0.361055 297731 88666 1070190
8c6c 0.357074 292439 89698 1070190
8h6h 0.357074 292439 89698 1070190
8d6d 0.357074 292439 89698 1070190
8d5d 0.354091 288749 90196 1070190
8c5c 0.354091 288749 90196 1070190
8h5h 0.354091 288749 90196 1070190
8h4h 0.351774 286127 90338 1070190
8c4c 0.351774 286127 90338 1070190
8d4d 0.351774 286127 90338 1070190
8h3h 0.349789 284039 90302 1070190
8c3c 0.349789 284039 90302 1070190
8d3d 0.349789 284039 90302 1070190
8d2d 0.347805 281951 90266 1070190
8h2h 0.347805 281951 90266 1070190
8c2c 0.347805 281951 90266 1070190
8d7c 0.341508 274126 91352.5 1070190
8c7h 0.341508 274126 91352.5 1070190
8d7h 0.341508 274126 91352.5 1070190
8c7d 0.341508 274126 91352.5 1070190
8h7c 0.341508 274126 91352.5 1070190
8h7d 0.341508 274126 91352.5 1070190
8s7c 0.341382 274093 91250.5 1070190
8s7h 0.341382 274093 91250.5 1070190
8s7d 0.341382 274093 91250.5 1070190
8h7s 0.341338 273996 91300 1070190
8d7s 0.341338 273996 91300 1070190
8c7s 0.341338 273996 91300 1070190
8s7s 0.341211 273963 91198 1070190
8c6d 0.337393 268618 92456.5 1070190
8c6h 0.337393 268618 92456.5 1070190
8h6d 0.337393 268618 92456.5 1070190
8h6c 0.337393 268618 92456.5 1070190
8d6c 0.337393 268618 92456.5 1070190
8d6h 0.337393 268618 92456.5 1070190
8s6c 0.337278 268603 92348.5 1070190
8s6d 0.337278 268603 92348.5 1070190
8s6h 0.337278 268603 92348.5 1070190
8h6s 0.337222 268488 92404 1070190
8c6s 0.337222 268488 92404 1070190
8d6s 0.337222 268488 92404 1070190
8s6s 0.337107 268473 92296 1070190
8h5c 0.334343 264820 92990.5 1070190
8h5d 0.334343 264820 92990.5 1070190
8c5h 0.334343 264820 92990.5 1070190
8c5d 0.334343 264820 92990.5 1070190
8d5c 0.334343 264820 92990.5 1070190
8d5h 0.334343 264820 92990.5 1070190
8s5c 0.334234 264814 92879.5 1070190
8s5d 0.334234 264814 92879.5 1070190
8s5h 0.334234 264814 92879.5 1070190
8c5s 0.334172 264690 92938 1070190
8h5s 0.334172 264690 92938 1070190
8d5s 0.334172 264690 92938 1070190
8s5s 0.334063 264684 92827 1070190
8h4c 0.332003 262162 93144.5 1070190
8h4d 0.332003 262162 93144.5 1070190
8c4d 0.332003 262162 93144.5 1070190
8c4h 0.332003 262162 93144.5 1070190
8d4h 0.332003 262162 93144.5 1070190
8d4c 0.332003 262162 93144.5 1070190
8s4h 0.331896 262159 93032.5 1070190
8s4d 0.331896 262159 93032.5 1070190
8s4c 0.331896 262159 93032.5 1070190
8h4s 0.331833 262032 93092 1070190
8d4s 0.331833 262032 93092 1070190
8c4s 0.331833 262032 93092 1070190
8s4s 0.331725 262029 92980 1070190
8c3h 0.330019 260074 93108.5 1070190
8d3c 0.330019 260074 93108.5 1070190
8d3h 0.330019 260074 93108.5 1070190
8c3d 0.330019 260074 93108.5 1070190
8h3c 0.330019 260074 93108.5 1070190
8h3d 0.330019 260074 93108.5 1070190
8s3h 0.329911 260071 92996.5 1070190
8s3d 0.329911 260071 92996.5 1070190
8s3c 0.329911 260071 92996.5 1070190
8h3s 0.329848 259944 93056 1070190
8d3s 0.329848 259944 93056 1070190
8c3s 0.329848 259944 93056 1070190
8s3s 0.329741 259941 92944 1070190
8d2c 0.328034 257986 93072.5 1070190
8c2h 0.328034 257986 93072.5 1070190
8d2h 0.328034 257986 93072.5 1070190
8c2d 0.328034 257986 93072.5 1070190
8h2c 0.328034 257986 93072.5 1070190
8h2d 0.328034 257986 93072.5 1070190
8s2c 0.327926 257983 92960.5 1070190
8s2d 0.327926 257983 92960.5 1070190
8s2h 0.327926 257983 92960.5 1070190
8d2s 0.327863 257856 93020 1070190
8c2s 0.327863 257856 93020 1070190
8h2s 0.327863 257856 93020 1070190
8s2s 0.327756 257853 92908 1070190
7c6c 0.325864 255321 93415 1070190
7h6h 0.325864 255321 93415 1070190
7d6d 0.325864 255321 93415 1070190
7c5c 0.322881 251631 93913 1070190
7h5h 0.322881 251631 93913 1070190
7d5d 0.322881 251631 93913 1070190
7c4c 0.320564 249009 94055 1070190
7d4d 0.320564 249009 94055 1070190
7h4h 0.320564 249009 94055 1070190
7h3h 0.318579 246921 94019 1070190
7d3d 0.318579 246921 94019 1070190
7c3c 0.318579 246921 94019 1070190
7d2d 0.316594 244833 93983 1070190
7c2c 0.316594 244833 93983 1070190
7h2h 0.316594 244833 93983 1070190
7c6h 0.304551 229530 96397 1070190
7d6c 0.304551 229530 96397 1070190
7d6h 0.304551 229530 96397 1070190
7c6d 0.304551 229530 96397 1070190
7h6d 0.304551 229530 96397 1070190
7h6c 0.304551 229530 96397 1070190
7s6h 0.304447 229518 96298.5 1070190
7s6d 0.304447 229518 96298.5 1070190
7s6c 0.304447 229518 96298.5 1070190
7c6s 0.304414 229446 96334.5 1070190
7d6s 0.304414 229446 96334.5 1070190
7h6s 0.304414 229446 96334.5 1070190
7s6s 0.30431 229434 96236 1070190
6h5h 0.302263 227355 96124 1070190
6d5d 0.302263 227355 96124 1070190
6c5c 0.302263 227355 96124 1070190
7d5c 0.301501 225732 96931 1070190
7d5h 0.301501 225732 96931 1070190
7h5d 0.301501 225732 96931 1070190
7c5h 0.301501 225732 96931 1070190
7c5d 0.301501 225732 96931 1070190
7h5c 0.301501 225732 96931 1070190
7s5d 0.301403 225729 96829.5 1070190
7s5h 0.301403 225729 96829.5 1070190
7s5c 0.301403 225729 96829.5 1070190
7c5s 0.301364 225648 96868.5 1070190
7h5s 0.301364 225648 96868.5 1070190
7d5s 0.301364 225648 96868.5 1070190
7s5s 0.301266 225645 96767 1070190
6c4c 0.299946 224733 96266 1070190
6d4d 0.299946 224733 96266 1070190
6h4h 0.299946 224733 96266 1070190
7c4h 0.299161 223074 97085 1070190
7h4d 0.299161 223074 97085 1070190
7h4c 0.299161 223074 97085 1070190
7d4h 0.299161 223074 97085 1070190
7d4c 0.299161 223074 97085 1070190
7c4d 0.299161 223074 97085 1070190
7s4h 0.299065 223074 96982.5 1070190
7s4d 0.299065 223074 96982.5 1070190
7s4c 0.299065 223074 96982.5 1070190
7c4s 0.299024 222990 97022.5 1070190
7d4s 0.299024 222990 97022.5 1070190
7h4s 0.299024 222990 97022.5 1070190
7s4s 0.298928 222990 96920 1070190
6h3h 0.297961 222645 96230 1070190
6c3c 0.297961 222645 96230 1070190
6d3d 0.297961 222645 96230 1070190
7h3c 0.297176 220986 97049 1070190
7d3c 0.297176 220986 97049 1070190
7c3h 0.297176 220986 97049 1070190
7h3d 0.297176 220986 97049 1070190
7c3d 0.297176 220986 97049 1070190
7d3h 0.297176 220986 97049 1070190
7s3c 0.29708 220986 96946.5 1070190
7s3d 0.29708 220986 96946.5 1070190
7s3h 0.29708 220986 96946.5 1070190
7c3s 0.297039 220902 96986.5 1070190
7d3s 0.297039 220902 96986.5 1070190
7h3s 0.297039 220902 96986.5 1070190
7s3s 0.296944 220902 96884 1070190
6c2c 0.295976 220557 96194 1070190
6h2h 0.295976 220557 96194 1070190
6d2d 0.295976 220557 96194 1070190
7d2c 0.295192 218898 97013 1070190
7d2h 0.295192 218898 97013 1070190
7c2h 0.295192 218898 97013 1070190
7h2c 0.295192 218898 97013 1070190
7h2d 0.295192 218898 97013 1070190
7c2d 0.295192 218898 97013 1070190
7s2h 0.295096 218898 96910.5 1070190
7s2d 0.295096 218898 96910.5 1070190
7s2c 0.295096 218898 96910.5 1070190
7c2s 0.295055 218814 96950.5 1070190
7d2s 0.295055 218814 96950.5 1070190
7h2s 0.295055 218814 96950.5 1070190
7s2s 0.294959 218814 96848 1070190
5h4h 0.288357 211505 97092 1070190
5c4c 0.288357 211505 97092 1070190
5d4d 0.288357 211505 97092 1070190
5h3h 0.286373 209417 97056 1070190
5c3c 0.286373 209417 97056 1070190
5d3d 0.286373 209417 97056 1070190
5h2h 0.284388 207329 97020 1070190
5c2c 0.284388 207329 97020 1070190
5d2d 0.284388 207329 97020 1070190
4c3c 0.281272 204009 97005 1070190
4h3h 0.281272 204009 97005 1070190
4d3d 0.281272 204009 97005 1070190
6d5h 0.279851 200217 99277 1070190
6d5c 0.279851 200217 99277 1070190
6c5h 0.279851 200217 99277 1070190
6c5d 0.279851 200217 99277 1070190
6h5c 0.279851 200217 99277 1070190
6h5d 0.279851 200217 99277 1070190
6s5c 0.279762 200214 99184.5 1070190
6s5d 0.279762 200214 99184.5 1070190
6s5h 0.279762 200214 99184.5 1070190
6d5s 0.279742 200172 99205.5 1070190
6h5s 0.279742 200172 99205.5 1070190
6c5s 0.279742 200172 99205.5 1070190
6s5s 0.279653 200169 99113 1070190
4h2h 0.279287 201921 96969 1070190
4d2d 0.279287 201921 96969 1070190
4c2c 0.279287 201921 96969 1070190
6h4c 0.277511 197559 99431 1070190
6d4h 0.277511 197559 99431 1070190
6d4c 0.277511 197559 99431 1070190
6c4d 0.277511 197559 99431 1070190
6c4h 0.277511 197559 99431 1070190
6h4d 0.277511 197559 99431 1070190
6s4d 0.277424 197559 99337.5 1070190
6s4c 0.277424 197559 99337.5 1070190
6s4h 0.277424 197559 99337.5 1070190
6h4s 0.277403 197514 99359.5 1070190
6d4s 0.277403 197514 99359.5 1070190
6c4s 0.277403 197514 99359.5 1070190
6s4s 0.277315 197514 99266 1070190
3d2d 0.277131 199677 96906 1070190
3h2h 0.277131 199677 96906 1070190
3c2c 0.277131 199677 96906 1070190
6h3c 0.275527 195471 99395 1070190
6c3h 0.275527 195471 99395 1070190
6c3d 0.275527 195471 99395 1070190
6d3h 0.275527 195471 99395 1070190
6h3d 0.275527 195471 99395 1070190
6d3c 0.275527 195471 99395 1070190
6s3c 0.275439 195471 99301.5 1070190
6s3d 0.275439 195471 99301.5 1070190
6s3h 0.275439 195471 99301.5 1070190
6h3s 0.275418 195426 99323.5 1070190
6d3s 0.275418 195426 99323.5 1070190
6c3s 0.275418 195426 99323.5 1070190
6s3s 0.275331 195426 99230 1070190
6h2d 0.273542 193383 99359 1070190
6c2h 0.273542 193383 99359 1070190
6c2d 0.273542 193383 99359 1070190
6h2c 0.273542 193383 99359 1070190
6d2c 0.273542 193383 99359 1070190
6d2h 0.273542 193383 99359 1070190
6s2h 0.273455 193383 99265.5 1070190
6s2d 0.273455 193383 99265.5 1070190
6s2c 0.273455 193383 99265.5 1070190
6d2s 0.273433 193338 99287.5 1070190
6h2s 0.273433 193338 99287.5 1070190
6c2s 0.273433 193338 99287.5 1070190
6s2s 0.273346 193338 99194 1070190
5d4h 0.265405 183724 100310 1070190
5d4c 0.265405 183724 100310 1070190
5c4h 0.265405 183724 100310 1070190
5c4d 0.265405 183724 100310 1070190
5h4c 0.265405 183724 100310 1070190
5h4d 0.265405 183724 100310 1070190
5s4h 0.265324 183724 100223 1070190
5s4c 0.265324 183724 100223 1070190
5s4d 0.265324 183724 100223 1070190
5d4s 0.265316 183708 100231 1070190
5h4s 0.265316 183708 100231 1070190
5c4s 0.265316 183708 100231 1070190
5s4s 0.265236 183708 100144 1070190
5h3d 0.26342 181636 100274 1070190
5h3c 0.26342 181636 100274 1070190
5d3h 0.26342 181636 100274 1070190
5d3c 0.26342 181636 100274 1070190
5c3h 0.26342 181636 100274 1070190
5c3d 0.26342 181636 100274 1070190
5s3h 0.263339 181636 100187 1070190
5s3c 0.263339 181636 100187 1070190
5s3d 0.263339 181636 100187 1070190
5c3s 0.263332 181620 100195 1070190
5h3s 0.263332 181620 100195 1070190
5d3s 0.263332 181620 100195 1070190
5s3s 0.263251 181620 100108 1070190
5h2c 0.261435 179548 100238 1070190
5c2d 0.261435 179548 100238 1070190
5h2d 0.261435 179548 100238 1070190
5d2h 0.261435 179548 100238 1070190
5c2h 0.261435 179548 100238 1070190
5d2c 0.261435 179548 100238 1070190
5s2h 0.261355 179548 100151 1070190
5s2c 0.261355 179548 100151 1070190
5s2d 0.261355 179548 100151 1070190
5d2s 0.261347 179532 100159 1070190
5c2s 0.261347 179532 100159 1070190
5h2s 0.261347 179532 100159 1070190
5s2s 0.261266 179532 100072 1070190
4h3d 0.258166 176064 100222 1070190
4d3h 0.258166 176064 100222 1070190
4h3c 0.258166 176064 100222 1070190
4c3d 0.258166 176064 100222 1070190
4c3h 0.258166 176064 100222 1070190
4d3c 0.258166 176064 100222 1070190
4c3s 0.258089 176064 100140 1070190
4s3h 0.258089 176064 100140 1070190
4s3d 0.258089 176064 100140 1070190
4s3c 0.258089 176064 100140 1070190
4h3s 0.258089 176064 100140 1070190
4d3s 0.258089 176064 100140 1070190
4s3s 0.258012 176064 100058 1070190
4h2d 0.256181 173976 100186 1070190
4c2h 0.256181 173976 100186 1070190
4c2d 0.256181 173976 100186 1070190
4h2c 0.256181 173976 100186 1070190
4d2c 0.256181 173976 100186 1070190
4d2h 0.256181 173976 100186 1070190
4s2d 0.256104 173976 100104 1070190
4s2h 0.256104 173976 100104 1070190
4c2s 0.256104 173976 100104 1070190
4s2c 0.256104 173976 100104 1070190
4d2s 0.256104 173976 100104 1070190
4h2s 0.256104 173976 100104 1070190
4s2s 0.256027 173976 100022 1070190
3d2c 0.254025 171732 100124 1070190
3c2h 0.254025 171732 100124 1070190
3c2d 0.254025 171732 100124 1070190
3h2d 0.254025 171732 100124 1070190
3h2c 0.254025 171732 100124 1070190
3d2h 0.254025 171732 100124 1070190
3s2h 0.253948 171732 100041 1070190
3h2s 0.253948 171732 100041 1070190
3c2s 0.253948 171732 100041 1070190
3s2d 0.253948 171732 100041 1070190
3s2c 0.253948 171732 100041 1070190
3d2s 0.253948 171732 100041 1070190
3s2s 0.253871 171732 99958.5 1070190
