JsJh 0.998991 1069110 0 1070190
JhTd 0.991701 1058102 3206 1070190
JsTd 0.991701 1058102 3206 1070190
JhTs 0.991678 1058078 3206 1070190
JhTh 0.991678 1058078 3206 1070190
JsTh 0.991678 1058078 3206 1070190
JsTs 0.991678 1058078 3206 1070190
TsTd 0.968219 1034058 2120 1070190
ThTd 0.968219 1034058 2120 1070190
TsTh 0.968196 1034034 2120 1070190
QcJh 0.945071 1003651 7754.5 1070190
QcJs 0.945071 1003651 7754.5 1070190
KcJh 0.941087 1000238 6903.5 1070190
KcJs 0.941087 1000238 6903.5 1070190
AcJh 0.937 996716 6052.5 1070190
AcJs 0.937 996716 6052.5 1070190
Js9c 0.934878 988643 11854.5 1070190
Jh9c 0.934878 988643 11854.5 1070190
QdJs 0.929848 987282 7831.5 1070190
QdJh 0.929848 987282 7831.5 1070190
QhJs 0.929508 986931 7819 1070190
QhJh 0.929508 986931 7819 1070190
QsJh 0.929508 986931 7819 1070190
QsJs 0.929508 986931 7819 1070190
Jh8c 0.924588 977551 11933.5 1070190
Js8c 0.924588 977551 11933.5 1070190
KdJh 0.924497 982417 6970 1070190
KdJs 0.924497 982417 6970 1070190
KsJh 0.924148 982052 6961.5 1070190
KhJs 0.924148 982052 6961.5 1070190
KsJs 0.924148 982052 6961.5 1070190
KhJh 0.924148 982052 6961.5 1070190
Js9d 0.920534 973014 12132 1070190
Jh9d 0.920534 973014 12132 1070190
Jh9h 0.920195 972663 12120 1070190
Js9h 0.920195 972663 12120 1070190
Jh9s 0.920195 972663 12120 1070190
Js9s 0.920195 972663 12120 1070190
AdJs 0.918978 977373 6108.5 1070190
AdJh 0.918978 977373 6108.5 1070190
AhJh 0.91862 976994 6104 1070190
AhJs 0.91862 976994 6104 1070190
AsJs 0.91862 976994 6104 1070190
AsJh 0.91862 976994 6104 1070190
Jh7c 0.914648 967045 11802.5 1070190
Js7c 0.914648 967045 11802.5 1070190
Jh8d 0.911377 963100 12247 1070190
Js8d 0.911377 963100 12247 1070190
Js8h 0.911029 962735 12239 1070190
Jh8s 0.911029 962735 12239 1070190
Jh8h 0.911029 962735 12239 1070190
Js8s 0.911029 962735 12239 1070190
Jh6c 0.905213 957348 11401.5 1070190
Js6c 0.905213 957348 11401.5 1070190
Js5c 0.903519 955356 11581.5 1070190
Jh5c 0.903519 955356 11581.5 1070190
Jh7d 0.902604 953816 12141.5 1070190
Js7d 0.902604 953816 12141.5 1070190
Js7s 0.902246 953437 12137.5 1070190
Jh7h 0.902246 953437 12137.5 1070190
Js7h 0.902246 953437 12137.5 1070190
Jh7s 0.902246 953437 12137.5 1070190
Js4c 0.902077 953752 11641.5 1070190
Jh4c 0.902077 953752 11641.5 1070190
Jh3c 0.900772 952356 11641.5 1070190
Js3c 0.900772 952356 11641.5 1070190
Js2c 0.899494 950988 11641.5 1070190
Jh2c 0.899494 950988 11641.5 1070190
Js6d 0.89433 945351 11752.5 1070190
Jh6d 0.89433 945351 11752.5 1070190
Js6h 0.893963 944958 11752.5 1070190
Jh6s 0.893963 944958 11752.5 1070190
Jh6h 0.893963 944958 11752.5 1070190
Js6s 0.893963 944958 11752.5 1070190
Jh5d 0.893944 944748 11941.5 1070190
Js5d 0.893944 944748 11941.5 1070190
Js4d 0.893792 944523 12004.5 1070190
Jh4d 0.893792 944523 12004.5 1070190
Jh3d 0.893759 944487 12004.5 1070190
Js3d 0.893759 944487 12004.5 1070190
Jh2d 0.893725 944451 12004.5 1070190
Js2d 0.893725 944451 12004.5 1070190
Jh5h 0.893576 944355 11941.5 1070190
Js5s 0.893576 944355 11941.5 1070190
Js5h 0.893576 944355 11941.5 1070190
Jh5s 0.893576 944355 11941.5 1070190
Jh4s 0.893425 944130 12004.5 1070190
Js4s 0.893425 944130 12004.5 1070190
Js4h 0.893425 944130 12004.5 1070190
Jh4h 0.893425 944130 12004.5 1070190
Js3s 0.893391 944094 12004.5 1070190
Jh3h 0.893391 944094 12004.5 1070190
Js3h 0.893391 944094 12004.5 1070190
Jh3s 0.893391 944094 12004.5 1070190
Jh2h 0.893358 944058 12004.5 1070190
Js2s 0.893358 944058 12004.5 1070190
Js2h 0.893358 944058 12004.5 1070190
Jh2s 0.893358 944058 12004.5 1070190
AdAc 0.858458 917553 1160.5 1070190
AhAc 0.85802 917088 1156 1070190
AsAc 0.85802 917088 1156 1070190
KdKc 0.846736 904427 1741.5 1070190
KhKc 0.84631 903980 1733 1070190
KsKc 0.84631 903980 1733 1070190
AhAd 0.837672 895317 1151 1070190
AsAd 0.837672 895317 1151 1070190
AsAh 0.837233 894852 1146.5 1070190
QdQc 0.836615 893014 2322.5 1070190
QhQc 0.836202 892585 2310 1070190
QsQc 0.836202 892585 2310 1070190
KsKd 0.826814 883124 1724 1070190
KhKd 0.826814 883124 1724 1070190
KsKh 0.826388 882677 1715.5 1070190
QhQd 0.817575 872664 2297 1070190
QsQd 0.817575 872664 2297 1070190
QsQh 0.817163 872235 2284.5 1070190
AcTd 0.805684 847293 14942 1070190
AcTs 0.805241 846841 14919.5 1070190
AcTh 0.805241 846841 14919.5 1070190
KcTd 0.799099 835307 19881 1070190
KcTh 0.798718 834953 19826.5 1070190
KcTs 0.798718 834953 19826.5 1070190
QcTd 0.793226 825040 23863 1070190
QcTh 0.792891 824760 23784 1070190
QcTs 0.792891 824760 23784 1070190
AdTd 0.788875 829569 14677 1070190
KdTd 0.78358 819071 19509 1070190
AdTh 0.779986 819860 14873.5 1070190
AdTs 0.779986 819860 14873.5 1070190
AsTd 0.779703 819561 14869.5 1070190
AhTd 0.779703 819561 14869.5 1070190
AhTh 0.77926 819109 14847 1070190
AsTh 0.77926 819109 14847 1070190
AsTs 0.77926 819109 14847 1070190
AhTs 0.77926 819109 14847 1070190
QdTd 0.778957 810232 23399.5 1070190
AcKc 0.777753 818850 13493.5 1070190
AcQc 0.776176 816680 13976 1070190
KdTs 0.775029 809419 20009 1070190
KdTh 0.775029 809419 20009 1070190
KhTd 0.774713 809057 20033.5 1070190
KsTd 0.774713 809057 20033.5 1070190
KhTh 0.774332 808703 19979 1070190
KhTs 0.774332 808703 19979 1070190
KsTh 0.774332 808703 19979 1070190
KsTs 0.774332 808703 19979 1070190
QdTh 0.770728 800678 24147.5 1070190
QdTs 0.770728 800678 24147.5 1070190
QhTd 0.770396 800277 24193 1070190
QsTd 0.770396 800277 24193 1070190
KcQc 0.77032 811023 13365.5 1070190
QsTh 0.77006 799997 24114 1070190
QsTs 0.77006 799997 24114 1070190
QhTs 0.77006 799997 24114 1070190
QhTh 0.77006 799997 24114 1070190
Td9c 0.759168 781999 30454.5 1070190
Th9c 0.758919 781864 30323.5 1070190
Ts9c 0.758919 781864 30323.5 1070190
Td8c 0.746511 767081 31827.5 1070190
Td9d 0.746376 768741 30023 1070190
Th8c 0.746295 766994 31683.5 1070190
Ts8c 0.746295 766994 31683.5 1070190
Ts9d 0.736881 757676 30927 1070190
Th9d 0.736881 757676 30927 1070190
Td9s 0.736512 757214 30994 1070190
Td9h 0.736512 757214 30994 1070190
Th9s 0.736264 757079 30863 1070190
Th9h 0.736264 757079 30863 1070190
Ts9s 0.736264 757079 30863 1070190
Ts9h 0.736264 757079 30863 1070190
Td7c 0.735858 754657 32851 1070190
Ts7c 0.735668 754608 32697 1070190
Th7c 0.735668 754608 32697 1070190
Td8d 0.735219 755407 31416.5 1070190
Td6c 0.727723 745478 33324 1070190
Ts6c 0.727551 745454 33164 1070190
Th6c 0.727551 745454 33164 1070190
Td7d 0.72603 744525 32465 1070190
Td5c 0.725139 742154 33882 1070190
Ts5c 0.724974 742139 33720.5 1070190
Th5c 0.724974 742139 33720.5 1070190
Ts8d 0.724873 743352 32400 1070190
Th8d 0.724873 743352 32400 1070190
Td8h 0.724446 742809 32485.5 1070190
Td8s 0.724446 742809 32485.5 1070190
Ts8s 0.72423 742722 32341.5 1070190
Th8s 0.72423 742722 32341.5 1070190
Th8h 0.72423 742722 32341.5 1070190
Ts8h 0.72423 742722 32341.5 1070190
Td4c 0.723225 739854 34134 1070190
Ts4c 0.723063 739842 33972.5 1070190
Th4c 0.723063 739842 33972.5 1070190
Td3c 0.721758 738218 34200 1070190
Ts3c 0.721596 738206 34039 1070190
Th3c 0.721596 738206 34039 1070190
Td2c 0.720513 736886 34200 1070190
Ts2c 0.720352 736874 34039 1070190
Th2c 0.720352 736874 34039 1070190
Ac9c 0.719947 746550 23930 1070190
Td6d 0.719282 736796 32972.5 1070190
Qc9c 0.719222 747294 22410.5 1070190
Td5d 0.718035 734906 33527.5 1070190
Td4d 0.717424 734000 33779.5 1070190
Td2d 0.717228 733724 33846.5 1070190
Td3d 0.717228 733724 33846.5 1070190
Ac8c 0.714974 739891 25267.5 1070190
Th7d 0.714952 731625 33510 1070190
Ts7d 0.714952 731625 33510 1070190
Td7s 0.714473 731011 33611 1070190
Td7h 0.714473 731011 33611 1070190
Th7h 0.714283 730962 33457 1070190
Th7s 0.714283 730962 33457 1070190
Ts7h 0.714283 730962 33457 1070190
Ts7s 0.714283 730962 33457 1070190
Kc9c 0.713467 739771 23774.5 1070190
Ts6d 0.707616 723239 34044.5 1070190
Th6d 0.707616 723239 34044.5 1070190
Td6h 0.707093 722567 34156.5 1070190
Td6s 0.707093 722567 34156.5 1070190
Ts6s 0.706921 722543 33996.5 1070190
Ts6h 0.706921 722543 33996.5 1070190
Th6h 0.706921 722543 33996.5 1070190
Th6s 0.706921 722543 33996.5 1070190
Ac7c 0.706574 730099 26069 1070190
Th5d 0.706312 721250 34638.5 1070190
Ts5d 0.706312 721250 34638.5 1070190
Td5h 0.705784 720569 34753.5 1070190
Td5s 0.705784 720569 34753.5 1070190
Th4d 0.705677 720299 34909.5 1070190
Ts4d 0.705677 720299 34909.5 1070190
Ts5h 0.705619 720554 34592 1070190
Th5h 0.705619 720554 34592 1070190
Ts5s 0.705619 720554 34592 1070190
Th5s 0.705619 720554 34592 1070190
Th3d 0.705476 720011 34982.5 1070190
Ts2d 0.705476 720011 34982.5 1070190
Ts3d 0.705476 720011 34982.5 1070190
Th2d 0.705476 720011 34982.5 1070190
Td4h 0.705146 719615 35025.5 1070190
Td4s 0.705146 719615 35025.5 1070190
Ts4s 0.704984 719603 34864 1070190
Ts4h 0.704984 719603 34864 1070190
Th4h 0.704984 719603 34864 1070190
Th4s 0.704984 719603 34864 1070190
Td3h 0.704945 719327 35098.5 1070190
Td2h 0.704945 719327 35098.5 1070190
Td3s 0.704945 719327 35098.5 1070190
Td2s 0.704945 719327 35098.5 1070190
Ts2s 0.704784 719315 34937.5 1070190
Ts2h 0.704784 719315 34937.5 1070190
Ts3h 0.704784 719315 34937.5 1070190
Ts3s 0.704784 719315 34937.5 1070190
Th2h 0.704784 719315 34937.5 1070190
Th2s 0.704784 719315 34937.5 1070190
Th3s 0.704784 719315 34937.5 1070190
Th3h 0.704784 719315 34937.5 1070190
Ac6c 0.699291 721985 26389 1070190
Ac5c 0.697329 719564 26710 1070190
Ac4c 0.695766 717785 26817 1070190
Ac3c 0.694404 716327 26817 1070190
Ac2c 0.693041 714869 26817 1070190
AcKd 0.67769 707594 17663.5 1070190
AcKh 0.676874 706752 17632 1070190
AcKs 0.676874 706752 17632 1070190
AcQd 0.676701 705746 18452.5 1070190
AdKc 0.676285 706250 17503.5 1070190
AcQs 0.675919 704944 18417.5 1070190
AcQh 0.675919 704944 18417.5 1070190
AsKc 0.675479 705451 17440 1070190
AhKc 0.675479 705451 17440 1070190
AdQc 0.673835 702821 18310 1070190
AsQc 0.673054 702049 18246.5 1070190
AhQc 0.673054 702049 18246.5 1070190
Qc8c 0.672078 692512 26739 1070190
9d9c 0.671093 695108 23089.5 1070190
9h9c 0.67077 694805 23046.5 1070190
9s9c 0.67077 694805 23046.5 1070190
KcQd 0.669794 699550 17257 1070190
KcQh 0.66902 698761 17217.5 1070190
KcQs 0.66902 698761 17217.5 1070190
KdQc 0.668437 698220 17134.5 1070190
KsQc 0.667668 697461 17070.5 1070190
KhQc 0.667668 697461 17070.5 1070190
9c8c 0.667662 680822 33703.5 1070190
Kc8c 0.666584 686279 27092 1070190
Kc7c 0.662379 680709 28162 1070190
AdKd 0.661851 691534 16772.5 1070190
AdQd 0.660814 689659 17537 1070190
KdQd 0.656125 685704 16474 1070190
Kc6c 0.654691 672162 28482 1070190
Kc5c 0.652729 669741 28803 1070190
Kc4c 0.651167 667962 28910 1070190
Kc3c 0.649804 666504 28910 1070190
9s9d 0.64917 671793 22942.5 1070190
9h9d 0.64917 671793 22942.5 1070190
9s9h 0.648847 671490 22899.5 1070190
Kc2c 0.648442 665046 28910 1070190
AhKd 0.646767 674801 17363 1070190
AsKd 0.646767 674801 17363 1070190
AdKs 0.646757 674758 17395 1070190
AdKh 0.646757 674758 17395 1070190
AhQd 0.646027 673190 18181.5 1070190
AsQd 0.646027 673190 18181.5 1070190
AdQs 0.646025 673160 18210 1070190
AdQh 0.646025 673160 18210 1070190
AsKh 0.645951 673959 17331.5 1070190
AhKs 0.645951 673959 17331.5 1070190
AsKs 0.645951 673959 17331.5 1070190
AhKh 0.645951 673959 17331.5 1070190
AsQs 0.645245 672388 18146.5 1070190
AsQh 0.645245 672388 18146.5 1070190
AhQh 0.645245 672388 18146.5 1070190
AhQs 0.645245 672388 18146.5 1070190
KhQd 0.641524 669575 16977.5 1070190
KsQd 0.641524 669575 16977.5 1070190
KdQs 0.641519 669545 17002 1070190
KdQh 0.641519 669545 17002 1070190
KsQh 0.64075 668786 16938 1070190
KhQs 0.64075 668786 16938 1070190
KhQh 0.64075 668786 16938 1070190
KsQs 0.64075 668786 16938 1070190
8d8c 0.631419 650536 25202 1070190
8s8c 0.631087 650218 25165 1070190
8h8c 0.631087 650218 25165 1070190
Qc7c 0.619596 633743 29342.5 1070190
Qc6c 0.616863 630176 29984.5 1070190
Qc5c 0.614901 627755 30305.5 1070190
9c7c 0.6138 616839 40044 1070190
Qc4c 0.613338 625976 30412.5 1070190
Qc3c 0.611976 624518 30412.5 1070190
Qc2c 0.610614 623060 30412.5 1070190
8h8d 0.609874 627620 25061.5 1070190
8s8d 0.609874 627620 25061.5 1070190
8s8h 0.609543 627302 25024.5 1070190
Qc9d 0.60024 612617 29754 1070190
Qc9s 0.599565 611940 29708.5 1070190
Qc9h 0.599565 611940 29708.5 1070190
Qd9c 0.598828 611572 29287.5 1070190
Qs9c 0.598135 610916 29202.5 1070190
Qh9c 0.598135 610916 29202.5 1070190
Ac9d 0.597699 606353 33298.5 1070190
Ac9s 0.597023 605664 33264.5 1070190
Ac9h 0.597023 605664 33264.5 1070190
Ad9c 0.592961 602021 32559.5 1070190
7d7c 0.592723 607630 26696 1070190
7s7c 0.592383 607297 26665 1070190
7h7c 0.592383 607297 26665 1070190
Ah9c 0.592262 601378 32454.5 1070190
As9c 0.592262 601378 32454.5 1070190
Kc9d 0.590277 599699 32009.5 1070190
Kc9h 0.589601 599017 31968 1070190
Kc9s 0.589601 599017 31968 1070190
Ac8d 0.58916 594977 35536 1070190
Qd9d 0.589067 602036 28378 1070190
Ac8s 0.588453 594255 35502 1070190
Ac8h 0.588453 594255 35502 1070190
Kd9c 0.587367 597123 31471 1070190
Kh9c 0.58667 596464 31384 1070190
Ks9c 0.58667 596464 31384 1070190
Ad8c 0.583321 589530 34734.5 1070190
As8c 0.582648 588927 34617 1070190
Ah8c 0.582648 588927 34617 1070190
Ad9d 0.582408 591620 31667.5 1070190
8c7c 0.582159 583594 39426.5 1070190
Kd9d 0.57746 587528 30463.5 1070190
Ac7d 0.575195 578673 36895 1070190
Ac7h 0.574456 577913 36864.5 1070190
Ac7s 0.574456 577913 36864.5 1070190
Ad8d 0.574366 580913 33767.5 1070190
Qd9h 0.572314 583067 29418 1070190
Qd9s 0.572314 583067 29418 1070190
Qs9d 0.572297 583088 29378.5 1070190
Qh9d 0.572297 583088 29378.5 1070190
Qh9h 0.571622 582411 29333 1070190
Qh9s 0.571622 582411 29333 1070190
Qs9h 0.571622 582411 29333 1070190
Qs9s 0.571622 582411 29333 1070190
7s7d 0.571502 585055 26560.5 1070190
7h7d 0.571502 585055 26560.5 1070190
7s7h 0.571162 584722 26529.5 1070190
Ad7c 0.568214 572081 36016 1070190
As7c 0.567563 571514 35886.5 1070190
Ah7c 0.567563 571514 35886.5 1070190
Ad9s 0.564476 571146 32950.5 1070190
Ad9h 0.564476 571146 32950.5 1070190
Ah9d 0.564453 571192 32879.5 1070190
As9d 0.564453 571192 32879.5 1070190
As9s 0.563777 570503 32845.5 1070190
Ah9h 0.563777 570503 32845.5 1070190
As9h 0.563777 570503 32845.5 1070190
Ah9s 0.563777 570503 32845.5 1070190
Ac6d 0.563164 565244 37448.5 1070190
Ac6s 0.562393 564446 37421.5 1070190
Ac6h 0.562393 564446 37421.5 1070190
Ad7d 0.560933 565286 35019 1070190
Ac5d 0.560532 561890 37985.5 1070190
Ac5s 0.559761 561092 37958.5 1070190
Ac5h 0.559761 561092 37958.5 1070190
Kd9h 0.55965 567259 31672.5 1070190
Kd9s 0.55965 567259 31672.5 1070190
Kh9d 0.559629 567282 31627 1070190
Ks9d 0.559629 567282 31627 1070190
Kh9h 0.558953 566600 31585.5 1070190
Ks9s 0.558953 566600 31585.5 1070190
Ks9h 0.558953 566600 31585.5 1070190
Kh9s 0.558953 566600 31585.5 1070190
Ac4d 0.558569 559610 38164.5 1070190
Ac4s 0.557798 558812 38137.5 1070190
Ac4h 0.557798 558812 38137.5 1070190
Ac3d 0.55694 557867 38164.5 1070190
9c6c 0.556849 553674 42260.5 1070190
Ac3s 0.556169 557069 38137.5 1070190
Ac3h 0.556169 557069 38137.5 1070190
As8d 0.555782 559675 35117 1070190
Ah8d 0.555782 559675 35117 1070190
Ad8h 0.555749 559556 35200.5 1070190
Ad8s 0.555749 559556 35200.5 1070190
6d6c 0.555451 566747 27691 1070190
Ac2d 0.555311 556124 38164.5 1070190
6h6c 0.555102 566399 27665.5 1070190
6s6c 0.555102 566399 27665.5 1070190
Ah8h 0.555075 558953 35083 1070190
Ah8s 0.555075 558953 35083 1070190
As8h 0.555075 558953 35083 1070190
As8s 0.555075 558953 35083 1070190
Ad6c 0.555008 557450 36514.5 1070190
9c5c 0.554908 551298 42559 1070190
Ac2s 0.55454 555326 38137.5 1070190
Ac2h 0.55454 555326 38137.5 1070190
Ah6c 0.554372 556906 36377.5 1070190
As6c 0.554372 556906 36377.5 1070190
9c4c 0.553367 549564 42643.5 1070190
9c3c 0.552025 548151 42621 1070190
Ad5c 0.55091 552542 37036.5 1070190
9c2c 0.550684 546738 42598.5 1070190
As5c 0.550279 552007 36896.5 1070190
Ah5c 0.550279 552007 36896.5 1070190
Ad6d 0.549323 552366 35514.5 1070190
Ad4c 0.547488 548706 37210.5 1070190
As4c 0.546859 548174 37069.5 1070190
Ah4c 0.546859 548174 37069.5 1070190
Ad5d 0.546655 549006 36018.5 1070190
Ad4d 0.544614 546654 36186.5 1070190
Ad3c 0.544418 545420 37210.5 1070190
As3c 0.543789 544888 37069.5 1070190
Ah3c 0.543789 544888 37069.5 1070190
Ad3d 0.542887 544806 36186.5 1070190
Ah7d 0.5414 542954 36446.5 1070190
As7d 0.5414 542954 36446.5 1070190
Ad2c 0.541373 542162 37210.5 1070190
Ad7s 0.541312 542761 36545.5 1070190
Ad7h 0.541312 542761 36545.5 1070190
Ad2d 0.54116 542958 36186.5 1070190
As2c 0.540745 541630 37069.5 1070190
Ah2c 0.540745 541630 37069.5 1070190
As7s 0.540661 542194 36416 1070190
As7h 0.540661 542194 36416 1070190
Ah7s 0.540661 542194 36416 1070190
Ah7h 0.540661 542194 36416 1070190
6s6d 0.534497 544457 27556 1070190
6h6d 0.534497 544457 27556 1070190
6s6h 0.534148 544109 27530.5 1070190
5d5c 0.531476 539732 29048.5 1070190
5h5c 0.531129 539384 29024.5 1070190
5s5c 0.531129 539384 29024.5 1070190
Qc8d 0.530622 531564 36302 1070190
Qc8s 0.529948 530884 36261 1070190
Qc8h 0.529948 530884 36261 1070190
As6d 0.528974 529132 36970.5 1070190
Ah6d 0.528974 529132 36970.5 1070190
Ad6s 0.528839 528878 37080.5 1070190
Ad6h 0.528839 528878 37080.5 1070190
As6h 0.528203 528334 36943.5 1070190
Ah6s 0.528203 528334 36943.5 1070190
As6s 0.528203 528334 36943.5 1070190
Ah6h 0.528203 528334 36943.5 1070190
Qd8c 0.528103 529440 35731 1070190
9c8d 0.527636 518078 46592.5 1070190
Qs8c 0.52746 528850 35632.5 1070190
Qh8c 0.52746 528850 35632.5 1070190
9c8h 0.526993 517444 46538.5 1070190
9c8s 0.526993 517444 46538.5 1070190
9d8c 0.526715 517294 46391 1070190
As5d 0.526243 525673 37507.5 1070190
Ah5d 0.526243 525673 37507.5 1070190
9h8c 0.526143 516784 46289 1070190
9s8c 0.526143 516784 46289 1070190
Ad5s 0.526103 525410 37620.5 1070190
Ad5h 0.526103 525410 37620.5 1070190
As5h 0.525473 524875 37480.5 1070190
Ah5h 0.525473 524875 37480.5 1070190
Ah5s 0.525473 524875 37480.5 1070190
As5s 0.525473 524875 37480.5 1070190
As4d 0.524182 523288 37686.5 1070190
Ah4d 0.524182 523288 37686.5 1070190
Ad4s 0.52404 523022 37800.5 1070190
Ad4h 0.52404 523022 37800.5 1070190
Ah4s 0.523411 522490 37659.5 1070190
Ah4h 0.523411 522490 37659.5 1070190
As4h 0.523411 522490 37659.5 1070190
As4s 0.523411 522490 37659.5 1070190
8c6c 0.522926 513782 45848 1070190
As3d 0.522455 521440 37686.5 1070190
Ah3d 0.522455 521440 37686.5 1070190
Ad3h 0.522313 521174 37800.5 1070190
Ad3s 0.522313 521174 37800.5 1070190
Ah3s 0.521684 520642 37659.5 1070190
Ah3h 0.521684 520642 37659.5 1070190
As3h 0.521684 520642 37659.5 1070190
As3s 0.521684 520642 37659.5 1070190
Qd8d 0.521051 523151 34473 1070190
8c5c 0.520985 511406 46146.5 1070190
Ah2d 0.520729 519592 37686.5 1070190
As2d 0.520729 519592 37686.5 1070190
Kc8d 0.520726 519573 37703 1070190
Ad2s 0.520587 519326 37800.5 1070190
Ad2h 0.520587 519326 37800.5 1070190
Kc8h 0.520059 518893 37669 1070190
Kc8s 0.520059 518893 37669 1070190
Ah2h 0.519958 518794 37659.5 1070190
Ah2s 0.519958 518794 37659.5 1070190
As2s 0.519958 518794 37659.5 1070190
As2h 0.519958 518794 37659.5 1070190
8c4c 0.519443 509672 46231 1070190
9d8d 0.51916 510622 44977.5 1070190
8c3c 0.518102 508259 46208.5 1070190
8c2c 0.516761 506846 46186 1070190
Kd8c 0.51643 515720 36958 1070190
Ks8c 0.515788 515146 36845 1070190
Kh8c 0.515788 515146 36845 1070190
Kc7d 0.513532 510084 39493 1070190
Kc7h 0.512835 509372 39459 1070190
Kc7s 0.512835 509372 39459 1070190
5s5d 0.511134 518102 28909 1070190
5h5d 0.511134 518102 28909 1070190
5s5h 0.510787 517754 28885 1070190
Kd8d 0.509266 509237 35774.5 1070190
4d4c 0.50893 514512 30140 1070190
4h4c 0.508584 514164 30117 1070190
4s4c 0.508584 514164 30117 1070190
Kd7c 0.508063 505026 38698 1070190
Ks7c 0.50744 504482 38575 1070190
Kh7c 0.50744 504482 38575 1070190
Kd7d 0.502475 500289 37454.5 1070190
Kc6d 0.500903 496015 40046.5 1070190
Qs8d 0.500451 499634 35944 1070190
Qh8d 0.500451 499634 35944 1070190
Qd8h 0.500421 499544 36001.5 1070190
Qd8s 0.500421 499544 36001.5 1070190
9s8d 0.500287 488986 46416 1070190
9h8d 0.500287 488986 46416 1070190
9d8h 0.500216 488862 46464 1070190
9d8s 0.500216 488862 46464 1070190
Kc6s 0.500175 495266 40016 1070190
Kc6h 0.500175 495266 40016 1070190
Qh8s 0.499778 498954 35903 1070190
Qh8h 0.499778 498954 35903 1070190
Qs8h 0.499778 498954 35903 1070190
Qs8s 0.499778 498954 35903 1070190
9h8h 0.499644 488352 46362 1070190
9h8s 0.499644 488352 46362 1070190
9s8h 0.499644 488352 46362 1070190
9s8s 0.499644 488352 46362 1070190
Kc5d 0.498271 492661 40583.5 1070190
Kc5h 0.497542 491912 40553 1070190
Kc5s 0.497542 491912 40553 1070190
Kc4d 0.496308 490381 40762.5 1070190
7c6c 0.4958 482492 48108 1070190
Kc4s 0.495579 489632 40732 1070190
Kc4h 0.495579 489632 40732 1070190
Kc3d 0.494679 488638 40762.5 1070190
Kd6c 0.494255 489750 39196.5 1070190
Kc3h 0.493951 487889 40732 1070190
Kc3s 0.493951 487889 40732 1070190
7c5c 0.493859 480116 48406.5 1070190
Kh6c 0.493646 489229 39066 1070190
Ks6c 0.493646 489229 39066 1070190
Kc2d 0.49305 486895 40762.5 1070190
Kc2s 0.492322 486146 40732 1070190
Kc2h 0.492322 486146 40732 1070190
7c4c 0.492317 478382 48491 1070190
7c3c 0.490976 476969 48468.5 1070190
Kd6d 0.490284 486747 37950 1070190
Kd5c 0.490156 484842 39718.5 1070190
7c2c 0.489635 475556 48446 1070190
Ks5c 0.489553 484330 39585 1070190
Kh5c 0.489553 484330 39585 1070190
4s4d 0.489182 493523 29994.5 1070190
4h4d 0.489182 493523 29994.5 1070190
4s4h 0.488835 493175 29971.5 1070190
Ks8d 0.487674 484585 37318.5 1070190
Kh8d 0.487674 484585 37318.5 1070190
Kd8s 0.487648 484479 37397.5 1070190
Kd8h 0.487648 484479 37397.5 1070190
Kd5d 0.487615 483387 38454 1070190
3d3c 0.487374 490523 31059.5 1070190
3s3c 0.487028 490175 31037 1070190
3h3c 0.487028 490175 31037 1070190
Kh8s 0.487007 483905 37284.5 1070190
Ks8s 0.487007 483905 37284.5 1070190
Kh8h 0.487007 483905 37284.5 1070190
Ks8h 0.487007 483905 37284.5 1070190
Kd4c 0.486735 481006 39892.5 1070190
Ks4c 0.486133 480497 39758 1070190
Kh4c 0.486133 480497 39758 1070190
Kd4d 0.485575 481035 38622 1070190
Kd3d 0.483848 479187 38622 1070190
Kd3c 0.483664 477720 39892.5 1070190
Kh3c 0.483063 477211 39758 1070190
Ks3c 0.483063 477211 39758 1070190
Kd2d 0.482121 477339 38622 1070190
Kd2c 0.48062 474462 39892.5 1070190
Ks7d 0.480348 474955 39108.5 1070190
Kh7d 0.480348 474955 39108.5 1070190
Kd7s 0.480274 474787 39197.5 1070190
Kd7h 0.480274 474787 39197.5 1070190
Ks2c 0.480019 473953 39758 1070190
Kh2c 0.480019 473953 39758 1070190
Ks7h 0.479651 474243 39074.5 1070190
Ks7s 0.479651 474243 39074.5 1070190
Kh7h 0.479651 474243 39074.5 1070190
Kh7s 0.479651 474243 39074.5 1070190
6c5c 0.474071 457596 49750.5 1070190
6c4c 0.47253 455862 49835 1070190
6c3c 0.471189 454449 49812.5 1070190
6c2c 0.469847 453036 49790 1070190
3s3d 0.4682 470156 30906.5 1070190
3h3d 0.4682 470156 30906.5 1070190
3s3h 0.467853 469808 30884 1070190
Ks6d 0.467302 460469 39632.5 1070190
Kh6d 0.467302 460469 39632.5 1070190
Kd6h 0.467182 460241 39732.5 1070190
Kd6s 0.467182 460241 39732.5 1070190
Ks6h 0.466573 459720 39602 1070190
Ks6s 0.466573 459720 39602 1070190
Kh6h 0.466573 459720 39602 1070190
Kh6s 0.466573 459720 39602 1070190
2d2c 0.466368 467201 31901 1070190
2s2c 0.466021 466853 31878.5 1070190
2h2c 0.466021 466853 31878.5 1070190
Kh5d 0.464571 457010 40169.5 1070190
Ks5d 0.464571 457010 40169.5 1070190
Kd5s 0.464446 456773 40272.5 1070190
Kd5h 0.464446 456773 40272.5 1070190
Kh5h 0.463843 456261 40139 1070190
Ks5s 0.463843 456261 40139 1070190
Ks5h 0.463843 456261 40139 1070190
Kh5s 0.463843 456261 40139 1070190
5c4c 0.462694 444907 50264 1070190
Kh4d 0.46251 454625 40348.5 1070190
Ks4d 0.46251 454625 40348.5 1070190
Kd4s 0.462383 454385 40452.5 1070190
Kd4h 0.462383 454385 40452.5 1070190
Kh4h 0.461782 453876 40318 1070190
Kh4s 0.461782 453876 40318 1070190
Ks4s 0.461782 453876 40318 1070190
Ks4h 0.461782 453876 40318 1070190
5c3c 0.461353 443494 50241.5 1070190
Kh3d 0.460783 452777 40348.5 1070190
Ks3d 0.460783 452777 40348.5 1070190
Kd3s 0.460656 452537 40452.5 1070190
Kd3h 0.460656 452537 40452.5 1070190
Ks3s 0.460055 452028 40318 1070190
Ks3h 0.460055 452028 40318 1070190
Kh3s 0.460055 452028 40318 1070190
Kh3h 0.460055 452028 40318 1070190
5c2c 0.460012 442081 50219 1070190
Ks2d 0.459056 450929 40348.5 1070190
Kh2d 0.459056 450929 40348.5 1070190
Kd2s 0.458929 450689 40452.5 1070190
Kd2h 0.458929 450689 40452.5 1070190
Kh2s 0.458328 450180 40318 1070190
Kh2h 0.458328 450180 40318 1070190
Ks2h 0.458328 450180 40318 1070190
Ks2s 0.458328 450180 40318 1070190
4c3c 0.45621 438119 50112.5 1070190
4c2c 0.454869 436706 50090 1070190
Qc7d 0.452876 443853 40810.5 1070190
Qc7h 0.452217 443181 40777 1070190
Qc7s 0.452217 443181 40777 1070190
3c2c 0.452156 433941 49951.5 1070190
Qd7c 0.448885 440320 40072 1070190
Qh7c 0.448292 439804 39953.5 1070190
Qs7c 0.448292 439804 39953.5 1070190
Qc6d 0.448185 437759 41884.5 1070190
9c7d 0.448177 423107 56528 1070190
2s2d 0.447749 447437 31739 1070190
2h2d 0.447749 447437 31739 1070190
9c7h 0.447544 422481 56476 1070190
9c7s 0.447544 422481 56476 1070190
Qc6s 0.447496 437055 41851 1070190
Qc6h 0.447496 437055 41851 1070190
2s2h 0.447402 447089 31716.5 1070190
9d7c 0.446163 421209 56270 1070190
9h7c 0.445646 420768 56157.5 1070190
9s7c 0.445646 420768 56157.5 1070190
Qc5d 0.445553 434405 42421.5 1070190
Qc5h 0.444864 433701 42388 1070190
Qc5s 0.444864 433701 42388 1070190
Qd7d 0.444785 437337 38667.5 1070190
Qc4d 0.44359 432125 42600.5 1070190
Qd6c 0.442991 432969 41116 1070190
Qc4s 0.442901 431421 42567 1070190
Qc4h 0.442901 431421 42567 1070190
Qh6c 0.44241 432471 40991.5 1070190
Qs6c 0.44241 432471 40991.5 1070190
Qc3d 0.441961 430382 42600.5 1070190
9d7d 0.441482 417984 54485.5 1070190
Qc3h 0.441272 429678 42567 1070190
Qc3s 0.441272 429678 42567 1070190
Qd6d 0.440375 431609 39675.5 1070190
Qc2d 0.440333 428639 42600.5 1070190
Qc2h 0.439643 427935 42567 1070190
Qc2s 0.439643 427935 42567 1070190
Qd5c 0.438893 428061 41638 1070190
Qh5c 0.438317 427572 41510.5 1070190
Qs5c 0.438317 427572 41510.5 1070190
Qd5d 0.437706 428249 40179.5 1070190
Qd4d 0.435665 425897 40347.5 1070190
Qd4c 0.435471 424225 41812 1070190
Qh4c 0.434897 423739 41683.5 1070190
Qs4c 0.434897 423739 41683.5 1070190
Qd3d 0.433938 424049 40347.5 1070190
Qd3c 0.432401 420939 41812 1070190
Qd2d 0.432212 422201 40347.5 1070190
Qs3c 0.431827 420453 41683.5 1070190
Qh3c 0.431827 420453 41683.5 1070190
Qd2c 0.429356 417681 41812 1070190
Qs2c 0.428782 417195 41683.5 1070190
Qh2c 0.428782 417195 41683.5 1070190
Qh7d 0.420053 409079 40457.5 1070190
Qs7d 0.420053 409079 40457.5 1070190
Qd7s 0.419987 408923 40542.5 1070190
Qd7h 0.419987 408923 40542.5 1070190
Qh7h 0.419394 408407 40424 1070190
Qs7h 0.419394 408407 40424 1070190
Qs7s 0.419394 408407 40424 1070190
Qh7s 0.419394 408407 40424 1070190
9s7d 0.418451 391365 56457.5 1070190
9h7d 0.418451 391365 56457.5 1070190
9d7s 0.418335 391180 56518 1070190
9d7h 0.418335 391180 56518 1070190
9s7h 0.417818 390739 56405.5 1070190
9s7s 0.417818 390739 56405.5 1070190
9h7s 0.417818 390739 56405.5 1070190
9h7h 0.417818 390739 56405.5 1070190
Qh6d 0.415278 402895 41531.5 1070190
Qs6d 0.415278 402895 41531.5 1070190
Qd6s 0.415171 402689 41622.5 1070190
Qd6h 0.415171 402689 41622.5 1070190
Qh6h 0.414589 402191 41498 1070190
Qh6s 0.414589 402191 41498 1070190
Qs6h 0.414589 402191 41498 1070190
Qs6s 0.414589 402191 41498 1070190
Qh5d 0.412548 399436 42068.5 1070190
Qs5d 0.412548 399436 42068.5 1070190
Qd5s 0.412435 399221 42162.5 1070190
Qd5h 0.412435 399221 42162.5 1070190
Qs5s 0.411859 398732 42035 1070190
Qs5h 0.411859 398732 42035 1070190
Qh5h 0.411859 398732 42035 1070190
Qh5s 0.411859 398732 42035 1070190
Qh4d 0.410486 397051 42247.5 1070190
Qs4d 0.410486 397051 42247.5 1070190
Qd4h 0.410372 396833 42342.5 1070190
Qd4s 0.410372 396833 42342.5 1070190
Qs4h 0.409797 396347 42214 1070190
Qs4s 0.409797 396347 42214 1070190
Qh4h 0.409797 396347 42214 1070190
Qh4s 0.409797 396347 42214 1070190
Qh3d 0.40876 395203 42247.5 1070190
Qs3d 0.40876 395203 42247.5 1070190
Qd3s 0.408645 394985 42342.5 1070190
Qd3h 0.408645 394985 42342.5 1070190
Qh3s 0.408071 394499 42214 1070190
Qs3h 0.408071 394499 42214 1070190
Qh3h 0.408071 394499 42214 1070190
Qs3s 0.408071 394499 42214 1070190
Qs2d 0.407033 393355 42247.5 1070190
Qh2d 0.407033 393355 42247.5 1070190
Qd2s 0.406918 393137 42342.5 1070190
Qd2h 0.406918 393137 42342.5 1070190
Qs2h 0.406344 392651 42214 1070190
Qs2s 0.406344 392651 42214 1070190
Qh2s 0.406344 392651 42214 1070190
Qh2h 0.406344 392651 42214 1070190
8c7d 0.401342 373631 55881.5 1070190
8c7h 0.400746 373047 55827 1070190
8c7s 0.400746 373047 55827 1070190
8d7c 0.400415 372845 55675 1070190
8h7c 0.399889 372384 55573 1070190
8s7c 0.399889 372384 55573 1070190
8d7d 0.397314 371295 53907 1070190
8h7d 0.37149 341686 55879 1070190
8s7d 0.37149 341686 55879 1070190
8d7h 0.37142 341563 55926.5 1070190
8d7s 0.37142 341563 55926.5 1070190
8s7h 0.370893 341102 55824.5 1070190
8s7s 0.370893 341102 55824.5 1070190
8h7h 0.370893 341102 55824.5 1070190
8h7s 0.370893 341102 55824.5 1070190
9c6d 0.363998 329075 60472 1070190
9c6s 0.363374 328452 60427 1070190
9c6h 0.363374 328452 60427 1070190
9c5d 0.361388 325769 60985 1070190
9c5s 0.360764 325146 60940 1070190
9c5h 0.360764 325146 60940 1070190
9d6c 0.360666 325858 60123.5 1070190
9s6c 0.360202 325486 59998.5 1070190
9h6c 0.360202 325486 59998.5 1070190
9c4d 0.359447 323537 61140 1070190
9d6d 0.358977 325960 58214 1070190
9c4s 0.358823 322914 61095 1070190
9c4h 0.358823 322914 61095 1070190
9c3d 0.357841 321842 61116 1070190
9c3s 0.357217 321219 61071 1070190
9c3h 0.357217 321219 61071 1070190
9d5c 0.356593 321004 60618.5 1070190
9d5d 0.356334 322654 58691 1070190
9c2d 0.356235 320147 61092 1070190
9h5c 0.356134 320641 60490.5 1070190
9s5c 0.356134 320641 60490.5 1070190
9c2s 0.355611 319524 61047 1070190
9c2h 0.355611 319524 61047 1070190
9d4d 0.354318 320356 58832 1070190
9d4c 0.353197 317222 60765.5 1070190
9h4c 0.35274 316862 60636.5 1070190
9s4c 0.35274 316862 60636.5 1070190
9d3d 0.352617 318562 58805 1070190
9d2d 0.350915 316768 58778 1070190
9d3c 0.350151 313990 60738.5 1070190
9h3c 0.349694 313630 60609.5 1070190
9s3c 0.349694 313630 60609.5 1070190
9d2c 0.347132 310786 60711.5 1070190
9s2c 0.346675 310426 60582.5 1070190
9h2c 0.346675 310426 60582.5 1070190
9h6d 0.331529 294375 60424.5 1070190
9s6d 0.331529 294375 60424.5 1070190
9d6s 0.33137 294124 60504.5 1070190
9d6h 0.33137 294124 60504.5 1070190
9s6s 0.330905 293752 60379.5 1070190
9s6h 0.330905 293752 60379.5 1070190
9h6h 0.330905 293752 60379.5 1070190
9h6s 0.330905 293752 60379.5 1070190
9h5d 0.328824 290970 60934.5 1070190
9s5d 0.328824 290970 60934.5 1070190
9d5s 0.328659 290710 61017.5 1070190
9d5h 0.328659 290710 61017.5 1070190
9h5s 0.3282 290347 60889.5 1070190
9h5h 0.3282 290347 60889.5 1070190
9s5h 0.3282 290347 60889.5 1070190
9s5s 0.3282 290347 60889.5 1070190
9h4d 0.326788 288639 61086.5 1070190
9s4d 0.326788 288639 61086.5 1070190
9d4s 0.326621 288376 61170.5 1070190
9d4h 0.326621 288376 61170.5 1070190
9s4s 0.326164 288016 61041.5 1070190
9s4h 0.326164 288016 61041.5 1070190
9h4h 0.326164 288016 61041.5 1070190
9h4s 0.326164 288016 61041.5 1070190
9s3d 0.325087 286845 61059.5 1070190
9h3d 0.325087 286845 61059.5 1070190
9d3h 0.324919 286582 61143.5 1070190
9d3s 0.324919 286582 61143.5 1070190
9h3h 0.324462 286222 61014.5 1070190
9h3s 0.324462 286222 61014.5 1070190
9s3h 0.324462 286222 61014.5 1070190
9s3s 0.324462 286222 61014.5 1070190
9s2d 0.323385 285051 61032.5 1070190
9h2d 0.323385 285051 61032.5 1070190
9d2s 0.323218 284788 61116.5 1070190
9d2h 0.323218 284788 61116.5 1070190
9s2h 0.322761 284428 60987.5 1070190
9s2s 0.322761 284428 60987.5 1070190
9h2s 0.322761 284428 60987.5 1070190
9h2h 0.322761 284428 60987.5 1070190
8c6d 0.31411 270127 66030 1070190
8c6h 0.313529 269560 65976 1070190
8c6s 0.313529 269560 65976 1070190
8d6d 0.311929 270246 63577 1070190
8d6c 0.311919 268050 65763 1070190
8c5d 0.3115 266821 66543 1070190
8h6c 0.311445 267658 65647.5 1070190
8s6c 0.311445 267658 65647.5 1070190
8c5s 0.31092 266254 66489 1070190
8c5h 0.31092 266254 66489 1070190
8c4d 0.309559 264589 66698 1070190
8d5d 0.309285 266940 64054 1070190
8c4h 0.308979 264022 66644 1070190
8c4s 0.308979 264022 66644 1070190
8c3d 0.307953 262894 66674 1070190
8d5c 0.307846 263196 66258 1070190
8h5c 0.307378 262813 66139.5 1070190
8s5c 0.307378 262813 66139.5 1070190
8c3s 0.307373 262327 66620 1070190
8c3h 0.307373 262327 66620 1070190
8d4d 0.30727 264642 64195 1070190
8c2d 0.306347 261199 66650 1070190
8c2h 0.305766 260632 66596 1070190
8c2s 0.305766 260632 66596 1070190
8d3d 0.305568 262848 64168 1070190
8d4c 0.30445 259414 66405 1070190
8h4c 0.303983 259034 66285.5 1070190
8s4c 0.303983 259034 66285.5 1070190
8d2d 0.303867 261054 64141 1070190
8d3c 0.301404 256182 66378 1070190
8s3c 0.300938 255802 66258.5 1070190
8h3c 0.300938 255802 66258.5 1070190
8d2c 0.298385 252978 66351 1070190
8s2c 0.297919 252598 66231.5 1070190
8h2c 0.297919 252598 66231.5 1070190
8h6d 0.281556 235149 66169.5 1070190
8s6d 0.281556 235149 66169.5 1070190
8d6h 0.28145 234974 66231 1070190
8d6s 0.28145 234974 66231 1070190
8h6h 0.280976 234582 66115.5 1070190
8h6s 0.280976 234582 66115.5 1070190
8s6h 0.280976 234582 66115.5 1070190
8s6s 0.280976 234582 66115.5 1070190
8s5d 0.278851 231744 66679.5 1070190
8h5d 0.278851 231744 66679.5 1070190
8d5h 0.278739 231560 66744 1070190
8d5s 0.278739 231560 66744 1070190
8s5s 0.278271 231177 66625.5 1070190
8s5h 0.278271 231177 66625.5 1070190
8h5s 0.278271 231177 66625.5 1070190
8h5h 0.278271 231177 66625.5 1070190
8s4d 0.276815 229413 66831.5 1070190
8h4d 0.276815 229413 66831.5 1070190
8d4h 0.276701 229226 66897 1070190
8d4s 0.276701 229226 66897 1070190
8h4h 0.276235 228846 66777.5 1070190
8s4h 0.276235 228846 66777.5 1070190
8s4s 0.276235 228846 66777.5 1070190
8h4s 0.276235 228846 66777.5 1070190
8s3d 0.275113 227619 66804.5 1070190
8h3d 0.275113 227619 66804.5 1070190
8d3h 0.275 227432 66870 1070190
8d3s 0.275 227432 66870 1070190
8s3s 0.274533 227052 66750.5 1070190
8h3h 0.274533 227052 66750.5 1070190
8h3s 0.274533 227052 66750.5 1070190
8s3h 0.274533 227052 66750.5 1070190
7d6d 0.274381 226583 67057 1070190
7c6d 0.274013 223623 69622.5 1070190
7c6h 0.273472 223108 69559.5 1070190
7c6s 0.273472 223108 69559.5 1070190
8h2d 0.273412 225825 66777.5 1070190
8s2d 0.273412 225825 66777.5 1070190
8d2s 0.273298 225638 66843 1070190
8d2h 0.273298 225638 66843 1070190
7d6c 0.273018 222736 69445 1070190
8h2s 0.272831 225258 66723.5 1070190
8s2s 0.272831 225258 66723.5 1070190
8s2h 0.272831 225258 66723.5 1070190
8h2h 0.272831 225258 66723.5 1070190
7s6c 0.272536 222324 69341 1070190
7h6c 0.272536 222324 69341 1070190
7d5d 0.271738 223277 67534 1070190
7c5d 0.271403 220317 70135.5 1070190
7c5s 0.270863 219802 70072.5 1070190
7c5h 0.270863 219802 70072.5 1070190
7d4d 0.269722 220979 67675 1070190
7c4d 0.269462 218085 70290.5 1070190
7d5c 0.268945 217882 69940 1070190
7c4h 0.268922 217570 70227.5 1070190
7c4s 0.268922 217570 70227.5 1070190
7h5c 0.268468 217479 69833 1070190
7s5c 0.268468 217479 69833 1070190
7d3d 0.268021 219185 67648 1070190
7c3d 0.267856 216390 70266.5 1070190
7c3s 0.267316 215875 70203.5 1070190
7c3h 0.267316 215875 70203.5 1070190
7d2d 0.266319 217391 67621 1070190
7c2d 0.266249 214695 70242.5 1070190
7c2h 0.265709 214180 70179.5 1070190
7c2s 0.265709 214180 70179.5 1070190
7d4c 0.265548 214100 70087 1070190
7s4c 0.265073 213700 69979 1070190
7h4c 0.265073 213700 69979 1070190
7d3c 0.262503 210868 70060 1070190
7h3c 0.262028 210468 69952 1070190
7s3c 0.262028 210468 69952 1070190
7d2c 0.259484 207664 70033 1070190
7s2c 0.259009 207264 69925 1070190
7h2c 0.259009 207264 69925 1070190
6d5d 0.244598 192120 69646 1070190
6d4d 0.242582 189822 69787 1070190
6c5d 0.242055 186741 72303.5 1070190
7s6d 0.24165 188693 69918 1070190
7h6d 0.24165 188693 69918 1070190
7d6s 0.241592 188590 69959 1070190
7d6h 0.241592 188590 69959 1070190
6c5h 0.24155 186273 72231 1070190
6c5s 0.24155 186273 72231 1070190
7h6h 0.24111 188178 69855 1070190
7h6s 0.24111 188178 69855 1070190
7s6h 0.24111 188178 69855 1070190
7s6s 0.24111 188178 69855 1070190
6d3d 0.240881 188028 69760 1070190
6d5c 0.240804 185508 72198.5 1070190
6h5c 0.24032 185085 72103.5 1070190
6s5c 0.24032 185085 72103.5 1070190
6c4d 0.240114 184509 72458.5 1070190
6c4s 0.239609 184041 72386 1070190
6c4h 0.239609 184041 72386 1070190
6d2d 0.239179 186234 69733 1070190
7s5d 0.238944 185288 70428 1070190
7h5d 0.238944 185288 70428 1070190
7d5s 0.238881 185176 70472 1070190
7d5h 0.238881 185176 70472 1070190
6c3d 0.238508 182814 72434.5 1070190
7h5h 0.238404 184773 70365 1070190
7h5s 0.238404 184773 70365 1070190
7s5h 0.238404 184773 70365 1070190
7s5s 0.238404 184773 70365 1070190
6c3s 0.238003 182346 72362 1070190
6c3h 0.238003 182346 72362 1070190
6d4c 0.237408 181726 72345.5 1070190
6s4c 0.236926 181306 72249.5 1070190
6h4c 0.236926 181306 72249.5 1070190
7h4d 0.236908 182957 70580 1070190
7s4d 0.236908 182957 70580 1070190
6c2d 0.236901 181119 72410.5 1070190
7d4s 0.236843 182842 70625 1070190
7d4h 0.236843 182842 70625 1070190
6c2s 0.236396 180651 72338 1070190
6c2h 0.236396 180651 72338 1070190
7h4s 0.236368 182442 70517 1070190
7h4h 0.236368 182442 70517 1070190
7s4h 0.236368 182442 70517 1070190
7s4s 0.236368 182442 70517 1070190
7h3d 0.235207 181163 70553 1070190
7s3d 0.235207 181163 70553 1070190
7d3h 0.235141 181048 70598 1070190
7d3s 0.235141 181048 70598 1070190
7s3h 0.234667 180648 70490 1070190
7h3h 0.234667 180648 70490 1070190
7s3s 0.234667 180648 70490 1070190
7h3s 0.234667 180648 70490 1070190
6d3c 0.234363 178494 72318.5 1070190
6s3c 0.23388 178074 72222.5 1070190
6h3c 0.23388 178074 72222.5 1070190
7h2d 0.233505 179369 70526 1070190
7s2d 0.233505 179369 70526 1070190
7d2h 0.23344 179254 70571 1070190
7d2s 0.23344 179254 70571 1070190
7s2s 0.232965 178854 70463 1070190
7s2h 0.232965 178854 70463 1070190
7h2s 0.232965 178854 70463 1070190
7h2h 0.232965 178854 70463 1070190
6d2c 0.231343 175290 72291.5 1070190
6h2c 0.230861 174870 72195.5 1070190
6s2c 0.230861 174870 72195.5 1070190
5d4d 0.230856 176514 70545.5 1070190
5d3d 0.229154 174720 70518.5 1070190
5d2d 0.227453 172926 70491.5 1070190
5c4d 0.226644 169325 73227.5 1070190
5c4h 0.226163 168888 73149 1070190
5c4s 0.226163 168888 73149 1070190
5d4c 0.22536 167990 73187.5 1070190
5c3d 0.225038 167630 73203.5 1070190
5s4c 0.224886 167570 73100.5 1070190
5h4c 0.224886 167570 73100.5 1070190
5c3h 0.224556 167193 73125 1070190
5c3s 0.224556 167193 73125 1070190
4d3d 0.223953 169254 70418 1070190
5c2d 0.223432 165935 73179.5 1070190
5c2h 0.22295 165498 73101 1070190
5c2s 0.22295 165498 73101 1070190
5d3c 0.222314 164758 73160.5 1070190
4d2d 0.222251 167460 70391 1070190
5s3c 0.221841 164338 73073.5 1070190
5h3c 0.221841 164338 73073.5 1070190
3d2d 0.220166 165357 70262 1070190
5d2c 0.219295 161554 73133.5 1070190
5s2c 0.218821 161134 73046.5 1070190
5h2c 0.218821 161134 73046.5 1070190
4c3d 0.218336 160567 73094.5 1070190
4c3h 0.217868 160147 73013 1070190
4c3s 0.217868 160147 73013 1070190
4d3c 0.21704 159180 73094.5 1070190
4c2d 0.21673 158872 73070.5 1070190
4s3c 0.216572 158760 73013 1070190
4h3c 0.216572 158760 73013 1070190
4c2s 0.216262 158452 72989 1070190
4c2h 0.216262 158452 72989 1070190
4d2c 0.214021 155976 73067.5 1070190
4h2c 0.213553 155556 72986 1070190
4s2c 0.213553 155556 72986 1070190
3c2d 0.21329 155316 72944.5 1070190
3c2h 0.212822 154896 72864 1070190
3c2s 0.212822 154896 72864 1070190
3d2c 0.21202 153957 72944.5 1070190
3h2c 0.211552 153537 72864 1070190
3s2c 0.211552 153537 72864 1070190
6h5d 0.210077 152103 72719 1070190
6s5d 0.210077 152103 72719 1070190
6d5h 0.210056 152058 72741.5 1070190
6d5s 0.210056 152058 72741.5 1070190
6h5s 0.209572 151635 72646.5 1070190
6h5h 0.209572 151635 72646.5 1070190
6s5s 0.209572 151635 72646.5 1070190
6s5h 0.209572 151635 72646.5 1070190
6s4d 0.208041 149772 72871 1070190
6h4d 0.208041 149772 72871 1070190
6d4h 0.208018 149724 72894.5 1070190
6d4s 0.208018 149724 72894.5 1070190
6h4s 0.207536 149304 72798.5 1070190
6h4h 0.207536 149304 72798.5 1070190
6s4s 0.207536 149304 72798.5 1070190
6s4h 0.207536 149304 72798.5 1070190
6s3d 0.206339 147978 72844 1070190
6h3d 0.206339 147978 72844 1070190
6d3s 0.206316 147930 72867.5 1070190
6d3h 0.206316 147930 72867.5 1070190
6h3s 0.205834 147510 72771.5 1070190
6h3h 0.205834 147510 72771.5 1070190
6s3h 0.205834 147510 72771.5 1070190
6s3s 0.205834 147510 72771.5 1070190
6s2d 0.204637 146184 72817 1070190
6h2d 0.204637 146184 72817 1070190
6d2h 0.204615 146136 72840.5 1070190
6d2s 0.204615 146136 72840.5 1070190
6h2s 0.204132 145716 72744.5 1070190
6h2h 0.204132 145716 72744.5 1070190
6s2s 0.204132 145716 72744.5 1070190
6s2h 0.204132 145716 72744.5 1070190
5s4d 0.195747 135773 73714 1070190
5h4d 0.195747 135773 73714 1070190
5d4s 0.19574 135756 73722.5 1070190
5d4h 0.19574 135756 73722.5 1070190
5h4s 0.195266 135336 73635.5 1070190
5h4h 0.195266 135336 73635.5 1070190
5s4h 0.195266 135336 73635.5 1070190
5s4s 0.195266 135336 73635.5 1070190
5h3d 0.194046 133979 73687 1070190
5s3d 0.194046 133979 73687 1070190
5d3s 0.194038 133962 73695.5 1070190
5d3h 0.194038 133962 73695.5 1070190
5h3h 0.193564 133542 73608.5 1070190
5h3s 0.193564 133542 73608.5 1070190
5s3s 0.193564 133542 73608.5 1070190
5s3h 0.193564 133542 73608.5 1070190
5h2d 0.192344 132185 73660 1070190
5s2d 0.192344 132185 73660 1070190
5d2s 0.192336 132168 73668.5 1070190
5d2h 0.192336 132168 73668.5 1070190
5s2s 0.191863 131748 73581.5 1070190
5s2h 0.191863 131748 73581.5 1070190
5h2s 0.191863 131748 73581.5 1070190
5h2h 0.191863 131748 73581.5 1070190
4s3d 0.188665 128301 73606 1070190
4d3s 0.188665 128301 73606 1070190
4d3h 0.188665 128301 73606 1070190
4h3d 0.188665 128301 73606 1070190
4h3s 0.188196 127881 73524.5 1070190
4s3h 0.188196 127881 73524.5 1070190
4h3h 0.188196 127881 73524.5 1070190
4s3s 0.188196 127881 73524.5 1070190
4s2d 0.186963 126507 73579 1070190
4h2d 0.186963 126507 73579 1070190
4d2h 0.186963 126507 73579 1070190
4d2s 0.186963 126507 73579 1070190
4h2s 0.186494 126087 73497.5 1070190
4h2h 0.186494 126087 73497.5 1070190
4s2h 0.186494 126087 73497.5 1070190
4s2s 0.186494 126087 73497.5 1070190
3h2d 0.184872 124392 73456 1070190
3d2s 0.184872 124392 73456 1070190
3d2h 0.184872 124392 73456 1070190
3s2d 0.184872 124392 73456 1070190
3h2h 0.184404 123972 73375.5 1070190
3h2s 0.184404 123972 73375.5 1070190
3s2h 0.184404 123972 73375.5 1070190
3s2s 0.184404 123972 73375.5 1070190
