QcJc 0.961304 1009455 19323 1070190
QcJd 0.94494 987771 23494.5 1070190
QcJs 0.944141 987051 23359.5 1070190
QcJh 0.944141 987051 23359.5 1070190
QdJc 0.943492 986221 23494.5 1070190
QhJc 0.942693 985501 23359.5 1070190
QsJc 0.942693 985501 23359.5 1070190
KsKc 0.92963 987522 7359 1070190
KhKc 0.92963 987522 7359 1070190
QdJd 0.926274 968605 22684.5 1070190
QhJd 0.924276 966264 22887 1070190
QsJd 0.924276 966264 22887 1070190
QdJs 0.924276 966264 22887 1070190
QdJh 0.924276 966264 22887 1070190
QhJs 0.923477 965544 22752 1070190
QhJh 0.923477 965544 22752 1070190
QsJh 0.923477 965544 22752 1070190
QsJs 0.923477 965544 22752 1070190
AsAd 0.915095 971739 7587 1070190
AhAd 0.915095 971739 7587 1070190
AsAh 0.914731 971354 7582.5 1070190
KsKh 0.909889 966107 7647 1070190
ThTd 0.903771 959500 7707 1070190
TsTd 0.903771 959500 7707 1070190
TsTh 0.903405 959112 7702.5 1070190
AdKc 0.901051 954931 9365 1070190
AhKc 0.900607 954460 9360.5 1070190
AsKc 0.900607 954460 9360.5 1070190
KcQc 0.880719 926119 16417.5 1070190
AdKh 0.880499 932604 9697 1070190
AdKs 0.880499 932604 9697 1070190
AhKh 0.880054 932133 9692.5 1070190
AhKs 0.880054 932133 9692.5 1070190
AsKs 0.880054 932133 9692.5 1070190
AsKh 0.880054 932133 9692.5 1070190
KcJc 0.877753 922945 16417.5 1070190
AdTd 0.871138 918859 13424 1070190
AdQc 0.869046 906052 23992.5 1070190
AhQc 0.868305 905322 23929 1070190
AsQc 0.868305 905322 23929 1070190
KcTd 0.867063 914122 13800.5 1070190
KcTh 0.866657 913692 13796 1070190
KcTs 0.866657 913692 13796 1070190
AhTd 0.865241 911983 13989 1070190
AsTd 0.865241 911983 13989 1070190
AdTs 0.865238 911980 13989 1070190
AdTh 0.865238 911980 13989 1070190
AhTh 0.864895 911639 13962.5 1070190
AhTs 0.864895 911639 13962.5 1070190
AsTh 0.864895 911639 13962.5 1070190
AsTs 0.864895 911639 13962.5 1070190
AdJc 0.863118 899708 23992.5 1070190
AsJc 0.862403 899006 23929 1070190
AhJc 0.862403 899006 23929 1070190
AdQd 0.852667 889576 22939.5 1070190
AdJd 0.848231 884829 22939.5 1070190
AdQs 0.846478 882038 23854 1070190
AdQh 0.846478 882038 23854 1070190
AsQd 0.846416 881950 23876 1070190
AhQd 0.846416 881950 23876 1070190
AhQh 0.845736 881308 23790.5 1070190
AsQh 0.845736 881308 23790.5 1070190
AsQs 0.845736 881308 23790.5 1070190
AhQs 0.845736 881308 23790.5 1070190
KsTd 0.845569 890919 14000.5 1070190
KhTd 0.845569 890919 14000.5 1070190
KsTh 0.845163 890489 13996 1070190
KsTs 0.845163 890489 13996 1070190
KhTh 0.845163 890489 13996 1070190
KhTs 0.845163 890489 13996 1070190
Kc9c 0.843584 885422 17373 1070190
AdJh 0.841847 877082 23854 1070190
AdJs 0.841847 877082 23854 1070190
AhJd 0.841806 877016 23876 1070190
AsJd 0.841806 877016 23876 1070190
Kc8c 0.841515 882128 18453 1070190
AsJh 0.841131 876380 23790.5 1070190
AsJs 0.841131 876380 23790.5 1070190
AhJs 0.841131 876380 23790.5 1070190
AhJh 0.841131 876380 23790.5 1070190
Kc7c 0.840114 879909 19173 1070190
Kc6c 0.83915 878445 19605 1070190
Kc5c 0.838696 877743 19821 1070190
Kc4c 0.838511 877473 19893 1070190
Kc3c 0.83846 877419 19893 1070190
Kc2c 0.83841 877365 19893 1070190
KcQd 0.816633 850614 23338.5 1070190
KcQs 0.815946 849946 23271 1070190
KcQh 0.815946 849946 23271 1070190
Ad9c 0.814271 845688 25737 1070190
As9c 0.813651 845132 25629 1070190
Ah9c 0.813651 845132 25629 1070190
KsQc 0.812474 845716 23785.5 1070190
KhQc 0.812474 845716 23785.5 1070190
KcJd 0.812155 845822 23338.5 1070190
KcJh 0.811474 845160 23271 1070190
KcJs 0.811474 845160 23271 1070190
Ad8c 0.809439 838716 27537 1070190
As8c 0.808846 838205 27414 1070190
Ah8c 0.808846 838205 27414 1070190
KsJc 0.806703 839540 23785.5 1070190
KhJc 0.806703 839540 23785.5 1070190
Ad7c 0.805753 833572 28737 1070190
Ah7c 0.805179 833091 28604 1070190
As7c 0.805179 833091 28604 1070190
Ad6c 0.802714 829599 29457 1070190
Ah6c 0.802151 829136 29318 1070190
As6c 0.802151 829136 29318 1070190
Ad5c 0.800656 827037 29817 1070190
Ad9d 0.800593 831453 25334 1070190
Ah5c 0.800099 826583 29675 1070190
As5c 0.800099 826583 29675 1070190
Ad4c 0.799067 825217 29937 1070190
Ah4c 0.798512 824766 29794 1070190
As4c 0.798512 824766 29794 1070190
Ad3c 0.797729 823785 29937 1070190
Ad8d 0.797213 826065 27104 1070190
Ah3c 0.797174 823334 29794 1070190
As3c 0.797174 823334 29794 1070190
Ad2c 0.796417 822381 29937 1070190
As2c 0.795862 821930 29794 1070190
Ah2c 0.795862 821930 29794 1070190
Ad7d 0.79494 822453 28284 1070190
Ad6d 0.793253 819939 28992 1070190
Ad5d 0.792524 818805 29346 1070190
Ad4d 0.792236 818379 29464 1070190
Ad3d 0.792169 818307 29464 1070190
Ad2d 0.792101 818235 29464 1070190
Ah9d 0.790886 819895 26503 1070190
As9d 0.790886 819895 26503 1070190
Ad9h 0.790721 819642 26580 1070190
Ad9s 0.790721 819642 26580 1070190
Ah9s 0.790101 819086 26472 1070190
Ah9h 0.790101 819086 26472 1070190
As9h 0.790101 819086 26472 1070190
As9s 0.790101 819086 26472 1070190
KhQd 0.789511 821392 23534.5 1070190
KsQd 0.789511 821392 23534.5 1070190
KhQs 0.788823 820724 23467 1070190
KhQh 0.788823 820724 23467 1070190
KsQs 0.788823 820724 23467 1070190
KsQh 0.788823 820724 23467 1070190
As8d 0.787314 814198 28378 1070190
Ah8d 0.787314 814198 28378 1070190
Ad8h 0.787122 813900 28470 1070190
Ad8s 0.787122 813900 28470 1070190
As8s 0.786529 813389 28347 1070190
As8h 0.786529 813389 28347 1070190
Ah8s 0.786529 813389 28347 1070190
Ah8h 0.786529 813389 28347 1070190
KsJd 0.785132 816706 23534.5 1070190
KhJd 0.785132 816706 23534.5 1070190
Ah7d 0.784911 810376 29628 1070190
As7d 0.784911 810376 29628 1070190
Ad7h 0.7847 810048 29730 1070190
Ad7s 0.7847 810048 29730 1070190
KhJs 0.78445 816044 23467 1070190
KhJh 0.78445 816044 23467 1070190
KsJs 0.78445 816044 23467 1070190
KsJh 0.78445 816044 23467 1070190
Ah7h 0.784126 809567 29597 1070190
As7s 0.784126 809567 29597 1070190
As7h 0.784126 809567 29597 1070190
Ah7s 0.784126 809567 29597 1070190
Ah6d 0.783095 807682 30378 1070190
As6d 0.783095 807682 30378 1070190
Ad6s 0.782867 807330 30486 1070190
Ad6h 0.782867 807330 30486 1070190
As5d 0.782327 806485 30753 1070190
Ah5d 0.782327 806485 30753 1070190
Ah6h 0.782304 806867 30347 1070190
Ah6s 0.782304 806867 30347 1070190
As6h 0.782304 806867 30347 1070190
As6s 0.782304 806867 30347 1070190
Ad5s 0.782093 806124 30864 1070190
Ad5h 0.782093 806124 30864 1070190
Ah4d 0.782026 806038 30878 1070190
As4d 0.782026 806038 30878 1070190
Ah3d 0.781958 805966 30878 1070190
As3d 0.781958 805966 30878 1070190
As2d 0.781891 805894 30878 1070190
Ah2d 0.781891 805894 30878 1070190
Ad4h 0.78179 805674 30990 1070190
Ad4s 0.78179 805674 30990 1070190
Ad3s 0.781723 805602 30990 1070190
Ad3h 0.781723 805602 30990 1070190
Ad2s 0.781656 805530 30990 1070190
Ad2h 0.781656 805530 30990 1070190
Ah5s 0.781536 805670 30722 1070190
Ah5h 0.781536 805670 30722 1070190
As5h 0.781536 805670 30722 1070190
As5s 0.781536 805670 30722 1070190
Ah4h 0.781235 805223 30847 1070190
As4h 0.781235 805223 30847 1070190
As4s 0.781235 805223 30847 1070190
Ah4s 0.781235 805223 30847 1070190
As3h 0.781168 805151 30847 1070190
As3s 0.781168 805151 30847 1070190
Ah3s 0.781168 805151 30847 1070190
Ah3h 0.781168 805151 30847 1070190
As2s 0.781101 805079 30847 1070190
As2h 0.781101 805079 30847 1070190
Ah2s 0.781101 805079 30847 1070190
Ah2h 0.781101 805079 30847 1070190
Kc9d 0.753836 780737 26010.5 1070190
QdQc 0.753639 794902 11634.5 1070190
Kc9h 0.753026 779875 26006 1070190
Kc9s 0.753026 779875 26006 1070190
QsQc 0.753001 794287 11567 1070190
QhQc 0.753001 794287 11567 1070190
Kc8d 0.75041 775271 27810.5 1070190
QcTd 0.750226 774108 28776 1070190
Kc8h 0.749601 774409 27806 1070190
Kc8s 0.749601 774409 27806 1070190
Ks9c 0.749499 776782 25324.5 1070190
Kh9c 0.749499 776782 25324.5 1070190
QcTs 0.749491 773385 28712.5 1070190
QcTh 0.749491 773385 28712.5 1070190
Kc7d 0.748106 771605 29010.5 1070190
Kc7s 0.747296 770743 29006 1070190
Kc7h 0.747296 770743 29006 1070190
JdJc 0.746603 787373 11634.5 1070190
Kc6d 0.74636 769016 29730.5 1070190
JhJc 0.745971 786764 11567 1070190
JsJc 0.745971 786764 11567 1070190
Kc5d 0.745625 767870 30090.5 1070190
Kc6h 0.745544 768148 29726 1070190
Kc6s 0.745544 768148 29726 1070190
Kc4d 0.745339 767444 30210.5 1070190
Kc3d 0.745277 767378 30210.5 1070190
Kc2d 0.745216 767312 30210.5 1070190
Ks8c 0.744835 770080 27034.5 1070190
Kh8c 0.744835 770080 27034.5 1070190
Kc5s 0.74481 767002 30086 1070190
Kc5h 0.74481 767002 30086 1070190
Kc4h 0.744524 766576 30206 1070190
Kc4s 0.744524 766576 30206 1070190
Kc3s 0.744462 766510 30206 1070190
Kc3h 0.744462 766510 30206 1070190
Kc2h 0.744401 766444 30206 1070190
Kc2s 0.744401 766444 30206 1070190
JcTd 0.74409 767542 28776 1070190
JcTh 0.743382 766847 28712.5 1070190
JcTs 0.743382 766847 28712.5 1070190
Ks7c 0.741261 765116 28174.5 1070190
Kh7c 0.741261 765116 28174.5 1070190
Kh6c 0.738289 761251 28858.5 1070190
Ks6c 0.738289 761251 28858.5 1070190
Kh5c 0.736265 758743 29200.5 1070190
Ks5c 0.736265 758743 29200.5 1070190
QdTd 0.735752 759475 27919 1070190
Kh4c 0.734688 756941 29314.5 1070190
Ks4c 0.734688 756941 29314.5 1070190
Kh3c 0.73335 755509 29314.5 1070190
Ks3c 0.73335 755509 29314.5 1070190
Kh2c 0.732038 754105 29314.5 1070190
Ks2c 0.732038 754105 29314.5 1070190
JdTd 0.730944 754330 27919 1070190
QhQd 0.728025 767858 11267 1070190
QsQd 0.728025 767858 11267 1070190
QsQh 0.727387 767243 11199.5 1070190
Kh9d 0.72595 751225 25679 1070190
Ks9d 0.72595 751225 25679 1070190
Kh9h 0.72514 750363 25674.5 1070190
Ks9s 0.72514 750363 25674.5 1070190
Ks9h 0.72514 750363 25674.5 1070190
Kh9s 0.72514 750363 25674.5 1070190
QsTd 0.723979 745962 28833.5 1070190
QhTd 0.723979 745962 28833.5 1070190
QdTs 0.723892 745846 28855.5 1070190
QdTh 0.723892 745846 28855.5 1070190
QhTs 0.723244 745239 28770 1070190
QsTh 0.723244 745239 28770 1070190
QsTs 0.723244 745239 28770 1070190
QhTh 0.723244 745239 28770 1070190
Ks8d 0.722608 745894 27434 1070190
Kh8d 0.722608 745894 27434 1070190
JsJd 0.722396 761834 11267 1070190
JhJd 0.722396 761834 11267 1070190
Ks8h 0.721798 745032 27429.5 1070190
Ks8s 0.721798 745032 27429.5 1070190
Kh8h 0.721798 745032 27429.5 1070190
Kh8s 0.721798 745032 27429.5 1070190
JsJh 0.721764 761225 11199.5 1070190
Ks7d 0.72036 742318 28604 1070190
Kh7d 0.72036 742318 28604 1070190
Kh7s 0.71955 741456 28599.5 1070190
Ks7s 0.71955 741456 28599.5 1070190
Kh7h 0.71955 741456 28599.5 1070190
Ks7h 0.71955 741456 28599.5 1070190
JsTd 0.719186 740832 28833.5 1070190
JhTd 0.719186 740832 28833.5 1070190
JdTh 0.719119 740738 28855.5 1070190
JdTs 0.719119 740738 28855.5 1070190
Kh6d 0.718639 739774 29306 1070190
Ks6d 0.718639 739774 29306 1070190
JsTs 0.718477 740137 28770 1070190
JhTh 0.718477 740137 28770 1070190
JhTs 0.718477 740137 28770 1070190
JsTh 0.718477 740137 28770 1070190
Ks5d 0.717921 738655 29657 1070190
Kh5d 0.717921 738655 29657 1070190
Ks6h 0.717823 738906 29301.5 1070190
Kh6h 0.717823 738906 29301.5 1070190
Ks6s 0.717823 738906 29301.5 1070190
Kh6s 0.717823 738906 29301.5 1070190
Kh4d 0.717641 738238 29774 1070190
Ks4d 0.717641 738238 29774 1070190
Ks3d 0.717579 738172 29774 1070190
Kh3d 0.717579 738172 29774 1070190
Ks2d 0.717517 738106 29774 1070190
Kh2d 0.717517 738106 29774 1070190
Kh5s 0.717106 737787 29652.5 1070190
Kh5h 0.717106 737787 29652.5 1070190
Ks5s 0.717106 737787 29652.5 1070190
Ks5h 0.717106 737787 29652.5 1070190
Kh4h 0.716826 737370 29769.5 1070190
Kh4s 0.716826 737370 29769.5 1070190
Ks4h 0.716826 737370 29769.5 1070190
Ks4s 0.716826 737370 29769.5 1070190
Ks3h 0.716764 737304 29769.5 1070190
Ks3s 0.716764 737304 29769.5 1070190
Kh3s 0.716764 737304 29769.5 1070190
Kh3h 0.716764 737304 29769.5 1070190
Ks2s 0.716702 737238 29769.5 1070190
Kh2s 0.716702 737238 29769.5 1070190
Kh2h 0.716702 737238 29769.5 1070190
Ks2h 0.716702 737238 29769.5 1070190
Qc9c 0.691119 710225 29404 1070190
Qc8c 0.6869 704105 31009 1070190
Qc7c 0.68364 699546 32079 1070190
Qc6c 0.681182 696273 32721 1070190
Qc5c 0.679363 694005 33042 1070190
Qc4c 0.677943 692379 33149 1070190
Qc3c 0.676724 691074 33149 1070190
Qc2c 0.675504 689769 33149 1070190
Td9c 0.660339 678431 28257 1070190
Ts9c 0.659717 677874 28149 1070190
Th9c 0.659717 677874 28149 1070190
Jc9c 0.657194 673918 29404 1070190
Td8c 0.655506 671459 30057 1070190
Ts8c 0.654914 670948 29934 1070190
Th8c 0.654914 670948 29934 1070190
Jc8c 0.653225 668333 30741.5 1070190
Td7c 0.651821 666315 31257 1070190
Ts7c 0.651247 665834 31124 1070190
Th7c 0.651247 665834 31124 1070190
Jc7c 0.649964 663774 31811.5 1070190
Td9d 0.649172 666887 27850.5 1070190
Td6c 0.648781 662342 31977 1070190
Ts6c 0.648219 661879 31838 1070190
Th6c 0.648219 661879 31838 1070190
Td5c 0.646723 659780 32337 1070190
Ts5c 0.646167 659326 32195 1070190
Th5c 0.646167 659326 32195 1070190
Td8d 0.64579 661498 29620.5 1070190
Td4c 0.645135 657960 32457 1070190
Th4c 0.64458 657509 32314 1070190
Ts4c 0.64458 657509 32314 1070190
Td3c 0.643797 656528 32457 1070190
Td7d 0.643518 657886 30800.5 1070190
Th3c 0.643242 656077 32314 1070190
Ts3c 0.643242 656077 32314 1070190
Td2c 0.642485 655124 32457 1070190
Ts2c 0.64193 654673 32314 1070190
Th2c 0.64193 654673 32314 1070190
Td6d 0.64183 655372 31508.5 1070190
Jc6c 0.641374 653778 32614 1070190
Td5d 0.641102 654238 31862.5 1070190
Td4d 0.640814 653812 31980.5 1070190
Td3d 0.640747 653740 31980.5 1070190
Td2d 0.640679 653668 31980.5 1070190
Jc5c 0.639555 651510 32935 1070190
Jc4c 0.638135 649884 33042 1070190
Jc3c 0.636916 648579 33042 1070190
Jc2c 0.635696 647274 33042 1070190
Th9d 0.632049 647393 29019.5 1070190
Ts9d 0.632049 647393 29019.5 1070190
Td9s 0.631917 647175 29096.5 1070190
Td9h 0.631917 647175 29096.5 1070190
Ts9h 0.631296 646618 28988.5 1070190
Ts9s 0.631296 646618 28988.5 1070190
Th9s 0.631296 646618 28988.5 1070190
Th9h 0.631296 646618 28988.5 1070190
Ts8d 0.628478 641696 30894.5 1070190
Th8d 0.628478 641696 30894.5 1070190
Td8s 0.628318 641433 30986.5 1070190
Td8h 0.628318 641433 30986.5 1070190
Ts8s 0.627725 640922 30863.5 1070190
Th8s 0.627725 640922 30863.5 1070190
Th8h 0.627725 640922 30863.5 1070190
Ts8h 0.627725 640922 30863.5 1070190
Ts7d 0.626074 637874 32144.5 1070190
Th7d 0.626074 637874 32144.5 1070190
Td7s 0.625896 637581 32246.5 1070190
Td7h 0.625896 637581 32246.5 1070190
Ts7s 0.625322 637100 32113.5 1070190
Ts7h 0.625322 637100 32113.5 1070190
Th7s 0.625322 637100 32113.5 1070190
Th7h 0.625322 637100 32113.5 1070190
Th6d 0.624258 635180 32894.5 1070190
Ts6d 0.624258 635180 32894.5 1070190
Td6h 0.624063 634863 33002.5 1070190
Td6s 0.624063 634863 33002.5 1070190
Th6s 0.6235 634400 32863.5 1070190
Th6h 0.6235 634400 32863.5 1070190
Ts6h 0.6235 634400 32863.5 1070190
Ts6s 0.6235 634400 32863.5 1070190
Ts5d 0.62349 633983 33269.5 1070190
Th5d 0.62349 633983 33269.5 1070190
Td5s 0.623289 633657 33380.5 1070190
Td5h 0.623289 633657 33380.5 1070190
Ts4d 0.623189 633536 33394.5 1070190
Th4d 0.623189 633536 33394.5 1070190
Th3d 0.623122 633464 33394.5 1070190
Ts3d 0.623122 633464 33394.5 1070190
Ts2d 0.623054 633392 33394.5 1070190
Th2d 0.623054 633392 33394.5 1070190
Td4s 0.622986 633207 33506.5 1070190
Td4h 0.622986 633207 33506.5 1070190
Td3s 0.622919 633135 33506.5 1070190
Td3h 0.622919 633135 33506.5 1070190
Td2h 0.622852 633063 33506.5 1070190
Td2s 0.622852 633063 33506.5 1070190
Ts5h 0.622732 633203 33238.5 1070190
Ts5s 0.622732 633203 33238.5 1070190
Th5h 0.622732 633203 33238.5 1070190
Th5s 0.622732 633203 33238.5 1070190
Ts4h 0.622431 632756 33363.5 1070190
Ts4s 0.622431 632756 33363.5 1070190
Th4s 0.622431 632756 33363.5 1070190
Th4h 0.622431 632756 33363.5 1070190
Ts3s 0.622364 632684 33363.5 1070190
Ts3h 0.622364 632684 33363.5 1070190
Th3s 0.622364 632684 33363.5 1070190
Th3h 0.622364 632684 33363.5 1070190
Ts2h 0.622297 632612 33363.5 1070190
Th2s 0.622297 632612 33363.5 1070190
Th2h 0.622297 632612 33363.5 1070190
Ts2s 0.622297 632612 33363.5 1070190
9d9c 0.576257 600618 16086.5 1070190
9h9c 0.575557 599878 16077.5 1070190
9s9c 0.575557 599878 16077.5 1070190
9c8c 0.561544 560806 40153 1070190
9c7c 0.558475 556665 41009 1070190
8d8c 0.557756 580818 16086.5 1070190
8h8c 0.557057 580079 16077.5 1070190
8s8c 0.557057 580079 16077.5 1070190
9c6c 0.551156 548030 41811.5 1070190
9s9d 0.54601 567984 16350.5 1070190
9h9d 0.54601 567984 16350.5 1070190
9s9h 0.54531 567244 16341.5 1070190
Qc9d 0.542977 539949 41140 1070190
9c5c 0.542731 538586 42239.5 1070190
Qc9s 0.542308 539268 41104.5 1070190
Qc9h 0.542308 539268 41104.5 1070190
Qd9c 0.54161 539611 40015 1070190
9c4c 0.541261 536906 42346.5 1070190
Qs9c 0.541062 539155 39884 1070190
Qh9c 0.541062 539155 39884 1070190
9c3c 0.539991 535547 42346.5 1070190
7d7c 0.53928 561046 16086.5 1070190
9c2c 0.538722 534188 42346.5 1070190
7s7c 0.538581 560307 16077.5 1070190
7h7c 0.538581 560307 16077.5 1070190
Qc8d 0.536508 530340 43825 1070190
Qc8s 0.535838 529659 43789.5 1070190
Qc8h 0.535838 529659 43789.5 1070190
Qd8c 0.533733 528571 42625 1070190
Qh8c 0.533213 528160 42479 1070190
Qs8c 0.533213 528160 42479 1070190
Qd9d 0.532483 530728 39130 1070190
Qc7d 0.53171 523416 45615 1070190
Qc7s 0.531041 522735 45579.5 1070190
Qc7h 0.531041 522735 45579.5 1070190
8c7c 0.530503 524372 43366.5 1070190
8h8d 0.528291 549021 16350.5 1070190
8s8d 0.528291 549021 16350.5 1070190
Qc6d 0.52808 518457 46689 1070190
8s8h 0.527592 548282 16341.5 1070190
Qd7c 0.527508 520169 44365 1070190
Qc6s 0.527408 517773 46653.5 1070190
Qc6h 0.527408 517773 46653.5 1070190
Qh7c 0.527006 519788 44209 1070190
Qs7c 0.527006 519788 44209 1070190
Qd8d 0.526207 521492 41650 1070190
Qc5d 0.525624 515292 47226 1070190
Qc5s 0.524952 514608 47190.5 1070190
Qc5h 0.524952 514608 47190.5 1070190
Qc4d 0.523838 513201 47405 1070190
Qc4s 0.523166 512517 47369.5 1070190
Qc4h 0.523166 512517 47369.5 1070190
Qd6c 0.522475 513739 45409 1070190
Qc3d 0.522386 511647 47405 1070190
8c6c 0.522316 513772 45205 1070190
Qs6c 0.521985 513376 45247 1070190
Qh6c 0.521985 513376 45247 1070190
Qc3h 0.521713 510963 47369.5 1070190
Qc3s 0.521713 510963 47369.5 1070190
Qd7d 0.521534 514811 43330 1070190
Qc2d 0.520934 510093 47405 1070190
Qc2s 0.520261 509409 47369.5 1070190
Qc2h 0.520261 509409 47369.5 1070190
6d6c 0.520215 540642 16086.5 1070190
6s6c 0.51951 539897 16077.5 1070190
6h6c 0.51951 539897 16077.5 1070190
Qd5c 0.518585 509053 45931 1070190
Qh5c 0.5181 508699 45766 1070190
Qs5c 0.5181 508699 45766 1070190
Qd6d 0.517974 509993 44338 1070190
Qd5d 0.515499 506840 44842 1070190
Qd4c 0.515365 505433 46105 1070190
Qh4c 0.514881 505082 45939 1070190
Qs4c 0.514881 505082 45939 1070190
8c5c 0.513891 504328 45633 1070190
Qd4d 0.513652 504695 45010 1070190
Qd3c 0.512496 502363 46105 1070190
8c4c 0.512421 502648 45740 1070190
Qd3d 0.512118 503054 45010 1070190
Qh3c 0.512013 502012 45939 1070190
Qs3c 0.512013 502012 45939 1070190
Qs9d 0.511779 507101 40599.5 1070190
Qh9d 0.511779 507101 40599.5 1070190
Qd9s 0.511658 506876 40695 1070190
Qd9h 0.511658 506876 40695 1070190
8c3c 0.511151 501289 45740 1070190
Qs9h 0.511109 506420 40564 1070190
Qs9s 0.511109 506420 40564 1070190
Qh9s 0.511109 506420 40564 1070190
Qh9h 0.511109 506420 40564 1070190
Qd2d 0.510585 501413 45010 1070190
7s7d 0.510571 530058 16350.5 1070190
7h7d 0.510571 530058 16350.5 1070190
8c2c 0.509881 499930 45740 1070190
7s7h 0.509873 529319 16341.5 1070190
Qd2c 0.509653 499321 46105 1070190
Qs2c 0.50917 498970 45939 1070190
Qh2c 0.50917 498970 45939 1070190
Qs8d 0.505228 497405 43284.5 1070190
Qh8d 0.505228 497405 43284.5 1070190
Qd8h 0.505079 497135 43395 1070190
Qd8s 0.505079 497135 43395 1070190
Qh8s 0.504558 496724 43249 1070190
Qs8s 0.504558 496724 43249 1070190
Qh8h 0.504558 496724 43249 1070190
Qs8h 0.504558 496724 43249 1070190
5d5c 0.501797 520932 16086.5 1070190
7c6c 0.501471 489674 46995 1070190
5h5c 0.501093 520187 16077.5 1070190
5s5c 0.501093 520187 16077.5 1070190
Qs7d 0.500349 490394 45074.5 1070190
Qh7d 0.500349 490394 45074.5 1070190
Qd7h 0.500181 490094 45195 1070190
Qd7s 0.500181 490094 45195 1070190
Qh7h 0.499679 489713 45039 1070190
Qs7h 0.499679 489713 45039 1070190
Qs7s 0.499679 489713 45039 1070190
Qh7s 0.499679 489713 45039 1070190
Qs6d 0.496635 485345 46148.5 1070190
Qh6d 0.496635 485345 46148.5 1070190
Qd6s 0.496453 485024 46275 1070190
Qd6h 0.496453 485024 46275 1070190
Qs6s 0.495962 484661 46113 1070190
Qh6s 0.495962 484661 46113 1070190
Qh6h 0.495962 484661 46113 1070190
Qs6h 0.495962 484661 46113 1070190
Jc9d 0.49412 487662 41140 1070190
Qs5d 0.494098 482093 46685.5 1070190
Qh5d 0.494098 482093 46685.5 1070190
Jd9c 0.494 488659 40015 1070190
Qd5h 0.49391 481763 46815 1070190
Qd5s 0.49391 481763 46815 1070190
Jc9h 0.493481 487014 41104.5 1070190
Jc9s 0.493481 487014 41104.5 1070190
Js9c 0.493454 488206 39884 1070190
Jh9c 0.493454 488206 39884 1070190
Qh5h 0.493425 481409 46650 1070190
Qh5s 0.493425 481409 46650 1070190
Qs5s 0.493425 481409 46650 1070190
Qs5h 0.493425 481409 46650 1070190
7c5c 0.492496 478945 48119.5 1070190
Qs4d 0.49223 479915 46864.5 1070190
Qh4d 0.49223 479915 46864.5 1070190
6s6d 0.492151 510345 16350.5 1070190
6h6d 0.492151 510345 16350.5 1070190
Qd4h 0.492041 479582 46995 1070190
Qd4s 0.492041 479582 46995 1070190
Qs4h 0.491558 479231 46829 1070190
Qh4h 0.491558 479231 46829 1070190
Qh4s 0.491558 479231 46829 1070190
Qs4s 0.491558 479231 46829 1070190
6s6h 0.491447 509600 16341.5 1070190
7c4c 0.491026 477265 48226.5 1070190
Qh3d 0.490697 478274 46864.5 1070190
Qs3d 0.490697 478274 46864.5 1070190
Qd3h 0.490507 477941 46995 1070190
Qd3s 0.490507 477941 46995 1070190
Qh3h 0.490024 477590 46829 1070190
Qs3h 0.490024 477590 46829 1070190
Qs3s 0.490024 477590 46829 1070190
Qh3s 0.490024 477590 46829 1070190
7c3c 0.489756 475906 48226.5 1070190
Qs2d 0.489163 476633 46864.5 1070190
Qh2d 0.489163 476633 46864.5 1070190
Qd2s 0.488974 476300 46995 1070190
Qd2h 0.488974 476300 46995 1070190
Qs2s 0.488491 475949 46829 1070190
Qh2h 0.488491 475949 46829 1070190
Qh2s 0.488491 475949 46829 1070190
Qs2h 0.488491 475949 46829 1070190
7c2c 0.488487 474547 48226.5 1070190
Jc8d 0.488068 478948 43377.5 1070190
Jc8h 0.487429 478300 43342 1070190
Jc8s 0.487429 478300 43342 1070190
Jd8c 0.486529 478489 42190 1070190
Jd9d 0.486302 481306 39130 1070190
Jh8c 0.486009 478076 42046.5 1070190
Js8c 0.486009 478076 42046.5 1070190
4d4c 0.483401 501244 16086.5 1070190
Jc7d 0.483271 472024 45167.5 1070190
4s4c 0.482696 500499 16077.5 1070190
4h4c 0.482696 500499 16077.5 1070190
Jc7s 0.482632 471376 45132 1070190
Jc7h 0.482632 471376 45132 1070190
Jd8d 0.480419 472910 41230 1070190
Jd7c 0.480304 470087 43930 1070190
Js7c 0.479803 469704 43776.5 1070190
Jh7c 0.479803 469704 43776.5 1070190
6c5c 0.478422 462470 49532.5 1070190
5c4c 0.477315 460648 50170 1070190
6c4c 0.476952 460790 49639.5 1070190
5c3c 0.476045 459289 50170 1070190
Jd7d 0.475746 466229 42910 1070190
6c3c 0.475682 459431 49639.5 1070190
5c2c 0.474776 457930 50170 1070190
5h5d 0.474432 491382 16350.5 1070190
5s5d 0.474432 491382 16350.5 1070190
6c2c 0.474412 458072 49639.5 1070190
5s5h 0.473728 490637 16341.5 1070190
4c3c 0.471779 454723 50170 1070190
4c2c 0.470509 453364 50170 1070190
Jc6d 0.469658 456113 46510 1070190
Jc6s 0.469018 455464 46474.5 1070190
Jc6h 0.469018 455464 46474.5 1070190
3c2c 0.468245 450941 50170 1070190
Jc5d 0.467202 452948 47047 1070190
Jc5s 0.466562 452299 47011.5 1070190
Jc5h 0.466562 452299 47011.5 1070190
Jc4d 0.465415 450857 47226 1070190
Jd6c 0.465307 452732 45235 1070190
3d3c 0.46503 481584 16086.5 1070190
Jh6c 0.46482 452372 45074 1070190
Js6c 0.46482 452372 45074 1070190
Jc4s 0.464776 450208 47190.5 1070190
Jc4h 0.464776 450208 47190.5 1070190
3h3c 0.464325 480839 16077.5 1070190
3s3c 0.464325 480839 16077.5 1070190
Jc3d 0.463963 449303 47226 1070190
Jh9d 0.463414 455341 40599.5 1070190
Js9d 0.463414 455341 40599.5 1070190
Jc3s 0.463324 448654 47190.5 1070190
Jc3h 0.463324 448654 47190.5 1070190
Jd9h 0.463321 455146 40695 1070190
Jd9s 0.463321 455146 40695 1070190
Js9h 0.462775 454693 40564 1070190
Js9s 0.462775 454693 40564 1070190
Jh9s 0.462775 454693 40564 1070190
Jh9h 0.462775 454693 40564 1070190
Jc2d 0.462511 447749 47226 1070190
Jd6d 0.462416 450703 44170 1070190
Jc2h 0.461872 447100 47190.5 1070190
Jc2s 0.461872 447100 47190.5 1070190
Jd5c 0.461416 448046 45757 1070190
Jh5c 0.460935 447695 45593 1070190
Js5c 0.460935 447695 45593 1070190
Jd5d 0.459941 447550 44674 1070190
Jd4c 0.458196 444426 45931 1070190
Jd4d 0.458093 445405 44842 1070190
Js4c 0.457717 444078 45766 1070190
Jh4c 0.457717 444078 45766 1070190
Js8d 0.45728 446540 42837 1070190
Jh8d 0.45728 446540 42837 1070190
Jd8s 0.457162 446305 42945 1070190
Jd8h 0.457162 446305 42945 1070190
4s4d 0.456713 472419 16350.5 1070190
4h4d 0.456713 472419 16350.5 1070190
Jh8h 0.456642 445892 42801.5 1070190
Jh8s 0.456642 445892 42801.5 1070190
Js8s 0.456642 445892 42801.5 1070190
Js8h 0.456642 445892 42801.5 1070190
Jd3d 0.45656 443764 44842 1070190
4s4h 0.456008 471674 16341.5 1070190
Jd3c 0.455328 441356 45931 1070190
Jd2d 0.455027 442123 44842 1070190
Jh3c 0.454848 441008 45766 1070190
Js3c 0.454848 441008 45766 1070190
Jd2c 0.452485 438314 45931 1070190
Jh7d 0.452402 439529 44627 1070190
Js7d 0.452402 439529 44627 1070190
Jd7s 0.452265 439264 44745 1070190
Jd7h 0.452265 439264 44745 1070190
Jh2c 0.452006 437966 45766 1070190
Js2c 0.452006 437966 45766 1070190
Js7s 0.451763 438881 44591.5 1070190
Js7h 0.451763 438881 44591.5 1070190
Jh7s 0.451763 438881 44591.5 1070190
Jh7h 0.451763 438881 44591.5 1070190
2d2c 0.446686 461952 16086.5 1070190
2h2c 0.445981 461207 16077.5 1070190
2s2c 0.445981 461207 16077.5 1070190
3s3d 0.438994 453456 16350.5 1070190
3h3d 0.438994 453456 16350.5 1070190
3s3h 0.438289 452711 16341.5 1070190
Js6d 0.438279 423072 45969.5 1070190
Jh6d 0.438279 423072 45969.5 1070190
Jd6h 0.438126 422783 46095 1070190
Jd6s 0.438126 422783 46095 1070190
Js6s 0.437639 422423 45934 1070190
Jh6s 0.437639 422423 45934 1070190
Js6h 0.437639 422423 45934 1070190
Jh6h 0.437639 422423 45934 1070190
Js5d 0.435742 419820 46506.5 1070190
Jh5d 0.435742 419820 46506.5 1070190
Jd5h 0.435583 419522 46635 1070190
Jd5s 0.435583 419522 46635 1070190
Js5h 0.435102 419171 46471 1070190
Js5s 0.435102 419171 46471 1070190
Jh5s 0.435102 419171 46471 1070190
Jh5h 0.435102 419171 46471 1070190
Jh4d 0.433874 417642 46685.5 1070190
Js4d 0.433874 417642 46685.5 1070190
Jd4h 0.433714 417341 46815 1070190
Jd4s 0.433714 417341 46815 1070190
Jh4h 0.433234 416993 46650 1070190
Jh4s 0.433234 416993 46650 1070190
Js4h 0.433234 416993 46650 1070190
Js4s 0.433234 416993 46650 1070190
Js3d 0.432341 416001 46685.5 1070190
Jh3d 0.432341 416001 46685.5 1070190
Jd3s 0.43218 415700 46815 1070190
Jd3h 0.43218 415700 46815 1070190
Js3h 0.431701 415352 46650 1070190
Jh3s 0.431701 415352 46650 1070190
Js3s 0.431701 415352 46650 1070190
Jh3h 0.431701 415352 46650 1070190
Js2d 0.430807 414360 46685.5 1070190
Jh2d 0.430807 414360 46685.5 1070190
Jd2h 0.430647 414059 46815 1070190
Jd2s 0.430647 414059 46815 1070190
Jh2h 0.430168 413711 46650 1070190
Js2h 0.430168 413711 46650 1070190
Js2s 0.430168 413711 46650 1070190
Jh2s 0.430168 413711 46650 1070190
2s2d 0.421274 434493 16350.5 1070190
2h2d 0.421274 434493 16350.5 1070190
2s2h 0.42057 433748 16341.5 1070190
9c8d 0.347526 313028 58890.5 1070190
9c8s 0.34696 312465 58848 1070190
9c8h 0.34696 312465 58848 1070190
9d8c 0.346353 312046 58618 1070190
9s8c 0.345841 311598 58518 1070190
9h8c 0.345841 311598 58518 1070190
9d8d 0.34346 310792 56775.5 1070190
9c7d 0.343001 306754 60322.5 1070190
9c7h 0.342435 306191 60280 1070190
9c7s 0.342435 306191 60280 1070190
9d7c 0.340386 304268 60010 1070190
9s7c 0.339891 303846 59902 1070190
9h7c 0.339891 303846 59902 1070190
9d7d 0.339037 304714 58119.5 1070190
9c6d 0.331485 293087 61665 1070190
9c6s 0.330916 292521 61622.5 1070190
9c6h 0.330916 292521 61622.5 1070190
9d6d 0.327753 291379 59379.5 1070190
9d6c 0.327494 289166 61315 1070190
9h6c 0.327014 288768 61199.5 1070190
9s6c 0.327014 288768 61199.5 1070190
9c5d 0.318416 278385 62381 1070190
9c5h 0.317852 277824 62338.5 1070190
9c5s 0.317852 277824 62338.5 1070190
9c4d 0.316568 276228 62560 1070190
9c4s 0.316004 275667 62517.5 1070190
9c4h 0.316004 275667 62517.5 1070190
9c3d 0.315054 274608 62560 1070190
9d5d 0.314883 276933 60051.5 1070190
9c3s 0.31449 274047 62517.5 1070190
9c3h 0.31449 274047 62517.5 1070190
9s8d 0.313612 276500 59124.5 1070190
9h8d 0.313612 276500 59124.5 1070190
9d8s 0.313558 276385 59182 1070190
9d8h 0.313558 276385 59182 1070190
9c2d 0.313541 272988 62560 1070190
9h8s 0.313046 275937 59082 1070190
9s8h 0.313046 275937 59082 1070190
9s8s 0.313046 275937 59082 1070190
9h8h 0.313046 275937 59082 1070190
9d5c 0.31298 272937 62011 1070190
9c2h 0.312977 272427 62517.5 1070190
9c2s 0.312977 272427 62517.5 1070190
9d4d 0.312971 274719 60219.5 1070190
9s5c 0.312509 272553 61891.5 1070190
9h5c 0.312509 272553 61891.5 1070190
9d3d 0.311373 273009 60219.5 1070190
9d2d 0.309775 271299 60219.5 1070190
9d4c 0.309693 269245 62185 1070190
9h4c 0.309224 268864 62064.5 1070190
9s4c 0.309224 268864 62064.5 1070190
9h7d 0.309004 270136 60556.5 1070190
9s7d 0.309004 270136 60556.5 1070190
9d7h 0.308933 269995 60622 1070190
9d7s 0.308933 269995 60622 1070190
9s7s 0.308438 269573 60514 1070190
9s7h 0.308438 269573 60514 1070190
9h7s 0.308438 269573 60514 1070190
9h7h 0.308438 269573 60514 1070190
9d3c 0.306757 266103 62185 1070190
9s3c 0.306288 265722 62064.5 1070190
9h3c 0.306288 265722 62064.5 1070190
9d2c 0.303847 262989 62185 1070190
9s2c 0.303378 262608 62064.5 1070190
9h2c 0.303378 262608 62064.5 1070190
8c7d 0.30249 259982 63740 1070190
8c7s 0.301959 259464 63690 1070190
8c7h 0.301959 259464 63690 1070190
8d7c 0.301304 258943 63510 1070190
8d7d 0.301141 260814 61464.5 1070190
8h7c 0.300819 258521 63412 1070190
8s7c 0.300819 258521 63412 1070190
9h6d 0.29707 256022 61899 1070190
9s6d 0.29707 256022 61899 1070190
9d6s 0.296981 255854 61972 1070190
9d6h 0.296981 255854 61972 1070190
9h6h 0.296501 255456 61856.5 1070190
9s6h 0.296501 255456 61856.5 1070190
9h6s 0.296501 255456 61856.5 1070190
9s6s 0.296501 255456 61856.5 1070190
8c6d 0.289563 243115 66772 1070190
8c6s 0.289031 242599 66719.5 1070190
8c6h 0.289031 242599 66719.5 1070190
8d6d 0.288484 244369 64363.5 1070190
8d6c 0.286987 240616 66514.5 1070190
8h6c 0.286516 240218 66408.5 1070190
8s6c 0.286516 240218 66408.5 1070190
9s5d 0.283471 240753 62615 1070190
9h5d 0.283471 240753 62615 1070190
9d5s 0.283378 240576 62692 1070190
9d5h 0.283378 240576 62692 1070190
9s5s 0.282907 240192 62572.5 1070190
9h5s 0.282907 240192 62572.5 1070190
9s5h 0.282907 240192 62572.5 1070190
9h5h 0.282907 240192 62572.5 1070190
9h4d 0.281539 238506 62794 1070190
9s4d 0.281539 238506 62794 1070190
9d4h 0.281443 238326 62872 1070190
9d4s 0.281443 238326 62872 1070190
9h4s 0.280975 237945 62751.5 1070190
9h4h 0.280975 237945 62751.5 1070190
9s4s 0.280975 237945 62751.5 1070190
9s4h 0.280975 237945 62751.5 1070190
9h3d 0.279941 236796 62794 1070190
9s3d 0.279941 236796 62794 1070190
9d3h 0.279846 236616 62872 1070190
9d3s 0.279846 236616 62872 1070190
9h3s 0.279377 236235 62751.5 1070190
9h3h 0.279377 236235 62751.5 1070190
9s3h 0.279377 236235 62751.5 1070190
9s3s 0.279377 236235 62751.5 1070190
9s2d 0.278343 235086 62794 1070190
9h2d 0.278343 235086 62794 1070190
9d2h 0.278248 234906 62872 1070190
9d2s 0.278248 234906 62872 1070190
9s2h 0.277779 234525 62751.5 1070190
9s2s 0.277779 234525 62751.5 1070190
9h2s 0.277779 234525 62751.5 1070190
9h2h 0.277779 234525 62751.5 1070190
8c5d 0.276494 228413 67488 1070190
8c5h 0.275967 227902 67435.5 1070190
8c5s 0.275967 227902 67435.5 1070190
8d5d 0.275613 229923 65035.5 1070190
8c4d 0.274646 226256 67667 1070190
8c4h 0.274119 225745 67614.5 1070190
8c4s 0.274119 225745 67614.5 1070190
8d4d 0.273701 227709 65203.5 1070190
8c3d 0.273132 224636 67667 1070190
8c3h 0.272605 224125 67614.5 1070190
8c3s 0.272605 224125 67614.5 1070190
8d5c 0.272473 224387 67210.5 1070190
8d3d 0.272104 225999 65203.5 1070190
8h5c 0.272011 224003 67100.5 1070190
8s5c 0.272011 224003 67100.5 1070190
8c2d 0.271618 223016 67667 1070190
8c2s 0.271092 222505 67614.5 1070190
8c2h 0.271092 222505 67614.5 1070190
8d2d 0.270506 224289 65203.5 1070190
8d4c 0.269185 220695 67384.5 1070190
8s7d 0.268964 223736 64106.5 1070190
8h7d 0.268964 223736 64106.5 1070190
8d7s 0.268919 223640 64154.5 1070190
8d7h 0.268919 223640 64154.5 1070190
8h4c 0.268726 220314 67273.5 1070190
8s4c 0.268726 220314 67273.5 1070190
8h7s 0.268433 223218 64056.5 1070190
8h7h 0.268433 223218 64056.5 1070190
8s7s 0.268433 223218 64056.5 1070190
8s7h 0.268433 223218 64056.5 1070190
8d3c 0.266249 217553 67384.5 1070190
8h3c 0.26579 217172 67273.5 1070190
8s3c 0.26579 217172 67273.5 1070190
8d2c 0.26334 214439 67384.5 1070190
8h2c 0.26288 214058 67273.5 1070190
8s2c 0.26288 214058 67273.5 1070190
7d6d 0.260636 211963 66967.5 1070190
7c6d 0.259444 208239 69415 1070190
7c6h 0.258944 207765 69354.5 1070190
7c6s 0.258944 207765 69354.5 1070190
7d6c 0.258286 207172 69243.5 1070190
7h6c 0.257825 206774 69147.5 1070190
7s6c 0.257825 206774 69147.5 1070190
8h6d 0.255563 206302 67198.5 1070190
8s6d 0.255563 206302 67198.5 1070190
8d6s 0.255502 206184 67252 1070190
8d6h 0.255502 206184 67252 1070190
8s6s 0.255031 205786 67146 1070190
8h6h 0.255031 205786 67146 1070190
8h6s 0.255031 205786 67146 1070190
8s6h 0.255031 205786 67146 1070190
7d5d 0.246894 195483 68740.5 1070190
7c5d 0.24548 191443 71267.5 1070190
7c5s 0.244987 190978 71205 1070190
7c5h 0.244987 190978 71205 1070190
7d4d 0.244982 193269 68908.5 1070190
7c4d 0.243632 189286 71446.5 1070190
7d3d 0.243384 191559 68908.5 1070190
7c4s 0.243139 188821 71384 1070190
7c4h 0.243139 188821 71384 1070190
7d5c 0.242866 188829 71083.5 1070190
7h5c 0.242413 188445 70983 1070190
7s5c 0.242413 188445 70983 1070190
7c3d 0.242118 187666 71446.5 1070190
8s5d 0.241964 191033 67914.5 1070190
8h5d 0.241964 191033 67914.5 1070190
8d5h 0.241899 190906 67972 1070190
8d5s 0.241899 190906 67972 1070190
7d2d 0.241787 189849 68908.5 1070190
7c3s 0.241625 187201 71384 1070190
7c3h 0.241625 187201 71384 1070190
8h5s 0.241438 190522 67862 1070190
8s5h 0.241438 190522 67862 1070190
8s5s 0.241438 190522 67862 1070190
8h5h 0.241438 190522 67862 1070190
7c2d 0.240604 186046 71446.5 1070190
7c2h 0.240112 185581 71384 1070190
7c2s 0.240112 185581 71384 1070190
8h4d 0.240032 188786 68093.5 1070190
8s4d 0.240032 188786 68093.5 1070190
8d4s 0.239965 188656 68152 1070190
8d4h 0.239965 188656 68152 1070190
7d4c 0.239578 185137 71257.5 1070190
8h4h 0.239505 188275 68041 1070190
8h4s 0.239505 188275 68041 1070190
8s4h 0.239505 188275 68041 1070190
8s4s 0.239505 188275 68041 1070190
7h4c 0.239128 184756 71156 1070190
7s4c 0.239128 184756 71156 1070190
8h3d 0.238434 187076 68093.5 1070190
8s3d 0.238434 187076 68093.5 1070190
8d3h 0.238367 186946 68152 1070190
8d3s 0.238367 186946 68152 1070190
8h3h 0.237907 186565 68041 1070190
8h3s 0.237907 186565 68041 1070190
8s3s 0.237907 186565 68041 1070190
8s3h 0.237907 186565 68041 1070190
8h2d 0.236836 185366 68093.5 1070190
8s2d 0.236836 185366 68093.5 1070190
8d2s 0.236769 185236 68152 1070190
8d2h 0.236769 185236 68152 1070190
7d3c 0.236643 181995 71257.5 1070190
8s2h 0.236309 184855 68041 1070190
8h2h 0.236309 184855 68041 1070190
8h2s 0.236309 184855 68041 1070190
8s2s 0.236309 184855 68041 1070190
7h3c 0.236192 181614 71156 1070190
7s3c 0.236192 181614 71156 1070190
7d2c 0.233733 178881 71257.5 1070190
7h2c 0.233282 178500 71156 1070190
7s2c 0.233282 178500 71156 1070190
5d4d 0.230168 174493 71831 1070190
6d5d 0.228578 173760 70862 1070190
5d3d 0.228571 172783 71831 1070190
5d2d 0.226973 171073 71831 1070190
6d4d 0.226666 171546 71030 1070190
7h6d 0.226158 172064 69968.5 1070190
7s6d 0.226158 172064 69968.5 1070190
7d6h 0.226121 171988 70004 1070190
7d6s 0.226121 171988 70004 1070190
7s6s 0.225659 171590 69908 1070190
7s6h 0.225659 171590 69908 1070190
7h6s 0.225659 171590 69908 1070190
7h6h 0.225659 171590 69908 1070190
5c4d 0.225545 166986 74389.5 1070190
6c5d 0.225226 167619 73415.5 1070190
5c4h 0.225092 166580 74311 1070190
5c4s 0.225092 166580 74311 1070190
6d3d 0.225068 169836 71030 1070190
6c5h 0.224761 167193 73344 1070190
6c5s 0.224761 167193 73344 1070190
4d3d 0.224332 168247 71831 1070190
5d4c 0.224259 165649 74350.5 1070190
5c3d 0.224031 165366 74389.5 1070190
6d5c 0.223967 166371 73316 1070190
5h4c 0.223814 165259 74264 1070190
5s4c 0.223814 165259 74264 1070190
5c3s 0.223578 164960 74311 1070190
5c3h 0.223578 164960 74311 1070190
6h5c 0.223519 165984 73224 1070190
6s5c 0.223519 165984 73224 1070190
6d2d 0.223471 168126 71030 1070190
6c4d 0.223378 165462 73594.5 1070190
6c4s 0.222913 165036 73523 1070190
6c4h 0.222913 165036 73523 1070190
4d2d 0.222734 166537 71831 1070190
5c2d 0.222517 163746 74389.5 1070190
5c2h 0.222064 163340 74311 1070190
5c2s 0.222064 163340 74311 1070190
6c3d 0.221864 163842 73594.5 1070190
6c3s 0.221399 163416 73523 1070190
6c3h 0.221399 163416 73523 1070190
5d3c 0.221323 162507 74350.5 1070190
3d2d 0.221136 164827 71831 1070190
5s3c 0.220878 162117 74264 1070190
5h3c 0.220878 162117 74264 1070190
6d4c 0.22068 162679 73490 1070190
6c2d 0.22035 162222 73594.5 1070190
6s4c 0.220234 162295 73397 1070190
6h4c 0.220234 162295 73397 1070190
6c2h 0.219885 161796 73523 1070190
6c2s 0.219885 161796 73523 1070190
5d2c 0.218413 159393 74350.5 1070190
4c3d 0.218335 159290 74370 1070190
5s2c 0.217968 159003 74264 1070190
5h2c 0.217968 159003 74264 1070190
4c3h 0.217894 158900 74287.5 1070190
4c3s 0.217894 158900 74287.5 1070190
6d3c 0.217744 159537 73490 1070190
6s3c 0.217298 159153 73397 1070190
6h3c 0.217298 159153 73397 1070190
4d3c 0.217039 157903 74370 1070190
4c2d 0.216821 157670 74370 1070190
4s3c 0.216598 157513 74287.5 1070190
4h3c 0.216598 157513 74287.5 1070190
4c2h 0.21638 157280 74287.5 1070190
4c2s 0.21638 157280 74287.5 1070190
6d2c 0.214834 156423 73490 1070190
6h2c 0.214388 156039 73397 1070190
6s2c 0.214388 156039 73397 1070190
4d2c 0.214129 154789 74370 1070190
3c2d 0.213885 154528 74370 1070190
4h2c 0.213688 154399 74287.5 1070190
4s2c 0.213688 154399 74287.5 1070190
3c2s 0.213444 154138 74287.5 1070190
3c2h 0.213444 154138 74287.5 1070190
3d2c 0.212616 153169 74370 1070190
3s2c 0.212174 152779 74287.5 1070190
3h2c 0.212174 152779 74287.5 1070190
7s5d 0.211629 154623 71860 1070190
7h5d 0.211629 154623 71860 1070190
7d5s 0.211589 154542 71898 1070190
7d5h 0.211589 154542 71898 1070190
7h5h 0.211136 154158 71797.5 1070190
7s5s 0.211136 154158 71797.5 1070190
7s5h 0.211136 154158 71797.5 1070190
7h5s 0.211136 154158 71797.5 1070190
7s4d 0.209696 152376 72039 1070190
7h4d 0.209696 152376 72039 1070190
7d4h 0.209654 152292 72078 1070190
7d4s 0.209654 152292 72078 1070190
7h4s 0.209204 151911 71976.5 1070190
7h4h 0.209204 151911 71976.5 1070190
7s4h 0.209204 151911 71976.5 1070190
7s4s 0.209204 151911 71976.5 1070190
7h3d 0.208099 150666 72039 1070190
7s3d 0.208099 150666 72039 1070190
7d3s 0.208057 150582 72078 1070190
7d3h 0.208057 150582 72078 1070190
7s3h 0.207606 150201 71976.5 1070190
7s3s 0.207606 150201 71976.5 1070190
7h3s 0.207606 150201 71976.5 1070190
7h3h 0.207606 150201 71976.5 1070190
7s2d 0.206501 148956 72039 1070190
7h2d 0.206501 148956 72039 1070190
7d2h 0.206459 148872 72078 1070190
7d2s 0.206459 148872 72078 1070190
7h2h 0.206008 148491 71976.5 1070190
7h2s 0.206008 148491 71976.5 1070190
7s2s 0.206008 148491 71976.5 1070190
7s2h 0.206008 148491 71976.5 1070190
5s4d 0.194241 132714 75161 1070190
5h4d 0.194241 132714 75161 1070190
5d4h 0.194234 132698 75169 1070190
5d4s 0.194234 132698 75169 1070190
5s4s 0.193788 132308 75082.5 1070190
5s4h 0.193788 132308 75082.5 1070190
5h4h 0.193788 132308 75082.5 1070190
5h4s 0.193788 132308 75082.5 1070190
5h3d 0.192643 131004 75161 1070190
5s3d 0.192643 131004 75161 1070190
5d3s 0.192636 130988 75169 1070190
5d3h 0.192636 130988 75169 1070190
6s5d 0.192285 131658 74123.5 1070190
6h5d 0.192285 131658 74123.5 1070190
6d5s 0.192268 131619 74144 1070190
6d5h 0.192268 131619 74144 1070190
5h3h 0.192191 130598 75082.5 1070190
5h3s 0.192191 130598 75082.5 1070190
5s3h 0.192191 130598 75082.5 1070190
5s3s 0.192191 130598 75082.5 1070190
6h5s 0.19182 131232 74052 1070190
6h5h 0.19182 131232 74052 1070190
6s5h 0.19182 131232 74052 1070190
6s5s 0.19182 131232 74052 1070190
5h2d 0.191046 129294 75161 1070190
5s2d 0.191046 129294 75161 1070190
5d2s 0.191038 129278 75169 1070190
5d2h 0.191038 129278 75169 1070190
5h2h 0.190593 128888 75082.5 1070190
5s2s 0.190593 128888 75082.5 1070190
5s2h 0.190593 128888 75082.5 1070190
5h2s 0.190593 128888 75082.5 1070190
6h4d 0.190353 129411 74302.5 1070190
6s4d 0.190353 129411 74302.5 1070190
6d4h 0.190333 129369 74324 1070190
6d4s 0.190333 129369 74324 1070190
6s4h 0.189888 128985 74231 1070190
6h4h 0.189888 128985 74231 1070190
6s4s 0.189888 128985 74231 1070190
6h4s 0.189888 128985 74231 1070190
6s3d 0.188755 127701 74302.5 1070190
6h3d 0.188755 127701 74302.5 1070190
6d3h 0.188736 127659 74324 1070190
6d3s 0.188736 127659 74324 1070190
6s3h 0.18829 127275 74231 1070190
6h3s 0.18829 127275 74231 1070190
6h3h 0.18829 127275 74231 1070190
6s3s 0.18829 127275 74231 1070190
4s3d 0.188255 126304 75165 1070190
4h3d 0.188255 126304 75165 1070190
4d3h 0.188255 126304 75165 1070190
4d3s 0.188255 126304 75165 1070190
4s3s 0.187814 125914 75082.5 1070190
4s3h 0.187814 125914 75082.5 1070190
4h3s 0.187814 125914 75082.5 1070190
4h3h 0.187814 125914 75082.5 1070190
6h2d 0.187157 125991 74302.5 1070190
6s2d 0.187157 125991 74302.5 1070190
6d2h 0.187138 125949 74324 1070190
6d2s 0.187138 125949 74324 1070190
6h2h 0.186692 125565 74231 1070190
6s2s 0.186692 125565 74231 1070190
6s2h 0.186692 125565 74231 1070190
6h2s 0.186692 125565 74231 1070190
4h2d 0.186658 124594 75165 1070190
4s2d 0.186658 124594 75165 1070190
4d2h 0.186658 124594 75165 1070190
4d2s 0.186658 124594 75165 1070190
4h2h 0.186216 124204 75082.5 1070190
4h2s 0.186216 124204 75082.5 1070190
4s2h 0.186216 124204 75082.5 1070190
4s2s 0.186216 124204 75082.5 1070190
3d2h 0.18506 122884 75165 1070190
3d2s 0.18506 122884 75165 1070190
3s2d 0.18506 122884 75165 1070190
3h2d 0.18506 122884 75165 1070190
3s2h 0.184618 122494 75082.5 1070190
3s2s 0.184618 122494 75082.5 1070190
3h2s 0.184618 122494 75082.5 1070190
3h2h 0.184618 122494 75082.5 1070190
