KcJc 1 1070190 0 1070190
Kc8c 0.982973 1051968 0 1070190
Kc9c 0.982973 1051968 0 1070190
Kc3c 0.98285 1051836 0 1070190
Kc2c 0.98285 1051836 0 1070190
Kc4c 0.98285 1051836 0 1070190
Kc5c 0.98285 1051836 0 1070190
Kc6c 0.98285 1051836 0 1070190
Kc7c 0.98285 1051836 0 1070190
Jc8c 0.968203 1036161 0 1070190
Jc9c 0.968203 1036161 0 1070190
Jc3c 0.966081 1033890 0 1070190
Jc4c 0.966081 1033890 0 1070190
Jc5c 0.966081 1033890 0 1070190
Jc2c 0.966081 1033890 0 1070190
Jc6c 0.96608 1033889 0 1070190
Jc7c 0.96608 1033889 0 1070190
9c8c 0.949647 1015808 495 1070190
9c6c 0.949333 1015472 495 1070190
9c7c 0.949333 1015472 495 1070190
9c3c 0.949259 1015392 495 1070190
9c2c 0.949259 1015392 495 1070190
9c4c 0.949259 1015392 495 1070190
9c5c 0.949259 1015392 495 1070190
KcJd 0.944419 994977 15730.5 1070190
KcJh 0.944419 994977 15730.5 1070190
KcJs 0.944419 994977 15730.5 1070190
8c6c 0.933848 998427 968 1070190
8c7c 0.933848 998427 968 1070190
8c5c 0.933773 998347 968 1070190
8c2c 0.933773 998347 968 1070190
8c3c 0.933773 998347 968 1070190
8c4c 0.933773 998347 968 1070190
KdJc 0.930934 980546 15730.5 1070190
KhJc 0.930934 980546 15730.5 1070190
KsJc 0.930934 980546 15730.5 1070190
7c6c 0.918464 980608 2322.5 1070190
7c2c 0.918007 979668 2774 1070190
7c3c 0.918007 979668 2774 1070190
7c5c 0.918007 979668 2774 1070190
7c4c 0.918007 979668 2774 1070190
6c3c 0.903399 962313 4496 1070190
6c4c 0.903399 962313 4496 1070190
6c2c 0.903399 962313 4496 1070190
6c5c 0.903399 962313 4496 1070190
AdKc 0.897655 947928 12733.5 1070190
AhKc 0.897655 947928 12733.5 1070190
AsKc 0.897655 947928 12733.5 1070190
5c4c 0.889789 945698 6545.5 1070190
5c2c 0.889789 945698 6545.5 1070190
5c3c 0.889789 945698 6545.5 1070190
4c2c 0.876779 929435 8885.5 1070190
4c3c 0.876779 929435 8885.5 1070190
AsJc 0.876015 921050 16452 1070190
AhJc 0.876015 921050 16452 1070190
AdJc 0.876015 921050 16452 1070190
3c2c 0.865009 914615 11108.5 1070190
KdKc 0.858047 910710 7563 1070190
KsKc 0.858047 910710 7563 1070190
KhKc 0.858047 910710 7563 1070190
KcQs 0.857237 901083 16323 1070190
KcQh 0.857237 901083 16323 1070190
KcQd 0.857237 901083 16323 1070190
QhJc 0.839316 881405 16822.5 1070190
QsJc 0.839316 881405 16822.5 1070190
QdJc 0.839316 881405 16822.5 1070190
Ah9c 0.834508 875447 17635.5 1070190
As9c 0.834508 875447 17635.5 1070190
Ad9c 0.834508 875447 17635.5 1070190
KcTs 0.820734 861312 17029.5 1070190
KcTh 0.820734 861312 17029.5 1070190
KcTd 0.820734 861312 17029.5 1070190
As8c 0.818925 857217 19188.5 1070190
Ad8c 0.818925 857217 19188.5 1070190
Ah8c 0.818925 857217 19188.5 1070190
AsAh 0.812915 846543 23430 1070190
AsAd 0.812915 846543 23430 1070190
AhAd 0.812915 846543 23430 1070190
QhQd 0.807741 840942 23494.5 1070190
QsQd 0.807741 840942 23494.5 1070190
QsQh 0.807741 840942 23494.5 1070190
TsTd 0.801887 834621 23550 1070190
TsTh 0.801887 834621 23550 1070190
ThTd 0.801887 834621 23550 1070190
JdJc 0.801474 849500 8229 1070190
JsJc 0.801474 849500 8229 1070190
JhJc 0.801474 849500 8229 1070190
Ah7c 0.800903 835759 21359 1070190
As7c 0.800903 835759 21359 1070190
Ad7c 0.800903 835759 21359 1070190
JcTh 0.799008 834671 20419.5 1070190
JcTs 0.799008 834671 20419.5 1070190
JcTd 0.799008 834671 20419.5 1070190
KsJd 0.788511 809220 34636.5 1070190
KsJh 0.788511 809220 34636.5 1070190
KhJs 0.788511 809220 34636.5 1070190
KhJh 0.788511 809220 34636.5 1070190
KhJd 0.788511 809220 34636.5 1070190
KsJs 0.788511 809220 34636.5 1070190
KdJd 0.788511 809220 34636.5 1070190
KdJh 0.788511 809220 34636.5 1070190
KdJs 0.788511 809220 34636.5 1070190
Qh9c 0.786572 823796 17985 1070190
Qs9c 0.786572 823796 17985 1070190
Qd9c 0.786572 823796 17985 1070190
As6c 0.786094 817757 23513 1070190
Ad6c 0.786094 817757 23513 1070190
Ah6c 0.786094 817757 23513 1070190
Ad5c 0.771804 800198 25778.5 1070190
As5c 0.771804 800198 25778.5 1070190
Ah5c 0.771804 800198 25778.5 1070190
Qs8c 0.770988 805566 19538 1070190
Qd8c 0.770988 805566 19538 1070190
Qh8c 0.770988 805566 19538 1070190
AdQd 0.75841 785961 25682 1070190
AsQd 0.75841 785961 25682 1070190
AsQh 0.75841 785961 25682 1070190
AsQs 0.75841 785961 25682 1070190
AdQh 0.75841 785961 25682 1070190
AdQs 0.75841 785961 25682 1070190
AhQs 0.75841 785961 25682 1070190
AhQh 0.75841 785961 25682 1070190
AhQd 0.75841 785961 25682 1070190
As4c 0.757952 782962 28190.5 1070190
Ad4c 0.757952 782962 28190.5 1070190
Ah4c 0.757952 782962 28190.5 1070190
Qh7c 0.752587 783703 21708.5 1070190
Qs7c 0.752587 783703 21708.5 1070190
Qd7c 0.752587 783703 21708.5 1070190
AhTh 0.74785 770808 29534 1070190
AdTd 0.74785 770808 29534 1070190
AdTh 0.74785 770808 29534 1070190
AdTs 0.74785 770808 29534 1070190
AsTs 0.74785 770808 29534 1070190
AsTh 0.74785 770808 29534 1070190
AsTd 0.74785 770808 29534 1070190
AhTs 0.74785 770808 29534 1070190
AhTd 0.74785 770808 29534 1070190
Ad3c 0.744471 765941 30784 1070190
Ah3c 0.744471 765941 30784 1070190
As3c 0.744471 765941 30784 1070190
Qd6c 0.737779 765701 23862.5 1070190
Qs6c 0.737779 765701 23862.5 1070190
Qh6c 0.737779 765701 23862.5 1070190
Th9c 0.736347 768005 20026.5 1070190
Td9c 0.736347 768005 20026.5 1070190
Ts9c 0.736347 768005 20026.5 1070190
Ah2c 0.731282 749015 33596 1070190
As2c 0.731282 749015 33596 1070190
Ad2c 0.731282 749015 33596 1070190
QdTd 0.72403 745218 29631.5 1070190
QdTh 0.72403 745218 29631.5 1070190
QdTs 0.72403 745218 29631.5 1070190
QhTs 0.72403 745218 29631.5 1070190
QhTh 0.72403 745218 29631.5 1070190
QsTd 0.72403 745218 29631.5 1070190
QsTh 0.72403 745218 29631.5 1070190
QsTs 0.72403 745218 29631.5 1070190
QhTd 0.72403 745218 29631.5 1070190
AhKd 0.723562 742109 32240 1070190
AdKd 0.723562 742109 32240 1070190
AdKh 0.723562 742109 32240 1070190
AdKs 0.723562 742109 32240 1070190
AsKd 0.723562 742109 32240 1070190
AsKs 0.723562 742109 32240 1070190
AhKs 0.723562 742109 32240 1070190
AhKh 0.723562 742109 32240 1070190
AsKh 0.723562 742109 32240 1070190
Qh5c 0.723488 748142 26128 1070190
Qs5c 0.723488 748142 26128 1070190
Qd5c 0.723488 748142 26128 1070190
Ts8c 0.720764 749775 21579.5 1070190
Td8c 0.720764 749775 21579.5 1070190
Th8c 0.720764 749775 21579.5 1070190
AdJh 0.714278 727258 37155.5 1070190
AdJs 0.714278 727258 37155.5 1070190
AdJd 0.714278 727258 37155.5 1070190
AhJh 0.714278 727258 37155.5 1070190
AhJd 0.714278 727258 37155.5 1070190
AhJs 0.714278 727258 37155.5 1070190
AsJd 0.714278 727258 37155.5 1070190
AsJh 0.714278 727258 37155.5 1070190
AsJs 0.714278 727258 37155.5 1070190
Qd4c 0.709637 730906 28540 1070190
Qs4c 0.709637 730906 28540 1070190
Qh4c 0.709637 730906 28540 1070190
Ts7c 0.701589 727084 23750 1070190
Th7c 0.701589 727084 23750 1070190
Td7c 0.701589 727084 23750 1070190
Qs3c 0.696155 713885 31133.5 1070190
Qh3c 0.696155 713885 31133.5 1070190
Qd3c 0.696155 713885 31133.5 1070190
Td6c 0.686781 709082 25904 1070190
Ts6c 0.686781 709082 25904 1070190
Th6c 0.686781 709082 25904 1070190
Kc9d 0.684173 704763 27432 1070190
Kc9h 0.684173 704763 27432 1070190
Kc9s 0.684173 704763 27432 1070190
Qh2c 0.682967 696959 33945.5 1070190
Qs2c 0.682967 696959 33945.5 1070190
Qd2c 0.682967 696959 33945.5 1070190
Kc8s 0.680422 699129 29052 1070190
Kc8d 0.680422 699129 29052 1070190
Kc8h 0.680422 699129 29052 1070190
9d9c 0.678603 713279 12955.5 1070190
9h9c 0.678603 713279 12955.5 1070190
9s9c 0.678603 713279 12955.5 1070190
Jc9s 0.677101 694991 29635.5 1070190
Jc9d 0.677101 694991 29635.5 1070190
Jc9h 0.677101 694991 29635.5 1070190
Kc7d 0.676803 694176 30132 1070190
Kc7h 0.676803 694176 30132 1070190
Kc7s 0.676803 694176 30132 1070190
Jc8h 0.675284 693047 29635.5 1070190
Jc8d 0.675284 693047 29635.5 1070190
Jc8s 0.675284 693047 29635.5 1070190
Kc6s 0.674807 691392 30780 1070190
Kc6h 0.674807 691392 30780 1070190
Kc6d 0.674807 691392 30780 1070190
Kc5s 0.673417 689580 31104 1070190
Kc5h 0.673417 689580 31104 1070190
Kc5d 0.673417 689580 31104 1070190
Td5c 0.67249 691523 28169.5 1070190
Th5c 0.67249 691523 28169.5 1070190
Ts5c 0.67249 691523 28169.5 1070190
Kc4s 0.67243 688416 31212 1070190
Kc4h 0.67243 688416 31212 1070190
Kc4d 0.67243 688416 31212 1070190
Kc3d 0.671645 687576 31212 1070190
Kc3h 0.671645 687576 31212 1070190
Kc3s 0.671645 687576 31212 1070190
Kc2d 0.67086 686736 31212 1070190
Kc2h 0.67086 686736 31212 1070190
Kc2s 0.67086 686736 31212 1070190
As9d 0.669797 676366 40444.5 1070190
As9h 0.669797 676366 40444.5 1070190
As9s 0.669797 676366 40444.5 1070190
Ad9s 0.669797 676366 40444.5 1070190
Ad9h 0.669797 676366 40444.5 1070190
Ad9d 0.669797 676366 40444.5 1070190
Ah9d 0.669797 676366 40444.5 1070190
Ah9h 0.669797 676366 40444.5 1070190
Ah9s 0.669797 676366 40444.5 1070190
KsKd 0.668989 690688 25257 1070190
KsKh 0.668989 690688 25257 1070190
KhKd 0.668989 690688 25257 1070190
KsQd 0.666868 676670 37005.5 1070190
KdQh 0.666868 676670 37005.5 1070190
KhQd 0.666868 676670 37005.5 1070190
KhQh 0.666868 676670 37005.5 1070190
KhQs 0.666868 676670 37005.5 1070190
KdQs 0.666868 676670 37005.5 1070190
KdQd 0.666868 676670 37005.5 1070190
KsQs 0.666868 676670 37005.5 1070190
KsQh 0.666868 676670 37005.5 1070190
Jd9c 0.666829 686265 27369 1070190
Jh9c 0.666829 686265 27369 1070190
Js9c 0.666829 686265 27369 1070190
Ad8s 0.666714 671446 42064.5 1070190
Ad8h 0.666714 671446 42064.5 1070190
Ah8s 0.666714 671446 42064.5 1070190
As8s 0.666714 671446 42064.5 1070190
Ah8h 0.666714 671446 42064.5 1070190
Ad8d 0.666714 671446 42064.5 1070190
Ah8d 0.666714 671446 42064.5 1070190
As8h 0.666714 671446 42064.5 1070190
As8d 0.666714 671446 42064.5 1070190
QdJh 0.662532 671365 37670 1070190
QsJs 0.662532 671365 37670 1070190
QsJh 0.662532 671365 37670 1070190
QsJd 0.662532 671365 37670 1070190
QhJd 0.662532 671365 37670 1070190
QhJh 0.662532 671365 37670 1070190
QhJs 0.662532 671365 37670 1070190
QdJs 0.662532 671365 37670 1070190
QdJd 0.662532 671365 37670 1070190
Ad7h 0.659932 663533 42720 1070190
Ad7d 0.659932 663533 42720 1070190
Ah7s 0.659932 663533 42720 1070190
Ad7s 0.659932 663533 42720 1070190
Ah7h 0.659932 663533 42720 1070190
As7d 0.659932 663533 42720 1070190
Ah7d 0.659932 663533 42720 1070190
As7h 0.659932 663533 42720 1070190
As7s 0.659932 663533 42720 1070190
As6s 0.658665 661529 43368 1070190
As6h 0.658665 661529 43368 1070190
As6d 0.658665 661529 43368 1070190
Ad6d 0.658665 661529 43368 1070190
Ad6h 0.658665 661529 43368 1070190
Ad6s 0.658665 661529 43368 1070190
Ah6d 0.658665 661529 43368 1070190
Ah6h 0.658665 661529 43368 1070190
Ah6s 0.658665 661529 43368 1070190
Td4c 0.658639 674287 30581.5 1070190
Th4c 0.658639 674287 30581.5 1070190
Ts4c 0.658639 674287 30581.5 1070190
As5h 0.658004 660497 43692 1070190
As5s 0.658004 660497 43692 1070190
As5d 0.658004 660497 43692 1070190
Ad5s 0.658004 660497 43692 1070190
Ah5s 0.658004 660497 43692 1070190
Ad5d 0.658004 660497 43692 1070190
Ad5h 0.658004 660497 43692 1070190
Ah5h 0.658004 660497 43692 1070190
Ah5d 0.658004 660497 43692 1070190
Kd9c 0.657923 679305 24798 1070190
Kh9c 0.657923 679305 24798 1070190
Ks9c 0.657923 679305 24798 1070190
Ad4h 0.657746 660113 43800 1070190
As4h 0.657746 660113 43800 1070190
Ah4d 0.657746 660113 43800 1070190
Ad4d 0.657746 660113 43800 1070190
Ad4s 0.657746 660113 43800 1070190
Ah4h 0.657746 660113 43800 1070190
Ah4s 0.657746 660113 43800 1070190
As4s 0.657746 660113 43800 1070190
As4d 0.657746 660113 43800 1070190
As3d 0.65769 660053 43800 1070190
As3h 0.65769 660053 43800 1070190
As3s 0.65769 660053 43800 1070190
Ad3s 0.65769 660053 43800 1070190
Ad3h 0.65769 660053 43800 1070190
Ad3d 0.65769 660053 43800 1070190
Ah3s 0.65769 660053 43800 1070190
Ah3h 0.65769 660053 43800 1070190
Ah3d 0.65769 660053 43800 1070190
Ad2s 0.657634 659993 43800 1070190
Ah2s 0.657634 659993 43800 1070190
Ah2h 0.657634 659993 43800 1070190
Ah2d 0.657634 659993 43800 1070190
Ad2d 0.657634 659993 43800 1070190
Ad2h 0.657634 659993 43800 1070190
As2d 0.657634 659993 43800 1070190
As2h 0.657634 659993 43800 1070190
As2s 0.657634 659993 43800 1070190
8h8c 0.655149 687705 13428.5 1070190
8d8c 0.655149 687705 13428.5 1070190
8s8c 0.655149 687705 13428.5 1070190
Jd8c 0.651473 669358 27842 1070190
Js8c 0.651473 669358 27842 1070190
Jh8c 0.651473 669358 27842 1070190
Th3c 0.645157 657266 33175 1070190
Td3c 0.645157 657266 33175 1070190
Ts3c 0.645157 657266 33175 1070190
Kh8c 0.640557 658762 26756 1070190
Kd8c 0.640557 658762 26756 1070190
Ks8c 0.640557 658762 26756 1070190
Th2c 0.631969 640340 35987 1070190
Td2c 0.631969 640340 35987 1070190
Ts2c 0.631969 640340 35987 1070190
7s7c 0.624334 653272 14883.5 1070190
7h7c 0.624334 653272 14883.5 1070190
7d7c 0.624334 653272 14883.5 1070190
Kh7c 0.622943 637115 29552 1070190
Kd7c 0.622943 637115 29552 1070190
Ks7c 0.622943 637115 29552 1070190
Jc7h 0.62052 631730 32344.5 1070190
Jc7d 0.62052 631730 32344.5 1070190
Jc7s 0.62052 631730 32344.5 1070190
Jc6s 0.618524 628946 32992.5 1070190
Jc6h 0.618524 628946 32992.5 1070190
Jc6d 0.618524 628946 32992.5 1070190
Jc5d 0.617168 627170 33316.5 1070190
Jc5h 0.617168 627170 33316.5 1070190
Jc5s 0.617168 627170 33316.5 1070190
Jc4d 0.616181 626006 33424.5 1070190
Jc4s 0.616181 626006 33424.5 1070190
Jc4h 0.616181 626006 33424.5 1070190
Jc3h 0.615396 625166 33424.5 1070190
Jc3d 0.615396 625166 33424.5 1070190
Jc3s 0.615396 625166 33424.5 1070190
KdTd 0.615127 620675 37628 1070190
KdTh 0.615127 620675 37628 1070190
KdTs 0.615127 620675 37628 1070190
KhTd 0.615127 620675 37628 1070190
KsTs 0.615127 620675 37628 1070190
KhTh 0.615127 620675 37628 1070190
KhTs 0.615127 620675 37628 1070190
KsTh 0.615127 620675 37628 1070190
KsTd 0.615127 620675 37628 1070190
Jc2s 0.614611 624326 33424.5 1070190
Jc2h 0.614611 624326 33424.5 1070190
Jc2d 0.614611 624326 33424.5 1070190
JsJh 0.611594 628575 25947 1070190
JsJd 0.611594 628575 25947 1070190
JhJd 0.611594 628575 25947 1070190
JsTd 0.606997 607699 41903 1070190
JsTh 0.606997 607699 41903 1070190
JhTh 0.606997 607699 41903 1070190
JsTs 0.606997 607699 41903 1070190
JhTd 0.606997 607699 41903 1070190
JhTs 0.606997 607699 41903 1070190
JdTs 0.606997 607699 41903 1070190
JdTh 0.606997 607699 41903 1070190
JdTd 0.606997 607699 41903 1070190
Ks6c 0.606713 617430 31868 1070190
Kd6c 0.606713 617430 31868 1070190
Kh6c 0.606713 617430 31868 1070190
Qh9s 0.602165 603523 40908 1070190
Qh9h 0.602165 603523 40908 1070190
Qh9d 0.602165 603523 40908 1070190
Qd9s 0.602165 603523 40908 1070190
Qd9h 0.602165 603523 40908 1070190
Qd9d 0.602165 603523 40908 1070190
Qs9s 0.602165 603523 40908 1070190
Qs9h 0.602165 603523 40908 1070190
Qs9d 0.602165 603523 40908 1070190
6s6c 0.599837 625334 16605.5 1070190
6h6c 0.599837 625334 16605.5 1070190
6d6c 0.599837 625334 16605.5 1070190
Qh8s 0.599081 598603 42528 1070190
Qs8d 0.599081 598603 42528 1070190
Qs8h 0.599081 598603 42528 1070190
Qs8s 0.599081 598603 42528 1070190
Qd8d 0.599081 598603 42528 1070190
Qd8h 0.599081 598603 42528 1070190
Qd8s 0.599081 598603 42528 1070190
Qh8d 0.599081 598603 42528 1070190
Qh8h 0.599081 598603 42528 1070190
Qs7s 0.591737 590087 43183.5 1070190
Qs7h 0.591737 590087 43183.5 1070190
Qs7d 0.591737 590087 43183.5 1070190
Qh7d 0.591737 590087 43183.5 1070190
Qh7h 0.591737 590087 43183.5 1070190
Qh7s 0.591737 590087 43183.5 1070190
Qd7s 0.591737 590087 43183.5 1070190
Qd7h 0.591737 590087 43183.5 1070190
Qd7d 0.591737 590087 43183.5 1070190
Kh5c 0.591153 598431 34214.5 1070190
Ks5c 0.591153 598431 34214.5 1070190
Kd5c 0.591153 598431 34214.5 1070190
Qs6h 0.590469 588083 43831.5 1070190
Qh6s 0.590469 588083 43831.5 1070190
Qh6h 0.590469 588083 43831.5 1070190
Qs6s 0.590469 588083 43831.5 1070190
Qs6d 0.590469 588083 43831.5 1070190
Qh6d 0.590469 588083 43831.5 1070190
Qd6s 0.590469 588083 43831.5 1070190
Qd6h 0.590469 588083 43831.5 1070190
Qd6d 0.590469 588083 43831.5 1070190
Qh5h 0.589808 587051 44155.5 1070190
Qs5s 0.589808 587051 44155.5 1070190
Qs5d 0.589808 587051 44155.5 1070190
Qd5s 0.589808 587051 44155.5 1070190
Qd5h 0.589808 587051 44155.5 1070190
Qd5d 0.589808 587051 44155.5 1070190
Qs5h 0.589808 587051 44155.5 1070190
Qh5d 0.589808 587051 44155.5 1070190
Qh5s 0.589808 587051 44155.5 1070190
Qh4s 0.58955 586667 44263.5 1070190
Qh4h 0.58955 586667 44263.5 1070190
Qh4d 0.58955 586667 44263.5 1070190
Qd4d 0.58955 586667 44263.5 1070190
Qd4h 0.58955 586667 44263.5 1070190
Qd4s 0.58955 586667 44263.5 1070190
Qs4d 0.58955 586667 44263.5 1070190
Qs4s 0.58955 586667 44263.5 1070190
Qs4h 0.58955 586667 44263.5 1070190
Qh3s 0.589494 586607 44263.5 1070190
Qd3s 0.589494 586607 44263.5 1070190
Qd3h 0.589494 586607 44263.5 1070190
Qd3d 0.589494 586607 44263.5 1070190
Qh3h 0.589494 586607 44263.5 1070190
Qh3d 0.589494 586607 44263.5 1070190
Qs3d 0.589494 586607 44263.5 1070190
Qs3h 0.589494 586607 44263.5 1070190
Qs3s 0.589494 586607 44263.5 1070190
Qh2s 0.589438 586547 44263.5 1070190
Qh2h 0.589438 586547 44263.5 1070190
Qh2d 0.589438 586547 44263.5 1070190
Qs2d 0.589438 586547 44263.5 1070190
Qs2h 0.589438 586547 44263.5 1070190
Qd2d 0.589438 586547 44263.5 1070190
Qd2h 0.589438 586547 44263.5 1070190
Qd2s 0.589438 586547 44263.5 1070190
Qs2s 0.589438 586547 44263.5 1070190
Js7c 0.582633 591503 32025.5 1070190
Jh7c 0.582633 591503 32025.5 1070190
Jd7c 0.582633 591503 32025.5 1070190
Kd4c 0.576132 579917 36653.5 1070190
Ks4c 0.576132 579917 36653.5 1070190
Kh4c 0.576132 579917 36653.5 1070190
5s5c 0.575455 597191 18655 1070190
5h5c 0.575455 597191 18655 1070190
5d5c 0.575455 597191 18655 1070190
Jd6c 0.566404 571818 34341.5 1070190
Jh6c 0.566404 571818 34341.5 1070190
Js6c 0.566404 571818 34341.5 1070190
9c8d 0.566403 570795 35364 1070190
9c8h 0.566403 570795 35364 1070190
9c8s 0.566403 570795 35364 1070190
Kh3c 0.561532 561699 39247 1070190
Ks3c 0.561532 561699 39247 1070190
Kd3c 0.561532 561699 39247 1070190
9d8c 0.553309 556849 35297 1070190
9s8c 0.553309 556849 35297 1070190
9h8c 0.553309 556849 35297 1070190
4s4c 0.551242 568939 20995 1070190
4h4c 0.551242 568939 20995 1070190
4d4c 0.551242 568939 20995 1070190
Jh5c 0.550869 552846 36688 1070190
Js5c 0.550869 552846 36688 1070190
Jd5c 0.550869 552846 36688 1070190
Kd2c 0.547225 543576 42059 1070190
Ks2c 0.547225 543576 42059 1070190
Kh2c 0.547225 543576 42059 1070190
Jh4c 0.535848 534332 39127 1070190
Jd4c 0.535848 534332 39127 1070190
Js4c 0.535848 534332 39127 1070190
Ts9h 0.532877 527389 42891 1070190
Ts9s 0.532877 527389 42891 1070190
Ts9d 0.532877 527389 42891 1070190
Td9d 0.532877 527389 42891 1070190
Td9h 0.532877 527389 42891 1070190
Td9s 0.532877 527389 42891 1070190
Th9s 0.532877 527389 42891 1070190
Th9h 0.532877 527389 42891 1070190
Th9d 0.532877 527389 42891 1070190
Th8h 0.529794 522469 44511 1070190
Ts8s 0.529794 522469 44511 1070190
Ts8d 0.529794 522469 44511 1070190
Th8s 0.529794 522469 44511 1070190
Td8d 0.529794 522469 44511 1070190
Th8d 0.529794 522469 44511 1070190
Ts8h 0.529794 522469 44511 1070190
Td8s 0.529794 522469 44511 1070190
Td8h 0.529794 522469 44511 1070190
3d3c 0.527266 540686 23588.5 1070190
3h3c 0.527266 540686 23588.5 1070190
3s3c 0.527266 540686 23588.5 1070190
Ts7d 0.521319 512744 45166.5 1070190
Ts7h 0.521319 512744 45166.5 1070190
Ts7s 0.521319 512744 45166.5 1070190
Th7d 0.521319 512744 45166.5 1070190
Th7h 0.521319 512744 45166.5 1070190
Th7s 0.521319 512744 45166.5 1070190
Td7s 0.521319 512744 45166.5 1070190
Td7h 0.521319 512744 45166.5 1070190
Td7d 0.521319 512744 45166.5 1070190
Js3c 0.521248 516114 41720.5 1070190
Jd3c 0.521248 516114 41720.5 1070190
Jh3c 0.521248 516114 41720.5 1070190
Ts6d 0.520052 510740 45814.5 1070190
Ts6s 0.520052 510740 45814.5 1070190
Ts6h 0.520052 510740 45814.5 1070190
Th6s 0.520052 510740 45814.5 1070190
Td6d 0.520052 510740 45814.5 1070190
Td6h 0.520052 510740 45814.5 1070190
Td6s 0.520052 510740 45814.5 1070190
Th6h 0.520052 510740 45814.5 1070190
Th6d 0.520052 510740 45814.5 1070190
Ts5s 0.51939 509708 46138.5 1070190
Ts5h 0.51939 509708 46138.5 1070190
Ts5d 0.51939 509708 46138.5 1070190
Th5s 0.51939 509708 46138.5 1070190
Th5h 0.51939 509708 46138.5 1070190
Td5s 0.51939 509708 46138.5 1070190
Td5d 0.51939 509708 46138.5 1070190
Th5d 0.51939 509708 46138.5 1070190
Td5h 0.51939 509708 46138.5 1070190
Td4s 0.519133 509324 46246.5 1070190
Ts4d 0.519133 509324 46246.5 1070190
Th4d 0.519133 509324 46246.5 1070190
Th4h 0.519133 509324 46246.5 1070190
Th4s 0.519133 509324 46246.5 1070190
Ts4h 0.519133 509324 46246.5 1070190
Ts4s 0.519133 509324 46246.5 1070190
Td4h 0.519133 509324 46246.5 1070190
Td4d 0.519133 509324 46246.5 1070190
Ts3d 0.519077 509264 46246.5 1070190
Ts3h 0.519077 509264 46246.5 1070190
Ts3s 0.519077 509264 46246.5 1070190
Th3d 0.519077 509264 46246.5 1070190
Td3d 0.519077 509264 46246.5 1070190
Td3h 0.519077 509264 46246.5 1070190
Th3h 0.519077 509264 46246.5 1070190
Td3s 0.519077 509264 46246.5 1070190
Th3s 0.519077 509264 46246.5 1070190
Ts2s 0.51902 509204 46246.5 1070190
Td2d 0.51902 509204 46246.5 1070190
Td2h 0.51902 509204 46246.5 1070190
Td2s 0.51902 509204 46246.5 1070190
Ts2h 0.51902 509204 46246.5 1070190
Ts2d 0.51902 509204 46246.5 1070190
Th2s 0.51902 509204 46246.5 1070190
Th2h 0.51902 509204 46246.5 1070190
Th2d 0.51902 509204 46246.5 1070190
9c7d 0.517778 511557 42564 1070190
9c7h 0.517778 511557 42564 1070190
9c7s 0.517778 511557 42564 1070190
9c6s 0.515749 508737 43212 1070190
9c6h 0.515749 508737 43212 1070190
9c6d 0.515749 508737 43212 1070190
9c5s 0.508085 500103 43644 1070190
9c5d 0.508085 500103 43644 1070190
9c5h 0.508085 500103 43644 1070190
9c4h 0.507064 498903 43752 1070190
9c4d 0.507064 498903 43752 1070190
9c4s 0.507064 498903 43752 1070190
Jh2c 0.506941 497991 44532.5 1070190
Jd2c 0.506941 497991 44532.5 1070190
Js2c 0.506941 497991 44532.5 1070190
9c3h 0.506246 498027 43752 1070190
9c3d 0.506246 498027 43752 1070190
9c3s 0.506246 498027 43752 1070190
9c2s 0.505427 497151 43752 1070190
9c2h 0.505427 497151 43752 1070190
9c2d 0.505427 497151 43752 1070190
2d2c 0.503582 512528 26400.5 1070190
2h2c 0.503582 512528 26400.5 1070190
2s2c 0.503582 512528 26400.5 1070190
9d7c 0.490998 481322 44139.5 1070190
9h7c 0.490998 481322 44139.5 1070190
9s7c 0.490998 481322 44139.5 1070190
8c7s 0.479093 467074 45647 1070190
8c7h 0.479093 467074 45647 1070190
8c7d 0.479093 467074 45647 1070190
8c6s 0.477064 464254 46295 1070190
8c6h 0.477064 464254 46295 1070190
8c6d 0.477064 464254 46295 1070190
9d6c 0.474718 461583 46455.5 1070190
9s6c 0.474718 461583 46455.5 1070190
9h6c 0.474718 461583 46455.5 1070190
8c5s 0.4694 455620 46727 1070190
8c5h 0.4694 455620 46727 1070190
8c5d 0.4694 455620 46727 1070190
8c4s 0.468379 454420 46835 1070190
8c4h 0.468379 454420 46835 1070190
8c4d 0.468379 454420 46835 1070190
8c3h 0.467561 453544 46835 1070190
8c3d 0.467561 453544 46835 1070190
8c3s 0.467561 453544 46835 1070190
8c2d 0.466742 452668 46835 1070190
8c2h 0.466742 452668 46835 1070190
8c2s 0.466742 452668 46835 1070190
8h7c 0.465887 451658 46929.5 1070190
8d7c 0.465887 451658 46929.5 1070190
8s7c 0.465887 451658 46929.5 1070190
9s9d 0.458447 459076 31549.5 1070190
9s9h 0.458447 459076 31549.5 1070190
9h9d 0.458447 459076 31549.5 1070190
Js9h 0.456336 438802 49564 1070190
Jd9d 0.456336 438802 49564 1070190
Js9d 0.456336 438802 49564 1070190
Jd9h 0.456336 438802 49564 1070190
Jd9s 0.456336 438802 49564 1070190
Js9s 0.456336 438802 49564 1070190
Jh9s 0.456336 438802 49564 1070190
Jh9h 0.456336 438802 49564 1070190
Jh9d 0.456336 438802 49564 1070190
Jh8d 0.454032 436336 49564 1070190
Jd8s 0.454032 436336 49564 1070190
Jd8h 0.454032 436336 49564 1070190
Jd8d 0.454032 436336 49564 1070190
Jh8h 0.454032 436336 49564 1070190
Jh8s 0.454032 436336 49564 1070190
Js8s 0.454032 436336 49564 1070190
Js8d 0.454032 436336 49564 1070190
Js8h 0.454032 436336 49564 1070190
9d5c 0.452859 435744 48901 1070190
9h5c 0.452859 435744 48901 1070190
9s5c 0.452859 435744 48901 1070190
8d6c 0.449607 431919 49245.5 1070190
8s6c 0.449607 431919 49245.5 1070190
8h6c 0.449607 431919 49245.5 1070190
8s8d 0.445123 444817 31549.5 1070190
8s8h 0.445123 444817 31549.5 1070190
8h8d 0.445123 444817 31549.5 1070190
7c6d 0.439569 420278 50144 1070190
7c6h 0.439569 420278 50144 1070190
7c6s 0.439569 420278 50144 1070190
Kh9d 0.438736 422268 47262.5 1070190
Kd9d 0.438736 422268 47262.5 1070190
Kh9h 0.438736 422268 47262.5 1070190
Kh9s 0.438736 422268 47262.5 1070190
Ks9d 0.438736 422268 47262.5 1070190
Ks9h 0.438736 422268 47262.5 1070190
Ks9s 0.438736 422268 47262.5 1070190
Kd9h 0.438736 422268 47262.5 1070190
Kd9s 0.438736 422268 47262.5 1070190
9h4c 0.437788 417176 51340 1070190
9s4c 0.437788 417176 51340 1070190
9d4c 0.437788 417176 51340 1070190
Ks8s 0.4339 415068 49287.5 1070190
Ks8h 0.4339 415068 49287.5 1070190
Kd8h 0.4339 415068 49287.5 1070190
Kh8s 0.4339 415068 49287.5 1070190
Kd8s 0.4339 415068 49287.5 1070190
Ks8d 0.4339 415068 49287.5 1070190
Kd8d 0.4339 415068 49287.5 1070190
Kh8d 0.4339 415068 49287.5 1070190
Kh8h 0.4339 415068 49287.5 1070190
7c5d 0.432527 411653 51233 1070190
7c5s 0.432527 411653 51233 1070190
7c5h 0.432527 411653 51233 1070190
7c4s 0.431507 410453 51341 1070190
7c4h 0.431507 410453 51341 1070190
7c4d 0.431507 410453 51341 1070190
7c3s 0.430688 409577 51341 1070190
7c3h 0.430688 409577 51341 1070190
7c3d 0.430688 409577 51341 1070190
7c2d 0.429869 408701 51341 1070190
7c2h 0.429869 408701 51341 1070190
7c2s 0.429869 408701 51341 1070190
Kd7d 0.429227 408717 50637.5 1070190
Kh7h 0.429227 408717 50637.5 1070190
Ks7d 0.429227 408717 50637.5 1070190
Kh7s 0.429227 408717 50637.5 1070190
Kh7d 0.429227 408717 50637.5 1070190
Kd7h 0.429227 408717 50637.5 1070190
Ks7h 0.429227 408717 50637.5 1070190
Ks7s 0.429227 408717 50637.5 1070190
Kd7s 0.429227 408717 50637.5 1070190
8d5c 0.427747 406080 51691 1070190
8s5c 0.427747 406080 51691 1070190
8h5c 0.427747 406080 51691 1070190
Kh6d 0.426567 405060 51447.5 1070190
Ks6d 0.426567 405060 51447.5 1070190
Ks6h 0.426567 405060 51447.5 1070190
Kh6s 0.426567 405060 51447.5 1070190
Kd6s 0.426567 405060 51447.5 1070190
Kd6h 0.426567 405060 51447.5 1070190
Ks6s 0.426567 405060 51447.5 1070190
Kd6d 0.426567 405060 51447.5 1070190
Kh6h 0.426567 405060 51447.5 1070190
7d6c 0.425879 404283 51488 1070190
7h6c 0.425879 404283 51488 1070190
7s6c 0.425879 404283 51488 1070190
Kd5d 0.424663 402618 51852.5 1070190
Ks5d 0.424663 402618 51852.5 1070190
Kd5s 0.424663 402618 51852.5 1070190
Kh5d 0.424663 402618 51852.5 1070190
Kh5s 0.424663 402618 51852.5 1070190
Ks5s 0.424663 402618 51852.5 1070190
Kh5h 0.424663 402618 51852.5 1070190
Ks5h 0.424663 402618 51852.5 1070190
Kd5h 0.424663 402618 51852.5 1070190
Kh4h 0.423265 400986 51987.5 1070190
Ks4s 0.423265 400986 51987.5 1070190
Kh4s 0.423265 400986 51987.5 1070190
Kh4d 0.423265 400986 51987.5 1070190
Kd4d 0.423265 400986 51987.5 1070190
Ks4h 0.423265 400986 51987.5 1070190
Ks4d 0.423265 400986 51987.5 1070190
Kd4s 0.423265 400986 51987.5 1070190
Kd4h 0.423265 400986 51987.5 1070190
9h3c 0.423137 398904 53933.5 1070190
9d3c 0.423137 398904 53933.5 1070190
9s3c 0.423137 398904 53933.5 1070190
Kd3s 0.422118 399759 51987.5 1070190
Kh3d 0.422118 399759 51987.5 1070190
Kh3h 0.422118 399759 51987.5 1070190
Kd3h 0.422118 399759 51987.5 1070190
Kh3s 0.422118 399759 51987.5 1070190
Ks3d 0.422118 399759 51987.5 1070190
Kd3d 0.422118 399759 51987.5 1070190
Ks3h 0.422118 399759 51987.5 1070190
Ks3s 0.422118 399759 51987.5 1070190
7s7h 0.421311 419744 31138.5 1070190
7h7d 0.421311 419744 31138.5 1070190
7s7d 0.421311 419744 31138.5 1070190
Ks2d 0.420972 398532 51987.5 1070190
Ks2s 0.420972 398532 51987.5 1070190
Kh2s 0.420972 398532 51987.5 1070190
Ks2h 0.420972 398532 51987.5 1070190
Kh2d 0.420972 398532 51987.5 1070190
Kh2h 0.420972 398532 51987.5 1070190
Kd2d 0.420972 398532 51987.5 1070190
Kd2h 0.420972 398532 51987.5 1070190
Kd2s 0.420972 398532 51987.5 1070190
8s4c 0.412676 387512 54130 1070190
8d4c 0.412676 387512 54130 1070190
8h4c 0.412676 387512 54130 1070190
9s2c 0.40878 380727 56745.5 1070190
9d2c 0.40878 380727 56745.5 1070190
9h2c 0.40878 380727 56745.5 1070190
6s6d 0.407124 404561 31138.5 1070190
6h6d 0.407124 404561 31138.5 1070190
6s6h 0.407124 404561 31138.5 1070190
6c5s 0.406105 380331 54278 1070190
6c5h 0.406105 380331 54278 1070190
6c5d 0.406105 380331 54278 1070190
6c4d 0.405084 379131 54386 1070190
6c4h 0.405084 379131 54386 1070190
6c4s 0.405084 379131 54386 1070190
7h5c 0.404629 378426 54604 1070190
7s5c 0.404629 378426 54604 1070190
7d5c 0.404629 378426 54604 1070190
6c3s 0.404266 378255 54386 1070190
6c3h 0.404266 378255 54386 1070190
6c3d 0.404266 378255 54386 1070190
6c2s 0.403447 377379 54386 1070190
6c2h 0.403447 377379 54386 1070190
6c2d 0.403447 377379 54386 1070190
8s3c 0.398026 369240 56723.5 1070190
8d3c 0.398026 369240 56723.5 1070190
8h3c 0.398026 369240 56723.5 1070190
5s5h 0.392936 389378 31138.5 1070190
5s5d 0.392936 389378 31138.5 1070190
5h5d 0.392936 389378 31138.5 1070190
5c4d 0.392698 363372 56890 1070190
5c4h 0.392698 363372 56890 1070190
5c4s 0.392698 363372 56890 1070190
6h5c 0.392356 363780 56116 1070190
6s5c 0.392356 363780 56116 1070190
6d5c 0.392356 363780 56116 1070190
5c3d 0.39188 362496 56890 1070190
5c3h 0.39188 362496 56890 1070190
5c3s 0.39188 362496 56890 1070190
5c2d 0.391061 361620 56890 1070190
5c2h 0.391061 361620 56890 1070190
5c2s 0.391061 361620 56890 1070190
7s4c 0.389558 359858 57043 1070190
7h4c 0.389558 359858 57043 1070190
7d4c 0.389558 359858 57043 1070190
8h2c 0.383669 351063 59535.5 1070190
8s2c 0.383669 351063 59535.5 1070190
8d2c 0.383669 351063 59535.5 1070190
5h4c 0.379015 346469 59149 1070190
5d4c 0.379015 346469 59149 1070190
5s4c 0.379015 346469 59149 1070190
Jh7s 0.378755 352431 52908.5 1070190
Jd7d 0.378755 352431 52908.5 1070190
Jd7s 0.378755 352431 52908.5 1070190
Jd7h 0.378755 352431 52908.5 1070190
Jh7d 0.378755 352431 52908.5 1070190
Jh7h 0.378755 352431 52908.5 1070190
Js7d 0.378755 352431 52908.5 1070190
Js7h 0.378755 352431 52908.5 1070190
Js7s 0.378755 352431 52908.5 1070190
4s4h 0.378749 374195 31138.5 1070190
4s4d 0.378749 374195 31138.5 1070190
4h4d 0.378749 374195 31138.5 1070190
6s4c 0.377285 345212 58555 1070190
6h4c 0.377285 345212 58555 1070190
6d4c 0.377285 345212 58555 1070190
Jd6h 0.376094 348774 53718.5 1070190
Jh6d 0.376094 348774 53718.5 1070190
Jd6d 0.376094 348774 53718.5 1070190
Js6s 0.376094 348774 53718.5 1070190
Jd6s 0.376094 348774 53718.5 1070190
Jh6h 0.376094 348774 53718.5 1070190
Jh6s 0.376094 348774 53718.5 1070190
Js6d 0.376094 348774 53718.5 1070190
Js6h 0.376094 348774 53718.5 1070190
4c3h 0.375291 342443 59189.5 1070190
4c3d 0.375291 342443 59189.5 1070190
4c3s 0.375291 342443 59189.5 1070190
7s3c 0.374908 341586 59636.5 1070190
7h3c 0.374908 341586 59636.5 1070190
7d3c 0.374908 341586 59636.5 1070190
4c2s 0.374472 341567 59189.5 1070190
4c2h 0.374472 341567 59189.5 1070190
4c2d 0.374472 341567 59189.5 1070190
Jh5d 0.374241 346386 54123.5 1070190
Js5s 0.374241 346386 54123.5 1070190
Js5d 0.374241 346386 54123.5 1070190
Js5h 0.374241 346386 54123.5 1070190
Jd5h 0.374241 346386 54123.5 1070190
Jd5d 0.374241 346386 54123.5 1070190
Jh5h 0.374241 346386 54123.5 1070190
Jh5s 0.374241 346386 54123.5 1070190
Jd5s 0.374241 346386 54123.5 1070190
Jh4s 0.372843 344754 54258.5 1070190
Js4d 0.372843 344754 54258.5 1070190
Jd4d 0.372843 344754 54258.5 1070190
Js4h 0.372843 344754 54258.5 1070190
Jd4h 0.372843 344754 54258.5 1070190
Js4s 0.372843 344754 54258.5 1070190
Jd4s 0.372843 344754 54258.5 1070190
Jh4d 0.372843 344754 54258.5 1070190
Jh4h 0.372843 344754 54258.5 1070190
Js3h 0.371696 343527 54258.5 1070190
Js3d 0.371696 343527 54258.5 1070190
Js3s 0.371696 343527 54258.5 1070190
Jh3d 0.371696 343527 54258.5 1070190
Jd3h 0.371696 343527 54258.5 1070190
Jh3h 0.371696 343527 54258.5 1070190
Jd3d 0.371696 343527 54258.5 1070190
Jh3s 0.371696 343527 54258.5 1070190
Jd3s 0.371696 343527 54258.5 1070190
Jd2s 0.37055 342300 54258.5 1070190
Jd2h 0.37055 342300 54258.5 1070190
Jd2d 0.37055 342300 54258.5 1070190
Js2d 0.37055 342300 54258.5 1070190
Js2s 0.37055 342300 54258.5 1070190
Js2h 0.37055 342300 54258.5 1070190
Jh2d 0.37055 342300 54258.5 1070190
Jh2h 0.37055 342300 54258.5 1070190
Jh2s 0.37055 342300 54258.5 1070190
3s3h 0.364562 359012 31138.5 1070190
3s3d 0.364562 359012 31138.5 1070190
3h3d 0.364562 359012 31138.5 1070190
5s3c 0.364365 328197 61742.5 1070190
5h3c 0.364365 328197 61742.5 1070190
5d3c 0.364365 328197 61742.5 1070190
6h3c 0.362635 326940 61148.5 1070190
6d3c 0.362635 326940 61148.5 1070190
6s3c 0.362635 326940 61148.5 1070190
4d3c 0.361768 325377 61783 1070190
4s3c 0.361768 325377 61783 1070190
4h3c 0.361768 325377 61783 1070190
7d2c 0.36055 323409 62448.5 1070190
7h2c 0.36055 323409 62448.5 1070190
7s2c 0.36055 323409 62448.5 1070190
3c2s 0.359822 323295 61783 1070190
3c2d 0.359822 323295 61783 1070190
3c2h 0.359822 323295 61783 1070190
2s2h 0.350375 343829 31138.5 1070190
2s2d 0.350375 343829 31138.5 1070190
2h2d 0.350375 343829 31138.5 1070190
5s2c 0.350007 310020 64554.5 1070190
5h2c 0.350007 310020 64554.5 1070190
5d2c 0.350007 310020 64554.5 1070190
6h2c 0.348278 308763 63960.5 1070190
6d2c 0.348278 308763 63960.5 1070190
6s2c 0.348278 308763 63960.5 1070190
4h2c 0.34741 307200 64595 1070190
4s2c 0.34741 307200 64595 1070190
4d2c 0.34741 307200 64595 1070190
3s2c 0.346592 306324 64595 1070190
3d2c 0.346592 306324 64595 1070190
3h2c 0.346592 306324 64595 1070190
9s8d 0.324199 289026 57929 1070190
9d8d 0.324199 289026 57929 1070190
9d8h 0.324199 289026 57929 1070190
9d8s 0.324199 289026 57929 1070190
9s8h 0.324199 289026 57929 1070190
9s8s 0.324199 289026 57929 1070190
9h8d 0.324199 289026 57929 1070190
9h8s 0.324199 289026 57929 1070190
9h8h 0.324199 289026 57929 1070190
9s7s 0.25805 209336 66826.5 1070190
9d7s 0.25805 209336 66826.5 1070190
9s7h 0.25805 209336 66826.5 1070190
9s7d 0.25805 209336 66826.5 1070190
9d7h 0.25805 209336 66826.5 1070190
9h7h 0.25805 209336 66826.5 1070190
9h7s 0.25805 209336 66826.5 1070190
9d7d 0.25805 209336 66826.5 1070190
9h7d 0.25805 209336 66826.5 1070190
9d6d 0.255342 205628 67636.5 1070190
9d6h 0.255342 205628 67636.5 1070190
9s6d 0.255342 205628 67636.5 1070190
9h6d 0.255342 205628 67636.5 1070190
9h6s 0.255342 205628 67636.5 1070190
9d6s 0.255342 205628 67636.5 1070190
9s6h 0.255342 205628 67636.5 1070190
9s6s 0.255342 205628 67636.5 1070190
9h6h 0.255342 205628 67636.5 1070190
9s5d 0.244367 193343 68176.5 1070190
9s5h 0.244367 193343 68176.5 1070190
9s5s 0.244367 193343 68176.5 1070190
9h5s 0.244367 193343 68176.5 1070190
9h5h 0.244367 193343 68176.5 1070190
9h5d 0.244367 193343 68176.5 1070190
9d5s 0.244367 193343 68176.5 1070190
9d5h 0.244367 193343 68176.5 1070190
9d5d 0.244367 193343 68176.5 1070190
9s4s 0.242921 191660 68311.5 1070190
9d4s 0.242921 191660 68311.5 1070190
9d4h 0.242921 191660 68311.5 1070190
9d4d 0.242921 191660 68311.5 1070190
9s4h 0.242921 191660 68311.5 1070190
9h4s 0.242921 191660 68311.5 1070190
9h4h 0.242921 191660 68311.5 1070190
9s4d 0.242921 191660 68311.5 1070190
9h4d 0.242921 191660 68311.5 1070190
9d3d 0.241727 190382 68311.5 1070190
9h3s 0.241727 190382 68311.5 1070190
9s3s 0.241727 190382 68311.5 1070190
9s3h 0.241727 190382 68311.5 1070190
9s3d 0.241727 190382 68311.5 1070190
9d3h 0.241727 190382 68311.5 1070190
9h3h 0.241727 190382 68311.5 1070190
9h3d 0.241727 190382 68311.5 1070190
9d3s 0.241727 190382 68311.5 1070190
9h2d 0.240533 189104 68311.5 1070190
9s2s 0.240533 189104 68311.5 1070190
9s2h 0.240533 189104 68311.5 1070190
9s2d 0.240533 189104 68311.5 1070190
9h2h 0.240533 189104 68311.5 1070190
9d2h 0.240533 189104 68311.5 1070190
9d2s 0.240533 189104 68311.5 1070190
9h2s 0.240533 189104 68311.5 1070190
9d2d 0.240533 189104 68311.5 1070190
8h7s 0.225967 171626 70201.5 1070190
8h7d 0.225967 171626 70201.5 1070190
8d7d 0.225967 171626 70201.5 1070190
8d7h 0.225967 171626 70201.5 1070190
8h7h 0.225967 171626 70201.5 1070190
8d7s 0.225967 171626 70201.5 1070190
8s7s 0.225967 171626 70201.5 1070190
8s7h 0.225967 171626 70201.5 1070190
8s7d 0.225967 171626 70201.5 1070190
8s6d 0.223259 167918 71011.5 1070190
8h6h 0.223259 167918 71011.5 1070190
8h6d 0.223259 167918 71011.5 1070190
8h6s 0.223259 167918 71011.5 1070190
8d6s 0.223259 167918 71011.5 1070190
8d6h 0.223259 167918 71011.5 1070190
8d6d 0.223259 167918 71011.5 1070190
8s6s 0.223259 167918 71011.5 1070190
8s6h 0.223259 167918 71011.5 1070190
8d5s 0.212284 155633 71551.5 1070190
8d5h 0.212284 155633 71551.5 1070190
8d5d 0.212284 155633 71551.5 1070190
8s5d 0.212284 155633 71551.5 1070190
8s5h 0.212284 155633 71551.5 1070190
8s5s 0.212284 155633 71551.5 1070190
8h5s 0.212284 155633 71551.5 1070190
8h5h 0.212284 155633 71551.5 1070190
8h5d 0.212284 155633 71551.5 1070190
8h4s 0.210838 153950 71686.5 1070190
8h4h 0.210838 153950 71686.5 1070190
8h4d 0.210838 153950 71686.5 1070190
8s4s 0.210838 153950 71686.5 1070190
8s4h 0.210838 153950 71686.5 1070190
8s4d 0.210838 153950 71686.5 1070190
8d4d 0.210838 153950 71686.5 1070190
8d4h 0.210838 153950 71686.5 1070190
8d4s 0.210838 153950 71686.5 1070190
8s3s 0.209644 152672 71686.5 1070190
8s3h 0.209644 152672 71686.5 1070190
8s3d 0.209644 152672 71686.5 1070190
8d3d 0.209644 152672 71686.5 1070190
8d3h 0.209644 152672 71686.5 1070190
8d3s 0.209644 152672 71686.5 1070190
8h3s 0.209644 152672 71686.5 1070190
8h3h 0.209644 152672 71686.5 1070190
8h3d 0.209644 152672 71686.5 1070190
8d2h 0.208449 151394 71686.5 1070190
8h2s 0.208449 151394 71686.5 1070190
8h2h 0.208449 151394 71686.5 1070190
8s2s 0.208449 151394 71686.5 1070190
8s2h 0.208449 151394 71686.5 1070190
8d2d 0.208449 151394 71686.5 1070190
8d2s 0.208449 151394 71686.5 1070190
8s2d 0.208449 151394 71686.5 1070190
8h2d 0.208449 151394 71686.5 1070190
7h6s 0.191999 131711 73764 1070190
7s6s 0.191999 131711 73764 1070190
7s6h 0.191999 131711 73764 1070190
7d6s 0.191999 131711 73764 1070190
7s6d 0.191999 131711 73764 1070190
7d6d 0.191999 131711 73764 1070190
7d6h 0.191999 131711 73764 1070190
7h6h 0.191999 131711 73764 1070190
7h6d 0.191999 131711 73764 1070190
7s5d 0.181928 119489 75208.5 1070190
7d5s 0.181928 119489 75208.5 1070190
7d5h 0.181928 119489 75208.5 1070190
7h5s 0.181928 119489 75208.5 1070190
7d5d 0.181928 119489 75208.5 1070190
7s5s 0.181928 119489 75208.5 1070190
7s5h 0.181928 119489 75208.5 1070190
7h5h 0.181928 119489 75208.5 1070190
7h5d 0.181928 119489 75208.5 1070190
7d4h 0.180482 117806 75343.5 1070190
7s4s 0.180482 117806 75343.5 1070190
7d4d 0.180482 117806 75343.5 1070190
7d4s 0.180482 117806 75343.5 1070190
7s4h 0.180482 117806 75343.5 1070190
7s4d 0.180482 117806 75343.5 1070190
7h4d 0.180482 117806 75343.5 1070190
7h4h 0.180482 117806 75343.5 1070190
7h4s 0.180482 117806 75343.5 1070190
7h3d 0.179287 116528 75343.5 1070190
7s3s 0.179287 116528 75343.5 1070190
7h3h 0.179287 116528 75343.5 1070190
7h3s 0.179287 116528 75343.5 1070190
7s3h 0.179287 116528 75343.5 1070190
7s3d 0.179287 116528 75343.5 1070190
7d3d 0.179287 116528 75343.5 1070190
7d3h 0.179287 116528 75343.5 1070190
7d3s 0.179287 116528 75343.5 1070190
7s2s 0.178093 115250 75343.5 1070190
7s2h 0.178093 115250 75343.5 1070190
7s2d 0.178093 115250 75343.5 1070190
7d2d 0.178093 115250 75343.5 1070190
7d2h 0.178093 115250 75343.5 1070190
7d2s 0.178093 115250 75343.5 1070190
7h2d 0.178093 115250 75343.5 1070190
7h2h 0.178093 115250 75343.5 1070190
7h2s 0.178093 115250 75343.5 1070190
5h4d 0.168056 101957 77895 1070190
5s4s 0.168056 101957 77895 1070190
5s4h 0.168056 101957 77895 1070190
5h4s 0.168056 101957 77895 1070190
5h4h 0.168056 101957 77895 1070190
5d4h 0.168056 101957 77895 1070190
5d4s 0.168056 101957 77895 1070190
5s4d 0.168056 101957 77895 1070190
5d4d 0.168056 101957 77895 1070190
5s3d 0.166862 100679 77895 1070190
5h3s 0.166862 100679 77895 1070190
5h3h 0.166862 100679 77895 1070190
5h3d 0.166862 100679 77895 1070190
5s3h 0.166862 100679 77895 1070190
5s3s 0.166862 100679 77895 1070190
5d3d 0.166862 100679 77895 1070190
5d3h 0.166862 100679 77895 1070190
5d3s 0.166862 100679 77895 1070190
6s5s 0.166126 100715 77071.5 1070190
6d5s 0.166126 100715 77071.5 1070190
6d5h 0.166126 100715 77071.5 1070190
6d5d 0.166126 100715 77071.5 1070190
6h5d 0.166126 100715 77071.5 1070190
6h5h 0.166126 100715 77071.5 1070190
6h5s 0.166126 100715 77071.5 1070190
6s5d 0.166126 100715 77071.5 1070190
6s5h 0.166126 100715 77071.5 1070190
5d2h 0.165668 99401 77895 1070190
5h2s 0.165668 99401 77895 1070190
5h2h 0.165668 99401 77895 1070190
5s2s 0.165668 99401 77895 1070190
5d2d 0.165668 99401 77895 1070190
5d2s 0.165668 99401 77895 1070190
5s2h 0.165668 99401 77895 1070190
5h2d 0.165668 99401 77895 1070190
5s2d 0.165668 99401 77895 1070190
6s4d 0.16468 99032 77206.5 1070190
6d4h 0.16468 99032 77206.5 1070190
6d4s 0.16468 99032 77206.5 1070190
6h4s 0.16468 99032 77206.5 1070190
6d4d 0.16468 99032 77206.5 1070190
6h4h 0.16468 99032 77206.5 1070190
6h4d 0.16468 99032 77206.5 1070190
6s4s 0.16468 99032 77206.5 1070190
6s4h 0.16468 99032 77206.5 1070190
4s3d 0.163498 97079 77895 1070190
4d3d 0.163498 97079 77895 1070190
4d3h 0.163498 97079 77895 1070190
4d3s 0.163498 97079 77895 1070190
4h3d 0.163498 97079 77895 1070190
4h3h 0.163498 97079 77895 1070190
4h3s 0.163498 97079 77895 1070190
4s3h 0.163498 97079 77895 1070190
4s3s 0.163498 97079 77895 1070190
6d3s 0.163485 97754 77206.5 1070190
6d3h 0.163485 97754 77206.5 1070190
6h3d 0.163485 97754 77206.5 1070190
6h3h 0.163485 97754 77206.5 1070190
6d3d 0.163485 97754 77206.5 1070190
6s3d 0.163485 97754 77206.5 1070190
6h3s 0.163485 97754 77206.5 1070190
6s3h 0.163485 97754 77206.5 1070190
6s3s 0.163485 97754 77206.5 1070190
4d2h 0.162304 95801 77895 1070190
4s2s 0.162304 95801 77895 1070190
4s2h 0.162304 95801 77895 1070190
4s2d 0.162304 95801 77895 1070190
4h2s 0.162304 95801 77895 1070190
4h2h 0.162304 95801 77895 1070190
4h2d 0.162304 95801 77895 1070190
4d2s 0.162304 95801 77895 1070190
4d2d 0.162304 95801 77895 1070190
6s2s 0.162291 96476 77206.5 1070190
6s2h 0.162291 96476 77206.5 1070190
6d2s 0.162291 96476 77206.5 1070190
6s2d 0.162291 96476 77206.5 1070190
6h2s 0.162291 96476 77206.5 1070190
6h2h 0.162291 96476 77206.5 1070190
6d2h 0.162291 96476 77206.5 1070190
6h2d 0.162291 96476 77206.5 1070190
6d2d 0.162291 96476 77206.5 1070190
3s2h 0.16111 94523 77895 1070190
3s2s 0.16111 94523 77895 1070190
3h2h 0.16111 94523 77895 1070190
3s2d 0.16111 94523 77895 1070190
3d2d 0.16111 94523 77895 1070190
3d2h 0.16111 94523 77895 1070190
3d2s 0.16111 94523 77895 1070190
3h2s 0.16111 94523 77895 1070190
3h2d 0.16111 94523 77895 1070190
