43o 0.996212 142020 0 142560
A4o 0.871549 86544 6642 106920
A4s 0.869697 28836 2160 35640
55 0.854419 59688 1215 71280
44 0.83649 58734 891 71280
66 0.80947 57078 621 71280
A5o 0.802357 77088 8700 106920
A5s 0.798822 25620 2850 35640
64s 0.797854 37428 486 47520
AA 0.795455 25452 2898 35640
64o 0.784217 110340 1458 142560
22 0.779293 25920 1854 35640
33 0.764773 54000 513 71280
63s 0.719192 33672 504 47520
43s 0.711364 33156 648 47520
77 0.706439 49698 657 71280
KK 0.705303 49536 738 71280
QQ 0.704545 49428 792 71280
JJ 0.703788 49320 846 71280
TT 0.70303 49212 900 71280
99 0.702273 49104 954 71280
88 0.701515 48996 1008 71280
A3o 0.688552 64920 8700 106920
54o 0.678325 94596 2106 142560
65o 0.67197 94176 1620 142560
54s 0.662753 30816 678 47520
65s 0.659975 30840 522 47520
73s 0.652525 30540 468 47520
K3s 0.645328 30036 630 47520
83s 0.645328 30036 630 47520
93s 0.645328 30036 630 47520
Q3s 0.645328 30036 630 47520
T3s 0.645328 30036 630 47520
J3s 0.645328 30036 630 47520
A3s 0.640236 19980 2838 35640
53s 0.577525 26652 792 47520
75o 0.569697 79632 1584 142560
75s 0.56351 26256 522 47520
52o 0.562626 56868 3288 106920
32o 0.561111 56544 3450 106920
Q5o 0.559975 77436 2394 142560
85o 0.559975 77436 2394 142560
J5o 0.559975 77436 2394 142560
95o 0.559975 77436 2394 142560
T5o 0.559975 77436 2394 142560
K5o 0.559975 77436 2394 142560
95s 0.554419 25572 774 47520
J5s 0.554419 25572 774 47520
K5s 0.554419 25572 774 47520
85s 0.554419 25572 774 47520
T5s 0.554419 25572 774 47520
Q5s 0.554419 25572 774 47520
76s 0.527525 24744 324 47520
53o 0.526515 74772 288 142560
86s 0.520328 24240 486 47520
96s 0.520076 24228 486 47520
K6s 0.513005 23892 486 47520
Q6s 0.513005 23892 486 47520
T6s 0.513005 23892 486 47520
J6s 0.513005 23892 486 47520
74s 0.507702 23676 450 47520
84s 0.500505 23172 612 47520
J4s 0.500253 23160 612 47520
94s 0.500253 23160 612 47520
T4s 0.500253 23160 612 47520
Q4s 0.500253 23160 612 47520
K4s 0.500253 23160 612 47520
A2o 0.5 4848 36732 83160
63o 0.458333 65052 288 142560
87s 0.454924 21168 450 47520
97s 0.454672 21156 450 47520
98s 0.451263 20832 612 47520
Q7s 0.447601 20820 450 47520
T7s 0.447601 20820 450 47520
K7s 0.447601 20820 450 47520
J7s 0.447601 20820 450 47520
QTs 0.444192 20496 612 47520
K8s 0.444192 20496 612 47520
Q9s 0.444192 20496 612 47520
JTs 0.444192 20496 612 47520
Q8s 0.444192 20496 612 47520
J9s 0.444192 20496 612 47520
J8s 0.444192 20496 612 47520
T8s 0.444192 20496 612 47520
KTs 0.444192 20496 612 47520
T9s 0.444192 20496 612 47520
KQs 0.444192 20496 612 47520
KJs 0.444192 20496 612 47520
QJs 0.444192 20496 612 47520
K9s 0.444192 20496 612 47520
A2s 0.420707 540 9456 23760
73o 0.37399 53028 288 142560
T3o 0.369949 52452 288 142560
83o 0.369949 52452 288 142560
Q3o 0.369949 52452 288 142560
93o 0.369949 52452 288 142560
J3o 0.369949 52452 288 142560
K3o 0.369949 52452 288 142560
76o 0.366414 51264 972 142560
96o 0.358207 49500 1566 142560
86o 0.358207 49500 1566 142560
74o 0.357702 49572 1422 142560
84o 0.349495 47808 2016 142560
T4o 0.349495 47808 2016 142560
Q4o 0.349495 47808 2016 142560
K4o 0.349495 47808 2016 142560
J4o 0.349495 47808 2016 142560
94o 0.349495 47808 2016 142560
J6o 0.346843 47880 1566 142560
K6o 0.346843 47880 1566 142560
Q6o 0.346843 47880 1566 142560
T6o 0.346843 47880 1566 142560
A6s 0.287205 9876 360 35640
A6o 0.280976 28944 1098 106920
62o 0.268462 25500 3204 106920
42o 0.267901 25116 3528 106920
87o 0.255808 34884 1584 142560
97o 0.255808 34884 1584 142560
98o 0.250126 33264 2394 142560
Q7o 0.244444 33264 1584 142560
J7o 0.244444 33264 1584 142560
T7o 0.244444 33264 1584 142560
K7o 0.244444 33264 1584 142560
K8o 0.238763 31644 2394 142560
QTo 0.238763 31644 2394 142560
KJo 0.238763 31644 2394 142560
K9o 0.238763 31644 2394 142560
QJo 0.238763 31644 2394 142560
KTo 0.238763 31644 2394 142560
T8o 0.238763 31644 2394 142560
KQo 0.238763 31644 2394 142560
T9o 0.238763 31644 2394 142560
Q8o 0.238763 31644 2394 142560
J8o 0.238763 31644 2394 142560
J9o 0.238763 31644 2394 142560
JTo 0.238763 31644 2394 142560
Q9o 0.238763 31644 2394 142560
52s 0.236027 6072 2340 35640
42s 0.236027 6072 2340 35640
62s 0.235354 6048 2340 35640
32s 0.234512 5964 2394 35640
T2s 0.220202 5508 2340 35640
82s 0.220202 5508 2340 35640
J2s 0.220202 5508 2340 35640
72s 0.220202 5508 2340 35640
K2s 0.220202 5508 2340 35640
92s 0.220202 5508 2340 35640
Q2s 0.220202 5508 2340 35640
A7s 0.220202 5100 2748 35640
A8s 0.212795 4572 3012 35640
A9s 0.212795 4572 3012 35640
ATs 0.212795 4572 3012 35640
AJs 0.212795 4572 3012 35640
AQs 0.212795 4572 3012 35640
AKs 0.212795 4572 3012 35640
A7o 0.212458 14328 8388 106920
AJo 0.204882 12708 9198 106920
AQo 0.204882 12708 9198 106920
AKo 0.204882 12708 9198 106920
ATo 0.204882 12708 9198 106920
A9o 0.204882 12708 9198 106920
A8o 0.204882 12708 9198 106920
72o 0.172166 15228 3180 106920
J2o 0.167116 14148 3720 106920
K2o 0.167116 14148 3720 106920
Q2o 0.167116 14148 3720 106920
92o 0.167116 14148 3720 106920
82o 0.167116 14148 3720 106920
T2o 0.167116 14148 3720 106920
