43o 0.993939 141696 0 142560
64s 0.980556 46596 0 47520
64o 0.973232 138744 0 142560
A4s 0.943434 31932 1692 35640
A4o 0.93367 93924 5904 106920
55 0.868687 61488 432 71280
A3s 0.86734 29220 1692 35640
63s 0.863131 41016 0 47520
AA 0.862626 28116 2628 35640
43s 0.842803 39888 162 47520
44 0.819192 58176 216 71280
73s 0.818855 28896 288 35640
32o 0.80846 114444 810 142560
52o 0.808207 114408 810 142560
A5o 0.804209 78084 7902 106920
53s 0.790404 37296 264 47520
A2o 0.787542 75816 8388 106920
65o 0.784343 111816 0 142560
54o 0.777525 110196 648 142560
62o 0.775253 110520 0 142560
83s 0.774874 36660 162 47520
K3s 0.774874 36660 162 47520
T3s 0.774874 36660 162 47520
93s 0.774874 36660 162 47520
Q3s 0.774874 36660 162 47520
J3s 0.774874 36660 162 47520
A5s 0.771886 25020 2490 35640
66 0.770202 54900 0 71280
42o 0.768182 108864 648 142560
65s 0.764646 36336 0 47520
54s 0.76351 36072 210 47520
A8o 0.752862 71136 9360 106920
ATo 0.752862 71136 9360 106920
A9o 0.752862 71136 9360 106920
AKo 0.752862 71136 9360 106920
AQo 0.752862 71136 9360 106920
AJo 0.752862 71136 9360 106920
A9s 0.751684 23724 3066 35640
A8s 0.751684 23724 3066 35640
AKs 0.751684 23724 3066 35640
AQs 0.751684 23724 3066 35640
AJs 0.751684 23724 3066 35640
ATs 0.751684 23724 3066 35640
75o 0.731481 76788 1422 106920
77 0.728451 25488 474 35640
QQ 0.724116 51210 405 71280
JJ 0.724116 51210 405 71280
TT 0.724116 51210 405 71280
99 0.724116 51210 405 71280
88 0.724116 51210 405 71280
KK 0.724116 51210 405 71280
33 0.716162 50940 108 71280
72o 0.710269 74520 1422 106920
75s 0.709259 24828 450 35640
22 0.684343 46728 2052 71280
T5o 0.647601 91512 810 142560
Q5o 0.647601 91512 810 142560
95o 0.647601 91512 810 142560
85o 0.647601 91512 810 142560
K5o 0.647601 91512 810 142560
J5o 0.647601 91512 810 142560
K2o 0.63851 90216 810 142560
92o 0.63851 90216 810 142560
J2o 0.63851 90216 810 142560
82o 0.63851 90216 810 142560
Q2o 0.63851 90216 810 142560
T2o 0.63851 90216 810 142560
95s 0.627273 29544 264 47520
Q5s 0.627273 29544 264 47520
J5s 0.627273 29544 264 47520
K5s 0.627273 29544 264 47520
T5s 0.627273 29544 264 47520
85s 0.627273 29544 264 47520
86s 0.602778 28644 0 47520
96s 0.602525 28632 0 47520
K6s 0.595455 28296 0 47520
J6s 0.595455 28296 0 47520
Q6s 0.595455 28296 0 47520
T6s 0.595455 28296 0 47520
84s 0.582955 27540 162 47520
K4s 0.582702 27528 162 47520
Q4s 0.582702 27528 162 47520
94s 0.582702 27528 162 47520
J4s 0.582702 27528 162 47520
T4s 0.582702 27528 162 47520
A6s 0.544949 19044 378 35640
76s 0.539562 19068 162 35640
A3o 0.529125 31032 25542 106920
98s 0.517045 24408 162 47520
74s 0.513468 18012 288 35640
QTs 0.509975 24072 162 47520
K8s 0.509975 24072 162 47520
Q9s 0.509975 24072 162 47520
JTs 0.509975 24072 162 47520
Q8s 0.509975 24072 162 47520
J9s 0.509975 24072 162 47520
J8s 0.509975 24072 162 47520
T8s 0.509975 24072 162 47520
KTs 0.509975 24072 162 47520
T9s 0.509975 24072 162 47520
KQs 0.509975 24072 162 47520
KJs 0.509975 24072 162 47520
QJs 0.509975 24072 162 47520
K9s 0.509975 24072 162 47520
A2s 0.504545 5724 12258 35640
A7s 0.500253 4320 7566 23760
A7o 0.5 8952 32628 83160
53o 0.470202 66384 648 142560
87s 0.452357 15996 126 35640
97s 0.447475 15660 288 35640
Q7s 0.438047 15324 288 35640
T7s 0.438047 15324 288 35640
K7s 0.438047 15324 288 35640
J7s 0.438047 15324 288 35640
T4o 0.392045 55296 594 142560
94o 0.392045 55296 594 142560
J4o 0.392045 55296 594 142560
K4o 0.392045 55296 594 142560
84o 0.392045 55296 594 142560
Q4o 0.392045 55296 594 142560
86o 0.389141 55476 0 142560
96o 0.389141 55476 0 142560
T6o 0.377778 53856 0 142560
J6o 0.377778 53856 0 142560
Q6o 0.377778 53856 0 142560
K6o 0.377778 53856 0 142560
63o 0.375758 52920 648 142560
A6o 0.309933 31680 1458 106920
76o 0.304882 32004 594 106920
74o 0.296296 30636 1044 106920
52s 0.277525 11892 1296 47520
42s 0.277525 11892 1296 47520
62s 0.276768 11856 1296 47520
32s 0.27601 11748 1368 47520
T2s 0.270707 11568 1296 47520
82s 0.270707 11568 1296 47520
92s 0.270707 11568 1296 47520
K2s 0.270707 11568 1296 47520
Q2s 0.270707 11568 1296 47520
J2s 0.270707 11568 1296 47520
J3o 0.268939 37692 648 142560
T3o 0.268939 37692 648 142560
Q3o 0.268939 37692 648 142560
93o 0.268939 37692 648 142560
K3o 0.268939 37692 648 142560
83o 0.268939 37692 648 142560
98o 0.251136 34992 810 142560
J9o 0.239773 33372 810 142560
T9o 0.239773 33372 810 142560
T8o 0.239773 33372 810 142560
Q8o 0.239773 33372 810 142560
JTo 0.239773 33372 810 142560
Q9o 0.239773 33372 810 142560
K8o 0.239773 33372 810 142560
QTo 0.239773 33372 810 142560
KQo 0.239773 33372 810 142560
KTo 0.239773 33372 810 142560
J8o 0.239773 33372 810 142560
QJo 0.239773 33372 810 142560
KJo 0.239773 33372 810 142560
K9o 0.239773 33372 810 142560
72s 0.215657 5184 2502 35640
87o 0.177385 18360 606 106920
97o 0.169809 16740 1416 106920
73o 0.159933 16344 756 106920
K7o 0.154658 15120 1416 106920
J7o 0.154658 15120 1416 106920
T7o 0.154658 15120 1416 106920
Q7o 0.154658 15120 1416 106920
