43o 0.993939 141696 0 142560
64s 0.941246 31692 1854 35640
64o 0.927441 92664 6498 106920
55 0.868687 61488 432 71280
63s 0.864815 28968 1854 35640
A4s 0.852273 40320 180 47520
A4o 0.849116 120456 594 142560
43s 0.842803 39888 162 47520
J3s 0.823401 29220 126 35640
44 0.819192 58176 216 71280
52o 0.80846 114444 810 142560
32o 0.80846 114444 810 142560
AA 0.805051 56988 396 71280
KK 0.805051 56988 396 71280
QQ 0.805051 56988 396 71280
65o 0.8 76824 8712 106920
66 0.79697 25500 2904 35640
A6s 0.795791 25800 2562 35640
Q6s 0.795791 25800 2562 35640
K6s 0.795791 25800 2562 35640
JJ 0.794444 28116 198 35640
53s 0.790152 37296 252 47520
62o 0.778788 74556 8712 106920
73s 0.778535 36996 0 47520
54o 0.777525 110196 648 142560
A6o 0.777329 74388 8724 106920
K6o 0.777329 74388 8724 106920
Q6o 0.777329 74388 8724 106920
83s 0.775126 36672 162 47520
T3s 0.775126 36672 162 47520
93s 0.775126 36672 162 47520
65s 0.773569 24828 2742 35640
42o 0.768182 108864 648 142560
K4s 0.767677 36300 180 47520
Q4s 0.767677 36300 180 47520
54s 0.759722 35904 198 47520
K4o 0.758207 107496 594 142560
Q4o 0.758207 107496 594 142560
J5o 0.73569 78048 612 106920
77 0.729545 52002 0 71280
TT 0.723864 51192 405 71280
99 0.723864 51192 405 71280
88 0.723864 51192 405 71280
J2o 0.719024 75780 1098 106920
33 0.716162 50940 108 71280
AJo 0.710269 75348 594 106920
KJo 0.710269 75348 594 106920
QJo 0.710269 75348 594 106920
J5s 0.707239 25020 186 35640
AJs 0.698148 24684 198 35640
KJs 0.698148 24684 198 35640
QJs 0.698148 24684 198 35640
22 0.690404 46728 2484 71280
J7s 0.690236 24120 480 35640
J7o 0.690067 72324 1458 106920
JTs 0.68468 23724 678 35640
J8s 0.68468 23724 678 35640
J9s 0.68468 23724 678 35640
J9o 0.684512 71136 2052 106920
J8o 0.684512 71136 2052 106920
JTo 0.684512 71136 2052 106920
A3s 0.681187 32148 222 47520
K3s 0.67702 31884 288 47520
Q3s 0.675631 31752 354 47520
AKs 0.655934 30936 234 47520
AQs 0.655934 30936 234 47520
KQs 0.655934 30936 234 47520
A3o 0.653199 92364 756 142560
A2o 0.653157 91548 1566 142560
75o 0.65303 93096 0 142560
K2o 0.652652 91404 1638 142560
A7s 0.651768 30972 0 47520
Q7s 0.651768 30972 0 47520
K7s 0.651768 30972 0 47520
Q2o 0.650126 90684 1998 142560
K3o 0.648653 91500 972 142560
85o 0.647348 91476 810 142560
95o 0.647348 91476 810 142560
T5o 0.647348 91476 810 142560
Q3o 0.647138 91068 1188 142560
ATs 0.646843 30504 234 47520
A8s 0.646843 30504 234 47520
KTs 0.646843 30504 234 47520
K8s 0.646843 30504 234 47520
K9s 0.646843 30504 234 47520
Q9s 0.646843 30504 234 47520
QTs 0.646843 30504 234 47520
A9s 0.646843 30504 234 47520
Q8s 0.646843 30504 234 47520
A2s 0.645833 30168 522 47520
K2s 0.645328 30120 546 47520
72o 0.643939 91800 0 142560
Q2s 0.642929 29892 660 47520
T2o 0.638258 90180 810 142560
92o 0.638258 90180 810 142560
82o 0.638258 90180 810 142560
KQo 0.634848 89712 792 142560
AQo 0.634848 89712 792 142560
AKo 0.634848 89712 792 142560
75s 0.632323 30048 0 47520
85s 0.62702 29544 252 47520
95s 0.62702 29544 252 47520
T5s 0.62702 29544 252 47520
Q5o 0.622348 87912 810 142560
A5o 0.622348 87912 810 142560
K5o 0.622348 87912 810 142560
Q7o 0.622222 88704 0 142560
A7o 0.622222 88704 0 142560
K7o 0.622222 88704 0 142560
KTo 0.616667 87120 792 142560
A8o 0.616667 87120 792 142560
A9o 0.616667 87120 792 142560
Q8o 0.616667 87120 792 142560
ATo 0.616667 87120 792 142560
K9o 0.616667 87120 792 142560
Q9o 0.616667 87120 792 142560
K8o 0.616667 87120 792 142560
QTo 0.616667 87120 792 142560
A5s 0.615152 28968 264 47520
Q5s 0.615152 28968 264 47520
K5s 0.615152 28968 264 47520
74s 0.579798 27552 0 47520
84s 0.576389 27228 162 47520
T4s 0.576136 27216 162 47520
94s 0.576136 27216 162 47520
76s 0.539562 19068 162 35640
J4s 0.528283 18324 504 35640
87s 0.520455 24732 0 47520
97s 0.520202 24720 0 47520
98s 0.516793 24396 162 47520
T7s 0.513131 24384 0 47520
T8s 0.509722 24060 162 47520
T9s 0.509722 24060 162 47520
J2s 0.504545 5184 12798 35640
J6s 0.500505 4320 7572 23760
J6o 0.5 8940 32640 83160
86s 0.496633 16008 1692 35640
96s 0.491751 15672 1854 35640
53o 0.482323 66384 2376 142560
T6s 0.482323 15336 1854 35640
J3o 0.460606 17604 31644 106920
74o 0.386869 55152 0 142560
T4o 0.382702 53964 594 142560
94o 0.382702 53964 594 142560
84o 0.382702 53964 594 142560
63o 0.32138 29772 4590 106920
J4o 0.316162 31896 1908 106920
76o 0.313356 32856 648 106920
42s 0.306313 11892 2664 47520
52s 0.306313 11892 2664 47520
32s 0.304798 11748 2736 47520
72s 0.299495 11568 2664 47520
T2s 0.299495 11568 2664 47520
92s 0.299495 11568 2664 47520
82s 0.299495 11568 2664 47520
83o 0.286869 37656 3240 142560
93o 0.286869 37656 3240 142560
73o 0.286869 37656 3240 142560
T3o 0.286869 37656 3240 142560
62s 0.259596 5724 3528 35640
87o 0.256566 36576 0 142560
97o 0.256566 36576 0 142560
98o 0.250884 34956 810 142560
86o 0.245398 18324 7914 106920
T7o 0.245202 34956 0 142560
T9o 0.23952 33336 810 142560
T8o 0.23952 33336 810 142560
96o 0.237823 16704 8724 106920
T6o 0.222671 15084 8724 106920
