43o 0.965657 45888 0 47520
55 0.956566 22368 360 23760
64o 0.905177 42816 198 47520
64s 0.900631 14200 66 15840
K3s 0.874747 10296 96 11880
Q3s 0.874747 10296 96 11880
52o 0.871717 40788 636 47520
32o 0.871717 40788 636 47520
QQ 0.866667 10116 180 11880
K5o 0.857912 30048 528 35640
Q5o 0.857912 30048 528 35640
K2o 0.841246 29292 690 35640
Q2o 0.8367 29292 528 35640
43s 0.803283 12592 132 15840
63s 0.782955 12336 66 15840
73s 0.758712 11952 66 15840
93s 0.754545 11820 132 15840
T3s 0.754545 11820 132 15840
J3s 0.754545 11820 132 15840
83s 0.754545 11820 132 15840
54o 0.74596 34920 528 47520
42o 0.737374 34512 528 47520
44 0.731061 17190 180 23760
65o 0.729798 34416 264 47520
62o 0.721465 34020 264 47520
A4s 0.721212 11328 96 15840
66 0.713384 16860 90 23760
53s 0.711616 11116 156 15840
75o 0.707197 33288 318 47520
85o 0.700505 32652 636 47520
J5o 0.700505 32652 636 47520
T5o 0.700505 32652 636 47520
95o 0.700505 32652 636 47520
72o 0.698864 32892 318 47520
92o 0.692172 32256 636 47520
82o 0.692172 32256 636 47520
T2o 0.692172 32256 636 47520
J2o 0.692172 32256 636 47520
77 0.689015 16212 159 23760
22 0.686364 15576 732 23760
JJ 0.682323 15894 318 23760
TT 0.682323 15894 318 23760
99 0.682323 15894 318 23760
88 0.682323 15894 318 23760
33 0.658333 15606 36 23760
A4o 0.656187 30900 282 47520
AA 0.655303 15408 162 23760
KK 0.627273 7344 108 11880
K4s 0.617172 7116 216 11880
Q4s 0.607071 7116 96 11880
54s 0.583586 9124 120 15840
74s 0.582955 9168 66 15840
84s 0.578788 9036 132 15840
T4s 0.578535 9032 132 15840
94s 0.578535 9032 132 15840
J4s 0.578535 9032 132 15840
A3s 0.573864 9000 90 15840
A5s 0.570833 8904 138 15840
65s 0.568939 8952 60 15840
A5o 0.568813 26592 438 47520
A7s 0.567045 8928 54 15840
A6s 0.567045 8928 54 15840
ATs 0.562879 8796 120 15840
A8s 0.562879 8796 120 15840
A9s 0.562879 8796 120 15840
AJs 0.562879 8796 120 15840
AQo 0.561953 19740 288 35640
AKo 0.561953 19740 288 35640
A2s 0.559848 8676 192 15840
A2o 0.555808 25800 612 47520
AKs 0.549495 6444 84 11880
AQs 0.549495 6444 84 11880
75s 0.549369 8624 78 15840
J5s 0.544444 8468 156 15840
85s 0.544444 8468 156 15840
T5s 0.544444 8468 156 15840
95s 0.544444 8468 156 15840
Q5s 0.544444 6372 96 11880
K5s 0.544444 6372 96 11880
K6s 0.543434 6288 168 11880
Q6s 0.533333 6288 48 11880
76s 0.522727 8280 0 15840
86s 0.518561 8148 66 15840
96s 0.518308 8144 66 15840
J6s 0.509722 8008 66 15840
T6s 0.509722 8008 66 15840
A3o 0.501768 23520 324 47520
KQs 0.5 2430 3510 11880
KQo 0.499495 4296 7572 23760
A6o 0.490278 23136 162 47520
A7o 0.490025 23124 162 47520
A9o 0.48548 22692 378 47520
A8o 0.48548 22692 378 47520
ATo 0.48548 22692 378 47520
AJo 0.48548 22692 378 47520
K7s 0.473737 5460 168 11880
KTs 0.469697 5364 216 11880
KJs 0.469697 5364 216 11880
K9s 0.469697 5364 216 11880
K8s 0.469697 5364 216 11880
53o 0.467172 21984 216 47520
Q7s 0.463636 5460 48 11880
QTs 0.459596 5364 96 11880
QJs 0.459596 5364 96 11880
Q9s 0.459596 5364 96 11880
Q8s 0.459596 5364 96 11880
74o 0.456187 21444 234 47520
87s 0.453914 7124 66 15840
97s 0.453662 7120 66 15840
J4o 0.451263 20976 468 47520
84o 0.451263 20976 468 47520
94o 0.451263 20976 468 47520
T4o 0.451263 20976 468 47520
98s 0.449495 6988 132 15840
J7s 0.445076 6984 66 15840
T7s 0.445076 6984 66 15840
K4o 0.443771 14940 876 35640
T8s 0.440909 6852 132 15840
T9s 0.440909 6852 132 15840
J9s 0.440909 6852 132 15840
JTs 0.440909 6852 132 15840
J8s 0.440909 6852 132 15840
Q4o 0.430303 14940 396 35640
76o 0.362374 17220 0 47520
63o 0.360354 16644 480 47520
96o 0.357449 16752 234 47520
86o 0.357449 16752 234 47520
J6o 0.344066 16116 234 47520
T6o 0.344066 16116 234 47520
K6o 0.31532 10560 678 35640
Q6o 0.301852 10560 198 35640
K2s 0.29596 1728 1788 11880
52s 0.285859 4064 464 15840
42s 0.285859 4064 464 15840
32s 0.284343 4016 488 15840
62s 0.271212 3832 464 15840
K3o 0.269192 6492 3102 35640
93o 0.261364 11940 480 47520
J3o 0.261364 11940 480 47520
T3o 0.261364 11940 480 47520
83o 0.261364 11940 480 47520
73o 0.261364 11940 480 47520
87o 0.256944 11892 318 47520
97o 0.256944 11892 318 47520
T2s 0.256566 3600 464 15840
72s 0.256566 3600 464 15840
J2s 0.256566 3600 464 15840
92s 0.256566 3600 464 15840
82s 0.256566 3600 464 15840
98o 0.250253 11256 636 47520
T7o 0.243561 11256 318 47520
J7o 0.243561 11256 318 47520
T8o 0.236869 10620 636 47520
J9o 0.236869 10620 636 47520
J8o 0.236869 10620 636 47520
T9o 0.236869 10620 636 47520
JTo 0.236869 10620 636 47520
Q2s 0.217677 1728 858 11880
Q3o 0.199158 6492 606 35640
K7o 0.194276 6180 744 35640
K9o 0.186869 5652 1008 35640
KTo 0.186869 5652 1008 35640
KJo 0.186869 5652 1008 35640
K8o 0.186869 5652 1008 35640
Q7o 0.180808 6180 264 35640
Q8o 0.173401 5652 528 35640
QTo 0.173401 5652 528 35640
Q9o 0.173401 5652 528 35640
QJo 0.173401 5652 528 35640
