43o 0.965657 45888 0 47520
55 0.94899 22368 180 23760
64o 0.90101 42816 0 47520
64s 0.896212 14196 0 15840
73s 0.874747 10296 96 11880
T3s 0.870707 10296 48 11880
77 0.866667 10116 180 11880
32o 0.865025 40788 318 47520
52o 0.864773 40776 318 47520
75o 0.857912 30048 528 35640
T5o 0.850505 30048 264 35640
72o 0.8367 29292 528 35640
T2o 0.833838 29292 426 35640
43s 0.799116 12592 66 15840
63s 0.778788 12336 0 15840
99 0.775631 18270 159 23760
88 0.775631 18270 159 23760
93s 0.750379 11820 66 15840
83s 0.750379 11820 66 15840
54o 0.740152 34908 264 47520
42o 0.731818 34512 264 47520
44 0.727273 17190 90 23760
65o 0.724242 34416 0 47520
A4s 0.717803 11328 42 15840
62o 0.715909 34020 0 47520
66 0.709596 16860 0 23760
53s 0.706692 11116 78 15840
85o 0.693813 32652 318 47520
95o 0.693813 32652 318 47520
22 0.692424 15576 876 23760
82o 0.68548 32256 318 47520
92o 0.68548 32256 318 47520
33 0.658333 15606 36 23760
A4o 0.652778 30900 120 47520
AA 0.650758 15408 54 23760
QQ 0.648485 15300 108 23760
JJ 0.648485 15300 108 23760
KK 0.648485 15300 108 23760
TT 0.622727 7344 54 11880
T4s 0.613131 7116 168 11880
74s 0.607071 7116 96 11880
84s 0.581187 9140 66 15840
94s 0.581187 9140 66 15840
54s 0.579798 9124 60 15840
K4s 0.576894 9084 54 15840
J4s 0.576894 9084 54 15840
Q4s 0.576894 9084 54 15840
A3s 0.572727 9000 72 15840
AKs 0.572348 9012 54 15840
AQs 0.572348 9012 54 15840
AJs 0.572348 9012 54 15840
A5s 0.565909 8904 60 15840
A9s 0.56553 8904 54 15840
A8s 0.56553 8904 54 15840
65s 0.565152 8952 0 15840
A5o 0.563636 26592 192 47520
Q6s 0.563636 8928 0 15840
K6s 0.563636 8928 0 15840
J6s 0.563636 8928 0 15840
A6s 0.563636 8928 0 15840
A7o 0.561953 19740 288 35640
ATo 0.557407 19740 126 35640
A2s 0.556818 8676 144 15840
KJs 0.554924 8724 66 15840
KQs 0.554924 8724 66 15840
QJs 0.554924 8724 66 15840
K3s 0.55303 8640 120 15840
A2o 0.552399 25800 450 47520
Q7o 0.551852 19344 324 35640
K7o 0.551852 19344 324 35640
J7o 0.551852 19344 324 35640
Q3s 0.55 8544 168 15840
A7s 0.549495 6444 84 11880
J8s 0.548106 8616 66 15840
K8s 0.548106 8616 66 15840
J9s 0.548106 8616 66 15840
Q8s 0.548106 8616 66 15840
Q9s 0.548106 8616 66 15840
K9s 0.548106 8616 66 15840
JTo 0.547306 19344 162 35640
QTo 0.547306 19344 162 35640
KTo 0.547306 19344 162 35640
J3s 0.54697 8448 216 15840
J5s 0.546591 8580 78 15840
K5s 0.546591 8580 78 15840
Q5s 0.546591 8580 78 15840
ATs 0.545455 6444 36 11880
75s 0.544444 6372 96 11880
K2s 0.543434 8444 164 15840
Q5o 0.543308 25572 246 47520
J5o 0.543308 25572 246 47520
K5o 0.543308 25572 246 47520
76s 0.541414 6384 48 11880
Q2s 0.541035 8368 202 15840
Q7s 0.540404 6324 96 11880
J7s 0.540404 6324 96 11880
T5s 0.540404 6372 48 11880
K7s 0.540404 6324 96 11880
95s 0.53952 8468 78 15840
85s 0.53952 8468 78 15840
T6s 0.539394 6288 120 11880
K2o 0.5375 25032 510 47520
J2s 0.536742 8232 270 15840
JTs 0.536364 6324 48 11880
KTs 0.536364 6324 48 11880
QTs 0.536364 6324 48 11880
Q2o 0.535101 24804 624 47520
J2o 0.530808 24396 828 47520
T9o 0.527273 18252 540 35640
T8o 0.527273 18252 540 35640
T8s 0.526263 6084 168 11880
T9s 0.526263 6084 168 11880
96s 0.519192 8224 0 15840
86s 0.519192 8224 0 15840
J4o 0.501894 23688 162 47520
K4o 0.501894 23688 162 47520
Q4o 0.501894 23688 162 47520
AKo 0.501641 23676 162 47520
AQo 0.501641 23676 162 47520
AJo 0.501641 23676 162 47520
T7s 0.5 2430 3510 11880
T7o 0.499495 4296 7572 23760
A3o 0.498359 23520 162 47520
A8o 0.487753 23016 162 47520
A9o 0.487753 23016 162 47520
A6o 0.486869 23136 0 47520
J6o 0.486869 23136 0 47520
K6o 0.486869 23136 0 47520
Q6o 0.486869 23136 0 47520
53o 0.483838 21984 1008 47520
KQo 0.482323 22704 216 47520
QJo 0.482323 22704 216 47520
KJo 0.482323 22704 216 47520
K3o 0.477904 22440 270 47520
Q3o 0.476768 22332 324 47520
J3o 0.475631 22224 378 47520
T2s 0.472727 1728 3888 11880
87s 0.471717 5556 48 11880
J9o 0.468434 22044 216 47520
Q8o 0.468434 22044 216 47520
K9o 0.468434 22044 216 47520
Q9o 0.468434 22044 216 47520
J8o 0.468434 22044 216 47520
K8o 0.468434 22044 216 47520
97s 0.467677 5460 96 11880
98s 0.457197 7176 66 15840
94o 0.455429 21408 234 47520
84o 0.455429 21408 234 47520
T4o 0.438215 14940 678 35640
74o 0.430303 14940 396 35640
T3o 0.420707 6492 8502 35640
63o 0.37702 16644 1272 47520
96o 0.358838 17052 0 47520
86o 0.358838 17052 0 47520
52s 0.335101 4064 1244 15840
42s 0.335101 4064 1244 15840
32s 0.333586 4016 1268 15840
62s 0.320455 3832 1244 15840
76o 0.316667 11088 198 35640
92s 0.314899 3744 1244 15840
82s 0.314899 3744 1244 15840
T6o 0.309764 10560 480 35640
93o 0.287121 12372 1272 47520
83o 0.287121 12372 1272 47520
72s 0.266162 1728 1434 11880
98o 0.257449 11916 318 47520
73o 0.228956 6492 1668 35640
87o 0.176263 6048 234 35640
97o 0.169697 5580 468 35640
